true_label,meta_K15,meta_ratio_0,meta_ratio_1,meta_ratio_2,meta_ratio_3,meta_ratio_4,meta_ratio_5,meta_ratio_6,meta_ratio_7,meta_ratio_8
1,0,0.94189495,0.0,0.05810502,0.0,0.0,0.0,0.0,0.0,0.0
1,0,0.94189495,0.0,0.05810502,0.0,0.0,0.0,0.0,0.0,0.0
1,0,0.94189495,0.0,0.05810502,0.0,0.0,0.0,0.0,0.0,0.0
1,0,0.94189495,0.0,0.05810502,0.0,0.0,0.0,0.0,0.0,0.0
1,0,0.94189495,0.0,0.05810502,0.0,0.0,0.0,0.0,0.0,0.0
1,0,0.94189495,0.0,0.05810502,0.0,0.0,0.0,0.0,0.0,0.0
1,0,0.94189495,0.0,0.05810502,0.0,0.0,0.0,0.0,0.0,0.0
1,0,0.94189495,0.0,0.05810502,0.0,0.0,0.0,0.0,0.0,0.0
1,0,0.94189495,0.0,0.05810502,0.0,0.0,0.0,0.0,0.0,0.0
1,0,0.94189495,0.0,0.05810502,0.0,0.0,0.0,0.0,0.0,0.0
1,0,0.94189495,0.0,0.05810502,0.0,0.0,0.0,0.0,0.0,0.0
1,0,0.94189495,0.0,0.05810502,0.0,0.0,0.0,0.0,0.0,0.0
1,0,0.94189495,0.0,0.05810502,0.0,0.0,0.0,0.0,0.0,0.0
1,0,0.94189495,0.0,0.05810502,0.0,0.0,0.0,0.0,0.0,0.0
1,0,0.94189495,0.0,0.05810502,0.0,0.0,0.0,0.0,0.0,0.0
1,0,0.94189495,0.0,0.05810502,0.0,0.0,0.0,0.0,0.0,0.0
1,0,0.94189495,0.0,0.05810502,0.0,0.0,0.0,0.0,0.0,0.0
1,0,0.94189495,0.0,0.05810502,0.0,0.0,0.0,0.0,0.0,0.0
1,0,0.94189495,0.0,0.05810502,0.0,0.0,0.0,0.0,0.0,0.0
1,0,0.94189495,0.0,0.05810502,0.0,0.0,0.0,0.0,0.0,0.0
1,0,0.94189495,0.0,0.05810502,0.0,0.0,0.0,0.0,0.0,0.0
1,0,0.94189495,0.0,0.05810502,0.0,0.0,0.0,0.0,0.0,0.0
1,0,0.94189495,0.0,0.05810502,0.0,0.0,0.0,0.0,0.0,0.0
1,0,0.94189495,0.0,0.05810502,0.0,0.0,0.0,0.0,0.0,0.0
1,0,0.94189495,0.0,0.05810502,0.0,0.0,0.0,0.0,0.0,0.0
1,0,0.94189495,0.0,0.05810502,0.0,0.0,0.0,0.0,0.0,0.0
1,0,0.94189495,0.0,0.05810502,0.0,0.0,0.0,0.0,0.0,0.0
1,0,0.94189495,0.0,0.05810502,0.0,0.0,0.0,0.0,0.0,0.0
1,0,0.94189495,0.0,0.05810502,0.0,0.0,0.0,0.0,0.0,0.0
1,0,0.94189495,0.0,0.05810502,0.0,0.0,0.0,0.0,0.0,0.0
1,0,0.94189495,0.0,0.05810502,0.0,0.0,0.0,0.0,0.0,0.0
1,0,0.94189495,0.0,0.05810502,0.0,0.0,0.0,0.0,0.0,0.0
1,0,0.94189495,0.0,0.05810502,0.0,0.0,0.0,0.0,0.0,0.0
1,0,0.94189495,0.0,0.05810502,0.0,0.0,0.0,0.0,0.0,0.0
1,0,0.94189495,0.0,0.05810502,0.0,0.0,0.0,0.0,0.0,0.0
1,0,0.94189495,0.0,0.05810502,0.0,0.0,0.0,0.0,0.0,0.0
1,0,0.94189495,0.0,0.05810502,0.0,0.0,0.0,0.0,0.0,0.0
1,0,0.94189495,0.0,0.05810502,0.0,0.0,0.0,0.0,0.0,0.0
1,0,0.94189495,0.0,0.05810502,0.0,0.0,0.0,0.0,0.0,0.0
1,0,0.94189495,0.0,0.05810502,0.0,0.0,0.0,0.0,0.0,0.0
1,0,0.94189495,0.0,0.05810502,0.0,0.0,0.0,0.0,0.0,0.0
1,0,0.94189495,0.0,0.05810502,0.0,0.0,0.0,0.0,0.0,0.0
1,0,0.94189495,0.0,0.05810502,0.0,0.0,0.0,0.0,0.0,0.0
1,0,0.94189495,0.0,0.05810502,0.0,0.0,0.0,0.0,0.0,0.0
1,0,0.94189495,0.0,0.05810502,0.0,0.0,0.0,0.0,0.0,0.0
1,0,0.94189495,0.0,0.05810502,0.0,0.0,0.0,0.0,0.0,0.0
1,0,0.94189495,0.0,0.05810502,0.0,0.0,0.0,0.0,0.0,0.0
1,0,0.94189495,0.0,0.05810502,0.0,0.0,0.0,0.0,0.0,0.0
1,0,0.94189495,0.0,0.05810502,0.0,0.0,0.0,0.0,0.0,0.0
1,0,0.94189495,0.0,0.05810502,0.0,0.0,0.0,0.0,0.0,0.0
1,0,0.94189495,0.0,0.05810502,0.0,0.0,0.0,0.0,0.0,0.0
1,0,0.94189495,0.0,0.05810502,0.0,0.0,0.0,0.0,0.0,0.0
1,0,0.94189495,0.0,0.05810502,0.0,0.0,0.0,0.0,0.0,0.0
1,0,0.94189495,0.0,0.05810502,0.0,0.0,0.0,0.0,0.0,0.0
1,0,0.94189495,0.0,0.05810502,0.0,0.0,0.0,0.0,0.0,0.0
1,0,0.94189495,0.0,0.05810502,0.0,0.0,0.0,0.0,0.0,0.0
1,0,0.94189495,0.0,0.05810502,0.0,0.0,0.0,0.0,0.0,0.0
1,0,0.94189495,0.0,0.05810502,0.0,0.0,0.0,0.0,0.0,0.0
1,0,0.94189495,0.0,0.05810502,0.0,0.0,0.0,0.0,0.0,0.0
1,0,0.94189495,0.0,0.05810502,0.0,0.0,0.0,0.0,0.0,0.0
1,0,0.94189495,0.0,0.05810502,0.0,0.0,0.0,0.0,0.0,0.0
1,0,0.94189495,0.0,0.05810502,0.0,0.0,0.0,0.0,0.0,0.0
1,0,0.94189495,0.0,0.05810502,0.0,0.0,0.0,0.0,0.0,0.0
1,0,0.94189495,0.0,0.05810502,0.0,0.0,0.0,0.0,0.0,0.0
1,0,0.94189495,0.0,0.05810502,0.0,0.0,0.0,0.0,0.0,0.0
1,0,0.94189495,0.0,0.05810502,0.0,0.0,0.0,0.0,0.0,0.0
1,0,0.94189495,0.0,0.05810502,0.0,0.0,0.0,0.0,0.0,0.0
1,0,0.94189495,0.0,0.05810502,0.0,0.0,0.0,0.0,0.0,0.0
1,0,0.94189495,0.0,0.05810502,0.0,0.0,0.0,0.0,0.0,0.0
1,0,0.94189495,0.0,0.05810502,0.0,0.0,0.0,0.0,0.0,0.0
1,0,0.94189495,0.0,0.05810502,0.0,0.0,0.0,0.0,0.0,0.0
1,0,0.94189495,0.0,0.05810502,0.0,0.0,0.0,0.0,0.0,0.0
1,0,0.94189495,0.0,0.05810502,0.0,0.0,0.0,0.0,0.0,0.0
1,0,0.94189495,0.0,0.05810502,0.0,0.0,0.0,0.0,0.0,0.0
1,0,0.94189495,0.0,0.05810502,0.0,0.0,0.0,0.0,0.0,0.0
1,0,0.94189495,0.0,0.05810502,0.0,0.0,0.0,0.0,0.0,0.0
1,0,0.94189495,0.0,0.05810502,0.0,0.0,0.0,0.0,0.0,0.0
1,0,0.94189495,0.0,0.05810502,0.0,0.0,0.0,0.0,0.0,0.0
1,0,0.94189495,0.0,0.05810502,0.0,0.0,0.0,0.0,0.0,0.0
1,0,0.94189495,0.0,0.05810502,0.0,0.0,0.0,0.0,0.0,0.0
1,0,0.94189495,0.0,0.05810502,0.0,0.0,0.0,0.0,0.0,0.0
1,0,0.94189495,0.0,0.05810502,0.0,0.0,0.0,0.0,0.0,0.0
1,0,0.94189495,0.0,0.05810502,0.0,0.0,0.0,0.0,0.0,0.0
1,0,0.94189495,0.0,0.05810502,0.0,0.0,0.0,0.0,0.0,0.0
1,0,0.94189495,0.0,0.05810502,0.0,0.0,0.0,0.0,0.0,0.0
1,0,0.94189495,0.0,0.05810502,0.0,0.0,0.0,0.0,0.0,0.0
1,0,0.94189495,0.0,0.05810502,0.0,0.0,0.0,0.0,0.0,0.0
1,0,0.94189495,0.0,0.05810502,0.0,0.0,0.0,0.0,0.0,0.0
1,0,0.94189495,0.0,0.05810502,0.0,0.0,0.0,0.0,0.0,0.0
1,0,0.94189495,0.0,0.05810502,0.0,0.0,0.0,0.0,0.0,0.0
1,0,0.94189495,0.0,0.05810502,0.0,0.0,0.0,0.0,0.0,0.0
1,0,0.94189495,0.0,0.05810502,0.0,0.0,0.0,0.0,0.0,0.0
1,0,0.94189495,0.0,0.05810502,0.0,0.0,0.0,0.0,0.0,0.0
1,0,0.94189495,0.0,0.05810502,0.0,0.0,0.0,0.0,0.0,0.0
1,0,0.94189495,0.0,0.05810502,0.0,0.0,0.0,0.0,0.0,0.0
1,0,0.94189495,0.0,0.05810502,0.0,0.0,0.0,0.0,0.0,0.0
1,0,0.94189495,0.0,0.05810502,0.0,0.0,0.0,0.0,0.0,0.0
1,0,0.94189495,0.0,0.05810502,0.0,0.0,0.0,0.0,0.0,0.0
1,0,0.94189495,0.0,0.05810502,0.0,0.0,0.0,0.0,0.0,0.0
1,0,0.94189495,0.0,0.05810502,0.0,0.0,0.0,0.0,0.0,0.0
1,0,0.94189495,0.0,0.05810502,0.0,0.0,0.0,0.0,0.0,0.0
1,0,0.94189495,0.0,0.05810502,0.0,0.0,0.0,0.0,0.0,0.0
1,0,0.94189495,0.0,0.05810502,0.0,0.0,0.0,0.0,0.0,0.0
1,0,0.94189495,0.0,0.05810502,0.0,0.0,0.0,0.0,0.0,0.0
1,0,0.94189495,0.0,0.05810502,0.0,0.0,0.0,0.0,0.0,0.0
1,0,0.94189495,0.0,0.05810502,0.0,0.0,0.0,0.0,0.0,0.0
1,0,0.94189495,0.0,0.05810502,0.0,0.0,0.0,0.0,0.0,0.0
1,0,0.94189495,0.0,0.05810502,0.0,0.0,0.0,0.0,0.0,0.0
1,0,0.94189495,0.0,0.05810502,0.0,0.0,0.0,0.0,0.0,0.0
1,0,0.94189495,0.0,0.05810502,0.0,0.0,0.0,0.0,0.0,0.0
1,0,0.94189495,0.0,0.05810502,0.0,0.0,0.0,0.0,0.0,0.0
1,0,0.94189495,0.0,0.05810502,0.0,0.0,0.0,0.0,0.0,0.0
1,0,0.94189495,0.0,0.05810502,0.0,0.0,0.0,0.0,0.0,0.0
1,0,0.94189495,0.0,0.05810502,0.0,0.0,0.0,0.0,0.0,0.0
1,0,0.94189495,0.0,0.05810502,0.0,0.0,0.0,0.0,0.0,0.0
1,0,0.94189495,0.0,0.05810502,0.0,0.0,0.0,0.0,0.0,0.0
1,0,0.94189495,0.0,0.05810502,0.0,0.0,0.0,0.0,0.0,0.0
1,0,0.94189495,0.0,0.05810502,0.0,0.0,0.0,0.0,0.0,0.0
1,0,0.94189495,0.0,0.05810502,0.0,0.0,0.0,0.0,0.0,0.0
1,0,0.94189495,0.0,0.05810502,0.0,0.0,0.0,0.0,0.0,0.0
1,0,0.94189495,0.0,0.05810502,0.0,0.0,0.0,0.0,0.0,0.0
1,0,0.94189495,0.0,0.05810502,0.0,0.0,0.0,0.0,0.0,0.0
1,0,0.94189495,0.0,0.05810502,0.0,0.0,0.0,0.0,0.0,0.0
1,0,0.94189495,0.0,0.05810502,0.0,0.0,0.0,0.0,0.0,0.0
1,0,0.94189495,0.0,0.05810502,0.0,0.0,0.0,0.0,0.0,0.0
1,0,0.94189495,0.0,0.05810502,0.0,0.0,0.0,0.0,0.0,0.0
1,0,0.94189495,0.0,0.05810502,0.0,0.0,0.0,0.0,0.0,0.0
1,0,0.94189495,0.0,0.05810502,0.0,0.0,0.0,0.0,0.0,0.0
1,0,0.94189495,0.0,0.05810502,0.0,0.0,0.0,0.0,0.0,0.0
1,0,0.94189495,0.0,0.05810502,0.0,0.0,0.0,0.0,0.0,0.0
1,0,0.94189495,0.0,0.05810502,0.0,0.0,0.0,0.0,0.0,0.0
1,0,0.94189495,0.0,0.05810502,0.0,0.0,0.0,0.0,0.0,0.0
1,0,0.94189495,0.0,0.05810502,0.0,0.0,0.0,0.0,0.0,0.0
1,0,0.94189495,0.0,0.05810502,0.0,0.0,0.0,0.0,0.0,0.0
1,0,0.94189495,0.0,0.05810502,0.0,0.0,0.0,0.0,0.0,0.0
1,0,0.94189495,0.0,0.05810502,0.0,0.0,0.0,0.0,0.0,0.0
1,0,0.94189495,0.0,0.05810502,0.0,0.0,0.0,0.0,0.0,0.0
1,0,0.94189495,0.0,0.05810502,0.0,0.0,0.0,0.0,0.0,0.0
1,0,0.94189495,0.0,0.05810502,0.0,0.0,0.0,0.0,0.0,0.0
1,0,0.94189495,0.0,0.05810502,0.0,0.0,0.0,0.0,0.0,0.0
1,0,0.94189495,0.0,0.05810502,0.0,0.0,0.0,0.0,0.0,0.0
1,0,0.94189495,0.0,0.05810502,0.0,0.0,0.0,0.0,0.0,0.0
1,0,0.94189495,0.0,0.05810502,0.0,0.0,0.0,0.0,0.0,0.0
1,0,0.94189495,0.0,0.05810502,0.0,0.0,0.0,0.0,0.0,0.0
1,0,0.94189495,0.0,0.05810502,0.0,0.0,0.0,0.0,0.0,0.0
1,0,0.94189495,0.0,0.05810502,0.0,0.0,0.0,0.0,0.0,0.0
1,0,0.94189495,0.0,0.05810502,0.0,0.0,0.0,0.0,0.0,0.0
1,0,0.94189495,0.0,0.05810502,0.0,0.0,0.0,0.0,0.0,0.0
1,0,0.94189495,0.0,0.05810502,0.0,0.0,0.0,0.0,0.0,0.0
1,0,0.94189495,0.0,0.05810502,0.0,0.0,0.0,0.0,0.0,0.0
1,0,0.94189495,0.0,0.05810502,0.0,0.0,0.0,0.0,0.0,0.0
1,0,0.94189495,0.0,0.05810502,0.0,0.0,0.0,0.0,0.0,0.0
1,0,0.94189495,0.0,0.05810502,0.0,0.0,0.0,0.0,0.0,0.0
1,0,0.94189495,0.0,0.05810502,0.0,0.0,0.0,0.0,0.0,0.0
1,0,0.94189495,0.0,0.05810502,0.0,0.0,0.0,0.0,0.0,0.0
1,0,0.94189495,0.0,0.05810502,0.0,0.0,0.0,0.0,0.0,0.0
1,0,0.94189495,0.0,0.05810502,0.0,0.0,0.0,0.0,0.0,0.0
1,0,0.94189495,0.0,0.05810502,0.0,0.0,0.0,0.0,0.0,0.0
1,0,0.94189495,0.0,0.05810502,0.0,0.0,0.0,0.0,0.0,0.0
1,0,0.94189495,0.0,0.05810502,0.0,0.0,0.0,0.0,0.0,0.0
1,0,0.94189495,0.0,0.05810502,0.0,0.0,0.0,0.0,0.0,0.0
1,0,0.94189495,0.0,0.05810502,0.0,0.0,0.0,0.0,0.0,0.0
1,0,0.94189495,0.0,0.05810502,0.0,0.0,0.0,0.0,0.0,0.0
1,0,0.94189495,0.0,0.05810502,0.0,0.0,0.0,0.0,0.0,0.0
1,0,0.94189495,0.0,0.05810502,0.0,0.0,0.0,0.0,0.0,0.0
1,0,0.94189495,0.0,0.05810502,0.0,0.0,0.0,0.0,0.0,0.0
1,0,0.94189495,0.0,0.05810502,0.0,0.0,0.0,0.0,0.0,0.0
1,0,0.94189495,0.0,0.05810502,0.0,0.0,0.0,0.0,0.0,0.0
1,0,0.94189495,0.0,0.05810502,0.0,0.0,0.0,0.0,0.0,0.0
1,0,0.94189495,0.0,0.05810502,0.0,0.0,0.0,0.0,0.0,0.0
1,0,0.94189495,0.0,0.05810502,0.0,0.0,0.0,0.0,0.0,0.0
1,0,0.94189495,0.0,0.05810502,0.0,0.0,0.0,0.0,0.0,0.0
1,0,0.94189495,0.0,0.05810502,0.0,0.0,0.0,0.0,0.0,0.0
1,0,0.94189495,0.0,0.05810502,0.0,0.0,0.0,0.0,0.0,0.0
1,0,0.94189495,0.0,0.05810502,0.0,0.0,0.0,0.0,0.0,0.0
1,0,0.94189495,0.0,0.05810502,0.0,0.0,0.0,0.0,0.0,0.0
1,0,0.94189495,0.0,0.05810502,0.0,0.0,0.0,0.0,0.0,0.0
1,0,0.94189495,0.0,0.05810502,0.0,0.0,0.0,0.0,0.0,0.0
1,0,0.94189495,0.0,0.05810502,0.0,0.0,0.0,0.0,0.0,0.0
1,0,0.94189495,0.0,0.05810502,0.0,0.0,0.0,0.0,0.0,0.0
1,0,0.94189495,0.0,0.05810502,0.0,0.0,0.0,0.0,0.0,0.0
1,0,0.94189495,0.0,0.05810502,0.0,0.0,0.0,0.0,0.0,0.0
1,0,0.94189495,0.0,0.05810502,0.0,0.0,0.0,0.0,0.0,0.0
1,0,0.94189495,0.0,0.05810502,0.0,0.0,0.0,0.0,0.0,0.0
1,0,0.94189495,0.0,0.05810502,0.0,0.0,0.0,0.0,0.0,0.0
1,0,0.94189495,0.0,0.05810502,0.0,0.0,0.0,0.0,0.0,0.0
1,0,0.94189495,0.0,0.05810502,0.0,0.0,0.0,0.0,0.0,0.0
1,0,0.94189495,0.0,0.05810502,0.0,0.0,0.0,0.0,0.0,0.0
1,0,0.94189495,0.0,0.05810502,0.0,0.0,0.0,0.0,0.0,0.0
1,0,0.94189495,0.0,0.05810502,0.0,0.0,0.0,0.0,0.0,0.0
1,0,0.94189495,0.0,0.05810502,0.0,0.0,0.0,0.0,0.0,0.0
1,0,0.94189495,0.0,0.05810502,0.0,0.0,0.0,0.0,0.0,0.0
1,0,0.94189495,0.0,0.05810502,0.0,0.0,0.0,0.0,0.0,0.0
1,0,0.94189495,0.0,0.05810502,0.0,0.0,0.0,0.0,0.0,0.0
1,0,0.94189495,0.0,0.05810502,0.0,0.0,0.0,0.0,0.0,0.0
1,0,0.94189495,0.0,0.05810502,0.0,0.0,0.0,0.0,0.0,0.0
1,0,0.94189495,0.0,0.05810502,0.0,0.0,0.0,0.0,0.0,0.0
1,0,0.94189495,0.0,0.05810502,0.0,0.0,0.0,0.0,0.0,0.0
1,0,0.94189495,0.0,0.05810502,0.0,0.0,0.0,0.0,0.0,0.0
1,0,0.94189495,0.0,0.05810502,0.0,0.0,0.0,0.0,0.0,0.0
1,0,0.94189495,0.0,0.05810502,0.0,0.0,0.0,0.0,0.0,0.0
1,0,0.94189495,0.0,0.05810502,0.0,0.0,0.0,0.0,0.0,0.0
1,0,0.94189495,0.0,0.05810502,0.0,0.0,0.0,0.0,0.0,0.0
1,0,0.94189495,0.0,0.05810502,0.0,0.0,0.0,0.0,0.0,0.0
1,0,0.94189495,0.0,0.05810502,0.0,0.0,0.0,0.0,0.0,0.0
1,0,0.94189495,0.0,0.05810502,0.0,0.0,0.0,0.0,0.0,0.0
1,0,0.94189495,0.0,0.05810502,0.0,0.0,0.0,0.0,0.0,0.0
1,0,0.94189495,0.0,0.05810502,0.0,0.0,0.0,0.0,0.0,0.0
1,0,0.94189495,0.0,0.05810502,0.0,0.0,0.0,0.0,0.0,0.0
1,0,0.94189495,0.0,0.05810502,0.0,0.0,0.0,0.0,0.0,0.0
1,0,0.94189495,0.0,0.05810502,0.0,0.0,0.0,0.0,0.0,0.0
1,0,0.94189495,0.0,0.05810502,0.0,0.0,0.0,0.0,0.0,0.0
1,0,0.94189495,0.0,0.05810502,0.0,0.0,0.0,0.0,0.0,0.0
1,0,0.94189495,0.0,0.05810502,0.0,0.0,0.0,0.0,0.0,0.0
1,0,0.94189495,0.0,0.05810502,0.0,0.0,0.0,0.0,0.0,0.0
1,0,0.94189495,0.0,0.05810502,0.0,0.0,0.0,0.0,0.0,0.0
1,0,0.94189495,0.0,0.05810502,0.0,0.0,0.0,0.0,0.0,0.0
1,0,0.94189495,0.0,0.05810502,0.0,0.0,0.0,0.0,0.0,0.0
1,0,0.94189495,0.0,0.05810502,0.0,0.0,0.0,0.0,0.0,0.0
1,0,0.94189495,0.0,0.05810502,0.0,0.0,0.0,0.0,0.0,0.0
1,0,0.94189495,0.0,0.05810502,0.0,0.0,0.0,0.0,0.0,0.0
1,0,0.94189495,0.0,0.05810502,0.0,0.0,0.0,0.0,0.0,0.0
1,0,0.94189495,0.0,0.05810502,0.0,0.0,0.0,0.0,0.0,0.0
1,0,0.94189495,0.0,0.05810502,0.0,0.0,0.0,0.0,0.0,0.0
1,0,0.94189495,0.0,0.05810502,0.0,0.0,0.0,0.0,0.0,0.0
1,0,0.94189495,0.0,0.05810502,0.0,0.0,0.0,0.0,0.0,0.0
1,0,0.94189495,0.0,0.05810502,0.0,0.0,0.0,0.0,0.0,0.0
1,0,0.94189495,0.0,0.05810502,0.0,0.0,0.0,0.0,0.0,0.0
1,0,0.94189495,0.0,0.05810502,0.0,0.0,0.0,0.0,0.0,0.0
1,0,0.94189495,0.0,0.05810502,0.0,0.0,0.0,0.0,0.0,0.0
1,0,0.94189495,0.0,0.05810502,0.0,0.0,0.0,0.0,0.0,0.0
1,0,0.94189495,0.0,0.05810502,0.0,0.0,0.0,0.0,0.0,0.0
1,0,0.94189495,0.0,0.05810502,0.0,0.0,0.0,0.0,0.0,0.0
1,0,0.94189495,0.0,0.05810502,0.0,0.0,0.0,0.0,0.0,0.0
1,0,0.94189495,0.0,0.05810502,0.0,0.0,0.0,0.0,0.0,0.0
1,0,0.94189495,0.0,0.05810502,0.0,0.0,0.0,0.0,0.0,0.0
1,0,0.94189495,0.0,0.05810502,0.0,0.0,0.0,0.0,0.0,0.0
1,0,0.94189495,0.0,0.05810502,0.0,0.0,0.0,0.0,0.0,0.0
1,0,0.94189495,0.0,0.05810502,0.0,0.0,0.0,0.0,0.0,0.0
1,0,0.94189495,0.0,0.05810502,0.0,0.0,0.0,0.0,0.0,0.0
1,0,0.94189495,0.0,0.05810502,0.0,0.0,0.0,0.0,0.0,0.0
1,0,0.94189495,0.0,0.05810502,0.0,0.0,0.0,0.0,0.0,0.0
1,0,0.94189495,0.0,0.05810502,0.0,0.0,0.0,0.0,0.0,0.0
1,0,0.94189495,0.0,0.05810502,0.0,0.0,0.0,0.0,0.0,0.0
1,0,0.94189495,0.0,0.05810502,0.0,0.0,0.0,0.0,0.0,0.0
1,0,0.94189495,0.0,0.05810502,0.0,0.0,0.0,0.0,0.0,0.0
1,0,0.94189495,0.0,0.05810502,0.0,0.0,0.0,0.0,0.0,0.0
1,0,0.94189495,0.0,0.05810502,0.0,0.0,0.0,0.0,0.0,0.0
1,0,0.94189495,0.0,0.05810502,0.0,0.0,0.0,0.0,0.0,0.0
1,0,0.94189495,0.0,0.05810502,0.0,0.0,0.0,0.0,0.0,0.0
1,0,0.94189495,0.0,0.05810502,0.0,0.0,0.0,0.0,0.0,0.0
1,0,0.94189495,0.0,0.05810502,0.0,0.0,0.0,0.0,0.0,0.0
1,0,0.94189495,0.0,0.05810502,0.0,0.0,0.0,0.0,0.0,0.0
1,0,0.94189495,0.0,0.05810502,0.0,0.0,0.0,0.0,0.0,0.0
1,0,0.94189495,0.0,0.05810502,0.0,0.0,0.0,0.0,0.0,0.0
1,0,0.94189495,0.0,0.05810502,0.0,0.0,0.0,0.0,0.0,0.0
1,0,1.0,0.0,0.0,0.0,0.0,0.0,0.0,0.0,0.0
1,0,1.0,0.0,0.0,0.0,0.0,0.0,0.0,0.0,0.0
1,0,1.0,0.0,0.0,0.0,0.0,0.0,0.0,0.0,0.0
1,0,1.0,0.0,0.0,0.0,0.0,0.0,0.0,0.0,0.0
1,0,1.0,0.0,0.0,0.0,0.0,0.0,0.0,0.0,0.0
1,0,1.0,0.0,0.0,0.0,0.0,0.0,0.0,0.0,0.0
1,0,1.0,0.0,0.0,0.0,0.0,0.0,0.0,0.0,0.0
1,0,1.0,0.0,0.0,0.0,0.0,0.0,0.0,0.0,0.0
1,0,1.0,0.0,0.0,0.0,0.0,0.0,0.0,0.0,0.0
1,0,1.0,0.0,0.0,0.0,0.0,0.0,0.0,0.0,0.0
1,0,1.0,0.0,0.0,0.0,0.0,0.0,0.0,0.0,0.0
1,0,1.0,0.0,0.0,0.0,0.0,0.0,0.0,0.0,0.0
1,0,1.0,0.0,0.0,0.0,0.0,0.0,0.0,0.0,0.0
1,0,1.0,0.0,0.0,0.0,0.0,0.0,0.0,0.0,0.0
1,0,1.0,0.0,0.0,0.0,0.0,0.0,0.0,0.0,0.0
1,0,1.0,0.0,0.0,0.0,0.0,0.0,0.0,0.0,0.0
1,0,1.0,0.0,0.0,0.0,0.0,0.0,0.0,0.0,0.0
1,0,1.0,0.0,0.0,0.0,0.0,0.0,0.0,0.0,0.0
1,0,1.0,0.0,0.0,0.0,0.0,0.0,0.0,0.0,0.0
1,0,1.0,0.0,0.0,0.0,0.0,0.0,0.0,0.0,0.0
1,0,1.0,0.0,0.0,0.0,0.0,0.0,0.0,0.0,0.0
1,0,1.0,0.0,0.0,0.0,0.0,0.0,0.0,0.0,0.0
1,0,1.0,0.0,0.0,0.0,0.0,0.0,0.0,0.0,0.0
1,0,1.0,0.0,0.0,0.0,0.0,0.0,0.0,0.0,0.0
1,0,1.0,0.0,0.0,0.0,0.0,0.0,0.0,0.0,0.0
1,0,1.0,0.0,0.0,0.0,0.0,0.0,0.0,0.0,0.0
1,0,1.0,0.0,0.0,0.0,0.0,0.0,0.0,0.0,0.0
1,0,1.0,0.0,0.0,0.0,0.0,0.0,0.0,0.0,0.0
1,0,1.0,0.0,0.0,0.0,0.0,0.0,0.0,0.0,0.0
1,0,1.0,0.0,0.0,0.0,0.0,0.0,0.0,0.0,0.0
1,0,1.0,0.0,0.0,0.0,0.0,0.0,0.0,0.0,0.0
1,0,1.0,0.0,0.0,0.0,0.0,0.0,0.0,0.0,0.0
1,0,1.0,0.0,0.0,0.0,0.0,0.0,0.0,0.0,0.0
1,0,1.0,0.0,0.0,0.0,0.0,0.0,0.0,0.0,0.0
1,0,1.0,0.0,0.0,0.0,0.0,0.0,0.0,0.0,0.0
1,0,1.0,0.0,0.0,0.0,0.0,0.0,0.0,0.0,0.0
1,0,1.0,0.0,0.0,0.0,0.0,0.0,0.0,0.0,0.0
1,0,1.0,0.0,0.0,0.0,0.0,0.0,0.0,0.0,0.0
1,0,1.0,0.0,0.0,0.0,0.0,0.0,0.0,0.0,0.0
1,0,1.0,0.0,0.0,0.0,0.0,0.0,0.0,0.0,0.0
1,0,1.0,0.0,0.0,0.0,0.0,0.0,0.0,0.0,0.0
1,0,1.0,0.0,0.0,0.0,0.0,0.0,0.0,0.0,0.0
1,0,1.0,0.0,0.0,0.0,0.0,0.0,0.0,0.0,0.0
1,0,1.0,0.0,0.0,0.0,0.0,0.0,0.0,0.0,0.0
1,0,1.0,0.0,0.0,0.0,0.0,0.0,0.0,0.0,0.0
1,0,1.0,0.0,0.0,0.0,0.0,0.0,0.0,0.0,0.0
1,0,1.0,0.0,0.0,0.0,0.0,0.0,0.0,0.0,0.0
1,0,1.0,0.0,0.0,0.0,0.0,0.0,0.0,0.0,0.0
1,0,1.0,0.0,0.0,0.0,0.0,0.0,0.0,0.0,0.0
1,0,1.0,0.0,0.0,0.0,0.0,0.0,0.0,0.0,0.0
1,0,1.0,0.0,0.0,0.0,0.0,0.0,0.0,0.0,0.0
1,0,1.0,0.0,0.0,0.0,0.0,0.0,0.0,0.0,0.0
1,0,1.0,0.0,0.0,0.0,0.0,0.0,0.0,0.0,0.0
1,0,1.0,0.0,0.0,0.0,0.0,0.0,0.0,0.0,0.0
1,0,1.0,0.0,0.0,0.0,0.0,0.0,0.0,0.0,0.0
1,0,1.0,0.0,0.0,0.0,0.0,0.0,0.0,0.0,0.0
1,0,1.0,0.0,0.0,0.0,0.0,0.0,0.0,0.0,0.0
1,0,1.0,0.0,0.0,0.0,0.0,0.0,0.0,0.0,0.0
1,0,1.0,0.0,0.0,0.0,0.0,0.0,0.0,0.0,0.0
1,0,1.0,0.0,0.0,0.0,0.0,0.0,0.0,0.0,0.0
1,0,1.0,0.0,0.0,0.0,0.0,0.0,0.0,0.0,0.0
1,0,1.0,0.0,0.0,0.0,0.0,0.0,0.0,0.0,0.0
1,0,1.0,0.0,0.0,0.0,0.0,0.0,0.0,0.0,0.0
1,0,1.0,0.0,0.0,0.0,0.0,0.0,0.0,0.0,0.0
1,0,1.0,0.0,0.0,0.0,0.0,0.0,0.0,0.0,0.0
1,0,1.0,0.0,0.0,0.0,0.0,0.0,0.0,0.0,0.0
1,0,1.0,0.0,0.0,0.0,0.0,0.0,0.0,0.0,0.0
1,0,1.0,0.0,0.0,0.0,0.0,0.0,0.0,0.0,0.0
1,0,1.0,0.0,0.0,0.0,0.0,0.0,0.0,0.0,0.0
1,0,1.0,0.0,0.0,0.0,0.0,0.0,0.0,0.0,0.0
1,0,1.0,0.0,0.0,0.0,0.0,0.0,0.0,0.0,0.0
1,0,1.0,0.0,0.0,0.0,0.0,0.0,0.0,0.0,0.0
1,0,1.0,0.0,0.0,0.0,0.0,0.0,0.0,0.0,0.0
1,0,1.0,0.0,0.0,0.0,0.0,0.0,0.0,0.0,0.0
1,0,1.0,0.0,0.0,0.0,0.0,0.0,0.0,0.0,0.0
1,0,1.0,0.0,0.0,0.0,0.0,0.0,0.0,0.0,0.0
1,0,1.0,0.0,0.0,0.0,0.0,0.0,0.0,0.0,0.0
1,0,1.0,0.0,0.0,0.0,0.0,0.0,0.0,0.0,0.0
1,0,1.0,0.0,0.0,0.0,0.0,0.0,0.0,0.0,0.0
1,0,1.0,0.0,0.0,0.0,0.0,0.0,0.0,0.0,0.0
1,0,1.0,0.0,0.0,0.0,0.0,0.0,0.0,0.0,0.0
1,0,1.0,0.0,0.0,0.0,0.0,0.0,0.0,0.0,0.0
1,0,1.0,0.0,0.0,0.0,0.0,0.0,0.0,0.0,0.0
1,0,1.0,0.0,0.0,0.0,0.0,0.0,0.0,0.0,0.0
1,0,1.0,0.0,0.0,0.0,0.0,0.0,0.0,0.0,0.0
1,0,1.0,0.0,0.0,0.0,0.0,0.0,0.0,0.0,0.0
1,0,1.0,0.0,0.0,0.0,0.0,0.0,0.0,0.0,0.0
1,0,1.0,0.0,0.0,0.0,0.0,0.0,0.0,0.0,0.0
1,0,1.0,0.0,0.0,0.0,0.0,0.0,0.0,0.0,0.0
1,0,1.0,0.0,0.0,0.0,0.0,0.0,0.0,0.0,0.0
1,0,1.0,0.0,0.0,0.0,0.0,0.0,0.0,0.0,0.0
1,0,1.0,0.0,0.0,0.0,0.0,0.0,0.0,0.0,0.0
1,0,1.0,0.0,0.0,0.0,0.0,0.0,0.0,0.0,0.0
1,0,1.0,0.0,0.0,0.0,0.0,0.0,0.0,0.0,0.0
1,0,1.0,0.0,0.0,0.0,0.0,0.0,0.0,0.0,0.0
1,0,1.0,0.0,0.0,0.0,0.0,0.0,0.0,0.0,0.0
1,0,1.0,0.0,0.0,0.0,0.0,0.0,0.0,0.0,0.0
1,0,1.0,0.0,0.0,0.0,0.0,0.0,0.0,0.0,0.0
1,0,1.0,0.0,0.0,0.0,0.0,0.0,0.0,0.0,0.0
1,0,1.0,0.0,0.0,0.0,0.0,0.0,0.0,0.0,0.0
1,0,1.0,0.0,0.0,0.0,0.0,0.0,0.0,0.0,0.0
1,0,1.0,0.0,0.0,0.0,0.0,0.0,0.0,0.0,0.0
1,0,1.0,0.0,0.0,0.0,0.0,0.0,0.0,0.0,0.0
1,0,1.0,0.0,0.0,0.0,0.0,0.0,0.0,0.0,0.0
1,0,1.0,0.0,0.0,0.0,0.0,0.0,0.0,0.0,0.0
1,0,1.0,0.0,0.0,0.0,0.0,0.0,0.0,0.0,0.0
1,0,1.0,0.0,0.0,0.0,0.0,0.0,0.0,0.0,0.0
1,0,1.0,0.0,0.0,0.0,0.0,0.0,0.0,0.0,0.0
1,0,1.0,0.0,0.0,0.0,0.0,0.0,0.0,0.0,0.0
1,0,1.0,0.0,0.0,0.0,0.0,0.0,0.0,0.0,0.0
1,0,1.0,0.0,0.0,0.0,0.0,0.0,0.0,0.0,0.0
1,0,1.0,0.0,0.0,0.0,0.0,0.0,0.0,0.0,0.0
1,0,1.0,0.0,0.0,0.0,0.0,0.0,0.0,0.0,0.0
1,0,1.0,0.0,0.0,0.0,0.0,0.0,0.0,0.0,0.0
1,0,1.0,0.0,0.0,0.0,0.0,0.0,0.0,0.0,0.0
1,0,1.0,0.0,0.0,0.0,0.0,0.0,0.0,0.0,0.0
1,0,1.0,0.0,0.0,0.0,0.0,0.0,0.0,0.0,0.0
1,0,1.0,0.0,0.0,0.0,0.0,0.0,0.0,0.0,0.0
1,0,1.0,0.0,0.0,0.0,0.0,0.0,0.0,0.0,0.0
1,0,1.0,0.0,0.0,0.0,0.0,0.0,0.0,0.0,0.0
1,0,1.0,0.0,0.0,0.0,0.0,0.0,0.0,0.0,0.0
1,0,1.0,0.0,0.0,0.0,0.0,0.0,0.0,0.0,0.0
1,0,1.0,0.0,0.0,0.0,0.0,0.0,0.0,0.0,0.0
1,0,1.0,0.0,0.0,0.0,0.0,0.0,0.0,0.0,0.0
1,0,1.0,0.0,0.0,0.0,0.0,0.0,0.0,0.0,0.0
1,0,1.0,0.0,0.0,0.0,0.0,0.0,0.0,0.0,0.0
1,0,1.0,0.0,0.0,0.0,0.0,0.0,0.0,0.0,0.0
1,0,1.0,0.0,0.0,0.0,0.0,0.0,0.0,0.0,0.0
1,0,1.0,0.0,0.0,0.0,0.0,0.0,0.0,0.0,0.0
1,0,1.0,0.0,0.0,0.0,0.0,0.0,0.0,0.0,0.0
1,0,1.0,0.0,0.0,0.0,0.0,0.0,0.0,0.0,0.0
1,0,1.0,0.0,0.0,0.0,0.0,0.0,0.0,0.0,0.0
1,0,1.0,0.0,0.0,0.0,0.0,0.0,0.0,0.0,0.0
1,0,1.0,0.0,0.0,0.0,0.0,0.0,0.0,0.0,0.0
1,0,1.0,0.0,0.0,0.0,0.0,0.0,0.0,0.0,0.0
1,0,1.0,0.0,0.0,0.0,0.0,0.0,0.0,0.0,0.0
1,0,1.0,0.0,0.0,0.0,0.0,0.0,0.0,0.0,0.0
1,0,1.0,0.0,0.0,0.0,0.0,0.0,0.0,0.0,0.0
1,0,1.0,0.0,0.0,0.0,0.0,0.0,0.0,0.0,0.0
1,0,1.0,0.0,0.0,0.0,0.0,0.0,0.0,0.0,0.0
1,0,1.0,0.0,0.0,0.0,0.0,0.0,0.0,0.0,0.0
1,0,1.0,0.0,0.0,0.0,0.0,0.0,0.0,0.0,0.0
1,0,1.0,0.0,0.0,0.0,0.0,0.0,0.0,0.0,0.0
1,0,1.0,0.0,0.0,0.0,0.0,0.0,0.0,0.0,0.0
1,0,1.0,0.0,0.0,0.0,0.0,0.0,0.0,0.0,0.0
1,0,1.0,0.0,0.0,0.0,0.0,0.0,0.0,0.0,0.0
1,0,1.0,0.0,0.0,0.0,0.0,0.0,0.0,0.0,0.0
1,0,1.0,0.0,0.0,0.0,0.0,0.0,0.0,0.0,0.0
1,0,1.0,0.0,0.0,0.0,0.0,0.0,0.0,0.0,0.0
1,0,1.0,0.0,0.0,0.0,0.0,0.0,0.0,0.0,0.0
1,0,1.0,0.0,0.0,0.0,0.0,0.0,0.0,0.0,0.0
1,0,1.0,0.0,0.0,0.0,0.0,0.0,0.0,0.0,0.0
1,0,1.0,0.0,0.0,0.0,0.0,0.0,0.0,0.0,0.0
1,0,1.0,0.0,0.0,0.0,0.0,0.0,0.0,0.0,0.0
1,0,1.0,0.0,0.0,0.0,0.0,0.0,0.0,0.0,0.0
1,0,1.0,0.0,0.0,0.0,0.0,0.0,0.0,0.0,0.0
1,0,1.0,0.0,0.0,0.0,0.0,0.0,0.0,0.0,0.0
1,0,1.0,0.0,0.0,0.0,0.0,0.0,0.0,0.0,0.0
1,0,1.0,0.0,0.0,0.0,0.0,0.0,0.0,0.0,0.0
1,0,1.0,0.0,0.0,0.0,0.0,0.0,0.0,0.0,0.0
1,0,1.0,0.0,0.0,0.0,0.0,0.0,0.0,0.0,0.0
1,0,1.0,0.0,0.0,0.0,0.0,0.0,0.0,0.0,0.0
1,0,1.0,0.0,0.0,0.0,0.0,0.0,0.0,0.0,0.0
1,0,1.0,0.0,0.0,0.0,0.0,0.0,0.0,0.0,0.0
1,0,1.0,0.0,0.0,0.0,0.0,0.0,0.0,0.0,0.0
1,0,1.0,0.0,0.0,0.0,0.0,0.0,0.0,0.0,0.0
1,0,1.0,0.0,0.0,0.0,0.0,0.0,0.0,0.0,0.0
1,0,1.0,0.0,0.0,0.0,0.0,0.0,0.0,0.0,0.0
1,0,1.0,0.0,0.0,0.0,0.0,0.0,0.0,0.0,0.0
1,0,1.0,0.0,0.0,0.0,0.0,0.0,0.0,0.0,0.0
1,0,1.0,0.0,0.0,0.0,0.0,0.0,0.0,0.0,0.0
1,0,1.0,0.0,0.0,0.0,0.0,0.0,0.0,0.0,0.0
1,0,1.0,0.0,0.0,0.0,0.0,0.0,0.0,0.0,0.0
1,0,1.0,0.0,0.0,0.0,0.0,0.0,0.0,0.0,0.0
1,0,1.0,0.0,0.0,0.0,0.0,0.0,0.0,0.0,0.0
1,0,1.0,0.0,0.0,0.0,0.0,0.0,0.0,0.0,0.0
1,0,1.0,0.0,0.0,0.0,0.0,0.0,0.0,0.0,0.0
1,0,1.0,0.0,0.0,0.0,0.0,0.0,0.0,0.0,0.0
1,0,1.0,0.0,0.0,0.0,0.0,0.0,0.0,0.0,0.0
1,0,1.0,0.0,0.0,0.0,0.0,0.0,0.0,0.0,0.0
1,0,1.0,0.0,0.0,0.0,0.0,0.0,0.0,0.0,0.0
1,0,1.0,0.0,0.0,0.0,0.0,0.0,0.0,0.0,0.0
1,0,1.0,0.0,0.0,0.0,0.0,0.0,0.0,0.0,0.0
1,0,1.0,0.0,0.0,0.0,0.0,0.0,0.0,0.0,0.0
1,0,1.0,0.0,0.0,0.0,0.0,0.0,0.0,0.0,0.0
1,0,1.0,0.0,0.0,0.0,0.0,0.0,0.0,0.0,0.0
1,0,1.0,0.0,0.0,0.0,0.0,0.0,0.0,0.0,0.0
1,0,1.0,0.0,0.0,0.0,0.0,0.0,0.0,0.0,0.0
1,0,1.0,0.0,0.0,0.0,0.0,0.0,0.0,0.0,0.0
1,0,1.0,0.0,0.0,0.0,0.0,0.0,0.0,0.0,0.0
1,0,1.0,0.0,0.0,0.0,0.0,0.0,0.0,0.0,0.0
1,0,1.0,0.0,0.0,0.0,0.0,0.0,0.0,0.0,0.0
1,0,1.0,0.0,0.0,0.0,0.0,0.0,0.0,0.0,0.0
1,0,1.0,0.0,0.0,0.0,0.0,0.0,0.0,0.0,0.0
1,0,1.0,0.0,0.0,0.0,0.0,0.0,0.0,0.0,0.0
1,0,1.0,0.0,0.0,0.0,0.0,0.0,0.0,0.0,0.0
1,0,1.0,0.0,0.0,0.0,0.0,0.0,0.0,0.0,0.0
1,0,1.0,0.0,0.0,0.0,0.0,0.0,0.0,0.0,0.0
1,0,1.0,0.0,0.0,0.0,0.0,0.0,0.0,0.0,0.0
1,0,1.0,0.0,0.0,0.0,0.0,0.0,0.0,0.0,0.0
1,0,1.0,0.0,0.0,0.0,0.0,0.0,0.0,0.0,0.0
1,0,1.0,0.0,0.0,0.0,0.0,0.0,0.0,0.0,0.0
1,0,1.0,0.0,0.0,0.0,0.0,0.0,0.0,0.0,0.0
1,0,1.0,0.0,0.0,0.0,0.0,0.0,0.0,0.0,0.0
1,0,1.0,0.0,0.0,0.0,0.0,0.0,0.0,0.0,0.0
1,0,1.0,0.0,0.0,0.0,0.0,0.0,0.0,0.0,0.0
1,0,1.0,0.0,0.0,0.0,0.0,0.0,0.0,0.0,0.0
1,0,1.0,0.0,0.0,0.0,0.0,0.0,0.0,0.0,0.0
1,0,1.0,0.0,0.0,0.0,0.0,0.0,0.0,0.0,0.0
1,0,1.0,0.0,0.0,0.0,0.0,0.0,0.0,0.0,0.0
1,0,1.0,0.0,0.0,0.0,0.0,0.0,0.0,0.0,0.0
1,0,1.0,0.0,0.0,0.0,0.0,0.0,0.0,0.0,0.0
1,0,1.0,0.0,0.0,0.0,0.0,0.0,0.0,0.0,0.0
1,0,1.0,0.0,0.0,0.0,0.0,0.0,0.0,0.0,0.0
1,0,1.0,0.0,0.0,0.0,0.0,0.0,0.0,0.0,0.0
1,0,1.0,0.0,0.0,0.0,0.0,0.0,0.0,0.0,0.0
1,0,1.0,0.0,0.0,0.0,0.0,0.0,0.0,0.0,0.0
1,0,1.0,0.0,0.0,0.0,0.0,0.0,0.0,0.0,0.0
1,0,1.0,0.0,0.0,0.0,0.0,0.0,0.0,0.0,0.0
1,0,1.0,0.0,0.0,0.0,0.0,0.0,0.0,0.0,0.0
1,0,1.0,0.0,0.0,0.0,0.0,0.0,0.0,0.0,0.0
1,0,1.0,0.0,0.0,0.0,0.0,0.0,0.0,0.0,0.0
1,0,1.0,0.0,0.0,0.0,0.0,0.0,0.0,0.0,0.0
1,0,1.0,0.0,0.0,0.0,0.0,0.0,0.0,0.0,0.0
1,0,1.0,0.0,0.0,0.0,0.0,0.0,0.0,0.0,0.0
1,0,1.0,0.0,0.0,0.0,0.0,0.0,0.0,0.0,0.0
1,0,1.0,0.0,0.0,0.0,0.0,0.0,0.0,0.0,0.0
1,0,1.0,0.0,0.0,0.0,0.0,0.0,0.0,0.0,0.0
1,0,1.0,0.0,0.0,0.0,0.0,0.0,0.0,0.0,0.0
1,0,1.0,0.0,0.0,0.0,0.0,0.0,0.0,0.0,0.0
1,0,1.0,0.0,0.0,0.0,0.0,0.0,0.0,0.0,0.0
1,0,1.0,0.0,0.0,0.0,0.0,0.0,0.0,0.0,0.0
1,0,1.0,0.0,0.0,0.0,0.0,0.0,0.0,0.0,0.0
1,0,1.0,0.0,0.0,0.0,0.0,0.0,0.0,0.0,0.0
1,0,1.0,0.0,0.0,0.0,0.0,0.0,0.0,0.0,0.0
1,0,1.0,0.0,0.0,0.0,0.0,0.0,0.0,0.0,0.0
1,0,1.0,0.0,0.0,0.0,0.0,0.0,0.0,0.0,0.0
1,0,1.0,0.0,0.0,0.0,0.0,0.0,0.0,0.0,0.0
1,0,1.0,0.0,0.0,0.0,0.0,0.0,0.0,0.0,0.0
1,0,1.0,0.0,0.0,0.0,0.0,0.0,0.0,0.0,0.0
1,0,1.0,0.0,0.0,0.0,0.0,0.0,0.0,0.0,0.0
1,0,1.0,0.0,0.0,0.0,0.0,0.0,0.0,0.0,0.0
1,0,1.0,0.0,0.0,0.0,0.0,0.0,0.0,0.0,0.0
1,0,1.0,0.0,0.0,0.0,0.0,0.0,0.0,0.0,0.0
1,0,1.0,0.0,0.0,0.0,0.0,0.0,0.0,0.0,0.0
1,0,1.0,0.0,0.0,0.0,0.0,0.0,0.0,0.0,0.0
1,0,1.0,0.0,0.0,0.0,0.0,0.0,0.0,0.0,0.0
1,0,1.0,0.0,0.0,0.0,0.0,0.0,0.0,0.0,0.0
1,0,1.0,0.0,0.0,0.0,0.0,0.0,0.0,0.0,0.0
1,0,1.0,0.0,0.0,0.0,0.0,0.0,0.0,0.0,0.0
1,0,1.0,0.0,0.0,0.0,0.0,0.0,0.0,0.0,0.0
1,0,1.0,0.0,0.0,0.0,0.0,0.0,0.0,0.0,0.0
1,0,1.0,0.0,0.0,0.0,0.0,0.0,0.0,0.0,0.0
1,0,1.0,0.0,0.0,0.0,0.0,0.0,0.0,0.0,0.0
1,0,1.0,0.0,0.0,0.0,0.0,0.0,0.0,0.0,0.0
1,0,1.0,0.0,0.0,0.0,0.0,0.0,0.0,0.0,0.0
1,0,1.0,0.0,0.0,0.0,0.0,0.0,0.0,0.0,0.0
1,0,1.0,0.0,0.0,0.0,0.0,0.0,0.0,0.0,0.0
1,0,1.0,0.0,0.0,0.0,0.0,0.0,0.0,0.0,0.0
1,0,1.0,0.0,0.0,0.0,0.0,0.0,0.0,0.0,0.0
1,0,1.0,0.0,0.0,0.0,0.0,0.0,0.0,0.0,0.0
1,0,1.0,0.0,0.0,0.0,0.0,0.0,0.0,0.0,0.0
1,0,1.0,0.0,0.0,0.0,0.0,0.0,0.0,0.0,0.0
1,0,1.0,0.0,0.0,0.0,0.0,0.0,0.0,0.0,0.0
1,0,1.0,0.0,0.0,0.0,0.0,0.0,0.0,0.0,0.0
1,0,1.0,0.0,0.0,0.0,0.0,0.0,0.0,0.0,0.0
1,0,1.0,0.0,0.0,0.0,0.0,0.0,0.0,0.0,0.0
1,0,1.0,0.0,0.0,0.0,0.0,0.0,0.0,0.0,0.0
1,0,1.0,0.0,0.0,0.0,0.0,0.0,0.0,0.0,0.0
1,0,1.0,0.0,0.0,0.0,0.0,0.0,0.0,0.0,0.0
1,0,1.0,0.0,0.0,0.0,0.0,0.0,0.0,0.0,0.0
1,0,1.0,0.0,0.0,0.0,0.0,0.0,0.0,0.0,0.0
1,0,1.0,0.0,0.0,0.0,0.0,0.0,0.0,0.0,0.0
1,0,1.0,0.0,0.0,0.0,0.0,0.0,0.0,0.0,0.0
1,0,1.0,0.0,0.0,0.0,0.0,0.0,0.0,0.0,0.0
1,0,1.0,0.0,0.0,0.0,0.0,0.0,0.0,0.0,0.0
1,0,1.0,0.0,0.0,0.0,0.0,0.0,0.0,0.0,0.0
1,0,1.0,0.0,0.0,0.0,0.0,0.0,0.0,0.0,0.0
1,0,1.0,0.0,0.0,0.0,0.0,0.0,0.0,0.0,0.0
1,0,1.0,0.0,0.0,0.0,0.0,0.0,0.0,0.0,0.0
1,0,1.0,0.0,0.0,0.0,0.0,0.0,0.0,0.0,0.0
1,0,1.0,0.0,0.0,0.0,0.0,0.0,0.0,0.0,0.0
1,0,1.0,0.0,0.0,0.0,0.0,0.0,0.0,0.0,0.0
1,0,1.0,0.0,0.0,0.0,0.0,0.0,0.0,0.0,0.0
1,0,1.0,0.0,0.0,0.0,0.0,0.0,0.0,0.0,0.0
1,0,1.0,0.0,0.0,0.0,0.0,0.0,0.0,0.0,0.0
1,0,1.0,0.0,0.0,0.0,0.0,0.0,0.0,0.0,0.0
1,0,1.0,0.0,0.0,0.0,0.0,0.0,0.0,0.0,0.0
1,0,1.0,0.0,0.0,0.0,0.0,0.0,0.0,0.0,0.0
1,0,1.0,0.0,0.0,0.0,0.0,0.0,0.0,0.0,0.0
1,0,1.0,0.0,0.0,0.0,0.0,0.0,0.0,0.0,0.0
1,0,1.0,0.0,0.0,0.0,0.0,0.0,0.0,0.0,0.0
1,0,1.0,0.0,0.0,0.0,0.0,0.0,0.0,0.0,0.0
1,0,1.0,0.0,0.0,0.0,0.0,0.0,0.0,0.0,0.0
1,0,1.0,0.0,0.0,0.0,0.0,0.0,0.0,0.0,0.0
1,0,1.0,0.0,0.0,0.0,0.0,0.0,0.0,0.0,0.0
1,0,1.0,0.0,0.0,0.0,0.0,0.0,0.0,0.0,0.0
1,0,1.0,0.0,0.0,0.0,0.0,0.0,0.0,0.0,0.0
1,0,1.0,0.0,0.0,0.0,0.0,0.0,0.0,0.0,0.0
1,0,1.0,0.0,0.0,0.0,0.0,0.0,0.0,0.0,0.0
1,0,1.0,0.0,0.0,0.0,0.0,0.0,0.0,0.0,0.0
1,0,1.0,0.0,0.0,0.0,0.0,0.0,0.0,0.0,0.0
1,0,1.0,0.0,0.0,0.0,0.0,0.0,0.0,0.0,0.0
1,0,1.0,0.0,0.0,0.0,0.0,0.0,0.0,0.0,0.0
1,0,1.0,0.0,0.0,0.0,0.0,0.0,0.0,0.0,0.0
1,0,1.0,0.0,0.0,0.0,0.0,0.0,0.0,0.0,0.0
1,0,1.0,0.0,0.0,0.0,0.0,0.0,0.0,0.0,0.0
1,0,1.0,0.0,0.0,0.0,0.0,0.0,0.0,0.0,0.0
1,0,1.0,0.0,0.0,0.0,0.0,0.0,0.0,0.0,0.0
1,0,1.0,0.0,0.0,0.0,0.0,0.0,0.0,0.0,0.0
1,0,1.0,0.0,0.0,0.0,0.0,0.0,0.0,0.0,0.0
1,0,1.0,0.0,0.0,0.0,0.0,0.0,0.0,0.0,0.0
1,0,1.0,0.0,0.0,0.0,0.0,0.0,0.0,0.0,0.0
1,0,1.0,0.0,0.0,0.0,0.0,0.0,0.0,0.0,0.0
1,0,1.0,0.0,0.0,0.0,0.0,0.0,0.0,0.0,0.0
1,0,1.0,0.0,0.0,0.0,0.0,0.0,0.0,0.0,0.0
1,0,1.0,0.0,0.0,0.0,0.0,0.0,0.0,0.0,0.0
1,0,1.0,0.0,0.0,0.0,0.0,0.0,0.0,0.0,0.0
1,0,1.0,0.0,0.0,0.0,0.0,0.0,0.0,0.0,0.0
1,0,1.0,0.0,0.0,0.0,0.0,0.0,0.0,0.0,0.0
1,0,1.0,0.0,0.0,0.0,0.0,0.0,0.0,0.0,0.0
1,0,1.0,0.0,0.0,0.0,0.0,0.0,0.0,0.0,0.0
1,0,1.0,0.0,0.0,0.0,0.0,0.0,0.0,0.0,0.0
1,0,1.0,0.0,0.0,0.0,0.0,0.0,0.0,0.0,0.0
1,0,1.0,0.0,0.0,0.0,0.0,0.0,0.0,0.0,0.0
1,0,1.0,0.0,0.0,0.0,0.0,0.0,0.0,0.0,0.0
1,0,1.0,0.0,0.0,0.0,0.0,0.0,0.0,0.0,0.0
1,0,1.0,0.0,0.0,0.0,0.0,0.0,0.0,0.0,0.0
1,0,1.0,0.0,0.0,0.0,0.0,0.0,0.0,0.0,0.0
1,0,1.0,0.0,0.0,0.0,0.0,0.0,0.0,0.0,0.0
1,0,1.0,0.0,0.0,0.0,0.0,0.0,0.0,0.0,0.0
1,0,1.0,0.0,0.0,0.0,0.0,0.0,0.0,0.0,0.0
1,0,1.0,0.0,0.0,0.0,0.0,0.0,0.0,0.0,0.0
1,0,1.0,0.0,0.0,0.0,0.0,0.0,0.0,0.0,0.0
1,0,1.0,0.0,0.0,0.0,0.0,0.0,0.0,0.0,0.0
1,0,1.0,0.0,0.0,0.0,0.0,0.0,0.0,0.0,0.0
1,0,1.0,0.0,0.0,0.0,0.0,0.0,0.0,0.0,0.0
1,0,1.0,0.0,0.0,0.0,0.0,0.0,0.0,0.0,0.0
1,0,1.0,0.0,0.0,0.0,0.0,0.0,0.0,0.0,0.0
1,0,1.0,0.0,0.0,0.0,0.0,0.0,0.0,0.0,0.0
1,0,1.0,0.0,0.0,0.0,0.0,0.0,0.0,0.0,0.0
1,0,1.0,0.0,0.0,0.0,0.0,0.0,0.0,0.0,0.0
1,0,1.0,0.0,0.0,0.0,0.0,0.0,0.0,0.0,0.0
1,0,1.0,0.0,0.0,0.0,0.0,0.0,0.0,0.0,0.0
1,0,1.0,0.0,0.0,0.0,0.0,0.0,0.0,0.0,0.0
1,0,1.0,0.0,0.0,0.0,0.0,0.0,0.0,0.0,0.0
1,0,1.0,0.0,0.0,0.0,0.0,0.0,0.0,0.0,0.0
1,0,1.0,0.0,0.0,0.0,0.0,0.0,0.0,0.0,0.0
1,0,1.0,0.0,0.0,0.0,0.0,0.0,0.0,0.0,0.0
1,0,1.0,0.0,0.0,0.0,0.0,0.0,0.0,0.0,0.0
1,0,1.0,0.0,0.0,0.0,0.0,0.0,0.0,0.0,0.0
1,0,1.0,0.0,0.0,0.0,0.0,0.0,0.0,0.0,0.0
1,0,1.0,0.0,0.0,0.0,0.0,0.0,0.0,0.0,0.0
1,0,1.0,0.0,0.0,0.0,0.0,0.0,0.0,0.0,0.0
1,0,1.0,0.0,0.0,0.0,0.0,0.0,0.0,0.0,0.0
1,0,1.0,0.0,0.0,0.0,0.0,0.0,0.0,0.0,0.0
1,0,1.0,0.0,0.0,0.0,0.0,0.0,0.0,0.0,0.0
1,0,1.0,0.0,0.0,0.0,0.0,0.0,0.0,0.0,0.0
1,0,1.0,0.0,0.0,0.0,0.0,0.0,0.0,0.0,0.0
1,0,1.0,0.0,0.0,0.0,0.0,0.0,0.0,0.0,0.0
1,0,1.0,0.0,0.0,0.0,0.0,0.0,0.0,0.0,0.0
1,0,1.0,0.0,0.0,0.0,0.0,0.0,0.0,0.0,0.0
1,0,1.0,0.0,0.0,0.0,0.0,0.0,0.0,0.0,0.0
1,0,1.0,0.0,0.0,0.0,0.0,0.0,0.0,0.0,0.0
1,0,1.0,0.0,0.0,0.0,0.0,0.0,0.0,0.0,0.0
1,0,1.0,0.0,0.0,0.0,0.0,0.0,0.0,0.0,0.0
1,0,1.0,0.0,0.0,0.0,0.0,0.0,0.0,0.0,0.0
1,0,1.0,0.0,0.0,0.0,0.0,0.0,0.0,0.0,0.0
1,0,1.0,0.0,0.0,0.0,0.0,0.0,0.0,0.0,0.0
1,0,1.0,0.0,0.0,0.0,0.0,0.0,0.0,0.0,0.0
1,0,1.0,0.0,0.0,0.0,0.0,0.0,0.0,0.0,0.0
1,0,1.0,0.0,0.0,0.0,0.0,0.0,0.0,0.0,0.0
1,0,1.0,0.0,0.0,0.0,0.0,0.0,0.0,0.0,0.0
1,0,1.0,0.0,0.0,0.0,0.0,0.0,0.0,0.0,0.0
1,0,1.0,0.0,0.0,0.0,0.0,0.0,0.0,0.0,0.0
1,0,1.0,0.0,0.0,0.0,0.0,0.0,0.0,0.0,0.0
1,0,1.0,0.0,0.0,0.0,0.0,0.0,0.0,0.0,0.0
1,0,1.0,0.0,0.0,0.0,0.0,0.0,0.0,0.0,0.0
1,0,1.0,0.0,0.0,0.0,0.0,0.0,0.0,0.0,0.0
1,0,1.0,0.0,0.0,0.0,0.0,0.0,0.0,0.0,0.0
1,0,1.0,0.0,0.0,0.0,0.0,0.0,0.0,0.0,0.0
1,0,1.0,0.0,0.0,0.0,0.0,0.0,0.0,0.0,0.0
1,0,1.0,0.0,0.0,0.0,0.0,0.0,0.0,0.0,0.0
1,0,1.0,0.0,0.0,0.0,0.0,0.0,0.0,0.0,0.0
1,0,1.0,0.0,0.0,0.0,0.0,0.0,0.0,0.0,0.0
1,0,1.0,0.0,0.0,0.0,0.0,0.0,0.0,0.0,0.0
1,0,1.0,0.0,0.0,0.0,0.0,0.0,0.0,0.0,0.0
1,0,1.0,0.0,0.0,0.0,0.0,0.0,0.0,0.0,0.0
1,0,1.0,0.0,0.0,0.0,0.0,0.0,0.0,0.0,0.0
1,0,1.0,0.0,0.0,0.0,0.0,0.0,0.0,0.0,0.0
1,0,1.0,0.0,0.0,0.0,0.0,0.0,0.0,0.0,0.0
1,0,1.0,0.0,0.0,0.0,0.0,0.0,0.0,0.0,0.0
1,0,1.0,0.0,0.0,0.0,0.0,0.0,0.0,0.0,0.0
1,0,1.0,0.0,0.0,0.0,0.0,0.0,0.0,0.0,0.0
1,0,1.0,0.0,0.0,0.0,0.0,0.0,0.0,0.0,0.0
1,0,1.0,0.0,0.0,0.0,0.0,0.0,0.0,0.0,0.0
1,0,1.0,0.0,0.0,0.0,0.0,0.0,0.0,0.0,0.0
1,0,1.0,0.0,0.0,0.0,0.0,0.0,0.0,0.0,0.0
1,0,1.0,0.0,0.0,0.0,0.0,0.0,0.0,0.0,0.0
1,0,1.0,0.0,0.0,0.0,0.0,0.0,0.0,0.0,0.0
1,0,1.0,0.0,0.0,0.0,0.0,0.0,0.0,0.0,0.0
1,0,1.0,0.0,0.0,0.0,0.0,0.0,0.0,0.0,0.0
1,0,1.0,0.0,0.0,0.0,0.0,0.0,0.0,0.0,0.0
1,0,1.0,0.0,0.0,0.0,0.0,0.0,0.0,0.0,0.0
1,0,1.0,0.0,0.0,0.0,0.0,0.0,0.0,0.0,0.0
1,0,1.0,0.0,0.0,0.0,0.0,0.0,0.0,0.0,0.0
1,0,1.0,0.0,0.0,0.0,0.0,0.0,0.0,0.0,0.0
1,0,1.0,0.0,0.0,0.0,0.0,0.0,0.0,0.0,0.0
1,0,1.0,0.0,0.0,0.0,0.0,0.0,0.0,0.0,0.0
1,0,1.0,0.0,0.0,0.0,0.0,0.0,0.0,0.0,0.0
1,0,1.0,0.0,0.0,0.0,0.0,0.0,0.0,0.0,0.0
1,0,1.0,0.0,0.0,0.0,0.0,0.0,0.0,0.0,0.0
1,0,1.0,0.0,0.0,0.0,0.0,0.0,0.0,0.0,0.0
1,0,1.0,0.0,0.0,0.0,0.0,0.0,0.0,0.0,0.0
1,0,1.0,0.0,0.0,0.0,0.0,0.0,0.0,0.0,0.0
1,0,1.0,0.0,0.0,0.0,0.0,0.0,0.0,0.0,0.0
1,0,1.0,0.0,0.0,0.0,0.0,0.0,0.0,0.0,0.0
1,0,1.0,0.0,0.0,0.0,0.0,0.0,0.0,0.0,0.0
1,0,1.0,0.0,0.0,0.0,0.0,0.0,0.0,0.0,0.0
1,0,1.0,0.0,0.0,0.0,0.0,0.0,0.0,0.0,0.0
1,0,1.0,0.0,0.0,0.0,0.0,0.0,0.0,0.0,0.0
1,0,1.0,0.0,0.0,0.0,0.0,0.0,0.0,0.0,0.0
1,0,1.0,0.0,0.0,0.0,0.0,0.0,0.0,0.0,0.0
1,0,1.0,0.0,0.0,0.0,0.0,0.0,0.0,0.0,0.0
1,0,1.0,0.0,0.0,0.0,0.0,0.0,0.0,0.0,0.0
1,0,1.0,0.0,0.0,0.0,0.0,0.0,0.0,0.0,0.0
1,0,1.0,0.0,0.0,0.0,0.0,0.0,0.0,0.0,0.0
1,0,1.0,0.0,0.0,0.0,0.0,0.0,0.0,0.0,0.0
1,0,1.0,0.0,0.0,0.0,0.0,0.0,0.0,0.0,0.0
1,0,1.0,0.0,0.0,0.0,0.0,0.0,0.0,0.0,0.0
1,0,1.0,0.0,0.0,0.0,0.0,0.0,0.0,0.0,0.0
1,0,1.0,0.0,0.0,0.0,0.0,0.0,0.0,0.0,0.0
1,0,1.0,0.0,0.0,0.0,0.0,0.0,0.0,0.0,0.0
1,0,1.0,0.0,0.0,0.0,0.0,0.0,0.0,0.0,0.0
1,0,1.0,0.0,0.0,0.0,0.0,0.0,0.0,0.0,0.0
1,0,1.0,0.0,0.0,0.0,0.0,0.0,0.0,0.0,0.0
1,0,1.0,0.0,0.0,0.0,0.0,0.0,0.0,0.0,0.0
1,0,1.0,0.0,0.0,0.0,0.0,0.0,0.0,0.0,0.0
1,0,1.0,0.0,0.0,0.0,0.0,0.0,0.0,0.0,0.0
1,0,1.0,0.0,0.0,0.0,0.0,0.0,0.0,0.0,0.0
1,0,1.0,0.0,0.0,0.0,0.0,0.0,0.0,0.0,0.0
1,0,1.0,0.0,0.0,0.0,0.0,0.0,0.0,0.0,0.0
1,0,1.0,0.0,0.0,0.0,0.0,0.0,0.0,0.0,0.0
1,0,1.0,0.0,0.0,0.0,0.0,0.0,0.0,0.0,0.0
1,0,1.0,0.0,0.0,0.0,0.0,0.0,0.0,0.0,0.0
1,0,1.0,0.0,0.0,0.0,0.0,0.0,0.0,0.0,0.0
1,0,1.0,0.0,0.0,0.0,0.0,0.0,0.0,0.0,0.0
1,0,1.0,0.0,0.0,0.0,0.0,0.0,0.0,0.0,0.0
1,0,1.0,0.0,0.0,0.0,0.0,0.0,0.0,0.0,0.0
1,0,1.0,0.0,0.0,0.0,0.0,0.0,0.0,0.0,0.0
1,0,1.0,0.0,0.0,0.0,0.0,0.0,0.0,0.0,0.0
1,0,1.0,0.0,0.0,0.0,0.0,0.0,0.0,0.0,0.0
1,0,1.0,0.0,0.0,0.0,0.0,0.0,0.0,0.0,0.0
1,0,1.0,0.0,0.0,0.0,0.0,0.0,0.0,0.0,0.0
1,0,1.0,0.0,0.0,0.0,0.0,0.0,0.0,0.0,0.0
1,0,1.0,0.0,0.0,0.0,0.0,0.0,0.0,0.0,0.0
1,0,1.0,0.0,0.0,0.0,0.0,0.0,0.0,0.0,0.0
1,0,1.0,0.0,0.0,0.0,0.0,0.0,0.0,0.0,0.0
1,0,1.0,0.0,0.0,0.0,0.0,0.0,0.0,0.0,0.0
1,0,1.0,0.0,0.0,0.0,0.0,0.0,0.0,0.0,0.0
1,0,1.0,0.0,0.0,0.0,0.0,0.0,0.0,0.0,0.0
1,0,1.0,0.0,0.0,0.0,0.0,0.0,0.0,0.0,0.0
1,0,1.0,0.0,0.0,0.0,0.0,0.0,0.0,0.0,0.0
1,0,1.0,0.0,0.0,0.0,0.0,0.0,0.0,0.0,0.0
1,0,1.0,0.0,0.0,0.0,0.0,0.0,0.0,0.0,0.0
1,0,1.0,0.0,0.0,0.0,0.0,0.0,0.0,0.0,0.0
1,0,1.0,0.0,0.0,0.0,0.0,0.0,0.0,0.0,0.0
1,0,1.0,0.0,0.0,0.0,0.0,0.0,0.0,0.0,0.0
1,0,1.0,0.0,0.0,0.0,0.0,0.0,0.0,0.0,0.0
1,0,1.0,0.0,0.0,0.0,0.0,0.0,0.0,0.0,0.0
1,0,1.0,0.0,0.0,0.0,0.0,0.0,0.0,0.0,0.0
1,0,1.0,0.0,0.0,0.0,0.0,0.0,0.0,0.0,0.0
1,0,1.0,0.0,0.0,0.0,0.0,0.0,0.0,0.0,0.0
1,0,1.0,0.0,0.0,0.0,0.0,0.0,0.0,0.0,0.0
1,0,1.0,0.0,0.0,0.0,0.0,0.0,0.0,0.0,0.0
1,0,1.0,0.0,0.0,0.0,0.0,0.0,0.0,0.0,0.0
1,0,1.0,0.0,0.0,0.0,0.0,0.0,0.0,0.0,0.0
1,0,1.0,0.0,0.0,0.0,0.0,0.0,0.0,0.0,0.0
1,0,1.0,0.0,0.0,0.0,0.0,0.0,0.0,0.0,0.0
1,0,1.0,0.0,0.0,0.0,0.0,0.0,0.0,0.0,0.0
1,0,1.0,0.0,0.0,0.0,0.0,0.0,0.0,0.0,0.0
1,0,1.0,0.0,0.0,0.0,0.0,0.0,0.0,0.0,0.0
1,0,1.0,0.0,0.0,0.0,0.0,0.0,0.0,0.0,0.0
1,0,1.0,0.0,0.0,0.0,0.0,0.0,0.0,0.0,0.0
1,0,1.0,0.0,0.0,0.0,0.0,0.0,0.0,0.0,0.0
1,0,1.0,0.0,0.0,0.0,0.0,0.0,0.0,0.0,0.0
1,0,1.0,0.0,0.0,0.0,0.0,0.0,0.0,0.0,0.0
1,0,1.0,0.0,0.0,0.0,0.0,0.0,0.0,0.0,0.0
1,0,1.0,0.0,0.0,0.0,0.0,0.0,0.0,0.0,0.0
1,0,1.0,0.0,0.0,0.0,0.0,0.0,0.0,0.0,0.0
1,0,1.0,0.0,0.0,0.0,0.0,0.0,0.0,0.0,0.0
1,0,1.0,0.0,0.0,0.0,0.0,0.0,0.0,0.0,0.0
1,0,1.0,0.0,0.0,0.0,0.0,0.0,0.0,0.0,0.0
1,0,1.0,0.0,0.0,0.0,0.0,0.0,0.0,0.0,0.0
1,0,1.0,0.0,0.0,0.0,0.0,0.0,0.0,0.0,0.0
1,0,1.0,0.0,0.0,0.0,0.0,0.0,0.0,0.0,0.0
1,0,1.0,0.0,0.0,0.0,0.0,0.0,0.0,0.0,0.0
1,0,1.0,0.0,0.0,0.0,0.0,0.0,0.0,0.0,0.0
1,0,1.0,0.0,0.0,0.0,0.0,0.0,0.0,0.0,0.0
1,0,1.0,0.0,0.0,0.0,0.0,0.0,0.0,0.0,0.0
1,0,1.0,0.0,0.0,0.0,0.0,0.0,0.0,0.0,0.0
1,0,1.0,0.0,0.0,0.0,0.0,0.0,0.0,0.0,0.0
1,0,1.0,0.0,0.0,0.0,0.0,0.0,0.0,0.0,0.0
1,0,1.0,0.0,0.0,0.0,0.0,0.0,0.0,0.0,0.0
1,0,1.0,0.0,0.0,0.0,0.0,0.0,0.0,0.0,0.0
1,0,1.0,0.0,0.0,0.0,0.0,0.0,0.0,0.0,0.0
1,0,1.0,0.0,0.0,0.0,0.0,0.0,0.0,0.0,0.0
1,0,1.0,0.0,0.0,0.0,0.0,0.0,0.0,0.0,0.0
1,0,1.0,0.0,0.0,0.0,0.0,0.0,0.0,0.0,0.0
1,0,1.0,0.0,0.0,0.0,0.0,0.0,0.0,0.0,0.0
1,0,1.0,0.0,0.0,0.0,0.0,0.0,0.0,0.0,0.0
1,0,1.0,0.0,0.0,0.0,0.0,0.0,0.0,0.0,0.0
1,0,1.0,0.0,0.0,0.0,0.0,0.0,0.0,0.0,0.0
1,0,1.0,0.0,0.0,0.0,0.0,0.0,0.0,0.0,0.0
1,0,1.0,0.0,0.0,0.0,0.0,0.0,0.0,0.0,0.0
1,0,1.0,0.0,0.0,0.0,0.0,0.0,0.0,0.0,0.0
1,0,1.0,0.0,0.0,0.0,0.0,0.0,0.0,0.0,0.0
1,0,1.0,0.0,0.0,0.0,0.0,0.0,0.0,0.0,0.0
1,0,1.0,0.0,0.0,0.0,0.0,0.0,0.0,0.0,0.0
1,0,1.0,0.0,0.0,0.0,0.0,0.0,0.0,0.0,0.0
1,0,1.0,0.0,0.0,0.0,0.0,0.0,0.0,0.0,0.0
1,0,1.0,0.0,0.0,0.0,0.0,0.0,0.0,0.0,0.0
1,0,1.0,0.0,0.0,0.0,0.0,0.0,0.0,0.0,0.0
1,0,1.0,0.0,0.0,0.0,0.0,0.0,0.0,0.0,0.0
1,0,1.0,0.0,0.0,0.0,0.0,0.0,0.0,0.0,0.0
1,0,1.0,0.0,0.0,0.0,0.0,0.0,0.0,0.0,0.0
1,0,1.0,0.0,0.0,0.0,0.0,0.0,0.0,0.0,0.0
1,0,1.0,0.0,0.0,0.0,0.0,0.0,0.0,0.0,0.0
1,0,1.0,0.0,0.0,0.0,0.0,0.0,0.0,0.0,0.0
1,0,1.0,0.0,0.0,0.0,0.0,0.0,0.0,0.0,0.0
1,0,1.0,0.0,0.0,0.0,0.0,0.0,0.0,0.0,0.0
1,0,1.0,0.0,0.0,0.0,0.0,0.0,0.0,0.0,0.0
1,0,1.0,0.0,0.0,0.0,0.0,0.0,0.0,0.0,0.0
1,0,1.0,0.0,0.0,0.0,0.0,0.0,0.0,0.0,0.0
1,0,1.0,0.0,0.0,0.0,0.0,0.0,0.0,0.0,0.0
1,0,1.0,0.0,0.0,0.0,0.0,0.0,0.0,0.0,0.0
1,0,1.0,0.0,0.0,0.0,0.0,0.0,0.0,0.0,0.0
1,0,1.0,0.0,0.0,0.0,0.0,0.0,0.0,0.0,0.0
1,0,1.0,0.0,0.0,0.0,0.0,0.0,0.0,0.0,0.0
1,0,1.0,0.0,0.0,0.0,0.0,0.0,0.0,0.0,0.0
1,0,1.0,0.0,0.0,0.0,0.0,0.0,0.0,0.0,0.0
1,0,1.0,0.0,0.0,0.0,0.0,0.0,0.0,0.0,0.0
1,0,1.0,0.0,0.0,0.0,0.0,0.0,0.0,0.0,0.0
1,0,1.0,0.0,0.0,0.0,0.0,0.0,0.0,0.0,0.0
1,0,1.0,0.0,0.0,0.0,0.0,0.0,0.0,0.0,0.0
1,0,1.0,0.0,0.0,0.0,0.0,0.0,0.0,0.0,0.0
1,0,1.0,0.0,0.0,0.0,0.0,0.0,0.0,0.0,0.0
1,0,1.0,0.0,0.0,0.0,0.0,0.0,0.0,0.0,0.0
1,0,1.0,0.0,0.0,0.0,0.0,0.0,0.0,0.0,0.0
1,0,1.0,0.0,0.0,0.0,0.0,0.0,0.0,0.0,0.0
1,0,1.0,0.0,0.0,0.0,0.0,0.0,0.0,0.0,0.0
1,0,1.0,0.0,0.0,0.0,0.0,0.0,0.0,0.0,0.0
1,0,1.0,0.0,0.0,0.0,0.0,0.0,0.0,0.0,0.0
1,0,1.0,0.0,0.0,0.0,0.0,0.0,0.0,0.0,0.0
1,0,1.0,0.0,0.0,0.0,0.0,0.0,0.0,0.0,0.0
1,0,1.0,0.0,0.0,0.0,0.0,0.0,0.0,0.0,0.0
1,0,1.0,0.0,0.0,0.0,0.0,0.0,0.0,0.0,0.0
1,0,1.0,0.0,0.0,0.0,0.0,0.0,0.0,0.0,0.0
1,0,1.0,0.0,0.0,0.0,0.0,0.0,0.0,0.0,0.0
1,0,1.0,0.0,0.0,0.0,0.0,0.0,0.0,0.0,0.0
1,0,1.0,0.0,0.0,0.0,0.0,0.0,0.0,0.0,0.0
1,0,1.0,0.0,0.0,0.0,0.0,0.0,0.0,0.0,0.0
1,0,1.0,0.0,0.0,0.0,0.0,0.0,0.0,0.0,0.0
1,0,1.0,0.0,0.0,0.0,0.0,0.0,0.0,0.0,0.0
1,0,1.0,0.0,0.0,0.0,0.0,0.0,0.0,0.0,0.0
1,0,1.0,0.0,0.0,0.0,0.0,0.0,0.0,0.0,0.0
1,0,1.0,0.0,0.0,0.0,0.0,0.0,0.0,0.0,0.0
1,0,1.0,0.0,0.0,0.0,0.0,0.0,0.0,0.0,0.0
1,0,1.0,0.0,0.0,0.0,0.0,0.0,0.0,0.0,0.0
1,0,1.0,0.0,0.0,0.0,0.0,0.0,0.0,0.0,0.0
1,0,1.0,0.0,0.0,0.0,0.0,0.0,0.0,0.0,0.0
1,0,1.0,0.0,0.0,0.0,0.0,0.0,0.0,0.0,0.0
1,0,1.0,0.0,0.0,0.0,0.0,0.0,0.0,0.0,0.0
1,0,1.0,0.0,0.0,0.0,0.0,0.0,0.0,0.0,0.0
1,0,1.0,0.0,0.0,0.0,0.0,0.0,0.0,0.0,0.0
1,0,1.0,0.0,0.0,0.0,0.0,0.0,0.0,0.0,0.0
1,0,1.0,0.0,0.0,0.0,0.0,0.0,0.0,0.0,0.0
1,0,1.0,0.0,0.0,0.0,0.0,0.0,0.0,0.0,0.0
1,0,1.0,0.0,0.0,0.0,0.0,0.0,0.0,0.0,0.0
1,0,1.0,0.0,0.0,0.0,0.0,0.0,0.0,0.0,0.0
1,0,1.0,0.0,0.0,0.0,0.0,0.0,0.0,0.0,0.0
1,0,1.0,0.0,0.0,0.0,0.0,0.0,0.0,0.0,0.0
1,0,1.0,0.0,0.0,0.0,0.0,0.0,0.0,0.0,0.0
1,0,1.0,0.0,0.0,0.0,0.0,0.0,0.0,0.0,0.0
1,0,1.0,0.0,0.0,0.0,0.0,0.0,0.0,0.0,0.0
1,0,1.0,0.0,0.0,0.0,0.0,0.0,0.0,0.0,0.0
1,0,1.0,0.0,0.0,0.0,0.0,0.0,0.0,0.0,0.0
1,0,1.0,0.0,0.0,0.0,0.0,0.0,0.0,0.0,0.0
1,0,1.0,0.0,0.0,0.0,0.0,0.0,0.0,0.0,0.0
1,0,1.0,0.0,0.0,0.0,0.0,0.0,0.0,0.0,0.0
1,0,1.0,0.0,0.0,0.0,0.0,0.0,0.0,0.0,0.0
1,0,1.0,0.0,0.0,0.0,0.0,0.0,0.0,0.0,0.0
1,0,1.0,0.0,0.0,0.0,0.0,0.0,0.0,0.0,0.0
1,0,1.0,0.0,0.0,0.0,0.0,0.0,0.0,0.0,0.0
1,0,1.0,0.0,0.0,0.0,0.0,0.0,0.0,0.0,0.0
1,0,1.0,0.0,0.0,0.0,0.0,0.0,0.0,0.0,0.0
1,0,1.0,0.0,0.0,0.0,0.0,0.0,0.0,0.0,0.0
1,0,1.0,0.0,0.0,0.0,0.0,0.0,0.0,0.0,0.0
1,0,1.0,0.0,0.0,0.0,0.0,0.0,0.0,0.0,0.0
1,0,1.0,0.0,0.0,0.0,0.0,0.0,0.0,0.0,0.0
1,0,1.0,0.0,0.0,0.0,0.0,0.0,0.0,0.0,0.0
1,0,1.0,0.0,0.0,0.0,0.0,0.0,0.0,0.0,0.0
1,0,1.0,0.0,0.0,0.0,0.0,0.0,0.0,0.0,0.0
1,0,1.0,0.0,0.0,0.0,0.0,0.0,0.0,0.0,0.0
1,0,1.0,0.0,0.0,0.0,0.0,0.0,0.0,0.0,0.0
1,0,1.0,0.0,0.0,0.0,0.0,0.0,0.0,0.0,0.0
1,0,1.0,0.0,0.0,0.0,0.0,0.0,0.0,0.0,0.0
1,0,1.0,0.0,0.0,0.0,0.0,0.0,0.0,0.0,0.0
1,0,1.0,0.0,0.0,0.0,0.0,0.0,0.0,0.0,0.0
1,0,1.0,0.0,0.0,0.0,0.0,0.0,0.0,0.0,0.0
1,0,1.0,0.0,0.0,0.0,0.0,0.0,0.0,0.0,0.0
1,0,1.0,0.0,0.0,0.0,0.0,0.0,0.0,0.0,0.0
1,0,1.0,0.0,0.0,0.0,0.0,0.0,0.0,0.0,0.0
1,0,1.0,0.0,0.0,0.0,0.0,0.0,0.0,0.0,0.0
1,0,1.0,0.0,0.0,0.0,0.0,0.0,0.0,0.0,0.0
1,0,1.0,0.0,0.0,0.0,0.0,0.0,0.0,0.0,0.0
1,0,1.0,0.0,0.0,0.0,0.0,0.0,0.0,0.0,0.0
1,0,1.0,0.0,0.0,0.0,0.0,0.0,0.0,0.0,0.0
1,0,1.0,0.0,0.0,0.0,0.0,0.0,0.0,0.0,0.0
1,0,1.0,0.0,0.0,0.0,0.0,0.0,0.0,0.0,0.0
1,0,1.0,0.0,0.0,0.0,0.0,0.0,0.0,0.0,0.0
1,0,1.0,0.0,0.0,0.0,0.0,0.0,0.0,0.0,0.0
1,0,1.0,0.0,0.0,0.0,0.0,0.0,0.0,0.0,0.0
1,0,1.0,0.0,0.0,0.0,0.0,0.0,0.0,0.0,0.0
1,0,1.0,0.0,0.0,0.0,0.0,0.0,0.0,0.0,0.0
1,0,1.0,0.0,0.0,0.0,0.0,0.0,0.0,0.0,0.0
1,0,1.0,0.0,0.0,0.0,0.0,0.0,0.0,0.0,0.0
1,0,1.0,0.0,0.0,0.0,0.0,0.0,0.0,0.0,0.0
1,0,1.0,0.0,0.0,0.0,0.0,0.0,0.0,0.0,0.0
1,0,1.0,0.0,0.0,0.0,0.0,0.0,0.0,0.0,0.0
1,0,1.0,0.0,0.0,0.0,0.0,0.0,0.0,0.0,0.0
1,0,1.0,0.0,0.0,0.0,0.0,0.0,0.0,0.0,0.0
1,0,1.0,0.0,0.0,0.0,0.0,0.0,0.0,0.0,0.0
1,0,1.0,0.0,0.0,0.0,0.0,0.0,0.0,0.0,0.0
1,0,1.0,0.0,0.0,0.0,0.0,0.0,0.0,0.0,0.0
1,0,1.0,0.0,0.0,0.0,0.0,0.0,0.0,0.0,0.0
1,0,1.0,0.0,0.0,0.0,0.0,0.0,0.0,0.0,0.0
1,0,1.0,0.0,0.0,0.0,0.0,0.0,0.0,0.0,0.0
1,0,1.0,0.0,0.0,0.0,0.0,0.0,0.0,0.0,0.0
1,0,1.0,0.0,0.0,0.0,0.0,0.0,0.0,0.0,0.0
1,0,1.0,0.0,0.0,0.0,0.0,0.0,0.0,0.0,0.0
1,0,1.0,0.0,0.0,0.0,0.0,0.0,0.0,0.0,0.0
1,0,1.0,0.0,0.0,0.0,0.0,0.0,0.0,0.0,0.0
1,0,1.0,0.0,0.0,0.0,0.0,0.0,0.0,0.0,0.0
1,0,1.0,0.0,0.0,0.0,0.0,0.0,0.0,0.0,0.0
1,0,1.0,0.0,0.0,0.0,0.0,0.0,0.0,0.0,0.0
1,0,1.0,0.0,0.0,0.0,0.0,0.0,0.0,0.0,0.0
1,0,1.0,0.0,0.0,0.0,0.0,0.0,0.0,0.0,0.0
1,0,1.0,0.0,0.0,0.0,0.0,0.0,0.0,0.0,0.0
1,0,1.0,0.0,0.0,0.0,0.0,0.0,0.0,0.0,0.0
1,0,1.0,0.0,0.0,0.0,0.0,0.0,0.0,0.0,0.0
1,0,1.0,0.0,0.0,0.0,0.0,0.0,0.0,0.0,0.0
1,0,1.0,0.0,0.0,0.0,0.0,0.0,0.0,0.0,0.0
1,0,1.0,0.0,0.0,0.0,0.0,0.0,0.0,0.0,0.0
1,0,1.0,0.0,0.0,0.0,0.0,0.0,0.0,0.0,0.0
1,0,1.0,0.0,0.0,0.0,0.0,0.0,0.0,0.0,0.0
1,0,1.0,0.0,0.0,0.0,0.0,0.0,0.0,0.0,0.0
1,0,1.0,0.0,0.0,0.0,0.0,0.0,0.0,0.0,0.0
1,0,1.0,0.0,0.0,0.0,0.0,0.0,0.0,0.0,0.0
1,0,1.0,0.0,0.0,0.0,0.0,0.0,0.0,0.0,0.0
1,0,1.0,0.0,0.0,0.0,0.0,0.0,0.0,0.0,0.0
1,0,1.0,0.0,0.0,0.0,0.0,0.0,0.0,0.0,0.0
1,0,1.0,0.0,0.0,0.0,0.0,0.0,0.0,0.0,0.0
1,0,1.0,0.0,0.0,0.0,0.0,0.0,0.0,0.0,0.0
1,0,1.0,0.0,0.0,0.0,0.0,0.0,0.0,0.0,0.0
1,0,1.0,0.0,0.0,0.0,0.0,0.0,0.0,0.0,0.0
1,0,1.0,0.0,0.0,0.0,0.0,0.0,0.0,0.0,0.0
1,0,1.0,0.0,0.0,0.0,0.0,0.0,0.0,0.0,0.0
1,0,1.0,0.0,0.0,0.0,0.0,0.0,0.0,0.0,0.0
1,0,1.0,0.0,0.0,0.0,0.0,0.0,0.0,0.0,0.0
1,0,1.0,0.0,0.0,0.0,0.0,0.0,0.0,0.0,0.0
1,0,1.0,0.0,0.0,0.0,0.0,0.0,0.0,0.0,0.0
1,0,1.0,0.0,0.0,0.0,0.0,0.0,0.0,0.0,0.0
1,0,1.0,0.0,0.0,0.0,0.0,0.0,0.0,0.0,0.0
1,0,1.0,0.0,0.0,0.0,0.0,0.0,0.0,0.0,0.0
1,0,1.0,0.0,0.0,0.0,0.0,0.0,0.0,0.0,0.0
1,0,1.0,0.0,0.0,0.0,0.0,0.0,0.0,0.0,0.0
1,0,1.0,0.0,0.0,0.0,0.0,0.0,0.0,0.0,0.0
1,0,1.0,0.0,0.0,0.0,0.0,0.0,0.0,0.0,0.0
1,0,1.0,0.0,0.0,0.0,0.0,0.0,0.0,0.0,0.0
1,0,1.0,0.0,0.0,0.0,0.0,0.0,0.0,0.0,0.0
1,0,1.0,0.0,0.0,0.0,0.0,0.0,0.0,0.0,0.0
1,0,1.0,0.0,0.0,0.0,0.0,0.0,0.0,0.0,0.0
1,0,1.0,0.0,0.0,0.0,0.0,0.0,0.0,0.0,0.0
1,0,1.0,0.0,0.0,0.0,0.0,0.0,0.0,0.0,0.0
1,0,1.0,0.0,0.0,0.0,0.0,0.0,0.0,0.0,0.0
1,0,1.0,0.0,0.0,0.0,0.0,0.0,0.0,0.0,0.0
1,0,1.0,0.0,0.0,0.0,0.0,0.0,0.0,0.0,0.0
1,0,1.0,0.0,0.0,0.0,0.0,0.0,0.0,0.0,0.0
1,0,1.0,0.0,0.0,0.0,0.0,0.0,0.0,0.0,0.0
1,0,1.0,0.0,0.0,0.0,0.0,0.0,0.0,0.0,0.0
1,0,1.0,0.0,0.0,0.0,0.0,0.0,0.0,0.0,0.0
1,0,1.0,0.0,0.0,0.0,0.0,0.0,0.0,0.0,0.0
1,0,1.0,0.0,0.0,0.0,0.0,0.0,0.0,0.0,0.0
1,0,1.0,0.0,0.0,0.0,0.0,0.0,0.0,0.0,0.0
1,0,1.0,0.0,0.0,0.0,0.0,0.0,0.0,0.0,0.0
1,0,1.0,0.0,0.0,0.0,0.0,0.0,0.0,0.0,0.0
1,0,1.0,0.0,0.0,0.0,0.0,0.0,0.0,0.0,0.0
1,0,1.0,0.0,0.0,0.0,0.0,0.0,0.0,0.0,0.0
1,0,1.0,0.0,0.0,0.0,0.0,0.0,0.0,0.0,0.0
1,0,1.0,0.0,0.0,0.0,0.0,0.0,0.0,0.0,0.0
1,0,1.0,0.0,0.0,0.0,0.0,0.0,0.0,0.0,0.0
1,0,1.0,0.0,0.0,0.0,0.0,0.0,0.0,0.0,0.0
1,0,1.0,0.0,0.0,0.0,0.0,0.0,0.0,0.0,0.0
1,0,1.0,0.0,0.0,0.0,0.0,0.0,0.0,0.0,0.0
1,0,1.0,0.0,0.0,0.0,0.0,0.0,0.0,0.0,0.0
1,0,1.0,0.0,0.0,0.0,0.0,0.0,0.0,0.0,0.0
1,0,1.0,0.0,0.0,0.0,0.0,0.0,0.0,0.0,0.0
1,0,1.0,0.0,0.0,0.0,0.0,0.0,0.0,0.0,0.0
1,0,1.0,0.0,0.0,0.0,0.0,0.0,0.0,0.0,0.0
1,0,1.0,0.0,0.0,0.0,0.0,0.0,0.0,0.0,0.0
1,0,1.0,0.0,0.0,0.0,0.0,0.0,0.0,0.0,0.0
1,0,1.0,0.0,0.0,0.0,0.0,0.0,0.0,0.0,0.0
1,0,1.0,0.0,0.0,0.0,0.0,0.0,0.0,0.0,0.0
1,0,1.0,0.0,0.0,0.0,0.0,0.0,0.0,0.0,0.0
1,0,1.0,0.0,0.0,0.0,0.0,0.0,0.0,0.0,0.0
1,0,1.0,0.0,0.0,0.0,0.0,0.0,0.0,0.0,0.0
1,0,1.0,0.0,0.0,0.0,0.0,0.0,0.0,0.0,0.0
1,0,1.0,0.0,0.0,0.0,0.0,0.0,0.0,0.0,0.0
1,0,1.0,0.0,0.0,0.0,0.0,0.0,0.0,0.0,0.0
1,0,1.0,0.0,0.0,0.0,0.0,0.0,0.0,0.0,0.0
1,0,1.0,0.0,0.0,0.0,0.0,0.0,0.0,0.0,0.0
1,0,1.0,0.0,0.0,0.0,0.0,0.0,0.0,0.0,0.0
1,0,1.0,0.0,0.0,0.0,0.0,0.0,0.0,0.0,0.0
1,0,1.0,0.0,0.0,0.0,0.0,0.0,0.0,0.0,0.0
1,0,1.0,0.0,0.0,0.0,0.0,0.0,0.0,0.0,0.0
1,0,1.0,0.0,0.0,0.0,0.0,0.0,0.0,0.0,0.0
1,0,1.0,0.0,0.0,0.0,0.0,0.0,0.0,0.0,0.0
1,0,1.0,0.0,0.0,0.0,0.0,0.0,0.0,0.0,0.0
1,0,1.0,0.0,0.0,0.0,0.0,0.0,0.0,0.0,0.0
1,0,1.0,0.0,0.0,0.0,0.0,0.0,0.0,0.0,0.0
1,0,1.0,0.0,0.0,0.0,0.0,0.0,0.0,0.0,0.0
1,0,1.0,0.0,0.0,0.0,0.0,0.0,0.0,0.0,0.0
1,0,1.0,0.0,0.0,0.0,0.0,0.0,0.0,0.0,0.0
1,0,1.0,0.0,0.0,0.0,0.0,0.0,0.0,0.0,0.0
1,0,1.0,0.0,0.0,0.0,0.0,0.0,0.0,0.0,0.0
1,0,1.0,0.0,0.0,0.0,0.0,0.0,0.0,0.0,0.0
1,0,1.0,0.0,0.0,0.0,0.0,0.0,0.0,0.0,0.0
1,0,1.0,0.0,0.0,0.0,0.0,0.0,0.0,0.0,0.0
1,0,1.0,0.0,0.0,0.0,0.0,0.0,0.0,0.0,0.0
1,0,1.0,0.0,0.0,0.0,0.0,0.0,0.0,0.0,0.0
1,0,1.0,0.0,0.0,0.0,0.0,0.0,0.0,0.0,0.0
1,0,1.0,0.0,0.0,0.0,0.0,0.0,0.0,0.0,0.0
1,0,1.0,0.0,0.0,0.0,0.0,0.0,0.0,0.0,0.0
1,0,1.0,0.0,0.0,0.0,0.0,0.0,0.0,0.0,0.0
1,0,1.0,0.0,0.0,0.0,0.0,0.0,0.0,0.0,0.0
1,0,1.0,0.0,0.0,0.0,0.0,0.0,0.0,0.0,0.0
1,0,1.0,0.0,0.0,0.0,0.0,0.0,0.0,0.0,0.0
1,0,1.0,0.0,0.0,0.0,0.0,0.0,0.0,0.0,0.0
1,0,1.0,0.0,0.0,0.0,0.0,0.0,0.0,0.0,0.0
1,0,1.0,0.0,0.0,0.0,0.0,0.0,0.0,0.0,0.0
1,0,1.0,0.0,0.0,0.0,0.0,0.0,0.0,0.0,0.0
1,0,1.0,0.0,0.0,0.0,0.0,0.0,0.0,0.0,0.0
1,0,1.0,0.0,0.0,0.0,0.0,0.0,0.0,0.0,0.0
1,0,1.0,0.0,0.0,0.0,0.0,0.0,0.0,0.0,0.0
1,0,1.0,0.0,0.0,0.0,0.0,0.0,0.0,0.0,0.0
1,0,1.0,0.0,0.0,0.0,0.0,0.0,0.0,0.0,0.0
1,0,1.0,0.0,0.0,0.0,0.0,0.0,0.0,0.0,0.0
1,0,1.0,0.0,0.0,0.0,0.0,0.0,0.0,0.0,0.0
1,0,1.0,0.0,0.0,0.0,0.0,0.0,0.0,0.0,0.0
1,0,1.0,0.0,0.0,0.0,0.0,0.0,0.0,0.0,0.0
1,0,1.0,0.0,0.0,0.0,0.0,0.0,0.0,0.0,0.0
1,0,1.0,0.0,0.0,0.0,0.0,0.0,0.0,0.0,0.0
1,0,1.0,0.0,0.0,0.0,0.0,0.0,0.0,0.0,0.0
1,0,1.0,0.0,0.0,0.0,0.0,0.0,0.0,0.0,0.0
1,0,1.0,0.0,0.0,0.0,0.0,0.0,0.0,0.0,0.0
1,0,1.0,0.0,0.0,0.0,0.0,0.0,0.0,0.0,0.0
1,0,1.0,0.0,0.0,0.0,0.0,0.0,0.0,0.0,0.0
1,0,1.0,0.0,0.0,0.0,0.0,0.0,0.0,0.0,0.0
1,0,1.0,0.0,0.0,0.0,0.0,0.0,0.0,0.0,0.0
1,0,1.0,0.0,0.0,0.0,0.0,0.0,0.0,0.0,0.0
1,0,1.0,0.0,0.0,0.0,0.0,0.0,0.0,0.0,0.0
1,0,1.0,0.0,0.0,0.0,0.0,0.0,0.0,0.0,0.0
1,0,1.0,0.0,0.0,0.0,0.0,0.0,0.0,0.0,0.0
1,0,1.0,0.0,0.0,0.0,0.0,0.0,0.0,0.0,0.0
1,0,1.0,0.0,0.0,0.0,0.0,0.0,0.0,0.0,0.0
1,0,1.0,0.0,0.0,0.0,0.0,0.0,0.0,0.0,0.0
1,0,1.0,0.0,0.0,0.0,0.0,0.0,0.0,0.0,0.0
1,0,1.0,0.0,0.0,0.0,0.0,0.0,0.0,0.0,0.0
1,0,1.0,0.0,0.0,0.0,0.0,0.0,0.0,0.0,0.0
1,0,1.0,0.0,0.0,0.0,0.0,0.0,0.0,0.0,0.0
1,0,1.0,0.0,0.0,0.0,0.0,0.0,0.0,0.0,0.0
1,0,1.0,0.0,0.0,0.0,0.0,0.0,0.0,0.0,0.0
1,0,1.0,0.0,0.0,0.0,0.0,0.0,0.0,0.0,0.0
1,0,1.0,0.0,0.0,0.0,0.0,0.0,0.0,0.0,0.0
1,0,1.0,0.0,0.0,0.0,0.0,0.0,0.0,0.0,0.0
1,0,1.0,0.0,0.0,0.0,0.0,0.0,0.0,0.0,0.0
1,0,1.0,0.0,0.0,0.0,0.0,0.0,0.0,0.0,0.0
1,0,1.0,0.0,0.0,0.0,0.0,0.0,0.0,0.0,0.0
1,0,1.0,0.0,0.0,0.0,0.0,0.0,0.0,0.0,0.0
1,0,1.0,0.0,0.0,0.0,0.0,0.0,0.0,0.0,0.0
1,0,1.0,0.0,0.0,0.0,0.0,0.0,0.0,0.0,0.0
1,0,1.0,0.0,0.0,0.0,0.0,0.0,0.0,0.0,0.0
1,0,1.0,0.0,0.0,0.0,0.0,0.0,0.0,0.0,0.0
1,0,1.0,0.0,0.0,0.0,0.0,0.0,0.0,0.0,0.0
1,0,1.0,0.0,0.0,0.0,0.0,0.0,0.0,0.0,0.0
1,0,1.0,0.0,0.0,0.0,0.0,0.0,0.0,0.0,0.0
1,0,1.0,0.0,0.0,0.0,0.0,0.0,0.0,0.0,0.0
1,0,1.0,0.0,0.0,0.0,0.0,0.0,0.0,0.0,0.0
1,0,1.0,0.0,0.0,0.0,0.0,0.0,0.0,0.0,0.0
1,0,1.0,0.0,0.0,0.0,0.0,0.0,0.0,0.0,0.0
1,0,1.0,0.0,0.0,0.0,0.0,0.0,0.0,0.0,0.0
1,0,1.0,0.0,0.0,0.0,0.0,0.0,0.0,0.0,0.0
1,0,1.0,0.0,0.0,0.0,0.0,0.0,0.0,0.0,0.0
1,0,1.0,0.0,0.0,0.0,0.0,0.0,0.0,0.0,0.0
1,0,1.0,0.0,0.0,0.0,0.0,0.0,0.0,0.0,0.0
1,0,1.0,0.0,0.0,0.0,0.0,0.0,0.0,0.0,0.0
1,0,1.0,0.0,0.0,0.0,0.0,0.0,0.0,0.0,0.0
1,0,1.0,0.0,0.0,0.0,0.0,0.0,0.0,0.0,0.0
1,0,1.0,0.0,0.0,0.0,0.0,0.0,0.0,0.0,0.0
1,0,1.0,0.0,0.0,0.0,0.0,0.0,0.0,0.0,0.0
1,0,1.0,0.0,0.0,0.0,0.0,0.0,0.0,0.0,0.0
1,0,1.0,0.0,0.0,0.0,0.0,0.0,0.0,0.0,0.0
1,0,1.0,0.0,0.0,0.0,0.0,0.0,0.0,0.0,0.0
1,0,1.0,0.0,0.0,0.0,0.0,0.0,0.0,0.0,0.0
1,0,1.0,0.0,0.0,0.0,0.0,0.0,0.0,0.0,0.0
1,0,1.0,0.0,0.0,0.0,0.0,0.0,0.0,0.0,0.0
1,0,1.0,0.0,0.0,0.0,0.0,0.0,0.0,0.0,0.0
1,0,1.0,0.0,0.0,0.0,0.0,0.0,0.0,0.0,0.0
1,0,1.0,0.0,0.0,0.0,0.0,0.0,0.0,0.0,0.0
1,0,1.0,0.0,0.0,0.0,0.0,0.0,0.0,0.0,0.0
1,0,1.0,0.0,0.0,0.0,0.0,0.0,0.0,0.0,0.0
1,0,1.0,0.0,0.0,0.0,0.0,0.0,0.0,0.0,0.0
1,0,1.0,0.0,0.0,0.0,0.0,0.0,0.0,0.0,0.0
1,0,1.0,0.0,0.0,0.0,0.0,0.0,0.0,0.0,0.0
1,0,1.0,0.0,0.0,0.0,0.0,0.0,0.0,0.0,0.0
1,0,1.0,0.0,0.0,0.0,0.0,0.0,0.0,0.0,0.0
1,0,1.0,0.0,0.0,0.0,0.0,0.0,0.0,0.0,0.0
1,0,1.0,0.0,0.0,0.0,0.0,0.0,0.0,0.0,0.0
1,0,1.0,0.0,0.0,0.0,0.0,0.0,0.0,0.0,0.0
1,0,1.0,0.0,0.0,0.0,0.0,0.0,0.0,0.0,0.0
1,0,1.0,0.0,0.0,0.0,0.0,0.0,0.0,0.0,0.0
1,0,1.0,0.0,0.0,0.0,0.0,0.0,0.0,0.0,0.0
1,0,1.0,0.0,0.0,0.0,0.0,0.0,0.0,0.0,0.0
1,0,1.0,0.0,0.0,0.0,0.0,0.0,0.0,0.0,0.0
1,0,1.0,0.0,0.0,0.0,0.0,0.0,0.0,0.0,0.0
1,0,1.0,0.0,0.0,0.0,0.0,0.0,0.0,0.0,0.0
1,0,1.0,0.0,0.0,0.0,0.0,0.0,0.0,0.0,0.0
1,0,1.0,0.0,0.0,0.0,0.0,0.0,0.0,0.0,0.0
1,0,1.0,0.0,0.0,0.0,0.0,0.0,0.0,0.0,0.0
1,0,1.0,0.0,0.0,0.0,0.0,0.0,0.0,0.0,0.0
1,0,1.0,0.0,0.0,0.0,0.0,0.0,0.0,0.0,0.0
1,0,1.0,0.0,0.0,0.0,0.0,0.0,0.0,0.0,0.0
1,0,1.0,0.0,0.0,0.0,0.0,0.0,0.0,0.0,0.0
1,0,1.0,0.0,0.0,0.0,0.0,0.0,0.0,0.0,0.0
1,0,1.0,0.0,0.0,0.0,0.0,0.0,0.0,0.0,0.0
1,0,1.0,0.0,0.0,0.0,0.0,0.0,0.0,0.0,0.0
1,0,1.0,0.0,0.0,0.0,0.0,0.0,0.0,0.0,0.0
1,0,1.0,0.0,0.0,0.0,0.0,0.0,0.0,0.0,0.0
1,0,1.0,0.0,0.0,0.0,0.0,0.0,0.0,0.0,0.0
1,0,1.0,0.0,0.0,0.0,0.0,0.0,0.0,0.0,0.0
1,0,1.0,0.0,0.0,0.0,0.0,0.0,0.0,0.0,0.0
1,0,1.0,0.0,0.0,0.0,0.0,0.0,0.0,0.0,0.0
1,0,1.0,0.0,0.0,0.0,0.0,0.0,0.0,0.0,0.0
1,0,1.0,0.0,0.0,0.0,0.0,0.0,0.0,0.0,0.0
1,0,1.0,0.0,0.0,0.0,0.0,0.0,0.0,0.0,0.0
1,0,1.0,0.0,0.0,0.0,0.0,0.0,0.0,0.0,0.0
1,0,1.0,0.0,0.0,0.0,0.0,0.0,0.0,0.0,0.0
1,0,1.0,0.0,0.0,0.0,0.0,0.0,0.0,0.0,0.0
1,0,1.0,0.0,0.0,0.0,0.0,0.0,0.0,0.0,0.0
1,0,1.0,0.0,0.0,0.0,0.0,0.0,0.0,0.0,0.0
1,0,1.0,0.0,0.0,0.0,0.0,0.0,0.0,0.0,0.0
1,0,1.0,0.0,0.0,0.0,0.0,0.0,0.0,0.0,0.0
1,0,1.0,0.0,0.0,0.0,0.0,0.0,0.0,0.0,0.0
1,0,1.0,0.0,0.0,0.0,0.0,0.0,0.0,0.0,0.0
1,0,1.0,0.0,0.0,0.0,0.0,0.0,0.0,0.0,0.0
1,0,1.0,0.0,0.0,0.0,0.0,0.0,0.0,0.0,0.0
1,0,1.0,0.0,0.0,0.0,0.0,0.0,0.0,0.0,0.0
1,0,1.0,0.0,0.0,0.0,0.0,0.0,0.0,0.0,0.0
1,0,1.0,0.0,0.0,0.0,0.0,0.0,0.0,0.0,0.0
1,0,1.0,0.0,0.0,0.0,0.0,0.0,0.0,0.0,0.0
1,0,1.0,0.0,0.0,0.0,0.0,0.0,0.0,0.0,0.0
1,0,1.0,0.0,0.0,0.0,0.0,0.0,0.0,0.0,0.0
1,0,1.0,0.0,0.0,0.0,0.0,0.0,0.0,0.0,0.0
1,0,1.0,0.0,0.0,0.0,0.0,0.0,0.0,0.0,0.0
1,0,1.0,0.0,0.0,0.0,0.0,0.0,0.0,0.0,0.0
1,0,1.0,0.0,0.0,0.0,0.0,0.0,0.0,0.0,0.0
1,0,1.0,0.0,0.0,0.0,0.0,0.0,0.0,0.0,0.0
1,0,1.0,0.0,0.0,0.0,0.0,0.0,0.0,0.0,0.0
1,0,1.0,0.0,0.0,0.0,0.0,0.0,0.0,0.0,0.0
1,0,1.0,0.0,0.0,0.0,0.0,0.0,0.0,0.0,0.0
1,0,1.0,0.0,0.0,0.0,0.0,0.0,0.0,0.0,0.0
1,0,1.0,0.0,0.0,0.0,0.0,0.0,0.0,0.0,0.0
1,0,1.0,0.0,0.0,0.0,0.0,0.0,0.0,0.0,0.0
1,0,1.0,0.0,0.0,0.0,0.0,0.0,0.0,0.0,0.0
1,0,1.0,0.0,0.0,0.0,0.0,0.0,0.0,0.0,0.0
1,0,1.0,0.0,0.0,0.0,0.0,0.0,0.0,0.0,0.0
1,0,1.0,0.0,0.0,0.0,0.0,0.0,0.0,0.0,0.0
1,0,1.0,0.0,0.0,0.0,0.0,0.0,0.0,0.0,0.0
1,0,1.0,0.0,0.0,0.0,0.0,0.0,0.0,0.0,0.0
1,0,1.0,0.0,0.0,0.0,0.0,0.0,0.0,0.0,0.0
1,0,1.0,0.0,0.0,0.0,0.0,0.0,0.0,0.0,0.0
1,0,1.0,0.0,0.0,0.0,0.0,0.0,0.0,0.0,0.0
1,0,1.0,0.0,0.0,0.0,0.0,0.0,0.0,0.0,0.0
1,0,1.0,0.0,0.0,0.0,0.0,0.0,0.0,0.0,0.0
1,0,1.0,0.0,0.0,0.0,0.0,0.0,0.0,0.0,0.0
1,0,1.0,0.0,0.0,0.0,0.0,0.0,0.0,0.0,0.0
1,0,1.0,0.0,0.0,0.0,0.0,0.0,0.0,0.0,0.0
1,0,1.0,0.0,0.0,0.0,0.0,0.0,0.0,0.0,0.0
1,0,1.0,0.0,0.0,0.0,0.0,0.0,0.0,0.0,0.0
1,0,1.0,0.0,0.0,0.0,0.0,0.0,0.0,0.0,0.0
1,0,1.0,0.0,0.0,0.0,0.0,0.0,0.0,0.0,0.0
1,0,1.0,0.0,0.0,0.0,0.0,0.0,0.0,0.0,0.0
1,0,1.0,0.0,0.0,0.0,0.0,0.0,0.0,0.0,0.0
1,0,1.0,0.0,0.0,0.0,0.0,0.0,0.0,0.0,0.0
1,0,1.0,0.0,0.0,0.0,0.0,0.0,0.0,0.0,0.0
1,0,1.0,0.0,0.0,0.0,0.0,0.0,0.0,0.0,0.0
1,0,1.0,0.0,0.0,0.0,0.0,0.0,0.0,0.0,0.0
1,0,1.0,0.0,0.0,0.0,0.0,0.0,0.0,0.0,0.0
1,0,1.0,0.0,0.0,0.0,0.0,0.0,0.0,0.0,0.0
1,0,1.0,0.0,0.0,0.0,0.0,0.0,0.0,0.0,0.0
1,0,1.0,0.0,0.0,0.0,0.0,0.0,0.0,0.0,0.0
1,0,1.0,0.0,0.0,0.0,0.0,0.0,0.0,0.0,0.0
1,0,1.0,0.0,0.0,0.0,0.0,0.0,0.0,0.0,0.0
1,0,1.0,0.0,0.0,0.0,0.0,0.0,0.0,0.0,0.0
1,0,1.0,0.0,0.0,0.0,0.0,0.0,0.0,0.0,0.0
1,0,1.0,0.0,0.0,0.0,0.0,0.0,0.0,0.0,0.0
1,0,1.0,0.0,0.0,0.0,0.0,0.0,0.0,0.0,0.0
1,0,1.0,0.0,0.0,0.0,0.0,0.0,0.0,0.0,0.0
1,0,1.0,0.0,0.0,0.0,0.0,0.0,0.0,0.0,0.0
1,0,1.0,0.0,0.0,0.0,0.0,0.0,0.0,0.0,0.0
1,0,1.0,0.0,0.0,0.0,0.0,0.0,0.0,0.0,0.0
1,0,1.0,0.0,0.0,0.0,0.0,0.0,0.0,0.0,0.0
1,0,1.0,0.0,0.0,0.0,0.0,0.0,0.0,0.0,0.0
1,0,1.0,0.0,0.0,0.0,0.0,0.0,0.0,0.0,0.0
1,0,1.0,0.0,0.0,0.0,0.0,0.0,0.0,0.0,0.0
1,0,1.0,0.0,0.0,0.0,0.0,0.0,0.0,0.0,0.0
1,0,1.0,0.0,0.0,0.0,0.0,0.0,0.0,0.0,0.0
1,0,1.0,0.0,0.0,0.0,0.0,0.0,0.0,0.0,0.0
1,0,1.0,0.0,0.0,0.0,0.0,0.0,0.0,0.0,0.0
1,0,1.0,0.0,0.0,0.0,0.0,0.0,0.0,0.0,0.0
1,0,1.0,0.0,0.0,0.0,0.0,0.0,0.0,0.0,0.0
1,0,1.0,0.0,0.0,0.0,0.0,0.0,0.0,0.0,0.0
1,0,1.0,0.0,0.0,0.0,0.0,0.0,0.0,0.0,0.0
1,0,1.0,0.0,0.0,0.0,0.0,0.0,0.0,0.0,0.0
1,0,1.0,0.0,0.0,0.0,0.0,0.0,0.0,0.0,0.0
1,0,1.0,0.0,0.0,0.0,0.0,0.0,0.0,0.0,0.0
1,0,1.0,0.0,0.0,0.0,0.0,0.0,0.0,0.0,0.0
1,0,1.0,0.0,0.0,0.0,0.0,0.0,0.0,0.0,0.0
1,0,1.0,0.0,0.0,0.0,0.0,0.0,0.0,0.0,0.0
1,0,1.0,0.0,0.0,0.0,0.0,0.0,0.0,0.0,0.0
1,0,1.0,0.0,0.0,0.0,0.0,0.0,0.0,0.0,0.0
1,0,1.0,0.0,0.0,0.0,0.0,0.0,0.0,0.0,0.0
1,0,1.0,0.0,0.0,0.0,0.0,0.0,0.0,0.0,0.0
1,0,1.0,0.0,0.0,0.0,0.0,0.0,0.0,0.0,0.0
1,0,1.0,0.0,0.0,0.0,0.0,0.0,0.0,0.0,0.0
1,0,1.0,0.0,0.0,0.0,0.0,0.0,0.0,0.0,0.0
1,0,1.0,0.0,0.0,0.0,0.0,0.0,0.0,0.0,0.0
1,0,1.0,0.0,0.0,0.0,0.0,0.0,0.0,0.0,0.0
1,0,1.0,0.0,0.0,0.0,0.0,0.0,0.0,0.0,0.0
1,0,1.0,0.0,0.0,0.0,0.0,0.0,0.0,0.0,0.0
1,0,1.0,0.0,0.0,0.0,0.0,0.0,0.0,0.0,0.0
1,0,1.0,0.0,0.0,0.0,0.0,0.0,0.0,0.0,0.0
1,0,1.0,0.0,0.0,0.0,0.0,0.0,0.0,0.0,0.0
1,0,1.0,0.0,0.0,0.0,0.0,0.0,0.0,0.0,0.0
1,0,1.0,0.0,0.0,0.0,0.0,0.0,0.0,0.0,0.0
1,0,1.0,0.0,0.0,0.0,0.0,0.0,0.0,0.0,0.0
1,0,1.0,0.0,0.0,0.0,0.0,0.0,0.0,0.0,0.0
1,0,1.0,0.0,0.0,0.0,0.0,0.0,0.0,0.0,0.0
1,0,1.0,0.0,0.0,0.0,0.0,0.0,0.0,0.0,0.0
1,0,1.0,0.0,0.0,0.0,0.0,0.0,0.0,0.0,0.0
1,0,1.0,0.0,0.0,0.0,0.0,0.0,0.0,0.0,0.0
1,0,1.0,0.0,0.0,0.0,0.0,0.0,0.0,0.0,0.0
1,0,1.0,0.0,0.0,0.0,0.0,0.0,0.0,0.0,0.0
1,0,1.0,0.0,0.0,0.0,0.0,0.0,0.0,0.0,0.0
1,0,1.0,0.0,0.0,0.0,0.0,0.0,0.0,0.0,0.0
1,0,1.0,0.0,0.0,0.0,0.0,0.0,0.0,0.0,0.0
1,0,1.0,0.0,0.0,0.0,0.0,0.0,0.0,0.0,0.0
1,0,1.0,0.0,0.0,0.0,0.0,0.0,0.0,0.0,0.0
1,0,1.0,0.0,0.0,0.0,0.0,0.0,0.0,0.0,0.0
1,0,1.0,0.0,0.0,0.0,0.0,0.0,0.0,0.0,0.0
1,0,1.0,0.0,0.0,0.0,0.0,0.0,0.0,0.0,0.0
1,0,1.0,0.0,0.0,0.0,0.0,0.0,0.0,0.0,0.0
1,0,1.0,0.0,0.0,0.0,0.0,0.0,0.0,0.0,0.0
1,0,1.0,0.0,0.0,0.0,0.0,0.0,0.0,0.0,0.0
1,0,1.0,0.0,0.0,0.0,0.0,0.0,0.0,0.0,0.0
1,0,1.0,0.0,0.0,0.0,0.0,0.0,0.0,0.0,0.0
1,0,1.0,0.0,0.0,0.0,0.0,0.0,0.0,0.0,0.0
1,0,1.0,0.0,0.0,0.0,0.0,0.0,0.0,0.0,0.0
1,0,1.0,0.0,0.0,0.0,0.0,0.0,0.0,0.0,0.0
1,0,1.0,0.0,0.0,0.0,0.0,0.0,0.0,0.0,0.0
1,0,1.0,0.0,0.0,0.0,0.0,0.0,0.0,0.0,0.0
1,0,1.0,0.0,0.0,0.0,0.0,0.0,0.0,0.0,0.0
1,0,1.0,0.0,0.0,0.0,0.0,0.0,0.0,0.0,0.0
1,0,1.0,0.0,0.0,0.0,0.0,0.0,0.0,0.0,0.0
1,0,1.0,0.0,0.0,0.0,0.0,0.0,0.0,0.0,0.0
1,0,1.0,0.0,0.0,0.0,0.0,0.0,0.0,0.0,0.0
1,0,1.0,0.0,0.0,0.0,0.0,0.0,0.0,0.0,0.0
1,0,1.0,0.0,0.0,0.0,0.0,0.0,0.0,0.0,0.0
1,0,1.0,0.0,0.0,0.0,0.0,0.0,0.0,0.0,0.0
1,0,1.0,0.0,0.0,0.0,0.0,0.0,0.0,0.0,0.0
1,0,1.0,0.0,0.0,0.0,0.0,0.0,0.0,0.0,0.0
1,0,1.0,0.0,0.0,0.0,0.0,0.0,0.0,0.0,0.0
1,0,1.0,0.0,0.0,0.0,0.0,0.0,0.0,0.0,0.0
1,0,1.0,0.0,0.0,0.0,0.0,0.0,0.0,0.0,0.0
1,0,1.0,0.0,0.0,0.0,0.0,0.0,0.0,0.0,0.0
1,0,1.0,0.0,0.0,0.0,0.0,0.0,0.0,0.0,0.0
1,0,1.0,0.0,0.0,0.0,0.0,0.0,0.0,0.0,0.0
1,0,1.0,0.0,0.0,0.0,0.0,0.0,0.0,0.0,0.0
1,0,1.0,0.0,0.0,0.0,0.0,0.0,0.0,0.0,0.0
1,0,1.0,0.0,0.0,0.0,0.0,0.0,0.0,0.0,0.0
1,0,1.0,0.0,0.0,0.0,0.0,0.0,0.0,0.0,0.0
1,0,1.0,0.0,0.0,0.0,0.0,0.0,0.0,0.0,0.0
1,0,1.0,0.0,0.0,0.0,0.0,0.0,0.0,0.0,0.0
1,0,1.0,0.0,0.0,0.0,0.0,0.0,0.0,0.0,0.0
1,0,1.0,0.0,0.0,0.0,0.0,0.0,0.0,0.0,0.0
1,0,1.0,0.0,0.0,0.0,0.0,0.0,0.0,0.0,0.0
1,0,1.0,0.0,0.0,0.0,0.0,0.0,0.0,0.0,0.0
1,0,1.0,0.0,0.0,0.0,0.0,0.0,0.0,0.0,0.0
1,0,1.0,0.0,0.0,0.0,0.0,0.0,0.0,0.0,0.0
1,0,1.0,0.0,0.0,0.0,0.0,0.0,0.0,0.0,0.0
1,0,1.0,0.0,0.0,0.0,0.0,0.0,0.0,0.0,0.0
1,0,1.0,0.0,0.0,0.0,0.0,0.0,0.0,0.0,0.0
1,0,1.0,0.0,0.0,0.0,0.0,0.0,0.0,0.0,0.0
1,0,1.0,0.0,0.0,0.0,0.0,0.0,0.0,0.0,0.0
1,0,1.0,0.0,0.0,0.0,0.0,0.0,0.0,0.0,0.0
1,0,1.0,0.0,0.0,0.0,0.0,0.0,0.0,0.0,0.0
1,0,1.0,0.0,0.0,0.0,0.0,0.0,0.0,0.0,0.0
1,0,1.0,0.0,0.0,0.0,0.0,0.0,0.0,0.0,0.0
1,0,1.0,0.0,0.0,0.0,0.0,0.0,0.0,0.0,0.0
1,0,1.0,0.0,0.0,0.0,0.0,0.0,0.0,0.0,0.0
1,0,1.0,0.0,0.0,0.0,0.0,0.0,0.0,0.0,0.0
1,0,1.0,0.0,0.0,0.0,0.0,0.0,0.0,0.0,0.0
1,0,1.0,0.0,0.0,0.0,0.0,0.0,0.0,0.0,0.0
1,0,1.0,0.0,0.0,0.0,0.0,0.0,0.0,0.0,0.0
1,0,1.0,0.0,0.0,0.0,0.0,0.0,0.0,0.0,0.0
1,0,1.0,0.0,0.0,0.0,0.0,0.0,0.0,0.0,0.0
1,0,1.0,0.0,0.0,0.0,0.0,0.0,0.0,0.0,0.0
1,0,1.0,0.0,0.0,0.0,0.0,0.0,0.0,0.0,0.0
1,0,1.0,0.0,0.0,0.0,0.0,0.0,0.0,0.0,0.0
1,0,1.0,0.0,0.0,0.0,0.0,0.0,0.0,0.0,0.0
1,0,1.0,0.0,0.0,0.0,0.0,0.0,0.0,0.0,0.0
1,0,1.0,0.0,0.0,0.0,0.0,0.0,0.0,0.0,0.0
1,0,1.0,0.0,0.0,0.0,0.0,0.0,0.0,0.0,0.0
1,0,1.0,0.0,0.0,0.0,0.0,0.0,0.0,0.0,0.0
1,0,1.0,0.0,0.0,0.0,0.0,0.0,0.0,0.0,0.0
1,0,1.0,0.0,0.0,0.0,0.0,0.0,0.0,0.0,0.0
1,0,1.0,0.0,0.0,0.0,0.0,0.0,0.0,0.0,0.0
1,0,1.0,0.0,0.0,0.0,0.0,0.0,0.0,0.0,0.0
1,0,1.0,0.0,0.0,0.0,0.0,0.0,0.0,0.0,0.0
1,0,1.0,0.0,0.0,0.0,0.0,0.0,0.0,0.0,0.0
1,0,1.0,0.0,0.0,0.0,0.0,0.0,0.0,0.0,0.0
1,0,1.0,0.0,0.0,0.0,0.0,0.0,0.0,0.0,0.0
1,0,1.0,0.0,0.0,0.0,0.0,0.0,0.0,0.0,0.0
1,0,1.0,0.0,0.0,0.0,0.0,0.0,0.0,0.0,0.0
1,0,1.0,0.0,0.0,0.0,0.0,0.0,0.0,0.0,0.0
1,0,1.0,0.0,0.0,0.0,0.0,0.0,0.0,0.0,0.0
1,0,1.0,0.0,0.0,0.0,0.0,0.0,0.0,0.0,0.0
1,0,1.0,0.0,0.0,0.0,0.0,0.0,0.0,0.0,0.0
1,0,1.0,0.0,0.0,0.0,0.0,0.0,0.0,0.0,0.0
1,0,1.0,0.0,0.0,0.0,0.0,0.0,0.0,0.0,0.0
1,0,1.0,0.0,0.0,0.0,0.0,0.0,0.0,0.0,0.0
1,0,1.0,0.0,0.0,0.0,0.0,0.0,0.0,0.0,0.0
1,0,1.0,0.0,0.0,0.0,0.0,0.0,0.0,0.0,0.0
1,0,1.0,0.0,0.0,0.0,0.0,0.0,0.0,0.0,0.0
1,0,1.0,0.0,0.0,0.0,0.0,0.0,0.0,0.0,0.0
1,0,1.0,0.0,0.0,0.0,0.0,0.0,0.0,0.0,0.0
1,0,1.0,0.0,0.0,0.0,0.0,0.0,0.0,0.0,0.0
1,0,1.0,0.0,0.0,0.0,0.0,0.0,0.0,0.0,0.0
1,0,1.0,0.0,0.0,0.0,0.0,0.0,0.0,0.0,0.0
1,0,1.0,0.0,0.0,0.0,0.0,0.0,0.0,0.0,0.0
1,0,1.0,0.0,0.0,0.0,0.0,0.0,0.0,0.0,0.0
1,0,1.0,0.0,0.0,0.0,0.0,0.0,0.0,0.0,0.0
1,0,1.0,0.0,0.0,0.0,0.0,0.0,0.0,0.0,0.0
1,0,1.0,0.0,0.0,0.0,0.0,0.0,0.0,0.0,0.0
1,0,1.0,0.0,0.0,0.0,0.0,0.0,0.0,0.0,0.0
1,0,1.0,0.0,0.0,0.0,0.0,0.0,0.0,0.0,0.0
1,0,1.0,0.0,0.0,0.0,0.0,0.0,0.0,0.0,0.0
1,0,1.0,0.0,0.0,0.0,0.0,0.0,0.0,0.0,0.0
1,0,1.0,0.0,0.0,0.0,0.0,0.0,0.0,0.0,0.0
1,0,1.0,0.0,0.0,0.0,0.0,0.0,0.0,0.0,0.0
1,0,1.0,0.0,0.0,0.0,0.0,0.0,0.0,0.0,0.0
1,0,1.0,0.0,0.0,0.0,0.0,0.0,0.0,0.0,0.0
1,0,1.0,0.0,0.0,0.0,0.0,0.0,0.0,0.0,0.0
1,0,1.0,0.0,0.0,0.0,0.0,0.0,0.0,0.0,0.0
1,0,1.0,0.0,0.0,0.0,0.0,0.0,0.0,0.0,0.0
1,0,1.0,0.0,0.0,0.0,0.0,0.0,0.0,0.0,0.0
1,0,1.0,0.0,0.0,0.0,0.0,0.0,0.0,0.0,0.0
1,0,1.0,0.0,0.0,0.0,0.0,0.0,0.0,0.0,0.0
1,0,1.0,0.0,0.0,0.0,0.0,0.0,0.0,0.0,0.0
1,0,1.0,0.0,0.0,0.0,0.0,0.0,0.0,0.0,0.0
1,0,1.0,0.0,0.0,0.0,0.0,0.0,0.0,0.0,0.0
1,0,1.0,0.0,0.0,0.0,0.0,0.0,0.0,0.0,0.0
1,0,1.0,0.0,0.0,0.0,0.0,0.0,0.0,0.0,0.0
1,0,1.0,0.0,0.0,0.0,0.0,0.0,0.0,0.0,0.0
1,0,1.0,0.0,0.0,0.0,0.0,0.0,0.0,0.0,0.0
1,0,1.0,0.0,0.0,0.0,0.0,0.0,0.0,0.0,0.0
1,0,1.0,0.0,0.0,0.0,0.0,0.0,0.0,0.0,0.0
1,0,1.0,0.0,0.0,0.0,0.0,0.0,0.0,0.0,0.0
1,0,1.0,0.0,0.0,0.0,0.0,0.0,0.0,0.0,0.0
1,0,1.0,0.0,0.0,0.0,0.0,0.0,0.0,0.0,0.0
1,0,1.0,0.0,0.0,0.0,0.0,0.0,0.0,0.0,0.0
1,0,1.0,0.0,0.0,0.0,0.0,0.0,0.0,0.0,0.0
1,0,1.0,0.0,0.0,0.0,0.0,0.0,0.0,0.0,0.0
1,0,1.0,0.0,0.0,0.0,0.0,0.0,0.0,0.0,0.0
1,0,1.0,0.0,0.0,0.0,0.0,0.0,0.0,0.0,0.0
1,0,1.0,0.0,0.0,0.0,0.0,0.0,0.0,0.0,0.0
1,0,1.0,0.0,0.0,0.0,0.0,0.0,0.0,0.0,0.0
1,0,1.0,0.0,0.0,0.0,0.0,0.0,0.0,0.0,0.0
1,0,1.0,0.0,0.0,0.0,0.0,0.0,0.0,0.0,0.0
1,0,1.0,0.0,0.0,0.0,0.0,0.0,0.0,0.0,0.0
1,0,1.0,0.0,0.0,0.0,0.0,0.0,0.0,0.0,0.0
1,0,1.0,0.0,0.0,0.0,0.0,0.0,0.0,0.0,0.0
1,0,1.0,0.0,0.0,0.0,0.0,0.0,0.0,0.0,0.0
1,0,1.0,0.0,0.0,0.0,0.0,0.0,0.0,0.0,0.0
1,0,1.0,0.0,0.0,0.0,0.0,0.0,0.0,0.0,0.0
1,0,1.0,0.0,0.0,0.0,0.0,0.0,0.0,0.0,0.0
1,0,1.0,0.0,0.0,0.0,0.0,0.0,0.0,0.0,0.0
1,0,1.0,0.0,0.0,0.0,0.0,0.0,0.0,0.0,0.0
1,0,1.0,0.0,0.0,0.0,0.0,0.0,0.0,0.0,0.0
1,0,1.0,0.0,0.0,0.0,0.0,0.0,0.0,0.0,0.0
1,0,1.0,0.0,0.0,0.0,0.0,0.0,0.0,0.0,0.0
1,0,1.0,0.0,0.0,0.0,0.0,0.0,0.0,0.0,0.0
1,0,1.0,0.0,0.0,0.0,0.0,0.0,0.0,0.0,0.0
1,0,1.0,0.0,0.0,0.0,0.0,0.0,0.0,0.0,0.0
1,0,1.0,0.0,0.0,0.0,0.0,0.0,0.0,0.0,0.0
1,0,1.0,0.0,0.0,0.0,0.0,0.0,0.0,0.0,0.0
1,0,1.0,0.0,0.0,0.0,0.0,0.0,0.0,0.0,0.0
1,0,1.0,0.0,0.0,0.0,0.0,0.0,0.0,0.0,0.0
1,0,1.0,0.0,0.0,0.0,0.0,0.0,0.0,0.0,0.0
1,0,1.0,0.0,0.0,0.0,0.0,0.0,0.0,0.0,0.0
1,0,1.0,0.0,0.0,0.0,0.0,0.0,0.0,0.0,0.0
1,0,1.0,0.0,0.0,0.0,0.0,0.0,0.0,0.0,0.0
1,0,1.0,0.0,0.0,0.0,0.0,0.0,0.0,0.0,0.0
1,0,1.0,0.0,0.0,0.0,0.0,0.0,0.0,0.0,0.0
1,0,1.0,0.0,0.0,0.0,0.0,0.0,0.0,0.0,0.0
1,0,1.0,0.0,0.0,0.0,0.0,0.0,0.0,0.0,0.0
1,0,1.0,0.0,0.0,0.0,0.0,0.0,0.0,0.0,0.0
1,0,1.0,0.0,0.0,0.0,0.0,0.0,0.0,0.0,0.0
1,0,1.0,0.0,0.0,0.0,0.0,0.0,0.0,0.0,0.0
1,0,1.0,0.0,0.0,0.0,0.0,0.0,0.0,0.0,0.0
1,0,1.0,0.0,0.0,0.0,0.0,0.0,0.0,0.0,0.0
1,0,1.0,0.0,0.0,0.0,0.0,0.0,0.0,0.0,0.0
1,0,1.0,0.0,0.0,0.0,0.0,0.0,0.0,0.0,0.0
1,0,1.0,0.0,0.0,0.0,0.0,0.0,0.0,0.0,0.0
1,0,1.0,0.0,0.0,0.0,0.0,0.0,0.0,0.0,0.0
1,0,1.0,0.0,0.0,0.0,0.0,0.0,0.0,0.0,0.0
1,0,1.0,0.0,0.0,0.0,0.0,0.0,0.0,0.0,0.0
1,0,1.0,0.0,0.0,0.0,0.0,0.0,0.0,0.0,0.0
1,0,1.0,0.0,0.0,0.0,0.0,0.0,0.0,0.0,0.0
1,0,1.0,0.0,0.0,0.0,0.0,0.0,0.0,0.0,0.0
1,0,1.0,0.0,0.0,0.0,0.0,0.0,0.0,0.0,0.0
1,0,1.0,0.0,0.0,0.0,0.0,0.0,0.0,0.0,0.0
1,0,1.0,0.0,0.0,0.0,0.0,0.0,0.0,0.0,0.0
1,0,1.0,0.0,0.0,0.0,0.0,0.0,0.0,0.0,0.0
1,0,1.0,0.0,0.0,0.0,0.0,0.0,0.0,0.0,0.0
1,0,1.0,0.0,0.0,0.0,0.0,0.0,0.0,0.0,0.0
1,0,1.0,0.0,0.0,0.0,0.0,0.0,0.0,0.0,0.0
1,0,1.0,0.0,0.0,0.0,0.0,0.0,0.0,0.0,0.0
1,0,1.0,0.0,0.0,0.0,0.0,0.0,0.0,0.0,0.0
1,0,1.0,0.0,0.0,0.0,0.0,0.0,0.0,0.0,0.0
1,0,1.0,0.0,0.0,0.0,0.0,0.0,0.0,0.0,0.0
1,0,1.0,0.0,0.0,0.0,0.0,0.0,0.0,0.0,0.0
1,0,1.0,0.0,0.0,0.0,0.0,0.0,0.0,0.0,0.0
1,0,1.0,0.0,0.0,0.0,0.0,0.0,0.0,0.0,0.0
1,0,1.0,0.0,0.0,0.0,0.0,0.0,0.0,0.0,0.0
1,0,1.0,0.0,0.0,0.0,0.0,0.0,0.0,0.0,0.0
1,0,1.0,0.0,0.0,0.0,0.0,0.0,0.0,0.0,0.0
1,0,1.0,0.0,0.0,0.0,0.0,0.0,0.0,0.0,0.0
1,0,1.0,0.0,0.0,0.0,0.0,0.0,0.0,0.0,0.0
1,0,1.0,0.0,0.0,0.0,0.0,0.0,0.0,0.0,0.0
1,0,1.0,0.0,0.0,0.0,0.0,0.0,0.0,0.0,0.0
1,0,1.0,0.0,0.0,0.0,0.0,0.0,0.0,0.0,0.0
1,0,1.0,0.0,0.0,0.0,0.0,0.0,0.0,0.0,0.0
1,0,1.0,0.0,0.0,0.0,0.0,0.0,0.0,0.0,0.0
1,0,1.0,0.0,0.0,0.0,0.0,0.0,0.0,0.0,0.0
1,0,1.0,0.0,0.0,0.0,0.0,0.0,0.0,0.0,0.0
1,0,1.0,0.0,0.0,0.0,0.0,0.0,0.0,0.0,0.0
1,0,1.0,0.0,0.0,0.0,0.0,0.0,0.0,0.0,0.0
1,0,1.0,0.0,0.0,0.0,0.0,0.0,0.0,0.0,0.0
1,0,1.0,0.0,0.0,0.0,0.0,0.0,0.0,0.0,0.0
1,0,1.0,0.0,0.0,0.0,0.0,0.0,0.0,0.0,0.0
1,0,1.0,0.0,0.0,0.0,0.0,0.0,0.0,0.0,0.0
1,0,1.0,0.0,0.0,0.0,0.0,0.0,0.0,0.0,0.0
1,0,1.0,0.0,0.0,0.0,0.0,0.0,0.0,0.0,0.0
1,0,1.0,0.0,0.0,0.0,0.0,0.0,0.0,0.0,0.0
1,0,1.0,0.0,0.0,0.0,0.0,0.0,0.0,0.0,0.0
1,0,1.0,0.0,0.0,0.0,0.0,0.0,0.0,0.0,0.0
1,0,1.0,0.0,0.0,0.0,0.0,0.0,0.0,0.0,0.0
1,0,1.0,0.0,0.0,0.0,0.0,0.0,0.0,0.0,0.0
1,0,1.0,0.0,0.0,0.0,0.0,0.0,0.0,0.0,0.0
1,0,1.0,0.0,0.0,0.0,0.0,0.0,0.0,0.0,0.0
1,0,1.0,0.0,0.0,0.0,0.0,0.0,0.0,0.0,0.0
1,0,1.0,0.0,0.0,0.0,0.0,0.0,0.0,0.0,0.0
1,0,1.0,0.0,0.0,0.0,0.0,0.0,0.0,0.0,0.0
1,0,1.0,0.0,0.0,0.0,0.0,0.0,0.0,0.0,0.0
1,0,1.0,0.0,0.0,0.0,0.0,0.0,0.0,0.0,0.0
1,0,1.0,0.0,0.0,0.0,0.0,0.0,0.0,0.0,0.0
1,0,1.0,0.0,0.0,0.0,0.0,0.0,0.0,0.0,0.0
1,0,1.0,0.0,0.0,0.0,0.0,0.0,0.0,0.0,0.0
1,0,1.0,0.0,0.0,0.0,0.0,0.0,0.0,0.0,0.0
1,0,1.0,0.0,0.0,0.0,0.0,0.0,0.0,0.0,0.0
1,0,1.0,0.0,0.0,0.0,0.0,0.0,0.0,0.0,0.0
1,0,1.0,0.0,0.0,0.0,0.0,0.0,0.0,0.0,0.0
1,0,1.0,0.0,0.0,0.0,0.0,0.0,0.0,0.0,0.0
1,0,1.0,0.0,0.0,0.0,0.0,0.0,0.0,0.0,0.0
1,0,1.0,0.0,0.0,0.0,0.0,0.0,0.0,0.0,0.0
1,0,1.0,0.0,0.0,0.0,0.0,0.0,0.0,0.0,0.0
1,0,1.0,0.0,0.0,0.0,0.0,0.0,0.0,0.0,0.0
1,0,1.0,0.0,0.0,0.0,0.0,0.0,0.0,0.0,0.0
1,0,1.0,0.0,0.0,0.0,0.0,0.0,0.0,0.0,0.0
1,0,1.0,0.0,0.0,0.0,0.0,0.0,0.0,0.0,0.0
1,0,1.0,0.0,0.0,0.0,0.0,0.0,0.0,0.0,0.0
1,0,1.0,0.0,0.0,0.0,0.0,0.0,0.0,0.0,0.0
1,0,1.0,0.0,0.0,0.0,0.0,0.0,0.0,0.0,0.0
1,0,1.0,0.0,0.0,0.0,0.0,0.0,0.0,0.0,0.0
1,0,1.0,0.0,0.0,0.0,0.0,0.0,0.0,0.0,0.0
1,0,1.0,0.0,0.0,0.0,0.0,0.0,0.0,0.0,0.0
1,0,1.0,0.0,0.0,0.0,0.0,0.0,0.0,0.0,0.0
1,0,1.0,0.0,0.0,0.0,0.0,0.0,0.0,0.0,0.0
1,0,1.0,0.0,0.0,0.0,0.0,0.0,0.0,0.0,0.0
1,0,1.0,0.0,0.0,0.0,0.0,0.0,0.0,0.0,0.0
1,0,1.0,0.0,0.0,0.0,0.0,0.0,0.0,0.0,0.0
1,0,1.0,0.0,0.0,0.0,0.0,0.0,0.0,0.0,0.0
1,0,1.0,0.0,0.0,0.0,0.0,0.0,0.0,0.0,0.0
1,0,1.0,0.0,0.0,0.0,0.0,0.0,0.0,0.0,0.0
1,0,1.0,0.0,0.0,0.0,0.0,0.0,0.0,0.0,0.0
1,0,1.0,0.0,0.0,0.0,0.0,0.0,0.0,0.0,0.0
1,0,1.0,0.0,0.0,0.0,0.0,0.0,0.0,0.0,0.0
1,0,1.0,0.0,0.0,0.0,0.0,0.0,0.0,0.0,0.0
1,0,1.0,0.0,0.0,0.0,0.0,0.0,0.0,0.0,0.0
1,0,1.0,0.0,0.0,0.0,0.0,0.0,0.0,0.0,0.0
1,0,1.0,0.0,0.0,0.0,0.0,0.0,0.0,0.0,0.0
1,0,1.0,0.0,0.0,0.0,0.0,0.0,0.0,0.0,0.0
1,0,1.0,0.0,0.0,0.0,0.0,0.0,0.0,0.0,0.0
1,0,1.0,0.0,0.0,0.0,0.0,0.0,0.0,0.0,0.0
1,0,1.0,0.0,0.0,0.0,0.0,0.0,0.0,0.0,0.0
1,0,1.0,0.0,0.0,0.0,0.0,0.0,0.0,0.0,0.0
1,0,1.0,0.0,0.0,0.0,0.0,0.0,0.0,0.0,0.0
1,0,1.0,0.0,0.0,0.0,0.0,0.0,0.0,0.0,0.0
1,0,1.0,0.0,0.0,0.0,0.0,0.0,0.0,0.0,0.0
1,0,1.0,0.0,0.0,0.0,0.0,0.0,0.0,0.0,0.0
1,0,1.0,0.0,0.0,0.0,0.0,0.0,0.0,0.0,0.0
1,0,1.0,0.0,0.0,0.0,0.0,0.0,0.0,0.0,0.0
1,0,1.0,0.0,0.0,0.0,0.0,0.0,0.0,0.0,0.0
1,0,1.0,0.0,0.0,0.0,0.0,0.0,0.0,0.0,0.0
1,0,1.0,0.0,0.0,0.0,0.0,0.0,0.0,0.0,0.0
1,0,1.0,0.0,0.0,0.0,0.0,0.0,0.0,0.0,0.0
1,0,1.0,0.0,0.0,0.0,0.0,0.0,0.0,0.0,0.0
1,0,1.0,0.0,0.0,0.0,0.0,0.0,0.0,0.0,0.0
1,0,1.0,0.0,0.0,0.0,0.0,0.0,0.0,0.0,0.0
1,0,1.0,0.0,0.0,0.0,0.0,0.0,0.0,0.0,0.0
1,0,1.0,0.0,0.0,0.0,0.0,0.0,0.0,0.0,0.0
1,0,1.0,0.0,0.0,0.0,0.0,0.0,0.0,0.0,0.0
1,0,1.0,0.0,0.0,0.0,0.0,0.0,0.0,0.0,0.0
1,0,1.0,0.0,0.0,0.0,0.0,0.0,0.0,0.0,0.0
1,0,1.0,0.0,0.0,0.0,0.0,0.0,0.0,0.0,0.0
1,0,1.0,0.0,0.0,0.0,0.0,0.0,0.0,0.0,0.0
1,0,1.0,0.0,0.0,0.0,0.0,0.0,0.0,0.0,0.0
1,0,1.0,0.0,0.0,0.0,0.0,0.0,0.0,0.0,0.0
1,0,1.0,0.0,0.0,0.0,0.0,0.0,0.0,0.0,0.0
1,0,1.0,0.0,0.0,0.0,0.0,0.0,0.0,0.0,0.0
1,0,1.0,0.0,0.0,0.0,0.0,0.0,0.0,0.0,0.0
1,0,1.0,0.0,0.0,0.0,0.0,0.0,0.0,0.0,0.0
1,0,1.0,0.0,0.0,0.0,0.0,0.0,0.0,0.0,0.0
1,0,1.0,0.0,0.0,0.0,0.0,0.0,0.0,0.0,0.0
1,0,1.0,0.0,0.0,0.0,0.0,0.0,0.0,0.0,0.0
1,0,1.0,0.0,0.0,0.0,0.0,0.0,0.0,0.0,0.0
1,0,1.0,0.0,0.0,0.0,0.0,0.0,0.0,0.0,0.0
1,0,1.0,0.0,0.0,0.0,0.0,0.0,0.0,0.0,0.0
1,0,1.0,0.0,0.0,0.0,0.0,0.0,0.0,0.0,0.0
1,0,1.0,0.0,0.0,0.0,0.0,0.0,0.0,0.0,0.0
1,0,1.0,0.0,0.0,0.0,0.0,0.0,0.0,0.0,0.0
1,0,1.0,0.0,0.0,0.0,0.0,0.0,0.0,0.0,0.0
1,0,1.0,0.0,0.0,0.0,0.0,0.0,0.0,0.0,0.0
1,0,1.0,0.0,0.0,0.0,0.0,0.0,0.0,0.0,0.0
1,0,1.0,0.0,0.0,0.0,0.0,0.0,0.0,0.0,0.0
1,0,1.0,0.0,0.0,0.0,0.0,0.0,0.0,0.0,0.0
1,0,1.0,0.0,0.0,0.0,0.0,0.0,0.0,0.0,0.0
1,0,1.0,0.0,0.0,0.0,0.0,0.0,0.0,0.0,0.0
1,0,1.0,0.0,0.0,0.0,0.0,0.0,0.0,0.0,0.0
1,0,1.0,0.0,0.0,0.0,0.0,0.0,0.0,0.0,0.0
1,0,1.0,0.0,0.0,0.0,0.0,0.0,0.0,0.0,0.0
1,0,1.0,0.0,0.0,0.0,0.0,0.0,0.0,0.0,0.0
1,0,1.0,0.0,0.0,0.0,0.0,0.0,0.0,0.0,0.0
1,0,1.0,0.0,0.0,0.0,0.0,0.0,0.0,0.0,0.0
1,0,1.0,0.0,0.0,0.0,0.0,0.0,0.0,0.0,0.0
1,0,1.0,0.0,0.0,0.0,0.0,0.0,0.0,0.0,0.0
1,0,1.0,0.0,0.0,0.0,0.0,0.0,0.0,0.0,0.0
1,0,1.0,0.0,0.0,0.0,0.0,0.0,0.0,0.0,0.0
1,0,1.0,0.0,0.0,0.0,0.0,0.0,0.0,0.0,0.0
1,0,1.0,0.0,0.0,0.0,0.0,0.0,0.0,0.0,0.0
1,0,1.0,0.0,0.0,0.0,0.0,0.0,0.0,0.0,0.0
1,0,1.0,0.0,0.0,0.0,0.0,0.0,0.0,0.0,0.0
1,0,1.0,0.0,0.0,0.0,0.0,0.0,0.0,0.0,0.0
1,0,1.0,0.0,0.0,0.0,0.0,0.0,0.0,0.0,0.0
1,0,1.0,0.0,0.0,0.0,0.0,0.0,0.0,0.0,0.0
1,0,1.0,0.0,0.0,0.0,0.0,0.0,0.0,0.0,0.0
1,0,1.0,0.0,0.0,0.0,0.0,0.0,0.0,0.0,0.0
1,0,1.0,0.0,0.0,0.0,0.0,0.0,0.0,0.0,0.0
1,0,1.0,0.0,0.0,0.0,0.0,0.0,0.0,0.0,0.0
1,0,1.0,0.0,0.0,0.0,0.0,0.0,0.0,0.0,0.0
1,0,1.0,0.0,0.0,0.0,0.0,0.0,0.0,0.0,0.0
1,0,1.0,0.0,0.0,0.0,0.0,0.0,0.0,0.0,0.0
1,0,1.0,0.0,0.0,0.0,0.0,0.0,0.0,0.0,0.0
1,0,1.0,0.0,0.0,0.0,0.0,0.0,0.0,0.0,0.0
1,0,1.0,0.0,0.0,0.0,0.0,0.0,0.0,0.0,0.0
1,0,1.0,0.0,0.0,0.0,0.0,0.0,0.0,0.0,0.0
1,0,1.0,0.0,0.0,0.0,0.0,0.0,0.0,0.0,0.0
1,0,1.0,0.0,0.0,0.0,0.0,0.0,0.0,0.0,0.0
1,0,1.0,0.0,0.0,0.0,0.0,0.0,0.0,0.0,0.0
1,0,1.0,0.0,0.0,0.0,0.0,0.0,0.0,0.0,0.0
1,0,1.0,0.0,0.0,0.0,0.0,0.0,0.0,0.0,0.0
1,0,1.0,0.0,0.0,0.0,0.0,0.0,0.0,0.0,0.0
1,0,1.0,0.0,0.0,0.0,0.0,0.0,0.0,0.0,0.0
1,0,1.0,0.0,0.0,0.0,0.0,0.0,0.0,0.0,0.0
1,0,1.0,0.0,0.0,0.0,0.0,0.0,0.0,0.0,0.0
1,0,1.0,0.0,0.0,0.0,0.0,0.0,0.0,0.0,0.0
1,0,1.0,0.0,0.0,0.0,0.0,0.0,0.0,0.0,0.0
1,0,1.0,0.0,0.0,0.0,0.0,0.0,0.0,0.0,0.0
1,0,1.0,0.0,0.0,0.0,0.0,0.0,0.0,0.0,0.0
1,0,1.0,0.0,0.0,0.0,0.0,0.0,0.0,0.0,0.0
1,0,1.0,0.0,0.0,0.0,0.0,0.0,0.0,0.0,0.0
1,0,1.0,0.0,0.0,0.0,0.0,0.0,0.0,0.0,0.0
1,0,1.0,0.0,0.0,0.0,0.0,0.0,0.0,0.0,0.0
1,0,1.0,0.0,0.0,0.0,0.0,0.0,0.0,0.0,0.0
1,0,1.0,0.0,0.0,0.0,0.0,0.0,0.0,0.0,0.0
1,0,1.0,0.0,0.0,0.0,0.0,0.0,0.0,0.0,0.0
1,0,1.0,0.0,0.0,0.0,0.0,0.0,0.0,0.0,0.0
1,0,1.0,0.0,0.0,0.0,0.0,0.0,0.0,0.0,0.0
1,0,1.0,0.0,0.0,0.0,0.0,0.0,0.0,0.0,0.0
1,0,1.0,0.0,0.0,0.0,0.0,0.0,0.0,0.0,0.0
1,0,1.0,0.0,0.0,0.0,0.0,0.0,0.0,0.0,0.0
1,0,1.0,0.0,0.0,0.0,0.0,0.0,0.0,0.0,0.0
1,0,1.0,0.0,0.0,0.0,0.0,0.0,0.0,0.0,0.0
1,0,1.0,0.0,0.0,0.0,0.0,0.0,0.0,0.0,0.0
1,0,1.0,0.0,0.0,0.0,0.0,0.0,0.0,0.0,0.0
1,0,1.0,0.0,0.0,0.0,0.0,0.0,0.0,0.0,0.0
1,0,1.0,0.0,0.0,0.0,0.0,0.0,0.0,0.0,0.0
1,0,1.0,0.0,0.0,0.0,0.0,0.0,0.0,0.0,0.0
1,0,1.0,0.0,0.0,0.0,0.0,0.0,0.0,0.0,0.0
1,0,1.0,0.0,0.0,0.0,0.0,0.0,0.0,0.0,0.0
1,0,1.0,0.0,0.0,0.0,0.0,0.0,0.0,0.0,0.0
1,0,1.0,0.0,0.0,0.0,0.0,0.0,0.0,0.0,0.0
1,0,1.0,0.0,0.0,0.0,0.0,0.0,0.0,0.0,0.0
1,0,1.0,0.0,0.0,0.0,0.0,0.0,0.0,0.0,0.0
1,0,1.0,0.0,0.0,0.0,0.0,0.0,0.0,0.0,0.0
1,0,1.0,0.0,0.0,0.0,0.0,0.0,0.0,0.0,0.0
1,0,1.0,0.0,0.0,0.0,0.0,0.0,0.0,0.0,0.0
1,0,1.0,0.0,0.0,0.0,0.0,0.0,0.0,0.0,0.0
1,0,1.0,0.0,0.0,0.0,0.0,0.0,0.0,0.0,0.0
1,0,1.0,0.0,0.0,0.0,0.0,0.0,0.0,0.0,0.0
1,0,1.0,0.0,0.0,0.0,0.0,0.0,0.0,0.0,0.0
1,0,1.0,0.0,0.0,0.0,0.0,0.0,0.0,0.0,0.0
1,0,1.0,0.0,0.0,0.0,0.0,0.0,0.0,0.0,0.0
1,0,1.0,0.0,0.0,0.0,0.0,0.0,0.0,0.0,0.0
1,0,1.0,0.0,0.0,0.0,0.0,0.0,0.0,0.0,0.0
1,0,1.0,0.0,0.0,0.0,0.0,0.0,0.0,0.0,0.0
1,0,1.0,0.0,0.0,0.0,0.0,0.0,0.0,0.0,0.0
1,0,1.0,0.0,0.0,0.0,0.0,0.0,0.0,0.0,0.0
1,0,1.0,0.0,0.0,0.0,0.0,0.0,0.0,0.0,0.0
1,0,1.0,0.0,0.0,0.0,0.0,0.0,0.0,0.0,0.0
1,0,1.0,0.0,0.0,0.0,0.0,0.0,0.0,0.0,0.0
1,0,1.0,0.0,0.0,0.0,0.0,0.0,0.0,0.0,0.0
1,0,1.0,0.0,0.0,0.0,0.0,0.0,0.0,0.0,0.0
1,0,1.0,0.0,0.0,0.0,0.0,0.0,0.0,0.0,0.0
1,0,1.0,0.0,0.0,0.0,0.0,0.0,0.0,0.0,0.0
1,0,1.0,0.0,0.0,0.0,0.0,0.0,0.0,0.0,0.0
1,0,1.0,0.0,0.0,0.0,0.0,0.0,0.0,0.0,0.0
1,0,1.0,0.0,0.0,0.0,0.0,0.0,0.0,0.0,0.0
1,0,1.0,0.0,0.0,0.0,0.0,0.0,0.0,0.0,0.0
1,0,1.0,0.0,0.0,0.0,0.0,0.0,0.0,0.0,0.0
1,0,1.0,0.0,0.0,0.0,0.0,0.0,0.0,0.0,0.0
1,0,1.0,0.0,0.0,0.0,0.0,0.0,0.0,0.0,0.0
1,0,1.0,0.0,0.0,0.0,0.0,0.0,0.0,0.0,0.0
1,0,1.0,0.0,0.0,0.0,0.0,0.0,0.0,0.0,0.0
1,0,1.0,0.0,0.0,0.0,0.0,0.0,0.0,0.0,0.0
1,0,1.0,0.0,0.0,0.0,0.0,0.0,0.0,0.0,0.0
1,0,1.0,0.0,0.0,0.0,0.0,0.0,0.0,0.0,0.0
1,0,1.0,0.0,0.0,0.0,0.0,0.0,0.0,0.0,0.0
1,0,1.0,0.0,0.0,0.0,0.0,0.0,0.0,0.0,0.0
1,0,1.0,0.0,0.0,0.0,0.0,0.0,0.0,0.0,0.0
1,0,1.0,0.0,0.0,0.0,0.0,0.0,0.0,0.0,0.0
1,0,1.0,0.0,0.0,0.0,0.0,0.0,0.0,0.0,0.0
1,0,1.0,0.0,0.0,0.0,0.0,0.0,0.0,0.0,0.0
1,0,1.0,0.0,0.0,0.0,0.0,0.0,0.0,0.0,0.0
1,0,1.0,0.0,0.0,0.0,0.0,0.0,0.0,0.0,0.0
1,0,1.0,0.0,0.0,0.0,0.0,0.0,0.0,0.0,0.0
1,0,1.0,0.0,0.0,0.0,0.0,0.0,0.0,0.0,0.0
1,0,1.0,0.0,0.0,0.0,0.0,0.0,0.0,0.0,0.0
1,0,1.0,0.0,0.0,0.0,0.0,0.0,0.0,0.0,0.0
1,0,1.0,0.0,0.0,0.0,0.0,0.0,0.0,0.0,0.0
1,0,1.0,0.0,0.0,0.0,0.0,0.0,0.0,0.0,0.0
1,0,1.0,0.0,0.0,0.0,0.0,0.0,0.0,0.0,0.0
1,0,1.0,0.0,0.0,0.0,0.0,0.0,0.0,0.0,0.0
1,0,1.0,0.0,0.0,0.0,0.0,0.0,0.0,0.0,0.0
1,0,1.0,0.0,0.0,0.0,0.0,0.0,0.0,0.0,0.0
1,0,1.0,0.0,0.0,0.0,0.0,0.0,0.0,0.0,0.0
1,0,1.0,0.0,0.0,0.0,0.0,0.0,0.0,0.0,0.0
1,0,1.0,0.0,0.0,0.0,0.0,0.0,0.0,0.0,0.0
1,0,1.0,0.0,0.0,0.0,0.0,0.0,0.0,0.0,0.0
1,0,1.0,0.0,0.0,0.0,0.0,0.0,0.0,0.0,0.0
1,0,1.0,0.0,0.0,0.0,0.0,0.0,0.0,0.0,0.0
1,0,1.0,0.0,0.0,0.0,0.0,0.0,0.0,0.0,0.0
1,0,1.0,0.0,0.0,0.0,0.0,0.0,0.0,0.0,0.0
1,0,1.0,0.0,0.0,0.0,0.0,0.0,0.0,0.0,0.0
1,0,1.0,0.0,0.0,0.0,0.0,0.0,0.0,0.0,0.0
1,0,1.0,0.0,0.0,0.0,0.0,0.0,0.0,0.0,0.0
1,0,1.0,0.0,0.0,0.0,0.0,0.0,0.0,0.0,0.0
1,0,1.0,0.0,0.0,0.0,0.0,0.0,0.0,0.0,0.0
1,0,1.0,0.0,0.0,0.0,0.0,0.0,0.0,0.0,0.0
1,0,1.0,0.0,0.0,0.0,0.0,0.0,0.0,0.0,0.0
1,0,1.0,0.0,0.0,0.0,0.0,0.0,0.0,0.0,0.0
1,0,1.0,0.0,0.0,0.0,0.0,0.0,0.0,0.0,0.0
1,0,1.0,0.0,0.0,0.0,0.0,0.0,0.0,0.0,0.0
1,0,1.0,0.0,0.0,0.0,0.0,0.0,0.0,0.0,0.0
1,0,1.0,0.0,0.0,0.0,0.0,0.0,0.0,0.0,0.0
1,0,1.0,0.0,0.0,0.0,0.0,0.0,0.0,0.0,0.0
1,0,1.0,0.0,0.0,0.0,0.0,0.0,0.0,0.0,0.0
1,0,1.0,0.0,0.0,0.0,0.0,0.0,0.0,0.0,0.0
1,0,1.0,0.0,0.0,0.0,0.0,0.0,0.0,0.0,0.0
1,0,1.0,0.0,0.0,0.0,0.0,0.0,0.0,0.0,0.0
1,0,1.0,0.0,0.0,0.0,0.0,0.0,0.0,0.0,0.0
1,0,1.0,0.0,0.0,0.0,0.0,0.0,0.0,0.0,0.0
1,0,1.0,0.0,0.0,0.0,0.0,0.0,0.0,0.0,0.0
1,0,1.0,0.0,0.0,0.0,0.0,0.0,0.0,0.0,0.0
1,0,1.0,0.0,0.0,0.0,0.0,0.0,0.0,0.0,0.0
1,0,1.0,0.0,0.0,0.0,0.0,0.0,0.0,0.0,0.0
1,0,1.0,0.0,0.0,0.0,0.0,0.0,0.0,0.0,0.0
1,0,1.0,0.0,0.0,0.0,0.0,0.0,0.0,0.0,0.0
1,0,1.0,0.0,0.0,0.0,0.0,0.0,0.0,0.0,0.0
1,0,1.0,0.0,0.0,0.0,0.0,0.0,0.0,0.0,0.0
1,0,1.0,0.0,0.0,0.0,0.0,0.0,0.0,0.0,0.0
1,0,1.0,0.0,0.0,0.0,0.0,0.0,0.0,0.0,0.0
1,0,1.0,0.0,0.0,0.0,0.0,0.0,0.0,0.0,0.0
1,0,1.0,0.0,0.0,0.0,0.0,0.0,0.0,0.0,0.0
1,0,1.0,0.0,0.0,0.0,0.0,0.0,0.0,0.0,0.0
1,0,1.0,0.0,0.0,0.0,0.0,0.0,0.0,0.0,0.0
1,0,1.0,0.0,0.0,0.0,0.0,0.0,0.0,0.0,0.0
1,0,1.0,0.0,0.0,0.0,0.0,0.0,0.0,0.0,0.0
1,0,1.0,0.0,0.0,0.0,0.0,0.0,0.0,0.0,0.0
1,0,1.0,0.0,0.0,0.0,0.0,0.0,0.0,0.0,0.0
1,0,1.0,0.0,0.0,0.0,0.0,0.0,0.0,0.0,0.0
1,0,1.0,0.0,0.0,0.0,0.0,0.0,0.0,0.0,0.0
1,0,1.0,0.0,0.0,0.0,0.0,0.0,0.0,0.0,0.0
1,0,1.0,0.0,0.0,0.0,0.0,0.0,0.0,0.0,0.0
1,0,1.0,0.0,0.0,0.0,0.0,0.0,0.0,0.0,0.0
1,0,1.0,0.0,0.0,0.0,0.0,0.0,0.0,0.0,0.0
1,0,1.0,0.0,0.0,0.0,0.0,0.0,0.0,0.0,0.0
1,0,1.0,0.0,0.0,0.0,0.0,0.0,0.0,0.0,0.0
1,0,1.0,0.0,0.0,0.0,0.0,0.0,0.0,0.0,0.0
1,0,1.0,0.0,0.0,0.0,0.0,0.0,0.0,0.0,0.0
1,0,1.0,0.0,0.0,0.0,0.0,0.0,0.0,0.0,0.0
1,0,1.0,0.0,0.0,0.0,0.0,0.0,0.0,0.0,0.0
1,0,1.0,0.0,0.0,0.0,0.0,0.0,0.0,0.0,0.0
1,0,1.0,0.0,0.0,0.0,0.0,0.0,0.0,0.0,0.0
1,0,1.0,0.0,0.0,0.0,0.0,0.0,0.0,0.0,0.0
1,0,1.0,0.0,0.0,0.0,0.0,0.0,0.0,0.0,0.0
1,0,1.0,0.0,0.0,0.0,0.0,0.0,0.0,0.0,0.0
1,0,1.0,0.0,0.0,0.0,0.0,0.0,0.0,0.0,0.0
1,0,1.0,0.0,0.0,0.0,0.0,0.0,0.0,0.0,0.0
1,0,1.0,0.0,0.0,0.0,0.0,0.0,0.0,0.0,0.0
1,0,1.0,0.0,0.0,0.0,0.0,0.0,0.0,0.0,0.0
1,0,1.0,0.0,0.0,0.0,0.0,0.0,0.0,0.0,0.0
1,0,1.0,0.0,0.0,0.0,0.0,0.0,0.0,0.0,0.0
1,0,1.0,0.0,0.0,0.0,0.0,0.0,0.0,0.0,0.0
1,0,1.0,0.0,0.0,0.0,0.0,0.0,0.0,0.0,0.0
1,0,1.0,0.0,0.0,0.0,0.0,0.0,0.0,0.0,0.0
1,0,1.0,0.0,0.0,0.0,0.0,0.0,0.0,0.0,0.0
1,0,1.0,0.0,0.0,0.0,0.0,0.0,0.0,0.0,0.0
1,0,1.0,0.0,0.0,0.0,0.0,0.0,0.0,0.0,0.0
1,0,1.0,0.0,0.0,0.0,0.0,0.0,0.0,0.0,0.0
1,0,1.0,0.0,0.0,0.0,0.0,0.0,0.0,0.0,0.0
1,0,1.0,0.0,0.0,0.0,0.0,0.0,0.0,0.0,0.0
1,0,1.0,0.0,0.0,0.0,0.0,0.0,0.0,0.0,0.0
1,0,1.0,0.0,0.0,0.0,0.0,0.0,0.0,0.0,0.0
1,0,1.0,0.0,0.0,0.0,0.0,0.0,0.0,0.0,0.0
1,0,1.0,0.0,0.0,0.0,0.0,0.0,0.0,0.0,0.0
1,0,1.0,0.0,0.0,0.0,0.0,0.0,0.0,0.0,0.0
1,0,1.0,0.0,0.0,0.0,0.0,0.0,0.0,0.0,0.0
1,0,1.0,0.0,0.0,0.0,0.0,0.0,0.0,0.0,0.0
1,0,1.0,0.0,0.0,0.0,0.0,0.0,0.0,0.0,0.0
1,0,1.0,0.0,0.0,0.0,0.0,0.0,0.0,0.0,0.0
1,0,1.0,0.0,0.0,0.0,0.0,0.0,0.0,0.0,0.0
1,0,1.0,0.0,0.0,0.0,0.0,0.0,0.0,0.0,0.0
1,0,1.0,0.0,0.0,0.0,0.0,0.0,0.0,0.0,0.0
1,0,1.0,0.0,0.0,0.0,0.0,0.0,0.0,0.0,0.0
1,0,1.0,0.0,0.0,0.0,0.0,0.0,0.0,0.0,0.0
1,0,1.0,0.0,0.0,0.0,0.0,0.0,0.0,0.0,0.0
1,0,1.0,0.0,0.0,0.0,0.0,0.0,0.0,0.0,0.0
1,0,1.0,0.0,0.0,0.0,0.0,0.0,0.0,0.0,0.0
1,0,1.0,0.0,0.0,0.0,0.0,0.0,0.0,0.0,0.0
1,0,1.0,0.0,0.0,0.0,0.0,0.0,0.0,0.0,0.0
1,0,1.0,0.0,0.0,0.0,0.0,0.0,0.0,0.0,0.0
1,0,1.0,0.0,0.0,0.0,0.0,0.0,0.0,0.0,0.0
1,0,1.0,0.0,0.0,0.0,0.0,0.0,0.0,0.0,0.0
1,0,1.0,0.0,0.0,0.0,0.0,0.0,0.0,0.0,0.0
1,0,1.0,0.0,0.0,0.0,0.0,0.0,0.0,0.0,0.0
1,0,1.0,0.0,0.0,0.0,0.0,0.0,0.0,0.0,0.0
1,0,1.0,0.0,0.0,0.0,0.0,0.0,0.0,0.0,0.0
1,0,1.0,0.0,0.0,0.0,0.0,0.0,0.0,0.0,0.0
1,0,1.0,0.0,0.0,0.0,0.0,0.0,0.0,0.0,0.0
1,0,1.0,0.0,0.0,0.0,0.0,0.0,0.0,0.0,0.0
1,0,1.0,0.0,0.0,0.0,0.0,0.0,0.0,0.0,0.0
1,0,1.0,0.0,0.0,0.0,0.0,0.0,0.0,0.0,0.0
1,0,1.0,0.0,0.0,0.0,0.0,0.0,0.0,0.0,0.0
1,0,1.0,0.0,0.0,0.0,0.0,0.0,0.0,0.0,0.0
1,0,1.0,0.0,0.0,0.0,0.0,0.0,0.0,0.0,0.0
1,0,1.0,0.0,0.0,0.0,0.0,0.0,0.0,0.0,0.0
1,0,1.0,0.0,0.0,0.0,0.0,0.0,0.0,0.0,0.0
1,0,1.0,0.0,0.0,0.0,0.0,0.0,0.0,0.0,0.0
1,0,1.0,0.0,0.0,0.0,0.0,0.0,0.0,0.0,0.0
1,0,1.0,0.0,0.0,0.0,0.0,0.0,0.0,0.0,0.0
1,0,1.0,0.0,0.0,0.0,0.0,0.0,0.0,0.0,0.0
1,0,1.0,0.0,0.0,0.0,0.0,0.0,0.0,0.0,0.0
1,0,1.0,0.0,0.0,0.0,0.0,0.0,0.0,0.0,0.0
1,0,1.0,0.0,0.0,0.0,0.0,0.0,0.0,0.0,0.0
1,0,1.0,0.0,0.0,0.0,0.0,0.0,0.0,0.0,0.0
1,0,1.0,0.0,0.0,0.0,0.0,0.0,0.0,0.0,0.0
1,0,1.0,0.0,0.0,0.0,0.0,0.0,0.0,0.0,0.0
1,0,1.0,0.0,0.0,0.0,0.0,0.0,0.0,0.0,0.0
1,0,1.0,0.0,0.0,0.0,0.0,0.0,0.0,0.0,0.0
1,0,1.0,0.0,0.0,0.0,0.0,0.0,0.0,0.0,0.0
1,0,1.0,0.0,0.0,0.0,0.0,0.0,0.0,0.0,0.0
1,0,1.0,0.0,0.0,0.0,0.0,0.0,0.0,0.0,0.0
1,0,1.0,0.0,0.0,0.0,0.0,0.0,0.0,0.0,0.0
1,0,1.0,0.0,0.0,0.0,0.0,0.0,0.0,0.0,0.0
1,0,1.0,0.0,0.0,0.0,0.0,0.0,0.0,0.0,0.0
1,0,1.0,0.0,0.0,0.0,0.0,0.0,0.0,0.0,0.0
1,0,1.0,0.0,0.0,0.0,0.0,0.0,0.0,0.0,0.0
1,0,1.0,0.0,0.0,0.0,0.0,0.0,0.0,0.0,0.0
1,0,1.0,0.0,0.0,0.0,0.0,0.0,0.0,0.0,0.0
1,0,1.0,0.0,0.0,0.0,0.0,0.0,0.0,0.0,0.0
1,0,1.0,0.0,0.0,0.0,0.0,0.0,0.0,0.0,0.0
1,0,1.0,0.0,0.0,0.0,0.0,0.0,0.0,0.0,0.0
1,0,1.0,0.0,0.0,0.0,0.0,0.0,0.0,0.0,0.0
1,0,1.0,0.0,0.0,0.0,0.0,0.0,0.0,0.0,0.0
1,0,1.0,0.0,0.0,0.0,0.0,0.0,0.0,0.0,0.0
1,0,1.0,0.0,0.0,0.0,0.0,0.0,0.0,0.0,0.0
1,0,1.0,0.0,0.0,0.0,0.0,0.0,0.0,0.0,0.0
1,0,1.0,0.0,0.0,0.0,0.0,0.0,0.0,0.0,0.0
1,0,1.0,0.0,0.0,0.0,0.0,0.0,0.0,0.0,0.0
1,0,1.0,0.0,0.0,0.0,0.0,0.0,0.0,0.0,0.0
1,0,1.0,0.0,0.0,0.0,0.0,0.0,0.0,0.0,0.0
1,0,1.0,0.0,0.0,0.0,0.0,0.0,0.0,0.0,0.0
1,0,1.0,0.0,0.0,0.0,0.0,0.0,0.0,0.0,0.0
1,0,1.0,0.0,0.0,0.0,0.0,0.0,0.0,0.0,0.0
1,0,1.0,0.0,0.0,0.0,0.0,0.0,0.0,0.0,0.0
1,0,1.0,0.0,0.0,0.0,0.0,0.0,0.0,0.0,0.0
1,0,1.0,0.0,0.0,0.0,0.0,0.0,0.0,0.0,0.0
1,0,1.0,0.0,0.0,0.0,0.0,0.0,0.0,0.0,0.0
1,0,1.0,0.0,0.0,0.0,0.0,0.0,0.0,0.0,0.0
1,0,1.0,0.0,0.0,0.0,0.0,0.0,0.0,0.0,0.0
1,0,1.0,0.0,0.0,0.0,0.0,0.0,0.0,0.0,0.0
1,0,1.0,0.0,0.0,0.0,0.0,0.0,0.0,0.0,0.0
1,0,1.0,0.0,0.0,0.0,0.0,0.0,0.0,0.0,0.0
1,0,1.0,0.0,0.0,0.0,0.0,0.0,0.0,0.0,0.0
1,0,1.0,0.0,0.0,0.0,0.0,0.0,0.0,0.0,0.0
1,0,1.0,0.0,0.0,0.0,0.0,0.0,0.0,0.0,0.0
1,0,1.0,0.0,0.0,0.0,0.0,0.0,0.0,0.0,0.0
1,0,1.0,0.0,0.0,0.0,0.0,0.0,0.0,0.0,0.0
1,0,1.0,0.0,0.0,0.0,0.0,0.0,0.0,0.0,0.0
1,0,1.0,0.0,0.0,0.0,0.0,0.0,0.0,0.0,0.0
1,0,1.0,0.0,0.0,0.0,0.0,0.0,0.0,0.0,0.0
1,0,1.0,0.0,0.0,0.0,0.0,0.0,0.0,0.0,0.0
1,0,1.0,0.0,0.0,0.0,0.0,0.0,0.0,0.0,0.0
1,0,1.0,0.0,0.0,0.0,0.0,0.0,0.0,0.0,0.0
1,0,1.0,0.0,0.0,0.0,0.0,0.0,0.0,0.0,0.0
1,0,1.0,0.0,0.0,0.0,0.0,0.0,0.0,0.0,0.0
1,0,1.0,0.0,0.0,0.0,0.0,0.0,0.0,0.0,0.0
1,0,1.0,0.0,0.0,0.0,0.0,0.0,0.0,0.0,0.0
1,0,1.0,0.0,0.0,0.0,0.0,0.0,0.0,0.0,0.0
1,0,1.0,0.0,0.0,0.0,0.0,0.0,0.0,0.0,0.0
1,0,1.0,0.0,0.0,0.0,0.0,0.0,0.0,0.0,0.0
1,0,1.0,0.0,0.0,0.0,0.0,0.0,0.0,0.0,0.0
1,0,1.0,0.0,0.0,0.0,0.0,0.0,0.0,0.0,0.0
1,0,1.0,0.0,0.0,0.0,0.0,0.0,0.0,0.0,0.0
1,0,1.0,0.0,0.0,0.0,0.0,0.0,0.0,0.0,0.0
1,0,1.0,0.0,0.0,0.0,0.0,0.0,0.0,0.0,0.0
1,0,1.0,0.0,0.0,0.0,0.0,0.0,0.0,0.0,0.0
1,0,1.0,0.0,0.0,0.0,0.0,0.0,0.0,0.0,0.0
1,0,1.0,0.0,0.0,0.0,0.0,0.0,0.0,0.0,0.0
1,0,1.0,0.0,0.0,0.0,0.0,0.0,0.0,0.0,0.0
1,0,1.0,0.0,0.0,0.0,0.0,0.0,0.0,0.0,0.0
1,0,1.0,0.0,0.0,0.0,0.0,0.0,0.0,0.0,0.0
1,0,1.0,0.0,0.0,0.0,0.0,0.0,0.0,0.0,0.0
1,0,1.0,0.0,0.0,0.0,0.0,0.0,0.0,0.0,0.0
1,0,1.0,0.0,0.0,0.0,0.0,0.0,0.0,0.0,0.0
1,0,1.0,0.0,0.0,0.0,0.0,0.0,0.0,0.0,0.0
1,0,1.0,0.0,0.0,0.0,0.0,0.0,0.0,0.0,0.0
1,0,1.0,0.0,0.0,0.0,0.0,0.0,0.0,0.0,0.0
1,0,1.0,0.0,0.0,0.0,0.0,0.0,0.0,0.0,0.0
1,0,1.0,0.0,0.0,0.0,0.0,0.0,0.0,0.0,0.0
1,0,1.0,0.0,0.0,0.0,0.0,0.0,0.0,0.0,0.0
1,0,1.0,0.0,0.0,0.0,0.0,0.0,0.0,0.0,0.0
1,0,1.0,0.0,0.0,0.0,0.0,0.0,0.0,0.0,0.0
1,0,1.0,0.0,0.0,0.0,0.0,0.0,0.0,0.0,0.0
1,0,1.0,0.0,0.0,0.0,0.0,0.0,0.0,0.0,0.0
1,0,1.0,0.0,0.0,0.0,0.0,0.0,0.0,0.0,0.0
1,0,1.0,0.0,0.0,0.0,0.0,0.0,0.0,0.0,0.0
1,0,1.0,0.0,0.0,0.0,0.0,0.0,0.0,0.0,0.0
1,0,1.0,0.0,0.0,0.0,0.0,0.0,0.0,0.0,0.0
1,0,1.0,0.0,0.0,0.0,0.0,0.0,0.0,0.0,0.0
1,0,1.0,0.0,0.0,0.0,0.0,0.0,0.0,0.0,0.0
1,0,1.0,0.0,0.0,0.0,0.0,0.0,0.0,0.0,0.0
1,0,1.0,0.0,0.0,0.0,0.0,0.0,0.0,0.0,0.0
1,0,1.0,0.0,0.0,0.0,0.0,0.0,0.0,0.0,0.0
1,0,1.0,0.0,0.0,0.0,0.0,0.0,0.0,0.0,0.0
1,0,1.0,0.0,0.0,0.0,0.0,0.0,0.0,0.0,0.0
1,0,1.0,0.0,0.0,0.0,0.0,0.0,0.0,0.0,0.0
1,0,1.0,0.0,0.0,0.0,0.0,0.0,0.0,0.0,0.0
1,0,1.0,0.0,0.0,0.0,0.0,0.0,0.0,0.0,0.0
1,0,1.0,0.0,0.0,0.0,0.0,0.0,0.0,0.0,0.0
1,0,1.0,0.0,0.0,0.0,0.0,0.0,0.0,0.0,0.0
1,0,1.0,0.0,0.0,0.0,0.0,0.0,0.0,0.0,0.0
1,0,1.0,0.0,0.0,0.0,0.0,0.0,0.0,0.0,0.0
1,0,1.0,0.0,0.0,0.0,0.0,0.0,0.0,0.0,0.0
1,0,1.0,0.0,0.0,0.0,0.0,0.0,0.0,0.0,0.0
1,0,1.0,0.0,0.0,0.0,0.0,0.0,0.0,0.0,0.0
1,0,1.0,0.0,0.0,0.0,0.0,0.0,0.0,0.0,0.0
1,0,1.0,0.0,0.0,0.0,0.0,0.0,0.0,0.0,0.0
1,0,1.0,0.0,0.0,0.0,0.0,0.0,0.0,0.0,0.0
1,0,1.0,0.0,0.0,0.0,0.0,0.0,0.0,0.0,0.0
1,0,1.0,0.0,0.0,0.0,0.0,0.0,0.0,0.0,0.0
1,0,1.0,0.0,0.0,0.0,0.0,0.0,0.0,0.0,0.0
1,0,1.0,0.0,0.0,0.0,0.0,0.0,0.0,0.0,0.0
1,0,1.0,0.0,0.0,0.0,0.0,0.0,0.0,0.0,0.0
1,0,1.0,0.0,0.0,0.0,0.0,0.0,0.0,0.0,0.0
1,0,1.0,0.0,0.0,0.0,0.0,0.0,0.0,0.0,0.0
1,0,1.0,0.0,0.0,0.0,0.0,0.0,0.0,0.0,0.0
1,0,1.0,0.0,0.0,0.0,0.0,0.0,0.0,0.0,0.0
1,0,1.0,0.0,0.0,0.0,0.0,0.0,0.0,0.0,0.0
1,0,1.0,0.0,0.0,0.0,0.0,0.0,0.0,0.0,0.0
1,0,1.0,0.0,0.0,0.0,0.0,0.0,0.0,0.0,0.0
1,0,1.0,0.0,0.0,0.0,0.0,0.0,0.0,0.0,0.0
1,0,1.0,0.0,0.0,0.0,0.0,0.0,0.0,0.0,0.0
1,0,1.0,0.0,0.0,0.0,0.0,0.0,0.0,0.0,0.0
1,0,1.0,0.0,0.0,0.0,0.0,0.0,0.0,0.0,0.0
1,0,1.0,0.0,0.0,0.0,0.0,0.0,0.0,0.0,0.0
1,0,1.0,0.0,0.0,0.0,0.0,0.0,0.0,0.0,0.0
1,0,1.0,0.0,0.0,0.0,0.0,0.0,0.0,0.0,0.0
1,0,1.0,0.0,0.0,0.0,0.0,0.0,0.0,0.0,0.0
1,0,1.0,0.0,0.0,0.0,0.0,0.0,0.0,0.0,0.0
1,0,1.0,0.0,0.0,0.0,0.0,0.0,0.0,0.0,0.0
1,0,1.0,0.0,0.0,0.0,0.0,0.0,0.0,0.0,0.0
1,0,1.0,0.0,0.0,0.0,0.0,0.0,0.0,0.0,0.0
1,0,1.0,0.0,0.0,0.0,0.0,0.0,0.0,0.0,0.0
1,0,1.0,0.0,0.0,0.0,0.0,0.0,0.0,0.0,0.0
1,0,1.0,0.0,0.0,0.0,0.0,0.0,0.0,0.0,0.0
1,0,1.0,0.0,0.0,0.0,0.0,0.0,0.0,0.0,0.0
1,0,1.0,0.0,0.0,0.0,0.0,0.0,0.0,0.0,0.0
1,0,1.0,0.0,0.0,0.0,0.0,0.0,0.0,0.0,0.0
1,0,1.0,0.0,0.0,0.0,0.0,0.0,0.0,0.0,0.0
1,0,1.0,0.0,0.0,0.0,0.0,0.0,0.0,0.0,0.0
1,0,1.0,0.0,0.0,0.0,0.0,0.0,0.0,0.0,0.0
1,0,1.0,0.0,0.0,0.0,0.0,0.0,0.0,0.0,0.0
1,0,1.0,0.0,0.0,0.0,0.0,0.0,0.0,0.0,0.0
1,0,1.0,0.0,0.0,0.0,0.0,0.0,0.0,0.0,0.0
1,0,1.0,0.0,0.0,0.0,0.0,0.0,0.0,0.0,0.0
1,0,1.0,0.0,0.0,0.0,0.0,0.0,0.0,0.0,0.0
1,0,1.0,0.0,0.0,0.0,0.0,0.0,0.0,0.0,0.0
1,0,1.0,0.0,0.0,0.0,0.0,0.0,0.0,0.0,0.0
1,0,1.0,0.0,0.0,0.0,0.0,0.0,0.0,0.0,0.0
1,0,1.0,0.0,0.0,0.0,0.0,0.0,0.0,0.0,0.0
1,0,1.0,0.0,0.0,0.0,0.0,0.0,0.0,0.0,0.0
1,0,1.0,0.0,0.0,0.0,0.0,0.0,0.0,0.0,0.0
1,0,1.0,0.0,0.0,0.0,0.0,0.0,0.0,0.0,0.0
1,0,1.0,0.0,0.0,0.0,0.0,0.0,0.0,0.0,0.0
1,0,1.0,0.0,0.0,0.0,0.0,0.0,0.0,0.0,0.0
1,0,1.0,0.0,0.0,0.0,0.0,0.0,0.0,0.0,0.0
1,0,1.0,0.0,0.0,0.0,0.0,0.0,0.0,0.0,0.0
1,0,1.0,0.0,0.0,0.0,0.0,0.0,0.0,0.0,0.0
1,0,1.0,0.0,0.0,0.0,0.0,0.0,0.0,0.0,0.0
1,0,1.0,0.0,0.0,0.0,0.0,0.0,0.0,0.0,0.0
1,0,1.0,0.0,0.0,0.0,0.0,0.0,0.0,0.0,0.0
1,0,1.0,0.0,0.0,0.0,0.0,0.0,0.0,0.0,0.0
1,0,1.0,0.0,0.0,0.0,0.0,0.0,0.0,0.0,0.0
1,0,1.0,0.0,0.0,0.0,0.0,0.0,0.0,0.0,0.0
1,0,1.0,0.0,0.0,0.0,0.0,0.0,0.0,0.0,0.0
1,0,1.0,0.0,0.0,0.0,0.0,0.0,0.0,0.0,0.0
1,0,1.0,0.0,0.0,0.0,0.0,0.0,0.0,0.0,0.0
1,0,1.0,0.0,0.0,0.0,0.0,0.0,0.0,0.0,0.0
1,0,1.0,0.0,0.0,0.0,0.0,0.0,0.0,0.0,0.0
1,0,1.0,0.0,0.0,0.0,0.0,0.0,0.0,0.0,0.0
1,0,1.0,0.0,0.0,0.0,0.0,0.0,0.0,0.0,0.0
1,0,1.0,0.0,0.0,0.0,0.0,0.0,0.0,0.0,0.0
1,0,1.0,0.0,0.0,0.0,0.0,0.0,0.0,0.0,0.0
1,0,1.0,0.0,0.0,0.0,0.0,0.0,0.0,0.0,0.0
1,0,1.0,0.0,0.0,0.0,0.0,0.0,0.0,0.0,0.0
1,0,1.0,0.0,0.0,0.0,0.0,0.0,0.0,0.0,0.0
1,0,1.0,0.0,0.0,0.0,0.0,0.0,0.0,0.0,0.0
1,0,1.0,0.0,0.0,0.0,0.0,0.0,0.0,0.0,0.0
1,0,1.0,0.0,0.0,0.0,0.0,0.0,0.0,0.0,0.0
1,0,1.0,0.0,0.0,0.0,0.0,0.0,0.0,0.0,0.0
1,0,1.0,0.0,0.0,0.0,0.0,0.0,0.0,0.0,0.0
1,0,1.0,0.0,0.0,0.0,0.0,0.0,0.0,0.0,0.0
1,0,1.0,0.0,0.0,0.0,0.0,0.0,0.0,0.0,0.0
1,0,1.0,0.0,0.0,0.0,0.0,0.0,0.0,0.0,0.0
1,0,1.0,0.0,0.0,0.0,0.0,0.0,0.0,0.0,0.0
1,0,1.0,0.0,0.0,0.0,0.0,0.0,0.0,0.0,0.0
1,0,1.0,0.0,0.0,0.0,0.0,0.0,0.0,0.0,0.0
1,0,1.0,0.0,0.0,0.0,0.0,0.0,0.0,0.0,0.0
1,0,1.0,0.0,0.0,0.0,0.0,0.0,0.0,0.0,0.0
1,0,1.0,0.0,0.0,0.0,0.0,0.0,0.0,0.0,0.0
1,0,1.0,0.0,0.0,0.0,0.0,0.0,0.0,0.0,0.0
1,0,1.0,0.0,0.0,0.0,0.0,0.0,0.0,0.0,0.0
1,0,1.0,0.0,0.0,0.0,0.0,0.0,0.0,0.0,0.0
1,0,1.0,0.0,0.0,0.0,0.0,0.0,0.0,0.0,0.0
1,0,1.0,0.0,0.0,0.0,0.0,0.0,0.0,0.0,0.0
1,0,1.0,0.0,0.0,0.0,0.0,0.0,0.0,0.0,0.0
1,0,1.0,0.0,0.0,0.0,0.0,0.0,0.0,0.0,0.0
1,0,1.0,0.0,0.0,0.0,0.0,0.0,0.0,0.0,0.0
1,0,1.0,0.0,0.0,0.0,0.0,0.0,0.0,0.0,0.0
1,0,1.0,0.0,0.0,0.0,0.0,0.0,0.0,0.0,0.0
1,0,1.0,0.0,0.0,0.0,0.0,0.0,0.0,0.0,0.0
1,0,1.0,0.0,0.0,0.0,0.0,0.0,0.0,0.0,0.0
1,0,1.0,0.0,0.0,0.0,0.0,0.0,0.0,0.0,0.0
1,0,1.0,0.0,0.0,0.0,0.0,0.0,0.0,0.0,0.0
1,0,1.0,0.0,0.0,0.0,0.0,0.0,0.0,0.0,0.0
1,0,1.0,0.0,0.0,0.0,0.0,0.0,0.0,0.0,0.0
1,0,1.0,0.0,0.0,0.0,0.0,0.0,0.0,0.0,0.0
1,0,1.0,0.0,0.0,0.0,0.0,0.0,0.0,0.0,0.0
1,0,1.0,0.0,0.0,0.0,0.0,0.0,0.0,0.0,0.0
1,0,1.0,0.0,0.0,0.0,0.0,0.0,0.0,0.0,0.0
1,0,1.0,0.0,0.0,0.0,0.0,0.0,0.0,0.0,0.0
1,0,1.0,0.0,0.0,0.0,0.0,0.0,0.0,0.0,0.0
1,0,1.0,0.0,0.0,0.0,0.0,0.0,0.0,0.0,0.0
1,0,1.0,0.0,0.0,0.0,0.0,0.0,0.0,0.0,0.0
1,0,1.0,0.0,0.0,0.0,0.0,0.0,0.0,0.0,0.0
1,0,1.0,0.0,0.0,0.0,0.0,0.0,0.0,0.0,0.0
1,0,1.0,0.0,0.0,0.0,0.0,0.0,0.0,0.0,0.0
1,0,1.0,0.0,0.0,0.0,0.0,0.0,0.0,0.0,0.0
1,0,1.0,0.0,0.0,0.0,0.0,0.0,0.0,0.0,0.0
1,0,1.0,0.0,0.0,0.0,0.0,0.0,0.0,0.0,0.0
1,0,1.0,0.0,0.0,0.0,0.0,0.0,0.0,0.0,0.0
1,0,1.0,0.0,0.0,0.0,0.0,0.0,0.0,0.0,0.0
1,0,1.0,0.0,0.0,0.0,0.0,0.0,0.0,0.0,0.0
1,0,1.0,0.0,0.0,0.0,0.0,0.0,0.0,0.0,0.0
1,0,1.0,0.0,0.0,0.0,0.0,0.0,0.0,0.0,0.0
1,0,1.0,0.0,0.0,0.0,0.0,0.0,0.0,0.0,0.0
1,0,1.0,0.0,0.0,0.0,0.0,0.0,0.0,0.0,0.0
1,0,1.0,0.0,0.0,0.0,0.0,0.0,0.0,0.0,0.0
1,0,1.0,0.0,0.0,0.0,0.0,0.0,0.0,0.0,0.0
1,0,1.0,0.0,0.0,0.0,0.0,0.0,0.0,0.0,0.0
1,0,1.0,0.0,0.0,0.0,0.0,0.0,0.0,0.0,0.0
1,0,1.0,0.0,0.0,0.0,0.0,0.0,0.0,0.0,0.0
1,0,1.0,0.0,0.0,0.0,0.0,0.0,0.0,0.0,0.0
1,0,1.0,0.0,0.0,0.0,0.0,0.0,0.0,0.0,0.0
1,0,1.0,0.0,0.0,0.0,0.0,0.0,0.0,0.0,0.0
1,0,1.0,0.0,0.0,0.0,0.0,0.0,0.0,0.0,0.0
1,0,1.0,0.0,0.0,0.0,0.0,0.0,0.0,0.0,0.0
1,0,1.0,0.0,0.0,0.0,0.0,0.0,0.0,0.0,0.0
1,0,1.0,0.0,0.0,0.0,0.0,0.0,0.0,0.0,0.0
1,0,1.0,0.0,0.0,0.0,0.0,0.0,0.0,0.0,0.0
1,0,1.0,0.0,0.0,0.0,0.0,0.0,0.0,0.0,0.0
1,0,1.0,0.0,0.0,0.0,0.0,0.0,0.0,0.0,0.0
1,0,1.0,0.0,0.0,0.0,0.0,0.0,0.0,0.0,0.0
1,0,1.0,0.0,0.0,0.0,0.0,0.0,0.0,0.0,0.0
1,0,1.0,0.0,0.0,0.0,0.0,0.0,0.0,0.0,0.0
1,0,1.0,0.0,0.0,0.0,0.0,0.0,0.0,0.0,0.0
1,0,1.0,0.0,0.0,0.0,0.0,0.0,0.0,0.0,0.0
1,0,1.0,0.0,0.0,0.0,0.0,0.0,0.0,0.0,0.0
1,0,1.0,0.0,0.0,0.0,0.0,0.0,0.0,0.0,0.0
1,0,1.0,0.0,0.0,0.0,0.0,0.0,0.0,0.0,0.0
1,0,1.0,0.0,0.0,0.0,0.0,0.0,0.0,0.0,0.0
1,0,1.0,0.0,0.0,0.0,0.0,0.0,0.0,0.0,0.0
1,0,1.0,0.0,0.0,0.0,0.0,0.0,0.0,0.0,0.0
1,0,1.0,0.0,0.0,0.0,0.0,0.0,0.0,0.0,0.0
1,0,1.0,0.0,0.0,0.0,0.0,0.0,0.0,0.0,0.0
1,0,1.0,0.0,0.0,0.0,0.0,0.0,0.0,0.0,0.0
1,0,1.0,0.0,0.0,0.0,0.0,0.0,0.0,0.0,0.0
1,0,1.0,0.0,0.0,0.0,0.0,0.0,0.0,0.0,0.0
1,0,1.0,0.0,0.0,0.0,0.0,0.0,0.0,0.0,0.0
1,0,1.0,0.0,0.0,0.0,0.0,0.0,0.0,0.0,0.0
1,0,1.0,0.0,0.0,0.0,0.0,0.0,0.0,0.0,0.0
1,0,1.0,0.0,0.0,0.0,0.0,0.0,0.0,0.0,0.0
1,0,1.0,0.0,0.0,0.0,0.0,0.0,0.0,0.0,0.0
1,0,1.0,0.0,0.0,0.0,0.0,0.0,0.0,0.0,0.0
1,0,1.0,0.0,0.0,0.0,0.0,0.0,0.0,0.0,0.0
1,0,1.0,0.0,0.0,0.0,0.0,0.0,0.0,0.0,0.0
1,0,1.0,0.0,0.0,0.0,0.0,0.0,0.0,0.0,0.0
1,0,1.0,0.0,0.0,0.0,0.0,0.0,0.0,0.0,0.0
1,0,1.0,0.0,0.0,0.0,0.0,0.0,0.0,0.0,0.0
1,0,1.0,0.0,0.0,0.0,0.0,0.0,0.0,0.0,0.0
1,0,1.0,0.0,0.0,0.0,0.0,0.0,0.0,0.0,0.0
1,0,1.0,0.0,0.0,0.0,0.0,0.0,0.0,0.0,0.0
1,0,1.0,0.0,0.0,0.0,0.0,0.0,0.0,0.0,0.0
1,0,1.0,0.0,0.0,0.0,0.0,0.0,0.0,0.0,0.0
1,0,1.0,0.0,0.0,0.0,0.0,0.0,0.0,0.0,0.0
1,0,1.0,0.0,0.0,0.0,0.0,0.0,0.0,0.0,0.0
1,0,1.0,0.0,0.0,0.0,0.0,0.0,0.0,0.0,0.0
1,0,1.0,0.0,0.0,0.0,0.0,0.0,0.0,0.0,0.0
1,0,1.0,0.0,0.0,0.0,0.0,0.0,0.0,0.0,0.0
1,0,1.0,0.0,0.0,0.0,0.0,0.0,0.0,0.0,0.0
1,0,1.0,0.0,0.0,0.0,0.0,0.0,0.0,0.0,0.0
1,0,1.0,0.0,0.0,0.0,0.0,0.0,0.0,0.0,0.0
1,0,1.0,0.0,0.0,0.0,0.0,0.0,0.0,0.0,0.0
1,0,1.0,0.0,0.0,0.0,0.0,0.0,0.0,0.0,0.0
1,0,1.0,0.0,0.0,0.0,0.0,0.0,0.0,0.0,0.0
1,0,1.0,0.0,0.0,0.0,0.0,0.0,0.0,0.0,0.0
1,0,1.0,0.0,0.0,0.0,0.0,0.0,0.0,0.0,0.0
1,0,1.0,0.0,0.0,0.0,0.0,0.0,0.0,0.0,0.0
1,0,1.0,0.0,0.0,0.0,0.0,0.0,0.0,0.0,0.0
1,0,1.0,0.0,0.0,0.0,0.0,0.0,0.0,0.0,0.0
1,0,1.0,0.0,0.0,0.0,0.0,0.0,0.0,0.0,0.0
1,0,1.0,0.0,0.0,0.0,0.0,0.0,0.0,0.0,0.0
1,0,1.0,0.0,0.0,0.0,0.0,0.0,0.0,0.0,0.0
1,0,1.0,0.0,0.0,0.0,0.0,0.0,0.0,0.0,0.0
1,0,1.0,0.0,0.0,0.0,0.0,0.0,0.0,0.0,0.0
1,0,1.0,0.0,0.0,0.0,0.0,0.0,0.0,0.0,0.0
1,0,1.0,0.0,0.0,0.0,0.0,0.0,0.0,0.0,0.0
1,0,1.0,0.0,0.0,0.0,0.0,0.0,0.0,0.0,0.0
1,0,1.0,0.0,0.0,0.0,0.0,0.0,0.0,0.0,0.0
1,0,1.0,0.0,0.0,0.0,0.0,0.0,0.0,0.0,0.0
1,0,1.0,0.0,0.0,0.0,0.0,0.0,0.0,0.0,0.0
1,0,1.0,0.0,0.0,0.0,0.0,0.0,0.0,0.0,0.0
1,0,1.0,0.0,0.0,0.0,0.0,0.0,0.0,0.0,0.0
1,0,1.0,0.0,0.0,0.0,0.0,0.0,0.0,0.0,0.0
1,0,1.0,0.0,0.0,0.0,0.0,0.0,0.0,0.0,0.0
1,0,1.0,0.0,0.0,0.0,0.0,0.0,0.0,0.0,0.0
1,0,1.0,0.0,0.0,0.0,0.0,0.0,0.0,0.0,0.0
1,0,1.0,0.0,0.0,0.0,0.0,0.0,0.0,0.0,0.0
1,0,1.0,0.0,0.0,0.0,0.0,0.0,0.0,0.0,0.0
1,0,1.0,0.0,0.0,0.0,0.0,0.0,0.0,0.0,0.0
1,0,1.0,0.0,0.0,0.0,0.0,0.0,0.0,0.0,0.0
1,0,1.0,0.0,0.0,0.0,0.0,0.0,0.0,0.0,0.0
1,0,1.0,0.0,0.0,0.0,0.0,0.0,0.0,0.0,0.0
1,0,1.0,0.0,0.0,0.0,0.0,0.0,0.0,0.0,0.0
1,0,1.0,0.0,0.0,0.0,0.0,0.0,0.0,0.0,0.0
1,0,1.0,0.0,0.0,0.0,0.0,0.0,0.0,0.0,0.0
1,0,1.0,0.0,0.0,0.0,0.0,0.0,0.0,0.0,0.0
1,0,1.0,0.0,0.0,0.0,0.0,0.0,0.0,0.0,0.0
1,0,1.0,0.0,0.0,0.0,0.0,0.0,0.0,0.0,0.0
1,0,1.0,0.0,0.0,0.0,0.0,0.0,0.0,0.0,0.0
1,0,1.0,0.0,0.0,0.0,0.0,0.0,0.0,0.0,0.0
1,0,1.0,0.0,0.0,0.0,0.0,0.0,0.0,0.0,0.0
1,0,1.0,0.0,0.0,0.0,0.0,0.0,0.0,0.0,0.0
1,0,1.0,0.0,0.0,0.0,0.0,0.0,0.0,0.0,0.0
1,0,1.0,0.0,0.0,0.0,0.0,0.0,0.0,0.0,0.0
1,0,1.0,0.0,0.0,0.0,0.0,0.0,0.0,0.0,0.0
1,0,1.0,0.0,0.0,0.0,0.0,0.0,0.0,0.0,0.0
1,0,1.0,0.0,0.0,0.0,0.0,0.0,0.0,0.0,0.0
1,0,1.0,0.0,0.0,0.0,0.0,0.0,0.0,0.0,0.0
1,0,1.0,0.0,0.0,0.0,0.0,0.0,0.0,0.0,0.0
1,0,1.0,0.0,0.0,0.0,0.0,0.0,0.0,0.0,0.0
1,0,1.0,0.0,0.0,0.0,0.0,0.0,0.0,0.0,0.0
1,0,1.0,0.0,0.0,0.0,0.0,0.0,0.0,0.0,0.0
1,0,1.0,0.0,0.0,0.0,0.0,0.0,0.0,0.0,0.0
1,0,1.0,0.0,0.0,0.0,0.0,0.0,0.0,0.0,0.0
1,0,1.0,0.0,0.0,0.0,0.0,0.0,0.0,0.0,0.0
1,0,1.0,0.0,0.0,0.0,0.0,0.0,0.0,0.0,0.0
1,0,1.0,0.0,0.0,0.0,0.0,0.0,0.0,0.0,0.0
1,0,1.0,0.0,0.0,0.0,0.0,0.0,0.0,0.0,0.0
1,0,1.0,0.0,0.0,0.0,0.0,0.0,0.0,0.0,0.0
1,0,1.0,0.0,0.0,0.0,0.0,0.0,0.0,0.0,0.0
1,0,1.0,0.0,0.0,0.0,0.0,0.0,0.0,0.0,0.0
1,0,1.0,0.0,0.0,0.0,0.0,0.0,0.0,0.0,0.0
1,0,1.0,0.0,0.0,0.0,0.0,0.0,0.0,0.0,0.0
1,0,1.0,0.0,0.0,0.0,0.0,0.0,0.0,0.0,0.0
1,0,1.0,0.0,0.0,0.0,0.0,0.0,0.0,0.0,0.0
1,0,1.0,0.0,0.0,0.0,0.0,0.0,0.0,0.0,0.0
1,0,1.0,0.0,0.0,0.0,0.0,0.0,0.0,0.0,0.0
1,0,1.0,0.0,0.0,0.0,0.0,0.0,0.0,0.0,0.0
1,0,1.0,0.0,0.0,0.0,0.0,0.0,0.0,0.0,0.0
1,0,1.0,0.0,0.0,0.0,0.0,0.0,0.0,0.0,0.0
1,0,1.0,0.0,0.0,0.0,0.0,0.0,0.0,0.0,0.0
1,0,1.0,0.0,0.0,0.0,0.0,0.0,0.0,0.0,0.0
1,0,1.0,0.0,0.0,0.0,0.0,0.0,0.0,0.0,0.0
1,0,1.0,0.0,0.0,0.0,0.0,0.0,0.0,0.0,0.0
1,0,1.0,0.0,0.0,0.0,0.0,0.0,0.0,0.0,0.0
1,0,1.0,0.0,0.0,0.0,0.0,0.0,0.0,0.0,0.0
1,0,1.0,0.0,0.0,0.0,0.0,0.0,0.0,0.0,0.0
1,0,1.0,0.0,0.0,0.0,0.0,0.0,0.0,0.0,0.0
1,0,1.0,0.0,0.0,0.0,0.0,0.0,0.0,0.0,0.0
1,0,1.0,0.0,0.0,0.0,0.0,0.0,0.0,0.0,0.0
1,0,1.0,0.0,0.0,0.0,0.0,0.0,0.0,0.0,0.0
1,0,1.0,0.0,0.0,0.0,0.0,0.0,0.0,0.0,0.0
1,0,1.0,0.0,0.0,0.0,0.0,0.0,0.0,0.0,0.0
1,0,1.0,0.0,0.0,0.0,0.0,0.0,0.0,0.0,0.0
1,0,1.0,0.0,0.0,0.0,0.0,0.0,0.0,0.0,0.0
1,0,1.0,0.0,0.0,0.0,0.0,0.0,0.0,0.0,0.0
1,0,1.0,0.0,0.0,0.0,0.0,0.0,0.0,0.0,0.0
1,0,1.0,0.0,0.0,0.0,0.0,0.0,0.0,0.0,0.0
1,0,1.0,0.0,0.0,0.0,0.0,0.0,0.0,0.0,0.0
1,0,1.0,0.0,0.0,0.0,0.0,0.0,0.0,0.0,0.0
1,0,1.0,0.0,0.0,0.0,0.0,0.0,0.0,0.0,0.0
1,0,1.0,0.0,0.0,0.0,0.0,0.0,0.0,0.0,0.0
1,0,1.0,0.0,0.0,0.0,0.0,0.0,0.0,0.0,0.0
1,0,1.0,0.0,0.0,0.0,0.0,0.0,0.0,0.0,0.0
1,0,1.0,0.0,0.0,0.0,0.0,0.0,0.0,0.0,0.0
1,0,1.0,0.0,0.0,0.0,0.0,0.0,0.0,0.0,0.0
1,0,1.0,0.0,0.0,0.0,0.0,0.0,0.0,0.0,0.0
1,0,1.0,0.0,0.0,0.0,0.0,0.0,0.0,0.0,0.0
1,0,1.0,0.0,0.0,0.0,0.0,0.0,0.0,0.0,0.0
1,0,1.0,0.0,0.0,0.0,0.0,0.0,0.0,0.0,0.0
1,0,1.0,0.0,0.0,0.0,0.0,0.0,0.0,0.0,0.0
1,0,1.0,0.0,0.0,0.0,0.0,0.0,0.0,0.0,0.0
1,0,1.0,0.0,0.0,0.0,0.0,0.0,0.0,0.0,0.0
1,0,1.0,0.0,0.0,0.0,0.0,0.0,0.0,0.0,0.0
1,0,1.0,0.0,0.0,0.0,0.0,0.0,0.0,0.0,0.0
1,0,1.0,0.0,0.0,0.0,0.0,0.0,0.0,0.0,0.0
1,0,1.0,0.0,0.0,0.0,0.0,0.0,0.0,0.0,0.0
1,0,1.0,0.0,0.0,0.0,0.0,0.0,0.0,0.0,0.0
1,0,1.0,0.0,0.0,0.0,0.0,0.0,0.0,0.0,0.0
1,0,1.0,0.0,0.0,0.0,0.0,0.0,0.0,0.0,0.0
1,0,1.0,0.0,0.0,0.0,0.0,0.0,0.0,0.0,0.0
1,0,1.0,0.0,0.0,0.0,0.0,0.0,0.0,0.0,0.0
1,0,1.0,0.0,0.0,0.0,0.0,0.0,0.0,0.0,0.0
1,0,1.0,0.0,0.0,0.0,0.0,0.0,0.0,0.0,0.0
1,0,1.0,0.0,0.0,0.0,0.0,0.0,0.0,0.0,0.0
1,0,1.0,0.0,0.0,0.0,0.0,0.0,0.0,0.0,0.0
1,0,1.0,0.0,0.0,0.0,0.0,0.0,0.0,0.0,0.0
1,0,1.0,0.0,0.0,0.0,0.0,0.0,0.0,0.0,0.0
1,0,1.0,0.0,0.0,0.0,0.0,0.0,0.0,0.0,0.0
1,0,1.0,0.0,0.0,0.0,0.0,0.0,0.0,0.0,0.0
1,0,1.0,0.0,0.0,0.0,0.0,0.0,0.0,0.0,0.0
1,0,1.0,0.0,0.0,0.0,0.0,0.0,0.0,0.0,0.0
1,0,1.0,0.0,0.0,0.0,0.0,0.0,0.0,0.0,0.0
1,0,1.0,0.0,0.0,0.0,0.0,0.0,0.0,0.0,0.0
1,0,1.0,0.0,0.0,0.0,0.0,0.0,0.0,0.0,0.0
1,0,1.0,0.0,0.0,0.0,0.0,0.0,0.0,0.0,0.0
1,0,1.0,0.0,0.0,0.0,0.0,0.0,0.0,0.0,0.0
1,0,1.0,0.0,0.0,0.0,0.0,0.0,0.0,0.0,0.0
1,0,1.0,0.0,0.0,0.0,0.0,0.0,0.0,0.0,0.0
1,0,1.0,0.0,0.0,0.0,0.0,0.0,0.0,0.0,0.0
1,0,1.0,0.0,0.0,0.0,0.0,0.0,0.0,0.0,0.0
1,0,1.0,0.0,0.0,0.0,0.0,0.0,0.0,0.0,0.0
1,0,1.0,0.0,0.0,0.0,0.0,0.0,0.0,0.0,0.0
1,0,1.0,0.0,0.0,0.0,0.0,0.0,0.0,0.0,0.0
1,0,1.0,0.0,0.0,0.0,0.0,0.0,0.0,0.0,0.0
1,0,1.0,0.0,0.0,0.0,0.0,0.0,0.0,0.0,0.0
1,0,1.0,0.0,0.0,0.0,0.0,0.0,0.0,0.0,0.0
1,0,1.0,0.0,0.0,0.0,0.0,0.0,0.0,0.0,0.0
1,0,1.0,0.0,0.0,0.0,0.0,0.0,0.0,0.0,0.0
1,0,1.0,0.0,0.0,0.0,0.0,0.0,0.0,0.0,0.0
1,0,1.0,0.0,0.0,0.0,0.0,0.0,0.0,0.0,0.0
1,0,1.0,0.0,0.0,0.0,0.0,0.0,0.0,0.0,0.0
1,0,1.0,0.0,0.0,0.0,0.0,0.0,0.0,0.0,0.0
1,0,1.0,0.0,0.0,0.0,0.0,0.0,0.0,0.0,0.0
1,0,1.0,0.0,0.0,0.0,0.0,0.0,0.0,0.0,0.0
1,0,1.0,0.0,0.0,0.0,0.0,0.0,0.0,0.0,0.0
1,0,1.0,0.0,0.0,0.0,0.0,0.0,0.0,0.0,0.0
1,0,1.0,0.0,0.0,0.0,0.0,0.0,0.0,0.0,0.0
1,0,1.0,0.0,0.0,0.0,0.0,0.0,0.0,0.0,0.0
1,0,1.0,0.0,0.0,0.0,0.0,0.0,0.0,0.0,0.0
1,0,1.0,0.0,0.0,0.0,0.0,0.0,0.0,0.0,0.0
1,0,1.0,0.0,0.0,0.0,0.0,0.0,0.0,0.0,0.0
1,0,1.0,0.0,0.0,0.0,0.0,0.0,0.0,0.0,0.0
1,0,1.0,0.0,0.0,0.0,0.0,0.0,0.0,0.0,0.0
1,0,1.0,0.0,0.0,0.0,0.0,0.0,0.0,0.0,0.0
1,0,1.0,0.0,0.0,0.0,0.0,0.0,0.0,0.0,0.0
1,0,1.0,0.0,0.0,0.0,0.0,0.0,0.0,0.0,0.0
1,0,1.0,0.0,0.0,0.0,0.0,0.0,0.0,0.0,0.0
1,0,1.0,0.0,0.0,0.0,0.0,0.0,0.0,0.0,0.0
1,0,1.0,0.0,0.0,0.0,0.0,0.0,0.0,0.0,0.0
1,0,1.0,0.0,0.0,0.0,0.0,0.0,0.0,0.0,0.0
1,0,1.0,0.0,0.0,0.0,0.0,0.0,0.0,0.0,0.0
1,0,1.0,0.0,0.0,0.0,0.0,0.0,0.0,0.0,0.0
1,0,1.0,0.0,0.0,0.0,0.0,0.0,0.0,0.0,0.0
1,0,1.0,0.0,0.0,0.0,0.0,0.0,0.0,0.0,0.0
1,0,1.0,0.0,0.0,0.0,0.0,0.0,0.0,0.0,0.0
1,0,1.0,0.0,0.0,0.0,0.0,0.0,0.0,0.0,0.0
1,0,1.0,0.0,0.0,0.0,0.0,0.0,0.0,0.0,0.0
1,0,1.0,0.0,0.0,0.0,0.0,0.0,0.0,0.0,0.0
1,0,1.0,0.0,0.0,0.0,0.0,0.0,0.0,0.0,0.0
1,0,1.0,0.0,0.0,0.0,0.0,0.0,0.0,0.0,0.0
1,0,1.0,0.0,0.0,0.0,0.0,0.0,0.0,0.0,0.0
1,0,1.0,0.0,0.0,0.0,0.0,0.0,0.0,0.0,0.0
1,0,1.0,0.0,0.0,0.0,0.0,0.0,0.0,0.0,0.0
1,0,1.0,0.0,0.0,0.0,0.0,0.0,0.0,0.0,0.0
1,0,1.0,0.0,0.0,0.0,0.0,0.0,0.0,0.0,0.0
1,0,1.0,0.0,0.0,0.0,0.0,0.0,0.0,0.0,0.0
1,0,1.0,0.0,0.0,0.0,0.0,0.0,0.0,0.0,0.0
1,0,1.0,0.0,0.0,0.0,0.0,0.0,0.0,0.0,0.0
1,0,1.0,0.0,0.0,0.0,0.0,0.0,0.0,0.0,0.0
1,0,1.0,0.0,0.0,0.0,0.0,0.0,0.0,0.0,0.0
1,0,1.0,0.0,0.0,0.0,0.0,0.0,0.0,0.0,0.0
1,0,1.0,0.0,0.0,0.0,0.0,0.0,0.0,0.0,0.0
1,0,1.0,0.0,0.0,0.0,0.0,0.0,0.0,0.0,0.0
1,0,1.0,0.0,0.0,0.0,0.0,0.0,0.0,0.0,0.0
1,0,1.0,0.0,0.0,0.0,0.0,0.0,0.0,0.0,0.0
1,0,1.0,0.0,0.0,0.0,0.0,0.0,0.0,0.0,0.0
1,0,1.0,0.0,0.0,0.0,0.0,0.0,0.0,0.0,0.0
1,0,1.0,0.0,0.0,0.0,0.0,0.0,0.0,0.0,0.0
1,0,1.0,0.0,0.0,0.0,0.0,0.0,0.0,0.0,0.0
1,0,1.0,0.0,0.0,0.0,0.0,0.0,0.0,0.0,0.0
1,0,1.0,0.0,0.0,0.0,0.0,0.0,0.0,0.0,0.0
1,0,1.0,0.0,0.0,0.0,0.0,0.0,0.0,0.0,0.0
1,0,1.0,0.0,0.0,0.0,0.0,0.0,0.0,0.0,0.0
1,0,1.0,0.0,0.0,0.0,0.0,0.0,0.0,0.0,0.0
1,0,1.0,0.0,0.0,0.0,0.0,0.0,0.0,0.0,0.0
1,0,1.0,0.0,0.0,0.0,0.0,0.0,0.0,0.0,0.0
1,0,1.0,0.0,0.0,0.0,0.0,0.0,0.0,0.0,0.0
1,0,1.0,0.0,0.0,0.0,0.0,0.0,0.0,0.0,0.0
1,0,1.0,0.0,0.0,0.0,0.0,0.0,0.0,0.0,0.0
1,0,1.0,0.0,0.0,0.0,0.0,0.0,0.0,0.0,0.0
1,0,1.0,0.0,0.0,0.0,0.0,0.0,0.0,0.0,0.0
1,0,1.0,0.0,0.0,0.0,0.0,0.0,0.0,0.0,0.0
1,0,1.0,0.0,0.0,0.0,0.0,0.0,0.0,0.0,0.0
1,0,1.0,0.0,0.0,0.0,0.0,0.0,0.0,0.0,0.0
1,0,1.0,0.0,0.0,0.0,0.0,0.0,0.0,0.0,0.0
1,0,1.0,0.0,0.0,0.0,0.0,0.0,0.0,0.0,0.0
1,0,1.0,0.0,0.0,0.0,0.0,0.0,0.0,0.0,0.0
1,0,1.0,0.0,0.0,0.0,0.0,0.0,0.0,0.0,0.0
1,0,1.0,0.0,0.0,0.0,0.0,0.0,0.0,0.0,0.0
1,0,1.0,0.0,0.0,0.0,0.0,0.0,0.0,0.0,0.0
1,0,1.0,0.0,0.0,0.0,0.0,0.0,0.0,0.0,0.0
1,0,1.0,0.0,0.0,0.0,0.0,0.0,0.0,0.0,0.0
1,0,1.0,0.0,0.0,0.0,0.0,0.0,0.0,0.0,0.0
1,0,1.0,0.0,0.0,0.0,0.0,0.0,0.0,0.0,0.0
1,0,1.0,0.0,0.0,0.0,0.0,0.0,0.0,0.0,0.0
1,0,1.0,0.0,0.0,0.0,0.0,0.0,0.0,0.0,0.0
1,0,1.0,0.0,0.0,0.0,0.0,0.0,0.0,0.0,0.0
1,0,1.0,0.0,0.0,0.0,0.0,0.0,0.0,0.0,0.0
1,0,1.0,0.0,0.0,0.0,0.0,0.0,0.0,0.0,0.0
1,0,1.0,0.0,0.0,0.0,0.0,0.0,0.0,0.0,0.0
1,0,1.0,0.0,0.0,0.0,0.0,0.0,0.0,0.0,0.0
1,0,1.0,0.0,0.0,0.0,0.0,0.0,0.0,0.0,0.0
1,0,1.0,0.0,0.0,0.0,0.0,0.0,0.0,0.0,0.0
1,0,1.0,0.0,0.0,0.0,0.0,0.0,0.0,0.0,0.0
1,0,1.0,0.0,0.0,0.0,0.0,0.0,0.0,0.0,0.0
1,0,1.0,0.0,0.0,0.0,0.0,0.0,0.0,0.0,0.0
1,0,1.0,0.0,0.0,0.0,0.0,0.0,0.0,0.0,0.0
1,0,1.0,0.0,0.0,0.0,0.0,0.0,0.0,0.0,0.0
1,0,1.0,0.0,0.0,0.0,0.0,0.0,0.0,0.0,0.0
1,0,1.0,0.0,0.0,0.0,0.0,0.0,0.0,0.0,0.0
1,0,1.0,0.0,0.0,0.0,0.0,0.0,0.0,0.0,0.0
1,0,1.0,0.0,0.0,0.0,0.0,0.0,0.0,0.0,0.0
1,0,1.0,0.0,0.0,0.0,0.0,0.0,0.0,0.0,0.0
1,0,1.0,0.0,0.0,0.0,0.0,0.0,0.0,0.0,0.0
1,0,1.0,0.0,0.0,0.0,0.0,0.0,0.0,0.0,0.0
1,0,1.0,0.0,0.0,0.0,0.0,0.0,0.0,0.0,0.0
1,0,1.0,0.0,0.0,0.0,0.0,0.0,0.0,0.0,0.0
1,0,1.0,0.0,0.0,0.0,0.0,0.0,0.0,0.0,0.0
1,0,1.0,0.0,0.0,0.0,0.0,0.0,0.0,0.0,0.0
1,0,1.0,0.0,0.0,0.0,0.0,0.0,0.0,0.0,0.0
1,0,1.0,0.0,0.0,0.0,0.0,0.0,0.0,0.0,0.0
1,0,1.0,0.0,0.0,0.0,0.0,0.0,0.0,0.0,0.0
1,0,1.0,0.0,0.0,0.0,0.0,0.0,0.0,0.0,0.0
1,0,1.0,0.0,0.0,0.0,0.0,0.0,0.0,0.0,0.0
1,0,1.0,0.0,0.0,0.0,0.0,0.0,0.0,0.0,0.0
1,0,1.0,0.0,0.0,0.0,0.0,0.0,0.0,0.0,0.0
1,0,1.0,0.0,0.0,0.0,0.0,0.0,0.0,0.0,0.0
1,0,1.0,0.0,0.0,0.0,0.0,0.0,0.0,0.0,0.0
1,0,1.0,0.0,0.0,0.0,0.0,0.0,0.0,0.0,0.0
1,0,1.0,0.0,0.0,0.0,0.0,0.0,0.0,0.0,0.0
1,0,1.0,0.0,0.0,0.0,0.0,0.0,0.0,0.0,0.0
1,0,1.0,0.0,0.0,0.0,0.0,0.0,0.0,0.0,0.0
1,0,1.0,0.0,0.0,0.0,0.0,0.0,0.0,0.0,0.0
1,0,1.0,0.0,0.0,0.0,0.0,0.0,0.0,0.0,0.0
1,0,1.0,0.0,0.0,0.0,0.0,0.0,0.0,0.0,0.0
1,0,1.0,0.0,0.0,0.0,0.0,0.0,0.0,0.0,0.0
1,0,1.0,0.0,0.0,0.0,0.0,0.0,0.0,0.0,0.0
1,0,1.0,0.0,0.0,0.0,0.0,0.0,0.0,0.0,0.0
1,0,1.0,0.0,0.0,0.0,0.0,0.0,0.0,0.0,0.0
1,0,1.0,0.0,0.0,0.0,0.0,0.0,0.0,0.0,0.0
1,0,1.0,0.0,0.0,0.0,0.0,0.0,0.0,0.0,0.0
1,0,1.0,0.0,0.0,0.0,0.0,0.0,0.0,0.0,0.0
1,0,1.0,0.0,0.0,0.0,0.0,0.0,0.0,0.0,0.0
1,0,1.0,0.0,0.0,0.0,0.0,0.0,0.0,0.0,0.0
1,0,1.0,0.0,0.0,0.0,0.0,0.0,0.0,0.0,0.0
1,0,1.0,0.0,0.0,0.0,0.0,0.0,0.0,0.0,0.0
1,0,1.0,0.0,0.0,0.0,0.0,0.0,0.0,0.0,0.0
1,0,1.0,0.0,0.0,0.0,0.0,0.0,0.0,0.0,0.0
1,0,1.0,0.0,0.0,0.0,0.0,0.0,0.0,0.0,0.0
1,0,1.0,0.0,0.0,0.0,0.0,0.0,0.0,0.0,0.0
1,0,1.0,0.0,0.0,0.0,0.0,0.0,0.0,0.0,0.0
1,0,1.0,0.0,0.0,0.0,0.0,0.0,0.0,0.0,0.0
1,0,1.0,0.0,0.0,0.0,0.0,0.0,0.0,0.0,0.0
1,0,1.0,0.0,0.0,0.0,0.0,0.0,0.0,0.0,0.0
1,0,1.0,0.0,0.0,0.0,0.0,0.0,0.0,0.0,0.0
1,0,1.0,0.0,0.0,0.0,0.0,0.0,0.0,0.0,0.0
1,0,1.0,0.0,0.0,0.0,0.0,0.0,0.0,0.0,0.0
1,0,1.0,0.0,0.0,0.0,0.0,0.0,0.0,0.0,0.0
1,0,1.0,0.0,0.0,0.0,0.0,0.0,0.0,0.0,0.0
1,0,1.0,0.0,0.0,0.0,0.0,0.0,0.0,0.0,0.0
1,0,1.0,0.0,0.0,0.0,0.0,0.0,0.0,0.0,0.0
1,0,1.0,0.0,0.0,0.0,0.0,0.0,0.0,0.0,0.0
1,0,1.0,0.0,0.0,0.0,0.0,0.0,0.0,0.0,0.0
1,0,1.0,0.0,0.0,0.0,0.0,0.0,0.0,0.0,0.0
1,0,1.0,0.0,0.0,0.0,0.0,0.0,0.0,0.0,0.0
1,0,1.0,0.0,0.0,0.0,0.0,0.0,0.0,0.0,0.0
1,0,1.0,0.0,0.0,0.0,0.0,0.0,0.0,0.0,0.0
1,0,1.0,0.0,0.0,0.0,0.0,0.0,0.0,0.0,0.0
1,0,1.0,0.0,0.0,0.0,0.0,0.0,0.0,0.0,0.0
1,0,1.0,0.0,0.0,0.0,0.0,0.0,0.0,0.0,0.0
1,0,1.0,0.0,0.0,0.0,0.0,0.0,0.0,0.0,0.0
1,0,1.0,0.0,0.0,0.0,0.0,0.0,0.0,0.0,0.0
1,0,1.0,0.0,0.0,0.0,0.0,0.0,0.0,0.0,0.0
1,0,1.0,0.0,0.0,0.0,0.0,0.0,0.0,0.0,0.0
1,0,1.0,0.0,0.0,0.0,0.0,0.0,0.0,0.0,0.0
1,0,1.0,0.0,0.0,0.0,0.0,0.0,0.0,0.0,0.0
1,0,1.0,0.0,0.0,0.0,0.0,0.0,0.0,0.0,0.0
1,0,1.0,0.0,0.0,0.0,0.0,0.0,0.0,0.0,0.0
1,0,1.0,0.0,0.0,0.0,0.0,0.0,0.0,0.0,0.0
1,0,1.0,0.0,0.0,0.0,0.0,0.0,0.0,0.0,0.0
1,0,1.0,0.0,0.0,0.0,0.0,0.0,0.0,0.0,0.0
1,0,1.0,0.0,0.0,0.0,0.0,0.0,0.0,0.0,0.0
1,0,1.0,0.0,0.0,0.0,0.0,0.0,0.0,0.0,0.0
1,0,1.0,0.0,0.0,0.0,0.0,0.0,0.0,0.0,0.0
1,0,1.0,0.0,0.0,0.0,0.0,0.0,0.0,0.0,0.0
1,0,1.0,0.0,0.0,0.0,0.0,0.0,0.0,0.0,0.0
1,0,1.0,0.0,0.0,0.0,0.0,0.0,0.0,0.0,0.0
1,0,1.0,0.0,0.0,0.0,0.0,0.0,0.0,0.0,0.0
1,0,1.0,0.0,0.0,0.0,0.0,0.0,0.0,0.0,0.0
1,0,1.0,0.0,0.0,0.0,0.0,0.0,0.0,0.0,0.0
1,0,1.0,0.0,0.0,0.0,0.0,0.0,0.0,0.0,0.0
1,0,1.0,0.0,0.0,0.0,0.0,0.0,0.0,0.0,0.0
1,0,1.0,0.0,0.0,0.0,0.0,0.0,0.0,0.0,0.0
1,0,1.0,0.0,0.0,0.0,0.0,0.0,0.0,0.0,0.0
1,0,1.0,0.0,0.0,0.0,0.0,0.0,0.0,0.0,0.0
1,0,1.0,0.0,0.0,0.0,0.0,0.0,0.0,0.0,0.0
1,0,1.0,0.0,0.0,0.0,0.0,0.0,0.0,0.0,0.0
1,0,1.0,0.0,0.0,0.0,0.0,0.0,0.0,0.0,0.0
1,0,1.0,0.0,0.0,0.0,0.0,0.0,0.0,0.0,0.0
1,0,1.0,0.0,0.0,0.0,0.0,0.0,0.0,0.0,0.0
1,0,1.0,0.0,0.0,0.0,0.0,0.0,0.0,0.0,0.0
1,0,1.0,0.0,0.0,0.0,0.0,0.0,0.0,0.0,0.0
1,0,1.0,0.0,0.0,0.0,0.0,0.0,0.0,0.0,0.0
1,0,1.0,0.0,0.0,0.0,0.0,0.0,0.0,0.0,0.0
1,0,1.0,0.0,0.0,0.0,0.0,0.0,0.0,0.0,0.0
1,0,1.0,0.0,0.0,0.0,0.0,0.0,0.0,0.0,0.0
1,0,1.0,0.0,0.0,0.0,0.0,0.0,0.0,0.0,0.0
1,0,1.0,0.0,0.0,0.0,0.0,0.0,0.0,0.0,0.0
1,0,1.0,0.0,0.0,0.0,0.0,0.0,0.0,0.0,0.0
1,0,1.0,0.0,0.0,0.0,0.0,0.0,0.0,0.0,0.0
1,0,1.0,0.0,0.0,0.0,0.0,0.0,0.0,0.0,0.0
1,0,1.0,0.0,0.0,0.0,0.0,0.0,0.0,0.0,0.0
1,0,1.0,0.0,0.0,0.0,0.0,0.0,0.0,0.0,0.0
1,0,1.0,0.0,0.0,0.0,0.0,0.0,0.0,0.0,0.0
1,0,1.0,0.0,0.0,0.0,0.0,0.0,0.0,0.0,0.0
1,0,1.0,0.0,0.0,0.0,0.0,0.0,0.0,0.0,0.0
1,0,1.0,0.0,0.0,0.0,0.0,0.0,0.0,0.0,0.0
1,0,1.0,0.0,0.0,0.0,0.0,0.0,0.0,0.0,0.0
1,0,1.0,0.0,0.0,0.0,0.0,0.0,0.0,0.0,0.0
1,0,1.0,0.0,0.0,0.0,0.0,0.0,0.0,0.0,0.0
1,0,1.0,0.0,0.0,0.0,0.0,0.0,0.0,0.0,0.0
1,0,1.0,0.0,0.0,0.0,0.0,0.0,0.0,0.0,0.0
1,0,1.0,0.0,0.0,0.0,0.0,0.0,0.0,0.0,0.0
1,0,1.0,0.0,0.0,0.0,0.0,0.0,0.0,0.0,0.0
1,0,1.0,0.0,0.0,0.0,0.0,0.0,0.0,0.0,0.0
1,0,1.0,0.0,0.0,0.0,0.0,0.0,0.0,0.0,0.0
1,0,1.0,0.0,0.0,0.0,0.0,0.0,0.0,0.0,0.0
1,0,1.0,0.0,0.0,0.0,0.0,0.0,0.0,0.0,0.0
1,0,1.0,0.0,0.0,0.0,0.0,0.0,0.0,0.0,0.0
1,0,1.0,0.0,0.0,0.0,0.0,0.0,0.0,0.0,0.0
1,0,1.0,0.0,0.0,0.0,0.0,0.0,0.0,0.0,0.0
1,0,1.0,0.0,0.0,0.0,0.0,0.0,0.0,0.0,0.0
1,0,1.0,0.0,0.0,0.0,0.0,0.0,0.0,0.0,0.0
1,0,1.0,0.0,0.0,0.0,0.0,0.0,0.0,0.0,0.0
1,0,1.0,0.0,0.0,0.0,0.0,0.0,0.0,0.0,0.0
1,0,1.0,0.0,0.0,0.0,0.0,0.0,0.0,0.0,0.0
1,0,1.0,0.0,0.0,0.0,0.0,0.0,0.0,0.0,0.0
1,0,1.0,0.0,0.0,0.0,0.0,0.0,0.0,0.0,0.0
1,0,1.0,0.0,0.0,0.0,0.0,0.0,0.0,0.0,0.0
1,0,1.0,0.0,0.0,0.0,0.0,0.0,0.0,0.0,0.0
1,0,1.0,0.0,0.0,0.0,0.0,0.0,0.0,0.0,0.0
1,0,1.0,0.0,0.0,0.0,0.0,0.0,0.0,0.0,0.0
1,0,1.0,0.0,0.0,0.0,0.0,0.0,0.0,0.0,0.0
1,0,1.0,0.0,0.0,0.0,0.0,0.0,0.0,0.0,0.0
1,0,1.0,0.0,0.0,0.0,0.0,0.0,0.0,0.0,0.0
1,0,1.0,0.0,0.0,0.0,0.0,0.0,0.0,0.0,0.0
1,0,1.0,0.0,0.0,0.0,0.0,0.0,0.0,0.0,0.0
1,0,1.0,0.0,0.0,0.0,0.0,0.0,0.0,0.0,0.0
1,0,1.0,0.0,0.0,0.0,0.0,0.0,0.0,0.0,0.0
1,0,1.0,0.0,0.0,0.0,0.0,0.0,0.0,0.0,0.0
1,0,1.0,0.0,0.0,0.0,0.0,0.0,0.0,0.0,0.0
1,0,1.0,0.0,0.0,0.0,0.0,0.0,0.0,0.0,0.0
1,0,1.0,0.0,0.0,0.0,0.0,0.0,0.0,0.0,0.0
1,0,1.0,0.0,0.0,0.0,0.0,0.0,0.0,0.0,0.0
1,0,1.0,0.0,0.0,0.0,0.0,0.0,0.0,0.0,0.0
1,0,1.0,0.0,0.0,0.0,0.0,0.0,0.0,0.0,0.0
1,0,1.0,0.0,0.0,0.0,0.0,0.0,0.0,0.0,0.0
1,0,1.0,0.0,0.0,0.0,0.0,0.0,0.0,0.0,0.0
1,0,1.0,0.0,0.0,0.0,0.0,0.0,0.0,0.0,0.0
1,0,1.0,0.0,0.0,0.0,0.0,0.0,0.0,0.0,0.0
1,0,1.0,0.0,0.0,0.0,0.0,0.0,0.0,0.0,0.0
1,0,1.0,0.0,0.0,0.0,0.0,0.0,0.0,0.0,0.0
1,0,1.0,0.0,0.0,0.0,0.0,0.0,0.0,0.0,0.0
1,0,1.0,0.0,0.0,0.0,0.0,0.0,0.0,0.0,0.0
1,0,1.0,0.0,0.0,0.0,0.0,0.0,0.0,0.0,0.0
1,0,1.0,0.0,0.0,0.0,0.0,0.0,0.0,0.0,0.0
1,0,1.0,0.0,0.0,0.0,0.0,0.0,0.0,0.0,0.0
1,0,1.0,0.0,0.0,0.0,0.0,0.0,0.0,0.0,0.0
1,0,1.0,0.0,0.0,0.0,0.0,0.0,0.0,0.0,0.0
1,0,1.0,0.0,0.0,0.0,0.0,0.0,0.0,0.0,0.0
1,0,1.0,0.0,0.0,0.0,0.0,0.0,0.0,0.0,0.0
1,0,1.0,0.0,0.0,0.0,0.0,0.0,0.0,0.0,0.0
1,0,1.0,0.0,0.0,0.0,0.0,0.0,0.0,0.0,0.0
1,0,1.0,0.0,0.0,0.0,0.0,0.0,0.0,0.0,0.0
1,0,1.0,0.0,0.0,0.0,0.0,0.0,0.0,0.0,0.0
1,0,1.0,0.0,0.0,0.0,0.0,0.0,0.0,0.0,0.0
1,0,1.0,0.0,0.0,0.0,0.0,0.0,0.0,0.0,0.0
1,0,1.0,0.0,0.0,0.0,0.0,0.0,0.0,0.0,0.0
1,0,1.0,0.0,0.0,0.0,0.0,0.0,0.0,0.0,0.0
1,0,1.0,0.0,0.0,0.0,0.0,0.0,0.0,0.0,0.0
1,0,1.0,0.0,0.0,0.0,0.0,0.0,0.0,0.0,0.0
1,0,1.0,0.0,0.0,0.0,0.0,0.0,0.0,0.0,0.0
1,0,1.0,0.0,0.0,0.0,0.0,0.0,0.0,0.0,0.0
1,0,1.0,0.0,0.0,0.0,0.0,0.0,0.0,0.0,0.0
1,0,1.0,0.0,0.0,0.0,0.0,0.0,0.0,0.0,0.0
1,0,1.0,0.0,0.0,0.0,0.0,0.0,0.0,0.0,0.0
1,0,1.0,0.0,0.0,0.0,0.0,0.0,0.0,0.0,0.0
1,0,1.0,0.0,0.0,0.0,0.0,0.0,0.0,0.0,0.0
1,0,1.0,0.0,0.0,0.0,0.0,0.0,0.0,0.0,0.0
1,0,1.0,0.0,0.0,0.0,0.0,0.0,0.0,0.0,0.0
1,0,1.0,0.0,0.0,0.0,0.0,0.0,0.0,0.0,0.0
1,0,1.0,0.0,0.0,0.0,0.0,0.0,0.0,0.0,0.0
1,0,1.0,0.0,0.0,0.0,0.0,0.0,0.0,0.0,0.0
1,0,1.0,0.0,0.0,0.0,0.0,0.0,0.0,0.0,0.0
1,0,1.0,0.0,0.0,0.0,0.0,0.0,0.0,0.0,0.0
1,0,1.0,0.0,0.0,0.0,0.0,0.0,0.0,0.0,0.0
1,0,1.0,0.0,0.0,0.0,0.0,0.0,0.0,0.0,0.0
1,0,1.0,0.0,0.0,0.0,0.0,0.0,0.0,0.0,0.0
1,0,1.0,0.0,0.0,0.0,0.0,0.0,0.0,0.0,0.0
1,0,1.0,0.0,0.0,0.0,0.0,0.0,0.0,0.0,0.0
1,0,1.0,0.0,0.0,0.0,0.0,0.0,0.0,0.0,0.0
1,0,1.0,0.0,0.0,0.0,0.0,0.0,0.0,0.0,0.0
1,0,1.0,0.0,0.0,0.0,0.0,0.0,0.0,0.0,0.0
1,0,1.0,0.0,0.0,0.0,0.0,0.0,0.0,0.0,0.0
1,0,1.0,0.0,0.0,0.0,0.0,0.0,0.0,0.0,0.0
1,0,1.0,0.0,0.0,0.0,0.0,0.0,0.0,0.0,0.0
1,0,1.0,0.0,0.0,0.0,0.0,0.0,0.0,0.0,0.0
1,0,1.0,0.0,0.0,0.0,0.0,0.0,0.0,0.0,0.0
1,0,1.0,0.0,0.0,0.0,0.0,0.0,0.0,0.0,0.0
1,0,1.0,0.0,0.0,0.0,0.0,0.0,0.0,0.0,0.0
1,0,1.0,0.0,0.0,0.0,0.0,0.0,0.0,0.0,0.0
1,0,1.0,0.0,0.0,0.0,0.0,0.0,0.0,0.0,0.0
1,0,1.0,0.0,0.0,0.0,0.0,0.0,0.0,0.0,0.0
1,0,1.0,0.0,0.0,0.0,0.0,0.0,0.0,0.0,0.0
1,0,1.0,0.0,0.0,0.0,0.0,0.0,0.0,0.0,0.0
1,0,1.0,0.0,0.0,0.0,0.0,0.0,0.0,0.0,0.0
1,0,1.0,0.0,0.0,0.0,0.0,0.0,0.0,0.0,0.0
1,0,1.0,0.0,0.0,0.0,0.0,0.0,0.0,0.0,0.0
1,0,1.0,0.0,0.0,0.0,0.0,0.0,0.0,0.0,0.0
1,0,1.0,0.0,0.0,0.0,0.0,0.0,0.0,0.0,0.0
1,0,1.0,0.0,0.0,0.0,0.0,0.0,0.0,0.0,0.0
1,0,1.0,0.0,0.0,0.0,0.0,0.0,0.0,0.0,0.0
1,0,1.0,0.0,0.0,0.0,0.0,0.0,0.0,0.0,0.0
1,0,1.0,0.0,0.0,0.0,0.0,0.0,0.0,0.0,0.0
1,0,1.0,0.0,0.0,0.0,0.0,0.0,0.0,0.0,0.0
1,0,1.0,0.0,0.0,0.0,0.0,0.0,0.0,0.0,0.0
1,0,1.0,0.0,0.0,0.0,0.0,0.0,0.0,0.0,0.0
1,0,1.0,0.0,0.0,0.0,0.0,0.0,0.0,0.0,0.0
1,0,1.0,0.0,0.0,0.0,0.0,0.0,0.0,0.0,0.0
1,0,1.0,0.0,0.0,0.0,0.0,0.0,0.0,0.0,0.0
1,0,1.0,0.0,0.0,0.0,0.0,0.0,0.0,0.0,0.0
1,0,1.0,0.0,0.0,0.0,0.0,0.0,0.0,0.0,0.0
1,0,1.0,0.0,0.0,0.0,0.0,0.0,0.0,0.0,0.0
1,0,1.0,0.0,0.0,0.0,0.0,0.0,0.0,0.0,0.0
1,0,1.0,0.0,0.0,0.0,0.0,0.0,0.0,0.0,0.0
1,0,1.0,0.0,0.0,0.0,0.0,0.0,0.0,0.0,0.0
1,0,1.0,0.0,0.0,0.0,0.0,0.0,0.0,0.0,0.0
1,0,1.0,0.0,0.0,0.0,0.0,0.0,0.0,0.0,0.0
1,0,1.0,0.0,0.0,0.0,0.0,0.0,0.0,0.0,0.0
1,0,1.0,0.0,0.0,0.0,0.0,0.0,0.0,0.0,0.0
1,0,1.0,0.0,0.0,0.0,0.0,0.0,0.0,0.0,0.0
1,0,1.0,0.0,0.0,0.0,0.0,0.0,0.0,0.0,0.0
1,0,1.0,0.0,0.0,0.0,0.0,0.0,0.0,0.0,0.0
1,0,1.0,0.0,0.0,0.0,0.0,0.0,0.0,0.0,0.0
1,0,1.0,0.0,0.0,0.0,0.0,0.0,0.0,0.0,0.0
1,0,1.0,0.0,0.0,0.0,0.0,0.0,0.0,0.0,0.0
1,0,1.0,0.0,0.0,0.0,0.0,0.0,0.0,0.0,0.0
1,0,1.0,0.0,0.0,0.0,0.0,0.0,0.0,0.0,0.0
1,0,1.0,0.0,0.0,0.0,0.0,0.0,0.0,0.0,0.0
1,0,1.0,0.0,0.0,0.0,0.0,0.0,0.0,0.0,0.0
1,0,1.0,0.0,0.0,0.0,0.0,0.0,0.0,0.0,0.0
1,0,1.0,0.0,0.0,0.0,0.0,0.0,0.0,0.0,0.0
1,0,1.0,0.0,0.0,0.0,0.0,0.0,0.0,0.0,0.0
1,0,1.0,0.0,0.0,0.0,0.0,0.0,0.0,0.0,0.0
1,0,1.0,0.0,0.0,0.0,0.0,0.0,0.0,0.0,0.0
1,0,1.0,0.0,0.0,0.0,0.0,0.0,0.0,0.0,0.0
1,0,1.0,0.0,0.0,0.0,0.0,0.0,0.0,0.0,0.0
1,0,1.0,0.0,0.0,0.0,0.0,0.0,0.0,0.0,0.0
1,0,1.0,0.0,0.0,0.0,0.0,0.0,0.0,0.0,0.0
1,0,1.0,0.0,0.0,0.0,0.0,0.0,0.0,0.0,0.0
1,0,1.0,0.0,0.0,0.0,0.0,0.0,0.0,0.0,0.0
1,0,1.0,0.0,0.0,0.0,0.0,0.0,0.0,0.0,0.0
1,0,1.0,0.0,0.0,0.0,0.0,0.0,0.0,0.0,0.0
1,0,1.0,0.0,0.0,0.0,0.0,0.0,0.0,0.0,0.0
1,0,1.0,0.0,0.0,0.0,0.0,0.0,0.0,0.0,0.0
1,0,1.0,0.0,0.0,0.0,0.0,0.0,0.0,0.0,0.0
1,0,1.0,0.0,0.0,0.0,0.0,0.0,0.0,0.0,0.0
1,0,1.0,0.0,0.0,0.0,0.0,0.0,0.0,0.0,0.0
1,0,1.0,0.0,0.0,0.0,0.0,0.0,0.0,0.0,0.0
1,0,1.0,0.0,0.0,0.0,0.0,0.0,0.0,0.0,0.0
1,0,1.0,0.0,0.0,0.0,0.0,0.0,0.0,0.0,0.0
1,0,1.0,0.0,0.0,0.0,0.0,0.0,0.0,0.0,0.0
1,0,1.0,0.0,0.0,0.0,0.0,0.0,0.0,0.0,0.0
1,0,1.0,0.0,0.0,0.0,0.0,0.0,0.0,0.0,0.0
1,0,1.0,0.0,0.0,0.0,0.0,0.0,0.0,0.0,0.0
1,0,1.0,0.0,0.0,0.0,0.0,0.0,0.0,0.0,0.0
1,0,1.0,0.0,0.0,0.0,0.0,0.0,0.0,0.0,0.0
1,0,1.0,0.0,0.0,0.0,0.0,0.0,0.0,0.0,0.0
1,0,1.0,0.0,0.0,0.0,0.0,0.0,0.0,0.0,0.0
1,0,1.0,0.0,0.0,0.0,0.0,0.0,0.0,0.0,0.0
1,0,1.0,0.0,0.0,0.0,0.0,0.0,0.0,0.0,0.0
1,0,1.0,0.0,0.0,0.0,0.0,0.0,0.0,0.0,0.0
1,0,1.0,0.0,0.0,0.0,0.0,0.0,0.0,0.0,0.0
1,0,1.0,0.0,0.0,0.0,0.0,0.0,0.0,0.0,0.0
1,0,1.0,0.0,0.0,0.0,0.0,0.0,0.0,0.0,0.0
1,0,1.0,0.0,0.0,0.0,0.0,0.0,0.0,0.0,0.0
1,0,1.0,0.0,0.0,0.0,0.0,0.0,0.0,0.0,0.0
1,0,1.0,0.0,0.0,0.0,0.0,0.0,0.0,0.0,0.0
1,0,1.0,0.0,0.0,0.0,0.0,0.0,0.0,0.0,0.0
1,0,1.0,0.0,0.0,0.0,0.0,0.0,0.0,0.0,0.0
1,0,1.0,0.0,0.0,0.0,0.0,0.0,0.0,0.0,0.0
1,0,1.0,0.0,0.0,0.0,0.0,0.0,0.0,0.0,0.0
1,0,1.0,0.0,0.0,0.0,0.0,0.0,0.0,0.0,0.0
1,0,1.0,0.0,0.0,0.0,0.0,0.0,0.0,0.0,0.0
1,0,1.0,0.0,0.0,0.0,0.0,0.0,0.0,0.0,0.0
1,0,1.0,0.0,0.0,0.0,0.0,0.0,0.0,0.0,0.0
1,0,1.0,0.0,0.0,0.0,0.0,0.0,0.0,0.0,0.0
1,0,1.0,0.0,0.0,0.0,0.0,0.0,0.0,0.0,0.0
1,0,1.0,0.0,0.0,0.0,0.0,0.0,0.0,0.0,0.0
1,0,1.0,0.0,0.0,0.0,0.0,0.0,0.0,0.0,0.0
1,0,1.0,0.0,0.0,0.0,0.0,0.0,0.0,0.0,0.0
1,0,1.0,0.0,0.0,0.0,0.0,0.0,0.0,0.0,0.0
1,0,1.0,0.0,0.0,0.0,0.0,0.0,0.0,0.0,0.0
1,0,1.0,0.0,0.0,0.0,0.0,0.0,0.0,0.0,0.0
1,0,1.0,0.0,0.0,0.0,0.0,0.0,0.0,0.0,0.0
1,0,1.0,0.0,0.0,0.0,0.0,0.0,0.0,0.0,0.0
1,0,1.0,0.0,0.0,0.0,0.0,0.0,0.0,0.0,0.0
1,0,1.0,0.0,0.0,0.0,0.0,0.0,0.0,0.0,0.0
1,0,1.0,0.0,0.0,0.0,0.0,0.0,0.0,0.0,0.0
1,0,1.0,0.0,0.0,0.0,0.0,0.0,0.0,0.0,0.0
1,0,1.0,0.0,0.0,0.0,0.0,0.0,0.0,0.0,0.0
1,0,1.0,0.0,0.0,0.0,0.0,0.0,0.0,0.0,0.0
1,0,1.0,0.0,0.0,0.0,0.0,0.0,0.0,0.0,0.0
1,0,1.0,0.0,0.0,0.0,0.0,0.0,0.0,0.0,0.0
1,0,1.0,0.0,0.0,0.0,0.0,0.0,0.0,0.0,0.0
1,0,1.0,0.0,0.0,0.0,0.0,0.0,0.0,0.0,0.0
1,0,1.0,0.0,0.0,0.0,0.0,0.0,0.0,0.0,0.0
1,0,1.0,0.0,0.0,0.0,0.0,0.0,0.0,0.0,0.0
1,0,1.0,0.0,0.0,0.0,0.0,0.0,0.0,0.0,0.0
1,0,1.0,0.0,0.0,0.0,0.0,0.0,0.0,0.0,0.0
1,0,1.0,0.0,0.0,0.0,0.0,0.0,0.0,0.0,0.0
1,0,1.0,0.0,0.0,0.0,0.0,0.0,0.0,0.0,0.0
1,0,1.0,0.0,0.0,0.0,0.0,0.0,0.0,0.0,0.0
1,0,1.0,0.0,0.0,0.0,0.0,0.0,0.0,0.0,0.0
1,0,1.0,0.0,0.0,0.0,0.0,0.0,0.0,0.0,0.0
1,0,1.0,0.0,0.0,0.0,0.0,0.0,0.0,0.0,0.0
1,0,1.0,0.0,0.0,0.0,0.0,0.0,0.0,0.0,0.0
1,0,1.0,0.0,0.0,0.0,0.0,0.0,0.0,0.0,0.0
1,0,1.0,0.0,0.0,0.0,0.0,0.0,0.0,0.0,0.0
1,0,1.0,0.0,0.0,0.0,0.0,0.0,0.0,0.0,0.0
1,0,1.0,0.0,0.0,0.0,0.0,0.0,0.0,0.0,0.0
1,0,1.0,0.0,0.0,0.0,0.0,0.0,0.0,0.0,0.0
1,0,1.0,0.0,0.0,0.0,0.0,0.0,0.0,0.0,0.0
1,0,1.0,0.0,0.0,0.0,0.0,0.0,0.0,0.0,0.0
1,0,1.0,0.0,0.0,0.0,0.0,0.0,0.0,0.0,0.0
1,0,1.0,0.0,0.0,0.0,0.0,0.0,0.0,0.0,0.0
1,0,1.0,0.0,0.0,0.0,0.0,0.0,0.0,0.0,0.0
1,0,1.0,0.0,0.0,0.0,0.0,0.0,0.0,0.0,0.0
1,0,1.0,0.0,0.0,0.0,0.0,0.0,0.0,0.0,0.0
1,0,1.0,0.0,0.0,0.0,0.0,0.0,0.0,0.0,0.0
1,0,1.0,0.0,0.0,0.0,0.0,0.0,0.0,0.0,0.0
1,0,1.0,0.0,0.0,0.0,0.0,0.0,0.0,0.0,0.0
1,0,1.0,0.0,0.0,0.0,0.0,0.0,0.0,0.0,0.0
1,0,1.0,0.0,0.0,0.0,0.0,0.0,0.0,0.0,0.0
1,0,1.0,0.0,0.0,0.0,0.0,0.0,0.0,0.0,0.0
1,0,1.0,0.0,0.0,0.0,0.0,0.0,0.0,0.0,0.0
1,0,1.0,0.0,0.0,0.0,0.0,0.0,0.0,0.0,0.0
1,0,1.0,0.0,0.0,0.0,0.0,0.0,0.0,0.0,0.0
1,0,1.0,0.0,0.0,0.0,0.0,0.0,0.0,0.0,0.0
1,0,1.0,0.0,0.0,0.0,0.0,0.0,0.0,0.0,0.0
1,0,1.0,0.0,0.0,0.0,0.0,0.0,0.0,0.0,0.0
1,0,1.0,0.0,0.0,0.0,0.0,0.0,0.0,0.0,0.0
1,0,1.0,0.0,0.0,0.0,0.0,0.0,0.0,0.0,0.0
1,0,1.0,0.0,0.0,0.0,0.0,0.0,0.0,0.0,0.0
1,0,1.0,0.0,0.0,0.0,0.0,0.0,0.0,0.0,0.0
1,0,1.0,0.0,0.0,0.0,0.0,0.0,0.0,0.0,0.0
1,0,1.0,0.0,0.0,0.0,0.0,0.0,0.0,0.0,0.0
1,0,1.0,0.0,0.0,0.0,0.0,0.0,0.0,0.0,0.0
1,0,1.0,0.0,0.0,0.0,0.0,0.0,0.0,0.0,0.0
1,0,1.0,0.0,0.0,0.0,0.0,0.0,0.0,0.0,0.0
1,0,1.0,0.0,0.0,0.0,0.0,0.0,0.0,0.0,0.0
1,0,1.0,0.0,0.0,0.0,0.0,0.0,0.0,0.0,0.0
1,0,1.0,0.0,0.0,0.0,0.0,0.0,0.0,0.0,0.0
1,0,1.0,0.0,0.0,0.0,0.0,0.0,0.0,0.0,0.0
1,0,1.0,0.0,0.0,0.0,0.0,0.0,0.0,0.0,0.0
1,0,1.0,0.0,0.0,0.0,0.0,0.0,0.0,0.0,0.0
1,0,1.0,0.0,0.0,0.0,0.0,0.0,0.0,0.0,0.0
1,0,1.0,0.0,0.0,0.0,0.0,0.0,0.0,0.0,0.0
1,0,1.0,0.0,0.0,0.0,0.0,0.0,0.0,0.0,0.0
1,0,1.0,0.0,0.0,0.0,0.0,0.0,0.0,0.0,0.0
1,0,1.0,0.0,0.0,0.0,0.0,0.0,0.0,0.0,0.0
1,0,1.0,0.0,0.0,0.0,0.0,0.0,0.0,0.0,0.0
1,0,1.0,0.0,0.0,0.0,0.0,0.0,0.0,0.0,0.0
1,0,1.0,0.0,0.0,0.0,0.0,0.0,0.0,0.0,0.0
1,0,1.0,0.0,0.0,0.0,0.0,0.0,0.0,0.0,0.0
1,0,1.0,0.0,0.0,0.0,0.0,0.0,0.0,0.0,0.0
1,0,1.0,0.0,0.0,0.0,0.0,0.0,0.0,0.0,0.0
1,0,1.0,0.0,0.0,0.0,0.0,0.0,0.0,0.0,0.0
1,0,1.0,0.0,0.0,0.0,0.0,0.0,0.0,0.0,0.0
1,0,1.0,0.0,0.0,0.0,0.0,0.0,0.0,0.0,0.0
1,0,1.0,0.0,0.0,0.0,0.0,0.0,0.0,0.0,0.0
1,0,1.0,0.0,0.0,0.0,0.0,0.0,0.0,0.0,0.0
1,0,1.0,0.0,0.0,0.0,0.0,0.0,0.0,0.0,0.0
1,0,1.0,0.0,0.0,0.0,0.0,0.0,0.0,0.0,0.0
1,0,1.0,0.0,0.0,0.0,0.0,0.0,0.0,0.0,0.0
1,0,1.0,0.0,0.0,0.0,0.0,0.0,0.0,0.0,0.0
1,0,1.0,0.0,0.0,0.0,0.0,0.0,0.0,0.0,0.0
1,0,1.0,0.0,0.0,0.0,0.0,0.0,0.0,0.0,0.0
1,0,1.0,0.0,0.0,0.0,0.0,0.0,0.0,0.0,0.0
1,0,1.0,0.0,0.0,0.0,0.0,0.0,0.0,0.0,0.0
1,0,1.0,0.0,0.0,0.0,0.0,0.0,0.0,0.0,0.0
1,0,1.0,0.0,0.0,0.0,0.0,0.0,0.0,0.0,0.0
1,0,1.0,0.0,0.0,0.0,0.0,0.0,0.0,0.0,0.0
1,0,1.0,0.0,0.0,0.0,0.0,0.0,0.0,0.0,0.0
1,0,1.0,0.0,0.0,0.0,0.0,0.0,0.0,0.0,0.0
1,0,1.0,0.0,0.0,0.0,0.0,0.0,0.0,0.0,0.0
1,0,1.0,0.0,0.0,0.0,0.0,0.0,0.0,0.0,0.0
1,0,1.0,0.0,0.0,0.0,0.0,0.0,0.0,0.0,0.0
1,0,1.0,0.0,0.0,0.0,0.0,0.0,0.0,0.0,0.0
1,0,1.0,0.0,0.0,0.0,0.0,0.0,0.0,0.0,0.0
1,0,1.0,0.0,0.0,0.0,0.0,0.0,0.0,0.0,0.0
1,0,1.0,0.0,0.0,0.0,0.0,0.0,0.0,0.0,0.0
1,0,1.0,0.0,0.0,0.0,0.0,0.0,0.0,0.0,0.0
1,0,1.0,0.0,0.0,0.0,0.0,0.0,0.0,0.0,0.0
1,0,1.0,0.0,0.0,0.0,0.0,0.0,0.0,0.0,0.0
1,0,1.0,0.0,0.0,0.0,0.0,0.0,0.0,0.0,0.0
1,0,1.0,0.0,0.0,0.0,0.0,0.0,0.0,0.0,0.0
1,0,1.0,0.0,0.0,0.0,0.0,0.0,0.0,0.0,0.0
1,0,1.0,0.0,0.0,0.0,0.0,0.0,0.0,0.0,0.0
1,0,1.0,0.0,0.0,0.0,0.0,0.0,0.0,0.0,0.0
1,0,1.0,0.0,0.0,0.0,0.0,0.0,0.0,0.0,0.0
1,0,1.0,0.0,0.0,0.0,0.0,0.0,0.0,0.0,0.0
1,0,1.0,0.0,0.0,0.0,0.0,0.0,0.0,0.0,0.0
1,0,1.0,0.0,0.0,0.0,0.0,0.0,0.0,0.0,0.0
1,0,1.0,0.0,0.0,0.0,0.0,0.0,0.0,0.0,0.0
1,0,1.0,0.0,0.0,0.0,0.0,0.0,0.0,0.0,0.0
1,0,1.0,0.0,0.0,0.0,0.0,0.0,0.0,0.0,0.0
1,0,1.0,0.0,0.0,0.0,0.0,0.0,0.0,0.0,0.0
1,0,1.0,0.0,0.0,0.0,0.0,0.0,0.0,0.0,0.0
1,0,1.0,0.0,0.0,0.0,0.0,0.0,0.0,0.0,0.0
1,0,1.0,0.0,0.0,0.0,0.0,0.0,0.0,0.0,0.0
1,0,1.0,0.0,0.0,0.0,0.0,0.0,0.0,0.0,0.0
1,0,1.0,0.0,0.0,0.0,0.0,0.0,0.0,0.0,0.0
1,0,1.0,0.0,0.0,0.0,0.0,0.0,0.0,0.0,0.0
1,0,1.0,0.0,0.0,0.0,0.0,0.0,0.0,0.0,0.0
1,0,1.0,0.0,0.0,0.0,0.0,0.0,0.0,0.0,0.0
1,0,1.0,0.0,0.0,0.0,0.0,0.0,0.0,0.0,0.0
1,0,1.0,0.0,0.0,0.0,0.0,0.0,0.0,0.0,0.0
1,0,1.0,0.0,0.0,0.0,0.0,0.0,0.0,0.0,0.0
1,0,1.0,0.0,0.0,0.0,0.0,0.0,0.0,0.0,0.0
1,0,1.0,0.0,0.0,0.0,0.0,0.0,0.0,0.0,0.0
1,0,1.0,0.0,0.0,0.0,0.0,0.0,0.0,0.0,0.0
1,0,1.0,0.0,0.0,0.0,0.0,0.0,0.0,0.0,0.0
1,0,1.0,0.0,0.0,0.0,0.0,0.0,0.0,0.0,0.0
1,0,1.0,0.0,0.0,0.0,0.0,0.0,0.0,0.0,0.0
1,0,1.0,0.0,0.0,0.0,0.0,0.0,0.0,0.0,0.0
1,0,1.0,0.0,0.0,0.0,0.0,0.0,0.0,0.0,0.0
1,0,1.0,0.0,0.0,0.0,0.0,0.0,0.0,0.0,0.0
1,0,1.0,0.0,0.0,0.0,0.0,0.0,0.0,0.0,0.0
1,0,1.0,0.0,0.0,0.0,0.0,0.0,0.0,0.0,0.0
1,0,1.0,0.0,0.0,0.0,0.0,0.0,0.0,0.0,0.0
1,0,1.0,0.0,0.0,0.0,0.0,0.0,0.0,0.0,0.0
1,0,1.0,0.0,0.0,0.0,0.0,0.0,0.0,0.0,0.0
1,0,1.0,0.0,0.0,0.0,0.0,0.0,0.0,0.0,0.0
1,0,1.0,0.0,0.0,0.0,0.0,0.0,0.0,0.0,0.0
1,0,1.0,0.0,0.0,0.0,0.0,0.0,0.0,0.0,0.0
1,0,1.0,0.0,0.0,0.0,0.0,0.0,0.0,0.0,0.0
1,0,1.0,0.0,0.0,0.0,0.0,0.0,0.0,0.0,0.0
1,0,1.0,0.0,0.0,0.0,0.0,0.0,0.0,0.0,0.0
1,0,1.0,0.0,0.0,0.0,0.0,0.0,0.0,0.0,0.0
1,0,1.0,0.0,0.0,0.0,0.0,0.0,0.0,0.0,0.0
1,0,1.0,0.0,0.0,0.0,0.0,0.0,0.0,0.0,0.0
1,0,1.0,0.0,0.0,0.0,0.0,0.0,0.0,0.0,0.0
1,0,1.0,0.0,0.0,0.0,0.0,0.0,0.0,0.0,0.0
1,0,1.0,0.0,0.0,0.0,0.0,0.0,0.0,0.0,0.0
1,0,1.0,0.0,0.0,0.0,0.0,0.0,0.0,0.0,0.0
1,0,1.0,0.0,0.0,0.0,0.0,0.0,0.0,0.0,0.0
1,0,1.0,0.0,0.0,0.0,0.0,0.0,0.0,0.0,0.0
1,0,1.0,0.0,0.0,0.0,0.0,0.0,0.0,0.0,0.0
1,0,1.0,0.0,0.0,0.0,0.0,0.0,0.0,0.0,0.0
1,0,1.0,0.0,0.0,0.0,0.0,0.0,0.0,0.0,0.0
1,0,1.0,0.0,0.0,0.0,0.0,0.0,0.0,0.0,0.0
1,0,1.0,0.0,0.0,0.0,0.0,0.0,0.0,0.0,0.0
1,0,1.0,0.0,0.0,0.0,0.0,0.0,0.0,0.0,0.0
1,0,1.0,0.0,0.0,0.0,0.0,0.0,0.0,0.0,0.0
1,0,1.0,0.0,0.0,0.0,0.0,0.0,0.0,0.0,0.0
1,0,1.0,0.0,0.0,0.0,0.0,0.0,0.0,0.0,0.0
1,0,1.0,0.0,0.0,0.0,0.0,0.0,0.0,0.0,0.0
1,0,1.0,0.0,0.0,0.0,0.0,0.0,0.0,0.0,0.0
1,0,1.0,0.0,0.0,0.0,0.0,0.0,0.0,0.0,0.0
1,0,1.0,0.0,0.0,0.0,0.0,0.0,0.0,0.0,0.0
1,0,1.0,0.0,0.0,0.0,0.0,0.0,0.0,0.0,0.0
1,0,1.0,0.0,0.0,0.0,0.0,0.0,0.0,0.0,0.0
1,0,1.0,0.0,0.0,0.0,0.0,0.0,0.0,0.0,0.0
1,0,1.0,0.0,0.0,0.0,0.0,0.0,0.0,0.0,0.0
1,0,1.0,0.0,0.0,0.0,0.0,0.0,0.0,0.0,0.0
1,0,1.0,0.0,0.0,0.0,0.0,0.0,0.0,0.0,0.0
1,0,1.0,0.0,0.0,0.0,0.0,0.0,0.0,0.0,0.0
1,0,1.0,0.0,0.0,0.0,0.0,0.0,0.0,0.0,0.0
1,0,1.0,0.0,0.0,0.0,0.0,0.0,0.0,0.0,0.0
1,0,1.0,0.0,0.0,0.0,0.0,0.0,0.0,0.0,0.0
1,0,1.0,0.0,0.0,0.0,0.0,0.0,0.0,0.0,0.0
1,0,1.0,0.0,0.0,0.0,0.0,0.0,0.0,0.0,0.0
1,0,1.0,0.0,0.0,0.0,0.0,0.0,0.0,0.0,0.0
1,0,1.0,0.0,0.0,0.0,0.0,0.0,0.0,0.0,0.0
1,0,1.0,0.0,0.0,0.0,0.0,0.0,0.0,0.0,0.0
1,0,1.0,0.0,0.0,0.0,0.0,0.0,0.0,0.0,0.0
1,0,1.0,0.0,0.0,0.0,0.0,0.0,0.0,0.0,0.0
1,0,1.0,0.0,0.0,0.0,0.0,0.0,0.0,0.0,0.0
1,0,1.0,0.0,0.0,0.0,0.0,0.0,0.0,0.0,0.0
1,0,1.0,0.0,0.0,0.0,0.0,0.0,0.0,0.0,0.0
1,0,1.0,0.0,0.0,0.0,0.0,0.0,0.0,0.0,0.0
1,0,1.0,0.0,0.0,0.0,0.0,0.0,0.0,0.0,0.0
1,0,1.0,0.0,0.0,0.0,0.0,0.0,0.0,0.0,0.0
1,0,1.0,0.0,0.0,0.0,0.0,0.0,0.0,0.0,0.0
1,0,1.0,0.0,0.0,0.0,0.0,0.0,0.0,0.0,0.0
1,0,1.0,0.0,0.0,0.0,0.0,0.0,0.0,0.0,0.0
1,0,1.0,0.0,0.0,0.0,0.0,0.0,0.0,0.0,0.0
1,0,1.0,0.0,0.0,0.0,0.0,0.0,0.0,0.0,0.0
1,0,1.0,0.0,0.0,0.0,0.0,0.0,0.0,0.0,0.0
1,0,1.0,0.0,0.0,0.0,0.0,0.0,0.0,0.0,0.0
1,0,1.0,0.0,0.0,0.0,0.0,0.0,0.0,0.0,0.0
1,0,1.0,0.0,0.0,0.0,0.0,0.0,0.0,0.0,0.0
1,0,1.0,0.0,0.0,0.0,0.0,0.0,0.0,0.0,0.0
1,0,1.0,0.0,0.0,0.0,0.0,0.0,0.0,0.0,0.0
1,0,1.0,0.0,0.0,0.0,0.0,0.0,0.0,0.0,0.0
1,0,1.0,0.0,0.0,0.0,0.0,0.0,0.0,0.0,0.0
1,0,1.0,0.0,0.0,0.0,0.0,0.0,0.0,0.0,0.0
1,0,1.0,0.0,0.0,0.0,0.0,0.0,0.0,0.0,0.0
1,0,1.0,0.0,0.0,0.0,0.0,0.0,0.0,0.0,0.0
1,0,1.0,0.0,0.0,0.0,0.0,0.0,0.0,0.0,0.0
1,0,1.0,0.0,0.0,0.0,0.0,0.0,0.0,0.0,0.0
1,0,1.0,0.0,0.0,0.0,0.0,0.0,0.0,0.0,0.0
1,0,1.0,0.0,0.0,0.0,0.0,0.0,0.0,0.0,0.0
1,0,1.0,0.0,0.0,0.0,0.0,0.0,0.0,0.0,0.0
1,0,1.0,0.0,0.0,0.0,0.0,0.0,0.0,0.0,0.0
1,0,1.0,0.0,0.0,0.0,0.0,0.0,0.0,0.0,0.0
1,0,1.0,0.0,0.0,0.0,0.0,0.0,0.0,0.0,0.0
1,0,1.0,0.0,0.0,0.0,0.0,0.0,0.0,0.0,0.0
1,0,1.0,0.0,0.0,0.0,0.0,0.0,0.0,0.0,0.0
1,0,1.0,0.0,0.0,0.0,0.0,0.0,0.0,0.0,0.0
1,0,1.0,0.0,0.0,0.0,0.0,0.0,0.0,0.0,0.0
1,0,1.0,0.0,0.0,0.0,0.0,0.0,0.0,0.0,0.0
1,0,1.0,0.0,0.0,0.0,0.0,0.0,0.0,0.0,0.0
1,0,1.0,0.0,0.0,0.0,0.0,0.0,0.0,0.0,0.0
1,0,1.0,0.0,0.0,0.0,0.0,0.0,0.0,0.0,0.0
1,0,1.0,0.0,0.0,0.0,0.0,0.0,0.0,0.0,0.0
1,0,1.0,0.0,0.0,0.0,0.0,0.0,0.0,0.0,0.0
1,0,1.0,0.0,0.0,0.0,0.0,0.0,0.0,0.0,0.0
1,0,1.0,0.0,0.0,0.0,0.0,0.0,0.0,0.0,0.0
1,0,1.0,0.0,0.0,0.0,0.0,0.0,0.0,0.0,0.0
1,0,1.0,0.0,0.0,0.0,0.0,0.0,0.0,0.0,0.0
1,0,1.0,0.0,0.0,0.0,0.0,0.0,0.0,0.0,0.0
1,0,1.0,0.0,0.0,0.0,0.0,0.0,0.0,0.0,0.0
1,0,1.0,0.0,0.0,0.0,0.0,0.0,0.0,0.0,0.0
1,0,1.0,0.0,0.0,0.0,0.0,0.0,0.0,0.0,0.0
1,0,1.0,0.0,0.0,0.0,0.0,0.0,0.0,0.0,0.0
1,0,1.0,0.0,0.0,0.0,0.0,0.0,0.0,0.0,0.0
1,0,1.0,0.0,0.0,0.0,0.0,0.0,0.0,0.0,0.0
1,0,1.0,0.0,0.0,0.0,0.0,0.0,0.0,0.0,0.0
1,0,1.0,0.0,0.0,0.0,0.0,0.0,0.0,0.0,0.0
1,0,1.0,0.0,0.0,0.0,0.0,0.0,0.0,0.0,0.0
1,0,1.0,0.0,0.0,0.0,0.0,0.0,0.0,0.0,0.0
1,0,1.0,0.0,0.0,0.0,0.0,0.0,0.0,0.0,0.0
1,0,1.0,0.0,0.0,0.0,0.0,0.0,0.0,0.0,0.0
1,0,1.0,0.0,0.0,0.0,0.0,0.0,0.0,0.0,0.0
1,0,1.0,0.0,0.0,0.0,0.0,0.0,0.0,0.0,0.0
1,0,1.0,0.0,0.0,0.0,0.0,0.0,0.0,0.0,0.0
1,0,1.0,0.0,0.0,0.0,0.0,0.0,0.0,0.0,0.0
1,0,1.0,0.0,0.0,0.0,0.0,0.0,0.0,0.0,0.0
1,0,1.0,0.0,0.0,0.0,0.0,0.0,0.0,0.0,0.0
1,0,1.0,0.0,0.0,0.0,0.0,0.0,0.0,0.0,0.0
1,0,1.0,0.0,0.0,0.0,0.0,0.0,0.0,0.0,0.0
1,0,1.0,0.0,0.0,0.0,0.0,0.0,0.0,0.0,0.0
1,0,1.0,0.0,0.0,0.0,0.0,0.0,0.0,0.0,0.0
1,0,1.0,0.0,0.0,0.0,0.0,0.0,0.0,0.0,0.0
1,0,1.0,0.0,0.0,0.0,0.0,0.0,0.0,0.0,0.0
1,0,1.0,0.0,0.0,0.0,0.0,0.0,0.0,0.0,0.0
1,0,1.0,0.0,0.0,0.0,0.0,0.0,0.0,0.0,0.0
1,0,1.0,0.0,0.0,0.0,0.0,0.0,0.0,0.0,0.0
1,0,1.0,0.0,0.0,0.0,0.0,0.0,0.0,0.0,0.0
1,0,1.0,0.0,0.0,0.0,0.0,0.0,0.0,0.0,0.0
1,0,1.0,0.0,0.0,0.0,0.0,0.0,0.0,0.0,0.0
1,0,1.0,0.0,0.0,0.0,0.0,0.0,0.0,0.0,0.0
1,0,1.0,0.0,0.0,0.0,0.0,0.0,0.0,0.0,0.0
1,0,1.0,0.0,0.0,0.0,0.0,0.0,0.0,0.0,0.0
1,0,1.0,0.0,0.0,0.0,0.0,0.0,0.0,0.0,0.0
1,0,1.0,0.0,0.0,0.0,0.0,0.0,0.0,0.0,0.0
1,0,1.0,0.0,0.0,0.0,0.0,0.0,0.0,0.0,0.0
1,0,1.0,0.0,0.0,0.0,0.0,0.0,0.0,0.0,0.0
1,0,1.0,0.0,0.0,0.0,0.0,0.0,0.0,0.0,0.0
1,0,1.0,0.0,0.0,0.0,0.0,0.0,0.0,0.0,0.0
1,0,1.0,0.0,0.0,0.0,0.0,0.0,0.0,0.0,0.0
1,0,1.0,0.0,0.0,0.0,0.0,0.0,0.0,0.0,0.0
1,0,1.0,0.0,0.0,0.0,0.0,0.0,0.0,0.0,0.0
1,0,1.0,0.0,0.0,0.0,0.0,0.0,0.0,0.0,0.0
1,0,1.0,0.0,0.0,0.0,0.0,0.0,0.0,0.0,0.0
1,0,1.0,0.0,0.0,0.0,0.0,0.0,0.0,0.0,0.0
1,0,1.0,0.0,0.0,0.0,0.0,0.0,0.0,0.0,0.0
1,0,1.0,0.0,0.0,0.0,0.0,0.0,0.0,0.0,0.0
1,0,1.0,0.0,0.0,0.0,0.0,0.0,0.0,0.0,0.0
1,0,1.0,0.0,0.0,0.0,0.0,0.0,0.0,0.0,0.0
1,0,1.0,0.0,0.0,0.0,0.0,0.0,0.0,0.0,0.0
1,0,1.0,0.0,0.0,0.0,0.0,0.0,0.0,0.0,0.0
1,0,1.0,0.0,0.0,0.0,0.0,0.0,0.0,0.0,0.0
1,0,1.0,0.0,0.0,0.0,0.0,0.0,0.0,0.0,0.0
1,0,1.0,0.0,0.0,0.0,0.0,0.0,0.0,0.0,0.0
1,0,1.0,0.0,0.0,0.0,0.0,0.0,0.0,0.0,0.0
1,0,1.0,0.0,0.0,0.0,0.0,0.0,0.0,0.0,0.0
1,0,1.0,0.0,0.0,0.0,0.0,0.0,0.0,0.0,0.0
1,0,1.0,0.0,0.0,0.0,0.0,0.0,0.0,0.0,0.0
1,0,1.0,0.0,0.0,0.0,0.0,0.0,0.0,0.0,0.0
1,0,1.0,0.0,0.0,0.0,0.0,0.0,0.0,0.0,0.0
1,0,1.0,0.0,0.0,0.0,0.0,0.0,0.0,0.0,0.0
1,0,1.0,0.0,0.0,0.0,0.0,0.0,0.0,0.0,0.0
1,0,1.0,0.0,0.0,0.0,0.0,0.0,0.0,0.0,0.0
1,0,1.0,0.0,0.0,0.0,0.0,0.0,0.0,0.0,0.0
1,0,1.0,0.0,0.0,0.0,0.0,0.0,0.0,0.0,0.0
1,0,1.0,0.0,0.0,0.0,0.0,0.0,0.0,0.0,0.0
1,0,1.0,0.0,0.0,0.0,0.0,0.0,0.0,0.0,0.0
1,0,1.0,0.0,0.0,0.0,0.0,0.0,0.0,0.0,0.0
1,0,1.0,0.0,0.0,0.0,0.0,0.0,0.0,0.0,0.0
1,0,1.0,0.0,0.0,0.0,0.0,0.0,0.0,0.0,0.0
1,0,1.0,0.0,0.0,0.0,0.0,0.0,0.0,0.0,0.0
1,0,1.0,0.0,0.0,0.0,0.0,0.0,0.0,0.0,0.0
1,0,1.0,0.0,0.0,0.0,0.0,0.0,0.0,0.0,0.0
1,0,1.0,0.0,0.0,0.0,0.0,0.0,0.0,0.0,0.0
1,0,1.0,0.0,0.0,0.0,0.0,0.0,0.0,0.0,0.0
1,0,1.0,0.0,0.0,0.0,0.0,0.0,0.0,0.0,0.0
1,0,1.0,0.0,0.0,0.0,0.0,0.0,0.0,0.0,0.0
1,0,1.0,0.0,0.0,0.0,0.0,0.0,0.0,0.0,0.0
1,0,1.0,0.0,0.0,0.0,0.0,0.0,0.0,0.0,0.0
1,0,1.0,0.0,0.0,0.0,0.0,0.0,0.0,0.0,0.0
1,0,1.0,0.0,0.0,0.0,0.0,0.0,0.0,0.0,0.0
1,0,1.0,0.0,0.0,0.0,0.0,0.0,0.0,0.0,0.0
1,0,1.0,0.0,0.0,0.0,0.0,0.0,0.0,0.0,0.0
1,0,1.0,0.0,0.0,0.0,0.0,0.0,0.0,0.0,0.0
1,0,1.0,0.0,0.0,0.0,0.0,0.0,0.0,0.0,0.0
1,0,1.0,0.0,0.0,0.0,0.0,0.0,0.0,0.0,0.0
1,0,1.0,0.0,0.0,0.0,0.0,0.0,0.0,0.0,0.0
1,0,1.0,0.0,0.0,0.0,0.0,0.0,0.0,0.0,0.0
1,0,1.0,0.0,0.0,0.0,0.0,0.0,0.0,0.0,0.0
1,0,1.0,0.0,0.0,0.0,0.0,0.0,0.0,0.0,0.0
1,0,1.0,0.0,0.0,0.0,0.0,0.0,0.0,0.0,0.0
1,0,1.0,0.0,0.0,0.0,0.0,0.0,0.0,0.0,0.0
1,0,1.0,0.0,0.0,0.0,0.0,0.0,0.0,0.0,0.0
1,0,1.0,0.0,0.0,0.0,0.0,0.0,0.0,0.0,0.0
1,0,1.0,0.0,0.0,0.0,0.0,0.0,0.0,0.0,0.0
1,0,1.0,0.0,0.0,0.0,0.0,0.0,0.0,0.0,0.0
1,0,1.0,0.0,0.0,0.0,0.0,0.0,0.0,0.0,0.0
1,0,1.0,0.0,0.0,0.0,0.0,0.0,0.0,0.0,0.0
1,0,1.0,0.0,0.0,0.0,0.0,0.0,0.0,0.0,0.0
1,0,1.0,0.0,0.0,0.0,0.0,0.0,0.0,0.0,0.0
1,0,1.0,0.0,0.0,0.0,0.0,0.0,0.0,0.0,0.0
1,0,1.0,0.0,0.0,0.0,0.0,0.0,0.0,0.0,0.0
1,0,1.0,0.0,0.0,0.0,0.0,0.0,0.0,0.0,0.0
1,0,1.0,0.0,0.0,0.0,0.0,0.0,0.0,0.0,0.0
1,0,1.0,0.0,0.0,0.0,0.0,0.0,0.0,0.0,0.0
1,0,1.0,0.0,0.0,0.0,0.0,0.0,0.0,0.0,0.0
1,0,1.0,0.0,0.0,0.0,0.0,0.0,0.0,0.0,0.0
1,0,1.0,0.0,0.0,0.0,0.0,0.0,0.0,0.0,0.0
1,0,1.0,0.0,0.0,0.0,0.0,0.0,0.0,0.0,0.0
1,0,1.0,0.0,0.0,0.0,0.0,0.0,0.0,0.0,0.0
1,0,1.0,0.0,0.0,0.0,0.0,0.0,0.0,0.0,0.0
1,0,1.0,0.0,0.0,0.0,0.0,0.0,0.0,0.0,0.0
1,0,1.0,0.0,0.0,0.0,0.0,0.0,0.0,0.0,0.0
1,0,1.0,0.0,0.0,0.0,0.0,0.0,0.0,0.0,0.0
1,0,1.0,0.0,0.0,0.0,0.0,0.0,0.0,0.0,0.0
1,0,1.0,0.0,0.0,0.0,0.0,0.0,0.0,0.0,0.0
1,0,1.0,0.0,0.0,0.0,0.0,0.0,0.0,0.0,0.0
1,0,1.0,0.0,0.0,0.0,0.0,0.0,0.0,0.0,0.0
1,0,1.0,0.0,0.0,0.0,0.0,0.0,0.0,0.0,0.0
1,0,1.0,0.0,0.0,0.0,0.0,0.0,0.0,0.0,0.0
1,0,1.0,0.0,0.0,0.0,0.0,0.0,0.0,0.0,0.0
1,0,1.0,0.0,0.0,0.0,0.0,0.0,0.0,0.0,0.0
1,0,1.0,0.0,0.0,0.0,0.0,0.0,0.0,0.0,0.0
1,0,1.0,0.0,0.0,0.0,0.0,0.0,0.0,0.0,0.0
1,0,1.0,0.0,0.0,0.0,0.0,0.0,0.0,0.0,0.0
1,0,1.0,0.0,0.0,0.0,0.0,0.0,0.0,0.0,0.0
1,0,1.0,0.0,0.0,0.0,0.0,0.0,0.0,0.0,0.0
1,0,1.0,0.0,0.0,0.0,0.0,0.0,0.0,0.0,0.0
1,0,1.0,0.0,0.0,0.0,0.0,0.0,0.0,0.0,0.0
1,0,1.0,0.0,0.0,0.0,0.0,0.0,0.0,0.0,0.0
1,0,1.0,0.0,0.0,0.0,0.0,0.0,0.0,0.0,0.0
1,0,1.0,0.0,0.0,0.0,0.0,0.0,0.0,0.0,0.0
1,0,1.0,0.0,0.0,0.0,0.0,0.0,0.0,0.0,0.0
1,0,1.0,0.0,0.0,0.0,0.0,0.0,0.0,0.0,0.0
1,0,1.0,0.0,0.0,0.0,0.0,0.0,0.0,0.0,0.0
1,0,1.0,0.0,0.0,0.0,0.0,0.0,0.0,0.0,0.0
1,0,1.0,0.0,0.0,0.0,0.0,0.0,0.0,0.0,0.0
1,0,1.0,0.0,0.0,0.0,0.0,0.0,0.0,0.0,0.0
1,0,1.0,0.0,0.0,0.0,0.0,0.0,0.0,0.0,0.0
1,0,1.0,0.0,0.0,0.0,0.0,0.0,0.0,0.0,0.0
1,0,1.0,0.0,0.0,0.0,0.0,0.0,0.0,0.0,0.0
1,0,1.0,0.0,0.0,0.0,0.0,0.0,0.0,0.0,0.0
1,0,1.0,0.0,0.0,0.0,0.0,0.0,0.0,0.0,0.0
1,0,1.0,0.0,0.0,0.0,0.0,0.0,0.0,0.0,0.0
1,0,1.0,0.0,0.0,0.0,0.0,0.0,0.0,0.0,0.0
1,0,1.0,0.0,0.0,0.0,0.0,0.0,0.0,0.0,0.0
1,0,1.0,0.0,0.0,0.0,0.0,0.0,0.0,0.0,0.0
1,0,1.0,0.0,0.0,0.0,0.0,0.0,0.0,0.0,0.0
1,0,1.0,0.0,0.0,0.0,0.0,0.0,0.0,0.0,0.0
1,0,1.0,0.0,0.0,0.0,0.0,0.0,0.0,0.0,0.0
1,0,1.0,0.0,0.0,0.0,0.0,0.0,0.0,0.0,0.0
1,0,1.0,0.0,0.0,0.0,0.0,0.0,0.0,0.0,0.0
1,0,1.0,0.0,0.0,0.0,0.0,0.0,0.0,0.0,0.0
1,0,1.0,0.0,0.0,0.0,0.0,0.0,0.0,0.0,0.0
1,0,1.0,0.0,0.0,0.0,0.0,0.0,0.0,0.0,0.0
1,0,1.0,0.0,0.0,0.0,0.0,0.0,0.0,0.0,0.0
1,0,1.0,0.0,0.0,0.0,0.0,0.0,0.0,0.0,0.0
1,0,1.0,0.0,0.0,0.0,0.0,0.0,0.0,0.0,0.0
1,0,1.0,0.0,0.0,0.0,0.0,0.0,0.0,0.0,0.0
1,0,1.0,0.0,0.0,0.0,0.0,0.0,0.0,0.0,0.0
1,0,1.0,0.0,0.0,0.0,0.0,0.0,0.0,0.0,0.0
1,0,1.0,0.0,0.0,0.0,0.0,0.0,0.0,0.0,0.0
1,0,1.0,0.0,0.0,0.0,0.0,0.0,0.0,0.0,0.0
1,0,1.0,0.0,0.0,0.0,0.0,0.0,0.0,0.0,0.0
1,0,1.0,0.0,0.0,0.0,0.0,0.0,0.0,0.0,0.0
1,0,1.0,0.0,0.0,0.0,0.0,0.0,0.0,0.0,0.0
1,0,1.0,0.0,0.0,0.0,0.0,0.0,0.0,0.0,0.0
1,0,1.0,0.0,0.0,0.0,0.0,0.0,0.0,0.0,0.0
1,0,1.0,0.0,0.0,0.0,0.0,0.0,0.0,0.0,0.0
1,0,1.0,0.0,0.0,0.0,0.0,0.0,0.0,0.0,0.0
1,0,1.0,0.0,0.0,0.0,0.0,0.0,0.0,0.0,0.0
1,0,1.0,0.0,0.0,0.0,0.0,0.0,0.0,0.0,0.0
1,0,1.0,0.0,0.0,0.0,0.0,0.0,0.0,0.0,0.0
1,0,1.0,0.0,0.0,0.0,0.0,0.0,0.0,0.0,0.0
1,0,1.0,0.0,0.0,0.0,0.0,0.0,0.0,0.0,0.0
1,0,1.0,0.0,0.0,0.0,0.0,0.0,0.0,0.0,0.0
1,0,1.0,0.0,0.0,0.0,0.0,0.0,0.0,0.0,0.0
1,0,1.0,0.0,0.0,0.0,0.0,0.0,0.0,0.0,0.0
1,0,1.0,0.0,0.0,0.0,0.0,0.0,0.0,0.0,0.0
1,0,1.0,0.0,0.0,0.0,0.0,0.0,0.0,0.0,0.0
1,0,1.0,0.0,0.0,0.0,0.0,0.0,0.0,0.0,0.0
1,0,1.0,0.0,0.0,0.0,0.0,0.0,0.0,0.0,0.0
1,0,1.0,0.0,0.0,0.0,0.0,0.0,0.0,0.0,0.0
1,0,1.0,0.0,0.0,0.0,0.0,0.0,0.0,0.0,0.0
1,0,1.0,0.0,0.0,0.0,0.0,0.0,0.0,0.0,0.0
1,0,1.0,0.0,0.0,0.0,0.0,0.0,0.0,0.0,0.0
1,0,1.0,0.0,0.0,0.0,0.0,0.0,0.0,0.0,0.0
1,0,1.0,0.0,0.0,0.0,0.0,0.0,0.0,0.0,0.0
1,0,1.0,0.0,0.0,0.0,0.0,0.0,0.0,0.0,0.0
1,0,1.0,0.0,0.0,0.0,0.0,0.0,0.0,0.0,0.0
1,0,1.0,0.0,0.0,0.0,0.0,0.0,0.0,0.0,0.0
1,0,1.0,0.0,0.0,0.0,0.0,0.0,0.0,0.0,0.0
1,0,1.0,0.0,0.0,0.0,0.0,0.0,0.0,0.0,0.0
1,0,1.0,0.0,0.0,0.0,0.0,0.0,0.0,0.0,0.0
1,0,1.0,0.0,0.0,0.0,0.0,0.0,0.0,0.0,0.0
1,0,1.0,0.0,0.0,0.0,0.0,0.0,0.0,0.0,0.0
1,0,1.0,0.0,0.0,0.0,0.0,0.0,0.0,0.0,0.0
1,0,1.0,0.0,0.0,0.0,0.0,0.0,0.0,0.0,0.0
1,0,1.0,0.0,0.0,0.0,0.0,0.0,0.0,0.0,0.0
1,0,1.0,0.0,0.0,0.0,0.0,0.0,0.0,0.0,0.0
1,0,1.0,0.0,0.0,0.0,0.0,0.0,0.0,0.0,0.0
1,0,1.0,0.0,0.0,0.0,0.0,0.0,0.0,0.0,0.0
1,0,1.0,0.0,0.0,0.0,0.0,0.0,0.0,0.0,0.0
1,0,1.0,0.0,0.0,0.0,0.0,0.0,0.0,0.0,0.0
1,0,1.0,0.0,0.0,0.0,0.0,0.0,0.0,0.0,0.0
1,0,1.0,0.0,0.0,0.0,0.0,0.0,0.0,0.0,0.0
1,0,1.0,0.0,0.0,0.0,0.0,0.0,0.0,0.0,0.0
1,0,1.0,0.0,0.0,0.0,0.0,0.0,0.0,0.0,0.0
1,0,1.0,0.0,0.0,0.0,0.0,0.0,0.0,0.0,0.0
1,0,1.0,0.0,0.0,0.0,0.0,0.0,0.0,0.0,0.0
1,0,1.0,0.0,0.0,0.0,0.0,0.0,0.0,0.0,0.0
1,0,1.0,0.0,0.0,0.0,0.0,0.0,0.0,0.0,0.0
1,0,1.0,0.0,0.0,0.0,0.0,0.0,0.0,0.0,0.0
1,0,1.0,0.0,0.0,0.0,0.0,0.0,0.0,0.0,0.0
1,0,1.0,0.0,0.0,0.0,0.0,0.0,0.0,0.0,0.0
1,0,1.0,0.0,0.0,0.0,0.0,0.0,0.0,0.0,0.0
1,0,1.0,0.0,0.0,0.0,0.0,0.0,0.0,0.0,0.0
1,0,1.0,0.0,0.0,0.0,0.0,0.0,0.0,0.0,0.0
1,0,1.0,0.0,0.0,0.0,0.0,0.0,0.0,0.0,0.0
1,0,1.0,0.0,0.0,0.0,0.0,0.0,0.0,0.0,0.0
1,0,1.0,0.0,0.0,0.0,0.0,0.0,0.0,0.0,0.0
1,0,1.0,0.0,0.0,0.0,0.0,0.0,0.0,0.0,0.0
1,0,1.0,0.0,0.0,0.0,0.0,0.0,0.0,0.0,0.0
1,0,1.0,0.0,0.0,0.0,0.0,0.0,0.0,0.0,0.0
1,0,1.0,0.0,0.0,0.0,0.0,0.0,0.0,0.0,0.0
1,0,1.0,0.0,0.0,0.0,0.0,0.0,0.0,0.0,0.0
1,0,1.0,0.0,0.0,0.0,0.0,0.0,0.0,0.0,0.0
1,0,1.0,0.0,0.0,0.0,0.0,0.0,0.0,0.0,0.0
1,0,1.0,0.0,0.0,0.0,0.0,0.0,0.0,0.0,0.0
1,0,1.0,0.0,0.0,0.0,0.0,0.0,0.0,0.0,0.0
1,0,1.0,0.0,0.0,0.0,0.0,0.0,0.0,0.0,0.0
1,0,1.0,0.0,0.0,0.0,0.0,0.0,0.0,0.0,0.0
1,0,1.0,0.0,0.0,0.0,0.0,0.0,0.0,0.0,0.0
1,0,1.0,0.0,0.0,0.0,0.0,0.0,0.0,0.0,0.0
1,0,1.0,0.0,0.0,0.0,0.0,0.0,0.0,0.0,0.0
1,0,1.0,0.0,0.0,0.0,0.0,0.0,0.0,0.0,0.0
1,0,1.0,0.0,0.0,0.0,0.0,0.0,0.0,0.0,0.0
1,0,1.0,0.0,0.0,0.0,0.0,0.0,0.0,0.0,0.0
1,0,1.0,0.0,0.0,0.0,0.0,0.0,0.0,0.0,0.0
1,0,1.0,0.0,0.0,0.0,0.0,0.0,0.0,0.0,0.0
1,0,1.0,0.0,0.0,0.0,0.0,0.0,0.0,0.0,0.0
1,0,1.0,0.0,0.0,0.0,0.0,0.0,0.0,0.0,0.0
1,0,1.0,0.0,0.0,0.0,0.0,0.0,0.0,0.0,0.0
1,0,1.0,0.0,0.0,0.0,0.0,0.0,0.0,0.0,0.0
1,0,1.0,0.0,0.0,0.0,0.0,0.0,0.0,0.0,0.0
1,0,1.0,0.0,0.0,0.0,0.0,0.0,0.0,0.0,0.0
1,0,1.0,0.0,0.0,0.0,0.0,0.0,0.0,0.0,0.0
1,0,1.0,0.0,0.0,0.0,0.0,0.0,0.0,0.0,0.0
1,0,1.0,0.0,0.0,0.0,0.0,0.0,0.0,0.0,0.0
1,0,1.0,0.0,0.0,0.0,0.0,0.0,0.0,0.0,0.0
1,0,1.0,0.0,0.0,0.0,0.0,0.0,0.0,0.0,0.0
1,0,1.0,0.0,0.0,0.0,0.0,0.0,0.0,0.0,0.0
1,0,1.0,0.0,0.0,0.0,0.0,0.0,0.0,0.0,0.0
1,0,1.0,0.0,0.0,0.0,0.0,0.0,0.0,0.0,0.0
1,0,1.0,0.0,0.0,0.0,0.0,0.0,0.0,0.0,0.0
1,0,1.0,0.0,0.0,0.0,0.0,0.0,0.0,0.0,0.0
1,0,1.0,0.0,0.0,0.0,0.0,0.0,0.0,0.0,0.0
1,0,1.0,0.0,0.0,0.0,0.0,0.0,0.0,0.0,0.0
1,0,1.0,0.0,0.0,0.0,0.0,0.0,0.0,0.0,0.0
1,0,1.0,0.0,0.0,0.0,0.0,0.0,0.0,0.0,0.0
1,0,1.0,0.0,0.0,0.0,0.0,0.0,0.0,0.0,0.0
1,0,1.0,0.0,0.0,0.0,0.0,0.0,0.0,0.0,0.0
1,0,1.0,0.0,0.0,0.0,0.0,0.0,0.0,0.0,0.0
1,0,1.0,0.0,0.0,0.0,0.0,0.0,0.0,0.0,0.0
1,0,1.0,0.0,0.0,0.0,0.0,0.0,0.0,0.0,0.0
1,0,1.0,0.0,0.0,0.0,0.0,0.0,0.0,0.0,0.0
1,0,1.0,0.0,0.0,0.0,0.0,0.0,0.0,0.0,0.0
1,0,1.0,0.0,0.0,0.0,0.0,0.0,0.0,0.0,0.0
1,0,1.0,0.0,0.0,0.0,0.0,0.0,0.0,0.0,0.0
1,0,1.0,0.0,0.0,0.0,0.0,0.0,0.0,0.0,0.0
1,0,1.0,0.0,0.0,0.0,0.0,0.0,0.0,0.0,0.0
1,0,1.0,0.0,0.0,0.0,0.0,0.0,0.0,0.0,0.0
1,0,1.0,0.0,0.0,0.0,0.0,0.0,0.0,0.0,0.0
1,0,1.0,0.0,0.0,0.0,0.0,0.0,0.0,0.0,0.0
1,0,1.0,0.0,0.0,0.0,0.0,0.0,0.0,0.0,0.0
1,0,1.0,0.0,0.0,0.0,0.0,0.0,0.0,0.0,0.0
1,0,1.0,0.0,0.0,0.0,0.0,0.0,0.0,0.0,0.0
1,0,1.0,0.0,0.0,0.0,0.0,0.0,0.0,0.0,0.0
1,0,1.0,0.0,0.0,0.0,0.0,0.0,0.0,0.0,0.0
1,0,1.0,0.0,0.0,0.0,0.0,0.0,0.0,0.0,0.0
1,0,1.0,0.0,0.0,0.0,0.0,0.0,0.0,0.0,0.0
1,0,1.0,0.0,0.0,0.0,0.0,0.0,0.0,0.0,0.0
1,0,1.0,0.0,0.0,0.0,0.0,0.0,0.0,0.0,0.0
1,0,1.0,0.0,0.0,0.0,0.0,0.0,0.0,0.0,0.0
1,0,1.0,0.0,0.0,0.0,0.0,0.0,0.0,0.0,0.0
1,0,1.0,0.0,0.0,0.0,0.0,0.0,0.0,0.0,0.0
1,0,1.0,0.0,0.0,0.0,0.0,0.0,0.0,0.0,0.0
1,0,1.0,0.0,0.0,0.0,0.0,0.0,0.0,0.0,0.0
1,0,1.0,0.0,0.0,0.0,0.0,0.0,0.0,0.0,0.0
1,0,1.0,0.0,0.0,0.0,0.0,0.0,0.0,0.0,0.0
1,0,1.0,0.0,0.0,0.0,0.0,0.0,0.0,0.0,0.0
1,0,1.0,0.0,0.0,0.0,0.0,0.0,0.0,0.0,0.0
1,0,1.0,0.0,0.0,0.0,0.0,0.0,0.0,0.0,0.0
1,0,1.0,0.0,0.0,0.0,0.0,0.0,0.0,0.0,0.0
1,0,1.0,0.0,0.0,0.0,0.0,0.0,0.0,0.0,0.0
1,0,1.0,0.0,0.0,0.0,0.0,0.0,0.0,0.0,0.0
1,0,1.0,0.0,0.0,0.0,0.0,0.0,0.0,0.0,0.0
1,0,1.0,0.0,0.0,0.0,0.0,0.0,0.0,0.0,0.0
1,0,1.0,0.0,0.0,0.0,0.0,0.0,0.0,0.0,0.0
1,0,1.0,0.0,0.0,0.0,0.0,0.0,0.0,0.0,0.0
1,0,1.0,0.0,0.0,0.0,0.0,0.0,0.0,0.0,0.0
1,0,1.0,0.0,0.0,0.0,0.0,0.0,0.0,0.0,0.0
1,0,1.0,0.0,0.0,0.0,0.0,0.0,0.0,0.0,0.0
1,0,1.0,0.0,0.0,0.0,0.0,0.0,0.0,0.0,0.0
1,0,1.0,0.0,0.0,0.0,0.0,0.0,0.0,0.0,0.0
1,0,1.0,0.0,0.0,0.0,0.0,0.0,0.0,0.0,0.0
1,0,1.0,0.0,0.0,0.0,0.0,0.0,0.0,0.0,0.0
1,0,1.0,0.0,0.0,0.0,0.0,0.0,0.0,0.0,0.0
1,0,1.0,0.0,0.0,0.0,0.0,0.0,0.0,0.0,0.0
1,0,1.0,0.0,0.0,0.0,0.0,0.0,0.0,0.0,0.0
1,0,1.0,0.0,0.0,0.0,0.0,0.0,0.0,0.0,0.0
1,0,1.0,0.0,0.0,0.0,0.0,0.0,0.0,0.0,0.0
1,0,1.0,0.0,0.0,0.0,0.0,0.0,0.0,0.0,0.0
1,0,1.0,0.0,0.0,0.0,0.0,0.0,0.0,0.0,0.0
1,0,1.0,0.0,0.0,0.0,0.0,0.0,0.0,0.0,0.0
1,0,1.0,0.0,0.0,0.0,0.0,0.0,0.0,0.0,0.0
1,0,1.0,0.0,0.0,0.0,0.0,0.0,0.0,0.0,0.0
1,0,1.0,0.0,0.0,0.0,0.0,0.0,0.0,0.0,0.0
1,0,1.0,0.0,0.0,0.0,0.0,0.0,0.0,0.0,0.0
1,0,1.0,0.0,0.0,0.0,0.0,0.0,0.0,0.0,0.0
1,0,1.0,0.0,0.0,0.0,0.0,0.0,0.0,0.0,0.0
1,0,1.0,0.0,0.0,0.0,0.0,0.0,0.0,0.0,0.0
1,0,1.0,0.0,0.0,0.0,0.0,0.0,0.0,0.0,0.0
1,0,1.0,0.0,0.0,0.0,0.0,0.0,0.0,0.0,0.0
1,0,1.0,0.0,0.0,0.0,0.0,0.0,0.0,0.0,0.0
1,0,1.0,0.0,0.0,0.0,0.0,0.0,0.0,0.0,0.0
1,0,1.0,0.0,0.0,0.0,0.0,0.0,0.0,0.0,0.0
1,0,1.0,0.0,0.0,0.0,0.0,0.0,0.0,0.0,0.0
1,0,1.0,0.0,0.0,0.0,0.0,0.0,0.0,0.0,0.0
1,0,1.0,0.0,0.0,0.0,0.0,0.0,0.0,0.0,0.0
1,0,1.0,0.0,0.0,0.0,0.0,0.0,0.0,0.0,0.0
1,0,1.0,0.0,0.0,0.0,0.0,0.0,0.0,0.0,0.0
1,0,1.0,0.0,0.0,0.0,0.0,0.0,0.0,0.0,0.0
1,0,1.0,0.0,0.0,0.0,0.0,0.0,0.0,0.0,0.0
1,0,1.0,0.0,0.0,0.0,0.0,0.0,0.0,0.0,0.0
1,0,1.0,0.0,0.0,0.0,0.0,0.0,0.0,0.0,0.0
1,0,1.0,0.0,0.0,0.0,0.0,0.0,0.0,0.0,0.0
1,0,1.0,0.0,0.0,0.0,0.0,0.0,0.0,0.0,0.0
1,0,1.0,0.0,0.0,0.0,0.0,0.0,0.0,0.0,0.0
1,0,1.0,0.0,0.0,0.0,0.0,0.0,0.0,0.0,0.0
1,0,1.0,0.0,0.0,0.0,0.0,0.0,0.0,0.0,0.0
1,0,1.0,0.0,0.0,0.0,0.0,0.0,0.0,0.0,0.0
1,0,1.0,0.0,0.0,0.0,0.0,0.0,0.0,0.0,0.0
1,0,1.0,0.0,0.0,0.0,0.0,0.0,0.0,0.0,0.0
1,0,1.0,0.0,0.0,0.0,0.0,0.0,0.0,0.0,0.0
1,0,1.0,0.0,0.0,0.0,0.0,0.0,0.0,0.0,0.0
1,0,1.0,0.0,0.0,0.0,0.0,0.0,0.0,0.0,0.0
1,0,1.0,0.0,0.0,0.0,0.0,0.0,0.0,0.0,0.0
1,0,1.0,0.0,0.0,0.0,0.0,0.0,0.0,0.0,0.0
1,0,1.0,0.0,0.0,0.0,0.0,0.0,0.0,0.0,0.0
1,0,1.0,0.0,0.0,0.0,0.0,0.0,0.0,0.0,0.0
1,0,1.0,0.0,0.0,0.0,0.0,0.0,0.0,0.0,0.0
1,0,1.0,0.0,0.0,0.0,0.0,0.0,0.0,0.0,0.0
1,0,1.0,0.0,0.0,0.0,0.0,0.0,0.0,0.0,0.0
1,0,1.0,0.0,0.0,0.0,0.0,0.0,0.0,0.0,0.0
1,0,1.0,0.0,0.0,0.0,0.0,0.0,0.0,0.0,0.0
1,0,1.0,0.0,0.0,0.0,0.0,0.0,0.0,0.0,0.0
1,0,1.0,0.0,0.0,0.0,0.0,0.0,0.0,0.0,0.0
1,0,1.0,0.0,0.0,0.0,0.0,0.0,0.0,0.0,0.0
1,0,1.0,0.0,0.0,0.0,0.0,0.0,0.0,0.0,0.0
1,0,1.0,0.0,0.0,0.0,0.0,0.0,0.0,0.0,0.0
1,0,1.0,0.0,0.0,0.0,0.0,0.0,0.0,0.0,0.0
1,0,1.0,0.0,0.0,0.0,0.0,0.0,0.0,0.0,0.0
1,0,1.0,0.0,0.0,0.0,0.0,0.0,0.0,0.0,0.0
1,0,1.0,0.0,0.0,0.0,0.0,0.0,0.0,0.0,0.0
1,0,1.0,0.0,0.0,0.0,0.0,0.0,0.0,0.0,0.0
1,0,1.0,0.0,0.0,0.0,0.0,0.0,0.0,0.0,0.0
1,0,1.0,0.0,0.0,0.0,0.0,0.0,0.0,0.0,0.0
1,0,1.0,0.0,0.0,0.0,0.0,0.0,0.0,0.0,0.0
1,0,1.0,0.0,0.0,0.0,0.0,0.0,0.0,0.0,0.0
1,0,1.0,0.0,0.0,0.0,0.0,0.0,0.0,0.0,0.0
1,0,1.0,0.0,0.0,0.0,0.0,0.0,0.0,0.0,0.0
1,0,1.0,0.0,0.0,0.0,0.0,0.0,0.0,0.0,0.0
1,0,1.0,0.0,0.0,0.0,0.0,0.0,0.0,0.0,0.0
1,0,1.0,0.0,0.0,0.0,0.0,0.0,0.0,0.0,0.0
1,0,1.0,0.0,0.0,0.0,0.0,0.0,0.0,0.0,0.0
1,0,1.0,0.0,0.0,0.0,0.0,0.0,0.0,0.0,0.0
1,0,1.0,0.0,0.0,0.0,0.0,0.0,0.0,0.0,0.0
1,0,1.0,0.0,0.0,0.0,0.0,0.0,0.0,0.0,0.0
1,0,1.0,0.0,0.0,0.0,0.0,0.0,0.0,0.0,0.0
1,0,1.0,0.0,0.0,0.0,0.0,0.0,0.0,0.0,0.0
1,0,1.0,0.0,0.0,0.0,0.0,0.0,0.0,0.0,0.0
1,0,1.0,0.0,0.0,0.0,0.0,0.0,0.0,0.0,0.0
1,0,1.0,0.0,0.0,0.0,0.0,0.0,0.0,0.0,0.0
1,0,1.0,0.0,0.0,0.0,0.0,0.0,0.0,0.0,0.0
1,0,1.0,0.0,0.0,0.0,0.0,0.0,0.0,0.0,0.0
1,0,1.0,0.0,0.0,0.0,0.0,0.0,0.0,0.0,0.0
1,0,1.0,0.0,0.0,0.0,0.0,0.0,0.0,0.0,0.0
1,0,1.0,0.0,0.0,0.0,0.0,0.0,0.0,0.0,0.0
1,0,1.0,0.0,0.0,0.0,0.0,0.0,0.0,0.0,0.0
1,0,1.0,0.0,0.0,0.0,0.0,0.0,0.0,0.0,0.0
1,0,1.0,0.0,0.0,0.0,0.0,0.0,0.0,0.0,0.0
1,0,1.0,0.0,0.0,0.0,0.0,0.0,0.0,0.0,0.0
1,0,1.0,0.0,0.0,0.0,0.0,0.0,0.0,0.0,0.0
1,0,1.0,0.0,0.0,0.0,0.0,0.0,0.0,0.0,0.0
1,0,1.0,0.0,0.0,0.0,0.0,0.0,0.0,0.0,0.0
1,0,1.0,0.0,0.0,0.0,0.0,0.0,0.0,0.0,0.0
1,0,1.0,0.0,0.0,0.0,0.0,0.0,0.0,0.0,0.0
1,0,1.0,0.0,0.0,0.0,0.0,0.0,0.0,0.0,0.0
1,0,1.0,0.0,0.0,0.0,0.0,0.0,0.0,0.0,0.0
1,0,1.0,0.0,0.0,0.0,0.0,0.0,0.0,0.0,0.0
1,0,1.0,0.0,0.0,0.0,0.0,0.0,0.0,0.0,0.0
1,0,1.0,0.0,0.0,0.0,0.0,0.0,0.0,0.0,0.0
1,0,1.0,0.0,0.0,0.0,0.0,0.0,0.0,0.0,0.0
1,0,1.0,0.0,0.0,0.0,0.0,0.0,0.0,0.0,0.0
1,0,1.0,0.0,0.0,0.0,0.0,0.0,0.0,0.0,0.0
1,0,1.0,0.0,0.0,0.0,0.0,0.0,0.0,0.0,0.0
1,0,1.0,0.0,0.0,0.0,0.0,0.0,0.0,0.0,0.0
1,0,1.0,0.0,0.0,0.0,0.0,0.0,0.0,0.0,0.0
1,0,1.0,0.0,0.0,0.0,0.0,0.0,0.0,0.0,0.0
1,0,1.0,0.0,0.0,0.0,0.0,0.0,0.0,0.0,0.0
1,0,1.0,0.0,0.0,0.0,0.0,0.0,0.0,0.0,0.0
1,0,1.0,0.0,0.0,0.0,0.0,0.0,0.0,0.0,0.0
1,0,1.0,0.0,0.0,0.0,0.0,0.0,0.0,0.0,0.0
1,0,1.0,0.0,0.0,0.0,0.0,0.0,0.0,0.0,0.0
1,0,1.0,0.0,0.0,0.0,0.0,0.0,0.0,0.0,0.0
1,0,1.0,0.0,0.0,0.0,0.0,0.0,0.0,0.0,0.0
1,0,1.0,0.0,0.0,0.0,0.0,0.0,0.0,0.0,0.0
1,0,1.0,0.0,0.0,0.0,0.0,0.0,0.0,0.0,0.0
1,0,1.0,0.0,0.0,0.0,0.0,0.0,0.0,0.0,0.0
1,0,1.0,0.0,0.0,0.0,0.0,0.0,0.0,0.0,0.0
1,0,1.0,0.0,0.0,0.0,0.0,0.0,0.0,0.0,0.0
1,0,1.0,0.0,0.0,0.0,0.0,0.0,0.0,0.0,0.0
1,0,1.0,0.0,0.0,0.0,0.0,0.0,0.0,0.0,0.0
1,0,1.0,0.0,0.0,0.0,0.0,0.0,0.0,0.0,0.0
1,0,1.0,0.0,0.0,0.0,0.0,0.0,0.0,0.0,0.0
1,0,1.0,0.0,0.0,0.0,0.0,0.0,0.0,0.0,0.0
1,0,1.0,0.0,0.0,0.0,0.0,0.0,0.0,0.0,0.0
1,0,1.0,0.0,0.0,0.0,0.0,0.0,0.0,0.0,0.0
1,0,1.0,0.0,0.0,0.0,0.0,0.0,0.0,0.0,0.0
1,0,1.0,0.0,0.0,0.0,0.0,0.0,0.0,0.0,0.0
1,0,1.0,0.0,0.0,0.0,0.0,0.0,0.0,0.0,0.0
1,0,1.0,0.0,0.0,0.0,0.0,0.0,0.0,0.0,0.0
1,0,1.0,0.0,0.0,0.0,0.0,0.0,0.0,0.0,0.0
1,0,1.0,0.0,0.0,0.0,0.0,0.0,0.0,0.0,0.0
1,0,1.0,0.0,0.0,0.0,0.0,0.0,0.0,0.0,0.0
1,0,1.0,0.0,0.0,0.0,0.0,0.0,0.0,0.0,0.0
1,0,1.0,0.0,0.0,0.0,0.0,0.0,0.0,0.0,0.0
1,0,1.0,0.0,0.0,0.0,0.0,0.0,0.0,0.0,0.0
1,0,1.0,0.0,0.0,0.0,0.0,0.0,0.0,0.0,0.0
1,0,1.0,0.0,0.0,0.0,0.0,0.0,0.0,0.0,0.0
1,0,1.0,0.0,0.0,0.0,0.0,0.0,0.0,0.0,0.0
1,0,1.0,0.0,0.0,0.0,0.0,0.0,0.0,0.0,0.0
1,0,1.0,0.0,0.0,0.0,0.0,0.0,0.0,0.0,0.0
1,0,1.0,0.0,0.0,0.0,0.0,0.0,0.0,0.0,0.0
1,0,1.0,0.0,0.0,0.0,0.0,0.0,0.0,0.0,0.0
1,0,1.0,0.0,0.0,0.0,0.0,0.0,0.0,0.0,0.0
1,0,1.0,0.0,0.0,0.0,0.0,0.0,0.0,0.0,0.0
1,0,1.0,0.0,0.0,0.0,0.0,0.0,0.0,0.0,0.0
1,0,1.0,0.0,0.0,0.0,0.0,0.0,0.0,0.0,0.0
1,0,1.0,0.0,0.0,0.0,0.0,0.0,0.0,0.0,0.0
1,0,1.0,0.0,0.0,0.0,0.0,0.0,0.0,0.0,0.0
1,0,1.0,0.0,0.0,0.0,0.0,0.0,0.0,0.0,0.0
1,0,1.0,0.0,0.0,0.0,0.0,0.0,0.0,0.0,0.0
1,0,1.0,0.0,0.0,0.0,0.0,0.0,0.0,0.0,0.0
1,0,1.0,0.0,0.0,0.0,0.0,0.0,0.0,0.0,0.0
1,0,1.0,0.0,0.0,0.0,0.0,0.0,0.0,0.0,0.0
1,0,1.0,0.0,0.0,0.0,0.0,0.0,0.0,0.0,0.0
1,0,1.0,0.0,0.0,0.0,0.0,0.0,0.0,0.0,0.0
1,0,1.0,0.0,0.0,0.0,0.0,0.0,0.0,0.0,0.0
1,0,1.0,0.0,0.0,0.0,0.0,0.0,0.0,0.0,0.0
1,0,1.0,0.0,0.0,0.0,0.0,0.0,0.0,0.0,0.0
1,0,1.0,0.0,0.0,0.0,0.0,0.0,0.0,0.0,0.0
1,0,1.0,0.0,0.0,0.0,0.0,0.0,0.0,0.0,0.0
1,0,1.0,0.0,0.0,0.0,0.0,0.0,0.0,0.0,0.0
1,0,1.0,0.0,0.0,0.0,0.0,0.0,0.0,0.0,0.0
1,0,1.0,0.0,0.0,0.0,0.0,0.0,0.0,0.0,0.0
1,0,1.0,0.0,0.0,0.0,0.0,0.0,0.0,0.0,0.0
1,0,1.0,0.0,0.0,0.0,0.0,0.0,0.0,0.0,0.0
1,0,1.0,0.0,0.0,0.0,0.0,0.0,0.0,0.0,0.0
1,0,1.0,0.0,0.0,0.0,0.0,0.0,0.0,0.0,0.0
1,0,1.0,0.0,0.0,0.0,0.0,0.0,0.0,0.0,0.0
1,0,1.0,0.0,0.0,0.0,0.0,0.0,0.0,0.0,0.0
1,0,1.0,0.0,0.0,0.0,0.0,0.0,0.0,0.0,0.0
1,0,1.0,0.0,0.0,0.0,0.0,0.0,0.0,0.0,0.0
1,0,1.0,0.0,0.0,0.0,0.0,0.0,0.0,0.0,0.0
1,0,1.0,0.0,0.0,0.0,0.0,0.0,0.0,0.0,0.0
1,0,1.0,0.0,0.0,0.0,0.0,0.0,0.0,0.0,0.0
1,0,1.0,0.0,0.0,0.0,0.0,0.0,0.0,0.0,0.0
1,0,1.0,0.0,0.0,0.0,0.0,0.0,0.0,0.0,0.0
1,0,1.0,0.0,0.0,0.0,0.0,0.0,0.0,0.0,0.0
1,0,1.0,0.0,0.0,0.0,0.0,0.0,0.0,0.0,0.0
1,0,1.0,0.0,0.0,0.0,0.0,0.0,0.0,0.0,0.0
1,0,1.0,0.0,0.0,0.0,0.0,0.0,0.0,0.0,0.0
1,0,1.0,0.0,0.0,0.0,0.0,0.0,0.0,0.0,0.0
1,0,1.0,0.0,0.0,0.0,0.0,0.0,0.0,0.0,0.0
1,0,1.0,0.0,0.0,0.0,0.0,0.0,0.0,0.0,0.0
1,0,1.0,0.0,0.0,0.0,0.0,0.0,0.0,0.0,0.0
1,0,1.0,0.0,0.0,0.0,0.0,0.0,0.0,0.0,0.0
1,0,1.0,0.0,0.0,0.0,0.0,0.0,0.0,0.0,0.0
1,0,1.0,0.0,0.0,0.0,0.0,0.0,0.0,0.0,0.0
1,0,1.0,0.0,0.0,0.0,0.0,0.0,0.0,0.0,0.0
1,0,1.0,0.0,0.0,0.0,0.0,0.0,0.0,0.0,0.0
1,0,1.0,0.0,0.0,0.0,0.0,0.0,0.0,0.0,0.0
1,0,1.0,0.0,0.0,0.0,0.0,0.0,0.0,0.0,0.0
1,0,1.0,0.0,0.0,0.0,0.0,0.0,0.0,0.0,0.0
1,0,1.0,0.0,0.0,0.0,0.0,0.0,0.0,0.0,0.0
1,0,1.0,0.0,0.0,0.0,0.0,0.0,0.0,0.0,0.0
1,0,1.0,0.0,0.0,0.0,0.0,0.0,0.0,0.0,0.0
1,0,1.0,0.0,0.0,0.0,0.0,0.0,0.0,0.0,0.0
1,0,1.0,0.0,0.0,0.0,0.0,0.0,0.0,0.0,0.0
1,0,1.0,0.0,0.0,0.0,0.0,0.0,0.0,0.0,0.0
1,0,1.0,0.0,0.0,0.0,0.0,0.0,0.0,0.0,0.0
1,0,1.0,0.0,0.0,0.0,0.0,0.0,0.0,0.0,0.0
1,0,1.0,0.0,0.0,0.0,0.0,0.0,0.0,0.0,0.0
1,0,1.0,0.0,0.0,0.0,0.0,0.0,0.0,0.0,0.0
1,0,1.0,0.0,0.0,0.0,0.0,0.0,0.0,0.0,0.0
1,0,1.0,0.0,0.0,0.0,0.0,0.0,0.0,0.0,0.0
1,0,1.0,0.0,0.0,0.0,0.0,0.0,0.0,0.0,0.0
1,0,1.0,0.0,0.0,0.0,0.0,0.0,0.0,0.0,0.0
1,0,1.0,0.0,0.0,0.0,0.0,0.0,0.0,0.0,0.0
1,0,1.0,0.0,0.0,0.0,0.0,0.0,0.0,0.0,0.0
1,0,1.0,0.0,0.0,0.0,0.0,0.0,0.0,0.0,0.0
1,0,1.0,0.0,0.0,0.0,0.0,0.0,0.0,0.0,0.0
1,0,1.0,0.0,0.0,0.0,0.0,0.0,0.0,0.0,0.0
1,0,1.0,0.0,0.0,0.0,0.0,0.0,0.0,0.0,0.0
1,0,1.0,0.0,0.0,0.0,0.0,0.0,0.0,0.0,0.0
1,0,1.0,0.0,0.0,0.0,0.0,0.0,0.0,0.0,0.0
1,0,1.0,0.0,0.0,0.0,0.0,0.0,0.0,0.0,0.0
1,0,1.0,0.0,0.0,0.0,0.0,0.0,0.0,0.0,0.0
1,0,1.0,0.0,0.0,0.0,0.0,0.0,0.0,0.0,0.0
1,0,1.0,0.0,0.0,0.0,0.0,0.0,0.0,0.0,0.0
1,0,1.0,0.0,0.0,0.0,0.0,0.0,0.0,0.0,0.0
1,0,1.0,0.0,0.0,0.0,0.0,0.0,0.0,0.0,0.0
1,0,1.0,0.0,0.0,0.0,0.0,0.0,0.0,0.0,0.0
1,0,1.0,0.0,0.0,0.0,0.0,0.0,0.0,0.0,0.0
1,0,1.0,0.0,0.0,0.0,0.0,0.0,0.0,0.0,0.0
1,0,1.0,0.0,0.0,0.0,0.0,0.0,0.0,0.0,0.0
1,0,1.0,0.0,0.0,0.0,0.0,0.0,0.0,0.0,0.0
1,0,1.0,0.0,0.0,0.0,0.0,0.0,0.0,0.0,0.0
1,0,1.0,0.0,0.0,0.0,0.0,0.0,0.0,0.0,0.0
1,0,1.0,0.0,0.0,0.0,0.0,0.0,0.0,0.0,0.0
1,0,1.0,0.0,0.0,0.0,0.0,0.0,0.0,0.0,0.0
1,0,1.0,0.0,0.0,0.0,0.0,0.0,0.0,0.0,0.0
1,0,1.0,0.0,0.0,0.0,0.0,0.0,0.0,0.0,0.0
1,0,1.0,0.0,0.0,0.0,0.0,0.0,0.0,0.0,0.0
1,0,1.0,0.0,0.0,0.0,0.0,0.0,0.0,0.0,0.0
1,0,1.0,0.0,0.0,0.0,0.0,0.0,0.0,0.0,0.0
1,0,1.0,0.0,0.0,0.0,0.0,0.0,0.0,0.0,0.0
1,0,1.0,0.0,0.0,0.0,0.0,0.0,0.0,0.0,0.0
1,0,1.0,0.0,0.0,0.0,0.0,0.0,0.0,0.0,0.0
1,0,1.0,0.0,0.0,0.0,0.0,0.0,0.0,0.0,0.0
1,0,1.0,0.0,0.0,0.0,0.0,0.0,0.0,0.0,0.0
1,0,1.0,0.0,0.0,0.0,0.0,0.0,0.0,0.0,0.0
1,0,1.0,0.0,0.0,0.0,0.0,0.0,0.0,0.0,0.0
1,0,1.0,0.0,0.0,0.0,0.0,0.0,0.0,0.0,0.0
1,0,1.0,0.0,0.0,0.0,0.0,0.0,0.0,0.0,0.0
1,0,1.0,0.0,0.0,0.0,0.0,0.0,0.0,0.0,0.0
1,0,1.0,0.0,0.0,0.0,0.0,0.0,0.0,0.0,0.0
1,0,1.0,0.0,0.0,0.0,0.0,0.0,0.0,0.0,0.0
1,0,1.0,0.0,0.0,0.0,0.0,0.0,0.0,0.0,0.0
1,0,1.0,0.0,0.0,0.0,0.0,0.0,0.0,0.0,0.0
1,0,1.0,0.0,0.0,0.0,0.0,0.0,0.0,0.0,0.0
1,0,1.0,0.0,0.0,0.0,0.0,0.0,0.0,0.0,0.0
1,0,1.0,0.0,0.0,0.0,0.0,0.0,0.0,0.0,0.0
1,0,1.0,0.0,0.0,0.0,0.0,0.0,0.0,0.0,0.0
1,0,1.0,0.0,0.0,0.0,0.0,0.0,0.0,0.0,0.0
1,0,1.0,0.0,0.0,0.0,0.0,0.0,0.0,0.0,0.0
1,0,1.0,0.0,0.0,0.0,0.0,0.0,0.0,0.0,0.0
1,0,1.0,0.0,0.0,0.0,0.0,0.0,0.0,0.0,0.0
1,0,1.0,0.0,0.0,0.0,0.0,0.0,0.0,0.0,0.0
1,0,1.0,0.0,0.0,0.0,0.0,0.0,0.0,0.0,0.0
1,0,1.0,0.0,0.0,0.0,0.0,0.0,0.0,0.0,0.0
1,0,1.0,0.0,0.0,0.0,0.0,0.0,0.0,0.0,0.0
1,0,1.0,0.0,0.0,0.0,0.0,0.0,0.0,0.0,0.0
1,0,1.0,0.0,0.0,0.0,0.0,0.0,0.0,0.0,0.0
1,0,1.0,0.0,0.0,0.0,0.0,0.0,0.0,0.0,0.0
1,0,1.0,0.0,0.0,0.0,0.0,0.0,0.0,0.0,0.0
1,0,1.0,0.0,0.0,0.0,0.0,0.0,0.0,0.0,0.0
1,0,1.0,0.0,0.0,0.0,0.0,0.0,0.0,0.0,0.0
1,0,1.0,0.0,0.0,0.0,0.0,0.0,0.0,0.0,0.0
1,0,1.0,0.0,0.0,0.0,0.0,0.0,0.0,0.0,0.0
1,0,1.0,0.0,0.0,0.0,0.0,0.0,0.0,0.0,0.0
1,0,1.0,0.0,0.0,0.0,0.0,0.0,0.0,0.0,0.0
1,0,1.0,0.0,0.0,0.0,0.0,0.0,0.0,0.0,0.0
1,0,1.0,0.0,0.0,0.0,0.0,0.0,0.0,0.0,0.0
1,0,1.0,0.0,0.0,0.0,0.0,0.0,0.0,0.0,0.0
1,0,1.0,0.0,0.0,0.0,0.0,0.0,0.0,0.0,0.0
1,0,1.0,0.0,0.0,0.0,0.0,0.0,0.0,0.0,0.0
1,0,1.0,0.0,0.0,0.0,0.0,0.0,0.0,0.0,0.0
1,0,1.0,0.0,0.0,0.0,0.0,0.0,0.0,0.0,0.0
1,0,1.0,0.0,0.0,0.0,0.0,0.0,0.0,0.0,0.0
1,0,1.0,0.0,0.0,0.0,0.0,0.0,0.0,0.0,0.0
1,0,1.0,0.0,0.0,0.0,0.0,0.0,0.0,0.0,0.0
1,0,1.0,0.0,0.0,0.0,0.0,0.0,0.0,0.0,0.0
1,0,1.0,0.0,0.0,0.0,0.0,0.0,0.0,0.0,0.0
1,0,1.0,0.0,0.0,0.0,0.0,0.0,0.0,0.0,0.0
1,0,1.0,0.0,0.0,0.0,0.0,0.0,0.0,0.0,0.0
1,0,1.0,0.0,0.0,0.0,0.0,0.0,0.0,0.0,0.0
1,0,1.0,0.0,0.0,0.0,0.0,0.0,0.0,0.0,0.0
1,0,1.0,0.0,0.0,0.0,0.0,0.0,0.0,0.0,0.0
1,0,1.0,0.0,0.0,0.0,0.0,0.0,0.0,0.0,0.0
1,0,1.0,0.0,0.0,0.0,0.0,0.0,0.0,0.0,0.0
1,0,1.0,0.0,0.0,0.0,0.0,0.0,0.0,0.0,0.0
1,0,1.0,0.0,0.0,0.0,0.0,0.0,0.0,0.0,0.0
1,0,1.0,0.0,0.0,0.0,0.0,0.0,0.0,0.0,0.0
1,0,1.0,0.0,0.0,0.0,0.0,0.0,0.0,0.0,0.0
1,0,1.0,0.0,0.0,0.0,0.0,0.0,0.0,0.0,0.0
1,0,1.0,0.0,0.0,0.0,0.0,0.0,0.0,0.0,0.0
1,0,1.0,0.0,0.0,0.0,0.0,0.0,0.0,0.0,0.0
1,0,1.0,0.0,0.0,0.0,0.0,0.0,0.0,0.0,0.0
1,0,1.0,0.0,0.0,0.0,0.0,0.0,0.0,0.0,0.0
1,0,1.0,0.0,0.0,0.0,0.0,0.0,0.0,0.0,0.0
1,0,1.0,0.0,0.0,0.0,0.0,0.0,0.0,0.0,0.0
1,0,1.0,0.0,0.0,0.0,0.0,0.0,0.0,0.0,0.0
1,0,1.0,0.0,0.0,0.0,0.0,0.0,0.0,0.0,0.0
1,0,1.0,0.0,0.0,0.0,0.0,0.0,0.0,0.0,0.0
1,0,1.0,0.0,0.0,0.0,0.0,0.0,0.0,0.0,0.0
1,0,1.0,0.0,0.0,0.0,0.0,0.0,0.0,0.0,0.0
1,0,1.0,0.0,0.0,0.0,0.0,0.0,0.0,0.0,0.0
1,0,1.0,0.0,0.0,0.0,0.0,0.0,0.0,0.0,0.0
1,0,1.0,0.0,0.0,0.0,0.0,0.0,0.0,0.0,0.0
1,0,1.0,0.0,0.0,0.0,0.0,0.0,0.0,0.0,0.0
1,0,1.0,0.0,0.0,0.0,0.0,0.0,0.0,0.0,0.0
1,0,1.0,0.0,0.0,0.0,0.0,0.0,0.0,0.0,0.0
1,0,1.0,0.0,0.0,0.0,0.0,0.0,0.0,0.0,0.0
1,0,1.0,0.0,0.0,0.0,0.0,0.0,0.0,0.0,0.0
1,0,1.0,0.0,0.0,0.0,0.0,0.0,0.0,0.0,0.0
1,0,1.0,0.0,0.0,0.0,0.0,0.0,0.0,0.0,0.0
1,0,1.0,0.0,0.0,0.0,0.0,0.0,0.0,0.0,0.0
1,0,1.0,0.0,0.0,0.0,0.0,0.0,0.0,0.0,0.0
1,0,1.0,0.0,0.0,0.0,0.0,0.0,0.0,0.0,0.0
1,0,1.0,0.0,0.0,0.0,0.0,0.0,0.0,0.0,0.0
1,0,1.0,0.0,0.0,0.0,0.0,0.0,0.0,0.0,0.0
1,0,1.0,0.0,0.0,0.0,0.0,0.0,0.0,0.0,0.0
1,0,1.0,0.0,0.0,0.0,0.0,0.0,0.0,0.0,0.0
1,0,1.0,0.0,0.0,0.0,0.0,0.0,0.0,0.0,0.0
1,0,1.0,0.0,0.0,0.0,0.0,0.0,0.0,0.0,0.0
1,0,1.0,0.0,0.0,0.0,0.0,0.0,0.0,0.0,0.0
1,0,1.0,0.0,0.0,0.0,0.0,0.0,0.0,0.0,0.0
1,0,1.0,0.0,0.0,0.0,0.0,0.0,0.0,0.0,0.0
1,0,1.0,0.0,0.0,0.0,0.0,0.0,0.0,0.0,0.0
1,0,1.0,0.0,0.0,0.0,0.0,0.0,0.0,0.0,0.0
1,0,1.0,0.0,0.0,0.0,0.0,0.0,0.0,0.0,0.0
1,0,1.0,0.0,0.0,0.0,0.0,0.0,0.0,0.0,0.0
1,0,1.0,0.0,0.0,0.0,0.0,0.0,0.0,0.0,0.0
1,0,1.0,0.0,0.0,0.0,0.0,0.0,0.0,0.0,0.0
1,0,1.0,0.0,0.0,0.0,0.0,0.0,0.0,0.0,0.0
1,0,1.0,0.0,0.0,0.0,0.0,0.0,0.0,0.0,0.0
1,0,1.0,0.0,0.0,0.0,0.0,0.0,0.0,0.0,0.0
1,0,1.0,0.0,0.0,0.0,0.0,0.0,0.0,0.0,0.0
1,0,1.0,0.0,0.0,0.0,0.0,0.0,0.0,0.0,0.0
1,0,1.0,0.0,0.0,0.0,0.0,0.0,0.0,0.0,0.0
1,0,1.0,0.0,0.0,0.0,0.0,0.0,0.0,0.0,0.0
1,0,1.0,0.0,0.0,0.0,0.0,0.0,0.0,0.0,0.0
1,0,1.0,0.0,0.0,0.0,0.0,0.0,0.0,0.0,0.0
1,0,1.0,0.0,0.0,0.0,0.0,0.0,0.0,0.0,0.0
1,0,1.0,0.0,0.0,0.0,0.0,0.0,0.0,0.0,0.0
1,0,1.0,0.0,0.0,0.0,0.0,0.0,0.0,0.0,0.0
1,0,1.0,0.0,0.0,0.0,0.0,0.0,0.0,0.0,0.0
1,0,1.0,0.0,0.0,0.0,0.0,0.0,0.0,0.0,0.0
1,0,1.0,0.0,0.0,0.0,0.0,0.0,0.0,0.0,0.0
1,0,1.0,0.0,0.0,0.0,0.0,0.0,0.0,0.0,0.0
1,0,1.0,0.0,0.0,0.0,0.0,0.0,0.0,0.0,0.0
1,0,1.0,0.0,0.0,0.0,0.0,0.0,0.0,0.0,0.0
1,0,1.0,0.0,0.0,0.0,0.0,0.0,0.0,0.0,0.0
1,0,1.0,0.0,0.0,0.0,0.0,0.0,0.0,0.0,0.0
1,0,1.0,0.0,0.0,0.0,0.0,0.0,0.0,0.0,0.0
1,0,1.0,0.0,0.0,0.0,0.0,0.0,0.0,0.0,0.0
1,0,1.0,0.0,0.0,0.0,0.0,0.0,0.0,0.0,0.0
1,0,1.0,0.0,0.0,0.0,0.0,0.0,0.0,0.0,0.0
1,0,1.0,0.0,0.0,0.0,0.0,0.0,0.0,0.0,0.0
1,0,1.0,0.0,0.0,0.0,0.0,0.0,0.0,0.0,0.0
1,0,1.0,0.0,0.0,0.0,0.0,0.0,0.0,0.0,0.0
1,0,1.0,0.0,0.0,0.0,0.0,0.0,0.0,0.0,0.0
1,0,1.0,0.0,0.0,0.0,0.0,0.0,0.0,0.0,0.0
1,0,1.0,0.0,0.0,0.0,0.0,0.0,0.0,0.0,0.0
1,0,1.0,0.0,0.0,0.0,0.0,0.0,0.0,0.0,0.0
1,0,1.0,0.0,0.0,0.0,0.0,0.0,0.0,0.0,0.0
1,0,1.0,0.0,0.0,0.0,0.0,0.0,0.0,0.0,0.0
1,0,1.0,0.0,0.0,0.0,0.0,0.0,0.0,0.0,0.0
1,0,1.0,0.0,0.0,0.0,0.0,0.0,0.0,0.0,0.0
1,0,1.0,0.0,0.0,0.0,0.0,0.0,0.0,0.0,0.0
1,0,1.0,0.0,0.0,0.0,0.0,0.0,0.0,0.0,0.0
1,0,1.0,0.0,0.0,0.0,0.0,0.0,0.0,0.0,0.0
1,0,1.0,0.0,0.0,0.0,0.0,0.0,0.0,0.0,0.0
1,0,1.0,0.0,0.0,0.0,0.0,0.0,0.0,0.0,0.0
1,0,1.0,0.0,0.0,0.0,0.0,0.0,0.0,0.0,0.0
1,0,1.0,0.0,0.0,0.0,0.0,0.0,0.0,0.0,0.0
1,0,1.0,0.0,0.0,0.0,0.0,0.0,0.0,0.0,0.0
1,0,1.0,0.0,0.0,0.0,0.0,0.0,0.0,0.0,0.0
1,0,1.0,0.0,0.0,0.0,0.0,0.0,0.0,0.0,0.0
1,0,1.0,0.0,0.0,0.0,0.0,0.0,0.0,0.0,0.0
1,0,1.0,0.0,0.0,0.0,0.0,0.0,0.0,0.0,0.0
1,0,1.0,0.0,0.0,0.0,0.0,0.0,0.0,0.0,0.0
1,0,1.0,0.0,0.0,0.0,0.0,0.0,0.0,0.0,0.0
1,0,1.0,0.0,0.0,0.0,0.0,0.0,0.0,0.0,0.0
1,0,1.0,0.0,0.0,0.0,0.0,0.0,0.0,0.0,0.0
1,0,1.0,0.0,0.0,0.0,0.0,0.0,0.0,0.0,0.0
1,0,1.0,0.0,0.0,0.0,0.0,0.0,0.0,0.0,0.0
1,0,1.0,0.0,0.0,0.0,0.0,0.0,0.0,0.0,0.0
1,0,1.0,0.0,0.0,0.0,0.0,0.0,0.0,0.0,0.0
1,0,1.0,0.0,0.0,0.0,0.0,0.0,0.0,0.0,0.0
1,0,1.0,0.0,0.0,0.0,0.0,0.0,0.0,0.0,0.0
1,0,1.0,0.0,0.0,0.0,0.0,0.0,0.0,0.0,0.0
1,0,1.0,0.0,0.0,0.0,0.0,0.0,0.0,0.0,0.0
1,0,1.0,0.0,0.0,0.0,0.0,0.0,0.0,0.0,0.0
1,0,1.0,0.0,0.0,0.0,0.0,0.0,0.0,0.0,0.0
1,0,1.0,0.0,0.0,0.0,0.0,0.0,0.0,0.0,0.0
1,0,1.0,0.0,0.0,0.0,0.0,0.0,0.0,0.0,0.0
1,0,1.0,0.0,0.0,0.0,0.0,0.0,0.0,0.0,0.0
1,0,1.0,0.0,0.0,0.0,0.0,0.0,0.0,0.0,0.0
1,0,1.0,0.0,0.0,0.0,0.0,0.0,0.0,0.0,0.0
1,0,1.0,0.0,0.0,0.0,0.0,0.0,0.0,0.0,0.0
1,0,1.0,0.0,0.0,0.0,0.0,0.0,0.0,0.0,0.0
1,0,1.0,0.0,0.0,0.0,0.0,0.0,0.0,0.0,0.0
1,0,1.0,0.0,0.0,0.0,0.0,0.0,0.0,0.0,0.0
1,0,1.0,0.0,0.0,0.0,0.0,0.0,0.0,0.0,0.0
1,0,1.0,0.0,0.0,0.0,0.0,0.0,0.0,0.0,0.0
1,0,1.0,0.0,0.0,0.0,0.0,0.0,0.0,0.0,0.0
1,0,1.0,0.0,0.0,0.0,0.0,0.0,0.0,0.0,0.0
1,0,1.0,0.0,0.0,0.0,0.0,0.0,0.0,0.0,0.0
1,0,1.0,0.0,0.0,0.0,0.0,0.0,0.0,0.0,0.0
1,0,1.0,0.0,0.0,0.0,0.0,0.0,0.0,0.0,0.0
1,0,1.0,0.0,0.0,0.0,0.0,0.0,0.0,0.0,0.0
1,0,1.0,0.0,0.0,0.0,0.0,0.0,0.0,0.0,0.0
1,0,1.0,0.0,0.0,0.0,0.0,0.0,0.0,0.0,0.0
1,0,1.0,0.0,0.0,0.0,0.0,0.0,0.0,0.0,0.0
1,0,1.0,0.0,0.0,0.0,0.0,0.0,0.0,0.0,0.0
1,0,1.0,0.0,0.0,0.0,0.0,0.0,0.0,0.0,0.0
1,0,1.0,0.0,0.0,0.0,0.0,0.0,0.0,0.0,0.0
1,0,1.0,0.0,0.0,0.0,0.0,0.0,0.0,0.0,0.0
1,0,1.0,0.0,0.0,0.0,0.0,0.0,0.0,0.0,0.0
1,0,1.0,0.0,0.0,0.0,0.0,0.0,0.0,0.0,0.0
1,0,1.0,0.0,0.0,0.0,0.0,0.0,0.0,0.0,0.0
1,0,1.0,0.0,0.0,0.0,0.0,0.0,0.0,0.0,0.0
1,0,1.0,0.0,0.0,0.0,0.0,0.0,0.0,0.0,0.0
1,0,1.0,0.0,0.0,0.0,0.0,0.0,0.0,0.0,0.0
1,0,1.0,0.0,0.0,0.0,0.0,0.0,0.0,0.0,0.0
1,0,1.0,0.0,0.0,0.0,0.0,0.0,0.0,0.0,0.0
1,0,1.0,0.0,0.0,0.0,0.0,0.0,0.0,0.0,0.0
1,0,1.0,0.0,0.0,0.0,0.0,0.0,0.0,0.0,0.0
1,0,1.0,0.0,0.0,0.0,0.0,0.0,0.0,0.0,0.0
1,0,1.0,0.0,0.0,0.0,0.0,0.0,0.0,0.0,0.0
1,0,1.0,0.0,0.0,0.0,0.0,0.0,0.0,0.0,0.0
1,0,1.0,0.0,0.0,0.0,0.0,0.0,0.0,0.0,0.0
1,0,1.0,0.0,0.0,0.0,0.0,0.0,0.0,0.0,0.0
1,0,1.0,0.0,0.0,0.0,0.0,0.0,0.0,0.0,0.0
1,0,1.0,0.0,0.0,0.0,0.0,0.0,0.0,0.0,0.0
1,0,1.0,0.0,0.0,0.0,0.0,0.0,0.0,0.0,0.0
1,0,1.0,0.0,0.0,0.0,0.0,0.0,0.0,0.0,0.0
1,0,1.0,0.0,0.0,0.0,0.0,0.0,0.0,0.0,0.0
1,0,1.0,0.0,0.0,0.0,0.0,0.0,0.0,0.0,0.0
1,0,1.0,0.0,0.0,0.0,0.0,0.0,0.0,0.0,0.0
1,0,1.0,0.0,0.0,0.0,0.0,0.0,0.0,0.0,0.0
1,0,1.0,0.0,0.0,0.0,0.0,0.0,0.0,0.0,0.0
1,0,1.0,0.0,0.0,0.0,0.0,0.0,0.0,0.0,0.0
1,0,1.0,0.0,0.0,0.0,0.0,0.0,0.0,0.0,0.0
1,0,1.0,0.0,0.0,0.0,0.0,0.0,0.0,0.0,0.0
1,0,1.0,0.0,0.0,0.0,0.0,0.0,0.0,0.0,0.0
1,0,1.0,0.0,0.0,0.0,0.0,0.0,0.0,0.0,0.0
1,0,1.0,0.0,0.0,0.0,0.0,0.0,0.0,0.0,0.0
1,0,1.0,0.0,0.0,0.0,0.0,0.0,0.0,0.0,0.0
1,0,1.0,0.0,0.0,0.0,0.0,0.0,0.0,0.0,0.0
1,0,1.0,0.0,0.0,0.0,0.0,0.0,0.0,0.0,0.0
1,0,1.0,0.0,0.0,0.0,0.0,0.0,0.0,0.0,0.0
1,0,1.0,0.0,0.0,0.0,0.0,0.0,0.0,0.0,0.0
1,0,1.0,0.0,0.0,0.0,0.0,0.0,0.0,0.0,0.0
1,0,1.0,0.0,0.0,0.0,0.0,0.0,0.0,0.0,0.0
1,0,1.0,0.0,0.0,0.0,0.0,0.0,0.0,0.0,0.0
1,0,1.0,0.0,0.0,0.0,0.0,0.0,0.0,0.0,0.0
1,0,1.0,0.0,0.0,0.0,0.0,0.0,0.0,0.0,0.0
1,0,1.0,0.0,0.0,0.0,0.0,0.0,0.0,0.0,0.0
1,0,1.0,0.0,0.0,0.0,0.0,0.0,0.0,0.0,0.0
1,0,1.0,0.0,0.0,0.0,0.0,0.0,0.0,0.0,0.0
1,0,1.0,0.0,0.0,0.0,0.0,0.0,0.0,0.0,0.0
1,0,1.0,0.0,0.0,0.0,0.0,0.0,0.0,0.0,0.0
1,0,1.0,0.0,0.0,0.0,0.0,0.0,0.0,0.0,0.0
1,0,1.0,0.0,0.0,0.0,0.0,0.0,0.0,0.0,0.0
1,0,1.0,0.0,0.0,0.0,0.0,0.0,0.0,0.0,0.0
1,0,1.0,0.0,0.0,0.0,0.0,0.0,0.0,0.0,0.0
1,0,1.0,0.0,0.0,0.0,0.0,0.0,0.0,0.0,0.0
1,0,1.0,0.0,0.0,0.0,0.0,0.0,0.0,0.0,0.0
1,0,1.0,0.0,0.0,0.0,0.0,0.0,0.0,0.0,0.0
1,0,1.0,0.0,0.0,0.0,0.0,0.0,0.0,0.0,0.0
1,0,1.0,0.0,0.0,0.0,0.0,0.0,0.0,0.0,0.0
1,0,1.0,0.0,0.0,0.0,0.0,0.0,0.0,0.0,0.0
1,0,1.0,0.0,0.0,0.0,0.0,0.0,0.0,0.0,0.0
1,0,1.0,0.0,0.0,0.0,0.0,0.0,0.0,0.0,0.0
1,0,1.0,0.0,0.0,0.0,0.0,0.0,0.0,0.0,0.0
1,0,1.0,0.0,0.0,0.0,0.0,0.0,0.0,0.0,0.0
1,0,1.0,0.0,0.0,0.0,0.0,0.0,0.0,0.0,0.0
1,0,1.0,0.0,0.0,0.0,0.0,0.0,0.0,0.0,0.0
1,0,1.0,0.0,0.0,0.0,0.0,0.0,0.0,0.0,0.0
1,0,1.0,0.0,0.0,0.0,0.0,0.0,0.0,0.0,0.0
1,0,1.0,0.0,0.0,0.0,0.0,0.0,0.0,0.0,0.0
1,0,1.0,0.0,0.0,0.0,0.0,0.0,0.0,0.0,0.0
1,0,1.0,0.0,0.0,0.0,0.0,0.0,0.0,0.0,0.0
1,0,1.0,0.0,0.0,0.0,0.0,0.0,0.0,0.0,0.0
1,0,1.0,0.0,0.0,0.0,0.0,0.0,0.0,0.0,0.0
1,0,1.0,0.0,0.0,0.0,0.0,0.0,0.0,0.0,0.0
1,0,1.0,0.0,0.0,0.0,0.0,0.0,0.0,0.0,0.0
1,0,1.0,0.0,0.0,0.0,0.0,0.0,0.0,0.0,0.0
1,0,1.0,0.0,0.0,0.0,0.0,0.0,0.0,0.0,0.0
1,0,1.0,0.0,0.0,0.0,0.0,0.0,0.0,0.0,0.0
1,0,1.0,0.0,0.0,0.0,0.0,0.0,0.0,0.0,0.0
1,0,1.0,0.0,0.0,0.0,0.0,0.0,0.0,0.0,0.0
1,0,1.0,0.0,0.0,0.0,0.0,0.0,0.0,0.0,0.0
1,0,1.0,0.0,0.0,0.0,0.0,0.0,0.0,0.0,0.0
1,0,1.0,0.0,0.0,0.0,0.0,0.0,0.0,0.0,0.0
1,0,1.0,0.0,0.0,0.0,0.0,0.0,0.0,0.0,0.0
1,0,1.0,0.0,0.0,0.0,0.0,0.0,0.0,0.0,0.0
1,0,1.0,0.0,0.0,0.0,0.0,0.0,0.0,0.0,0.0
1,0,1.0,0.0,0.0,0.0,0.0,0.0,0.0,0.0,0.0
1,0,1.0,0.0,0.0,0.0,0.0,0.0,0.0,0.0,0.0
1,0,1.0,0.0,0.0,0.0,0.0,0.0,0.0,0.0,0.0
1,0,1.0,0.0,0.0,0.0,0.0,0.0,0.0,0.0,0.0
1,0,1.0,0.0,0.0,0.0,0.0,0.0,0.0,0.0,0.0
1,0,1.0,0.0,0.0,0.0,0.0,0.0,0.0,0.0,0.0
1,0,1.0,0.0,0.0,0.0,0.0,0.0,0.0,0.0,0.0
1,0,1.0,0.0,0.0,0.0,0.0,0.0,0.0,0.0,0.0
1,0,1.0,0.0,0.0,0.0,0.0,0.0,0.0,0.0,0.0
1,0,1.0,0.0,0.0,0.0,0.0,0.0,0.0,0.0,0.0
1,0,1.0,0.0,0.0,0.0,0.0,0.0,0.0,0.0,0.0
1,0,1.0,0.0,0.0,0.0,0.0,0.0,0.0,0.0,0.0
1,0,1.0,0.0,0.0,0.0,0.0,0.0,0.0,0.0,0.0
1,0,1.0,0.0,0.0,0.0,0.0,0.0,0.0,0.0,0.0
1,0,1.0,0.0,0.0,0.0,0.0,0.0,0.0,0.0,0.0
1,0,1.0,0.0,0.0,0.0,0.0,0.0,0.0,0.0,0.0
1,0,1.0,0.0,0.0,0.0,0.0,0.0,0.0,0.0,0.0
1,0,1.0,0.0,0.0,0.0,0.0,0.0,0.0,0.0,0.0
1,0,1.0,0.0,0.0,0.0,0.0,0.0,0.0,0.0,0.0
1,0,1.0,0.0,0.0,0.0,0.0,0.0,0.0,0.0,0.0
1,0,1.0,0.0,0.0,0.0,0.0,0.0,0.0,0.0,0.0
1,0,1.0,0.0,0.0,0.0,0.0,0.0,0.0,0.0,0.0
1,0,1.0,0.0,0.0,0.0,0.0,0.0,0.0,0.0,0.0
1,0,1.0,0.0,0.0,0.0,0.0,0.0,0.0,0.0,0.0
1,0,1.0,0.0,0.0,0.0,0.0,0.0,0.0,0.0,0.0
1,0,1.0,0.0,0.0,0.0,0.0,0.0,0.0,0.0,0.0
1,0,1.0,0.0,0.0,0.0,0.0,0.0,0.0,0.0,0.0
1,0,1.0,0.0,0.0,0.0,0.0,0.0,0.0,0.0,0.0
1,0,1.0,0.0,0.0,0.0,0.0,0.0,0.0,0.0,0.0
1,0,1.0,0.0,0.0,0.0,0.0,0.0,0.0,0.0,0.0
1,0,1.0,0.0,0.0,0.0,0.0,0.0,0.0,0.0,0.0
1,0,1.0,0.0,0.0,0.0,0.0,0.0,0.0,0.0,0.0
1,0,1.0,0.0,0.0,0.0,0.0,0.0,0.0,0.0,0.0
1,0,1.0,0.0,0.0,0.0,0.0,0.0,0.0,0.0,0.0
1,0,1.0,0.0,0.0,0.0,0.0,0.0,0.0,0.0,0.0
1,0,1.0,0.0,0.0,0.0,0.0,0.0,0.0,0.0,0.0
1,0,1.0,0.0,0.0,0.0,0.0,0.0,0.0,0.0,0.0
1,0,1.0,0.0,0.0,0.0,0.0,0.0,0.0,0.0,0.0
1,0,1.0,0.0,0.0,0.0,0.0,0.0,0.0,0.0,0.0
1,0,1.0,0.0,0.0,0.0,0.0,0.0,0.0,0.0,0.0
1,0,1.0,0.0,0.0,0.0,0.0,0.0,0.0,0.0,0.0
1,0,1.0,0.0,0.0,0.0,0.0,0.0,0.0,0.0,0.0
1,0,1.0,0.0,0.0,0.0,0.0,0.0,0.0,0.0,0.0
1,0,1.0,0.0,0.0,0.0,0.0,0.0,0.0,0.0,0.0
1,0,1.0,0.0,0.0,0.0,0.0,0.0,0.0,0.0,0.0
1,0,1.0,0.0,0.0,0.0,0.0,0.0,0.0,0.0,0.0
1,0,1.0,0.0,0.0,0.0,0.0,0.0,0.0,0.0,0.0
1,0,1.0,0.0,0.0,0.0,0.0,0.0,0.0,0.0,0.0
1,0,1.0,0.0,0.0,0.0,0.0,0.0,0.0,0.0,0.0
1,0,1.0,0.0,0.0,0.0,0.0,0.0,0.0,0.0,0.0
1,0,1.0,0.0,0.0,0.0,0.0,0.0,0.0,0.0,0.0
1,0,1.0,0.0,0.0,0.0,0.0,0.0,0.0,0.0,0.0
1,0,1.0,0.0,0.0,0.0,0.0,0.0,0.0,0.0,0.0
1,0,1.0,0.0,0.0,0.0,0.0,0.0,0.0,0.0,0.0
1,0,1.0,0.0,0.0,0.0,0.0,0.0,0.0,0.0,0.0
1,0,1.0,0.0,0.0,0.0,0.0,0.0,0.0,0.0,0.0
1,0,1.0,0.0,0.0,0.0,0.0,0.0,0.0,0.0,0.0
1,0,1.0,0.0,0.0,0.0,0.0,0.0,0.0,0.0,0.0
1,0,1.0,0.0,0.0,0.0,0.0,0.0,0.0,0.0,0.0
1,0,1.0,0.0,0.0,0.0,0.0,0.0,0.0,0.0,0.0
1,0,1.0,0.0,0.0,0.0,0.0,0.0,0.0,0.0,0.0
1,0,1.0,0.0,0.0,0.0,0.0,0.0,0.0,0.0,0.0
1,0,1.0,0.0,0.0,0.0,0.0,0.0,0.0,0.0,0.0
1,0,1.0,0.0,0.0,0.0,0.0,0.0,0.0,0.0,0.0
1,0,1.0,0.0,0.0,0.0,0.0,0.0,0.0,0.0,0.0
1,0,1.0,0.0,0.0,0.0,0.0,0.0,0.0,0.0,0.0
1,0,1.0,0.0,0.0,0.0,0.0,0.0,0.0,0.0,0.0
1,0,1.0,0.0,0.0,0.0,0.0,0.0,0.0,0.0,0.0
1,0,1.0,0.0,0.0,0.0,0.0,0.0,0.0,0.0,0.0
1,0,1.0,0.0,0.0,0.0,0.0,0.0,0.0,0.0,0.0
1,0,1.0,0.0,0.0,0.0,0.0,0.0,0.0,0.0,0.0
1,0,1.0,0.0,0.0,0.0,0.0,0.0,0.0,0.0,0.0
1,0,1.0,0.0,0.0,0.0,0.0,0.0,0.0,0.0,0.0
1,0,1.0,0.0,0.0,0.0,0.0,0.0,0.0,0.0,0.0
1,0,1.0,0.0,0.0,0.0,0.0,0.0,0.0,0.0,0.0
1,0,1.0,0.0,0.0,0.0,0.0,0.0,0.0,0.0,0.0
1,0,1.0,0.0,0.0,0.0,0.0,0.0,0.0,0.0,0.0
1,0,1.0,0.0,0.0,0.0,0.0,0.0,0.0,0.0,0.0
1,0,1.0,0.0,0.0,0.0,0.0,0.0,0.0,0.0,0.0
1,0,1.0,0.0,0.0,0.0,0.0,0.0,0.0,0.0,0.0
1,0,1.0,0.0,0.0,0.0,0.0,0.0,0.0,0.0,0.0
1,0,1.0,0.0,0.0,0.0,0.0,0.0,0.0,0.0,0.0
1,0,1.0,0.0,0.0,0.0,0.0,0.0,0.0,0.0,0.0
1,0,1.0,0.0,0.0,0.0,0.0,0.0,0.0,0.0,0.0
1,0,1.0,0.0,0.0,0.0,0.0,0.0,0.0,0.0,0.0
1,0,1.0,0.0,0.0,0.0,0.0,0.0,0.0,0.0,0.0
1,0,1.0,0.0,0.0,0.0,0.0,0.0,0.0,0.0,0.0
1,0,1.0,0.0,0.0,0.0,0.0,0.0,0.0,0.0,0.0
1,0,1.0,0.0,0.0,0.0,0.0,0.0,0.0,0.0,0.0
1,0,1.0,0.0,0.0,0.0,0.0,0.0,0.0,0.0,0.0
1,0,1.0,0.0,0.0,0.0,0.0,0.0,0.0,0.0,0.0
1,0,1.0,0.0,0.0,0.0,0.0,0.0,0.0,0.0,0.0
1,0,1.0,0.0,0.0,0.0,0.0,0.0,0.0,0.0,0.0
1,0,1.0,0.0,0.0,0.0,0.0,0.0,0.0,0.0,0.0
1,0,1.0,0.0,0.0,0.0,0.0,0.0,0.0,0.0,0.0
1,0,1.0,0.0,0.0,0.0,0.0,0.0,0.0,0.0,0.0
1,0,1.0,0.0,0.0,0.0,0.0,0.0,0.0,0.0,0.0
1,0,1.0,0.0,0.0,0.0,0.0,0.0,0.0,0.0,0.0
1,0,1.0,0.0,0.0,0.0,0.0,0.0,0.0,0.0,0.0
1,0,1.0,0.0,0.0,0.0,0.0,0.0,0.0,0.0,0.0
1,0,1.0,0.0,0.0,0.0,0.0,0.0,0.0,0.0,0.0
1,0,1.0,0.0,0.0,0.0,0.0,0.0,0.0,0.0,0.0
1,0,1.0,0.0,0.0,0.0,0.0,0.0,0.0,0.0,0.0
1,0,1.0,0.0,0.0,0.0,0.0,0.0,0.0,0.0,0.0
1,0,1.0,0.0,0.0,0.0,0.0,0.0,0.0,0.0,0.0
1,0,1.0,0.0,0.0,0.0,0.0,0.0,0.0,0.0,0.0
1,0,1.0,0.0,0.0,0.0,0.0,0.0,0.0,0.0,0.0
1,0,1.0,0.0,0.0,0.0,0.0,0.0,0.0,0.0,0.0
1,0,1.0,0.0,0.0,0.0,0.0,0.0,0.0,0.0,0.0
1,0,1.0,0.0,0.0,0.0,0.0,0.0,0.0,0.0,0.0
1,0,1.0,0.0,0.0,0.0,0.0,0.0,0.0,0.0,0.0
1,0,1.0,0.0,0.0,0.0,0.0,0.0,0.0,0.0,0.0
1,0,1.0,0.0,0.0,0.0,0.0,0.0,0.0,0.0,0.0
1,0,1.0,0.0,0.0,0.0,0.0,0.0,0.0,0.0,0.0
1,0,1.0,0.0,0.0,0.0,0.0,0.0,0.0,0.0,0.0
1,0,1.0,0.0,0.0,0.0,0.0,0.0,0.0,0.0,0.0
1,0,1.0,0.0,0.0,0.0,0.0,0.0,0.0,0.0,0.0
1,0,1.0,0.0,0.0,0.0,0.0,0.0,0.0,0.0,0.0
1,0,1.0,0.0,0.0,0.0,0.0,0.0,0.0,0.0,0.0
1,0,1.0,0.0,0.0,0.0,0.0,0.0,0.0,0.0,0.0
1,0,1.0,0.0,0.0,0.0,0.0,0.0,0.0,0.0,0.0
1,0,1.0,0.0,0.0,0.0,0.0,0.0,0.0,0.0,0.0
1,0,1.0,0.0,0.0,0.0,0.0,0.0,0.0,0.0,0.0
1,0,1.0,0.0,0.0,0.0,0.0,0.0,0.0,0.0,0.0
1,0,1.0,0.0,0.0,0.0,0.0,0.0,0.0,0.0,0.0
1,0,1.0,0.0,0.0,0.0,0.0,0.0,0.0,0.0,0.0
1,0,1.0,0.0,0.0,0.0,0.0,0.0,0.0,0.0,0.0
1,0,1.0,0.0,0.0,0.0,0.0,0.0,0.0,0.0,0.0
1,0,1.0,0.0,0.0,0.0,0.0,0.0,0.0,0.0,0.0
1,0,1.0,0.0,0.0,0.0,0.0,0.0,0.0,0.0,0.0
1,0,1.0,0.0,0.0,0.0,0.0,0.0,0.0,0.0,0.0
1,0,1.0,0.0,0.0,0.0,0.0,0.0,0.0,0.0,0.0
1,0,1.0,0.0,0.0,0.0,0.0,0.0,0.0,0.0,0.0
1,0,1.0,0.0,0.0,0.0,0.0,0.0,0.0,0.0,0.0
1,0,1.0,0.0,0.0,0.0,0.0,0.0,0.0,0.0,0.0
1,0,1.0,0.0,0.0,0.0,0.0,0.0,0.0,0.0,0.0
1,0,1.0,0.0,0.0,0.0,0.0,0.0,0.0,0.0,0.0
1,0,1.0,0.0,0.0,0.0,0.0,0.0,0.0,0.0,0.0
1,0,1.0,0.0,0.0,0.0,0.0,0.0,0.0,0.0,0.0
1,0,1.0,0.0,0.0,0.0,0.0,0.0,0.0,0.0,0.0
1,0,1.0,0.0,0.0,0.0,0.0,0.0,0.0,0.0,0.0
1,0,1.0,0.0,0.0,0.0,0.0,0.0,0.0,0.0,0.0
1,0,1.0,0.0,0.0,0.0,0.0,0.0,0.0,0.0,0.0
1,0,1.0,0.0,0.0,0.0,0.0,0.0,0.0,0.0,0.0
1,0,1.0,0.0,0.0,0.0,0.0,0.0,0.0,0.0,0.0
1,0,1.0,0.0,0.0,0.0,0.0,0.0,0.0,0.0,0.0
1,0,1.0,0.0,0.0,0.0,0.0,0.0,0.0,0.0,0.0
1,0,1.0,0.0,0.0,0.0,0.0,0.0,0.0,0.0,0.0
1,0,1.0,0.0,0.0,0.0,0.0,0.0,0.0,0.0,0.0
1,0,1.0,0.0,0.0,0.0,0.0,0.0,0.0,0.0,0.0
1,0,1.0,0.0,0.0,0.0,0.0,0.0,0.0,0.0,0.0
1,0,1.0,0.0,0.0,0.0,0.0,0.0,0.0,0.0,0.0
1,0,1.0,0.0,0.0,0.0,0.0,0.0,0.0,0.0,0.0
1,0,1.0,0.0,0.0,0.0,0.0,0.0,0.0,0.0,0.0
1,0,1.0,0.0,0.0,0.0,0.0,0.0,0.0,0.0,0.0
1,0,1.0,0.0,0.0,0.0,0.0,0.0,0.0,0.0,0.0
1,0,1.0,0.0,0.0,0.0,0.0,0.0,0.0,0.0,0.0
1,0,1.0,0.0,0.0,0.0,0.0,0.0,0.0,0.0,0.0
1,0,1.0,0.0,0.0,0.0,0.0,0.0,0.0,0.0,0.0
1,0,1.0,0.0,0.0,0.0,0.0,0.0,0.0,0.0,0.0
1,0,1.0,0.0,0.0,0.0,0.0,0.0,0.0,0.0,0.0
1,0,1.0,0.0,0.0,0.0,0.0,0.0,0.0,0.0,0.0
1,0,1.0,0.0,0.0,0.0,0.0,0.0,0.0,0.0,0.0
1,0,1.0,0.0,0.0,0.0,0.0,0.0,0.0,0.0,0.0
1,0,1.0,0.0,0.0,0.0,0.0,0.0,0.0,0.0,0.0
1,0,1.0,0.0,0.0,0.0,0.0,0.0,0.0,0.0,0.0
1,0,1.0,0.0,0.0,0.0,0.0,0.0,0.0,0.0,0.0
1,0,1.0,0.0,0.0,0.0,0.0,0.0,0.0,0.0,0.0
1,0,1.0,0.0,0.0,0.0,0.0,0.0,0.0,0.0,0.0
1,0,1.0,0.0,0.0,0.0,0.0,0.0,0.0,0.0,0.0
1,0,1.0,0.0,0.0,0.0,0.0,0.0,0.0,0.0,0.0
1,0,1.0,0.0,0.0,0.0,0.0,0.0,0.0,0.0,0.0
1,0,1.0,0.0,0.0,0.0,0.0,0.0,0.0,0.0,0.0
1,0,1.0,0.0,0.0,0.0,0.0,0.0,0.0,0.0,0.0
1,0,1.0,0.0,0.0,0.0,0.0,0.0,0.0,0.0,0.0
1,0,1.0,0.0,0.0,0.0,0.0,0.0,0.0,0.0,0.0
1,0,1.0,0.0,0.0,0.0,0.0,0.0,0.0,0.0,0.0
1,0,1.0,0.0,0.0,0.0,0.0,0.0,0.0,0.0,0.0
1,0,1.0,0.0,0.0,0.0,0.0,0.0,0.0,0.0,0.0
1,0,1.0,0.0,0.0,0.0,0.0,0.0,0.0,0.0,0.0
1,0,1.0,0.0,0.0,0.0,0.0,0.0,0.0,0.0,0.0
1,0,1.0,0.0,0.0,0.0,0.0,0.0,0.0,0.0,0.0
1,0,1.0,0.0,0.0,0.0,0.0,0.0,0.0,0.0,0.0
1,0,1.0,0.0,0.0,0.0,0.0,0.0,0.0,0.0,0.0
1,0,1.0,0.0,0.0,0.0,0.0,0.0,0.0,0.0,0.0
1,0,1.0,0.0,0.0,0.0,0.0,0.0,0.0,0.0,0.0
1,0,1.0,0.0,0.0,0.0,0.0,0.0,0.0,0.0,0.0
1,0,1.0,0.0,0.0,0.0,0.0,0.0,0.0,0.0,0.0
1,0,1.0,0.0,0.0,0.0,0.0,0.0,0.0,0.0,0.0
1,0,1.0,0.0,0.0,0.0,0.0,0.0,0.0,0.0,0.0
1,0,1.0,0.0,0.0,0.0,0.0,0.0,0.0,0.0,0.0
1,0,1.0,0.0,0.0,0.0,0.0,0.0,0.0,0.0,0.0
1,0,1.0,0.0,0.0,0.0,0.0,0.0,0.0,0.0,0.0
1,0,1.0,0.0,0.0,0.0,0.0,0.0,0.0,0.0,0.0
1,0,1.0,0.0,0.0,0.0,0.0,0.0,0.0,0.0,0.0
1,0,1.0,0.0,0.0,0.0,0.0,0.0,0.0,0.0,0.0
1,0,1.0,0.0,0.0,0.0,0.0,0.0,0.0,0.0,0.0
1,0,1.0,0.0,0.0,0.0,0.0,0.0,0.0,0.0,0.0
1,0,1.0,0.0,0.0,0.0,0.0,0.0,0.0,0.0,0.0
1,0,1.0,0.0,0.0,0.0,0.0,0.0,0.0,0.0,0.0
1,0,1.0,0.0,0.0,0.0,0.0,0.0,0.0,0.0,0.0
1,0,1.0,0.0,0.0,0.0,0.0,0.0,0.0,0.0,0.0
1,0,1.0,0.0,0.0,0.0,0.0,0.0,0.0,0.0,0.0
1,0,1.0,0.0,0.0,0.0,0.0,0.0,0.0,0.0,0.0
1,0,1.0,0.0,0.0,0.0,0.0,0.0,0.0,0.0,0.0
1,0,1.0,0.0,0.0,0.0,0.0,0.0,0.0,0.0,0.0
1,0,1.0,0.0,0.0,0.0,0.0,0.0,0.0,0.0,0.0
1,0,1.0,0.0,0.0,0.0,0.0,0.0,0.0,0.0,0.0
1,0,1.0,0.0,0.0,0.0,0.0,0.0,0.0,0.0,0.0
1,0,1.0,0.0,0.0,0.0,0.0,0.0,0.0,0.0,0.0
1,0,1.0,0.0,0.0,0.0,0.0,0.0,0.0,0.0,0.0
1,0,1.0,0.0,0.0,0.0,0.0,0.0,0.0,0.0,0.0
1,0,1.0,0.0,0.0,0.0,0.0,0.0,0.0,0.0,0.0
1,0,1.0,0.0,0.0,0.0,0.0,0.0,0.0,0.0,0.0
1,0,1.0,0.0,0.0,0.0,0.0,0.0,0.0,0.0,0.0
1,0,1.0,0.0,0.0,0.0,0.0,0.0,0.0,0.0,0.0
1,0,1.0,0.0,0.0,0.0,0.0,0.0,0.0,0.0,0.0
1,0,1.0,0.0,0.0,0.0,0.0,0.0,0.0,0.0,0.0
1,0,1.0,0.0,0.0,0.0,0.0,0.0,0.0,0.0,0.0
1,0,1.0,0.0,0.0,0.0,0.0,0.0,0.0,0.0,0.0
1,0,1.0,0.0,0.0,0.0,0.0,0.0,0.0,0.0,0.0
1,0,1.0,0.0,0.0,0.0,0.0,0.0,0.0,0.0,0.0
1,0,1.0,0.0,0.0,0.0,0.0,0.0,0.0,0.0,0.0
1,0,1.0,0.0,0.0,0.0,0.0,0.0,0.0,0.0,0.0
1,0,1.0,0.0,0.0,0.0,0.0,0.0,0.0,0.0,0.0
1,0,1.0,0.0,0.0,0.0,0.0,0.0,0.0,0.0,0.0
1,0,1.0,0.0,0.0,0.0,0.0,0.0,0.0,0.0,0.0
1,0,1.0,0.0,0.0,0.0,0.0,0.0,0.0,0.0,0.0
1,0,1.0,0.0,0.0,0.0,0.0,0.0,0.0,0.0,0.0
1,0,1.0,0.0,0.0,0.0,0.0,0.0,0.0,0.0,0.0
1,0,1.0,0.0,0.0,0.0,0.0,0.0,0.0,0.0,0.0
1,0,1.0,0.0,0.0,0.0,0.0,0.0,0.0,0.0,0.0
1,0,1.0,0.0,0.0,0.0,0.0,0.0,0.0,0.0,0.0
1,0,1.0,0.0,0.0,0.0,0.0,0.0,0.0,0.0,0.0
1,0,1.0,0.0,0.0,0.0,0.0,0.0,0.0,0.0,0.0
1,0,1.0,0.0,0.0,0.0,0.0,0.0,0.0,0.0,0.0
1,0,1.0,0.0,0.0,0.0,0.0,0.0,0.0,0.0,0.0
1,0,1.0,0.0,0.0,0.0,0.0,0.0,0.0,0.0,0.0
1,0,1.0,0.0,0.0,0.0,0.0,0.0,0.0,0.0,0.0
1,0,1.0,0.0,0.0,0.0,0.0,0.0,0.0,0.0,0.0
1,0,1.0,0.0,0.0,0.0,0.0,0.0,0.0,0.0,0.0
1,0,1.0,0.0,0.0,0.0,0.0,0.0,0.0,0.0,0.0
1,0,1.0,0.0,0.0,0.0,0.0,0.0,0.0,0.0,0.0
1,0,1.0,0.0,0.0,0.0,0.0,0.0,0.0,0.0,0.0
1,0,1.0,0.0,0.0,0.0,0.0,0.0,0.0,0.0,0.0
1,0,1.0,0.0,0.0,0.0,0.0,0.0,0.0,0.0,0.0
1,0,1.0,0.0,0.0,0.0,0.0,0.0,0.0,0.0,0.0
1,0,1.0,0.0,0.0,0.0,0.0,0.0,0.0,0.0,0.0
1,0,1.0,0.0,0.0,0.0,0.0,0.0,0.0,0.0,0.0
1,0,1.0,0.0,0.0,0.0,0.0,0.0,0.0,0.0,0.0
1,0,1.0,0.0,0.0,0.0,0.0,0.0,0.0,0.0,0.0
1,0,1.0,0.0,0.0,0.0,0.0,0.0,0.0,0.0,0.0
1,0,1.0,0.0,0.0,0.0,0.0,0.0,0.0,0.0,0.0
1,0,1.0,0.0,0.0,0.0,0.0,0.0,0.0,0.0,0.0
1,0,1.0,0.0,0.0,0.0,0.0,0.0,0.0,0.0,0.0
1,0,1.0,0.0,0.0,0.0,0.0,0.0,0.0,0.0,0.0
1,0,1.0,0.0,0.0,0.0,0.0,0.0,0.0,0.0,0.0
1,0,1.0,0.0,0.0,0.0,0.0,0.0,0.0,0.0,0.0
1,0,1.0,0.0,0.0,0.0,0.0,0.0,0.0,0.0,0.0
1,0,1.0,0.0,0.0,0.0,0.0,0.0,0.0,0.0,0.0
1,0,1.0,0.0,0.0,0.0,0.0,0.0,0.0,0.0,0.0
1,0,1.0,0.0,0.0,0.0,0.0,0.0,0.0,0.0,0.0
1,0,1.0,0.0,0.0,0.0,0.0,0.0,0.0,0.0,0.0
1,0,1.0,0.0,0.0,0.0,0.0,0.0,0.0,0.0,0.0
1,0,1.0,0.0,0.0,0.0,0.0,0.0,0.0,0.0,0.0
1,0,1.0,0.0,0.0,0.0,0.0,0.0,0.0,0.0,0.0
1,0,1.0,0.0,0.0,0.0,0.0,0.0,0.0,0.0,0.0
1,0,1.0,0.0,0.0,0.0,0.0,0.0,0.0,0.0,0.0
1,0,1.0,0.0,0.0,0.0,0.0,0.0,0.0,0.0,0.0
1,0,1.0,0.0,0.0,0.0,0.0,0.0,0.0,0.0,0.0
1,0,1.0,0.0,0.0,0.0,0.0,0.0,0.0,0.0,0.0
1,0,1.0,0.0,0.0,0.0,0.0,0.0,0.0,0.0,0.0
1,0,1.0,0.0,0.0,0.0,0.0,0.0,0.0,0.0,0.0
1,0,1.0,0.0,0.0,0.0,0.0,0.0,0.0,0.0,0.0
1,0,1.0,0.0,0.0,0.0,0.0,0.0,0.0,0.0,0.0
1,0,1.0,0.0,0.0,0.0,0.0,0.0,0.0,0.0,0.0
1,0,1.0,0.0,0.0,0.0,0.0,0.0,0.0,0.0,0.0
1,0,1.0,0.0,0.0,0.0,0.0,0.0,0.0,0.0,0.0
1,0,1.0,0.0,0.0,0.0,0.0,0.0,0.0,0.0,0.0
1,0,1.0,0.0,0.0,0.0,0.0,0.0,0.0,0.0,0.0
1,0,1.0,0.0,0.0,0.0,0.0,0.0,0.0,0.0,0.0
1,0,1.0,0.0,0.0,0.0,0.0,0.0,0.0,0.0,0.0
1,0,1.0,0.0,0.0,0.0,0.0,0.0,0.0,0.0,0.0
1,0,1.0,0.0,0.0,0.0,0.0,0.0,0.0,0.0,0.0
1,0,1.0,0.0,0.0,0.0,0.0,0.0,0.0,0.0,0.0
1,0,1.0,0.0,0.0,0.0,0.0,0.0,0.0,0.0,0.0
1,0,1.0,0.0,0.0,0.0,0.0,0.0,0.0,0.0,0.0
1,0,1.0,0.0,0.0,0.0,0.0,0.0,0.0,0.0,0.0
1,0,1.0,0.0,0.0,0.0,0.0,0.0,0.0,0.0,0.0
1,0,1.0,0.0,0.0,0.0,0.0,0.0,0.0,0.0,0.0
1,0,1.0,0.0,0.0,0.0,0.0,0.0,0.0,0.0,0.0
1,0,1.0,0.0,0.0,0.0,0.0,0.0,0.0,0.0,0.0
1,0,1.0,0.0,0.0,0.0,0.0,0.0,0.0,0.0,0.0
1,0,1.0,0.0,0.0,0.0,0.0,0.0,0.0,0.0,0.0
1,0,1.0,0.0,0.0,0.0,0.0,0.0,0.0,0.0,0.0
1,0,1.0,0.0,0.0,0.0,0.0,0.0,0.0,0.0,0.0
1,0,1.0,0.0,0.0,0.0,0.0,0.0,0.0,0.0,0.0
1,0,1.0,0.0,0.0,0.0,0.0,0.0,0.0,0.0,0.0
1,0,1.0,0.0,0.0,0.0,0.0,0.0,0.0,0.0,0.0
1,0,1.0,0.0,0.0,0.0,0.0,0.0,0.0,0.0,0.0
1,0,1.0,0.0,0.0,0.0,0.0,0.0,0.0,0.0,0.0
1,0,1.0,0.0,0.0,0.0,0.0,0.0,0.0,0.0,0.0
1,0,1.0,0.0,0.0,0.0,0.0,0.0,0.0,0.0,0.0
1,0,1.0,0.0,0.0,0.0,0.0,0.0,0.0,0.0,0.0
1,0,1.0,0.0,0.0,0.0,0.0,0.0,0.0,0.0,0.0
1,0,1.0,0.0,0.0,0.0,0.0,0.0,0.0,0.0,0.0
1,0,1.0,0.0,0.0,0.0,0.0,0.0,0.0,0.0,0.0
1,0,1.0,0.0,0.0,0.0,0.0,0.0,0.0,0.0,0.0
1,0,1.0,0.0,0.0,0.0,0.0,0.0,0.0,0.0,0.0
1,0,1.0,0.0,0.0,0.0,0.0,0.0,0.0,0.0,0.0
1,0,1.0,0.0,0.0,0.0,0.0,0.0,0.0,0.0,0.0
1,0,1.0,0.0,0.0,0.0,0.0,0.0,0.0,0.0,0.0
1,0,1.0,0.0,0.0,0.0,0.0,0.0,0.0,0.0,0.0
1,0,1.0,0.0,0.0,0.0,0.0,0.0,0.0,0.0,0.0
1,0,1.0,0.0,0.0,0.0,0.0,0.0,0.0,0.0,0.0
1,0,1.0,0.0,0.0,0.0,0.0,0.0,0.0,0.0,0.0
1,0,1.0,0.0,0.0,0.0,0.0,0.0,0.0,0.0,0.0
1,0,1.0,0.0,0.0,0.0,0.0,0.0,0.0,0.0,0.0
1,0,1.0,0.0,0.0,0.0,0.0,0.0,0.0,0.0,0.0
1,0,1.0,0.0,0.0,0.0,0.0,0.0,0.0,0.0,0.0
1,0,1.0,0.0,0.0,0.0,0.0,0.0,0.0,0.0,0.0
1,0,1.0,0.0,0.0,0.0,0.0,0.0,0.0,0.0,0.0
1,0,1.0,0.0,0.0,0.0,0.0,0.0,0.0,0.0,0.0
1,0,1.0,0.0,0.0,0.0,0.0,0.0,0.0,0.0,0.0
1,0,1.0,0.0,0.0,0.0,0.0,0.0,0.0,0.0,0.0
1,0,1.0,0.0,0.0,0.0,0.0,0.0,0.0,0.0,0.0
1,0,1.0,0.0,0.0,0.0,0.0,0.0,0.0,0.0,0.0
1,0,1.0,0.0,0.0,0.0,0.0,0.0,0.0,0.0,0.0
1,0,1.0,0.0,0.0,0.0,0.0,0.0,0.0,0.0,0.0
1,0,1.0,0.0,0.0,0.0,0.0,0.0,0.0,0.0,0.0
1,0,1.0,0.0,0.0,0.0,0.0,0.0,0.0,0.0,0.0
1,0,1.0,0.0,0.0,0.0,0.0,0.0,0.0,0.0,0.0
1,0,1.0,0.0,0.0,0.0,0.0,0.0,0.0,0.0,0.0
1,0,1.0,0.0,0.0,0.0,0.0,0.0,0.0,0.0,0.0
1,0,1.0,0.0,0.0,0.0,0.0,0.0,0.0,0.0,0.0
1,0,1.0,0.0,0.0,0.0,0.0,0.0,0.0,0.0,0.0
1,0,1.0,0.0,0.0,0.0,0.0,0.0,0.0,0.0,0.0
1,0,1.0,0.0,0.0,0.0,0.0,0.0,0.0,0.0,0.0
1,0,1.0,0.0,0.0,0.0,0.0,0.0,0.0,0.0,0.0
1,0,1.0,0.0,0.0,0.0,0.0,0.0,0.0,0.0,0.0
1,0,1.0,0.0,0.0,0.0,0.0,0.0,0.0,0.0,0.0
1,0,1.0,0.0,0.0,0.0,0.0,0.0,0.0,0.0,0.0
1,0,1.0,0.0,0.0,0.0,0.0,0.0,0.0,0.0,0.0
1,0,1.0,0.0,0.0,0.0,0.0,0.0,0.0,0.0,0.0
1,0,1.0,0.0,0.0,0.0,0.0,0.0,0.0,0.0,0.0
1,0,1.0,0.0,0.0,0.0,0.0,0.0,0.0,0.0,0.0
1,0,1.0,0.0,0.0,0.0,0.0,0.0,0.0,0.0,0.0
1,0,1.0,0.0,0.0,0.0,0.0,0.0,0.0,0.0,0.0
1,0,1.0,0.0,0.0,0.0,0.0,0.0,0.0,0.0,0.0
1,0,1.0,0.0,0.0,0.0,0.0,0.0,0.0,0.0,0.0
1,0,1.0,0.0,0.0,0.0,0.0,0.0,0.0,0.0,0.0
1,0,1.0,0.0,0.0,0.0,0.0,0.0,0.0,0.0,0.0
1,0,1.0,0.0,0.0,0.0,0.0,0.0,0.0,0.0,0.0
1,0,1.0,0.0,0.0,0.0,0.0,0.0,0.0,0.0,0.0
1,0,1.0,0.0,0.0,0.0,0.0,0.0,0.0,0.0,0.0
1,0,1.0,0.0,0.0,0.0,0.0,0.0,0.0,0.0,0.0
1,0,1.0,0.0,0.0,0.0,0.0,0.0,0.0,0.0,0.0
1,0,1.0,0.0,0.0,0.0,0.0,0.0,0.0,0.0,0.0
1,0,1.0,0.0,0.0,0.0,0.0,0.0,0.0,0.0,0.0
1,0,1.0,0.0,0.0,0.0,0.0,0.0,0.0,0.0,0.0
1,0,1.0,0.0,0.0,0.0,0.0,0.0,0.0,0.0,0.0
1,0,1.0,0.0,0.0,0.0,0.0,0.0,0.0,0.0,0.0
1,0,1.0,0.0,0.0,0.0,0.0,0.0,0.0,0.0,0.0
1,0,1.0,0.0,0.0,0.0,0.0,0.0,0.0,0.0,0.0
1,0,1.0,0.0,0.0,0.0,0.0,0.0,0.0,0.0,0.0
1,0,1.0,0.0,0.0,0.0,0.0,0.0,0.0,0.0,0.0
1,0,1.0,0.0,0.0,0.0,0.0,0.0,0.0,0.0,0.0
1,0,1.0,0.0,0.0,0.0,0.0,0.0,0.0,0.0,0.0
1,0,1.0,0.0,0.0,0.0,0.0,0.0,0.0,0.0,0.0
1,0,1.0,0.0,0.0,0.0,0.0,0.0,0.0,0.0,0.0
1,0,1.0,0.0,0.0,0.0,0.0,0.0,0.0,0.0,0.0
1,0,1.0,0.0,0.0,0.0,0.0,0.0,0.0,0.0,0.0
1,0,1.0,0.0,0.0,0.0,0.0,0.0,0.0,0.0,0.0
1,0,1.0,0.0,0.0,0.0,0.0,0.0,0.0,0.0,0.0
1,0,1.0,0.0,0.0,0.0,0.0,0.0,0.0,0.0,0.0
1,0,1.0,0.0,0.0,0.0,0.0,0.0,0.0,0.0,0.0
1,0,1.0,0.0,0.0,0.0,0.0,0.0,0.0,0.0,0.0
1,0,1.0,0.0,0.0,0.0,0.0,0.0,0.0,0.0,0.0
1,0,1.0,0.0,0.0,0.0,0.0,0.0,0.0,0.0,0.0
1,0,1.0,0.0,0.0,0.0,0.0,0.0,0.0,0.0,0.0
1,0,1.0,0.0,0.0,0.0,0.0,0.0,0.0,0.0,0.0
1,0,1.0,0.0,0.0,0.0,0.0,0.0,0.0,0.0,0.0
1,0,1.0,0.0,0.0,0.0,0.0,0.0,0.0,0.0,0.0
1,0,1.0,0.0,0.0,0.0,0.0,0.0,0.0,0.0,0.0
1,0,1.0,0.0,0.0,0.0,0.0,0.0,0.0,0.0,0.0
1,0,1.0,0.0,0.0,0.0,0.0,0.0,0.0,0.0,0.0
1,0,1.0,0.0,0.0,0.0,0.0,0.0,0.0,0.0,0.0
1,0,1.0,0.0,0.0,0.0,0.0,0.0,0.0,0.0,0.0
1,0,1.0,0.0,0.0,0.0,0.0,0.0,0.0,0.0,0.0
1,0,1.0,0.0,0.0,0.0,0.0,0.0,0.0,0.0,0.0
1,0,1.0,0.0,0.0,0.0,0.0,0.0,0.0,0.0,0.0
1,0,1.0,0.0,0.0,0.0,0.0,0.0,0.0,0.0,0.0
1,0,1.0,0.0,0.0,0.0,0.0,0.0,0.0,0.0,0.0
1,0,1.0,0.0,0.0,0.0,0.0,0.0,0.0,0.0,0.0
1,0,1.0,0.0,0.0,0.0,0.0,0.0,0.0,0.0,0.0
1,0,1.0,0.0,0.0,0.0,0.0,0.0,0.0,0.0,0.0
1,0,1.0,0.0,0.0,0.0,0.0,0.0,0.0,0.0,0.0
1,0,1.0,0.0,0.0,0.0,0.0,0.0,0.0,0.0,0.0
1,0,1.0,0.0,0.0,0.0,0.0,0.0,0.0,0.0,0.0
1,0,1.0,0.0,0.0,0.0,0.0,0.0,0.0,0.0,0.0
1,0,1.0,0.0,0.0,0.0,0.0,0.0,0.0,0.0,0.0
1,0,1.0,0.0,0.0,0.0,0.0,0.0,0.0,0.0,0.0
1,0,1.0,0.0,0.0,0.0,0.0,0.0,0.0,0.0,0.0
1,0,1.0,0.0,0.0,0.0,0.0,0.0,0.0,0.0,0.0
1,0,1.0,0.0,0.0,0.0,0.0,0.0,0.0,0.0,0.0
1,0,1.0,0.0,0.0,0.0,0.0,0.0,0.0,0.0,0.0
1,0,1.0,0.0,0.0,0.0,0.0,0.0,0.0,0.0,0.0
1,0,1.0,0.0,0.0,0.0,0.0,0.0,0.0,0.0,0.0
1,0,1.0,0.0,0.0,0.0,0.0,0.0,0.0,0.0,0.0
1,0,1.0,0.0,0.0,0.0,0.0,0.0,0.0,0.0,0.0
1,0,1.0,0.0,0.0,0.0,0.0,0.0,0.0,0.0,0.0
1,0,1.0,0.0,0.0,0.0,0.0,0.0,0.0,0.0,0.0
1,0,1.0,0.0,0.0,0.0,0.0,0.0,0.0,0.0,0.0
1,0,1.0,0.0,0.0,0.0,0.0,0.0,0.0,0.0,0.0
1,0,1.0,0.0,0.0,0.0,0.0,0.0,0.0,0.0,0.0
1,0,1.0,0.0,0.0,0.0,0.0,0.0,0.0,0.0,0.0
1,0,1.0,0.0,0.0,0.0,0.0,0.0,0.0,0.0,0.0
1,0,1.0,0.0,0.0,0.0,0.0,0.0,0.0,0.0,0.0
1,0,1.0,0.0,0.0,0.0,0.0,0.0,0.0,0.0,0.0
1,0,1.0,0.0,0.0,0.0,0.0,0.0,0.0,0.0,0.0
1,0,1.0,0.0,0.0,0.0,0.0,0.0,0.0,0.0,0.0
1,0,1.0,0.0,0.0,0.0,0.0,0.0,0.0,0.0,0.0
1,0,1.0,0.0,0.0,0.0,0.0,0.0,0.0,0.0,0.0
1,0,1.0,0.0,0.0,0.0,0.0,0.0,0.0,0.0,0.0
1,0,1.0,0.0,0.0,0.0,0.0,0.0,0.0,0.0,0.0
1,0,1.0,0.0,0.0,0.0,0.0,0.0,0.0,0.0,0.0
1,0,1.0,0.0,0.0,0.0,0.0,0.0,0.0,0.0,0.0
1,0,1.0,0.0,0.0,0.0,0.0,0.0,0.0,0.0,0.0
1,0,1.0,0.0,0.0,0.0,0.0,0.0,0.0,0.0,0.0
1,0,1.0,0.0,0.0,0.0,0.0,0.0,0.0,0.0,0.0
1,0,1.0,0.0,0.0,0.0,0.0,0.0,0.0,0.0,0.0
1,0,1.0,0.0,0.0,0.0,0.0,0.0,0.0,0.0,0.0
1,0,1.0,0.0,0.0,0.0,0.0,0.0,0.0,0.0,0.0
1,0,1.0,0.0,0.0,0.0,0.0,0.0,0.0,0.0,0.0
1,0,1.0,0.0,0.0,0.0,0.0,0.0,0.0,0.0,0.0
1,0,1.0,0.0,0.0,0.0,0.0,0.0,0.0,0.0,0.0
1,0,1.0,0.0,0.0,0.0,0.0,0.0,0.0,0.0,0.0
1,0,1.0,0.0,0.0,0.0,0.0,0.0,0.0,0.0,0.0
1,0,1.0,0.0,0.0,0.0,0.0,0.0,0.0,0.0,0.0
1,0,1.0,0.0,0.0,0.0,0.0,0.0,0.0,0.0,0.0
1,0,1.0,0.0,0.0,0.0,0.0,0.0,0.0,0.0,0.0
1,0,1.0,0.0,0.0,0.0,0.0,0.0,0.0,0.0,0.0
1,0,1.0,0.0,0.0,0.0,0.0,0.0,0.0,0.0,0.0
1,0,1.0,0.0,0.0,0.0,0.0,0.0,0.0,0.0,0.0
1,0,1.0,0.0,0.0,0.0,0.0,0.0,0.0,0.0,0.0
1,0,1.0,0.0,0.0,0.0,0.0,0.0,0.0,0.0,0.0
1,0,1.0,0.0,0.0,0.0,0.0,0.0,0.0,0.0,0.0
1,0,1.0,0.0,0.0,0.0,0.0,0.0,0.0,0.0,0.0
1,0,1.0,0.0,0.0,0.0,0.0,0.0,0.0,0.0,0.0
1,0,1.0,0.0,0.0,0.0,0.0,0.0,0.0,0.0,0.0
1,0,1.0,0.0,0.0,0.0,0.0,0.0,0.0,0.0,0.0
1,0,1.0,0.0,0.0,0.0,0.0,0.0,0.0,0.0,0.0
1,0,1.0,0.0,0.0,0.0,0.0,0.0,0.0,0.0,0.0
1,0,1.0,0.0,0.0,0.0,0.0,0.0,0.0,0.0,0.0
1,0,1.0,0.0,0.0,0.0,0.0,0.0,0.0,0.0,0.0
1,0,1.0,0.0,0.0,0.0,0.0,0.0,0.0,0.0,0.0
1,0,1.0,0.0,0.0,0.0,0.0,0.0,0.0,0.0,0.0
1,0,1.0,0.0,0.0,0.0,0.0,0.0,0.0,0.0,0.0
1,0,1.0,0.0,0.0,0.0,0.0,0.0,0.0,0.0,0.0
1,0,1.0,0.0,0.0,0.0,0.0,0.0,0.0,0.0,0.0
1,0,1.0,0.0,0.0,0.0,0.0,0.0,0.0,0.0,0.0
1,0,1.0,0.0,0.0,0.0,0.0,0.0,0.0,0.0,0.0
1,0,1.0,0.0,0.0,0.0,0.0,0.0,0.0,0.0,0.0
1,0,1.0,0.0,0.0,0.0,0.0,0.0,0.0,0.0,0.0
1,0,1.0,0.0,0.0,0.0,0.0,0.0,0.0,0.0,0.0
1,0,1.0,0.0,0.0,0.0,0.0,0.0,0.0,0.0,0.0
1,0,1.0,0.0,0.0,0.0,0.0,0.0,0.0,0.0,0.0
1,0,1.0,0.0,0.0,0.0,0.0,0.0,0.0,0.0,0.0
1,0,1.0,0.0,0.0,0.0,0.0,0.0,0.0,0.0,0.0
1,0,1.0,0.0,0.0,0.0,0.0,0.0,0.0,0.0,0.0
1,0,1.0,0.0,0.0,0.0,0.0,0.0,0.0,0.0,0.0
1,0,1.0,0.0,0.0,0.0,0.0,0.0,0.0,0.0,0.0
1,0,1.0,0.0,0.0,0.0,0.0,0.0,0.0,0.0,0.0
1,0,1.0,0.0,0.0,0.0,0.0,0.0,0.0,0.0,0.0
1,0,1.0,0.0,0.0,0.0,0.0,0.0,0.0,0.0,0.0
1,0,1.0,0.0,0.0,0.0,0.0,0.0,0.0,0.0,0.0
1,0,1.0,0.0,0.0,0.0,0.0,0.0,0.0,0.0,0.0
1,0,1.0,0.0,0.0,0.0,0.0,0.0,0.0,0.0,0.0
1,0,1.0,0.0,0.0,0.0,0.0,0.0,0.0,0.0,0.0
1,0,1.0,0.0,0.0,0.0,0.0,0.0,0.0,0.0,0.0
1,0,1.0,0.0,0.0,0.0,0.0,0.0,0.0,0.0,0.0
1,0,1.0,0.0,0.0,0.0,0.0,0.0,0.0,0.0,0.0
1,0,1.0,0.0,0.0,0.0,0.0,0.0,0.0,0.0,0.0
1,0,1.0,0.0,0.0,0.0,0.0,0.0,0.0,0.0,0.0
1,0,1.0,0.0,0.0,0.0,0.0,0.0,0.0,0.0,0.0
1,0,1.0,0.0,0.0,0.0,0.0,0.0,0.0,0.0,0.0
1,0,1.0,0.0,0.0,0.0,0.0,0.0,0.0,0.0,0.0
1,0,1.0,0.0,0.0,0.0,0.0,0.0,0.0,0.0,0.0
1,0,1.0,0.0,0.0,0.0,0.0,0.0,0.0,0.0,0.0
1,0,1.0,0.0,0.0,0.0,0.0,0.0,0.0,0.0,0.0
1,0,1.0,0.0,0.0,0.0,0.0,0.0,0.0,0.0,0.0
1,0,1.0,0.0,0.0,0.0,0.0,0.0,0.0,0.0,0.0
1,0,1.0,0.0,0.0,0.0,0.0,0.0,0.0,0.0,0.0
1,0,1.0,0.0,0.0,0.0,0.0,0.0,0.0,0.0,0.0
1,0,1.0,0.0,0.0,0.0,0.0,0.0,0.0,0.0,0.0
1,0,1.0,0.0,0.0,0.0,0.0,0.0,0.0,0.0,0.0
1,0,1.0,0.0,0.0,0.0,0.0,0.0,0.0,0.0,0.0
1,0,1.0,0.0,0.0,0.0,0.0,0.0,0.0,0.0,0.0
1,0,1.0,0.0,0.0,0.0,0.0,0.0,0.0,0.0,0.0
1,0,1.0,0.0,0.0,0.0,0.0,0.0,0.0,0.0,0.0
1,0,1.0,0.0,0.0,0.0,0.0,0.0,0.0,0.0,0.0
1,0,1.0,0.0,0.0,0.0,0.0,0.0,0.0,0.0,0.0
1,0,1.0,0.0,0.0,0.0,0.0,0.0,0.0,0.0,0.0
1,0,1.0,0.0,0.0,0.0,0.0,0.0,0.0,0.0,0.0
1,0,1.0,0.0,0.0,0.0,0.0,0.0,0.0,0.0,0.0
1,0,1.0,0.0,0.0,0.0,0.0,0.0,0.0,0.0,0.0
1,0,1.0,0.0,0.0,0.0,0.0,0.0,0.0,0.0,0.0
1,0,1.0,0.0,0.0,0.0,0.0,0.0,0.0,0.0,0.0
1,0,1.0,0.0,0.0,0.0,0.0,0.0,0.0,0.0,0.0
1,0,1.0,0.0,0.0,0.0,0.0,0.0,0.0,0.0,0.0
1,0,1.0,0.0,0.0,0.0,0.0,0.0,0.0,0.0,0.0
1,0,1.0,0.0,0.0,0.0,0.0,0.0,0.0,0.0,0.0
1,0,1.0,0.0,0.0,0.0,0.0,0.0,0.0,0.0,0.0
1,0,1.0,0.0,0.0,0.0,0.0,0.0,0.0,0.0,0.0
1,0,1.0,0.0,0.0,0.0,0.0,0.0,0.0,0.0,0.0
1,0,1.0,0.0,0.0,0.0,0.0,0.0,0.0,0.0,0.0
1,0,1.0,0.0,0.0,0.0,0.0,0.0,0.0,0.0,0.0
1,0,1.0,0.0,0.0,0.0,0.0,0.0,0.0,0.0,0.0
1,0,1.0,0.0,0.0,0.0,0.0,0.0,0.0,0.0,0.0
1,0,1.0,0.0,0.0,0.0,0.0,0.0,0.0,0.0,0.0
1,0,1.0,0.0,0.0,0.0,0.0,0.0,0.0,0.0,0.0
1,0,1.0,0.0,0.0,0.0,0.0,0.0,0.0,0.0,0.0
1,0,1.0,0.0,0.0,0.0,0.0,0.0,0.0,0.0,0.0
1,0,1.0,0.0,0.0,0.0,0.0,0.0,0.0,0.0,0.0
1,0,1.0,0.0,0.0,0.0,0.0,0.0,0.0,0.0,0.0
1,0,1.0,0.0,0.0,0.0,0.0,0.0,0.0,0.0,0.0
1,0,1.0,0.0,0.0,0.0,0.0,0.0,0.0,0.0,0.0
1,0,1.0,0.0,0.0,0.0,0.0,0.0,0.0,0.0,0.0
1,0,1.0,0.0,0.0,0.0,0.0,0.0,0.0,0.0,0.0
1,0,1.0,0.0,0.0,0.0,0.0,0.0,0.0,0.0,0.0
1,0,1.0,0.0,0.0,0.0,0.0,0.0,0.0,0.0,0.0
1,0,1.0,0.0,0.0,0.0,0.0,0.0,0.0,0.0,0.0
1,0,1.0,0.0,0.0,0.0,0.0,0.0,0.0,0.0,0.0
1,0,1.0,0.0,0.0,0.0,0.0,0.0,0.0,0.0,0.0
1,0,1.0,0.0,0.0,0.0,0.0,0.0,0.0,0.0,0.0
1,0,1.0,0.0,0.0,0.0,0.0,0.0,0.0,0.0,0.0
1,0,1.0,0.0,0.0,0.0,0.0,0.0,0.0,0.0,0.0
1,0,1.0,0.0,0.0,0.0,0.0,0.0,0.0,0.0,0.0
1,0,1.0,0.0,0.0,0.0,0.0,0.0,0.0,0.0,0.0
1,0,1.0,0.0,0.0,0.0,0.0,0.0,0.0,0.0,0.0
1,0,1.0,0.0,0.0,0.0,0.0,0.0,0.0,0.0,0.0
1,0,1.0,0.0,0.0,0.0,0.0,0.0,0.0,0.0,0.0
1,0,1.0,0.0,0.0,0.0,0.0,0.0,0.0,0.0,0.0
1,0,1.0,0.0,0.0,0.0,0.0,0.0,0.0,0.0,0.0
1,0,1.0,0.0,0.0,0.0,0.0,0.0,0.0,0.0,0.0
1,0,1.0,0.0,0.0,0.0,0.0,0.0,0.0,0.0,0.0
1,0,1.0,0.0,0.0,0.0,0.0,0.0,0.0,0.0,0.0
1,0,1.0,0.0,0.0,0.0,0.0,0.0,0.0,0.0,0.0
1,0,1.0,0.0,0.0,0.0,0.0,0.0,0.0,0.0,0.0
1,0,1.0,0.0,0.0,0.0,0.0,0.0,0.0,0.0,0.0
1,0,1.0,0.0,0.0,0.0,0.0,0.0,0.0,0.0,0.0
1,0,1.0,0.0,0.0,0.0,0.0,0.0,0.0,0.0,0.0
1,0,1.0,0.0,0.0,0.0,0.0,0.0,0.0,0.0,0.0
1,0,1.0,0.0,0.0,0.0,0.0,0.0,0.0,0.0,0.0
1,0,1.0,0.0,0.0,0.0,0.0,0.0,0.0,0.0,0.0
1,0,1.0,0.0,0.0,0.0,0.0,0.0,0.0,0.0,0.0
1,0,1.0,0.0,0.0,0.0,0.0,0.0,0.0,0.0,0.0
1,0,1.0,0.0,0.0,0.0,0.0,0.0,0.0,0.0,0.0
1,0,1.0,0.0,0.0,0.0,0.0,0.0,0.0,0.0,0.0
1,0,1.0,0.0,0.0,0.0,0.0,0.0,0.0,0.0,0.0
1,0,1.0,0.0,0.0,0.0,0.0,0.0,0.0,0.0,0.0
1,0,1.0,0.0,0.0,0.0,0.0,0.0,0.0,0.0,0.0
1,0,1.0,0.0,0.0,0.0,0.0,0.0,0.0,0.0,0.0
1,0,1.0,0.0,0.0,0.0,0.0,0.0,0.0,0.0,0.0
1,0,1.0,0.0,0.0,0.0,0.0,0.0,0.0,0.0,0.0
1,0,1.0,0.0,0.0,0.0,0.0,0.0,0.0,0.0,0.0
1,0,1.0,0.0,0.0,0.0,0.0,0.0,0.0,0.0,0.0
1,0,1.0,0.0,0.0,0.0,0.0,0.0,0.0,0.0,0.0
1,0,1.0,0.0,0.0,0.0,0.0,0.0,0.0,0.0,0.0
1,0,1.0,0.0,0.0,0.0,0.0,0.0,0.0,0.0,0.0
1,0,1.0,0.0,0.0,0.0,0.0,0.0,0.0,0.0,0.0
1,0,1.0,0.0,0.0,0.0,0.0,0.0,0.0,0.0,0.0
1,0,1.0,0.0,0.0,0.0,0.0,0.0,0.0,0.0,0.0
1,0,1.0,0.0,0.0,0.0,0.0,0.0,0.0,0.0,0.0
1,0,1.0,0.0,0.0,0.0,0.0,0.0,0.0,0.0,0.0
1,0,1.0,0.0,0.0,0.0,0.0,0.0,0.0,0.0,0.0
1,0,1.0,0.0,0.0,0.0,0.0,0.0,0.0,0.0,0.0
1,0,1.0,0.0,0.0,0.0,0.0,0.0,0.0,0.0,0.0
1,0,1.0,0.0,0.0,0.0,0.0,0.0,0.0,0.0,0.0
1,0,1.0,0.0,0.0,0.0,0.0,0.0,0.0,0.0,0.0
1,0,1.0,0.0,0.0,0.0,0.0,0.0,0.0,0.0,0.0
1,0,1.0,0.0,0.0,0.0,0.0,0.0,0.0,0.0,0.0
1,0,1.0,0.0,0.0,0.0,0.0,0.0,0.0,0.0,0.0
1,0,1.0,0.0,0.0,0.0,0.0,0.0,0.0,0.0,0.0
1,0,1.0,0.0,0.0,0.0,0.0,0.0,0.0,0.0,0.0
1,0,1.0,0.0,0.0,0.0,0.0,0.0,0.0,0.0,0.0
1,0,1.0,0.0,0.0,0.0,0.0,0.0,0.0,0.0,0.0
1,0,1.0,0.0,0.0,0.0,0.0,0.0,0.0,0.0,0.0
1,0,1.0,0.0,0.0,0.0,0.0,0.0,0.0,0.0,0.0
1,0,1.0,0.0,0.0,0.0,0.0,0.0,0.0,0.0,0.0
1,0,1.0,0.0,0.0,0.0,0.0,0.0,0.0,0.0,0.0
1,0,1.0,0.0,0.0,0.0,0.0,0.0,0.0,0.0,0.0
1,0,1.0,0.0,0.0,0.0,0.0,0.0,0.0,0.0,0.0
1,0,1.0,0.0,0.0,0.0,0.0,0.0,0.0,0.0,0.0
1,0,1.0,0.0,0.0,0.0,0.0,0.0,0.0,0.0,0.0
1,0,1.0,0.0,0.0,0.0,0.0,0.0,0.0,0.0,0.0
1,0,1.0,0.0,0.0,0.0,0.0,0.0,0.0,0.0,0.0
1,0,1.0,0.0,0.0,0.0,0.0,0.0,0.0,0.0,0.0
1,0,1.0,0.0,0.0,0.0,0.0,0.0,0.0,0.0,0.0
1,0,1.0,0.0,0.0,0.0,0.0,0.0,0.0,0.0,0.0
1,0,1.0,0.0,0.0,0.0,0.0,0.0,0.0,0.0,0.0
1,0,1.0,0.0,0.0,0.0,0.0,0.0,0.0,0.0,0.0
1,0,1.0,0.0,0.0,0.0,0.0,0.0,0.0,0.0,0.0
1,0,1.0,0.0,0.0,0.0,0.0,0.0,0.0,0.0,0.0
1,0,1.0,0.0,0.0,0.0,0.0,0.0,0.0,0.0,0.0
1,0,1.0,0.0,0.0,0.0,0.0,0.0,0.0,0.0,0.0
1,0,1.0,0.0,0.0,0.0,0.0,0.0,0.0,0.0,0.0
1,0,1.0,0.0,0.0,0.0,0.0,0.0,0.0,0.0,0.0
1,0,1.0,0.0,0.0,0.0,0.0,0.0,0.0,0.0,0.0
1,0,1.0,0.0,0.0,0.0,0.0,0.0,0.0,0.0,0.0
1,0,1.0,0.0,0.0,0.0,0.0,0.0,0.0,0.0,0.0
1,0,1.0,0.0,0.0,0.0,0.0,0.0,0.0,0.0,0.0
1,0,1.0,0.0,0.0,0.0,0.0,0.0,0.0,0.0,0.0
1,0,1.0,0.0,0.0,0.0,0.0,0.0,0.0,0.0,0.0
1,0,1.0,0.0,0.0,0.0,0.0,0.0,0.0,0.0,0.0
1,0,1.0,0.0,0.0,0.0,0.0,0.0,0.0,0.0,0.0
1,0,1.0,0.0,0.0,0.0,0.0,0.0,0.0,0.0,0.0
1,0,1.0,0.0,0.0,0.0,0.0,0.0,0.0,0.0,0.0
1,0,1.0,0.0,0.0,0.0,0.0,0.0,0.0,0.0,0.0
1,0,1.0,0.0,0.0,0.0,0.0,0.0,0.0,0.0,0.0
1,0,1.0,0.0,0.0,0.0,0.0,0.0,0.0,0.0,0.0
1,0,1.0,0.0,0.0,0.0,0.0,0.0,0.0,0.0,0.0
1,0,1.0,0.0,0.0,0.0,0.0,0.0,0.0,0.0,0.0
1,0,1.0,0.0,0.0,0.0,0.0,0.0,0.0,0.0,0.0
1,0,1.0,0.0,0.0,0.0,0.0,0.0,0.0,0.0,0.0
1,0,1.0,0.0,0.0,0.0,0.0,0.0,0.0,0.0,0.0
1,0,1.0,0.0,0.0,0.0,0.0,0.0,0.0,0.0,0.0
1,0,1.0,0.0,0.0,0.0,0.0,0.0,0.0,0.0,0.0
1,0,1.0,0.0,0.0,0.0,0.0,0.0,0.0,0.0,0.0
1,0,1.0,0.0,0.0,0.0,0.0,0.0,0.0,0.0,0.0
1,0,1.0,0.0,0.0,0.0,0.0,0.0,0.0,0.0,0.0
1,0,1.0,0.0,0.0,0.0,0.0,0.0,0.0,0.0,0.0
1,0,1.0,0.0,0.0,0.0,0.0,0.0,0.0,0.0,0.0
1,0,1.0,0.0,0.0,0.0,0.0,0.0,0.0,0.0,0.0
1,0,1.0,0.0,0.0,0.0,0.0,0.0,0.0,0.0,0.0
1,0,1.0,0.0,0.0,0.0,0.0,0.0,0.0,0.0,0.0
1,0,1.0,0.0,0.0,0.0,0.0,0.0,0.0,0.0,0.0
1,0,1.0,0.0,0.0,0.0,0.0,0.0,0.0,0.0,0.0
1,0,1.0,0.0,0.0,0.0,0.0,0.0,0.0,0.0,0.0
1,0,1.0,0.0,0.0,0.0,0.0,0.0,0.0,0.0,0.0
1,0,1.0,0.0,0.0,0.0,0.0,0.0,0.0,0.0,0.0
1,0,1.0,0.0,0.0,0.0,0.0,0.0,0.0,0.0,0.0
1,0,1.0,0.0,0.0,0.0,0.0,0.0,0.0,0.0,0.0
1,0,1.0,0.0,0.0,0.0,0.0,0.0,0.0,0.0,0.0
1,0,1.0,0.0,0.0,0.0,0.0,0.0,0.0,0.0,0.0
1,0,1.0,0.0,0.0,0.0,0.0,0.0,0.0,0.0,0.0
1,0,1.0,0.0,0.0,0.0,0.0,0.0,0.0,0.0,0.0
1,0,1.0,0.0,0.0,0.0,0.0,0.0,0.0,0.0,0.0
1,0,1.0,0.0,0.0,0.0,0.0,0.0,0.0,0.0,0.0
1,0,1.0,0.0,0.0,0.0,0.0,0.0,0.0,0.0,0.0
1,0,1.0,0.0,0.0,0.0,0.0,0.0,0.0,0.0,0.0
1,0,1.0,0.0,0.0,0.0,0.0,0.0,0.0,0.0,0.0
1,0,1.0,0.0,0.0,0.0,0.0,0.0,0.0,0.0,0.0
1,0,1.0,0.0,0.0,0.0,0.0,0.0,0.0,0.0,0.0
1,0,1.0,0.0,0.0,0.0,0.0,0.0,0.0,0.0,0.0
1,0,1.0,0.0,0.0,0.0,0.0,0.0,0.0,0.0,0.0
1,0,1.0,0.0,0.0,0.0,0.0,0.0,0.0,0.0,0.0
1,0,1.0,0.0,0.0,0.0,0.0,0.0,0.0,0.0,0.0
1,0,1.0,0.0,0.0,0.0,0.0,0.0,0.0,0.0,0.0
1,0,1.0,0.0,0.0,0.0,0.0,0.0,0.0,0.0,0.0
1,0,1.0,0.0,0.0,0.0,0.0,0.0,0.0,0.0,0.0
1,0,1.0,0.0,0.0,0.0,0.0,0.0,0.0,0.0,0.0
1,0,1.0,0.0,0.0,0.0,0.0,0.0,0.0,0.0,0.0
1,0,1.0,0.0,0.0,0.0,0.0,0.0,0.0,0.0,0.0
1,0,1.0,0.0,0.0,0.0,0.0,0.0,0.0,0.0,0.0
1,0,1.0,0.0,0.0,0.0,0.0,0.0,0.0,0.0,0.0
1,0,1.0,0.0,0.0,0.0,0.0,0.0,0.0,0.0,0.0
1,0,1.0,0.0,0.0,0.0,0.0,0.0,0.0,0.0,0.0
1,0,1.0,0.0,0.0,0.0,0.0,0.0,0.0,0.0,0.0
1,0,1.0,0.0,0.0,0.0,0.0,0.0,0.0,0.0,0.0
1,0,0.93763447,0.062365558,0.0,0.0,0.0,0.0,0.0,0.0,0.0
1,0,0.93763447,0.062365558,0.0,0.0,0.0,0.0,0.0,0.0,0.0
1,0,0.93763447,0.062365558,0.0,0.0,0.0,0.0,0.0,0.0,0.0
1,0,0.93763447,0.062365558,0.0,0.0,0.0,0.0,0.0,0.0,0.0
1,0,0.93763447,0.062365558,0.0,0.0,0.0,0.0,0.0,0.0,0.0
1,0,0.93763447,0.062365558,0.0,0.0,0.0,0.0,0.0,0.0,0.0
1,0,0.93763447,0.062365558,0.0,0.0,0.0,0.0,0.0,0.0,0.0
1,0,0.93763447,0.062365558,0.0,0.0,0.0,0.0,0.0,0.0,0.0
1,0,0.93763447,0.062365558,0.0,0.0,0.0,0.0,0.0,0.0,0.0
1,0,0.93763447,0.062365558,0.0,0.0,0.0,0.0,0.0,0.0,0.0
1,0,0.93763447,0.062365558,0.0,0.0,0.0,0.0,0.0,0.0,0.0
1,0,0.93763447,0.062365558,0.0,0.0,0.0,0.0,0.0,0.0,0.0
1,0,0.93763447,0.062365558,0.0,0.0,0.0,0.0,0.0,0.0,0.0
1,0,0.93763447,0.062365558,0.0,0.0,0.0,0.0,0.0,0.0,0.0
1,0,0.93763447,0.062365558,0.0,0.0,0.0,0.0,0.0,0.0,0.0
1,0,0.93763447,0.062365558,0.0,0.0,0.0,0.0,0.0,0.0,0.0
1,0,0.93763447,0.062365558,0.0,0.0,0.0,0.0,0.0,0.0,0.0
1,0,0.93763447,0.062365558,0.0,0.0,0.0,0.0,0.0,0.0,0.0
1,0,0.93763447,0.062365558,0.0,0.0,0.0,0.0,0.0,0.0,0.0
1,0,0.93763447,0.062365558,0.0,0.0,0.0,0.0,0.0,0.0,0.0
1,0,0.93763447,0.062365558,0.0,0.0,0.0,0.0,0.0,0.0,0.0
1,0,0.93763447,0.062365558,0.0,0.0,0.0,0.0,0.0,0.0,0.0
1,0,0.93763447,0.062365558,0.0,0.0,0.0,0.0,0.0,0.0,0.0
1,0,0.93763447,0.062365558,0.0,0.0,0.0,0.0,0.0,0.0,0.0
1,0,0.93763447,0.062365558,0.0,0.0,0.0,0.0,0.0,0.0,0.0
1,0,0.93763447,0.062365558,0.0,0.0,0.0,0.0,0.0,0.0,0.0
1,0,0.93763447,0.062365558,0.0,0.0,0.0,0.0,0.0,0.0,0.0
1,0,0.93763447,0.062365558,0.0,0.0,0.0,0.0,0.0,0.0,0.0
1,0,0.93763447,0.062365558,0.0,0.0,0.0,0.0,0.0,0.0,0.0
1,0,0.93763447,0.062365558,0.0,0.0,0.0,0.0,0.0,0.0,0.0
1,0,0.93763447,0.062365558,0.0,0.0,0.0,0.0,0.0,0.0,0.0
1,0,0.93763447,0.062365558,0.0,0.0,0.0,0.0,0.0,0.0,0.0
1,0,0.93763447,0.062365558,0.0,0.0,0.0,0.0,0.0,0.0,0.0
1,0,0.93763447,0.062365558,0.0,0.0,0.0,0.0,0.0,0.0,0.0
1,0,0.93763447,0.062365558,0.0,0.0,0.0,0.0,0.0,0.0,0.0
1,0,0.93763447,0.062365558,0.0,0.0,0.0,0.0,0.0,0.0,0.0
1,0,0.93763447,0.062365558,0.0,0.0,0.0,0.0,0.0,0.0,0.0
1,0,0.93763447,0.062365558,0.0,0.0,0.0,0.0,0.0,0.0,0.0
1,0,0.93763447,0.062365558,0.0,0.0,0.0,0.0,0.0,0.0,0.0
1,0,0.93763447,0.062365558,0.0,0.0,0.0,0.0,0.0,0.0,0.0
1,0,0.93763447,0.062365558,0.0,0.0,0.0,0.0,0.0,0.0,0.0
1,0,0.93763447,0.062365558,0.0,0.0,0.0,0.0,0.0,0.0,0.0
1,0,0.93763447,0.062365558,0.0,0.0,0.0,0.0,0.0,0.0,0.0
1,0,0.93763447,0.062365558,0.0,0.0,0.0,0.0,0.0,0.0,0.0
1,0,0.93763447,0.062365558,0.0,0.0,0.0,0.0,0.0,0.0,0.0
1,0,0.93763447,0.062365558,0.0,0.0,0.0,0.0,0.0,0.0,0.0
1,0,0.93763447,0.062365558,0.0,0.0,0.0,0.0,0.0,0.0,0.0
1,0,0.93763447,0.062365558,0.0,0.0,0.0,0.0,0.0,0.0,0.0
1,0,0.93763447,0.062365558,0.0,0.0,0.0,0.0,0.0,0.0,0.0
1,0,0.93763447,0.062365558,0.0,0.0,0.0,0.0,0.0,0.0,0.0
1,0,0.93763447,0.062365558,0.0,0.0,0.0,0.0,0.0,0.0,0.0
1,0,0.93763447,0.062365558,0.0,0.0,0.0,0.0,0.0,0.0,0.0
1,0,0.93763447,0.062365558,0.0,0.0,0.0,0.0,0.0,0.0,0.0
1,0,0.93763447,0.062365558,0.0,0.0,0.0,0.0,0.0,0.0,0.0
1,0,0.93763447,0.062365558,0.0,0.0,0.0,0.0,0.0,0.0,0.0
1,0,0.93763447,0.062365558,0.0,0.0,0.0,0.0,0.0,0.0,0.0
1,0,0.93763447,0.062365558,0.0,0.0,0.0,0.0,0.0,0.0,0.0
1,0,0.93763447,0.062365558,0.0,0.0,0.0,0.0,0.0,0.0,0.0
1,0,0.93763447,0.062365558,0.0,0.0,0.0,0.0,0.0,0.0,0.0
1,0,0.93763447,0.062365558,0.0,0.0,0.0,0.0,0.0,0.0,0.0
1,0,0.93763447,0.062365558,0.0,0.0,0.0,0.0,0.0,0.0,0.0
1,0,0.93763447,0.062365558,0.0,0.0,0.0,0.0,0.0,0.0,0.0
1,0,0.93763447,0.062365558,0.0,0.0,0.0,0.0,0.0,0.0,0.0
1,0,0.93763447,0.062365558,0.0,0.0,0.0,0.0,0.0,0.0,0.0
1,0,0.93763447,0.062365558,0.0,0.0,0.0,0.0,0.0,0.0,0.0
1,0,0.93763447,0.062365558,0.0,0.0,0.0,0.0,0.0,0.0,0.0
1,0,0.93763447,0.062365558,0.0,0.0,0.0,0.0,0.0,0.0,0.0
1,0,0.93763447,0.062365558,0.0,0.0,0.0,0.0,0.0,0.0,0.0
1,0,0.93763447,0.062365558,0.0,0.0,0.0,0.0,0.0,0.0,0.0
1,0,0.93763447,0.062365558,0.0,0.0,0.0,0.0,0.0,0.0,0.0
1,0,0.93763447,0.062365558,0.0,0.0,0.0,0.0,0.0,0.0,0.0
1,0,0.93763447,0.062365558,0.0,0.0,0.0,0.0,0.0,0.0,0.0
1,0,0.93763447,0.062365558,0.0,0.0,0.0,0.0,0.0,0.0,0.0
1,0,0.93763447,0.062365558,0.0,0.0,0.0,0.0,0.0,0.0,0.0
1,0,0.93763447,0.062365558,0.0,0.0,0.0,0.0,0.0,0.0,0.0
1,0,0.93763447,0.062365558,0.0,0.0,0.0,0.0,0.0,0.0,0.0
1,0,0.93763447,0.062365558,0.0,0.0,0.0,0.0,0.0,0.0,0.0
1,0,0.93763447,0.062365558,0.0,0.0,0.0,0.0,0.0,0.0,0.0
1,0,0.93763447,0.062365558,0.0,0.0,0.0,0.0,0.0,0.0,0.0
1,0,0.93763447,0.062365558,0.0,0.0,0.0,0.0,0.0,0.0,0.0
1,0,0.93763447,0.062365558,0.0,0.0,0.0,0.0,0.0,0.0,0.0
1,0,0.93763447,0.062365558,0.0,0.0,0.0,0.0,0.0,0.0,0.0
1,0,0.93763447,0.062365558,0.0,0.0,0.0,0.0,0.0,0.0,0.0
1,0,0.93763447,0.062365558,0.0,0.0,0.0,0.0,0.0,0.0,0.0
1,0,0.93763447,0.062365558,0.0,0.0,0.0,0.0,0.0,0.0,0.0
1,0,0.93763447,0.062365558,0.0,0.0,0.0,0.0,0.0,0.0,0.0
1,0,0.93763447,0.062365558,0.0,0.0,0.0,0.0,0.0,0.0,0.0
1,0,0.93763447,0.062365558,0.0,0.0,0.0,0.0,0.0,0.0,0.0
1,0,1.0,0.0,0.0,0.0,0.0,0.0,0.0,0.0,0.0
1,0,1.0,0.0,0.0,0.0,0.0,0.0,0.0,0.0,0.0
1,0,1.0,0.0,0.0,0.0,0.0,0.0,0.0,0.0,0.0
1,0,1.0,0.0,0.0,0.0,0.0,0.0,0.0,0.0,0.0
1,0,1.0,0.0,0.0,0.0,0.0,0.0,0.0,0.0,0.0
1,0,1.0,0.0,0.0,0.0,0.0,0.0,0.0,0.0,0.0
1,0,1.0,0.0,0.0,0.0,0.0,0.0,0.0,0.0,0.0
1,0,1.0,0.0,0.0,0.0,0.0,0.0,0.0,0.0,0.0
1,0,1.0,0.0,0.0,0.0,0.0,0.0,0.0,0.0,0.0
1,0,1.0,0.0,0.0,0.0,0.0,0.0,0.0,0.0,0.0
1,0,1.0,0.0,0.0,0.0,0.0,0.0,0.0,0.0,0.0
1,0,1.0,0.0,0.0,0.0,0.0,0.0,0.0,0.0,0.0
1,0,1.0,0.0,0.0,0.0,0.0,0.0,0.0,0.0,0.0
1,0,1.0,0.0,0.0,0.0,0.0,0.0,0.0,0.0,0.0
1,0,1.0,0.0,0.0,0.0,0.0,0.0,0.0,0.0,0.0
1,0,1.0,0.0,0.0,0.0,0.0,0.0,0.0,0.0,0.0
1,0,1.0,0.0,0.0,0.0,0.0,0.0,0.0,0.0,0.0
1,0,1.0,0.0,0.0,0.0,0.0,0.0,0.0,0.0,0.0
1,0,1.0,0.0,0.0,0.0,0.0,0.0,0.0,0.0,0.0
1,0,1.0,0.0,0.0,0.0,0.0,0.0,0.0,0.0,0.0
1,0,1.0,0.0,0.0,0.0,0.0,0.0,0.0,0.0,0.0
1,0,1.0,0.0,0.0,0.0,0.0,0.0,0.0,0.0,0.0
1,0,1.0,0.0,0.0,0.0,0.0,0.0,0.0,0.0,0.0
1,0,1.0,0.0,0.0,0.0,0.0,0.0,0.0,0.0,0.0
1,0,1.0,0.0,0.0,0.0,0.0,0.0,0.0,0.0,0.0
1,0,1.0,0.0,0.0,0.0,0.0,0.0,0.0,0.0,0.0
1,0,1.0,0.0,0.0,0.0,0.0,0.0,0.0,0.0,0.0
1,0,1.0,0.0,0.0,0.0,0.0,0.0,0.0,0.0,0.0
1,0,1.0,0.0,0.0,0.0,0.0,0.0,0.0,0.0,0.0
1,0,1.0,0.0,0.0,0.0,0.0,0.0,0.0,0.0,0.0
1,0,1.0,0.0,0.0,0.0,0.0,0.0,0.0,0.0,0.0
1,0,1.0,0.0,0.0,0.0,0.0,0.0,0.0,0.0,0.0
1,0,1.0,0.0,0.0,0.0,0.0,0.0,0.0,0.0,0.0
1,0,1.0,0.0,0.0,0.0,0.0,0.0,0.0,0.0,0.0
1,0,1.0,0.0,0.0,0.0,0.0,0.0,0.0,0.0,0.0
1,0,1.0,0.0,0.0,0.0,0.0,0.0,0.0,0.0,0.0
1,0,1.0,0.0,0.0,0.0,0.0,0.0,0.0,0.0,0.0
1,0,1.0,0.0,0.0,0.0,0.0,0.0,0.0,0.0,0.0
1,0,1.0,0.0,0.0,0.0,0.0,0.0,0.0,0.0,0.0
1,0,1.0,0.0,0.0,0.0,0.0,0.0,0.0,0.0,0.0
1,0,1.0,0.0,0.0,0.0,0.0,0.0,0.0,0.0,0.0
1,0,1.0,0.0,0.0,0.0,0.0,0.0,0.0,0.0,0.0
1,0,1.0,0.0,0.0,0.0,0.0,0.0,0.0,0.0,0.0
1,0,1.0,0.0,0.0,0.0,0.0,0.0,0.0,0.0,0.0
1,0,1.0,0.0,0.0,0.0,0.0,0.0,0.0,0.0,0.0
1,0,1.0,0.0,0.0,0.0,0.0,0.0,0.0,0.0,0.0
1,0,1.0,0.0,0.0,0.0,0.0,0.0,0.0,0.0,0.0
1,0,1.0,0.0,0.0,0.0,0.0,0.0,0.0,0.0,0.0
1,0,1.0,0.0,0.0,0.0,0.0,0.0,0.0,0.0,0.0
1,0,1.0,0.0,0.0,0.0,0.0,0.0,0.0,0.0,0.0
1,0,1.0,0.0,0.0,0.0,0.0,0.0,0.0,0.0,0.0
1,0,1.0,0.0,0.0,0.0,0.0,0.0,0.0,0.0,0.0
1,0,1.0,0.0,0.0,0.0,0.0,0.0,0.0,0.0,0.0
1,0,1.0,0.0,0.0,0.0,0.0,0.0,0.0,0.0,0.0
1,0,1.0,0.0,0.0,0.0,0.0,0.0,0.0,0.0,0.0
1,0,1.0,0.0,0.0,0.0,0.0,0.0,0.0,0.0,0.0
1,0,1.0,0.0,0.0,0.0,0.0,0.0,0.0,0.0,0.0
1,0,1.0,0.0,0.0,0.0,0.0,0.0,0.0,0.0,0.0
1,0,1.0,0.0,0.0,0.0,0.0,0.0,0.0,0.0,0.0
1,0,1.0,0.0,0.0,0.0,0.0,0.0,0.0,0.0,0.0
1,0,1.0,0.0,0.0,0.0,0.0,0.0,0.0,0.0,0.0
1,0,1.0,0.0,0.0,0.0,0.0,0.0,0.0,0.0,0.0
1,0,1.0,0.0,0.0,0.0,0.0,0.0,0.0,0.0,0.0
1,0,1.0,0.0,0.0,0.0,0.0,0.0,0.0,0.0,0.0
1,0,1.0,0.0,0.0,0.0,0.0,0.0,0.0,0.0,0.0
1,0,1.0,0.0,0.0,0.0,0.0,0.0,0.0,0.0,0.0
1,0,1.0,0.0,0.0,0.0,0.0,0.0,0.0,0.0,0.0
1,0,1.0,0.0,0.0,0.0,0.0,0.0,0.0,0.0,0.0
1,0,1.0,0.0,0.0,0.0,0.0,0.0,0.0,0.0,0.0
1,0,1.0,0.0,0.0,0.0,0.0,0.0,0.0,0.0,0.0
1,0,1.0,0.0,0.0,0.0,0.0,0.0,0.0,0.0,0.0
1,0,1.0,0.0,0.0,0.0,0.0,0.0,0.0,0.0,0.0
1,0,1.0,0.0,0.0,0.0,0.0,0.0,0.0,0.0,0.0
1,0,1.0,0.0,0.0,0.0,0.0,0.0,0.0,0.0,0.0
1,0,1.0,0.0,0.0,0.0,0.0,0.0,0.0,0.0,0.0
1,0,1.0,0.0,0.0,0.0,0.0,0.0,0.0,0.0,0.0
1,0,1.0,0.0,0.0,0.0,0.0,0.0,0.0,0.0,0.0
1,0,1.0,0.0,0.0,0.0,0.0,0.0,0.0,0.0,0.0
1,0,1.0,0.0,0.0,0.0,0.0,0.0,0.0,0.0,0.0
1,0,1.0,0.0,0.0,0.0,0.0,0.0,0.0,0.0,0.0
1,0,1.0,0.0,0.0,0.0,0.0,0.0,0.0,0.0,0.0
1,0,1.0,0.0,0.0,0.0,0.0,0.0,0.0,0.0,0.0
1,0,1.0,0.0,0.0,0.0,0.0,0.0,0.0,0.0,0.0
1,0,1.0,0.0,0.0,0.0,0.0,0.0,0.0,0.0,0.0
1,0,1.0,0.0,0.0,0.0,0.0,0.0,0.0,0.0,0.0
1,0,1.0,0.0,0.0,0.0,0.0,0.0,0.0,0.0,0.0
1,0,1.0,0.0,0.0,0.0,0.0,0.0,0.0,0.0,0.0
1,0,1.0,0.0,0.0,0.0,0.0,0.0,0.0,0.0,0.0
1,0,1.0,0.0,0.0,0.0,0.0,0.0,0.0,0.0,0.0
1,0,1.0,0.0,0.0,0.0,0.0,0.0,0.0,0.0,0.0
1,0,1.0,0.0,0.0,0.0,0.0,0.0,0.0,0.0,0.0
1,0,1.0,0.0,0.0,0.0,0.0,0.0,0.0,0.0,0.0
1,0,1.0,0.0,0.0,0.0,0.0,0.0,0.0,0.0,0.0
1,0,1.0,0.0,0.0,0.0,0.0,0.0,0.0,0.0,0.0
1,0,1.0,0.0,0.0,0.0,0.0,0.0,0.0,0.0,0.0
1,0,1.0,0.0,0.0,0.0,0.0,0.0,0.0,0.0,0.0
1,0,1.0,0.0,0.0,0.0,0.0,0.0,0.0,0.0,0.0
1,0,1.0,0.0,0.0,0.0,0.0,0.0,0.0,0.0,0.0
1,0,1.0,0.0,0.0,0.0,0.0,0.0,0.0,0.0,0.0
1,0,1.0,0.0,0.0,0.0,0.0,0.0,0.0,0.0,0.0
1,0,1.0,0.0,0.0,0.0,0.0,0.0,0.0,0.0,0.0
1,0,1.0,0.0,0.0,0.0,0.0,0.0,0.0,0.0,0.0
1,0,1.0,0.0,0.0,0.0,0.0,0.0,0.0,0.0,0.0
1,0,1.0,0.0,0.0,0.0,0.0,0.0,0.0,0.0,0.0
1,0,1.0,0.0,0.0,0.0,0.0,0.0,0.0,0.0,0.0
1,0,1.0,0.0,0.0,0.0,0.0,0.0,0.0,0.0,0.0
1,0,1.0,0.0,0.0,0.0,0.0,0.0,0.0,0.0,0.0
1,0,1.0,0.0,0.0,0.0,0.0,0.0,0.0,0.0,0.0
1,0,1.0,0.0,0.0,0.0,0.0,0.0,0.0,0.0,0.0
1,0,1.0,0.0,0.0,0.0,0.0,0.0,0.0,0.0,0.0
1,0,1.0,0.0,0.0,0.0,0.0,0.0,0.0,0.0,0.0
1,0,1.0,0.0,0.0,0.0,0.0,0.0,0.0,0.0,0.0
1,0,1.0,0.0,0.0,0.0,0.0,0.0,0.0,0.0,0.0
1,0,1.0,0.0,0.0,0.0,0.0,0.0,0.0,0.0,0.0
1,0,1.0,0.0,0.0,0.0,0.0,0.0,0.0,0.0,0.0
1,0,1.0,0.0,0.0,0.0,0.0,0.0,0.0,0.0,0.0
1,0,1.0,0.0,0.0,0.0,0.0,0.0,0.0,0.0,0.0
1,0,1.0,0.0,0.0,0.0,0.0,0.0,0.0,0.0,0.0
1,0,1.0,0.0,0.0,0.0,0.0,0.0,0.0,0.0,0.0
1,0,1.0,0.0,0.0,0.0,0.0,0.0,0.0,0.0,0.0
1,0,1.0,0.0,0.0,0.0,0.0,0.0,0.0,0.0,0.0
1,0,1.0,0.0,0.0,0.0,0.0,0.0,0.0,0.0,0.0
1,0,1.0,0.0,0.0,0.0,0.0,0.0,0.0,0.0,0.0
1,0,1.0,0.0,0.0,0.0,0.0,0.0,0.0,0.0,0.0
1,0,1.0,0.0,0.0,0.0,0.0,0.0,0.0,0.0,0.0
1,0,1.0,0.0,0.0,0.0,0.0,0.0,0.0,0.0,0.0
1,0,1.0,0.0,0.0,0.0,0.0,0.0,0.0,0.0,0.0
1,0,1.0,0.0,0.0,0.0,0.0,0.0,0.0,0.0,0.0
1,0,1.0,0.0,0.0,0.0,0.0,0.0,0.0,0.0,0.0
1,0,1.0,0.0,0.0,0.0,0.0,0.0,0.0,0.0,0.0
1,0,1.0,0.0,0.0,0.0,0.0,0.0,0.0,0.0,0.0
1,0,1.0,0.0,0.0,0.0,0.0,0.0,0.0,0.0,0.0
1,0,1.0,0.0,0.0,0.0,0.0,0.0,0.0,0.0,0.0
1,0,1.0,0.0,0.0,0.0,0.0,0.0,0.0,0.0,0.0
1,0,1.0,0.0,0.0,0.0,0.0,0.0,0.0,0.0,0.0
1,0,1.0,0.0,0.0,0.0,0.0,0.0,0.0,0.0,0.0
1,0,1.0,0.0,0.0,0.0,0.0,0.0,0.0,0.0,0.0
1,0,1.0,0.0,0.0,0.0,0.0,0.0,0.0,0.0,0.0
1,0,1.0,0.0,0.0,0.0,0.0,0.0,0.0,0.0,0.0
1,0,1.0,0.0,0.0,0.0,0.0,0.0,0.0,0.0,0.0
1,0,1.0,0.0,0.0,0.0,0.0,0.0,0.0,0.0,0.0
1,0,1.0,0.0,0.0,0.0,0.0,0.0,0.0,0.0,0.0
1,0,1.0,0.0,0.0,0.0,0.0,0.0,0.0,0.0,0.0
1,0,1.0,0.0,0.0,0.0,0.0,0.0,0.0,0.0,0.0
1,0,1.0,0.0,0.0,0.0,0.0,0.0,0.0,0.0,0.0
1,0,1.0,0.0,0.0,0.0,0.0,0.0,0.0,0.0,0.0
1,0,1.0,0.0,0.0,0.0,0.0,0.0,0.0,0.0,0.0
1,0,1.0,0.0,0.0,0.0,0.0,0.0,0.0,0.0,0.0
1,0,1.0,0.0,0.0,0.0,0.0,0.0,0.0,0.0,0.0
1,0,1.0,0.0,0.0,0.0,0.0,0.0,0.0,0.0,0.0
1,0,1.0,0.0,0.0,0.0,0.0,0.0,0.0,0.0,0.0
1,0,1.0,0.0,0.0,0.0,0.0,0.0,0.0,0.0,0.0
1,0,1.0,0.0,0.0,0.0,0.0,0.0,0.0,0.0,0.0
1,0,1.0,0.0,0.0,0.0,0.0,0.0,0.0,0.0,0.0
1,0,1.0,0.0,0.0,0.0,0.0,0.0,0.0,0.0,0.0
1,0,1.0,0.0,0.0,0.0,0.0,0.0,0.0,0.0,0.0
1,0,1.0,0.0,0.0,0.0,0.0,0.0,0.0,0.0,0.0
1,0,1.0,0.0,0.0,0.0,0.0,0.0,0.0,0.0,0.0
1,0,1.0,0.0,0.0,0.0,0.0,0.0,0.0,0.0,0.0
1,0,1.0,0.0,0.0,0.0,0.0,0.0,0.0,0.0,0.0
1,0,1.0,0.0,0.0,0.0,0.0,0.0,0.0,0.0,0.0
1,0,1.0,0.0,0.0,0.0,0.0,0.0,0.0,0.0,0.0
1,0,1.0,0.0,0.0,0.0,0.0,0.0,0.0,0.0,0.0
1,0,1.0,0.0,0.0,0.0,0.0,0.0,0.0,0.0,0.0
1,0,1.0,0.0,0.0,0.0,0.0,0.0,0.0,0.0,0.0
1,0,1.0,0.0,0.0,0.0,0.0,0.0,0.0,0.0,0.0
1,0,1.0,0.0,0.0,0.0,0.0,0.0,0.0,0.0,0.0
1,0,1.0,0.0,0.0,0.0,0.0,0.0,0.0,0.0,0.0
1,0,1.0,0.0,0.0,0.0,0.0,0.0,0.0,0.0,0.0
1,0,1.0,0.0,0.0,0.0,0.0,0.0,0.0,0.0,0.0
1,0,1.0,0.0,0.0,0.0,0.0,0.0,0.0,0.0,0.0
1,0,1.0,0.0,0.0,0.0,0.0,0.0,0.0,0.0,0.0
1,0,1.0,0.0,0.0,0.0,0.0,0.0,0.0,0.0,0.0
1,0,1.0,0.0,0.0,0.0,0.0,0.0,0.0,0.0,0.0
1,0,1.0,0.0,0.0,0.0,0.0,0.0,0.0,0.0,0.0
1,0,1.0,0.0,0.0,0.0,0.0,0.0,0.0,0.0,0.0
1,0,1.0,0.0,0.0,0.0,0.0,0.0,0.0,0.0,0.0
1,0,1.0,0.0,0.0,0.0,0.0,0.0,0.0,0.0,0.0
1,0,1.0,0.0,0.0,0.0,0.0,0.0,0.0,0.0,0.0
1,0,1.0,0.0,0.0,0.0,0.0,0.0,0.0,0.0,0.0
1,0,1.0,0.0,0.0,0.0,0.0,0.0,0.0,0.0,0.0
1,0,1.0,0.0,0.0,0.0,0.0,0.0,0.0,0.0,0.0
1,0,1.0,0.0,0.0,0.0,0.0,0.0,0.0,0.0,0.0
1,0,1.0,0.0,0.0,0.0,0.0,0.0,0.0,0.0,0.0
1,0,1.0,0.0,0.0,0.0,0.0,0.0,0.0,0.0,0.0
1,0,1.0,0.0,0.0,0.0,0.0,0.0,0.0,0.0,0.0
1,0,1.0,0.0,0.0,0.0,0.0,0.0,0.0,0.0,0.0
1,0,1.0,0.0,0.0,0.0,0.0,0.0,0.0,0.0,0.0
1,0,1.0,0.0,0.0,0.0,0.0,0.0,0.0,0.0,0.0
1,0,1.0,0.0,0.0,0.0,0.0,0.0,0.0,0.0,0.0
1,0,1.0,0.0,0.0,0.0,0.0,0.0,0.0,0.0,0.0
1,0,1.0,0.0,0.0,0.0,0.0,0.0,0.0,0.0,0.0
1,0,1.0,0.0,0.0,0.0,0.0,0.0,0.0,0.0,0.0
1,0,1.0,0.0,0.0,0.0,0.0,0.0,0.0,0.0,0.0
1,0,1.0,0.0,0.0,0.0,0.0,0.0,0.0,0.0,0.0
1,0,1.0,0.0,0.0,0.0,0.0,0.0,0.0,0.0,0.0
1,0,1.0,0.0,0.0,0.0,0.0,0.0,0.0,0.0,0.0
1,0,1.0,0.0,0.0,0.0,0.0,0.0,0.0,0.0,0.0
1,0,1.0,0.0,0.0,0.0,0.0,0.0,0.0,0.0,0.0
1,0,1.0,0.0,0.0,0.0,0.0,0.0,0.0,0.0,0.0
1,0,1.0,0.0,0.0,0.0,0.0,0.0,0.0,0.0,0.0
1,0,1.0,0.0,0.0,0.0,0.0,0.0,0.0,0.0,0.0
1,0,1.0,0.0,0.0,0.0,0.0,0.0,0.0,0.0,0.0
1,0,1.0,0.0,0.0,0.0,0.0,0.0,0.0,0.0,0.0
1,0,1.0,0.0,0.0,0.0,0.0,0.0,0.0,0.0,0.0
1,0,1.0,0.0,0.0,0.0,0.0,0.0,0.0,0.0,0.0
1,0,1.0,0.0,0.0,0.0,0.0,0.0,0.0,0.0,0.0
1,0,1.0,0.0,0.0,0.0,0.0,0.0,0.0,0.0,0.0
1,0,1.0,0.0,0.0,0.0,0.0,0.0,0.0,0.0,0.0
1,0,1.0,0.0,0.0,0.0,0.0,0.0,0.0,0.0,0.0
1,0,1.0,0.0,0.0,0.0,0.0,0.0,0.0,0.0,0.0
1,0,1.0,0.0,0.0,0.0,0.0,0.0,0.0,0.0,0.0
1,0,1.0,0.0,0.0,0.0,0.0,0.0,0.0,0.0,0.0
1,0,1.0,0.0,0.0,0.0,0.0,0.0,0.0,0.0,0.0
1,0,1.0,0.0,0.0,0.0,0.0,0.0,0.0,0.0,0.0
1,0,1.0,0.0,0.0,0.0,0.0,0.0,0.0,0.0,0.0
1,0,1.0,0.0,0.0,0.0,0.0,0.0,0.0,0.0,0.0
1,0,1.0,0.0,0.0,0.0,0.0,0.0,0.0,0.0,0.0
1,0,1.0,0.0,0.0,0.0,0.0,0.0,0.0,0.0,0.0
1,0,1.0,0.0,0.0,0.0,0.0,0.0,0.0,0.0,0.0
1,0,1.0,0.0,0.0,0.0,0.0,0.0,0.0,0.0,0.0
1,0,1.0,0.0,0.0,0.0,0.0,0.0,0.0,0.0,0.0
1,0,1.0,0.0,0.0,0.0,0.0,0.0,0.0,0.0,0.0
1,0,1.0,0.0,0.0,0.0,0.0,0.0,0.0,0.0,0.0
1,0,1.0,0.0,0.0,0.0,0.0,0.0,0.0,0.0,0.0
1,0,1.0,0.0,0.0,0.0,0.0,0.0,0.0,0.0,0.0
1,0,1.0,0.0,0.0,0.0,0.0,0.0,0.0,0.0,0.0
1,0,1.0,0.0,0.0,0.0,0.0,0.0,0.0,0.0,0.0
1,0,1.0,0.0,0.0,0.0,0.0,0.0,0.0,0.0,0.0
1,0,1.0,0.0,0.0,0.0,0.0,0.0,0.0,0.0,0.0
1,0,1.0,0.0,0.0,0.0,0.0,0.0,0.0,0.0,0.0
1,0,1.0,0.0,0.0,0.0,0.0,0.0,0.0,0.0,0.0
1,0,1.0,0.0,0.0,0.0,0.0,0.0,0.0,0.0,0.0
1,0,1.0,0.0,0.0,0.0,0.0,0.0,0.0,0.0,0.0
1,0,1.0,0.0,0.0,0.0,0.0,0.0,0.0,0.0,0.0
1,0,1.0,0.0,0.0,0.0,0.0,0.0,0.0,0.0,0.0
1,0,1.0,0.0,0.0,0.0,0.0,0.0,0.0,0.0,0.0
1,0,1.0,0.0,0.0,0.0,0.0,0.0,0.0,0.0,0.0
1,0,1.0,0.0,0.0,0.0,0.0,0.0,0.0,0.0,0.0
1,0,1.0,0.0,0.0,0.0,0.0,0.0,0.0,0.0,0.0
1,0,1.0,0.0,0.0,0.0,0.0,0.0,0.0,0.0,0.0
1,0,1.0,0.0,0.0,0.0,0.0,0.0,0.0,0.0,0.0
1,0,1.0,0.0,0.0,0.0,0.0,0.0,0.0,0.0,0.0
1,0,1.0,0.0,0.0,0.0,0.0,0.0,0.0,0.0,0.0
1,0,1.0,0.0,0.0,0.0,0.0,0.0,0.0,0.0,0.0
1,0,1.0,0.0,0.0,0.0,0.0,0.0,0.0,0.0,0.0
1,0,1.0,0.0,0.0,0.0,0.0,0.0,0.0,0.0,0.0
1,0,1.0,0.0,0.0,0.0,0.0,0.0,0.0,0.0,0.0
1,0,1.0,0.0,0.0,0.0,0.0,0.0,0.0,0.0,0.0
1,0,1.0,0.0,0.0,0.0,0.0,0.0,0.0,0.0,0.0
1,0,1.0,0.0,0.0,0.0,0.0,0.0,0.0,0.0,0.0
1,0,1.0,0.0,0.0,0.0,0.0,0.0,0.0,0.0,0.0
1,0,1.0,0.0,0.0,0.0,0.0,0.0,0.0,0.0,0.0
1,0,1.0,0.0,0.0,0.0,0.0,0.0,0.0,0.0,0.0
1,0,1.0,0.0,0.0,0.0,0.0,0.0,0.0,0.0,0.0
1,0,1.0,0.0,0.0,0.0,0.0,0.0,0.0,0.0,0.0
1,0,1.0,0.0,0.0,0.0,0.0,0.0,0.0,0.0,0.0
1,0,1.0,0.0,0.0,0.0,0.0,0.0,0.0,0.0,0.0
1,0,1.0,0.0,0.0,0.0,0.0,0.0,0.0,0.0,0.0
1,0,1.0,0.0,0.0,0.0,0.0,0.0,0.0,0.0,0.0
1,0,1.0,0.0,0.0,0.0,0.0,0.0,0.0,0.0,0.0
1,0,1.0,0.0,0.0,0.0,0.0,0.0,0.0,0.0,0.0
1,0,1.0,0.0,0.0,0.0,0.0,0.0,0.0,0.0,0.0
1,0,1.0,0.0,0.0,0.0,0.0,0.0,0.0,0.0,0.0
1,0,1.0,0.0,0.0,0.0,0.0,0.0,0.0,0.0,0.0
1,0,1.0,0.0,0.0,0.0,0.0,0.0,0.0,0.0,0.0
1,0,1.0,0.0,0.0,0.0,0.0,0.0,0.0,0.0,0.0
1,0,1.0,0.0,0.0,0.0,0.0,0.0,0.0,0.0,0.0
1,0,1.0,0.0,0.0,0.0,0.0,0.0,0.0,0.0,0.0
1,0,1.0,0.0,0.0,0.0,0.0,0.0,0.0,0.0,0.0
1,0,1.0,0.0,0.0,0.0,0.0,0.0,0.0,0.0,0.0
1,0,1.0,0.0,0.0,0.0,0.0,0.0,0.0,0.0,0.0
1,0,1.0,0.0,0.0,0.0,0.0,0.0,0.0,0.0,0.0
1,0,1.0,0.0,0.0,0.0,0.0,0.0,0.0,0.0,0.0
1,0,1.0,0.0,0.0,0.0,0.0,0.0,0.0,0.0,0.0
1,0,1.0,0.0,0.0,0.0,0.0,0.0,0.0,0.0,0.0
1,0,1.0,0.0,0.0,0.0,0.0,0.0,0.0,0.0,0.0
1,0,1.0,0.0,0.0,0.0,0.0,0.0,0.0,0.0,0.0
1,0,1.0,0.0,0.0,0.0,0.0,0.0,0.0,0.0,0.0
1,0,1.0,0.0,0.0,0.0,0.0,0.0,0.0,0.0,0.0
1,0,1.0,0.0,0.0,0.0,0.0,0.0,0.0,0.0,0.0
1,0,1.0,0.0,0.0,0.0,0.0,0.0,0.0,0.0,0.0
1,0,1.0,0.0,0.0,0.0,0.0,0.0,0.0,0.0,0.0
1,0,1.0,0.0,0.0,0.0,0.0,0.0,0.0,0.0,0.0
1,0,1.0,0.0,0.0,0.0,0.0,0.0,0.0,0.0,0.0
1,0,1.0,0.0,0.0,0.0,0.0,0.0,0.0,0.0,0.0
1,0,1.0,0.0,0.0,0.0,0.0,0.0,0.0,0.0,0.0
1,0,1.0,0.0,0.0,0.0,0.0,0.0,0.0,0.0,0.0
1,0,1.0,0.0,0.0,0.0,0.0,0.0,0.0,0.0,0.0
1,0,1.0,0.0,0.0,0.0,0.0,0.0,0.0,0.0,0.0
1,0,1.0,0.0,0.0,0.0,0.0,0.0,0.0,0.0,0.0
1,0,1.0,0.0,0.0,0.0,0.0,0.0,0.0,0.0,0.0
1,0,1.0,0.0,0.0,0.0,0.0,0.0,0.0,0.0,0.0
1,0,1.0,0.0,0.0,0.0,0.0,0.0,0.0,0.0,0.0
1,0,1.0,0.0,0.0,0.0,0.0,0.0,0.0,0.0,0.0
1,0,1.0,0.0,0.0,0.0,0.0,0.0,0.0,0.0,0.0
1,0,1.0,0.0,0.0,0.0,0.0,0.0,0.0,0.0,0.0
1,0,1.0,0.0,0.0,0.0,0.0,0.0,0.0,0.0,0.0
1,0,1.0,0.0,0.0,0.0,0.0,0.0,0.0,0.0,0.0
1,0,1.0,0.0,0.0,0.0,0.0,0.0,0.0,0.0,0.0
1,0,1.0,0.0,0.0,0.0,0.0,0.0,0.0,0.0,0.0
1,0,1.0,0.0,0.0,0.0,0.0,0.0,0.0,0.0,0.0
1,0,1.0,0.0,0.0,0.0,0.0,0.0,0.0,0.0,0.0
1,0,1.0,0.0,0.0,0.0,0.0,0.0,0.0,0.0,0.0
1,0,1.0,0.0,0.0,0.0,0.0,0.0,0.0,0.0,0.0
1,0,1.0,0.0,0.0,0.0,0.0,0.0,0.0,0.0,0.0
1,0,1.0,0.0,0.0,0.0,0.0,0.0,0.0,0.0,0.0
1,0,1.0,0.0,0.0,0.0,0.0,0.0,0.0,0.0,0.0
1,0,1.0,0.0,0.0,0.0,0.0,0.0,0.0,0.0,0.0
1,0,1.0,0.0,0.0,0.0,0.0,0.0,0.0,0.0,0.0
1,0,1.0,0.0,0.0,0.0,0.0,0.0,0.0,0.0,0.0
1,0,1.0,0.0,0.0,0.0,0.0,0.0,0.0,0.0,0.0
1,0,1.0,0.0,0.0,0.0,0.0,0.0,0.0,0.0,0.0
1,0,1.0,0.0,0.0,0.0,0.0,0.0,0.0,0.0,0.0
1,0,1.0,0.0,0.0,0.0,0.0,0.0,0.0,0.0,0.0
1,0,1.0,0.0,0.0,0.0,0.0,0.0,0.0,0.0,0.0
1,0,1.0,0.0,0.0,0.0,0.0,0.0,0.0,0.0,0.0
1,0,1.0,0.0,0.0,0.0,0.0,0.0,0.0,0.0,0.0
1,0,1.0,0.0,0.0,0.0,0.0,0.0,0.0,0.0,0.0
1,0,1.0,0.0,0.0,0.0,0.0,0.0,0.0,0.0,0.0
1,0,1.0,0.0,0.0,0.0,0.0,0.0,0.0,0.0,0.0
1,0,1.0,0.0,0.0,0.0,0.0,0.0,0.0,0.0,0.0
1,0,1.0,0.0,0.0,0.0,0.0,0.0,0.0,0.0,0.0
1,0,1.0,0.0,0.0,0.0,0.0,0.0,0.0,0.0,0.0
1,0,1.0,0.0,0.0,0.0,0.0,0.0,0.0,0.0,0.0
1,0,1.0,0.0,0.0,0.0,0.0,0.0,0.0,0.0,0.0
1,0,1.0,0.0,0.0,0.0,0.0,0.0,0.0,0.0,0.0
1,0,1.0,0.0,0.0,0.0,0.0,0.0,0.0,0.0,0.0
1,0,1.0,0.0,0.0,0.0,0.0,0.0,0.0,0.0,0.0
1,0,1.0,0.0,0.0,0.0,0.0,0.0,0.0,0.0,0.0
1,0,1.0,0.0,0.0,0.0,0.0,0.0,0.0,0.0,0.0
1,0,1.0,0.0,0.0,0.0,0.0,0.0,0.0,0.0,0.0
1,0,1.0,0.0,0.0,0.0,0.0,0.0,0.0,0.0,0.0
1,0,1.0,0.0,0.0,0.0,0.0,0.0,0.0,0.0,0.0
1,0,1.0,0.0,0.0,0.0,0.0,0.0,0.0,0.0,0.0
1,0,1.0,0.0,0.0,0.0,0.0,0.0,0.0,0.0,0.0
1,0,1.0,0.0,0.0,0.0,0.0,0.0,0.0,0.0,0.0
1,0,1.0,0.0,0.0,0.0,0.0,0.0,0.0,0.0,0.0
1,0,1.0,0.0,0.0,0.0,0.0,0.0,0.0,0.0,0.0
1,0,1.0,0.0,0.0,0.0,0.0,0.0,0.0,0.0,0.0
1,0,1.0,0.0,0.0,0.0,0.0,0.0,0.0,0.0,0.0
1,0,1.0,0.0,0.0,0.0,0.0,0.0,0.0,0.0,0.0
1,0,1.0,0.0,0.0,0.0,0.0,0.0,0.0,0.0,0.0
1,0,1.0,0.0,0.0,0.0,0.0,0.0,0.0,0.0,0.0
1,0,1.0,0.0,0.0,0.0,0.0,0.0,0.0,0.0,0.0
1,0,1.0,0.0,0.0,0.0,0.0,0.0,0.0,0.0,0.0
1,0,1.0,0.0,0.0,0.0,0.0,0.0,0.0,0.0,0.0
1,0,1.0,0.0,0.0,0.0,0.0,0.0,0.0,0.0,0.0
1,0,1.0,0.0,0.0,0.0,0.0,0.0,0.0,0.0,0.0
1,0,1.0,0.0,0.0,0.0,0.0,0.0,0.0,0.0,0.0
1,0,1.0,0.0,0.0,0.0,0.0,0.0,0.0,0.0,0.0
1,0,1.0,0.0,0.0,0.0,0.0,0.0,0.0,0.0,0.0
1,0,1.0,0.0,0.0,0.0,0.0,0.0,0.0,0.0,0.0
1,0,1.0,0.0,0.0,0.0,0.0,0.0,0.0,0.0,0.0
1,0,1.0,0.0,0.0,0.0,0.0,0.0,0.0,0.0,0.0
1,0,1.0,0.0,0.0,0.0,0.0,0.0,0.0,0.0,0.0
1,0,1.0,0.0,0.0,0.0,0.0,0.0,0.0,0.0,0.0
1,0,1.0,0.0,0.0,0.0,0.0,0.0,0.0,0.0,0.0
1,0,1.0,0.0,0.0,0.0,0.0,0.0,0.0,0.0,0.0
1,0,1.0,0.0,0.0,0.0,0.0,0.0,0.0,0.0,0.0
1,0,1.0,0.0,0.0,0.0,0.0,0.0,0.0,0.0,0.0
1,0,1.0,0.0,0.0,0.0,0.0,0.0,0.0,0.0,0.0
1,0,1.0,0.0,0.0,0.0,0.0,0.0,0.0,0.0,0.0
1,0,1.0,0.0,0.0,0.0,0.0,0.0,0.0,0.0,0.0
1,0,1.0,0.0,0.0,0.0,0.0,0.0,0.0,0.0,0.0
1,0,1.0,0.0,0.0,0.0,0.0,0.0,0.0,0.0,0.0
1,0,1.0,0.0,0.0,0.0,0.0,0.0,0.0,0.0,0.0
1,0,1.0,0.0,0.0,0.0,0.0,0.0,0.0,0.0,0.0
1,0,1.0,0.0,0.0,0.0,0.0,0.0,0.0,0.0,0.0
1,0,1.0,0.0,0.0,0.0,0.0,0.0,0.0,0.0,0.0
1,0,1.0,0.0,0.0,0.0,0.0,0.0,0.0,0.0,0.0
1,0,1.0,0.0,0.0,0.0,0.0,0.0,0.0,0.0,0.0
1,0,1.0,0.0,0.0,0.0,0.0,0.0,0.0,0.0,0.0
1,0,1.0,0.0,0.0,0.0,0.0,0.0,0.0,0.0,0.0
1,0,1.0,0.0,0.0,0.0,0.0,0.0,0.0,0.0,0.0
1,0,1.0,0.0,0.0,0.0,0.0,0.0,0.0,0.0,0.0
1,0,1.0,0.0,0.0,0.0,0.0,0.0,0.0,0.0,0.0
1,0,1.0,0.0,0.0,0.0,0.0,0.0,0.0,0.0,0.0
1,0,1.0,0.0,0.0,0.0,0.0,0.0,0.0,0.0,0.0
1,0,1.0,0.0,0.0,0.0,0.0,0.0,0.0,0.0,0.0
1,0,1.0,0.0,0.0,0.0,0.0,0.0,0.0,0.0,0.0
1,0,1.0,0.0,0.0,0.0,0.0,0.0,0.0,0.0,0.0
1,0,1.0,0.0,0.0,0.0,0.0,0.0,0.0,0.0,0.0
1,0,1.0,0.0,0.0,0.0,0.0,0.0,0.0,0.0,0.0
1,0,1.0,0.0,0.0,0.0,0.0,0.0,0.0,0.0,0.0
1,0,1.0,0.0,0.0,0.0,0.0,0.0,0.0,0.0,0.0
1,0,1.0,0.0,0.0,0.0,0.0,0.0,0.0,0.0,0.0
1,0,1.0,0.0,0.0,0.0,0.0,0.0,0.0,0.0,0.0
1,0,1.0,0.0,0.0,0.0,0.0,0.0,0.0,0.0,0.0
1,0,1.0,0.0,0.0,0.0,0.0,0.0,0.0,0.0,0.0
1,0,1.0,0.0,0.0,0.0,0.0,0.0,0.0,0.0,0.0
1,0,1.0,0.0,0.0,0.0,0.0,0.0,0.0,0.0,0.0
1,0,1.0,0.0,0.0,0.0,0.0,0.0,0.0,0.0,0.0
1,0,1.0,0.0,0.0,0.0,0.0,0.0,0.0,0.0,0.0
1,0,1.0,0.0,0.0,0.0,0.0,0.0,0.0,0.0,0.0
1,0,1.0,0.0,0.0,0.0,0.0,0.0,0.0,0.0,0.0
1,0,1.0,0.0,0.0,0.0,0.0,0.0,0.0,0.0,0.0
1,0,1.0,0.0,0.0,0.0,0.0,0.0,0.0,0.0,0.0
1,0,1.0,0.0,0.0,0.0,0.0,0.0,0.0,0.0,0.0
1,0,1.0,0.0,0.0,0.0,0.0,0.0,0.0,0.0,0.0
1,0,1.0,0.0,0.0,0.0,0.0,0.0,0.0,0.0,0.0
1,0,1.0,0.0,0.0,0.0,0.0,0.0,0.0,0.0,0.0
1,0,1.0,0.0,0.0,0.0,0.0,0.0,0.0,0.0,0.0
1,0,1.0,0.0,0.0,0.0,0.0,0.0,0.0,0.0,0.0
1,0,1.0,0.0,0.0,0.0,0.0,0.0,0.0,0.0,0.0
1,0,1.0,0.0,0.0,0.0,0.0,0.0,0.0,0.0,0.0
1,0,1.0,0.0,0.0,0.0,0.0,0.0,0.0,0.0,0.0
1,0,1.0,0.0,0.0,0.0,0.0,0.0,0.0,0.0,0.0
1,0,1.0,0.0,0.0,0.0,0.0,0.0,0.0,0.0,0.0
1,0,1.0,0.0,0.0,0.0,0.0,0.0,0.0,0.0,0.0
1,0,1.0,0.0,0.0,0.0,0.0,0.0,0.0,0.0,0.0
1,0,1.0,0.0,0.0,0.0,0.0,0.0,0.0,0.0,0.0
1,0,1.0,0.0,0.0,0.0,0.0,0.0,0.0,0.0,0.0
1,0,1.0,0.0,0.0,0.0,0.0,0.0,0.0,0.0,0.0
1,0,1.0,0.0,0.0,0.0,0.0,0.0,0.0,0.0,0.0
1,0,1.0,0.0,0.0,0.0,0.0,0.0,0.0,0.0,0.0
1,0,1.0,0.0,0.0,0.0,0.0,0.0,0.0,0.0,0.0
1,0,1.0,0.0,0.0,0.0,0.0,0.0,0.0,0.0,0.0
1,0,1.0,0.0,0.0,0.0,0.0,0.0,0.0,0.0,0.0
1,0,1.0,0.0,0.0,0.0,0.0,0.0,0.0,0.0,0.0
1,0,1.0,0.0,0.0,0.0,0.0,0.0,0.0,0.0,0.0
1,0,1.0,0.0,0.0,0.0,0.0,0.0,0.0,0.0,0.0
1,0,1.0,0.0,0.0,0.0,0.0,0.0,0.0,0.0,0.0
1,0,1.0,0.0,0.0,0.0,0.0,0.0,0.0,0.0,0.0
1,0,1.0,0.0,0.0,0.0,0.0,0.0,0.0,0.0,0.0
1,0,1.0,0.0,0.0,0.0,0.0,0.0,0.0,0.0,0.0
1,0,1.0,0.0,0.0,0.0,0.0,0.0,0.0,0.0,0.0
1,0,1.0,0.0,0.0,0.0,0.0,0.0,0.0,0.0,0.0
1,0,1.0,0.0,0.0,0.0,0.0,0.0,0.0,0.0,0.0
1,0,1.0,0.0,0.0,0.0,0.0,0.0,0.0,0.0,0.0
1,0,1.0,0.0,0.0,0.0,0.0,0.0,0.0,0.0,0.0
1,0,1.0,0.0,0.0,0.0,0.0,0.0,0.0,0.0,0.0
1,0,1.0,0.0,0.0,0.0,0.0,0.0,0.0,0.0,0.0
1,0,1.0,0.0,0.0,0.0,0.0,0.0,0.0,0.0,0.0
1,0,1.0,0.0,0.0,0.0,0.0,0.0,0.0,0.0,0.0
1,0,1.0,0.0,0.0,0.0,0.0,0.0,0.0,0.0,0.0
1,0,1.0,0.0,0.0,0.0,0.0,0.0,0.0,0.0,0.0
1,0,1.0,0.0,0.0,0.0,0.0,0.0,0.0,0.0,0.0
1,0,1.0,0.0,0.0,0.0,0.0,0.0,0.0,0.0,0.0
1,0,1.0,0.0,0.0,0.0,0.0,0.0,0.0,0.0,0.0
1,0,1.0,0.0,0.0,0.0,0.0,0.0,0.0,0.0,0.0
1,0,1.0,0.0,0.0,0.0,0.0,0.0,0.0,0.0,0.0
1,0,1.0,0.0,0.0,0.0,0.0,0.0,0.0,0.0,0.0
1,0,1.0,0.0,0.0,0.0,0.0,0.0,0.0,0.0,0.0
1,0,1.0,0.0,0.0,0.0,0.0,0.0,0.0,0.0,0.0
1,0,1.0,0.0,0.0,0.0,0.0,0.0,0.0,0.0,0.0
1,0,1.0,0.0,0.0,0.0,0.0,0.0,0.0,0.0,0.0
1,0,1.0,0.0,0.0,0.0,0.0,0.0,0.0,0.0,0.0
1,0,1.0,0.0,0.0,0.0,0.0,0.0,0.0,0.0,0.0
1,0,1.0,0.0,0.0,0.0,0.0,0.0,0.0,0.0,0.0
1,0,1.0,0.0,0.0,0.0,0.0,0.0,0.0,0.0,0.0
1,0,1.0,0.0,0.0,0.0,0.0,0.0,0.0,0.0,0.0
1,0,1.0,0.0,0.0,0.0,0.0,0.0,0.0,0.0,0.0
1,0,1.0,0.0,0.0,0.0,0.0,0.0,0.0,0.0,0.0
1,0,1.0,0.0,0.0,0.0,0.0,0.0,0.0,0.0,0.0
1,0,1.0,0.0,0.0,0.0,0.0,0.0,0.0,0.0,0.0
1,0,1.0,0.0,0.0,0.0,0.0,0.0,0.0,0.0,0.0
1,0,1.0,0.0,0.0,0.0,0.0,0.0,0.0,0.0,0.0
1,0,1.0,0.0,0.0,0.0,0.0,0.0,0.0,0.0,0.0
1,0,1.0,0.0,0.0,0.0,0.0,0.0,0.0,0.0,0.0
1,0,1.0,0.0,0.0,0.0,0.0,0.0,0.0,0.0,0.0
1,0,1.0,0.0,0.0,0.0,0.0,0.0,0.0,0.0,0.0
1,0,1.0,0.0,0.0,0.0,0.0,0.0,0.0,0.0,0.0
1,0,1.0,0.0,0.0,0.0,0.0,0.0,0.0,0.0,0.0
1,0,1.0,0.0,0.0,0.0,0.0,0.0,0.0,0.0,0.0
1,0,1.0,0.0,0.0,0.0,0.0,0.0,0.0,0.0,0.0
1,0,1.0,0.0,0.0,0.0,0.0,0.0,0.0,0.0,0.0
1,0,1.0,0.0,0.0,0.0,0.0,0.0,0.0,0.0,0.0
1,0,1.0,0.0,0.0,0.0,0.0,0.0,0.0,0.0,0.0
1,0,1.0,0.0,0.0,0.0,0.0,0.0,0.0,0.0,0.0
1,0,1.0,0.0,0.0,0.0,0.0,0.0,0.0,0.0,0.0
1,0,1.0,0.0,0.0,0.0,0.0,0.0,0.0,0.0,0.0
1,0,1.0,0.0,0.0,0.0,0.0,0.0,0.0,0.0,0.0
1,0,1.0,0.0,0.0,0.0,0.0,0.0,0.0,0.0,0.0
1,0,1.0,0.0,0.0,0.0,0.0,0.0,0.0,0.0,0.0
1,0,1.0,0.0,0.0,0.0,0.0,0.0,0.0,0.0,0.0
1,0,1.0,0.0,0.0,0.0,0.0,0.0,0.0,0.0,0.0
1,0,1.0,0.0,0.0,0.0,0.0,0.0,0.0,0.0,0.0
1,0,1.0,0.0,0.0,0.0,0.0,0.0,0.0,0.0,0.0
1,0,1.0,0.0,0.0,0.0,0.0,0.0,0.0,0.0,0.0
1,0,1.0,0.0,0.0,0.0,0.0,0.0,0.0,0.0,0.0
1,0,1.0,0.0,0.0,0.0,0.0,0.0,0.0,0.0,0.0
1,0,1.0,0.0,0.0,0.0,0.0,0.0,0.0,0.0,0.0
1,0,1.0,0.0,0.0,0.0,0.0,0.0,0.0,0.0,0.0
1,0,1.0,0.0,0.0,0.0,0.0,0.0,0.0,0.0,0.0
1,0,1.0,0.0,0.0,0.0,0.0,0.0,0.0,0.0,0.0
1,0,1.0,0.0,0.0,0.0,0.0,0.0,0.0,0.0,0.0
1,0,1.0,0.0,0.0,0.0,0.0,0.0,0.0,0.0,0.0
1,0,1.0,0.0,0.0,0.0,0.0,0.0,0.0,0.0,0.0
1,0,1.0,0.0,0.0,0.0,0.0,0.0,0.0,0.0,0.0
1,0,1.0,0.0,0.0,0.0,0.0,0.0,0.0,0.0,0.0
1,0,1.0,0.0,0.0,0.0,0.0,0.0,0.0,0.0,0.0
1,0,1.0,0.0,0.0,0.0,0.0,0.0,0.0,0.0,0.0
1,0,1.0,0.0,0.0,0.0,0.0,0.0,0.0,0.0,0.0
1,0,1.0,0.0,0.0,0.0,0.0,0.0,0.0,0.0,0.0
1,0,1.0,0.0,0.0,0.0,0.0,0.0,0.0,0.0,0.0
1,0,1.0,0.0,0.0,0.0,0.0,0.0,0.0,0.0,0.0
1,0,1.0,0.0,0.0,0.0,0.0,0.0,0.0,0.0,0.0
1,0,1.0,0.0,0.0,0.0,0.0,0.0,0.0,0.0,0.0
1,0,1.0,0.0,0.0,0.0,0.0,0.0,0.0,0.0,0.0
1,0,1.0,0.0,0.0,0.0,0.0,0.0,0.0,0.0,0.0
1,0,1.0,0.0,0.0,0.0,0.0,0.0,0.0,0.0,0.0
1,0,1.0,0.0,0.0,0.0,0.0,0.0,0.0,0.0,0.0
1,0,1.0,0.0,0.0,0.0,0.0,0.0,0.0,0.0,0.0
1,0,1.0,0.0,0.0,0.0,0.0,0.0,0.0,0.0,0.0
1,0,1.0,0.0,0.0,0.0,0.0,0.0,0.0,0.0,0.0
1,0,1.0,0.0,0.0,0.0,0.0,0.0,0.0,0.0,0.0
1,0,1.0,0.0,0.0,0.0,0.0,0.0,0.0,0.0,0.0
1,0,1.0,0.0,0.0,0.0,0.0,0.0,0.0,0.0,0.0
1,0,1.0,0.0,0.0,0.0,0.0,0.0,0.0,0.0,0.0
1,0,1.0,0.0,0.0,0.0,0.0,0.0,0.0,0.0,0.0
1,0,1.0,0.0,0.0,0.0,0.0,0.0,0.0,0.0,0.0
1,0,1.0,0.0,0.0,0.0,0.0,0.0,0.0,0.0,0.0
1,0,1.0,0.0,0.0,0.0,0.0,0.0,0.0,0.0,0.0
1,0,1.0,0.0,0.0,0.0,0.0,0.0,0.0,0.0,0.0
1,0,1.0,0.0,0.0,0.0,0.0,0.0,0.0,0.0,0.0
1,0,1.0,0.0,0.0,0.0,0.0,0.0,0.0,0.0,0.0
1,0,1.0,0.0,0.0,0.0,0.0,0.0,0.0,0.0,0.0
1,0,1.0,0.0,0.0,0.0,0.0,0.0,0.0,0.0,0.0
1,0,1.0,0.0,0.0,0.0,0.0,0.0,0.0,0.0,0.0
1,0,1.0,0.0,0.0,0.0,0.0,0.0,0.0,0.0,0.0
1,0,1.0,0.0,0.0,0.0,0.0,0.0,0.0,0.0,0.0
1,0,1.0,0.0,0.0,0.0,0.0,0.0,0.0,0.0,0.0
1,0,1.0,0.0,0.0,0.0,0.0,0.0,0.0,0.0,0.0
1,0,1.0,0.0,0.0,0.0,0.0,0.0,0.0,0.0,0.0
1,0,1.0,0.0,0.0,0.0,0.0,0.0,0.0,0.0,0.0
1,0,1.0,0.0,0.0,0.0,0.0,0.0,0.0,0.0,0.0
1,0,1.0,0.0,0.0,0.0,0.0,0.0,0.0,0.0,0.0
1,0,1.0,0.0,0.0,0.0,0.0,0.0,0.0,0.0,0.0
1,0,1.0,0.0,0.0,0.0,0.0,0.0,0.0,0.0,0.0
1,0,1.0,0.0,0.0,0.0,0.0,0.0,0.0,0.0,0.0
1,0,1.0,0.0,0.0,0.0,0.0,0.0,0.0,0.0,0.0
1,0,1.0,0.0,0.0,0.0,0.0,0.0,0.0,0.0,0.0
1,0,1.0,0.0,0.0,0.0,0.0,0.0,0.0,0.0,0.0
1,0,1.0,0.0,0.0,0.0,0.0,0.0,0.0,0.0,0.0
1,0,1.0,0.0,0.0,0.0,0.0,0.0,0.0,0.0,0.0
1,0,1.0,0.0,0.0,0.0,0.0,0.0,0.0,0.0,0.0
1,0,1.0,0.0,0.0,0.0,0.0,0.0,0.0,0.0,0.0
1,0,1.0,0.0,0.0,0.0,0.0,0.0,0.0,0.0,0.0
1,0,1.0,0.0,0.0,0.0,0.0,0.0,0.0,0.0,0.0
1,0,1.0,0.0,0.0,0.0,0.0,0.0,0.0,0.0,0.0
1,0,1.0,0.0,0.0,0.0,0.0,0.0,0.0,0.0,0.0
1,0,1.0,0.0,0.0,0.0,0.0,0.0,0.0,0.0,0.0
1,0,1.0,0.0,0.0,0.0,0.0,0.0,0.0,0.0,0.0
1,0,1.0,0.0,0.0,0.0,0.0,0.0,0.0,0.0,0.0
1,0,1.0,0.0,0.0,0.0,0.0,0.0,0.0,0.0,0.0
1,0,1.0,0.0,0.0,0.0,0.0,0.0,0.0,0.0,0.0
1,0,1.0,0.0,0.0,0.0,0.0,0.0,0.0,0.0,0.0
1,0,1.0,0.0,0.0,0.0,0.0,0.0,0.0,0.0,0.0
1,0,1.0,0.0,0.0,0.0,0.0,0.0,0.0,0.0,0.0
1,0,1.0,0.0,0.0,0.0,0.0,0.0,0.0,0.0,0.0
1,0,1.0,0.0,0.0,0.0,0.0,0.0,0.0,0.0,0.0
1,0,1.0,0.0,0.0,0.0,0.0,0.0,0.0,0.0,0.0
1,0,1.0,0.0,0.0,0.0,0.0,0.0,0.0,0.0,0.0
1,0,1.0,0.0,0.0,0.0,0.0,0.0,0.0,0.0,0.0
1,0,1.0,0.0,0.0,0.0,0.0,0.0,0.0,0.0,0.0
1,0,1.0,0.0,0.0,0.0,0.0,0.0,0.0,0.0,0.0
1,0,1.0,0.0,0.0,0.0,0.0,0.0,0.0,0.0,0.0
1,0,1.0,0.0,0.0,0.0,0.0,0.0,0.0,0.0,0.0
1,0,1.0,0.0,0.0,0.0,0.0,0.0,0.0,0.0,0.0
1,0,1.0,0.0,0.0,0.0,0.0,0.0,0.0,0.0,0.0
1,0,1.0,0.0,0.0,0.0,0.0,0.0,0.0,0.0,0.0
1,0,1.0,0.0,0.0,0.0,0.0,0.0,0.0,0.0,0.0
1,0,1.0,0.0,0.0,0.0,0.0,0.0,0.0,0.0,0.0
1,0,1.0,0.0,0.0,0.0,0.0,0.0,0.0,0.0,0.0
1,0,1.0,0.0,0.0,0.0,0.0,0.0,0.0,0.0,0.0
1,0,1.0,0.0,0.0,0.0,0.0,0.0,0.0,0.0,0.0
1,0,1.0,0.0,0.0,0.0,0.0,0.0,0.0,0.0,0.0
1,0,1.0,0.0,0.0,0.0,0.0,0.0,0.0,0.0,0.0
1,0,1.0,0.0,0.0,0.0,0.0,0.0,0.0,0.0,0.0
1,0,1.0,0.0,0.0,0.0,0.0,0.0,0.0,0.0,0.0
1,0,1.0,0.0,0.0,0.0,0.0,0.0,0.0,0.0,0.0
1,0,1.0,0.0,0.0,0.0,0.0,0.0,0.0,0.0,0.0
1,0,1.0,0.0,0.0,0.0,0.0,0.0,0.0,0.0,0.0
1,0,1.0,0.0,0.0,0.0,0.0,0.0,0.0,0.0,0.0
1,0,1.0,0.0,0.0,0.0,0.0,0.0,0.0,0.0,0.0
1,0,1.0,0.0,0.0,0.0,0.0,0.0,0.0,0.0,0.0
1,0,1.0,0.0,0.0,0.0,0.0,0.0,0.0,0.0,0.0
1,0,1.0,0.0,0.0,0.0,0.0,0.0,0.0,0.0,0.0
1,0,1.0,0.0,0.0,0.0,0.0,0.0,0.0,0.0,0.0
1,0,1.0,0.0,0.0,0.0,0.0,0.0,0.0,0.0,0.0
1,0,1.0,0.0,0.0,0.0,0.0,0.0,0.0,0.0,0.0
1,0,1.0,0.0,0.0,0.0,0.0,0.0,0.0,0.0,0.0
1,0,1.0,0.0,0.0,0.0,0.0,0.0,0.0,0.0,0.0
1,0,1.0,0.0,0.0,0.0,0.0,0.0,0.0,0.0,0.0
1,0,1.0,0.0,0.0,0.0,0.0,0.0,0.0,0.0,0.0
1,0,1.0,0.0,0.0,0.0,0.0,0.0,0.0,0.0,0.0
1,0,1.0,0.0,0.0,0.0,0.0,0.0,0.0,0.0,0.0
1,0,1.0,0.0,0.0,0.0,0.0,0.0,0.0,0.0,0.0
1,0,1.0,0.0,0.0,0.0,0.0,0.0,0.0,0.0,0.0
1,0,1.0,0.0,0.0,0.0,0.0,0.0,0.0,0.0,0.0
1,0,1.0,0.0,0.0,0.0,0.0,0.0,0.0,0.0,0.0
1,0,1.0,0.0,0.0,0.0,0.0,0.0,0.0,0.0,0.0
1,0,1.0,0.0,0.0,0.0,0.0,0.0,0.0,0.0,0.0
1,0,1.0,0.0,0.0,0.0,0.0,0.0,0.0,0.0,0.0
1,0,1.0,0.0,0.0,0.0,0.0,0.0,0.0,0.0,0.0
1,0,1.0,0.0,0.0,0.0,0.0,0.0,0.0,0.0,0.0
1,0,1.0,0.0,0.0,0.0,0.0,0.0,0.0,0.0,0.0
1,0,1.0,0.0,0.0,0.0,0.0,0.0,0.0,0.0,0.0
1,0,1.0,0.0,0.0,0.0,0.0,0.0,0.0,0.0,0.0
1,0,1.0,0.0,0.0,0.0,0.0,0.0,0.0,0.0,0.0
1,0,1.0,0.0,0.0,0.0,0.0,0.0,0.0,0.0,0.0
1,0,1.0,0.0,0.0,0.0,0.0,0.0,0.0,0.0,0.0
1,0,1.0,0.0,0.0,0.0,0.0,0.0,0.0,0.0,0.0
1,0,1.0,0.0,0.0,0.0,0.0,0.0,0.0,0.0,0.0
1,0,1.0,0.0,0.0,0.0,0.0,0.0,0.0,0.0,0.0
1,0,1.0,0.0,0.0,0.0,0.0,0.0,0.0,0.0,0.0
1,0,1.0,0.0,0.0,0.0,0.0,0.0,0.0,0.0,0.0
1,0,1.0,0.0,0.0,0.0,0.0,0.0,0.0,0.0,0.0
1,0,1.0,0.0,0.0,0.0,0.0,0.0,0.0,0.0,0.0
1,0,1.0,0.0,0.0,0.0,0.0,0.0,0.0,0.0,0.0
1,0,1.0,0.0,0.0,0.0,0.0,0.0,0.0,0.0,0.0
1,0,1.0,0.0,0.0,0.0,0.0,0.0,0.0,0.0,0.0
1,0,1.0,0.0,0.0,0.0,0.0,0.0,0.0,0.0,0.0
1,0,1.0,0.0,0.0,0.0,0.0,0.0,0.0,0.0,0.0
1,0,1.0,0.0,0.0,0.0,0.0,0.0,0.0,0.0,0.0
1,0,1.0,0.0,0.0,0.0,0.0,0.0,0.0,0.0,0.0
1,0,1.0,0.0,0.0,0.0,0.0,0.0,0.0,0.0,0.0
1,0,1.0,0.0,0.0,0.0,0.0,0.0,0.0,0.0,0.0
1,0,1.0,0.0,0.0,0.0,0.0,0.0,0.0,0.0,0.0
1,0,1.0,0.0,0.0,0.0,0.0,0.0,0.0,0.0,0.0
1,0,1.0,0.0,0.0,0.0,0.0,0.0,0.0,0.0,0.0
1,0,1.0,0.0,0.0,0.0,0.0,0.0,0.0,0.0,0.0
1,0,1.0,0.0,0.0,0.0,0.0,0.0,0.0,0.0,0.0
1,0,1.0,0.0,0.0,0.0,0.0,0.0,0.0,0.0,0.0
1,0,1.0,0.0,0.0,0.0,0.0,0.0,0.0,0.0,0.0
1,0,1.0,0.0,0.0,0.0,0.0,0.0,0.0,0.0,0.0
1,0,1.0,0.0,0.0,0.0,0.0,0.0,0.0,0.0,0.0
1,0,1.0,0.0,0.0,0.0,0.0,0.0,0.0,0.0,0.0
1,0,1.0,0.0,0.0,0.0,0.0,0.0,0.0,0.0,0.0
1,0,1.0,0.0,0.0,0.0,0.0,0.0,0.0,0.0,0.0
1,0,1.0,0.0,0.0,0.0,0.0,0.0,0.0,0.0,0.0
1,0,1.0,0.0,0.0,0.0,0.0,0.0,0.0,0.0,0.0
1,0,1.0,0.0,0.0,0.0,0.0,0.0,0.0,0.0,0.0
1,0,1.0,0.0,0.0,0.0,0.0,0.0,0.0,0.0,0.0
1,0,1.0,0.0,0.0,0.0,0.0,0.0,0.0,0.0,0.0
1,0,1.0,0.0,0.0,0.0,0.0,0.0,0.0,0.0,0.0
1,0,1.0,0.0,0.0,0.0,0.0,0.0,0.0,0.0,0.0
1,0,1.0,0.0,0.0,0.0,0.0,0.0,0.0,0.0,0.0
1,0,1.0,0.0,0.0,0.0,0.0,0.0,0.0,0.0,0.0
1,0,1.0,0.0,0.0,0.0,0.0,0.0,0.0,0.0,0.0
1,0,1.0,0.0,0.0,0.0,0.0,0.0,0.0,0.0,0.0
1,0,1.0,0.0,0.0,0.0,0.0,0.0,0.0,0.0,0.0
1,0,1.0,0.0,0.0,0.0,0.0,0.0,0.0,0.0,0.0
1,0,1.0,0.0,0.0,0.0,0.0,0.0,0.0,0.0,0.0
1,0,1.0,0.0,0.0,0.0,0.0,0.0,0.0,0.0,0.0
1,0,1.0,0.0,0.0,0.0,0.0,0.0,0.0,0.0,0.0
1,0,1.0,0.0,0.0,0.0,0.0,0.0,0.0,0.0,0.0
1,0,1.0,0.0,0.0,0.0,0.0,0.0,0.0,0.0,0.0
1,0,1.0,0.0,0.0,0.0,0.0,0.0,0.0,0.0,0.0
1,0,1.0,0.0,0.0,0.0,0.0,0.0,0.0,0.0,0.0
1,0,1.0,0.0,0.0,0.0,0.0,0.0,0.0,0.0,0.0
1,0,1.0,0.0,0.0,0.0,0.0,0.0,0.0,0.0,0.0
1,0,1.0,0.0,0.0,0.0,0.0,0.0,0.0,0.0,0.0
1,0,1.0,0.0,0.0,0.0,0.0,0.0,0.0,0.0,0.0
1,0,1.0,0.0,0.0,0.0,0.0,0.0,0.0,0.0,0.0
1,0,1.0,0.0,0.0,0.0,0.0,0.0,0.0,0.0,0.0
1,0,1.0,0.0,0.0,0.0,0.0,0.0,0.0,0.0,0.0
1,0,1.0,0.0,0.0,0.0,0.0,0.0,0.0,0.0,0.0
1,0,1.0,0.0,0.0,0.0,0.0,0.0,0.0,0.0,0.0
1,0,1.0,0.0,0.0,0.0,0.0,0.0,0.0,0.0,0.0
1,0,1.0,0.0,0.0,0.0,0.0,0.0,0.0,0.0,0.0
1,0,1.0,0.0,0.0,0.0,0.0,0.0,0.0,0.0,0.0
1,0,1.0,0.0,0.0,0.0,0.0,0.0,0.0,0.0,0.0
1,0,1.0,0.0,0.0,0.0,0.0,0.0,0.0,0.0,0.0
1,0,1.0,0.0,0.0,0.0,0.0,0.0,0.0,0.0,0.0
1,0,1.0,0.0,0.0,0.0,0.0,0.0,0.0,0.0,0.0
1,0,1.0,0.0,0.0,0.0,0.0,0.0,0.0,0.0,0.0
1,0,1.0,0.0,0.0,0.0,0.0,0.0,0.0,0.0,0.0
1,0,1.0,0.0,0.0,0.0,0.0,0.0,0.0,0.0,0.0
1,0,1.0,0.0,0.0,0.0,0.0,0.0,0.0,0.0,0.0
1,0,1.0,0.0,0.0,0.0,0.0,0.0,0.0,0.0,0.0
1,0,1.0,0.0,0.0,0.0,0.0,0.0,0.0,0.0,0.0
1,0,1.0,0.0,0.0,0.0,0.0,0.0,0.0,0.0,0.0
1,0,1.0,0.0,0.0,0.0,0.0,0.0,0.0,0.0,0.0
1,0,1.0,0.0,0.0,0.0,0.0,0.0,0.0,0.0,0.0
1,0,1.0,0.0,0.0,0.0,0.0,0.0,0.0,0.0,0.0
1,0,1.0,0.0,0.0,0.0,0.0,0.0,0.0,0.0,0.0
1,0,1.0,0.0,0.0,0.0,0.0,0.0,0.0,0.0,0.0
1,0,1.0,0.0,0.0,0.0,0.0,0.0,0.0,0.0,0.0
1,0,1.0,0.0,0.0,0.0,0.0,0.0,0.0,0.0,0.0
1,0,1.0,0.0,0.0,0.0,0.0,0.0,0.0,0.0,0.0
1,0,1.0,0.0,0.0,0.0,0.0,0.0,0.0,0.0,0.0
1,0,1.0,0.0,0.0,0.0,0.0,0.0,0.0,0.0,0.0
1,0,1.0,0.0,0.0,0.0,0.0,0.0,0.0,0.0,0.0
1,0,1.0,0.0,0.0,0.0,0.0,0.0,0.0,0.0,0.0
1,0,1.0,0.0,0.0,0.0,0.0,0.0,0.0,0.0,0.0
1,0,1.0,0.0,0.0,0.0,0.0,0.0,0.0,0.0,0.0
1,0,1.0,0.0,0.0,0.0,0.0,0.0,0.0,0.0,0.0
1,0,1.0,0.0,0.0,0.0,0.0,0.0,0.0,0.0,0.0
1,0,1.0,0.0,0.0,0.0,0.0,0.0,0.0,0.0,0.0
1,0,1.0,0.0,0.0,0.0,0.0,0.0,0.0,0.0,0.0
1,0,1.0,0.0,0.0,0.0,0.0,0.0,0.0,0.0,0.0
1,0,1.0,0.0,0.0,0.0,0.0,0.0,0.0,0.0,0.0
1,0,1.0,0.0,0.0,0.0,0.0,0.0,0.0,0.0,0.0
1,0,1.0,0.0,0.0,0.0,0.0,0.0,0.0,0.0,0.0
1,0,1.0,0.0,0.0,0.0,0.0,0.0,0.0,0.0,0.0
1,0,1.0,0.0,0.0,0.0,0.0,0.0,0.0,0.0,0.0
1,0,1.0,0.0,0.0,0.0,0.0,0.0,0.0,0.0,0.0
1,0,1.0,0.0,0.0,0.0,0.0,0.0,0.0,0.0,0.0
1,0,1.0,0.0,0.0,0.0,0.0,0.0,0.0,0.0,0.0
1,0,1.0,0.0,0.0,0.0,0.0,0.0,0.0,0.0,0.0
1,0,1.0,0.0,0.0,0.0,0.0,0.0,0.0,0.0,0.0
1,0,1.0,0.0,0.0,0.0,0.0,0.0,0.0,0.0,0.0
1,0,1.0,0.0,0.0,0.0,0.0,0.0,0.0,0.0,0.0
1,0,1.0,0.0,0.0,0.0,0.0,0.0,0.0,0.0,0.0
1,0,1.0,0.0,0.0,0.0,0.0,0.0,0.0,0.0,0.0
1,0,1.0,0.0,0.0,0.0,0.0,0.0,0.0,0.0,0.0
1,0,1.0,0.0,0.0,0.0,0.0,0.0,0.0,0.0,0.0
1,0,1.0,0.0,0.0,0.0,0.0,0.0,0.0,0.0,0.0
1,0,1.0,0.0,0.0,0.0,0.0,0.0,0.0,0.0,0.0
1,0,1.0,0.0,0.0,0.0,0.0,0.0,0.0,0.0,0.0
1,0,1.0,0.0,0.0,0.0,0.0,0.0,0.0,0.0,0.0
1,0,1.0,0.0,0.0,0.0,0.0,0.0,0.0,0.0,0.0
1,0,1.0,0.0,0.0,0.0,0.0,0.0,0.0,0.0,0.0
1,0,1.0,0.0,0.0,0.0,0.0,0.0,0.0,0.0,0.0
1,0,1.0,0.0,0.0,0.0,0.0,0.0,0.0,0.0,0.0
1,0,1.0,0.0,0.0,0.0,0.0,0.0,0.0,0.0,0.0
1,0,1.0,0.0,0.0,0.0,0.0,0.0,0.0,0.0,0.0
1,0,1.0,0.0,0.0,0.0,0.0,0.0,0.0,0.0,0.0
1,0,1.0,0.0,0.0,0.0,0.0,0.0,0.0,0.0,0.0
1,0,1.0,0.0,0.0,0.0,0.0,0.0,0.0,0.0,0.0
1,0,1.0,0.0,0.0,0.0,0.0,0.0,0.0,0.0,0.0
1,0,1.0,0.0,0.0,0.0,0.0,0.0,0.0,0.0,0.0
1,0,1.0,0.0,0.0,0.0,0.0,0.0,0.0,0.0,0.0
1,0,1.0,0.0,0.0,0.0,0.0,0.0,0.0,0.0,0.0
1,0,1.0,0.0,0.0,0.0,0.0,0.0,0.0,0.0,0.0
1,0,1.0,0.0,0.0,0.0,0.0,0.0,0.0,0.0,0.0
1,0,1.0,0.0,0.0,0.0,0.0,0.0,0.0,0.0,0.0
1,0,1.0,0.0,0.0,0.0,0.0,0.0,0.0,0.0,0.0
1,0,1.0,0.0,0.0,0.0,0.0,0.0,0.0,0.0,0.0
1,0,1.0,0.0,0.0,0.0,0.0,0.0,0.0,0.0,0.0
1,0,1.0,0.0,0.0,0.0,0.0,0.0,0.0,0.0,0.0
1,0,1.0,0.0,0.0,0.0,0.0,0.0,0.0,0.0,0.0
1,0,1.0,0.0,0.0,0.0,0.0,0.0,0.0,0.0,0.0
1,0,1.0,0.0,0.0,0.0,0.0,0.0,0.0,0.0,0.0
1,0,1.0,0.0,0.0,0.0,0.0,0.0,0.0,0.0,0.0
1,0,1.0,0.0,0.0,0.0,0.0,0.0,0.0,0.0,0.0
1,0,1.0,0.0,0.0,0.0,0.0,0.0,0.0,0.0,0.0
1,0,1.0,0.0,0.0,0.0,0.0,0.0,0.0,0.0,0.0
1,0,1.0,0.0,0.0,0.0,0.0,0.0,0.0,0.0,0.0
1,0,1.0,0.0,0.0,0.0,0.0,0.0,0.0,0.0,0.0
1,0,1.0,0.0,0.0,0.0,0.0,0.0,0.0,0.0,0.0
1,0,1.0,0.0,0.0,0.0,0.0,0.0,0.0,0.0,0.0
1,0,1.0,0.0,0.0,0.0,0.0,0.0,0.0,0.0,0.0
1,0,1.0,0.0,0.0,0.0,0.0,0.0,0.0,0.0,0.0
1,0,1.0,0.0,0.0,0.0,0.0,0.0,0.0,0.0,0.0
1,0,1.0,0.0,0.0,0.0,0.0,0.0,0.0,0.0,0.0
1,0,1.0,0.0,0.0,0.0,0.0,0.0,0.0,0.0,0.0
1,0,1.0,0.0,0.0,0.0,0.0,0.0,0.0,0.0,0.0
1,0,1.0,0.0,0.0,0.0,0.0,0.0,0.0,0.0,0.0
1,0,1.0,0.0,0.0,0.0,0.0,0.0,0.0,0.0,0.0
1,0,1.0,0.0,0.0,0.0,0.0,0.0,0.0,0.0,0.0
1,0,1.0,0.0,0.0,0.0,0.0,0.0,0.0,0.0,0.0
1,0,1.0,0.0,0.0,0.0,0.0,0.0,0.0,0.0,0.0
1,0,1.0,0.0,0.0,0.0,0.0,0.0,0.0,0.0,0.0
1,0,1.0,0.0,0.0,0.0,0.0,0.0,0.0,0.0,0.0
1,0,1.0,0.0,0.0,0.0,0.0,0.0,0.0,0.0,0.0
1,0,1.0,0.0,0.0,0.0,0.0,0.0,0.0,0.0,0.0
1,0,1.0,0.0,0.0,0.0,0.0,0.0,0.0,0.0,0.0
1,0,1.0,0.0,0.0,0.0,0.0,0.0,0.0,0.0,0.0
1,0,1.0,0.0,0.0,0.0,0.0,0.0,0.0,0.0,0.0
1,0,1.0,0.0,0.0,0.0,0.0,0.0,0.0,0.0,0.0
1,0,1.0,0.0,0.0,0.0,0.0,0.0,0.0,0.0,0.0
1,0,1.0,0.0,0.0,0.0,0.0,0.0,0.0,0.0,0.0
1,0,1.0,0.0,0.0,0.0,0.0,0.0,0.0,0.0,0.0
1,0,1.0,0.0,0.0,0.0,0.0,0.0,0.0,0.0,0.0
1,0,1.0,0.0,0.0,0.0,0.0,0.0,0.0,0.0,0.0
1,0,1.0,0.0,0.0,0.0,0.0,0.0,0.0,0.0,0.0
1,0,1.0,0.0,0.0,0.0,0.0,0.0,0.0,0.0,0.0
1,0,1.0,0.0,0.0,0.0,0.0,0.0,0.0,0.0,0.0
1,0,1.0,0.0,0.0,0.0,0.0,0.0,0.0,0.0,0.0
1,0,1.0,0.0,0.0,0.0,0.0,0.0,0.0,0.0,0.0
1,0,1.0,0.0,0.0,0.0,0.0,0.0,0.0,0.0,0.0
1,0,1.0,0.0,0.0,0.0,0.0,0.0,0.0,0.0,0.0
1,0,1.0,0.0,0.0,0.0,0.0,0.0,0.0,0.0,0.0
1,0,1.0,0.0,0.0,0.0,0.0,0.0,0.0,0.0,0.0
1,0,1.0,0.0,0.0,0.0,0.0,0.0,0.0,0.0,0.0
1,0,1.0,0.0,0.0,0.0,0.0,0.0,0.0,0.0,0.0
1,0,1.0,0.0,0.0,0.0,0.0,0.0,0.0,0.0,0.0
1,0,1.0,0.0,0.0,0.0,0.0,0.0,0.0,0.0,0.0
1,0,1.0,0.0,0.0,0.0,0.0,0.0,0.0,0.0,0.0
1,0,1.0,0.0,0.0,0.0,0.0,0.0,0.0,0.0,0.0
1,0,1.0,0.0,0.0,0.0,0.0,0.0,0.0,0.0,0.0
1,0,1.0,0.0,0.0,0.0,0.0,0.0,0.0,0.0,0.0
1,0,1.0,0.0,0.0,0.0,0.0,0.0,0.0,0.0,0.0
1,0,1.0,0.0,0.0,0.0,0.0,0.0,0.0,0.0,0.0
1,0,1.0,0.0,0.0,0.0,0.0,0.0,0.0,0.0,0.0
1,0,1.0,0.0,0.0,0.0,0.0,0.0,0.0,0.0,0.0
1,0,1.0,0.0,0.0,0.0,0.0,0.0,0.0,0.0,0.0
1,0,1.0,0.0,0.0,0.0,0.0,0.0,0.0,0.0,0.0
1,0,1.0,0.0,0.0,0.0,0.0,0.0,0.0,0.0,0.0
1,0,1.0,0.0,0.0,0.0,0.0,0.0,0.0,0.0,0.0
1,0,1.0,0.0,0.0,0.0,0.0,0.0,0.0,0.0,0.0
1,0,1.0,0.0,0.0,0.0,0.0,0.0,0.0,0.0,0.0
1,0,1.0,0.0,0.0,0.0,0.0,0.0,0.0,0.0,0.0
1,0,1.0,0.0,0.0,0.0,0.0,0.0,0.0,0.0,0.0
1,0,1.0,0.0,0.0,0.0,0.0,0.0,0.0,0.0,0.0
1,0,1.0,0.0,0.0,0.0,0.0,0.0,0.0,0.0,0.0
1,0,1.0,0.0,0.0,0.0,0.0,0.0,0.0,0.0,0.0
1,0,1.0,0.0,0.0,0.0,0.0,0.0,0.0,0.0,0.0
1,0,1.0,0.0,0.0,0.0,0.0,0.0,0.0,0.0,0.0
1,0,1.0,0.0,0.0,0.0,0.0,0.0,0.0,0.0,0.0
1,0,1.0,0.0,0.0,0.0,0.0,0.0,0.0,0.0,0.0
1,0,1.0,0.0,0.0,0.0,0.0,0.0,0.0,0.0,0.0
1,0,1.0,0.0,0.0,0.0,0.0,0.0,0.0,0.0,0.0
1,0,1.0,0.0,0.0,0.0,0.0,0.0,0.0,0.0,0.0
1,0,1.0,0.0,0.0,0.0,0.0,0.0,0.0,0.0,0.0
1,0,1.0,0.0,0.0,0.0,0.0,0.0,0.0,0.0,0.0
1,0,1.0,0.0,0.0,0.0,0.0,0.0,0.0,0.0,0.0
1,0,1.0,0.0,0.0,0.0,0.0,0.0,0.0,0.0,0.0
1,0,1.0,0.0,0.0,0.0,0.0,0.0,0.0,0.0,0.0
1,0,1.0,0.0,0.0,0.0,0.0,0.0,0.0,0.0,0.0
1,0,1.0,0.0,0.0,0.0,0.0,0.0,0.0,0.0,0.0
1,0,1.0,0.0,0.0,0.0,0.0,0.0,0.0,0.0,0.0
1,0,1.0,0.0,0.0,0.0,0.0,0.0,0.0,0.0,0.0
1,0,1.0,0.0,0.0,0.0,0.0,0.0,0.0,0.0,0.0
1,0,1.0,0.0,0.0,0.0,0.0,0.0,0.0,0.0,0.0
1,0,1.0,0.0,0.0,0.0,0.0,0.0,0.0,0.0,0.0
1,0,1.0,0.0,0.0,0.0,0.0,0.0,0.0,0.0,0.0
1,0,1.0,0.0,0.0,0.0,0.0,0.0,0.0,0.0,0.0
1,0,1.0,0.0,0.0,0.0,0.0,0.0,0.0,0.0,0.0
1,0,1.0,0.0,0.0,0.0,0.0,0.0,0.0,0.0,0.0
1,0,1.0,0.0,0.0,0.0,0.0,0.0,0.0,0.0,0.0
1,0,1.0,0.0,0.0,0.0,0.0,0.0,0.0,0.0,0.0
1,0,1.0,0.0,0.0,0.0,0.0,0.0,0.0,0.0,0.0
1,0,1.0,0.0,0.0,0.0,0.0,0.0,0.0,0.0,0.0
1,0,1.0,0.0,0.0,0.0,0.0,0.0,0.0,0.0,0.0
1,0,1.0,0.0,0.0,0.0,0.0,0.0,0.0,0.0,0.0
1,0,1.0,0.0,0.0,0.0,0.0,0.0,0.0,0.0,0.0
1,0,1.0,0.0,0.0,0.0,0.0,0.0,0.0,0.0,0.0
1,0,1.0,0.0,0.0,0.0,0.0,0.0,0.0,0.0,0.0
1,0,1.0,0.0,0.0,0.0,0.0,0.0,0.0,0.0,0.0
1,0,1.0,0.0,0.0,0.0,0.0,0.0,0.0,0.0,0.0
1,0,1.0,0.0,0.0,0.0,0.0,0.0,0.0,0.0,0.0
1,0,1.0,0.0,0.0,0.0,0.0,0.0,0.0,0.0,0.0
1,0,1.0,0.0,0.0,0.0,0.0,0.0,0.0,0.0,0.0
1,0,1.0,0.0,0.0,0.0,0.0,0.0,0.0,0.0,0.0
1,0,1.0,0.0,0.0,0.0,0.0,0.0,0.0,0.0,0.0
1,0,1.0,0.0,0.0,0.0,0.0,0.0,0.0,0.0,0.0
1,0,1.0,0.0,0.0,0.0,0.0,0.0,0.0,0.0,0.0
1,0,1.0,0.0,0.0,0.0,0.0,0.0,0.0,0.0,0.0
1,0,1.0,0.0,0.0,0.0,0.0,0.0,0.0,0.0,0.0
1,0,1.0,0.0,0.0,0.0,0.0,0.0,0.0,0.0,0.0
1,0,1.0,0.0,0.0,0.0,0.0,0.0,0.0,0.0,0.0
1,0,1.0,0.0,0.0,0.0,0.0,0.0,0.0,0.0,0.0
1,0,1.0,0.0,0.0,0.0,0.0,0.0,0.0,0.0,0.0
1,0,1.0,0.0,0.0,0.0,0.0,0.0,0.0,0.0,0.0
1,0,1.0,0.0,0.0,0.0,0.0,0.0,0.0,0.0,0.0
1,0,1.0,0.0,0.0,0.0,0.0,0.0,0.0,0.0,0.0
1,0,1.0,0.0,0.0,0.0,0.0,0.0,0.0,0.0,0.0
1,0,1.0,0.0,0.0,0.0,0.0,0.0,0.0,0.0,0.0
1,0,1.0,0.0,0.0,0.0,0.0,0.0,0.0,0.0,0.0
1,0,1.0,0.0,0.0,0.0,0.0,0.0,0.0,0.0,0.0
1,0,1.0,0.0,0.0,0.0,0.0,0.0,0.0,0.0,0.0
1,0,1.0,0.0,0.0,0.0,0.0,0.0,0.0,0.0,0.0
1,0,1.0,0.0,0.0,0.0,0.0,0.0,0.0,0.0,0.0
1,0,1.0,0.0,0.0,0.0,0.0,0.0,0.0,0.0,0.0
1,0,1.0,0.0,0.0,0.0,0.0,0.0,0.0,0.0,0.0
1,0,1.0,0.0,0.0,0.0,0.0,0.0,0.0,0.0,0.0
1,0,1.0,0.0,0.0,0.0,0.0,0.0,0.0,0.0,0.0
1,0,1.0,0.0,0.0,0.0,0.0,0.0,0.0,0.0,0.0
1,0,1.0,0.0,0.0,0.0,0.0,0.0,0.0,0.0,0.0
1,0,1.0,0.0,0.0,0.0,0.0,0.0,0.0,0.0,0.0
1,0,1.0,0.0,0.0,0.0,0.0,0.0,0.0,0.0,0.0
1,0,1.0,0.0,0.0,0.0,0.0,0.0,0.0,0.0,0.0
1,0,1.0,0.0,0.0,0.0,0.0,0.0,0.0,0.0,0.0
1,0,1.0,0.0,0.0,0.0,0.0,0.0,0.0,0.0,0.0
1,0,1.0,0.0,0.0,0.0,0.0,0.0,0.0,0.0,0.0
1,0,1.0,0.0,0.0,0.0,0.0,0.0,0.0,0.0,0.0
1,0,1.0,0.0,0.0,0.0,0.0,0.0,0.0,0.0,0.0
1,0,1.0,0.0,0.0,0.0,0.0,0.0,0.0,0.0,0.0
1,0,1.0,0.0,0.0,0.0,0.0,0.0,0.0,0.0,0.0
1,0,1.0,0.0,0.0,0.0,0.0,0.0,0.0,0.0,0.0
1,0,1.0,0.0,0.0,0.0,0.0,0.0,0.0,0.0,0.0
1,0,1.0,0.0,0.0,0.0,0.0,0.0,0.0,0.0,0.0
1,0,1.0,0.0,0.0,0.0,0.0,0.0,0.0,0.0,0.0
1,0,1.0,0.0,0.0,0.0,0.0,0.0,0.0,0.0,0.0
1,0,1.0,0.0,0.0,0.0,0.0,0.0,0.0,0.0,0.0
1,0,1.0,0.0,0.0,0.0,0.0,0.0,0.0,0.0,0.0
1,0,1.0,0.0,0.0,0.0,0.0,0.0,0.0,0.0,0.0
1,0,1.0,0.0,0.0,0.0,0.0,0.0,0.0,0.0,0.0
1,0,1.0,0.0,0.0,0.0,0.0,0.0,0.0,0.0,0.0
1,0,1.0,0.0,0.0,0.0,0.0,0.0,0.0,0.0,0.0
1,0,1.0,0.0,0.0,0.0,0.0,0.0,0.0,0.0,0.0
1,0,1.0,0.0,0.0,0.0,0.0,0.0,0.0,0.0,0.0
1,0,1.0,0.0,0.0,0.0,0.0,0.0,0.0,0.0,0.0
1,0,1.0,0.0,0.0,0.0,0.0,0.0,0.0,0.0,0.0
1,0,1.0,0.0,0.0,0.0,0.0,0.0,0.0,0.0,0.0
1,0,1.0,0.0,0.0,0.0,0.0,0.0,0.0,0.0,0.0
1,0,1.0,0.0,0.0,0.0,0.0,0.0,0.0,0.0,0.0
1,0,1.0,0.0,0.0,0.0,0.0,0.0,0.0,0.0,0.0
1,0,1.0,0.0,0.0,0.0,0.0,0.0,0.0,0.0,0.0
1,0,1.0,0.0,0.0,0.0,0.0,0.0,0.0,0.0,0.0
1,0,1.0,0.0,0.0,0.0,0.0,0.0,0.0,0.0,0.0
1,0,1.0,0.0,0.0,0.0,0.0,0.0,0.0,0.0,0.0
1,0,1.0,0.0,0.0,0.0,0.0,0.0,0.0,0.0,0.0
1,0,1.0,0.0,0.0,0.0,0.0,0.0,0.0,0.0,0.0
1,0,1.0,0.0,0.0,0.0,0.0,0.0,0.0,0.0,0.0
1,0,1.0,0.0,0.0,0.0,0.0,0.0,0.0,0.0,0.0
1,0,1.0,0.0,0.0,0.0,0.0,0.0,0.0,0.0,0.0
1,0,1.0,0.0,0.0,0.0,0.0,0.0,0.0,0.0,0.0
1,0,1.0,0.0,0.0,0.0,0.0,0.0,0.0,0.0,0.0
1,0,1.0,0.0,0.0,0.0,0.0,0.0,0.0,0.0,0.0
1,0,1.0,0.0,0.0,0.0,0.0,0.0,0.0,0.0,0.0
1,0,1.0,0.0,0.0,0.0,0.0,0.0,0.0,0.0,0.0
1,0,1.0,0.0,0.0,0.0,0.0,0.0,0.0,0.0,0.0
1,0,1.0,0.0,0.0,0.0,0.0,0.0,0.0,0.0,0.0
1,0,1.0,0.0,0.0,0.0,0.0,0.0,0.0,0.0,0.0
1,0,1.0,0.0,0.0,0.0,0.0,0.0,0.0,0.0,0.0
1,0,1.0,0.0,0.0,0.0,0.0,0.0,0.0,0.0,0.0
1,0,1.0,0.0,0.0,0.0,0.0,0.0,0.0,0.0,0.0
1,0,1.0,0.0,0.0,0.0,0.0,0.0,0.0,0.0,0.0
1,0,1.0,0.0,0.0,0.0,0.0,0.0,0.0,0.0,0.0
1,0,1.0,0.0,0.0,0.0,0.0,0.0,0.0,0.0,0.0
1,0,1.0,0.0,0.0,0.0,0.0,0.0,0.0,0.0,0.0
1,0,1.0,0.0,0.0,0.0,0.0,0.0,0.0,0.0,0.0
1,0,1.0,0.0,0.0,0.0,0.0,0.0,0.0,0.0,0.0
1,0,1.0,0.0,0.0,0.0,0.0,0.0,0.0,0.0,0.0
1,0,1.0,0.0,0.0,0.0,0.0,0.0,0.0,0.0,0.0
1,0,1.0,0.0,0.0,0.0,0.0,0.0,0.0,0.0,0.0
1,0,1.0,0.0,0.0,0.0,0.0,0.0,0.0,0.0,0.0
1,0,1.0,0.0,0.0,0.0,0.0,0.0,0.0,0.0,0.0
1,0,1.0,0.0,0.0,0.0,0.0,0.0,0.0,0.0,0.0
1,0,1.0,0.0,0.0,0.0,0.0,0.0,0.0,0.0,0.0
1,0,1.0,0.0,0.0,0.0,0.0,0.0,0.0,0.0,0.0
1,0,1.0,0.0,0.0,0.0,0.0,0.0,0.0,0.0,0.0
1,0,1.0,0.0,0.0,0.0,0.0,0.0,0.0,0.0,0.0
1,0,1.0,0.0,0.0,0.0,0.0,0.0,0.0,0.0,0.0
1,0,1.0,0.0,0.0,0.0,0.0,0.0,0.0,0.0,0.0
1,0,1.0,0.0,0.0,0.0,0.0,0.0,0.0,0.0,0.0
1,0,1.0,0.0,0.0,0.0,0.0,0.0,0.0,0.0,0.0
1,0,1.0,0.0,0.0,0.0,0.0,0.0,0.0,0.0,0.0
1,0,1.0,0.0,0.0,0.0,0.0,0.0,0.0,0.0,0.0
1,0,1.0,0.0,0.0,0.0,0.0,0.0,0.0,0.0,0.0
1,0,1.0,0.0,0.0,0.0,0.0,0.0,0.0,0.0,0.0
1,0,1.0,0.0,0.0,0.0,0.0,0.0,0.0,0.0,0.0
1,0,1.0,0.0,0.0,0.0,0.0,0.0,0.0,0.0,0.0
1,0,1.0,0.0,0.0,0.0,0.0,0.0,0.0,0.0,0.0
1,0,1.0,0.0,0.0,0.0,0.0,0.0,0.0,0.0,0.0
1,0,1.0,0.0,0.0,0.0,0.0,0.0,0.0,0.0,0.0
1,0,1.0,0.0,0.0,0.0,0.0,0.0,0.0,0.0,0.0
1,0,1.0,0.0,0.0,0.0,0.0,0.0,0.0,0.0,0.0
1,0,1.0,0.0,0.0,0.0,0.0,0.0,0.0,0.0,0.0
1,0,1.0,0.0,0.0,0.0,0.0,0.0,0.0,0.0,0.0
1,0,1.0,0.0,0.0,0.0,0.0,0.0,0.0,0.0,0.0
1,0,1.0,0.0,0.0,0.0,0.0,0.0,0.0,0.0,0.0
1,0,1.0,0.0,0.0,0.0,0.0,0.0,0.0,0.0,0.0
1,0,1.0,0.0,0.0,0.0,0.0,0.0,0.0,0.0,0.0
1,0,1.0,0.0,0.0,0.0,0.0,0.0,0.0,0.0,0.0
1,0,1.0,0.0,0.0,0.0,0.0,0.0,0.0,0.0,0.0
1,0,1.0,0.0,0.0,0.0,0.0,0.0,0.0,0.0,0.0
1,0,1.0,0.0,0.0,0.0,0.0,0.0,0.0,0.0,0.0
1,0,1.0,0.0,0.0,0.0,0.0,0.0,0.0,0.0,0.0
1,0,1.0,0.0,0.0,0.0,0.0,0.0,0.0,0.0,0.0
1,0,1.0,0.0,0.0,0.0,0.0,0.0,0.0,0.0,0.0
1,0,1.0,0.0,0.0,0.0,0.0,0.0,0.0,0.0,0.0
1,0,1.0,0.0,0.0,0.0,0.0,0.0,0.0,0.0,0.0
1,0,1.0,0.0,0.0,0.0,0.0,0.0,0.0,0.0,0.0
1,0,1.0,0.0,0.0,0.0,0.0,0.0,0.0,0.0,0.0
1,0,1.0,0.0,0.0,0.0,0.0,0.0,0.0,0.0,0.0
1,0,1.0,0.0,0.0,0.0,0.0,0.0,0.0,0.0,0.0
1,0,1.0,0.0,0.0,0.0,0.0,0.0,0.0,0.0,0.0
1,0,1.0,0.0,0.0,0.0,0.0,0.0,0.0,0.0,0.0
1,0,1.0,0.0,0.0,0.0,0.0,0.0,0.0,0.0,0.0
1,0,1.0,0.0,0.0,0.0,0.0,0.0,0.0,0.0,0.0
1,0,1.0,0.0,0.0,0.0,0.0,0.0,0.0,0.0,0.0
1,0,1.0,0.0,0.0,0.0,0.0,0.0,0.0,0.0,0.0
1,0,1.0,0.0,0.0,0.0,0.0,0.0,0.0,0.0,0.0
1,0,1.0,0.0,0.0,0.0,0.0,0.0,0.0,0.0,0.0
1,0,1.0,0.0,0.0,0.0,0.0,0.0,0.0,0.0,0.0
1,0,1.0,0.0,0.0,0.0,0.0,0.0,0.0,0.0,0.0
1,0,1.0,0.0,0.0,0.0,0.0,0.0,0.0,0.0,0.0
1,0,1.0,0.0,0.0,0.0,0.0,0.0,0.0,0.0,0.0
1,0,1.0,0.0,0.0,0.0,0.0,0.0,0.0,0.0,0.0
1,0,1.0,0.0,0.0,0.0,0.0,0.0,0.0,0.0,0.0
1,0,1.0,0.0,0.0,0.0,0.0,0.0,0.0,0.0,0.0
1,0,1.0,0.0,0.0,0.0,0.0,0.0,0.0,0.0,0.0
1,0,1.0,0.0,0.0,0.0,0.0,0.0,0.0,0.0,0.0
1,0,1.0,0.0,0.0,0.0,0.0,0.0,0.0,0.0,0.0
1,0,1.0,0.0,0.0,0.0,0.0,0.0,0.0,0.0,0.0
1,0,1.0,0.0,0.0,0.0,0.0,0.0,0.0,0.0,0.0
1,0,1.0,0.0,0.0,0.0,0.0,0.0,0.0,0.0,0.0
1,0,1.0,0.0,0.0,0.0,0.0,0.0,0.0,0.0,0.0
1,0,1.0,0.0,0.0,0.0,0.0,0.0,0.0,0.0,0.0
1,0,1.0,0.0,0.0,0.0,0.0,0.0,0.0,0.0,0.0
1,0,1.0,0.0,0.0,0.0,0.0,0.0,0.0,0.0,0.0
1,0,1.0,0.0,0.0,0.0,0.0,0.0,0.0,0.0,0.0
1,0,1.0,0.0,0.0,0.0,0.0,0.0,0.0,0.0,0.0
1,0,1.0,0.0,0.0,0.0,0.0,0.0,0.0,0.0,0.0
1,0,1.0,0.0,0.0,0.0,0.0,0.0,0.0,0.0,0.0
1,0,1.0,0.0,0.0,0.0,0.0,0.0,0.0,0.0,0.0
1,0,1.0,0.0,0.0,0.0,0.0,0.0,0.0,0.0,0.0
1,0,1.0,0.0,0.0,0.0,0.0,0.0,0.0,0.0,0.0
1,0,1.0,0.0,0.0,0.0,0.0,0.0,0.0,0.0,0.0
1,0,1.0,0.0,0.0,0.0,0.0,0.0,0.0,0.0,0.0
1,0,1.0,0.0,0.0,0.0,0.0,0.0,0.0,0.0,0.0
1,0,1.0,0.0,0.0,0.0,0.0,0.0,0.0,0.0,0.0
1,0,1.0,0.0,0.0,0.0,0.0,0.0,0.0,0.0,0.0
1,0,1.0,0.0,0.0,0.0,0.0,0.0,0.0,0.0,0.0
1,0,1.0,0.0,0.0,0.0,0.0,0.0,0.0,0.0,0.0
1,0,1.0,0.0,0.0,0.0,0.0,0.0,0.0,0.0,0.0
1,0,1.0,0.0,0.0,0.0,0.0,0.0,0.0,0.0,0.0
1,0,1.0,0.0,0.0,0.0,0.0,0.0,0.0,0.0,0.0
1,0,1.0,0.0,0.0,0.0,0.0,0.0,0.0,0.0,0.0
1,0,1.0,0.0,0.0,0.0,0.0,0.0,0.0,0.0,0.0
1,0,1.0,0.0,0.0,0.0,0.0,0.0,0.0,0.0,0.0
1,0,1.0,0.0,0.0,0.0,0.0,0.0,0.0,0.0,0.0
1,0,1.0,0.0,0.0,0.0,0.0,0.0,0.0,0.0,0.0
1,0,1.0,0.0,0.0,0.0,0.0,0.0,0.0,0.0,0.0
1,0,1.0,0.0,0.0,0.0,0.0,0.0,0.0,0.0,0.0
1,0,1.0,0.0,0.0,0.0,0.0,0.0,0.0,0.0,0.0
1,0,1.0,0.0,0.0,0.0,0.0,0.0,0.0,0.0,0.0
1,0,1.0,0.0,0.0,0.0,0.0,0.0,0.0,0.0,0.0
1,0,1.0,0.0,0.0,0.0,0.0,0.0,0.0,0.0,0.0
1,0,1.0,0.0,0.0,0.0,0.0,0.0,0.0,0.0,0.0
1,0,1.0,0.0,0.0,0.0,0.0,0.0,0.0,0.0,0.0
1,0,1.0,0.0,0.0,0.0,0.0,0.0,0.0,0.0,0.0
1,0,1.0,0.0,0.0,0.0,0.0,0.0,0.0,0.0,0.0
1,0,1.0,0.0,0.0,0.0,0.0,0.0,0.0,0.0,0.0
1,0,1.0,0.0,0.0,0.0,0.0,0.0,0.0,0.0,0.0
1,0,1.0,0.0,0.0,0.0,0.0,0.0,0.0,0.0,0.0
1,0,1.0,0.0,0.0,0.0,0.0,0.0,0.0,0.0,0.0
1,0,1.0,0.0,0.0,0.0,0.0,0.0,0.0,0.0,0.0
1,0,1.0,0.0,0.0,0.0,0.0,0.0,0.0,0.0,0.0
1,0,1.0,0.0,0.0,0.0,0.0,0.0,0.0,0.0,0.0
1,0,1.0,0.0,0.0,0.0,0.0,0.0,0.0,0.0,0.0
1,0,1.0,0.0,0.0,0.0,0.0,0.0,0.0,0.0,0.0
1,0,1.0,0.0,0.0,0.0,0.0,0.0,0.0,0.0,0.0
1,0,1.0,0.0,0.0,0.0,0.0,0.0,0.0,0.0,0.0
1,0,1.0,0.0,0.0,0.0,0.0,0.0,0.0,0.0,0.0
1,0,1.0,0.0,0.0,0.0,0.0,0.0,0.0,0.0,0.0
1,0,1.0,0.0,0.0,0.0,0.0,0.0,0.0,0.0,0.0
1,0,1.0,0.0,0.0,0.0,0.0,0.0,0.0,0.0,0.0
1,0,1.0,0.0,0.0,0.0,0.0,0.0,0.0,0.0,0.0
1,0,1.0,0.0,0.0,0.0,0.0,0.0,0.0,0.0,0.0
1,0,1.0,0.0,0.0,0.0,0.0,0.0,0.0,0.0,0.0
1,0,1.0,0.0,0.0,0.0,0.0,0.0,0.0,0.0,0.0
1,0,1.0,0.0,0.0,0.0,0.0,0.0,0.0,0.0,0.0
1,0,1.0,0.0,0.0,0.0,0.0,0.0,0.0,0.0,0.0
1,0,1.0,0.0,0.0,0.0,0.0,0.0,0.0,0.0,0.0
1,0,1.0,0.0,0.0,0.0,0.0,0.0,0.0,0.0,0.0
1,0,1.0,0.0,0.0,0.0,0.0,0.0,0.0,0.0,0.0
1,0,1.0,0.0,0.0,0.0,0.0,0.0,0.0,0.0,0.0
1,0,1.0,0.0,0.0,0.0,0.0,0.0,0.0,0.0,0.0
1,0,1.0,0.0,0.0,0.0,0.0,0.0,0.0,0.0,0.0
1,0,1.0,0.0,0.0,0.0,0.0,0.0,0.0,0.0,0.0
1,0,1.0,0.0,0.0,0.0,0.0,0.0,0.0,0.0,0.0
1,0,1.0,0.0,0.0,0.0,0.0,0.0,0.0,0.0,0.0
1,0,1.0,0.0,0.0,0.0,0.0,0.0,0.0,0.0,0.0
1,0,1.0,0.0,0.0,0.0,0.0,0.0,0.0,0.0,0.0
1,0,1.0,0.0,0.0,0.0,0.0,0.0,0.0,0.0,0.0
1,0,1.0,0.0,0.0,0.0,0.0,0.0,0.0,0.0,0.0
1,0,1.0,0.0,0.0,0.0,0.0,0.0,0.0,0.0,0.0
1,0,1.0,0.0,0.0,0.0,0.0,0.0,0.0,0.0,0.0
1,0,1.0,0.0,0.0,0.0,0.0,0.0,0.0,0.0,0.0
1,0,1.0,0.0,0.0,0.0,0.0,0.0,0.0,0.0,0.0
1,0,1.0,0.0,0.0,0.0,0.0,0.0,0.0,0.0,0.0
1,0,1.0,0.0,0.0,0.0,0.0,0.0,0.0,0.0,0.0
1,0,1.0,0.0,0.0,0.0,0.0,0.0,0.0,0.0,0.0
1,0,1.0,0.0,0.0,0.0,0.0,0.0,0.0,0.0,0.0
1,0,1.0,0.0,0.0,0.0,0.0,0.0,0.0,0.0,0.0
1,0,1.0,0.0,0.0,0.0,0.0,0.0,0.0,0.0,0.0
1,0,1.0,0.0,0.0,0.0,0.0,0.0,0.0,0.0,0.0
1,0,1.0,0.0,0.0,0.0,0.0,0.0,0.0,0.0,0.0
1,0,1.0,0.0,0.0,0.0,0.0,0.0,0.0,0.0,0.0
1,0,1.0,0.0,0.0,0.0,0.0,0.0,0.0,0.0,0.0
1,0,1.0,0.0,0.0,0.0,0.0,0.0,0.0,0.0,0.0
1,0,1.0,0.0,0.0,0.0,0.0,0.0,0.0,0.0,0.0
1,0,1.0,0.0,0.0,0.0,0.0,0.0,0.0,0.0,0.0
1,0,1.0,0.0,0.0,0.0,0.0,0.0,0.0,0.0,0.0
1,0,1.0,0.0,0.0,0.0,0.0,0.0,0.0,0.0,0.0
1,0,1.0,0.0,0.0,0.0,0.0,0.0,0.0,0.0,0.0
1,0,1.0,0.0,0.0,0.0,0.0,0.0,0.0,0.0,0.0
1,0,1.0,0.0,0.0,0.0,0.0,0.0,0.0,0.0,0.0
1,0,1.0,0.0,0.0,0.0,0.0,0.0,0.0,0.0,0.0
1,0,1.0,0.0,0.0,0.0,0.0,0.0,0.0,0.0,0.0
1,0,1.0,0.0,0.0,0.0,0.0,0.0,0.0,0.0,0.0
1,0,1.0,0.0,0.0,0.0,0.0,0.0,0.0,0.0,0.0
1,0,1.0,0.0,0.0,0.0,0.0,0.0,0.0,0.0,0.0
1,0,1.0,0.0,0.0,0.0,0.0,0.0,0.0,0.0,0.0
1,0,1.0,0.0,0.0,0.0,0.0,0.0,0.0,0.0,0.0
1,0,1.0,0.0,0.0,0.0,0.0,0.0,0.0,0.0,0.0
1,0,1.0,0.0,0.0,0.0,0.0,0.0,0.0,0.0,0.0
1,0,1.0,0.0,0.0,0.0,0.0,0.0,0.0,0.0,0.0
1,0,1.0,0.0,0.0,0.0,0.0,0.0,0.0,0.0,0.0
1,0,1.0,0.0,0.0,0.0,0.0,0.0,0.0,0.0,0.0
1,0,1.0,0.0,0.0,0.0,0.0,0.0,0.0,0.0,0.0
1,0,1.0,0.0,0.0,0.0,0.0,0.0,0.0,0.0,0.0
1,0,1.0,0.0,0.0,0.0,0.0,0.0,0.0,0.0,0.0
1,0,1.0,0.0,0.0,0.0,0.0,0.0,0.0,0.0,0.0
1,0,1.0,0.0,0.0,0.0,0.0,0.0,0.0,0.0,0.0
1,0,1.0,0.0,0.0,0.0,0.0,0.0,0.0,0.0,0.0
1,0,1.0,0.0,0.0,0.0,0.0,0.0,0.0,0.0,0.0
1,0,1.0,0.0,0.0,0.0,0.0,0.0,0.0,0.0,0.0
1,0,1.0,0.0,0.0,0.0,0.0,0.0,0.0,0.0,0.0
1,0,1.0,0.0,0.0,0.0,0.0,0.0,0.0,0.0,0.0
1,0,1.0,0.0,0.0,0.0,0.0,0.0,0.0,0.0,0.0
1,0,1.0,0.0,0.0,0.0,0.0,0.0,0.0,0.0,0.0
1,0,1.0,0.0,0.0,0.0,0.0,0.0,0.0,0.0,0.0
1,0,1.0,0.0,0.0,0.0,0.0,0.0,0.0,0.0,0.0
1,0,1.0,0.0,0.0,0.0,0.0,0.0,0.0,0.0,0.0
1,0,1.0,0.0,0.0,0.0,0.0,0.0,0.0,0.0,0.0
1,0,1.0,0.0,0.0,0.0,0.0,0.0,0.0,0.0,0.0
1,0,1.0,0.0,0.0,0.0,0.0,0.0,0.0,0.0,0.0
1,0,1.0,0.0,0.0,0.0,0.0,0.0,0.0,0.0,0.0
1,0,1.0,0.0,0.0,0.0,0.0,0.0,0.0,0.0,0.0
1,0,1.0,0.0,0.0,0.0,0.0,0.0,0.0,0.0,0.0
1,0,1.0,0.0,0.0,0.0,0.0,0.0,0.0,0.0,0.0
1,0,1.0,0.0,0.0,0.0,0.0,0.0,0.0,0.0,0.0
1,0,1.0,0.0,0.0,0.0,0.0,0.0,0.0,0.0,0.0
1,0,1.0,0.0,0.0,0.0,0.0,0.0,0.0,0.0,0.0
1,0,1.0,0.0,0.0,0.0,0.0,0.0,0.0,0.0,0.0
1,0,1.0,0.0,0.0,0.0,0.0,0.0,0.0,0.0,0.0
1,0,1.0,0.0,0.0,0.0,0.0,0.0,0.0,0.0,0.0
1,0,1.0,0.0,0.0,0.0,0.0,0.0,0.0,0.0,0.0
1,0,1.0,0.0,0.0,0.0,0.0,0.0,0.0,0.0,0.0
1,0,1.0,0.0,0.0,0.0,0.0,0.0,0.0,0.0,0.0
1,0,1.0,0.0,0.0,0.0,0.0,0.0,0.0,0.0,0.0
1,0,1.0,0.0,0.0,0.0,0.0,0.0,0.0,0.0,0.0
1,0,1.0,0.0,0.0,0.0,0.0,0.0,0.0,0.0,0.0
1,0,1.0,0.0,0.0,0.0,0.0,0.0,0.0,0.0,0.0
1,0,1.0,0.0,0.0,0.0,0.0,0.0,0.0,0.0,0.0
1,0,1.0,0.0,0.0,0.0,0.0,0.0,0.0,0.0,0.0
1,0,1.0,0.0,0.0,0.0,0.0,0.0,0.0,0.0,0.0
1,0,1.0,0.0,0.0,0.0,0.0,0.0,0.0,0.0,0.0
1,0,1.0,0.0,0.0,0.0,0.0,0.0,0.0,0.0,0.0
1,0,1.0,0.0,0.0,0.0,0.0,0.0,0.0,0.0,0.0
1,0,1.0,0.0,0.0,0.0,0.0,0.0,0.0,0.0,0.0
1,0,1.0,0.0,0.0,0.0,0.0,0.0,0.0,0.0,0.0
1,0,1.0,0.0,0.0,0.0,0.0,0.0,0.0,0.0,0.0
1,0,1.0,0.0,0.0,0.0,0.0,0.0,0.0,0.0,0.0
1,0,1.0,0.0,0.0,0.0,0.0,0.0,0.0,0.0,0.0
1,0,1.0,0.0,0.0,0.0,0.0,0.0,0.0,0.0,0.0
1,0,1.0,0.0,0.0,0.0,0.0,0.0,0.0,0.0,0.0
1,0,1.0,0.0,0.0,0.0,0.0,0.0,0.0,0.0,0.0
1,0,1.0,0.0,0.0,0.0,0.0,0.0,0.0,0.0,0.0
1,0,1.0,0.0,0.0,0.0,0.0,0.0,0.0,0.0,0.0
1,0,1.0,0.0,0.0,0.0,0.0,0.0,0.0,0.0,0.0
1,0,1.0,0.0,0.0,0.0,0.0,0.0,0.0,0.0,0.0
1,0,1.0,0.0,0.0,0.0,0.0,0.0,0.0,0.0,0.0
1,0,1.0,0.0,0.0,0.0,0.0,0.0,0.0,0.0,0.0
1,0,1.0,0.0,0.0,0.0,0.0,0.0,0.0,0.0,0.0
1,0,1.0,0.0,0.0,0.0,0.0,0.0,0.0,0.0,0.0
1,0,1.0,0.0,0.0,0.0,0.0,0.0,0.0,0.0,0.0
1,0,1.0,0.0,0.0,0.0,0.0,0.0,0.0,0.0,0.0
1,0,1.0,0.0,0.0,0.0,0.0,0.0,0.0,0.0,0.0
1,0,1.0,0.0,0.0,0.0,0.0,0.0,0.0,0.0,0.0
1,0,1.0,0.0,0.0,0.0,0.0,0.0,0.0,0.0,0.0
1,0,1.0,0.0,0.0,0.0,0.0,0.0,0.0,0.0,0.0
1,0,1.0,0.0,0.0,0.0,0.0,0.0,0.0,0.0,0.0
1,0,1.0,0.0,0.0,0.0,0.0,0.0,0.0,0.0,0.0
1,0,1.0,0.0,0.0,0.0,0.0,0.0,0.0,0.0,0.0
1,0,1.0,0.0,0.0,0.0,0.0,0.0,0.0,0.0,0.0
1,0,1.0,0.0,0.0,0.0,0.0,0.0,0.0,0.0,0.0
1,0,1.0,0.0,0.0,0.0,0.0,0.0,0.0,0.0,0.0
1,0,1.0,0.0,0.0,0.0,0.0,0.0,0.0,0.0,0.0
1,0,1.0,0.0,0.0,0.0,0.0,0.0,0.0,0.0,0.0
1,0,1.0,0.0,0.0,0.0,0.0,0.0,0.0,0.0,0.0
1,0,1.0,0.0,0.0,0.0,0.0,0.0,0.0,0.0,0.0
1,0,1.0,0.0,0.0,0.0,0.0,0.0,0.0,0.0,0.0
1,0,1.0,0.0,0.0,0.0,0.0,0.0,0.0,0.0,0.0
1,0,1.0,0.0,0.0,0.0,0.0,0.0,0.0,0.0,0.0
1,0,1.0,0.0,0.0,0.0,0.0,0.0,0.0,0.0,0.0
1,0,1.0,0.0,0.0,0.0,0.0,0.0,0.0,0.0,0.0
1,0,1.0,0.0,0.0,0.0,0.0,0.0,0.0,0.0,0.0
1,0,1.0,0.0,0.0,0.0,0.0,0.0,0.0,0.0,0.0
1,0,1.0,0.0,0.0,0.0,0.0,0.0,0.0,0.0,0.0
1,0,1.0,0.0,0.0,0.0,0.0,0.0,0.0,0.0,0.0
1,0,1.0,0.0,0.0,0.0,0.0,0.0,0.0,0.0,0.0
1,0,1.0,0.0,0.0,0.0,0.0,0.0,0.0,0.0,0.0
1,0,1.0,0.0,0.0,0.0,0.0,0.0,0.0,0.0,0.0
1,0,1.0,0.0,0.0,0.0,0.0,0.0,0.0,0.0,0.0
1,0,1.0,0.0,0.0,0.0,0.0,0.0,0.0,0.0,0.0
1,0,1.0,0.0,0.0,0.0,0.0,0.0,0.0,0.0,0.0
1,0,1.0,0.0,0.0,0.0,0.0,0.0,0.0,0.0,0.0
1,0,1.0,0.0,0.0,0.0,0.0,0.0,0.0,0.0,0.0
1,0,1.0,0.0,0.0,0.0,0.0,0.0,0.0,0.0,0.0
1,0,1.0,0.0,0.0,0.0,0.0,0.0,0.0,0.0,0.0
1,0,1.0,0.0,0.0,0.0,0.0,0.0,0.0,0.0,0.0
1,0,1.0,0.0,0.0,0.0,0.0,0.0,0.0,0.0,0.0
1,0,1.0,0.0,0.0,0.0,0.0,0.0,0.0,0.0,0.0
1,0,1.0,0.0,0.0,0.0,0.0,0.0,0.0,0.0,0.0
1,0,1.0,0.0,0.0,0.0,0.0,0.0,0.0,0.0,0.0
1,0,1.0,0.0,0.0,0.0,0.0,0.0,0.0,0.0,0.0
1,0,1.0,0.0,0.0,0.0,0.0,0.0,0.0,0.0,0.0
1,0,1.0,0.0,0.0,0.0,0.0,0.0,0.0,0.0,0.0
1,0,1.0,0.0,0.0,0.0,0.0,0.0,0.0,0.0,0.0
1,0,1.0,0.0,0.0,0.0,0.0,0.0,0.0,0.0,0.0
1,0,1.0,0.0,0.0,0.0,0.0,0.0,0.0,0.0,0.0
1,0,1.0,0.0,0.0,0.0,0.0,0.0,0.0,0.0,0.0
1,0,1.0,0.0,0.0,0.0,0.0,0.0,0.0,0.0,0.0
1,0,1.0,0.0,0.0,0.0,0.0,0.0,0.0,0.0,0.0
1,0,1.0,0.0,0.0,0.0,0.0,0.0,0.0,0.0,0.0
1,0,1.0,0.0,0.0,0.0,0.0,0.0,0.0,0.0,0.0
1,0,1.0,0.0,0.0,0.0,0.0,0.0,0.0,0.0,0.0
1,0,1.0,0.0,0.0,0.0,0.0,0.0,0.0,0.0,0.0
1,0,1.0,0.0,0.0,0.0,0.0,0.0,0.0,0.0,0.0
1,0,1.0,0.0,0.0,0.0,0.0,0.0,0.0,0.0,0.0
1,0,1.0,0.0,0.0,0.0,0.0,0.0,0.0,0.0,0.0
1,0,1.0,0.0,0.0,0.0,0.0,0.0,0.0,0.0,0.0
1,0,1.0,0.0,0.0,0.0,0.0,0.0,0.0,0.0,0.0
1,0,1.0,0.0,0.0,0.0,0.0,0.0,0.0,0.0,0.0
1,0,1.0,0.0,0.0,0.0,0.0,0.0,0.0,0.0,0.0
1,0,1.0,0.0,0.0,0.0,0.0,0.0,0.0,0.0,0.0
1,0,1.0,0.0,0.0,0.0,0.0,0.0,0.0,0.0,0.0
1,0,1.0,0.0,0.0,0.0,0.0,0.0,0.0,0.0,0.0
1,0,1.0,0.0,0.0,0.0,0.0,0.0,0.0,0.0,0.0
1,0,1.0,0.0,0.0,0.0,0.0,0.0,0.0,0.0,0.0
1,0,1.0,0.0,0.0,0.0,0.0,0.0,0.0,0.0,0.0
1,0,1.0,0.0,0.0,0.0,0.0,0.0,0.0,0.0,0.0
1,0,1.0,0.0,0.0,0.0,0.0,0.0,0.0,0.0,0.0
1,0,1.0,0.0,0.0,0.0,0.0,0.0,0.0,0.0,0.0
1,0,1.0,0.0,0.0,0.0,0.0,0.0,0.0,0.0,0.0
1,0,1.0,0.0,0.0,0.0,0.0,0.0,0.0,0.0,0.0
1,0,1.0,0.0,0.0,0.0,0.0,0.0,0.0,0.0,0.0
1,0,1.0,0.0,0.0,0.0,0.0,0.0,0.0,0.0,0.0
1,0,1.0,0.0,0.0,0.0,0.0,0.0,0.0,0.0,0.0
1,0,1.0,0.0,0.0,0.0,0.0,0.0,0.0,0.0,0.0
1,0,1.0,0.0,0.0,0.0,0.0,0.0,0.0,0.0,0.0
1,0,1.0,0.0,0.0,0.0,0.0,0.0,0.0,0.0,0.0
1,0,1.0,0.0,0.0,0.0,0.0,0.0,0.0,0.0,0.0
1,0,1.0,0.0,0.0,0.0,0.0,0.0,0.0,0.0,0.0
1,0,1.0,0.0,0.0,0.0,0.0,0.0,0.0,0.0,0.0
1,0,1.0,0.0,0.0,0.0,0.0,0.0,0.0,0.0,0.0
1,0,1.0,0.0,0.0,0.0,0.0,0.0,0.0,0.0,0.0
1,0,1.0,0.0,0.0,0.0,0.0,0.0,0.0,0.0,0.0
1,0,1.0,0.0,0.0,0.0,0.0,0.0,0.0,0.0,0.0
1,0,1.0,0.0,0.0,0.0,0.0,0.0,0.0,0.0,0.0
1,0,1.0,0.0,0.0,0.0,0.0,0.0,0.0,0.0,0.0
1,0,1.0,0.0,0.0,0.0,0.0,0.0,0.0,0.0,0.0
1,0,1.0,0.0,0.0,0.0,0.0,0.0,0.0,0.0,0.0
1,0,1.0,0.0,0.0,0.0,0.0,0.0,0.0,0.0,0.0
1,0,1.0,0.0,0.0,0.0,0.0,0.0,0.0,0.0,0.0
1,0,1.0,0.0,0.0,0.0,0.0,0.0,0.0,0.0,0.0
1,0,1.0,0.0,0.0,0.0,0.0,0.0,0.0,0.0,0.0
1,0,1.0,0.0,0.0,0.0,0.0,0.0,0.0,0.0,0.0
1,0,1.0,0.0,0.0,0.0,0.0,0.0,0.0,0.0,0.0
1,0,1.0,0.0,0.0,0.0,0.0,0.0,0.0,0.0,0.0
1,0,1.0,0.0,0.0,0.0,0.0,0.0,0.0,0.0,0.0
1,0,1.0,0.0,0.0,0.0,0.0,0.0,0.0,0.0,0.0
1,0,1.0,0.0,0.0,0.0,0.0,0.0,0.0,0.0,0.0
1,0,1.0,0.0,0.0,0.0,0.0,0.0,0.0,0.0,0.0
1,0,1.0,0.0,0.0,0.0,0.0,0.0,0.0,0.0,0.0
1,0,1.0,0.0,0.0,0.0,0.0,0.0,0.0,0.0,0.0
1,0,1.0,0.0,0.0,0.0,0.0,0.0,0.0,0.0,0.0
1,0,1.0,0.0,0.0,0.0,0.0,0.0,0.0,0.0,0.0
1,0,1.0,0.0,0.0,0.0,0.0,0.0,0.0,0.0,0.0
1,0,1.0,0.0,0.0,0.0,0.0,0.0,0.0,0.0,0.0
1,0,1.0,0.0,0.0,0.0,0.0,0.0,0.0,0.0,0.0
1,0,1.0,0.0,0.0,0.0,0.0,0.0,0.0,0.0,0.0
1,0,1.0,0.0,0.0,0.0,0.0,0.0,0.0,0.0,0.0
1,0,1.0,0.0,0.0,0.0,0.0,0.0,0.0,0.0,0.0
1,0,1.0,0.0,0.0,0.0,0.0,0.0,0.0,0.0,0.0
1,0,1.0,0.0,0.0,0.0,0.0,0.0,0.0,0.0,0.0
1,0,1.0,0.0,0.0,0.0,0.0,0.0,0.0,0.0,0.0
1,0,1.0,0.0,0.0,0.0,0.0,0.0,0.0,0.0,0.0
1,0,1.0,0.0,0.0,0.0,0.0,0.0,0.0,0.0,0.0
1,0,1.0,0.0,0.0,0.0,0.0,0.0,0.0,0.0,0.0
1,0,1.0,0.0,0.0,0.0,0.0,0.0,0.0,0.0,0.0
1,0,1.0,0.0,0.0,0.0,0.0,0.0,0.0,0.0,0.0
1,0,1.0,0.0,0.0,0.0,0.0,0.0,0.0,0.0,0.0
1,0,1.0,0.0,0.0,0.0,0.0,0.0,0.0,0.0,0.0
1,0,1.0,0.0,0.0,0.0,0.0,0.0,0.0,0.0,0.0
1,0,1.0,0.0,0.0,0.0,0.0,0.0,0.0,0.0,0.0
1,0,1.0,0.0,0.0,0.0,0.0,0.0,0.0,0.0,0.0
1,0,1.0,0.0,0.0,0.0,0.0,0.0,0.0,0.0,0.0
1,0,1.0,0.0,0.0,0.0,0.0,0.0,0.0,0.0,0.0
1,0,1.0,0.0,0.0,0.0,0.0,0.0,0.0,0.0,0.0
1,0,1.0,0.0,0.0,0.0,0.0,0.0,0.0,0.0,0.0
1,0,1.0,0.0,0.0,0.0,0.0,0.0,0.0,0.0,0.0
1,0,1.0,0.0,0.0,0.0,0.0,0.0,0.0,0.0,0.0
1,0,1.0,0.0,0.0,0.0,0.0,0.0,0.0,0.0,0.0
1,0,1.0,0.0,0.0,0.0,0.0,0.0,0.0,0.0,0.0
1,0,1.0,0.0,0.0,0.0,0.0,0.0,0.0,0.0,0.0
1,0,1.0,0.0,0.0,0.0,0.0,0.0,0.0,0.0,0.0
1,0,1.0,0.0,0.0,0.0,0.0,0.0,0.0,0.0,0.0
1,0,1.0,0.0,0.0,0.0,0.0,0.0,0.0,0.0,0.0
1,0,1.0,0.0,0.0,0.0,0.0,0.0,0.0,0.0,0.0
1,0,1.0,0.0,0.0,0.0,0.0,0.0,0.0,0.0,0.0
1,0,1.0,0.0,0.0,0.0,0.0,0.0,0.0,0.0,0.0
1,0,1.0,0.0,0.0,0.0,0.0,0.0,0.0,0.0,0.0
1,0,1.0,0.0,0.0,0.0,0.0,0.0,0.0,0.0,0.0
1,0,1.0,0.0,0.0,0.0,0.0,0.0,0.0,0.0,0.0
1,0,1.0,0.0,0.0,0.0,0.0,0.0,0.0,0.0,0.0
1,0,1.0,0.0,0.0,0.0,0.0,0.0,0.0,0.0,0.0
1,0,1.0,0.0,0.0,0.0,0.0,0.0,0.0,0.0,0.0
1,0,1.0,0.0,0.0,0.0,0.0,0.0,0.0,0.0,0.0
1,0,1.0,0.0,0.0,0.0,0.0,0.0,0.0,0.0,0.0
1,0,1.0,0.0,0.0,0.0,0.0,0.0,0.0,0.0,0.0
1,0,1.0,0.0,0.0,0.0,0.0,0.0,0.0,0.0,0.0
1,0,1.0,0.0,0.0,0.0,0.0,0.0,0.0,0.0,0.0
1,0,1.0,0.0,0.0,0.0,0.0,0.0,0.0,0.0,0.0
1,0,1.0,0.0,0.0,0.0,0.0,0.0,0.0,0.0,0.0
1,0,1.0,0.0,0.0,0.0,0.0,0.0,0.0,0.0,0.0
1,0,1.0,0.0,0.0,0.0,0.0,0.0,0.0,0.0,0.0
1,0,1.0,0.0,0.0,0.0,0.0,0.0,0.0,0.0,0.0
1,0,1.0,0.0,0.0,0.0,0.0,0.0,0.0,0.0,0.0
1,0,1.0,0.0,0.0,0.0,0.0,0.0,0.0,0.0,0.0
1,0,1.0,0.0,0.0,0.0,0.0,0.0,0.0,0.0,0.0
1,0,1.0,0.0,0.0,0.0,0.0,0.0,0.0,0.0,0.0
1,0,1.0,0.0,0.0,0.0,0.0,0.0,0.0,0.0,0.0
1,0,1.0,0.0,0.0,0.0,0.0,0.0,0.0,0.0,0.0
1,0,1.0,0.0,0.0,0.0,0.0,0.0,0.0,0.0,0.0
1,0,1.0,0.0,0.0,0.0,0.0,0.0,0.0,0.0,0.0
1,0,1.0,0.0,0.0,0.0,0.0,0.0,0.0,0.0,0.0
1,0,1.0,0.0,0.0,0.0,0.0,0.0,0.0,0.0,0.0
1,0,1.0,0.0,0.0,0.0,0.0,0.0,0.0,0.0,0.0
1,0,1.0,0.0,0.0,0.0,0.0,0.0,0.0,0.0,0.0
1,0,1.0,0.0,0.0,0.0,0.0,0.0,0.0,0.0,0.0
1,0,1.0,0.0,0.0,0.0,0.0,0.0,0.0,0.0,0.0
1,0,1.0,0.0,0.0,0.0,0.0,0.0,0.0,0.0,0.0
1,0,1.0,0.0,0.0,0.0,0.0,0.0,0.0,0.0,0.0
1,0,1.0,0.0,0.0,0.0,0.0,0.0,0.0,0.0,0.0
1,0,1.0,0.0,0.0,0.0,0.0,0.0,0.0,0.0,0.0
1,0,1.0,0.0,0.0,0.0,0.0,0.0,0.0,0.0,0.0
1,0,1.0,0.0,0.0,0.0,0.0,0.0,0.0,0.0,0.0
1,0,1.0,0.0,0.0,0.0,0.0,0.0,0.0,0.0,0.0
1,0,1.0,0.0,0.0,0.0,0.0,0.0,0.0,0.0,0.0
1,0,1.0,0.0,0.0,0.0,0.0,0.0,0.0,0.0,0.0
1,0,1.0,0.0,0.0,0.0,0.0,0.0,0.0,0.0,0.0
1,0,1.0,0.0,0.0,0.0,0.0,0.0,0.0,0.0,0.0
1,0,1.0,0.0,0.0,0.0,0.0,0.0,0.0,0.0,0.0
1,0,1.0,0.0,0.0,0.0,0.0,0.0,0.0,0.0,0.0
1,0,1.0,0.0,0.0,0.0,0.0,0.0,0.0,0.0,0.0
1,0,1.0,0.0,0.0,0.0,0.0,0.0,0.0,0.0,0.0
1,0,1.0,0.0,0.0,0.0,0.0,0.0,0.0,0.0,0.0
1,0,1.0,0.0,0.0,0.0,0.0,0.0,0.0,0.0,0.0
1,0,1.0,0.0,0.0,0.0,0.0,0.0,0.0,0.0,0.0
1,0,1.0,0.0,0.0,0.0,0.0,0.0,0.0,0.0,0.0
1,0,1.0,0.0,0.0,0.0,0.0,0.0,0.0,0.0,0.0
1,0,1.0,0.0,0.0,0.0,0.0,0.0,0.0,0.0,0.0
1,0,1.0,0.0,0.0,0.0,0.0,0.0,0.0,0.0,0.0
1,0,1.0,0.0,0.0,0.0,0.0,0.0,0.0,0.0,0.0
1,0,1.0,0.0,0.0,0.0,0.0,0.0,0.0,0.0,0.0
1,0,1.0,0.0,0.0,0.0,0.0,0.0,0.0,0.0,0.0
1,0,1.0,0.0,0.0,0.0,0.0,0.0,0.0,0.0,0.0
1,0,1.0,0.0,0.0,0.0,0.0,0.0,0.0,0.0,0.0
1,0,1.0,0.0,0.0,0.0,0.0,0.0,0.0,0.0,0.0
1,0,1.0,0.0,0.0,0.0,0.0,0.0,0.0,0.0,0.0
1,0,1.0,0.0,0.0,0.0,0.0,0.0,0.0,0.0,0.0
1,0,1.0,0.0,0.0,0.0,0.0,0.0,0.0,0.0,0.0
1,0,1.0,0.0,0.0,0.0,0.0,0.0,0.0,0.0,0.0
1,0,1.0,0.0,0.0,0.0,0.0,0.0,0.0,0.0,0.0
1,0,1.0,0.0,0.0,0.0,0.0,0.0,0.0,0.0,0.0
1,0,1.0,0.0,0.0,0.0,0.0,0.0,0.0,0.0,0.0
1,0,1.0,0.0,0.0,0.0,0.0,0.0,0.0,0.0,0.0
1,0,1.0,0.0,0.0,0.0,0.0,0.0,0.0,0.0,0.0
1,0,1.0,0.0,0.0,0.0,0.0,0.0,0.0,0.0,0.0
1,0,1.0,0.0,0.0,0.0,0.0,0.0,0.0,0.0,0.0
1,0,1.0,0.0,0.0,0.0,0.0,0.0,0.0,0.0,0.0
1,0,1.0,0.0,0.0,0.0,0.0,0.0,0.0,0.0,0.0
1,0,1.0,0.0,0.0,0.0,0.0,0.0,0.0,0.0,0.0
1,0,1.0,0.0,0.0,0.0,0.0,0.0,0.0,0.0,0.0
1,0,1.0,0.0,0.0,0.0,0.0,0.0,0.0,0.0,0.0
1,0,1.0,0.0,0.0,0.0,0.0,0.0,0.0,0.0,0.0
1,0,1.0,0.0,0.0,0.0,0.0,0.0,0.0,0.0,0.0
1,0,1.0,0.0,0.0,0.0,0.0,0.0,0.0,0.0,0.0
1,0,1.0,0.0,0.0,0.0,0.0,0.0,0.0,0.0,0.0
1,0,1.0,0.0,0.0,0.0,0.0,0.0,0.0,0.0,0.0
1,0,1.0,0.0,0.0,0.0,0.0,0.0,0.0,0.0,0.0
1,0,1.0,0.0,0.0,0.0,0.0,0.0,0.0,0.0,0.0
1,0,1.0,0.0,0.0,0.0,0.0,0.0,0.0,0.0,0.0
1,0,1.0,0.0,0.0,0.0,0.0,0.0,0.0,0.0,0.0
1,0,1.0,0.0,0.0,0.0,0.0,0.0,0.0,0.0,0.0
1,0,1.0,0.0,0.0,0.0,0.0,0.0,0.0,0.0,0.0
1,0,1.0,0.0,0.0,0.0,0.0,0.0,0.0,0.0,0.0
1,0,1.0,0.0,0.0,0.0,0.0,0.0,0.0,0.0,0.0
1,0,1.0,0.0,0.0,0.0,0.0,0.0,0.0,0.0,0.0
1,0,1.0,0.0,0.0,0.0,0.0,0.0,0.0,0.0,0.0
1,0,1.0,0.0,0.0,0.0,0.0,0.0,0.0,0.0,0.0
1,0,1.0,0.0,0.0,0.0,0.0,0.0,0.0,0.0,0.0
1,0,1.0,0.0,0.0,0.0,0.0,0.0,0.0,0.0,0.0
1,0,1.0,0.0,0.0,0.0,0.0,0.0,0.0,0.0,0.0
1,0,1.0,0.0,0.0,0.0,0.0,0.0,0.0,0.0,0.0
1,0,1.0,0.0,0.0,0.0,0.0,0.0,0.0,0.0,0.0
1,0,1.0,0.0,0.0,0.0,0.0,0.0,0.0,0.0,0.0
1,0,1.0,0.0,0.0,0.0,0.0,0.0,0.0,0.0,0.0
1,0,1.0,0.0,0.0,0.0,0.0,0.0,0.0,0.0,0.0
1,0,1.0,0.0,0.0,0.0,0.0,0.0,0.0,0.0,0.0
1,0,1.0,0.0,0.0,0.0,0.0,0.0,0.0,0.0,0.0
1,0,1.0,0.0,0.0,0.0,0.0,0.0,0.0,0.0,0.0
1,0,1.0,0.0,0.0,0.0,0.0,0.0,0.0,0.0,0.0
1,0,1.0,0.0,0.0,0.0,0.0,0.0,0.0,0.0,0.0
1,0,1.0,0.0,0.0,0.0,0.0,0.0,0.0,0.0,0.0
1,0,1.0,0.0,0.0,0.0,0.0,0.0,0.0,0.0,0.0
1,0,1.0,0.0,0.0,0.0,0.0,0.0,0.0,0.0,0.0
1,0,1.0,0.0,0.0,0.0,0.0,0.0,0.0,0.0,0.0
1,0,1.0,0.0,0.0,0.0,0.0,0.0,0.0,0.0,0.0
1,0,1.0,0.0,0.0,0.0,0.0,0.0,0.0,0.0,0.0
1,0,1.0,0.0,0.0,0.0,0.0,0.0,0.0,0.0,0.0
1,0,1.0,0.0,0.0,0.0,0.0,0.0,0.0,0.0,0.0
1,0,1.0,0.0,0.0,0.0,0.0,0.0,0.0,0.0,0.0
1,0,1.0,0.0,0.0,0.0,0.0,0.0,0.0,0.0,0.0
1,0,1.0,0.0,0.0,0.0,0.0,0.0,0.0,0.0,0.0
1,0,1.0,0.0,0.0,0.0,0.0,0.0,0.0,0.0,0.0
1,0,1.0,0.0,0.0,0.0,0.0,0.0,0.0,0.0,0.0
1,0,1.0,0.0,0.0,0.0,0.0,0.0,0.0,0.0,0.0
1,0,1.0,0.0,0.0,0.0,0.0,0.0,0.0,0.0,0.0
1,0,1.0,0.0,0.0,0.0,0.0,0.0,0.0,0.0,0.0
1,0,1.0,0.0,0.0,0.0,0.0,0.0,0.0,0.0,0.0
1,0,1.0,0.0,0.0,0.0,0.0,0.0,0.0,0.0,0.0
1,0,1.0,0.0,0.0,0.0,0.0,0.0,0.0,0.0,0.0
1,0,1.0,0.0,0.0,0.0,0.0,0.0,0.0,0.0,0.0
1,0,1.0,0.0,0.0,0.0,0.0,0.0,0.0,0.0,0.0
1,0,1.0,0.0,0.0,0.0,0.0,0.0,0.0,0.0,0.0
1,0,1.0,0.0,0.0,0.0,0.0,0.0,0.0,0.0,0.0
1,0,1.0,0.0,0.0,0.0,0.0,0.0,0.0,0.0,0.0
1,0,1.0,0.0,0.0,0.0,0.0,0.0,0.0,0.0,0.0
1,0,1.0,0.0,0.0,0.0,0.0,0.0,0.0,0.0,0.0
1,0,1.0,0.0,0.0,0.0,0.0,0.0,0.0,0.0,0.0
1,0,1.0,0.0,0.0,0.0,0.0,0.0,0.0,0.0,0.0
1,0,1.0,0.0,0.0,0.0,0.0,0.0,0.0,0.0,0.0
1,0,1.0,0.0,0.0,0.0,0.0,0.0,0.0,0.0,0.0
1,0,1.0,0.0,0.0,0.0,0.0,0.0,0.0,0.0,0.0
1,0,1.0,0.0,0.0,0.0,0.0,0.0,0.0,0.0,0.0
1,0,1.0,0.0,0.0,0.0,0.0,0.0,0.0,0.0,0.0
1,0,1.0,0.0,0.0,0.0,0.0,0.0,0.0,0.0,0.0
1,0,1.0,0.0,0.0,0.0,0.0,0.0,0.0,0.0,0.0
1,0,1.0,0.0,0.0,0.0,0.0,0.0,0.0,0.0,0.0
1,0,1.0,0.0,0.0,0.0,0.0,0.0,0.0,0.0,0.0
1,0,1.0,0.0,0.0,0.0,0.0,0.0,0.0,0.0,0.0
1,0,1.0,0.0,0.0,0.0,0.0,0.0,0.0,0.0,0.0
1,0,1.0,0.0,0.0,0.0,0.0,0.0,0.0,0.0,0.0
1,0,1.0,0.0,0.0,0.0,0.0,0.0,0.0,0.0,0.0
1,0,1.0,0.0,0.0,0.0,0.0,0.0,0.0,0.0,0.0
1,0,1.0,0.0,0.0,0.0,0.0,0.0,0.0,0.0,0.0
1,0,1.0,0.0,0.0,0.0,0.0,0.0,0.0,0.0,0.0
1,0,1.0,0.0,0.0,0.0,0.0,0.0,0.0,0.0,0.0
1,0,1.0,0.0,0.0,0.0,0.0,0.0,0.0,0.0,0.0
1,0,1.0,0.0,0.0,0.0,0.0,0.0,0.0,0.0,0.0
1,0,1.0,0.0,0.0,0.0,0.0,0.0,0.0,0.0,0.0
1,0,1.0,0.0,0.0,0.0,0.0,0.0,0.0,0.0,0.0
1,0,1.0,0.0,0.0,0.0,0.0,0.0,0.0,0.0,0.0
1,0,1.0,0.0,0.0,0.0,0.0,0.0,0.0,0.0,0.0
1,0,1.0,0.0,0.0,0.0,0.0,0.0,0.0,0.0,0.0
1,0,1.0,0.0,0.0,0.0,0.0,0.0,0.0,0.0,0.0
1,0,1.0,0.0,0.0,0.0,0.0,0.0,0.0,0.0,0.0
1,0,1.0,0.0,0.0,0.0,0.0,0.0,0.0,0.0,0.0
1,0,1.0,0.0,0.0,0.0,0.0,0.0,0.0,0.0,0.0
1,0,1.0,0.0,0.0,0.0,0.0,0.0,0.0,0.0,0.0
1,0,1.0,0.0,0.0,0.0,0.0,0.0,0.0,0.0,0.0
1,0,1.0,0.0,0.0,0.0,0.0,0.0,0.0,0.0,0.0
1,0,1.0,0.0,0.0,0.0,0.0,0.0,0.0,0.0,0.0
1,0,1.0,0.0,0.0,0.0,0.0,0.0,0.0,0.0,0.0
1,0,1.0,0.0,0.0,0.0,0.0,0.0,0.0,0.0,0.0
1,0,1.0,0.0,0.0,0.0,0.0,0.0,0.0,0.0,0.0
1,0,1.0,0.0,0.0,0.0,0.0,0.0,0.0,0.0,0.0
1,0,1.0,0.0,0.0,0.0,0.0,0.0,0.0,0.0,0.0
1,0,1.0,0.0,0.0,0.0,0.0,0.0,0.0,0.0,0.0
1,0,1.0,0.0,0.0,0.0,0.0,0.0,0.0,0.0,0.0
1,0,1.0,0.0,0.0,0.0,0.0,0.0,0.0,0.0,0.0
1,0,1.0,0.0,0.0,0.0,0.0,0.0,0.0,0.0,0.0
1,0,1.0,0.0,0.0,0.0,0.0,0.0,0.0,0.0,0.0
1,0,1.0,0.0,0.0,0.0,0.0,0.0,0.0,0.0,0.0
1,0,1.0,0.0,0.0,0.0,0.0,0.0,0.0,0.0,0.0
1,0,1.0,0.0,0.0,0.0,0.0,0.0,0.0,0.0,0.0
1,0,1.0,0.0,0.0,0.0,0.0,0.0,0.0,0.0,0.0
1,0,1.0,0.0,0.0,0.0,0.0,0.0,0.0,0.0,0.0
1,0,1.0,0.0,0.0,0.0,0.0,0.0,0.0,0.0,0.0
1,0,1.0,0.0,0.0,0.0,0.0,0.0,0.0,0.0,0.0
1,0,1.0,0.0,0.0,0.0,0.0,0.0,0.0,0.0,0.0
1,0,1.0,0.0,0.0,0.0,0.0,0.0,0.0,0.0,0.0
1,0,1.0,0.0,0.0,0.0,0.0,0.0,0.0,0.0,0.0
1,0,1.0,0.0,0.0,0.0,0.0,0.0,0.0,0.0,0.0
1,0,1.0,0.0,0.0,0.0,0.0,0.0,0.0,0.0,0.0
1,0,1.0,0.0,0.0,0.0,0.0,0.0,0.0,0.0,0.0
1,0,1.0,0.0,0.0,0.0,0.0,0.0,0.0,0.0,0.0
1,0,1.0,0.0,0.0,0.0,0.0,0.0,0.0,0.0,0.0
1,0,1.0,0.0,0.0,0.0,0.0,0.0,0.0,0.0,0.0
1,0,1.0,0.0,0.0,0.0,0.0,0.0,0.0,0.0,0.0
1,0,1.0,0.0,0.0,0.0,0.0,0.0,0.0,0.0,0.0
1,0,1.0,0.0,0.0,0.0,0.0,0.0,0.0,0.0,0.0
1,0,1.0,0.0,0.0,0.0,0.0,0.0,0.0,0.0,0.0
1,0,1.0,0.0,0.0,0.0,0.0,0.0,0.0,0.0,0.0
1,0,1.0,0.0,0.0,0.0,0.0,0.0,0.0,0.0,0.0
1,0,1.0,0.0,0.0,0.0,0.0,0.0,0.0,0.0,0.0
1,0,1.0,0.0,0.0,0.0,0.0,0.0,0.0,0.0,0.0
1,0,1.0,0.0,0.0,0.0,0.0,0.0,0.0,0.0,0.0
1,0,1.0,0.0,0.0,0.0,0.0,0.0,0.0,0.0,0.0
1,0,1.0,0.0,0.0,0.0,0.0,0.0,0.0,0.0,0.0
1,0,1.0,0.0,0.0,0.0,0.0,0.0,0.0,0.0,0.0
1,0,1.0,0.0,0.0,0.0,0.0,0.0,0.0,0.0,0.0
1,0,1.0,0.0,0.0,0.0,0.0,0.0,0.0,0.0,0.0
1,0,1.0,0.0,0.0,0.0,0.0,0.0,0.0,0.0,0.0
1,0,1.0,0.0,0.0,0.0,0.0,0.0,0.0,0.0,0.0
1,0,1.0,0.0,0.0,0.0,0.0,0.0,0.0,0.0,0.0
1,0,1.0,0.0,0.0,0.0,0.0,0.0,0.0,0.0,0.0
1,0,1.0,0.0,0.0,0.0,0.0,0.0,0.0,0.0,0.0
1,0,1.0,0.0,0.0,0.0,0.0,0.0,0.0,0.0,0.0
1,0,1.0,0.0,0.0,0.0,0.0,0.0,0.0,0.0,0.0
1,0,1.0,0.0,0.0,0.0,0.0,0.0,0.0,0.0,0.0
1,0,1.0,0.0,0.0,0.0,0.0,0.0,0.0,0.0,0.0
1,0,1.0,0.0,0.0,0.0,0.0,0.0,0.0,0.0,0.0
1,0,1.0,0.0,0.0,0.0,0.0,0.0,0.0,0.0,0.0
1,0,1.0,0.0,0.0,0.0,0.0,0.0,0.0,0.0,0.0
1,0,1.0,0.0,0.0,0.0,0.0,0.0,0.0,0.0,0.0
1,0,1.0,0.0,0.0,0.0,0.0,0.0,0.0,0.0,0.0
1,0,1.0,0.0,0.0,0.0,0.0,0.0,0.0,0.0,0.0
1,0,1.0,0.0,0.0,0.0,0.0,0.0,0.0,0.0,0.0
1,0,1.0,0.0,0.0,0.0,0.0,0.0,0.0,0.0,0.0
1,0,1.0,0.0,0.0,0.0,0.0,0.0,0.0,0.0,0.0
1,0,1.0,0.0,0.0,0.0,0.0,0.0,0.0,0.0,0.0
1,0,1.0,0.0,0.0,0.0,0.0,0.0,0.0,0.0,0.0
1,0,1.0,0.0,0.0,0.0,0.0,0.0,0.0,0.0,0.0
1,0,1.0,0.0,0.0,0.0,0.0,0.0,0.0,0.0,0.0
1,0,1.0,0.0,0.0,0.0,0.0,0.0,0.0,0.0,0.0
1,0,1.0,0.0,0.0,0.0,0.0,0.0,0.0,0.0,0.0
1,0,1.0,0.0,0.0,0.0,0.0,0.0,0.0,0.0,0.0
1,0,1.0,0.0,0.0,0.0,0.0,0.0,0.0,0.0,0.0
1,0,1.0,0.0,0.0,0.0,0.0,0.0,0.0,0.0,0.0
1,0,1.0,0.0,0.0,0.0,0.0,0.0,0.0,0.0,0.0
1,0,1.0,0.0,0.0,0.0,0.0,0.0,0.0,0.0,0.0
1,0,1.0,0.0,0.0,0.0,0.0,0.0,0.0,0.0,0.0
1,0,1.0,0.0,0.0,0.0,0.0,0.0,0.0,0.0,0.0
1,0,1.0,0.0,0.0,0.0,0.0,0.0,0.0,0.0,0.0
1,0,1.0,0.0,0.0,0.0,0.0,0.0,0.0,0.0,0.0
1,0,1.0,0.0,0.0,0.0,0.0,0.0,0.0,0.0,0.0
1,0,1.0,0.0,0.0,0.0,0.0,0.0,0.0,0.0,0.0
1,0,1.0,0.0,0.0,0.0,0.0,0.0,0.0,0.0,0.0
1,0,1.0,0.0,0.0,0.0,0.0,0.0,0.0,0.0,0.0
1,0,1.0,0.0,0.0,0.0,0.0,0.0,0.0,0.0,0.0
1,0,1.0,0.0,0.0,0.0,0.0,0.0,0.0,0.0,0.0
1,0,1.0,0.0,0.0,0.0,0.0,0.0,0.0,0.0,0.0
1,0,1.0,0.0,0.0,0.0,0.0,0.0,0.0,0.0,0.0
1,0,1.0,0.0,0.0,0.0,0.0,0.0,0.0,0.0,0.0
1,0,1.0,0.0,0.0,0.0,0.0,0.0,0.0,0.0,0.0
1,0,1.0,0.0,0.0,0.0,0.0,0.0,0.0,0.0,0.0
1,0,1.0,0.0,0.0,0.0,0.0,0.0,0.0,0.0,0.0
1,0,1.0,0.0,0.0,0.0,0.0,0.0,0.0,0.0,0.0
1,0,1.0,0.0,0.0,0.0,0.0,0.0,0.0,0.0,0.0
1,0,1.0,0.0,0.0,0.0,0.0,0.0,0.0,0.0,0.0
1,0,1.0,0.0,0.0,0.0,0.0,0.0,0.0,0.0,0.0
1,0,1.0,0.0,0.0,0.0,0.0,0.0,0.0,0.0,0.0
1,0,1.0,0.0,0.0,0.0,0.0,0.0,0.0,0.0,0.0
1,0,1.0,0.0,0.0,0.0,0.0,0.0,0.0,0.0,0.0
1,0,1.0,0.0,0.0,0.0,0.0,0.0,0.0,0.0,0.0
1,0,1.0,0.0,0.0,0.0,0.0,0.0,0.0,0.0,0.0
1,0,1.0,0.0,0.0,0.0,0.0,0.0,0.0,0.0,0.0
1,0,1.0,0.0,0.0,0.0,0.0,0.0,0.0,0.0,0.0
1,0,1.0,0.0,0.0,0.0,0.0,0.0,0.0,0.0,0.0
1,0,1.0,0.0,0.0,0.0,0.0,0.0,0.0,0.0,0.0
1,0,1.0,0.0,0.0,0.0,0.0,0.0,0.0,0.0,0.0
1,0,1.0,0.0,0.0,0.0,0.0,0.0,0.0,0.0,0.0
1,0,1.0,0.0,0.0,0.0,0.0,0.0,0.0,0.0,0.0
1,0,1.0,0.0,0.0,0.0,0.0,0.0,0.0,0.0,0.0
1,0,1.0,0.0,0.0,0.0,0.0,0.0,0.0,0.0,0.0
1,0,1.0,0.0,0.0,0.0,0.0,0.0,0.0,0.0,0.0
1,0,1.0,0.0,0.0,0.0,0.0,0.0,0.0,0.0,0.0
1,0,1.0,0.0,0.0,0.0,0.0,0.0,0.0,0.0,0.0
1,0,1.0,0.0,0.0,0.0,0.0,0.0,0.0,0.0,0.0
1,0,1.0,0.0,0.0,0.0,0.0,0.0,0.0,0.0,0.0
1,0,1.0,0.0,0.0,0.0,0.0,0.0,0.0,0.0,0.0
1,0,1.0,0.0,0.0,0.0,0.0,0.0,0.0,0.0,0.0
1,0,1.0,0.0,0.0,0.0,0.0,0.0,0.0,0.0,0.0
1,0,1.0,0.0,0.0,0.0,0.0,0.0,0.0,0.0,0.0
1,0,1.0,0.0,0.0,0.0,0.0,0.0,0.0,0.0,0.0
1,0,1.0,0.0,0.0,0.0,0.0,0.0,0.0,0.0,0.0
1,0,1.0,0.0,0.0,0.0,0.0,0.0,0.0,0.0,0.0
1,0,1.0,0.0,0.0,0.0,0.0,0.0,0.0,0.0,0.0
1,0,1.0,0.0,0.0,0.0,0.0,0.0,0.0,0.0,0.0
1,0,1.0,0.0,0.0,0.0,0.0,0.0,0.0,0.0,0.0
1,0,1.0,0.0,0.0,0.0,0.0,0.0,0.0,0.0,0.0
1,0,1.0,0.0,0.0,0.0,0.0,0.0,0.0,0.0,0.0
1,0,1.0,0.0,0.0,0.0,0.0,0.0,0.0,0.0,0.0
1,0,1.0,0.0,0.0,0.0,0.0,0.0,0.0,0.0,0.0
1,0,1.0,0.0,0.0,0.0,0.0,0.0,0.0,0.0,0.0
1,0,1.0,0.0,0.0,0.0,0.0,0.0,0.0,0.0,0.0
1,0,1.0,0.0,0.0,0.0,0.0,0.0,0.0,0.0,0.0
1,0,1.0,0.0,0.0,0.0,0.0,0.0,0.0,0.0,0.0
1,0,1.0,0.0,0.0,0.0,0.0,0.0,0.0,0.0,0.0
1,0,1.0,0.0,0.0,0.0,0.0,0.0,0.0,0.0,0.0
1,0,1.0,0.0,0.0,0.0,0.0,0.0,0.0,0.0,0.0
1,0,1.0,0.0,0.0,0.0,0.0,0.0,0.0,0.0,0.0
1,0,1.0,0.0,0.0,0.0,0.0,0.0,0.0,0.0,0.0
1,0,1.0,0.0,0.0,0.0,0.0,0.0,0.0,0.0,0.0
1,0,1.0,0.0,0.0,0.0,0.0,0.0,0.0,0.0,0.0
1,0,1.0,0.0,0.0,0.0,0.0,0.0,0.0,0.0,0.0
1,0,1.0,0.0,0.0,0.0,0.0,0.0,0.0,0.0,0.0
1,0,1.0,0.0,0.0,0.0,0.0,0.0,0.0,0.0,0.0
1,0,1.0,0.0,0.0,0.0,0.0,0.0,0.0,0.0,0.0
1,0,1.0,0.0,0.0,0.0,0.0,0.0,0.0,0.0,0.0
1,0,1.0,0.0,0.0,0.0,0.0,0.0,0.0,0.0,0.0
1,0,1.0,0.0,0.0,0.0,0.0,0.0,0.0,0.0,0.0
1,0,1.0,0.0,0.0,0.0,0.0,0.0,0.0,0.0,0.0
1,0,1.0,0.0,0.0,0.0,0.0,0.0,0.0,0.0,0.0
1,0,1.0,0.0,0.0,0.0,0.0,0.0,0.0,0.0,0.0
1,0,1.0,0.0,0.0,0.0,0.0,0.0,0.0,0.0,0.0
1,0,1.0,0.0,0.0,0.0,0.0,0.0,0.0,0.0,0.0
1,0,1.0,0.0,0.0,0.0,0.0,0.0,0.0,0.0,0.0
1,0,1.0,0.0,0.0,0.0,0.0,0.0,0.0,0.0,0.0
1,0,1.0,0.0,0.0,0.0,0.0,0.0,0.0,0.0,0.0
1,0,1.0,0.0,0.0,0.0,0.0,0.0,0.0,0.0,0.0
1,0,1.0,0.0,0.0,0.0,0.0,0.0,0.0,0.0,0.0
1,0,1.0,0.0,0.0,0.0,0.0,0.0,0.0,0.0,0.0
1,0,1.0,0.0,0.0,0.0,0.0,0.0,0.0,0.0,0.0
1,0,1.0,0.0,0.0,0.0,0.0,0.0,0.0,0.0,0.0
1,0,1.0,0.0,0.0,0.0,0.0,0.0,0.0,0.0,0.0
1,0,1.0,0.0,0.0,0.0,0.0,0.0,0.0,0.0,0.0
1,0,1.0,0.0,0.0,0.0,0.0,0.0,0.0,0.0,0.0
1,0,1.0,0.0,0.0,0.0,0.0,0.0,0.0,0.0,0.0
1,0,1.0,0.0,0.0,0.0,0.0,0.0,0.0,0.0,0.0
1,0,1.0,0.0,0.0,0.0,0.0,0.0,0.0,0.0,0.0
1,0,1.0,0.0,0.0,0.0,0.0,0.0,0.0,0.0,0.0
1,0,1.0,0.0,0.0,0.0,0.0,0.0,0.0,0.0,0.0
1,0,1.0,0.0,0.0,0.0,0.0,0.0,0.0,0.0,0.0
1,0,1.0,0.0,0.0,0.0,0.0,0.0,0.0,0.0,0.0
1,0,1.0,0.0,0.0,0.0,0.0,0.0,0.0,0.0,0.0
1,0,1.0,0.0,0.0,0.0,0.0,0.0,0.0,0.0,0.0
1,0,1.0,0.0,0.0,0.0,0.0,0.0,0.0,0.0,0.0
1,0,1.0,0.0,0.0,0.0,0.0,0.0,0.0,0.0,0.0
1,0,1.0,0.0,0.0,0.0,0.0,0.0,0.0,0.0,0.0
1,0,1.0,0.0,0.0,0.0,0.0,0.0,0.0,0.0,0.0
1,0,1.0,0.0,0.0,0.0,0.0,0.0,0.0,0.0,0.0
1,0,1.0,0.0,0.0,0.0,0.0,0.0,0.0,0.0,0.0
1,0,1.0,0.0,0.0,0.0,0.0,0.0,0.0,0.0,0.0
1,0,1.0,0.0,0.0,0.0,0.0,0.0,0.0,0.0,0.0
1,0,1.0,0.0,0.0,0.0,0.0,0.0,0.0,0.0,0.0
1,0,1.0,0.0,0.0,0.0,0.0,0.0,0.0,0.0,0.0
1,0,1.0,0.0,0.0,0.0,0.0,0.0,0.0,0.0,0.0
1,0,1.0,0.0,0.0,0.0,0.0,0.0,0.0,0.0,0.0
1,0,1.0,0.0,0.0,0.0,0.0,0.0,0.0,0.0,0.0
1,0,1.0,0.0,0.0,0.0,0.0,0.0,0.0,0.0,0.0
1,0,1.0,0.0,0.0,0.0,0.0,0.0,0.0,0.0,0.0
1,0,1.0,0.0,0.0,0.0,0.0,0.0,0.0,0.0,0.0
1,0,1.0,0.0,0.0,0.0,0.0,0.0,0.0,0.0,0.0
1,0,1.0,0.0,0.0,0.0,0.0,0.0,0.0,0.0,0.0
1,0,1.0,0.0,0.0,0.0,0.0,0.0,0.0,0.0,0.0
1,0,1.0,0.0,0.0,0.0,0.0,0.0,0.0,0.0,0.0
1,0,1.0,0.0,0.0,0.0,0.0,0.0,0.0,0.0,0.0
1,0,1.0,0.0,0.0,0.0,0.0,0.0,0.0,0.0,0.0
1,0,1.0,0.0,0.0,0.0,0.0,0.0,0.0,0.0,0.0
1,0,1.0,0.0,0.0,0.0,0.0,0.0,0.0,0.0,0.0
1,0,1.0,0.0,0.0,0.0,0.0,0.0,0.0,0.0,0.0
1,0,1.0,0.0,0.0,0.0,0.0,0.0,0.0,0.0,0.0
1,0,1.0,0.0,0.0,0.0,0.0,0.0,0.0,0.0,0.0
1,0,1.0,0.0,0.0,0.0,0.0,0.0,0.0,0.0,0.0
1,0,1.0,0.0,0.0,0.0,0.0,0.0,0.0,0.0,0.0
1,0,1.0,0.0,0.0,0.0,0.0,0.0,0.0,0.0,0.0
1,0,1.0,0.0,0.0,0.0,0.0,0.0,0.0,0.0,0.0
1,0,1.0,0.0,0.0,0.0,0.0,0.0,0.0,0.0,0.0
1,0,1.0,0.0,0.0,0.0,0.0,0.0,0.0,0.0,0.0
1,0,1.0,0.0,0.0,0.0,0.0,0.0,0.0,0.0,0.0
1,0,1.0,0.0,0.0,0.0,0.0,0.0,0.0,0.0,0.0
1,0,1.0,0.0,0.0,0.0,0.0,0.0,0.0,0.0,0.0
1,0,1.0,0.0,0.0,0.0,0.0,0.0,0.0,0.0,0.0
1,0,1.0,0.0,0.0,0.0,0.0,0.0,0.0,0.0,0.0
1,0,1.0,0.0,0.0,0.0,0.0,0.0,0.0,0.0,0.0
1,0,1.0,0.0,0.0,0.0,0.0,0.0,0.0,0.0,0.0
1,0,1.0,0.0,0.0,0.0,0.0,0.0,0.0,0.0,0.0
1,0,1.0,0.0,0.0,0.0,0.0,0.0,0.0,0.0,0.0
1,0,1.0,0.0,0.0,0.0,0.0,0.0,0.0,0.0,0.0
1,0,1.0,0.0,0.0,0.0,0.0,0.0,0.0,0.0,0.0
1,0,1.0,0.0,0.0,0.0,0.0,0.0,0.0,0.0,0.0
1,0,1.0,0.0,0.0,0.0,0.0,0.0,0.0,0.0,0.0
1,0,1.0,0.0,0.0,0.0,0.0,0.0,0.0,0.0,0.0
1,0,1.0,0.0,0.0,0.0,0.0,0.0,0.0,0.0,0.0
1,0,1.0,0.0,0.0,0.0,0.0,0.0,0.0,0.0,0.0
1,0,1.0,0.0,0.0,0.0,0.0,0.0,0.0,0.0,0.0
1,0,1.0,0.0,0.0,0.0,0.0,0.0,0.0,0.0,0.0
1,0,1.0,0.0,0.0,0.0,0.0,0.0,0.0,0.0,0.0
1,0,1.0,0.0,0.0,0.0,0.0,0.0,0.0,0.0,0.0
1,0,1.0,0.0,0.0,0.0,0.0,0.0,0.0,0.0,0.0
1,0,1.0,0.0,0.0,0.0,0.0,0.0,0.0,0.0,0.0
1,0,1.0,0.0,0.0,0.0,0.0,0.0,0.0,0.0,0.0
1,0,1.0,0.0,0.0,0.0,0.0,0.0,0.0,0.0,0.0
1,0,1.0,0.0,0.0,0.0,0.0,0.0,0.0,0.0,0.0
1,0,1.0,0.0,0.0,0.0,0.0,0.0,0.0,0.0,0.0
1,0,1.0,0.0,0.0,0.0,0.0,0.0,0.0,0.0,0.0
1,0,1.0,0.0,0.0,0.0,0.0,0.0,0.0,0.0,0.0
1,0,1.0,0.0,0.0,0.0,0.0,0.0,0.0,0.0,0.0
1,0,1.0,0.0,0.0,0.0,0.0,0.0,0.0,0.0,0.0
1,0,1.0,0.0,0.0,0.0,0.0,0.0,0.0,0.0,0.0
1,0,1.0,0.0,0.0,0.0,0.0,0.0,0.0,0.0,0.0
1,0,1.0,0.0,0.0,0.0,0.0,0.0,0.0,0.0,0.0
1,0,1.0,0.0,0.0,0.0,0.0,0.0,0.0,0.0,0.0
1,0,1.0,0.0,0.0,0.0,0.0,0.0,0.0,0.0,0.0
1,0,1.0,0.0,0.0,0.0,0.0,0.0,0.0,0.0,0.0
1,0,1.0,0.0,0.0,0.0,0.0,0.0,0.0,0.0,0.0
1,0,1.0,0.0,0.0,0.0,0.0,0.0,0.0,0.0,0.0
1,0,1.0,0.0,0.0,0.0,0.0,0.0,0.0,0.0,0.0
1,0,1.0,0.0,0.0,0.0,0.0,0.0,0.0,0.0,0.0
1,0,1.0,0.0,0.0,0.0,0.0,0.0,0.0,0.0,0.0
1,0,1.0,0.0,0.0,0.0,0.0,0.0,0.0,0.0,0.0
1,0,1.0,0.0,0.0,0.0,0.0,0.0,0.0,0.0,0.0
1,0,1.0,0.0,0.0,0.0,0.0,0.0,0.0,0.0,0.0
1,0,1.0,0.0,0.0,0.0,0.0,0.0,0.0,0.0,0.0
1,0,1.0,0.0,0.0,0.0,0.0,0.0,0.0,0.0,0.0
1,0,1.0,0.0,0.0,0.0,0.0,0.0,0.0,0.0,0.0
1,0,1.0,0.0,0.0,0.0,0.0,0.0,0.0,0.0,0.0
1,0,1.0,0.0,0.0,0.0,0.0,0.0,0.0,0.0,0.0
1,0,1.0,0.0,0.0,0.0,0.0,0.0,0.0,0.0,0.0
1,0,1.0,0.0,0.0,0.0,0.0,0.0,0.0,0.0,0.0
1,0,1.0,0.0,0.0,0.0,0.0,0.0,0.0,0.0,0.0
1,0,1.0,0.0,0.0,0.0,0.0,0.0,0.0,0.0,0.0
1,0,1.0,0.0,0.0,0.0,0.0,0.0,0.0,0.0,0.0
1,0,1.0,0.0,0.0,0.0,0.0,0.0,0.0,0.0,0.0
1,0,1.0,0.0,0.0,0.0,0.0,0.0,0.0,0.0,0.0
1,0,1.0,0.0,0.0,0.0,0.0,0.0,0.0,0.0,0.0
1,0,1.0,0.0,0.0,0.0,0.0,0.0,0.0,0.0,0.0
1,0,1.0,0.0,0.0,0.0,0.0,0.0,0.0,0.0,0.0
1,0,1.0,0.0,0.0,0.0,0.0,0.0,0.0,0.0,0.0
1,0,1.0,0.0,0.0,0.0,0.0,0.0,0.0,0.0,0.0
1,0,1.0,0.0,0.0,0.0,0.0,0.0,0.0,0.0,0.0
1,0,1.0,0.0,0.0,0.0,0.0,0.0,0.0,0.0,0.0
1,0,1.0,0.0,0.0,0.0,0.0,0.0,0.0,0.0,0.0
1,0,1.0,0.0,0.0,0.0,0.0,0.0,0.0,0.0,0.0
1,0,1.0,0.0,0.0,0.0,0.0,0.0,0.0,0.0,0.0
1,0,1.0,0.0,0.0,0.0,0.0,0.0,0.0,0.0,0.0
1,0,1.0,0.0,0.0,0.0,0.0,0.0,0.0,0.0,0.0
1,0,1.0,0.0,0.0,0.0,0.0,0.0,0.0,0.0,0.0
1,0,1.0,0.0,0.0,0.0,0.0,0.0,0.0,0.0,0.0
1,0,1.0,0.0,0.0,0.0,0.0,0.0,0.0,0.0,0.0
1,0,1.0,0.0,0.0,0.0,0.0,0.0,0.0,0.0,0.0
1,0,1.0,0.0,0.0,0.0,0.0,0.0,0.0,0.0,0.0
1,0,1.0,0.0,0.0,0.0,0.0,0.0,0.0,0.0,0.0
1,0,1.0,0.0,0.0,0.0,0.0,0.0,0.0,0.0,0.0
1,0,1.0,0.0,0.0,0.0,0.0,0.0,0.0,0.0,0.0
1,0,1.0,0.0,0.0,0.0,0.0,0.0,0.0,0.0,0.0
1,0,1.0,0.0,0.0,0.0,0.0,0.0,0.0,0.0,0.0
1,0,1.0,0.0,0.0,0.0,0.0,0.0,0.0,0.0,0.0
1,0,1.0,0.0,0.0,0.0,0.0,0.0,0.0,0.0,0.0
1,0,1.0,0.0,0.0,0.0,0.0,0.0,0.0,0.0,0.0
1,0,1.0,0.0,0.0,0.0,0.0,0.0,0.0,0.0,0.0
1,0,1.0,0.0,0.0,0.0,0.0,0.0,0.0,0.0,0.0
1,0,1.0,0.0,0.0,0.0,0.0,0.0,0.0,0.0,0.0
1,0,1.0,0.0,0.0,0.0,0.0,0.0,0.0,0.0,0.0
1,0,1.0,0.0,0.0,0.0,0.0,0.0,0.0,0.0,0.0
1,0,1.0,0.0,0.0,0.0,0.0,0.0,0.0,0.0,0.0
1,0,1.0,0.0,0.0,0.0,0.0,0.0,0.0,0.0,0.0
1,0,1.0,0.0,0.0,0.0,0.0,0.0,0.0,0.0,0.0
1,0,1.0,0.0,0.0,0.0,0.0,0.0,0.0,0.0,0.0
1,0,1.0,0.0,0.0,0.0,0.0,0.0,0.0,0.0,0.0
1,0,1.0,0.0,0.0,0.0,0.0,0.0,0.0,0.0,0.0
1,0,1.0,0.0,0.0,0.0,0.0,0.0,0.0,0.0,0.0
1,0,1.0,0.0,0.0,0.0,0.0,0.0,0.0,0.0,0.0
1,0,1.0,0.0,0.0,0.0,0.0,0.0,0.0,0.0,0.0
1,0,1.0,0.0,0.0,0.0,0.0,0.0,0.0,0.0,0.0
1,0,1.0,0.0,0.0,0.0,0.0,0.0,0.0,0.0,0.0
1,0,1.0,0.0,0.0,0.0,0.0,0.0,0.0,0.0,0.0
1,0,1.0,0.0,0.0,0.0,0.0,0.0,0.0,0.0,0.0
1,0,1.0,0.0,0.0,0.0,0.0,0.0,0.0,0.0,0.0
1,0,1.0,0.0,0.0,0.0,0.0,0.0,0.0,0.0,0.0
1,0,1.0,0.0,0.0,0.0,0.0,0.0,0.0,0.0,0.0
1,0,1.0,0.0,0.0,0.0,0.0,0.0,0.0,0.0,0.0
1,0,1.0,0.0,0.0,0.0,0.0,0.0,0.0,0.0,0.0
1,0,1.0,0.0,0.0,0.0,0.0,0.0,0.0,0.0,0.0
1,0,1.0,0.0,0.0,0.0,0.0,0.0,0.0,0.0,0.0
1,0,1.0,0.0,0.0,0.0,0.0,0.0,0.0,0.0,0.0
1,0,1.0,0.0,0.0,0.0,0.0,0.0,0.0,0.0,0.0
1,0,1.0,0.0,0.0,0.0,0.0,0.0,0.0,0.0,0.0
1,0,1.0,0.0,0.0,0.0,0.0,0.0,0.0,0.0,0.0
1,0,1.0,0.0,0.0,0.0,0.0,0.0,0.0,0.0,0.0
1,0,1.0,0.0,0.0,0.0,0.0,0.0,0.0,0.0,0.0
1,0,1.0,0.0,0.0,0.0,0.0,0.0,0.0,0.0,0.0
1,0,1.0,0.0,0.0,0.0,0.0,0.0,0.0,0.0,0.0
1,0,1.0,0.0,0.0,0.0,0.0,0.0,0.0,0.0,0.0
1,0,1.0,0.0,0.0,0.0,0.0,0.0,0.0,0.0,0.0
1,0,1.0,0.0,0.0,0.0,0.0,0.0,0.0,0.0,0.0
1,0,1.0,0.0,0.0,0.0,0.0,0.0,0.0,0.0,0.0
1,0,1.0,0.0,0.0,0.0,0.0,0.0,0.0,0.0,0.0
1,0,1.0,0.0,0.0,0.0,0.0,0.0,0.0,0.0,0.0
1,0,1.0,0.0,0.0,0.0,0.0,0.0,0.0,0.0,0.0
1,0,1.0,0.0,0.0,0.0,0.0,0.0,0.0,0.0,0.0
1,0,1.0,0.0,0.0,0.0,0.0,0.0,0.0,0.0,0.0
1,0,1.0,0.0,0.0,0.0,0.0,0.0,0.0,0.0,0.0
1,0,1.0,0.0,0.0,0.0,0.0,0.0,0.0,0.0,0.0
1,0,1.0,0.0,0.0,0.0,0.0,0.0,0.0,0.0,0.0
1,0,1.0,0.0,0.0,0.0,0.0,0.0,0.0,0.0,0.0
1,0,1.0,0.0,0.0,0.0,0.0,0.0,0.0,0.0,0.0
1,0,1.0,0.0,0.0,0.0,0.0,0.0,0.0,0.0,0.0
1,0,1.0,0.0,0.0,0.0,0.0,0.0,0.0,0.0,0.0
1,0,1.0,0.0,0.0,0.0,0.0,0.0,0.0,0.0,0.0
1,0,1.0,0.0,0.0,0.0,0.0,0.0,0.0,0.0,0.0
1,0,1.0,0.0,0.0,0.0,0.0,0.0,0.0,0.0,0.0
1,0,1.0,0.0,0.0,0.0,0.0,0.0,0.0,0.0,0.0
1,0,1.0,0.0,0.0,0.0,0.0,0.0,0.0,0.0,0.0
1,0,1.0,0.0,0.0,0.0,0.0,0.0,0.0,0.0,0.0
1,0,1.0,0.0,0.0,0.0,0.0,0.0,0.0,0.0,0.0
1,0,1.0,0.0,0.0,0.0,0.0,0.0,0.0,0.0,0.0
1,0,1.0,0.0,0.0,0.0,0.0,0.0,0.0,0.0,0.0
1,0,1.0,0.0,0.0,0.0,0.0,0.0,0.0,0.0,0.0
1,0,1.0,0.0,0.0,0.0,0.0,0.0,0.0,0.0,0.0
1,0,1.0,0.0,0.0,0.0,0.0,0.0,0.0,0.0,0.0
1,0,1.0,0.0,0.0,0.0,0.0,0.0,0.0,0.0,0.0
1,0,1.0,0.0,0.0,0.0,0.0,0.0,0.0,0.0,0.0
1,0,1.0,0.0,0.0,0.0,0.0,0.0,0.0,0.0,0.0
1,0,1.0,0.0,0.0,0.0,0.0,0.0,0.0,0.0,0.0
1,0,1.0,0.0,0.0,0.0,0.0,0.0,0.0,0.0,0.0
1,0,1.0,0.0,0.0,0.0,0.0,0.0,0.0,0.0,0.0
1,0,1.0,0.0,0.0,0.0,0.0,0.0,0.0,0.0,0.0
1,0,1.0,0.0,0.0,0.0,0.0,0.0,0.0,0.0,0.0
1,0,1.0,0.0,0.0,0.0,0.0,0.0,0.0,0.0,0.0
1,0,1.0,0.0,0.0,0.0,0.0,0.0,0.0,0.0,0.0
1,0,1.0,0.0,0.0,0.0,0.0,0.0,0.0,0.0,0.0
1,0,1.0,0.0,0.0,0.0,0.0,0.0,0.0,0.0,0.0
1,0,1.0,0.0,0.0,0.0,0.0,0.0,0.0,0.0,0.0
1,0,1.0,0.0,0.0,0.0,0.0,0.0,0.0,0.0,0.0
1,0,1.0,0.0,0.0,0.0,0.0,0.0,0.0,0.0,0.0
1,0,1.0,0.0,0.0,0.0,0.0,0.0,0.0,0.0,0.0
1,0,1.0,0.0,0.0,0.0,0.0,0.0,0.0,0.0,0.0
1,0,1.0,0.0,0.0,0.0,0.0,0.0,0.0,0.0,0.0
1,0,1.0,0.0,0.0,0.0,0.0,0.0,0.0,0.0,0.0
1,0,1.0,0.0,0.0,0.0,0.0,0.0,0.0,0.0,0.0
1,0,1.0,0.0,0.0,0.0,0.0,0.0,0.0,0.0,0.0
1,0,1.0,0.0,0.0,0.0,0.0,0.0,0.0,0.0,0.0
1,0,1.0,0.0,0.0,0.0,0.0,0.0,0.0,0.0,0.0
1,0,1.0,0.0,0.0,0.0,0.0,0.0,0.0,0.0,0.0
1,0,1.0,0.0,0.0,0.0,0.0,0.0,0.0,0.0,0.0
1,0,1.0,0.0,0.0,0.0,0.0,0.0,0.0,0.0,0.0
1,0,1.0,0.0,0.0,0.0,0.0,0.0,0.0,0.0,0.0
1,0,1.0,0.0,0.0,0.0,0.0,0.0,0.0,0.0,0.0
1,0,1.0,0.0,0.0,0.0,0.0,0.0,0.0,0.0,0.0
1,0,1.0,0.0,0.0,0.0,0.0,0.0,0.0,0.0,0.0
1,0,1.0,0.0,0.0,0.0,0.0,0.0,0.0,0.0,0.0
1,0,1.0,0.0,0.0,0.0,0.0,0.0,0.0,0.0,0.0
1,0,1.0,0.0,0.0,0.0,0.0,0.0,0.0,0.0,0.0
1,0,1.0,0.0,0.0,0.0,0.0,0.0,0.0,0.0,0.0
1,0,1.0,0.0,0.0,0.0,0.0,0.0,0.0,0.0,0.0
1,0,1.0,0.0,0.0,0.0,0.0,0.0,0.0,0.0,0.0
1,0,1.0,0.0,0.0,0.0,0.0,0.0,0.0,0.0,0.0
1,0,1.0,0.0,0.0,0.0,0.0,0.0,0.0,0.0,0.0
1,0,1.0,0.0,0.0,0.0,0.0,0.0,0.0,0.0,0.0
1,0,1.0,0.0,0.0,0.0,0.0,0.0,0.0,0.0,0.0
1,0,1.0,0.0,0.0,0.0,0.0,0.0,0.0,0.0,0.0
1,0,1.0,0.0,0.0,0.0,0.0,0.0,0.0,0.0,0.0
1,0,1.0,0.0,0.0,0.0,0.0,0.0,0.0,0.0,0.0
1,0,1.0,0.0,0.0,0.0,0.0,0.0,0.0,0.0,0.0
1,0,1.0,0.0,0.0,0.0,0.0,0.0,0.0,0.0,0.0
1,0,1.0,0.0,0.0,0.0,0.0,0.0,0.0,0.0,0.0
1,0,1.0,0.0,0.0,0.0,0.0,0.0,0.0,0.0,0.0
1,0,1.0,0.0,0.0,0.0,0.0,0.0,0.0,0.0,0.0
1,0,1.0,0.0,0.0,0.0,0.0,0.0,0.0,0.0,0.0
1,0,1.0,0.0,0.0,0.0,0.0,0.0,0.0,0.0,0.0
1,0,1.0,0.0,0.0,0.0,0.0,0.0,0.0,0.0,0.0
1,0,1.0,0.0,0.0,0.0,0.0,0.0,0.0,0.0,0.0
1,0,1.0,0.0,0.0,0.0,0.0,0.0,0.0,0.0,0.0
1,0,1.0,0.0,0.0,0.0,0.0,0.0,0.0,0.0,0.0
1,0,1.0,0.0,0.0,0.0,0.0,0.0,0.0,0.0,0.0
1,0,1.0,0.0,0.0,0.0,0.0,0.0,0.0,0.0,0.0
1,0,1.0,0.0,0.0,0.0,0.0,0.0,0.0,0.0,0.0
1,0,1.0,0.0,0.0,0.0,0.0,0.0,0.0,0.0,0.0
1,0,1.0,0.0,0.0,0.0,0.0,0.0,0.0,0.0,0.0
1,0,1.0,0.0,0.0,0.0,0.0,0.0,0.0,0.0,0.0
1,0,1.0,0.0,0.0,0.0,0.0,0.0,0.0,0.0,0.0
1,0,1.0,0.0,0.0,0.0,0.0,0.0,0.0,0.0,0.0
1,0,1.0,0.0,0.0,0.0,0.0,0.0,0.0,0.0,0.0
1,0,1.0,0.0,0.0,0.0,0.0,0.0,0.0,0.0,0.0
1,0,1.0,0.0,0.0,0.0,0.0,0.0,0.0,0.0,0.0
1,0,1.0,0.0,0.0,0.0,0.0,0.0,0.0,0.0,0.0
1,0,1.0,0.0,0.0,0.0,0.0,0.0,0.0,0.0,0.0
1,0,1.0,0.0,0.0,0.0,0.0,0.0,0.0,0.0,0.0
1,0,1.0,0.0,0.0,0.0,0.0,0.0,0.0,0.0,0.0
1,0,1.0,0.0,0.0,0.0,0.0,0.0,0.0,0.0,0.0
1,0,1.0,0.0,0.0,0.0,0.0,0.0,0.0,0.0,0.0
1,0,1.0,0.0,0.0,0.0,0.0,0.0,0.0,0.0,0.0
1,0,1.0,0.0,0.0,0.0,0.0,0.0,0.0,0.0,0.0
1,0,1.0,0.0,0.0,0.0,0.0,0.0,0.0,0.0,0.0
1,0,1.0,0.0,0.0,0.0,0.0,0.0,0.0,0.0,0.0
1,0,1.0,0.0,0.0,0.0,0.0,0.0,0.0,0.0,0.0
1,0,1.0,0.0,0.0,0.0,0.0,0.0,0.0,0.0,0.0
1,0,1.0,0.0,0.0,0.0,0.0,0.0,0.0,0.0,0.0
1,0,1.0,0.0,0.0,0.0,0.0,0.0,0.0,0.0,0.0
1,0,1.0,0.0,0.0,0.0,0.0,0.0,0.0,0.0,0.0
1,0,1.0,0.0,0.0,0.0,0.0,0.0,0.0,0.0,0.0
1,0,1.0,0.0,0.0,0.0,0.0,0.0,0.0,0.0,0.0
1,0,1.0,0.0,0.0,0.0,0.0,0.0,0.0,0.0,0.0
1,0,1.0,0.0,0.0,0.0,0.0,0.0,0.0,0.0,0.0
1,0,1.0,0.0,0.0,0.0,0.0,0.0,0.0,0.0,0.0
1,0,1.0,0.0,0.0,0.0,0.0,0.0,0.0,0.0,0.0
1,0,1.0,0.0,0.0,0.0,0.0,0.0,0.0,0.0,0.0
1,0,1.0,0.0,0.0,0.0,0.0,0.0,0.0,0.0,0.0
1,0,1.0,0.0,0.0,0.0,0.0,0.0,0.0,0.0,0.0
1,0,1.0,0.0,0.0,0.0,0.0,0.0,0.0,0.0,0.0
1,0,1.0,0.0,0.0,0.0,0.0,0.0,0.0,0.0,0.0
1,0,1.0,0.0,0.0,0.0,0.0,0.0,0.0,0.0,0.0
1,0,1.0,0.0,0.0,0.0,0.0,0.0,0.0,0.0,0.0
1,0,1.0,0.0,0.0,0.0,0.0,0.0,0.0,0.0,0.0
1,0,1.0,0.0,0.0,0.0,0.0,0.0,0.0,0.0,0.0
1,0,1.0,0.0,0.0,0.0,0.0,0.0,0.0,0.0,0.0
1,0,1.0,0.0,0.0,0.0,0.0,0.0,0.0,0.0,0.0
1,0,1.0,0.0,0.0,0.0,0.0,0.0,0.0,0.0,0.0
1,0,1.0,0.0,0.0,0.0,0.0,0.0,0.0,0.0,0.0
1,0,1.0,0.0,0.0,0.0,0.0,0.0,0.0,0.0,0.0
1,0,1.0,0.0,0.0,0.0,0.0,0.0,0.0,0.0,0.0
1,0,1.0,0.0,0.0,0.0,0.0,0.0,0.0,0.0,0.0
1,0,1.0,0.0,0.0,0.0,0.0,0.0,0.0,0.0,0.0
1,0,1.0,0.0,0.0,0.0,0.0,0.0,0.0,0.0,0.0
1,0,1.0,0.0,0.0,0.0,0.0,0.0,0.0,0.0,0.0
1,0,1.0,0.0,0.0,0.0,0.0,0.0,0.0,0.0,0.0
1,0,1.0,0.0,0.0,0.0,0.0,0.0,0.0,0.0,0.0
1,0,1.0,0.0,0.0,0.0,0.0,0.0,0.0,0.0,0.0
1,0,1.0,0.0,0.0,0.0,0.0,0.0,0.0,0.0,0.0
1,0,1.0,0.0,0.0,0.0,0.0,0.0,0.0,0.0,0.0
1,0,1.0,0.0,0.0,0.0,0.0,0.0,0.0,0.0,0.0
1,0,1.0,0.0,0.0,0.0,0.0,0.0,0.0,0.0,0.0
1,0,1.0,0.0,0.0,0.0,0.0,0.0,0.0,0.0,0.0
1,0,1.0,0.0,0.0,0.0,0.0,0.0,0.0,0.0,0.0
1,0,1.0,0.0,0.0,0.0,0.0,0.0,0.0,0.0,0.0
1,0,1.0,0.0,0.0,0.0,0.0,0.0,0.0,0.0,0.0
1,0,1.0,0.0,0.0,0.0,0.0,0.0,0.0,0.0,0.0
1,0,1.0,0.0,0.0,0.0,0.0,0.0,0.0,0.0,0.0
1,0,1.0,0.0,0.0,0.0,0.0,0.0,0.0,0.0,0.0
1,0,1.0,0.0,0.0,0.0,0.0,0.0,0.0,0.0,0.0
1,0,1.0,0.0,0.0,0.0,0.0,0.0,0.0,0.0,0.0
1,0,1.0,0.0,0.0,0.0,0.0,0.0,0.0,0.0,0.0
1,0,1.0,0.0,0.0,0.0,0.0,0.0,0.0,0.0,0.0
1,0,1.0,0.0,0.0,0.0,0.0,0.0,0.0,0.0,0.0
1,0,1.0,0.0,0.0,0.0,0.0,0.0,0.0,0.0,0.0
1,0,1.0,0.0,0.0,0.0,0.0,0.0,0.0,0.0,0.0
1,0,1.0,0.0,0.0,0.0,0.0,0.0,0.0,0.0,0.0
1,0,1.0,0.0,0.0,0.0,0.0,0.0,0.0,0.0,0.0
1,0,1.0,0.0,0.0,0.0,0.0,0.0,0.0,0.0,0.0
1,0,1.0,0.0,0.0,0.0,0.0,0.0,0.0,0.0,0.0
1,0,1.0,0.0,0.0,0.0,0.0,0.0,0.0,0.0,0.0
1,0,1.0,0.0,0.0,0.0,0.0,0.0,0.0,0.0,0.0
1,0,1.0,0.0,0.0,0.0,0.0,0.0,0.0,0.0,0.0
1,0,1.0,0.0,0.0,0.0,0.0,0.0,0.0,0.0,0.0
1,0,1.0,0.0,0.0,0.0,0.0,0.0,0.0,0.0,0.0
1,0,1.0,0.0,0.0,0.0,0.0,0.0,0.0,0.0,0.0
1,0,1.0,0.0,0.0,0.0,0.0,0.0,0.0,0.0,0.0
1,0,1.0,0.0,0.0,0.0,0.0,0.0,0.0,0.0,0.0
1,0,1.0,0.0,0.0,0.0,0.0,0.0,0.0,0.0,0.0
1,0,1.0,0.0,0.0,0.0,0.0,0.0,0.0,0.0,0.0
1,0,1.0,0.0,0.0,0.0,0.0,0.0,0.0,0.0,0.0
1,0,1.0,0.0,0.0,0.0,0.0,0.0,0.0,0.0,0.0
1,0,1.0,0.0,0.0,0.0,0.0,0.0,0.0,0.0,0.0
1,0,1.0,0.0,0.0,0.0,0.0,0.0,0.0,0.0,0.0
1,0,1.0,0.0,0.0,0.0,0.0,0.0,0.0,0.0,0.0
1,0,1.0,0.0,0.0,0.0,0.0,0.0,0.0,0.0,0.0
1,0,1.0,0.0,0.0,0.0,0.0,0.0,0.0,0.0,0.0
1,0,1.0,0.0,0.0,0.0,0.0,0.0,0.0,0.0,0.0
1,0,1.0,0.0,0.0,0.0,0.0,0.0,0.0,0.0,0.0
1,0,1.0,0.0,0.0,0.0,0.0,0.0,0.0,0.0,0.0
1,0,1.0,0.0,0.0,0.0,0.0,0.0,0.0,0.0,0.0
1,0,1.0,0.0,0.0,0.0,0.0,0.0,0.0,0.0,0.0
1,0,1.0,0.0,0.0,0.0,0.0,0.0,0.0,0.0,0.0
1,0,1.0,0.0,0.0,0.0,0.0,0.0,0.0,0.0,0.0
1,0,1.0,0.0,0.0,0.0,0.0,0.0,0.0,0.0,0.0
1,0,1.0,0.0,0.0,0.0,0.0,0.0,0.0,0.0,0.0
1,0,1.0,0.0,0.0,0.0,0.0,0.0,0.0,0.0,0.0
1,0,1.0,0.0,0.0,0.0,0.0,0.0,0.0,0.0,0.0
1,0,1.0,0.0,0.0,0.0,0.0,0.0,0.0,0.0,0.0
1,0,1.0,0.0,0.0,0.0,0.0,0.0,0.0,0.0,0.0
1,0,1.0,0.0,0.0,0.0,0.0,0.0,0.0,0.0,0.0
1,0,1.0,0.0,0.0,0.0,0.0,0.0,0.0,0.0,0.0
1,0,1.0,0.0,0.0,0.0,0.0,0.0,0.0,0.0,0.0
1,0,1.0,0.0,0.0,0.0,0.0,0.0,0.0,0.0,0.0
1,0,1.0,0.0,0.0,0.0,0.0,0.0,0.0,0.0,0.0
1,0,1.0,0.0,0.0,0.0,0.0,0.0,0.0,0.0,0.0
1,0,1.0,0.0,0.0,0.0,0.0,0.0,0.0,0.0,0.0
1,0,1.0,0.0,0.0,0.0,0.0,0.0,0.0,0.0,0.0
1,0,1.0,0.0,0.0,0.0,0.0,0.0,0.0,0.0,0.0
1,0,1.0,0.0,0.0,0.0,0.0,0.0,0.0,0.0,0.0
1,0,1.0,0.0,0.0,0.0,0.0,0.0,0.0,0.0,0.0
1,0,1.0,0.0,0.0,0.0,0.0,0.0,0.0,0.0,0.0
1,0,1.0,0.0,0.0,0.0,0.0,0.0,0.0,0.0,0.0
1,0,1.0,0.0,0.0,0.0,0.0,0.0,0.0,0.0,0.0
1,0,1.0,0.0,0.0,0.0,0.0,0.0,0.0,0.0,0.0
1,0,1.0,0.0,0.0,0.0,0.0,0.0,0.0,0.0,0.0
1,0,1.0,0.0,0.0,0.0,0.0,0.0,0.0,0.0,0.0
1,0,1.0,0.0,0.0,0.0,0.0,0.0,0.0,0.0,0.0
1,0,1.0,0.0,0.0,0.0,0.0,0.0,0.0,0.0,0.0
1,0,1.0,0.0,0.0,0.0,0.0,0.0,0.0,0.0,0.0
1,0,1.0,0.0,0.0,0.0,0.0,0.0,0.0,0.0,0.0
1,0,1.0,0.0,0.0,0.0,0.0,0.0,0.0,0.0,0.0
1,0,1.0,0.0,0.0,0.0,0.0,0.0,0.0,0.0,0.0
1,0,1.0,0.0,0.0,0.0,0.0,0.0,0.0,0.0,0.0
1,0,1.0,0.0,0.0,0.0,0.0,0.0,0.0,0.0,0.0
1,0,1.0,0.0,0.0,0.0,0.0,0.0,0.0,0.0,0.0
1,0,1.0,0.0,0.0,0.0,0.0,0.0,0.0,0.0,0.0
1,0,1.0,0.0,0.0,0.0,0.0,0.0,0.0,0.0,0.0
1,0,1.0,0.0,0.0,0.0,0.0,0.0,0.0,0.0,0.0
1,0,1.0,0.0,0.0,0.0,0.0,0.0,0.0,0.0,0.0
1,0,1.0,0.0,0.0,0.0,0.0,0.0,0.0,0.0,0.0
1,0,1.0,0.0,0.0,0.0,0.0,0.0,0.0,0.0,0.0
1,0,1.0,0.0,0.0,0.0,0.0,0.0,0.0,0.0,0.0
1,0,1.0,0.0,0.0,0.0,0.0,0.0,0.0,0.0,0.0
1,0,1.0,0.0,0.0,0.0,0.0,0.0,0.0,0.0,0.0
1,0,1.0,0.0,0.0,0.0,0.0,0.0,0.0,0.0,0.0
1,0,1.0,0.0,0.0,0.0,0.0,0.0,0.0,0.0,0.0
1,0,1.0,0.0,0.0,0.0,0.0,0.0,0.0,0.0,0.0
1,0,1.0,0.0,0.0,0.0,0.0,0.0,0.0,0.0,0.0
1,0,1.0,0.0,0.0,0.0,0.0,0.0,0.0,0.0,0.0
1,0,1.0,0.0,0.0,0.0,0.0,0.0,0.0,0.0,0.0
1,0,1.0,0.0,0.0,0.0,0.0,0.0,0.0,0.0,0.0
1,0,1.0,0.0,0.0,0.0,0.0,0.0,0.0,0.0,0.0
1,0,1.0,0.0,0.0,0.0,0.0,0.0,0.0,0.0,0.0
1,0,1.0,0.0,0.0,0.0,0.0,0.0,0.0,0.0,0.0
1,0,1.0,0.0,0.0,0.0,0.0,0.0,0.0,0.0,0.0
1,0,1.0,0.0,0.0,0.0,0.0,0.0,0.0,0.0,0.0
1,0,1.0,0.0,0.0,0.0,0.0,0.0,0.0,0.0,0.0
1,0,1.0,0.0,0.0,0.0,0.0,0.0,0.0,0.0,0.0
1,0,1.0,0.0,0.0,0.0,0.0,0.0,0.0,0.0,0.0
1,0,1.0,0.0,0.0,0.0,0.0,0.0,0.0,0.0,0.0
1,0,1.0,0.0,0.0,0.0,0.0,0.0,0.0,0.0,0.0
1,0,1.0,0.0,0.0,0.0,0.0,0.0,0.0,0.0,0.0
1,0,1.0,0.0,0.0,0.0,0.0,0.0,0.0,0.0,0.0
1,0,1.0,0.0,0.0,0.0,0.0,0.0,0.0,0.0,0.0
1,0,1.0,0.0,0.0,0.0,0.0,0.0,0.0,0.0,0.0
1,0,1.0,0.0,0.0,0.0,0.0,0.0,0.0,0.0,0.0
1,0,1.0,0.0,0.0,0.0,0.0,0.0,0.0,0.0,0.0
1,0,1.0,0.0,0.0,0.0,0.0,0.0,0.0,0.0,0.0
1,0,1.0,0.0,0.0,0.0,0.0,0.0,0.0,0.0,0.0
1,0,1.0,0.0,0.0,0.0,0.0,0.0,0.0,0.0,0.0
1,0,1.0,0.0,0.0,0.0,0.0,0.0,0.0,0.0,0.0
1,0,1.0,0.0,0.0,0.0,0.0,0.0,0.0,0.0,0.0
1,0,1.0,0.0,0.0,0.0,0.0,0.0,0.0,0.0,0.0
1,0,1.0,0.0,0.0,0.0,0.0,0.0,0.0,0.0,0.0
1,0,1.0,0.0,0.0,0.0,0.0,0.0,0.0,0.0,0.0
1,0,1.0,0.0,0.0,0.0,0.0,0.0,0.0,0.0,0.0
1,0,1.0,0.0,0.0,0.0,0.0,0.0,0.0,0.0,0.0
1,0,1.0,0.0,0.0,0.0,0.0,0.0,0.0,0.0,0.0
1,0,1.0,0.0,0.0,0.0,0.0,0.0,0.0,0.0,0.0
1,0,1.0,0.0,0.0,0.0,0.0,0.0,0.0,0.0,0.0
1,0,1.0,0.0,0.0,0.0,0.0,0.0,0.0,0.0,0.0
1,0,1.0,0.0,0.0,0.0,0.0,0.0,0.0,0.0,0.0
1,0,1.0,0.0,0.0,0.0,0.0,0.0,0.0,0.0,0.0
1,0,1.0,0.0,0.0,0.0,0.0,0.0,0.0,0.0,0.0
1,0,1.0,0.0,0.0,0.0,0.0,0.0,0.0,0.0,0.0
1,0,1.0,0.0,0.0,0.0,0.0,0.0,0.0,0.0,0.0
1,0,1.0,0.0,0.0,0.0,0.0,0.0,0.0,0.0,0.0
1,0,1.0,0.0,0.0,0.0,0.0,0.0,0.0,0.0,0.0
1,0,1.0,0.0,0.0,0.0,0.0,0.0,0.0,0.0,0.0
1,0,1.0,0.0,0.0,0.0,0.0,0.0,0.0,0.0,0.0
1,0,1.0,0.0,0.0,0.0,0.0,0.0,0.0,0.0,0.0
1,0,1.0,0.0,0.0,0.0,0.0,0.0,0.0,0.0,0.0
1,0,1.0,0.0,0.0,0.0,0.0,0.0,0.0,0.0,0.0
1,0,1.0,0.0,0.0,0.0,0.0,0.0,0.0,0.0,0.0
1,0,1.0,0.0,0.0,0.0,0.0,0.0,0.0,0.0,0.0
1,0,1.0,0.0,0.0,0.0,0.0,0.0,0.0,0.0,0.0
1,0,1.0,0.0,0.0,0.0,0.0,0.0,0.0,0.0,0.0
1,0,1.0,0.0,0.0,0.0,0.0,0.0,0.0,0.0,0.0
1,0,1.0,0.0,0.0,0.0,0.0,0.0,0.0,0.0,0.0
1,0,1.0,0.0,0.0,0.0,0.0,0.0,0.0,0.0,0.0
1,0,1.0,0.0,0.0,0.0,0.0,0.0,0.0,0.0,0.0
1,0,1.0,0.0,0.0,0.0,0.0,0.0,0.0,0.0,0.0
1,0,1.0,0.0,0.0,0.0,0.0,0.0,0.0,0.0,0.0
1,0,1.0,0.0,0.0,0.0,0.0,0.0,0.0,0.0,0.0
1,0,1.0,0.0,0.0,0.0,0.0,0.0,0.0,0.0,0.0
1,0,1.0,0.0,0.0,0.0,0.0,0.0,0.0,0.0,0.0
1,0,1.0,0.0,0.0,0.0,0.0,0.0,0.0,0.0,0.0
1,0,1.0,0.0,0.0,0.0,0.0,0.0,0.0,0.0,0.0
1,0,1.0,0.0,0.0,0.0,0.0,0.0,0.0,0.0,0.0
1,0,1.0,0.0,0.0,0.0,0.0,0.0,0.0,0.0,0.0
1,0,1.0,0.0,0.0,0.0,0.0,0.0,0.0,0.0,0.0
1,0,1.0,0.0,0.0,0.0,0.0,0.0,0.0,0.0,0.0
1,0,1.0,0.0,0.0,0.0,0.0,0.0,0.0,0.0,0.0
1,0,1.0,0.0,0.0,0.0,0.0,0.0,0.0,0.0,0.0
1,0,1.0,0.0,0.0,0.0,0.0,0.0,0.0,0.0,0.0
1,0,1.0,0.0,0.0,0.0,0.0,0.0,0.0,0.0,0.0
1,0,1.0,0.0,0.0,0.0,0.0,0.0,0.0,0.0,0.0
1,0,1.0,0.0,0.0,0.0,0.0,0.0,0.0,0.0,0.0
1,0,1.0,0.0,0.0,0.0,0.0,0.0,0.0,0.0,0.0
1,0,1.0,0.0,0.0,0.0,0.0,0.0,0.0,0.0,0.0
1,0,1.0,0.0,0.0,0.0,0.0,0.0,0.0,0.0,0.0
1,0,1.0,0.0,0.0,0.0,0.0,0.0,0.0,0.0,0.0
1,0,1.0,0.0,0.0,0.0,0.0,0.0,0.0,0.0,0.0
1,0,1.0,0.0,0.0,0.0,0.0,0.0,0.0,0.0,0.0
1,0,1.0,0.0,0.0,0.0,0.0,0.0,0.0,0.0,0.0
1,0,1.0,0.0,0.0,0.0,0.0,0.0,0.0,0.0,0.0
1,0,1.0,0.0,0.0,0.0,0.0,0.0,0.0,0.0,0.0
1,0,1.0,0.0,0.0,0.0,0.0,0.0,0.0,0.0,0.0
1,0,1.0,0.0,0.0,0.0,0.0,0.0,0.0,0.0,0.0
1,0,1.0,0.0,0.0,0.0,0.0,0.0,0.0,0.0,0.0
1,0,1.0,0.0,0.0,0.0,0.0,0.0,0.0,0.0,0.0
1,0,1.0,0.0,0.0,0.0,0.0,0.0,0.0,0.0,0.0
1,0,1.0,0.0,0.0,0.0,0.0,0.0,0.0,0.0,0.0
1,0,1.0,0.0,0.0,0.0,0.0,0.0,0.0,0.0,0.0
1,0,1.0,0.0,0.0,0.0,0.0,0.0,0.0,0.0,0.0
1,0,1.0,0.0,0.0,0.0,0.0,0.0,0.0,0.0,0.0
1,0,1.0,0.0,0.0,0.0,0.0,0.0,0.0,0.0,0.0
1,0,1.0,0.0,0.0,0.0,0.0,0.0,0.0,0.0,0.0
1,0,1.0,0.0,0.0,0.0,0.0,0.0,0.0,0.0,0.0
1,0,1.0,0.0,0.0,0.0,0.0,0.0,0.0,0.0,0.0
1,0,1.0,0.0,0.0,0.0,0.0,0.0,0.0,0.0,0.0
1,0,1.0,0.0,0.0,0.0,0.0,0.0,0.0,0.0,0.0
1,0,1.0,0.0,0.0,0.0,0.0,0.0,0.0,0.0,0.0
1,0,1.0,0.0,0.0,0.0,0.0,0.0,0.0,0.0,0.0
1,0,1.0,0.0,0.0,0.0,0.0,0.0,0.0,0.0,0.0
1,0,1.0,0.0,0.0,0.0,0.0,0.0,0.0,0.0,0.0
1,0,1.0,0.0,0.0,0.0,0.0,0.0,0.0,0.0,0.0
1,0,1.0,0.0,0.0,0.0,0.0,0.0,0.0,0.0,0.0
1,0,1.0,0.0,0.0,0.0,0.0,0.0,0.0,0.0,0.0
1,0,1.0,0.0,0.0,0.0,0.0,0.0,0.0,0.0,0.0
1,0,1.0,0.0,0.0,0.0,0.0,0.0,0.0,0.0,0.0
1,0,1.0,0.0,0.0,0.0,0.0,0.0,0.0,0.0,0.0
1,0,1.0,0.0,0.0,0.0,0.0,0.0,0.0,0.0,0.0
1,0,1.0,0.0,0.0,0.0,0.0,0.0,0.0,0.0,0.0
1,0,1.0,0.0,0.0,0.0,0.0,0.0,0.0,0.0,0.0
1,0,1.0,0.0,0.0,0.0,0.0,0.0,0.0,0.0,0.0
1,0,1.0,0.0,0.0,0.0,0.0,0.0,0.0,0.0,0.0
1,0,1.0,0.0,0.0,0.0,0.0,0.0,0.0,0.0,0.0
1,0,1.0,0.0,0.0,0.0,0.0,0.0,0.0,0.0,0.0
1,0,1.0,0.0,0.0,0.0,0.0,0.0,0.0,0.0,0.0
1,0,1.0,0.0,0.0,0.0,0.0,0.0,0.0,0.0,0.0
1,0,1.0,0.0,0.0,0.0,0.0,0.0,0.0,0.0,0.0
1,0,1.0,0.0,0.0,0.0,0.0,0.0,0.0,0.0,0.0
1,0,1.0,0.0,0.0,0.0,0.0,0.0,0.0,0.0,0.0
1,0,1.0,0.0,0.0,0.0,0.0,0.0,0.0,0.0,0.0
1,0,1.0,0.0,0.0,0.0,0.0,0.0,0.0,0.0,0.0
1,0,1.0,0.0,0.0,0.0,0.0,0.0,0.0,0.0,0.0
1,0,1.0,0.0,0.0,0.0,0.0,0.0,0.0,0.0,0.0
1,0,1.0,0.0,0.0,0.0,0.0,0.0,0.0,0.0,0.0
1,0,1.0,0.0,0.0,0.0,0.0,0.0,0.0,0.0,0.0
1,0,1.0,0.0,0.0,0.0,0.0,0.0,0.0,0.0,0.0
1,0,1.0,0.0,0.0,0.0,0.0,0.0,0.0,0.0,0.0
1,0,1.0,0.0,0.0,0.0,0.0,0.0,0.0,0.0,0.0
1,0,1.0,0.0,0.0,0.0,0.0,0.0,0.0,0.0,0.0
1,0,1.0,0.0,0.0,0.0,0.0,0.0,0.0,0.0,0.0
1,0,1.0,0.0,0.0,0.0,0.0,0.0,0.0,0.0,0.0
1,0,1.0,0.0,0.0,0.0,0.0,0.0,0.0,0.0,0.0
1,0,1.0,0.0,0.0,0.0,0.0,0.0,0.0,0.0,0.0
1,0,1.0,0.0,0.0,0.0,0.0,0.0,0.0,0.0,0.0
1,0,1.0,0.0,0.0,0.0,0.0,0.0,0.0,0.0,0.0
1,0,1.0,0.0,0.0,0.0,0.0,0.0,0.0,0.0,0.0
1,0,1.0,0.0,0.0,0.0,0.0,0.0,0.0,0.0,0.0
1,0,1.0,0.0,0.0,0.0,0.0,0.0,0.0,0.0,0.0
1,0,1.0,0.0,0.0,0.0,0.0,0.0,0.0,0.0,0.0
1,0,1.0,0.0,0.0,0.0,0.0,0.0,0.0,0.0,0.0
1,0,1.0,0.0,0.0,0.0,0.0,0.0,0.0,0.0,0.0
1,0,1.0,0.0,0.0,0.0,0.0,0.0,0.0,0.0,0.0
1,0,1.0,0.0,0.0,0.0,0.0,0.0,0.0,0.0,0.0
1,0,1.0,0.0,0.0,0.0,0.0,0.0,0.0,0.0,0.0
1,0,1.0,0.0,0.0,0.0,0.0,0.0,0.0,0.0,0.0
1,0,1.0,0.0,0.0,0.0,0.0,0.0,0.0,0.0,0.0
1,0,1.0,0.0,0.0,0.0,0.0,0.0,0.0,0.0,0.0
1,0,1.0,0.0,0.0,0.0,0.0,0.0,0.0,0.0,0.0
1,0,1.0,0.0,0.0,0.0,0.0,0.0,0.0,0.0,0.0
1,0,1.0,0.0,0.0,0.0,0.0,0.0,0.0,0.0,0.0
1,0,1.0,0.0,0.0,0.0,0.0,0.0,0.0,0.0,0.0
1,0,1.0,0.0,0.0,0.0,0.0,0.0,0.0,0.0,0.0
1,0,1.0,0.0,0.0,0.0,0.0,0.0,0.0,0.0,0.0
1,0,1.0,0.0,0.0,0.0,0.0,0.0,0.0,0.0,0.0
1,0,1.0,0.0,0.0,0.0,0.0,0.0,0.0,0.0,0.0
1,0,1.0,0.0,0.0,0.0,0.0,0.0,0.0,0.0,0.0
1,0,1.0,0.0,0.0,0.0,0.0,0.0,0.0,0.0,0.0
1,0,1.0,0.0,0.0,0.0,0.0,0.0,0.0,0.0,0.0
1,0,1.0,0.0,0.0,0.0,0.0,0.0,0.0,0.0,0.0
1,0,1.0,0.0,0.0,0.0,0.0,0.0,0.0,0.0,0.0
1,0,1.0,0.0,0.0,0.0,0.0,0.0,0.0,0.0,0.0
1,0,1.0,0.0,0.0,0.0,0.0,0.0,0.0,0.0,0.0
1,0,1.0,0.0,0.0,0.0,0.0,0.0,0.0,0.0,0.0
1,0,1.0,0.0,0.0,0.0,0.0,0.0,0.0,0.0,0.0
1,0,1.0,0.0,0.0,0.0,0.0,0.0,0.0,0.0,0.0
1,0,1.0,0.0,0.0,0.0,0.0,0.0,0.0,0.0,0.0
1,0,1.0,0.0,0.0,0.0,0.0,0.0,0.0,0.0,0.0
1,0,1.0,0.0,0.0,0.0,0.0,0.0,0.0,0.0,0.0
1,0,1.0,0.0,0.0,0.0,0.0,0.0,0.0,0.0,0.0
1,0,1.0,0.0,0.0,0.0,0.0,0.0,0.0,0.0,0.0
1,0,1.0,0.0,0.0,0.0,0.0,0.0,0.0,0.0,0.0
1,0,1.0,0.0,0.0,0.0,0.0,0.0,0.0,0.0,0.0
1,0,1.0,0.0,0.0,0.0,0.0,0.0,0.0,0.0,0.0
1,0,1.0,0.0,0.0,0.0,0.0,0.0,0.0,0.0,0.0
1,0,1.0,0.0,0.0,0.0,0.0,0.0,0.0,0.0,0.0
1,0,1.0,0.0,0.0,0.0,0.0,0.0,0.0,0.0,0.0
1,0,1.0,0.0,0.0,0.0,0.0,0.0,0.0,0.0,0.0
1,0,1.0,0.0,0.0,0.0,0.0,0.0,0.0,0.0,0.0
1,0,1.0,0.0,0.0,0.0,0.0,0.0,0.0,0.0,0.0
1,0,1.0,0.0,0.0,0.0,0.0,0.0,0.0,0.0,0.0
1,0,1.0,0.0,0.0,0.0,0.0,0.0,0.0,0.0,0.0
1,0,1.0,0.0,0.0,0.0,0.0,0.0,0.0,0.0,0.0
1,0,1.0,0.0,0.0,0.0,0.0,0.0,0.0,0.0,0.0
1,0,1.0,0.0,0.0,0.0,0.0,0.0,0.0,0.0,0.0
1,0,1.0,0.0,0.0,0.0,0.0,0.0,0.0,0.0,0.0
1,0,1.0,0.0,0.0,0.0,0.0,0.0,0.0,0.0,0.0
1,0,1.0,0.0,0.0,0.0,0.0,0.0,0.0,0.0,0.0
1,0,1.0,0.0,0.0,0.0,0.0,0.0,0.0,0.0,0.0
1,0,1.0,0.0,0.0,0.0,0.0,0.0,0.0,0.0,0.0
1,0,1.0,0.0,0.0,0.0,0.0,0.0,0.0,0.0,0.0
1,0,1.0,0.0,0.0,0.0,0.0,0.0,0.0,0.0,0.0
1,0,1.0,0.0,0.0,0.0,0.0,0.0,0.0,0.0,0.0
1,0,1.0,0.0,0.0,0.0,0.0,0.0,0.0,0.0,0.0
1,0,1.0,0.0,0.0,0.0,0.0,0.0,0.0,0.0,0.0
1,0,1.0,0.0,0.0,0.0,0.0,0.0,0.0,0.0,0.0
1,0,1.0,0.0,0.0,0.0,0.0,0.0,0.0,0.0,0.0
1,0,1.0,0.0,0.0,0.0,0.0,0.0,0.0,0.0,0.0
1,0,1.0,0.0,0.0,0.0,0.0,0.0,0.0,0.0,0.0
1,0,1.0,0.0,0.0,0.0,0.0,0.0,0.0,0.0,0.0
1,0,1.0,0.0,0.0,0.0,0.0,0.0,0.0,0.0,0.0
1,0,1.0,0.0,0.0,0.0,0.0,0.0,0.0,0.0,0.0
1,0,1.0,0.0,0.0,0.0,0.0,0.0,0.0,0.0,0.0
1,0,1.0,0.0,0.0,0.0,0.0,0.0,0.0,0.0,0.0
1,0,1.0,0.0,0.0,0.0,0.0,0.0,0.0,0.0,0.0
1,0,1.0,0.0,0.0,0.0,0.0,0.0,0.0,0.0,0.0
1,0,1.0,0.0,0.0,0.0,0.0,0.0,0.0,0.0,0.0
1,0,1.0,0.0,0.0,0.0,0.0,0.0,0.0,0.0,0.0
1,0,1.0,0.0,0.0,0.0,0.0,0.0,0.0,0.0,0.0
1,0,1.0,0.0,0.0,0.0,0.0,0.0,0.0,0.0,0.0
1,0,1.0,0.0,0.0,0.0,0.0,0.0,0.0,0.0,0.0
1,0,1.0,0.0,0.0,0.0,0.0,0.0,0.0,0.0,0.0
1,0,1.0,0.0,0.0,0.0,0.0,0.0,0.0,0.0,0.0
1,0,1.0,0.0,0.0,0.0,0.0,0.0,0.0,0.0,0.0
1,0,1.0,0.0,0.0,0.0,0.0,0.0,0.0,0.0,0.0
1,0,1.0,0.0,0.0,0.0,0.0,0.0,0.0,0.0,0.0
1,0,1.0,0.0,0.0,0.0,0.0,0.0,0.0,0.0,0.0
1,0,1.0,0.0,0.0,0.0,0.0,0.0,0.0,0.0,0.0
1,0,1.0,0.0,0.0,0.0,0.0,0.0,0.0,0.0,0.0
1,0,1.0,0.0,0.0,0.0,0.0,0.0,0.0,0.0,0.0
1,0,1.0,0.0,0.0,0.0,0.0,0.0,0.0,0.0,0.0
1,0,1.0,0.0,0.0,0.0,0.0,0.0,0.0,0.0,0.0
1,0,1.0,0.0,0.0,0.0,0.0,0.0,0.0,0.0,0.0
1,0,1.0,0.0,0.0,0.0,0.0,0.0,0.0,0.0,0.0
1,0,1.0,0.0,0.0,0.0,0.0,0.0,0.0,0.0,0.0
1,0,1.0,0.0,0.0,0.0,0.0,0.0,0.0,0.0,0.0
1,0,1.0,0.0,0.0,0.0,0.0,0.0,0.0,0.0,0.0
1,0,1.0,0.0,0.0,0.0,0.0,0.0,0.0,0.0,0.0
1,0,1.0,0.0,0.0,0.0,0.0,0.0,0.0,0.0,0.0
1,0,1.0,0.0,0.0,0.0,0.0,0.0,0.0,0.0,0.0
1,0,1.0,0.0,0.0,0.0,0.0,0.0,0.0,0.0,0.0
1,0,1.0,0.0,0.0,0.0,0.0,0.0,0.0,0.0,0.0
1,0,1.0,0.0,0.0,0.0,0.0,0.0,0.0,0.0,0.0
1,0,1.0,0.0,0.0,0.0,0.0,0.0,0.0,0.0,0.0
1,0,1.0,0.0,0.0,0.0,0.0,0.0,0.0,0.0,0.0
1,0,1.0,0.0,0.0,0.0,0.0,0.0,0.0,0.0,0.0
1,0,1.0,0.0,0.0,0.0,0.0,0.0,0.0,0.0,0.0
1,0,1.0,0.0,0.0,0.0,0.0,0.0,0.0,0.0,0.0
1,0,1.0,0.0,0.0,0.0,0.0,0.0,0.0,0.0,0.0
1,0,1.0,0.0,0.0,0.0,0.0,0.0,0.0,0.0,0.0
1,0,1.0,0.0,0.0,0.0,0.0,0.0,0.0,0.0,0.0
1,0,1.0,0.0,0.0,0.0,0.0,0.0,0.0,0.0,0.0
1,0,1.0,0.0,0.0,0.0,0.0,0.0,0.0,0.0,0.0
1,0,1.0,0.0,0.0,0.0,0.0,0.0,0.0,0.0,0.0
1,0,1.0,0.0,0.0,0.0,0.0,0.0,0.0,0.0,0.0
1,0,1.0,0.0,0.0,0.0,0.0,0.0,0.0,0.0,0.0
1,0,1.0,0.0,0.0,0.0,0.0,0.0,0.0,0.0,0.0
1,0,1.0,0.0,0.0,0.0,0.0,0.0,0.0,0.0,0.0
1,0,1.0,0.0,0.0,0.0,0.0,0.0,0.0,0.0,0.0
1,0,1.0,0.0,0.0,0.0,0.0,0.0,0.0,0.0,0.0
1,0,1.0,0.0,0.0,0.0,0.0,0.0,0.0,0.0,0.0
1,0,1.0,0.0,0.0,0.0,0.0,0.0,0.0,0.0,0.0
1,0,1.0,0.0,0.0,0.0,0.0,0.0,0.0,0.0,0.0
1,0,1.0,0.0,0.0,0.0,0.0,0.0,0.0,0.0,0.0
1,0,1.0,0.0,0.0,0.0,0.0,0.0,0.0,0.0,0.0
1,0,1.0,0.0,0.0,0.0,0.0,0.0,0.0,0.0,0.0
1,0,1.0,0.0,0.0,0.0,0.0,0.0,0.0,0.0,0.0
1,0,1.0,0.0,0.0,0.0,0.0,0.0,0.0,0.0,0.0
1,0,1.0,0.0,0.0,0.0,0.0,0.0,0.0,0.0,0.0
1,0,1.0,0.0,0.0,0.0,0.0,0.0,0.0,0.0,0.0
1,0,1.0,0.0,0.0,0.0,0.0,0.0,0.0,0.0,0.0
1,0,1.0,0.0,0.0,0.0,0.0,0.0,0.0,0.0,0.0
1,0,1.0,0.0,0.0,0.0,0.0,0.0,0.0,0.0,0.0
1,0,1.0,0.0,0.0,0.0,0.0,0.0,0.0,0.0,0.0
1,0,1.0,0.0,0.0,0.0,0.0,0.0,0.0,0.0,0.0
1,0,1.0,0.0,0.0,0.0,0.0,0.0,0.0,0.0,0.0
1,0,1.0,0.0,0.0,0.0,0.0,0.0,0.0,0.0,0.0
1,0,1.0,0.0,0.0,0.0,0.0,0.0,0.0,0.0,0.0
1,0,1.0,0.0,0.0,0.0,0.0,0.0,0.0,0.0,0.0
1,0,1.0,0.0,0.0,0.0,0.0,0.0,0.0,0.0,0.0
1,0,1.0,0.0,0.0,0.0,0.0,0.0,0.0,0.0,0.0
1,0,1.0,0.0,0.0,0.0,0.0,0.0,0.0,0.0,0.0
1,0,1.0,0.0,0.0,0.0,0.0,0.0,0.0,0.0,0.0
1,0,1.0,0.0,0.0,0.0,0.0,0.0,0.0,0.0,0.0
1,0,1.0,0.0,0.0,0.0,0.0,0.0,0.0,0.0,0.0
1,0,1.0,0.0,0.0,0.0,0.0,0.0,0.0,0.0,0.0
1,0,1.0,0.0,0.0,0.0,0.0,0.0,0.0,0.0,0.0
1,0,1.0,0.0,0.0,0.0,0.0,0.0,0.0,0.0,0.0
1,0,1.0,0.0,0.0,0.0,0.0,0.0,0.0,0.0,0.0
1,0,1.0,0.0,0.0,0.0,0.0,0.0,0.0,0.0,0.0
1,0,1.0,0.0,0.0,0.0,0.0,0.0,0.0,0.0,0.0
1,0,1.0,0.0,0.0,0.0,0.0,0.0,0.0,0.0,0.0
1,0,1.0,0.0,0.0,0.0,0.0,0.0,0.0,0.0,0.0
1,0,1.0,0.0,0.0,0.0,0.0,0.0,0.0,0.0,0.0
1,0,1.0,0.0,0.0,0.0,0.0,0.0,0.0,0.0,0.0
1,0,1.0,0.0,0.0,0.0,0.0,0.0,0.0,0.0,0.0
1,0,1.0,0.0,0.0,0.0,0.0,0.0,0.0,0.0,0.0
1,0,1.0,0.0,0.0,0.0,0.0,0.0,0.0,0.0,0.0
1,0,1.0,0.0,0.0,0.0,0.0,0.0,0.0,0.0,0.0
1,0,1.0,0.0,0.0,0.0,0.0,0.0,0.0,0.0,0.0
1,0,1.0,0.0,0.0,0.0,0.0,0.0,0.0,0.0,0.0
1,0,1.0,0.0,0.0,0.0,0.0,0.0,0.0,0.0,0.0
1,0,1.0,0.0,0.0,0.0,0.0,0.0,0.0,0.0,0.0
1,0,1.0,0.0,0.0,0.0,0.0,0.0,0.0,0.0,0.0
1,0,1.0,0.0,0.0,0.0,0.0,0.0,0.0,0.0,0.0
1,0,1.0,0.0,0.0,0.0,0.0,0.0,0.0,0.0,0.0
1,0,1.0,0.0,0.0,0.0,0.0,0.0,0.0,0.0,0.0
1,0,1.0,0.0,0.0,0.0,0.0,0.0,0.0,0.0,0.0
1,0,1.0,0.0,0.0,0.0,0.0,0.0,0.0,0.0,0.0
1,0,1.0,0.0,0.0,0.0,0.0,0.0,0.0,0.0,0.0
1,0,1.0,0.0,0.0,0.0,0.0,0.0,0.0,0.0,0.0
1,0,1.0,0.0,0.0,0.0,0.0,0.0,0.0,0.0,0.0
1,0,1.0,0.0,0.0,0.0,0.0,0.0,0.0,0.0,0.0
1,0,1.0,0.0,0.0,0.0,0.0,0.0,0.0,0.0,0.0
1,0,1.0,0.0,0.0,0.0,0.0,0.0,0.0,0.0,0.0
1,0,1.0,0.0,0.0,0.0,0.0,0.0,0.0,0.0,0.0
1,0,1.0,0.0,0.0,0.0,0.0,0.0,0.0,0.0,0.0
1,0,1.0,0.0,0.0,0.0,0.0,0.0,0.0,0.0,0.0
1,0,1.0,0.0,0.0,0.0,0.0,0.0,0.0,0.0,0.0
1,0,1.0,0.0,0.0,0.0,0.0,0.0,0.0,0.0,0.0
1,0,1.0,0.0,0.0,0.0,0.0,0.0,0.0,0.0,0.0
1,0,1.0,0.0,0.0,0.0,0.0,0.0,0.0,0.0,0.0
1,0,1.0,0.0,0.0,0.0,0.0,0.0,0.0,0.0,0.0
1,0,1.0,0.0,0.0,0.0,0.0,0.0,0.0,0.0,0.0
1,0,1.0,0.0,0.0,0.0,0.0,0.0,0.0,0.0,0.0
1,0,1.0,0.0,0.0,0.0,0.0,0.0,0.0,0.0,0.0
1,0,1.0,0.0,0.0,0.0,0.0,0.0,0.0,0.0,0.0
1,0,1.0,0.0,0.0,0.0,0.0,0.0,0.0,0.0,0.0
1,0,1.0,0.0,0.0,0.0,0.0,0.0,0.0,0.0,0.0
1,0,1.0,0.0,0.0,0.0,0.0,0.0,0.0,0.0,0.0
1,0,1.0,0.0,0.0,0.0,0.0,0.0,0.0,0.0,0.0
1,0,1.0,0.0,0.0,0.0,0.0,0.0,0.0,0.0,0.0
1,0,1.0,0.0,0.0,0.0,0.0,0.0,0.0,0.0,0.0
1,0,1.0,0.0,0.0,0.0,0.0,0.0,0.0,0.0,0.0
1,0,1.0,0.0,0.0,0.0,0.0,0.0,0.0,0.0,0.0
1,0,1.0,0.0,0.0,0.0,0.0,0.0,0.0,0.0,0.0
1,0,1.0,0.0,0.0,0.0,0.0,0.0,0.0,0.0,0.0
1,0,1.0,0.0,0.0,0.0,0.0,0.0,0.0,0.0,0.0
1,0,1.0,0.0,0.0,0.0,0.0,0.0,0.0,0.0,0.0
1,0,1.0,0.0,0.0,0.0,0.0,0.0,0.0,0.0,0.0
1,0,1.0,0.0,0.0,0.0,0.0,0.0,0.0,0.0,0.0
1,0,1.0,0.0,0.0,0.0,0.0,0.0,0.0,0.0,0.0
1,0,1.0,0.0,0.0,0.0,0.0,0.0,0.0,0.0,0.0
1,0,1.0,0.0,0.0,0.0,0.0,0.0,0.0,0.0,0.0
1,0,1.0,0.0,0.0,0.0,0.0,0.0,0.0,0.0,0.0
1,0,1.0,0.0,0.0,0.0,0.0,0.0,0.0,0.0,0.0
1,0,1.0,0.0,0.0,0.0,0.0,0.0,0.0,0.0,0.0
1,0,1.0,0.0,0.0,0.0,0.0,0.0,0.0,0.0,0.0
1,0,1.0,0.0,0.0,0.0,0.0,0.0,0.0,0.0,0.0
1,0,1.0,0.0,0.0,0.0,0.0,0.0,0.0,0.0,0.0
1,0,1.0,0.0,0.0,0.0,0.0,0.0,0.0,0.0,0.0
1,0,1.0,0.0,0.0,0.0,0.0,0.0,0.0,0.0,0.0
1,0,1.0,0.0,0.0,0.0,0.0,0.0,0.0,0.0,0.0
1,0,1.0,0.0,0.0,0.0,0.0,0.0,0.0,0.0,0.0
1,0,1.0,0.0,0.0,0.0,0.0,0.0,0.0,0.0,0.0
1,0,1.0,0.0,0.0,0.0,0.0,0.0,0.0,0.0,0.0
1,0,1.0,0.0,0.0,0.0,0.0,0.0,0.0,0.0,0.0
1,0,1.0,0.0,0.0,0.0,0.0,0.0,0.0,0.0,0.0
1,0,1.0,0.0,0.0,0.0,0.0,0.0,0.0,0.0,0.0
1,0,1.0,0.0,0.0,0.0,0.0,0.0,0.0,0.0,0.0
1,0,1.0,0.0,0.0,0.0,0.0,0.0,0.0,0.0,0.0
1,0,1.0,0.0,0.0,0.0,0.0,0.0,0.0,0.0,0.0
1,0,1.0,0.0,0.0,0.0,0.0,0.0,0.0,0.0,0.0
1,0,1.0,0.0,0.0,0.0,0.0,0.0,0.0,0.0,0.0
1,0,1.0,0.0,0.0,0.0,0.0,0.0,0.0,0.0,0.0
1,0,1.0,0.0,0.0,0.0,0.0,0.0,0.0,0.0,0.0
1,0,1.0,0.0,0.0,0.0,0.0,0.0,0.0,0.0,0.0
1,0,1.0,0.0,0.0,0.0,0.0,0.0,0.0,0.0,0.0
1,0,1.0,0.0,0.0,0.0,0.0,0.0,0.0,0.0,0.0
1,0,1.0,0.0,0.0,0.0,0.0,0.0,0.0,0.0,0.0
1,0,1.0,0.0,0.0,0.0,0.0,0.0,0.0,0.0,0.0
1,0,1.0,0.0,0.0,0.0,0.0,0.0,0.0,0.0,0.0
1,0,1.0,0.0,0.0,0.0,0.0,0.0,0.0,0.0,0.0
1,0,1.0,0.0,0.0,0.0,0.0,0.0,0.0,0.0,0.0
1,0,1.0,0.0,0.0,0.0,0.0,0.0,0.0,0.0,0.0
1,0,1.0,0.0,0.0,0.0,0.0,0.0,0.0,0.0,0.0
1,0,1.0,0.0,0.0,0.0,0.0,0.0,0.0,0.0,0.0
1,0,1.0,0.0,0.0,0.0,0.0,0.0,0.0,0.0,0.0
1,0,1.0,0.0,0.0,0.0,0.0,0.0,0.0,0.0,0.0
1,0,1.0,0.0,0.0,0.0,0.0,0.0,0.0,0.0,0.0
1,0,1.0,0.0,0.0,0.0,0.0,0.0,0.0,0.0,0.0
1,0,1.0,0.0,0.0,0.0,0.0,0.0,0.0,0.0,0.0
1,0,1.0,0.0,0.0,0.0,0.0,0.0,0.0,0.0,0.0
1,0,1.0,0.0,0.0,0.0,0.0,0.0,0.0,0.0,0.0
1,0,1.0,0.0,0.0,0.0,0.0,0.0,0.0,0.0,0.0
1,0,1.0,0.0,0.0,0.0,0.0,0.0,0.0,0.0,0.0
1,0,1.0,0.0,0.0,0.0,0.0,0.0,0.0,0.0,0.0
1,0,1.0,0.0,0.0,0.0,0.0,0.0,0.0,0.0,0.0
1,0,1.0,0.0,0.0,0.0,0.0,0.0,0.0,0.0,0.0
1,0,1.0,0.0,0.0,0.0,0.0,0.0,0.0,0.0,0.0
1,0,1.0,0.0,0.0,0.0,0.0,0.0,0.0,0.0,0.0
1,0,1.0,0.0,0.0,0.0,0.0,0.0,0.0,0.0,0.0
1,0,1.0,0.0,0.0,0.0,0.0,0.0,0.0,0.0,0.0
1,0,1.0,0.0,0.0,0.0,0.0,0.0,0.0,0.0,0.0
1,0,1.0,0.0,0.0,0.0,0.0,0.0,0.0,0.0,0.0
1,0,1.0,0.0,0.0,0.0,0.0,0.0,0.0,0.0,0.0
1,0,1.0,0.0,0.0,0.0,0.0,0.0,0.0,0.0,0.0
1,0,1.0,0.0,0.0,0.0,0.0,0.0,0.0,0.0,0.0
1,0,1.0,0.0,0.0,0.0,0.0,0.0,0.0,0.0,0.0
1,0,1.0,0.0,0.0,0.0,0.0,0.0,0.0,0.0,0.0
1,0,1.0,0.0,0.0,0.0,0.0,0.0,0.0,0.0,0.0
1,0,1.0,0.0,0.0,0.0,0.0,0.0,0.0,0.0,0.0
1,0,1.0,0.0,0.0,0.0,0.0,0.0,0.0,0.0,0.0
1,0,1.0,0.0,0.0,0.0,0.0,0.0,0.0,0.0,0.0
1,0,1.0,0.0,0.0,0.0,0.0,0.0,0.0,0.0,0.0
1,0,1.0,0.0,0.0,0.0,0.0,0.0,0.0,0.0,0.0
1,0,1.0,0.0,0.0,0.0,0.0,0.0,0.0,0.0,0.0
1,0,1.0,0.0,0.0,0.0,0.0,0.0,0.0,0.0,0.0
1,0,1.0,0.0,0.0,0.0,0.0,0.0,0.0,0.0,0.0
1,0,1.0,0.0,0.0,0.0,0.0,0.0,0.0,0.0,0.0
1,0,1.0,0.0,0.0,0.0,0.0,0.0,0.0,0.0,0.0
1,0,1.0,0.0,0.0,0.0,0.0,0.0,0.0,0.0,0.0
1,0,1.0,0.0,0.0,0.0,0.0,0.0,0.0,0.0,0.0
1,0,1.0,0.0,0.0,0.0,0.0,0.0,0.0,0.0,0.0
1,0,1.0,0.0,0.0,0.0,0.0,0.0,0.0,0.0,0.0
1,0,1.0,0.0,0.0,0.0,0.0,0.0,0.0,0.0,0.0
1,0,1.0,0.0,0.0,0.0,0.0,0.0,0.0,0.0,0.0
1,0,1.0,0.0,0.0,0.0,0.0,0.0,0.0,0.0,0.0
1,0,1.0,0.0,0.0,0.0,0.0,0.0,0.0,0.0,0.0
1,0,1.0,0.0,0.0,0.0,0.0,0.0,0.0,0.0,0.0
1,0,1.0,0.0,0.0,0.0,0.0,0.0,0.0,0.0,0.0
1,0,1.0,0.0,0.0,0.0,0.0,0.0,0.0,0.0,0.0
1,0,1.0,0.0,0.0,0.0,0.0,0.0,0.0,0.0,0.0
1,0,1.0,0.0,0.0,0.0,0.0,0.0,0.0,0.0,0.0
1,0,1.0,0.0,0.0,0.0,0.0,0.0,0.0,0.0,0.0
1,0,1.0,0.0,0.0,0.0,0.0,0.0,0.0,0.0,0.0
1,0,1.0,0.0,0.0,0.0,0.0,0.0,0.0,0.0,0.0
1,0,1.0,0.0,0.0,0.0,0.0,0.0,0.0,0.0,0.0
1,0,1.0,0.0,0.0,0.0,0.0,0.0,0.0,0.0,0.0
1,0,1.0,0.0,0.0,0.0,0.0,0.0,0.0,0.0,0.0
1,0,1.0,0.0,0.0,0.0,0.0,0.0,0.0,0.0,0.0
1,0,1.0,0.0,0.0,0.0,0.0,0.0,0.0,0.0,0.0
1,0,1.0,0.0,0.0,0.0,0.0,0.0,0.0,0.0,0.0
1,0,1.0,0.0,0.0,0.0,0.0,0.0,0.0,0.0,0.0
1,0,1.0,0.0,0.0,0.0,0.0,0.0,0.0,0.0,0.0
1,0,1.0,0.0,0.0,0.0,0.0,0.0,0.0,0.0,0.0
1,0,1.0,0.0,0.0,0.0,0.0,0.0,0.0,0.0,0.0
1,0,1.0,0.0,0.0,0.0,0.0,0.0,0.0,0.0,0.0
1,0,1.0,0.0,0.0,0.0,0.0,0.0,0.0,0.0,0.0
1,0,1.0,0.0,0.0,0.0,0.0,0.0,0.0,0.0,0.0
1,0,1.0,0.0,0.0,0.0,0.0,0.0,0.0,0.0,0.0
1,0,1.0,0.0,0.0,0.0,0.0,0.0,0.0,0.0,0.0
1,0,1.0,0.0,0.0,0.0,0.0,0.0,0.0,0.0,0.0
1,0,1.0,0.0,0.0,0.0,0.0,0.0,0.0,0.0,0.0
1,0,1.0,0.0,0.0,0.0,0.0,0.0,0.0,0.0,0.0
1,0,1.0,0.0,0.0,0.0,0.0,0.0,0.0,0.0,0.0
1,0,1.0,0.0,0.0,0.0,0.0,0.0,0.0,0.0,0.0
1,0,1.0,0.0,0.0,0.0,0.0,0.0,0.0,0.0,0.0
1,0,1.0,0.0,0.0,0.0,0.0,0.0,0.0,0.0,0.0
1,0,1.0,0.0,0.0,0.0,0.0,0.0,0.0,0.0,0.0
1,0,1.0,0.0,0.0,0.0,0.0,0.0,0.0,0.0,0.0
1,0,1.0,0.0,0.0,0.0,0.0,0.0,0.0,0.0,0.0
1,0,1.0,0.0,0.0,0.0,0.0,0.0,0.0,0.0,0.0
1,0,1.0,0.0,0.0,0.0,0.0,0.0,0.0,0.0,0.0
1,0,1.0,0.0,0.0,0.0,0.0,0.0,0.0,0.0,0.0
1,0,1.0,0.0,0.0,0.0,0.0,0.0,0.0,0.0,0.0
1,0,1.0,0.0,0.0,0.0,0.0,0.0,0.0,0.0,0.0
1,0,1.0,0.0,0.0,0.0,0.0,0.0,0.0,0.0,0.0
1,0,1.0,0.0,0.0,0.0,0.0,0.0,0.0,0.0,0.0
1,0,1.0,0.0,0.0,0.0,0.0,0.0,0.0,0.0,0.0
1,0,1.0,0.0,0.0,0.0,0.0,0.0,0.0,0.0,0.0
1,0,1.0,0.0,0.0,0.0,0.0,0.0,0.0,0.0,0.0
1,0,1.0,0.0,0.0,0.0,0.0,0.0,0.0,0.0,0.0
1,0,1.0,0.0,0.0,0.0,0.0,0.0,0.0,0.0,0.0
1,0,1.0,0.0,0.0,0.0,0.0,0.0,0.0,0.0,0.0
1,0,1.0,0.0,0.0,0.0,0.0,0.0,0.0,0.0,0.0
1,0,1.0,0.0,0.0,0.0,0.0,0.0,0.0,0.0,0.0
1,0,1.0,0.0,0.0,0.0,0.0,0.0,0.0,0.0,0.0
1,0,1.0,0.0,0.0,0.0,0.0,0.0,0.0,0.0,0.0
1,0,1.0,0.0,0.0,0.0,0.0,0.0,0.0,0.0,0.0
1,0,1.0,0.0,0.0,0.0,0.0,0.0,0.0,0.0,0.0
1,0,1.0,0.0,0.0,0.0,0.0,0.0,0.0,0.0,0.0
1,0,1.0,0.0,0.0,0.0,0.0,0.0,0.0,0.0,0.0
1,0,1.0,0.0,0.0,0.0,0.0,0.0,0.0,0.0,0.0
1,0,1.0,0.0,0.0,0.0,0.0,0.0,0.0,0.0,0.0
1,0,1.0,0.0,0.0,0.0,0.0,0.0,0.0,0.0,0.0
1,0,1.0,0.0,0.0,0.0,0.0,0.0,0.0,0.0,0.0
1,0,1.0,0.0,0.0,0.0,0.0,0.0,0.0,0.0,0.0
1,0,1.0,0.0,0.0,0.0,0.0,0.0,0.0,0.0,0.0
1,0,1.0,0.0,0.0,0.0,0.0,0.0,0.0,0.0,0.0
1,0,1.0,0.0,0.0,0.0,0.0,0.0,0.0,0.0,0.0
1,0,1.0,0.0,0.0,0.0,0.0,0.0,0.0,0.0,0.0
1,0,1.0,0.0,0.0,0.0,0.0,0.0,0.0,0.0,0.0
1,0,1.0,0.0,0.0,0.0,0.0,0.0,0.0,0.0,0.0
1,0,1.0,0.0,0.0,0.0,0.0,0.0,0.0,0.0,0.0
1,0,1.0,0.0,0.0,0.0,0.0,0.0,0.0,0.0,0.0
1,0,1.0,0.0,0.0,0.0,0.0,0.0,0.0,0.0,0.0
1,0,1.0,0.0,0.0,0.0,0.0,0.0,0.0,0.0,0.0
1,0,1.0,0.0,0.0,0.0,0.0,0.0,0.0,0.0,0.0
1,0,1.0,0.0,0.0,0.0,0.0,0.0,0.0,0.0,0.0
1,0,1.0,0.0,0.0,0.0,0.0,0.0,0.0,0.0,0.0
1,0,1.0,0.0,0.0,0.0,0.0,0.0,0.0,0.0,0.0
1,0,1.0,0.0,0.0,0.0,0.0,0.0,0.0,0.0,0.0
1,0,1.0,0.0,0.0,0.0,0.0,0.0,0.0,0.0,0.0
1,0,1.0,0.0,0.0,0.0,0.0,0.0,0.0,0.0,0.0
1,0,1.0,0.0,0.0,0.0,0.0,0.0,0.0,0.0,0.0
1,0,1.0,0.0,0.0,0.0,0.0,0.0,0.0,0.0,0.0
1,0,1.0,0.0,0.0,0.0,0.0,0.0,0.0,0.0,0.0
1,0,1.0,0.0,0.0,0.0,0.0,0.0,0.0,0.0,0.0
1,0,1.0,0.0,0.0,0.0,0.0,0.0,0.0,0.0,0.0
1,0,1.0,0.0,0.0,0.0,0.0,0.0,0.0,0.0,0.0
1,0,1.0,0.0,0.0,0.0,0.0,0.0,0.0,0.0,0.0
1,0,1.0,0.0,0.0,0.0,0.0,0.0,0.0,0.0,0.0
1,0,1.0,0.0,0.0,0.0,0.0,0.0,0.0,0.0,0.0
1,0,1.0,0.0,0.0,0.0,0.0,0.0,0.0,0.0,0.0
1,0,1.0,0.0,0.0,0.0,0.0,0.0,0.0,0.0,0.0
1,0,1.0,0.0,0.0,0.0,0.0,0.0,0.0,0.0,0.0
1,0,1.0,0.0,0.0,0.0,0.0,0.0,0.0,0.0,0.0
1,0,1.0,0.0,0.0,0.0,0.0,0.0,0.0,0.0,0.0
1,0,1.0,0.0,0.0,0.0,0.0,0.0,0.0,0.0,0.0
1,0,1.0,0.0,0.0,0.0,0.0,0.0,0.0,0.0,0.0
1,0,1.0,0.0,0.0,0.0,0.0,0.0,0.0,0.0,0.0
1,0,1.0,0.0,0.0,0.0,0.0,0.0,0.0,0.0,0.0
1,0,1.0,0.0,0.0,0.0,0.0,0.0,0.0,0.0,0.0
1,0,1.0,0.0,0.0,0.0,0.0,0.0,0.0,0.0,0.0
1,0,1.0,0.0,0.0,0.0,0.0,0.0,0.0,0.0,0.0
1,0,1.0,0.0,0.0,0.0,0.0,0.0,0.0,0.0,0.0
1,0,1.0,0.0,0.0,0.0,0.0,0.0,0.0,0.0,0.0
1,0,1.0,0.0,0.0,0.0,0.0,0.0,0.0,0.0,0.0
1,0,1.0,0.0,0.0,0.0,0.0,0.0,0.0,0.0,0.0
1,0,1.0,0.0,0.0,0.0,0.0,0.0,0.0,0.0,0.0
1,0,1.0,0.0,0.0,0.0,0.0,0.0,0.0,0.0,0.0
1,0,1.0,0.0,0.0,0.0,0.0,0.0,0.0,0.0,0.0
1,0,1.0,0.0,0.0,0.0,0.0,0.0,0.0,0.0,0.0
1,0,1.0,0.0,0.0,0.0,0.0,0.0,0.0,0.0,0.0
1,0,1.0,0.0,0.0,0.0,0.0,0.0,0.0,0.0,0.0
1,0,1.0,0.0,0.0,0.0,0.0,0.0,0.0,0.0,0.0
1,0,1.0,0.0,0.0,0.0,0.0,0.0,0.0,0.0,0.0
1,0,1.0,0.0,0.0,0.0,0.0,0.0,0.0,0.0,0.0
1,0,1.0,0.0,0.0,0.0,0.0,0.0,0.0,0.0,0.0
1,0,1.0,0.0,0.0,0.0,0.0,0.0,0.0,0.0,0.0
1,0,1.0,0.0,0.0,0.0,0.0,0.0,0.0,0.0,0.0
1,0,1.0,0.0,0.0,0.0,0.0,0.0,0.0,0.0,0.0
1,0,1.0,0.0,0.0,0.0,0.0,0.0,0.0,0.0,0.0
1,0,1.0,0.0,0.0,0.0,0.0,0.0,0.0,0.0,0.0
1,0,1.0,0.0,0.0,0.0,0.0,0.0,0.0,0.0,0.0
1,0,1.0,0.0,0.0,0.0,0.0,0.0,0.0,0.0,0.0
1,0,1.0,0.0,0.0,0.0,0.0,0.0,0.0,0.0,0.0
1,0,1.0,0.0,0.0,0.0,0.0,0.0,0.0,0.0,0.0
1,0,1.0,0.0,0.0,0.0,0.0,0.0,0.0,0.0,0.0
1,0,1.0,0.0,0.0,0.0,0.0,0.0,0.0,0.0,0.0
1,0,1.0,0.0,0.0,0.0,0.0,0.0,0.0,0.0,0.0
1,0,1.0,0.0,0.0,0.0,0.0,0.0,0.0,0.0,0.0
1,0,1.0,0.0,0.0,0.0,0.0,0.0,0.0,0.0,0.0
1,0,1.0,0.0,0.0,0.0,0.0,0.0,0.0,0.0,0.0
1,0,1.0,0.0,0.0,0.0,0.0,0.0,0.0,0.0,0.0
1,0,1.0,0.0,0.0,0.0,0.0,0.0,0.0,0.0,0.0
1,0,1.0,0.0,0.0,0.0,0.0,0.0,0.0,0.0,0.0
1,0,1.0,0.0,0.0,0.0,0.0,0.0,0.0,0.0,0.0
1,0,1.0,0.0,0.0,0.0,0.0,0.0,0.0,0.0,0.0
1,0,1.0,0.0,0.0,0.0,0.0,0.0,0.0,0.0,0.0
1,0,1.0,0.0,0.0,0.0,0.0,0.0,0.0,0.0,0.0
1,0,1.0,0.0,0.0,0.0,0.0,0.0,0.0,0.0,0.0
1,0,1.0,0.0,0.0,0.0,0.0,0.0,0.0,0.0,0.0
1,0,1.0,0.0,0.0,0.0,0.0,0.0,0.0,0.0,0.0
1,0,1.0,0.0,0.0,0.0,0.0,0.0,0.0,0.0,0.0
1,0,1.0,0.0,0.0,0.0,0.0,0.0,0.0,0.0,0.0
1,0,1.0,0.0,0.0,0.0,0.0,0.0,0.0,0.0,0.0
1,0,1.0,0.0,0.0,0.0,0.0,0.0,0.0,0.0,0.0
1,0,1.0,0.0,0.0,0.0,0.0,0.0,0.0,0.0,0.0
1,0,1.0,0.0,0.0,0.0,0.0,0.0,0.0,0.0,0.0
1,0,1.0,0.0,0.0,0.0,0.0,0.0,0.0,0.0,0.0
1,0,1.0,0.0,0.0,0.0,0.0,0.0,0.0,0.0,0.0
1,0,1.0,0.0,0.0,0.0,0.0,0.0,0.0,0.0,0.0
1,0,1.0,0.0,0.0,0.0,0.0,0.0,0.0,0.0,0.0
1,0,1.0,0.0,0.0,0.0,0.0,0.0,0.0,0.0,0.0
1,0,1.0,0.0,0.0,0.0,0.0,0.0,0.0,0.0,0.0
1,0,1.0,0.0,0.0,0.0,0.0,0.0,0.0,0.0,0.0
1,0,1.0,0.0,0.0,0.0,0.0,0.0,0.0,0.0,0.0
1,0,1.0,0.0,0.0,0.0,0.0,0.0,0.0,0.0,0.0
1,0,1.0,0.0,0.0,0.0,0.0,0.0,0.0,0.0,0.0
1,0,1.0,0.0,0.0,0.0,0.0,0.0,0.0,0.0,0.0
1,0,1.0,0.0,0.0,0.0,0.0,0.0,0.0,0.0,0.0
1,0,1.0,0.0,0.0,0.0,0.0,0.0,0.0,0.0,0.0
1,0,1.0,0.0,0.0,0.0,0.0,0.0,0.0,0.0,0.0
1,0,1.0,0.0,0.0,0.0,0.0,0.0,0.0,0.0,0.0
1,0,1.0,0.0,0.0,0.0,0.0,0.0,0.0,0.0,0.0
1,0,1.0,0.0,0.0,0.0,0.0,0.0,0.0,0.0,0.0
1,0,1.0,0.0,0.0,0.0,0.0,0.0,0.0,0.0,0.0
1,0,1.0,0.0,0.0,0.0,0.0,0.0,0.0,0.0,0.0
1,0,1.0,0.0,0.0,0.0,0.0,0.0,0.0,0.0,0.0
1,0,1.0,0.0,0.0,0.0,0.0,0.0,0.0,0.0,0.0
1,0,1.0,0.0,0.0,0.0,0.0,0.0,0.0,0.0,0.0
1,0,1.0,0.0,0.0,0.0,0.0,0.0,0.0,0.0,0.0
1,0,1.0,0.0,0.0,0.0,0.0,0.0,0.0,0.0,0.0
1,0,1.0,0.0,0.0,0.0,0.0,0.0,0.0,0.0,0.0
1,0,1.0,0.0,0.0,0.0,0.0,0.0,0.0,0.0,0.0
1,0,1.0,0.0,0.0,0.0,0.0,0.0,0.0,0.0,0.0
1,0,1.0,0.0,0.0,0.0,0.0,0.0,0.0,0.0,0.0
1,0,1.0,0.0,0.0,0.0,0.0,0.0,0.0,0.0,0.0
1,0,1.0,0.0,0.0,0.0,0.0,0.0,0.0,0.0,0.0
1,0,1.0,0.0,0.0,0.0,0.0,0.0,0.0,0.0,0.0
1,0,1.0,0.0,0.0,0.0,0.0,0.0,0.0,0.0,0.0
1,0,1.0,0.0,0.0,0.0,0.0,0.0,0.0,0.0,0.0
1,0,1.0,0.0,0.0,0.0,0.0,0.0,0.0,0.0,0.0
1,0,1.0,0.0,0.0,0.0,0.0,0.0,0.0,0.0,0.0
1,0,1.0,0.0,0.0,0.0,0.0,0.0,0.0,0.0,0.0
1,0,1.0,0.0,0.0,0.0,0.0,0.0,0.0,0.0,0.0
1,0,1.0,0.0,0.0,0.0,0.0,0.0,0.0,0.0,0.0
1,0,1.0,0.0,0.0,0.0,0.0,0.0,0.0,0.0,0.0
1,0,1.0,0.0,0.0,0.0,0.0,0.0,0.0,0.0,0.0
1,0,1.0,0.0,0.0,0.0,0.0,0.0,0.0,0.0,0.0
1,0,1.0,0.0,0.0,0.0,0.0,0.0,0.0,0.0,0.0
1,0,1.0,0.0,0.0,0.0,0.0,0.0,0.0,0.0,0.0
1,0,1.0,0.0,0.0,0.0,0.0,0.0,0.0,0.0,0.0
1,0,1.0,0.0,0.0,0.0,0.0,0.0,0.0,0.0,0.0
1,0,1.0,0.0,0.0,0.0,0.0,0.0,0.0,0.0,0.0
1,0,1.0,0.0,0.0,0.0,0.0,0.0,0.0,0.0,0.0
1,0,1.0,0.0,0.0,0.0,0.0,0.0,0.0,0.0,0.0
1,0,1.0,0.0,0.0,0.0,0.0,0.0,0.0,0.0,0.0
1,0,1.0,0.0,0.0,0.0,0.0,0.0,0.0,0.0,0.0
1,0,1.0,0.0,0.0,0.0,0.0,0.0,0.0,0.0,0.0
1,0,1.0,0.0,0.0,0.0,0.0,0.0,0.0,0.0,0.0
1,0,1.0,0.0,0.0,0.0,0.0,0.0,0.0,0.0,0.0
1,0,1.0,0.0,0.0,0.0,0.0,0.0,0.0,0.0,0.0
1,0,1.0,0.0,0.0,0.0,0.0,0.0,0.0,0.0,0.0
1,0,1.0,0.0,0.0,0.0,0.0,0.0,0.0,0.0,0.0
1,0,1.0,0.0,0.0,0.0,0.0,0.0,0.0,0.0,0.0
1,0,1.0,0.0,0.0,0.0,0.0,0.0,0.0,0.0,0.0
1,0,1.0,0.0,0.0,0.0,0.0,0.0,0.0,0.0,0.0
1,0,1.0,0.0,0.0,0.0,0.0,0.0,0.0,0.0,0.0
1,0,1.0,0.0,0.0,0.0,0.0,0.0,0.0,0.0,0.0
1,0,1.0,0.0,0.0,0.0,0.0,0.0,0.0,0.0,0.0
1,0,1.0,0.0,0.0,0.0,0.0,0.0,0.0,0.0,0.0
1,0,1.0,0.0,0.0,0.0,0.0,0.0,0.0,0.0,0.0
1,0,1.0,0.0,0.0,0.0,0.0,0.0,0.0,0.0,0.0
1,0,1.0,0.0,0.0,0.0,0.0,0.0,0.0,0.0,0.0
1,0,1.0,0.0,0.0,0.0,0.0,0.0,0.0,0.0,0.0
1,0,1.0,0.0,0.0,0.0,0.0,0.0,0.0,0.0,0.0
1,0,1.0,0.0,0.0,0.0,0.0,0.0,0.0,0.0,0.0
1,0,1.0,0.0,0.0,0.0,0.0,0.0,0.0,0.0,0.0
1,0,1.0,0.0,0.0,0.0,0.0,0.0,0.0,0.0,0.0
1,0,1.0,0.0,0.0,0.0,0.0,0.0,0.0,0.0,0.0
1,0,1.0,0.0,0.0,0.0,0.0,0.0,0.0,0.0,0.0
1,0,1.0,0.0,0.0,0.0,0.0,0.0,0.0,0.0,0.0
1,0,1.0,0.0,0.0,0.0,0.0,0.0,0.0,0.0,0.0
1,0,1.0,0.0,0.0,0.0,0.0,0.0,0.0,0.0,0.0
1,0,1.0,0.0,0.0,0.0,0.0,0.0,0.0,0.0,0.0
1,0,1.0,0.0,0.0,0.0,0.0,0.0,0.0,0.0,0.0
1,0,1.0,0.0,0.0,0.0,0.0,0.0,0.0,0.0,0.0
1,0,1.0,0.0,0.0,0.0,0.0,0.0,0.0,0.0,0.0
1,0,1.0,0.0,0.0,0.0,0.0,0.0,0.0,0.0,0.0
1,0,1.0,0.0,0.0,0.0,0.0,0.0,0.0,0.0,0.0
1,0,1.0,0.0,0.0,0.0,0.0,0.0,0.0,0.0,0.0
1,0,1.0,0.0,0.0,0.0,0.0,0.0,0.0,0.0,0.0
1,0,1.0,0.0,0.0,0.0,0.0,0.0,0.0,0.0,0.0
1,0,1.0,0.0,0.0,0.0,0.0,0.0,0.0,0.0,0.0
1,0,1.0,0.0,0.0,0.0,0.0,0.0,0.0,0.0,0.0
1,0,1.0,0.0,0.0,0.0,0.0,0.0,0.0,0.0,0.0
1,0,1.0,0.0,0.0,0.0,0.0,0.0,0.0,0.0,0.0
1,0,1.0,0.0,0.0,0.0,0.0,0.0,0.0,0.0,0.0
1,0,1.0,0.0,0.0,0.0,0.0,0.0,0.0,0.0,0.0
1,0,1.0,0.0,0.0,0.0,0.0,0.0,0.0,0.0,0.0
1,0,1.0,0.0,0.0,0.0,0.0,0.0,0.0,0.0,0.0
1,0,1.0,0.0,0.0,0.0,0.0,0.0,0.0,0.0,0.0
1,0,1.0,0.0,0.0,0.0,0.0,0.0,0.0,0.0,0.0
1,0,1.0,0.0,0.0,0.0,0.0,0.0,0.0,0.0,0.0
1,0,1.0,0.0,0.0,0.0,0.0,0.0,0.0,0.0,0.0
1,0,1.0,0.0,0.0,0.0,0.0,0.0,0.0,0.0,0.0
1,0,1.0,0.0,0.0,0.0,0.0,0.0,0.0,0.0,0.0
1,0,1.0,0.0,0.0,0.0,0.0,0.0,0.0,0.0,0.0
1,0,1.0,0.0,0.0,0.0,0.0,0.0,0.0,0.0,0.0
1,0,1.0,0.0,0.0,0.0,0.0,0.0,0.0,0.0,0.0
1,0,1.0,0.0,0.0,0.0,0.0,0.0,0.0,0.0,0.0
1,0,1.0,0.0,0.0,0.0,0.0,0.0,0.0,0.0,0.0
1,0,1.0,0.0,0.0,0.0,0.0,0.0,0.0,0.0,0.0
1,0,1.0,0.0,0.0,0.0,0.0,0.0,0.0,0.0,0.0
1,0,1.0,0.0,0.0,0.0,0.0,0.0,0.0,0.0,0.0
1,0,1.0,0.0,0.0,0.0,0.0,0.0,0.0,0.0,0.0
1,0,1.0,0.0,0.0,0.0,0.0,0.0,0.0,0.0,0.0
1,0,1.0,0.0,0.0,0.0,0.0,0.0,0.0,0.0,0.0
1,0,1.0,0.0,0.0,0.0,0.0,0.0,0.0,0.0,0.0
1,0,1.0,0.0,0.0,0.0,0.0,0.0,0.0,0.0,0.0
1,0,1.0,0.0,0.0,0.0,0.0,0.0,0.0,0.0,0.0
1,0,1.0,0.0,0.0,0.0,0.0,0.0,0.0,0.0,0.0
1,0,1.0,0.0,0.0,0.0,0.0,0.0,0.0,0.0,0.0
1,0,1.0,0.0,0.0,0.0,0.0,0.0,0.0,0.0,0.0
1,0,1.0,0.0,0.0,0.0,0.0,0.0,0.0,0.0,0.0
1,0,1.0,0.0,0.0,0.0,0.0,0.0,0.0,0.0,0.0
1,0,1.0,0.0,0.0,0.0,0.0,0.0,0.0,0.0,0.0
1,0,1.0,0.0,0.0,0.0,0.0,0.0,0.0,0.0,0.0
1,0,1.0,0.0,0.0,0.0,0.0,0.0,0.0,0.0,0.0
1,0,1.0,0.0,0.0,0.0,0.0,0.0,0.0,0.0,0.0
1,0,1.0,0.0,0.0,0.0,0.0,0.0,0.0,0.0,0.0
1,0,1.0,0.0,0.0,0.0,0.0,0.0,0.0,0.0,0.0
1,0,1.0,0.0,0.0,0.0,0.0,0.0,0.0,0.0,0.0
1,0,1.0,0.0,0.0,0.0,0.0,0.0,0.0,0.0,0.0
1,0,1.0,0.0,0.0,0.0,0.0,0.0,0.0,0.0,0.0
1,0,1.0,0.0,0.0,0.0,0.0,0.0,0.0,0.0,0.0
1,0,1.0,0.0,0.0,0.0,0.0,0.0,0.0,0.0,0.0
1,0,1.0,0.0,0.0,0.0,0.0,0.0,0.0,0.0,0.0
1,0,1.0,0.0,0.0,0.0,0.0,0.0,0.0,0.0,0.0
1,0,1.0,0.0,0.0,0.0,0.0,0.0,0.0,0.0,0.0
1,0,1.0,0.0,0.0,0.0,0.0,0.0,0.0,0.0,0.0
1,0,1.0,0.0,0.0,0.0,0.0,0.0,0.0,0.0,0.0
1,0,1.0,0.0,0.0,0.0,0.0,0.0,0.0,0.0,0.0
1,0,1.0,0.0,0.0,0.0,0.0,0.0,0.0,0.0,0.0
1,0,1.0,0.0,0.0,0.0,0.0,0.0,0.0,0.0,0.0
1,0,1.0,0.0,0.0,0.0,0.0,0.0,0.0,0.0,0.0
1,0,1.0,0.0,0.0,0.0,0.0,0.0,0.0,0.0,0.0
1,0,1.0,0.0,0.0,0.0,0.0,0.0,0.0,0.0,0.0
1,0,1.0,0.0,0.0,0.0,0.0,0.0,0.0,0.0,0.0
1,0,1.0,0.0,0.0,0.0,0.0,0.0,0.0,0.0,0.0
1,0,1.0,0.0,0.0,0.0,0.0,0.0,0.0,0.0,0.0
1,0,1.0,0.0,0.0,0.0,0.0,0.0,0.0,0.0,0.0
1,0,1.0,0.0,0.0,0.0,0.0,0.0,0.0,0.0,0.0
1,0,1.0,0.0,0.0,0.0,0.0,0.0,0.0,0.0,0.0
1,0,1.0,0.0,0.0,0.0,0.0,0.0,0.0,0.0,0.0
1,0,1.0,0.0,0.0,0.0,0.0,0.0,0.0,0.0,0.0
1,0,1.0,0.0,0.0,0.0,0.0,0.0,0.0,0.0,0.0
1,0,1.0,0.0,0.0,0.0,0.0,0.0,0.0,0.0,0.0
1,0,1.0,0.0,0.0,0.0,0.0,0.0,0.0,0.0,0.0
1,0,1.0,0.0,0.0,0.0,0.0,0.0,0.0,0.0,0.0
1,0,1.0,0.0,0.0,0.0,0.0,0.0,0.0,0.0,0.0
1,0,1.0,0.0,0.0,0.0,0.0,0.0,0.0,0.0,0.0
1,0,1.0,0.0,0.0,0.0,0.0,0.0,0.0,0.0,0.0
1,0,1.0,0.0,0.0,0.0,0.0,0.0,0.0,0.0,0.0
1,0,1.0,0.0,0.0,0.0,0.0,0.0,0.0,0.0,0.0
1,0,1.0,0.0,0.0,0.0,0.0,0.0,0.0,0.0,0.0
1,0,1.0,0.0,0.0,0.0,0.0,0.0,0.0,0.0,0.0
1,0,1.0,0.0,0.0,0.0,0.0,0.0,0.0,0.0,0.0
1,0,1.0,0.0,0.0,0.0,0.0,0.0,0.0,0.0,0.0
1,0,1.0,0.0,0.0,0.0,0.0,0.0,0.0,0.0,0.0
1,0,1.0,0.0,0.0,0.0,0.0,0.0,0.0,0.0,0.0
1,0,1.0,0.0,0.0,0.0,0.0,0.0,0.0,0.0,0.0
1,0,1.0,0.0,0.0,0.0,0.0,0.0,0.0,0.0,0.0
1,0,1.0,0.0,0.0,0.0,0.0,0.0,0.0,0.0,0.0
1,0,1.0,0.0,0.0,0.0,0.0,0.0,0.0,0.0,0.0
1,0,1.0,0.0,0.0,0.0,0.0,0.0,0.0,0.0,0.0
1,0,1.0,0.0,0.0,0.0,0.0,0.0,0.0,0.0,0.0
1,0,1.0,0.0,0.0,0.0,0.0,0.0,0.0,0.0,0.0
1,0,1.0,0.0,0.0,0.0,0.0,0.0,0.0,0.0,0.0
1,0,1.0,0.0,0.0,0.0,0.0,0.0,0.0,0.0,0.0
1,0,1.0,0.0,0.0,0.0,0.0,0.0,0.0,0.0,0.0
1,0,1.0,0.0,0.0,0.0,0.0,0.0,0.0,0.0,0.0
1,0,1.0,0.0,0.0,0.0,0.0,0.0,0.0,0.0,0.0
1,0,1.0,0.0,0.0,0.0,0.0,0.0,0.0,0.0,0.0
1,0,1.0,0.0,0.0,0.0,0.0,0.0,0.0,0.0,0.0
1,0,1.0,0.0,0.0,0.0,0.0,0.0,0.0,0.0,0.0
1,0,1.0,0.0,0.0,0.0,0.0,0.0,0.0,0.0,0.0
1,0,1.0,0.0,0.0,0.0,0.0,0.0,0.0,0.0,0.0
1,0,1.0,0.0,0.0,0.0,0.0,0.0,0.0,0.0,0.0
1,0,1.0,0.0,0.0,0.0,0.0,0.0,0.0,0.0,0.0
1,0,1.0,0.0,0.0,0.0,0.0,0.0,0.0,0.0,0.0
1,0,1.0,0.0,0.0,0.0,0.0,0.0,0.0,0.0,0.0
1,0,1.0,0.0,0.0,0.0,0.0,0.0,0.0,0.0,0.0
1,0,1.0,0.0,0.0,0.0,0.0,0.0,0.0,0.0,0.0
1,0,1.0,0.0,0.0,0.0,0.0,0.0,0.0,0.0,0.0
1,0,1.0,0.0,0.0,0.0,0.0,0.0,0.0,0.0,0.0
1,0,1.0,0.0,0.0,0.0,0.0,0.0,0.0,0.0,0.0
1,0,1.0,0.0,0.0,0.0,0.0,0.0,0.0,0.0,0.0
1,0,1.0,0.0,0.0,0.0,0.0,0.0,0.0,0.0,0.0
1,0,1.0,0.0,0.0,0.0,0.0,0.0,0.0,0.0,0.0
1,0,1.0,0.0,0.0,0.0,0.0,0.0,0.0,0.0,0.0
1,0,1.0,0.0,0.0,0.0,0.0,0.0,0.0,0.0,0.0
1,0,1.0,0.0,0.0,0.0,0.0,0.0,0.0,0.0,0.0
1,0,1.0,0.0,0.0,0.0,0.0,0.0,0.0,0.0,0.0
1,0,1.0,0.0,0.0,0.0,0.0,0.0,0.0,0.0,0.0
1,0,1.0,0.0,0.0,0.0,0.0,0.0,0.0,0.0,0.0
1,0,1.0,0.0,0.0,0.0,0.0,0.0,0.0,0.0,0.0
1,0,1.0,0.0,0.0,0.0,0.0,0.0,0.0,0.0,0.0
1,0,1.0,0.0,0.0,0.0,0.0,0.0,0.0,0.0,0.0
1,0,1.0,0.0,0.0,0.0,0.0,0.0,0.0,0.0,0.0
1,0,1.0,0.0,0.0,0.0,0.0,0.0,0.0,0.0,0.0
1,0,1.0,0.0,0.0,0.0,0.0,0.0,0.0,0.0,0.0
1,0,1.0,0.0,0.0,0.0,0.0,0.0,0.0,0.0,0.0
1,0,1.0,0.0,0.0,0.0,0.0,0.0,0.0,0.0,0.0
1,0,1.0,0.0,0.0,0.0,0.0,0.0,0.0,0.0,0.0
1,0,1.0,0.0,0.0,0.0,0.0,0.0,0.0,0.0,0.0
1,0,1.0,0.0,0.0,0.0,0.0,0.0,0.0,0.0,0.0
1,0,1.0,0.0,0.0,0.0,0.0,0.0,0.0,0.0,0.0
1,0,1.0,0.0,0.0,0.0,0.0,0.0,0.0,0.0,0.0
1,0,1.0,0.0,0.0,0.0,0.0,0.0,0.0,0.0,0.0
1,0,1.0,0.0,0.0,0.0,0.0,0.0,0.0,0.0,0.0
1,0,1.0,0.0,0.0,0.0,0.0,0.0,0.0,0.0,0.0
1,0,1.0,0.0,0.0,0.0,0.0,0.0,0.0,0.0,0.0
1,0,1.0,0.0,0.0,0.0,0.0,0.0,0.0,0.0,0.0
1,0,1.0,0.0,0.0,0.0,0.0,0.0,0.0,0.0,0.0
1,0,1.0,0.0,0.0,0.0,0.0,0.0,0.0,0.0,0.0
1,0,1.0,0.0,0.0,0.0,0.0,0.0,0.0,0.0,0.0
1,0,1.0,0.0,0.0,0.0,0.0,0.0,0.0,0.0,0.0
1,0,1.0,0.0,0.0,0.0,0.0,0.0,0.0,0.0,0.0
1,0,1.0,0.0,0.0,0.0,0.0,0.0,0.0,0.0,0.0
1,0,1.0,0.0,0.0,0.0,0.0,0.0,0.0,0.0,0.0
1,0,1.0,0.0,0.0,0.0,0.0,0.0,0.0,0.0,0.0
1,0,1.0,0.0,0.0,0.0,0.0,0.0,0.0,0.0,0.0
1,0,1.0,0.0,0.0,0.0,0.0,0.0,0.0,0.0,0.0
1,0,1.0,0.0,0.0,0.0,0.0,0.0,0.0,0.0,0.0
1,0,1.0,0.0,0.0,0.0,0.0,0.0,0.0,0.0,0.0
1,0,1.0,0.0,0.0,0.0,0.0,0.0,0.0,0.0,0.0
1,0,1.0,0.0,0.0,0.0,0.0,0.0,0.0,0.0,0.0
1,0,1.0,0.0,0.0,0.0,0.0,0.0,0.0,0.0,0.0
1,0,1.0,0.0,0.0,0.0,0.0,0.0,0.0,0.0,0.0
1,0,1.0,0.0,0.0,0.0,0.0,0.0,0.0,0.0,0.0
1,0,1.0,0.0,0.0,0.0,0.0,0.0,0.0,0.0,0.0
1,0,1.0,0.0,0.0,0.0,0.0,0.0,0.0,0.0,0.0
1,0,1.0,0.0,0.0,0.0,0.0,0.0,0.0,0.0,0.0
1,0,1.0,0.0,0.0,0.0,0.0,0.0,0.0,0.0,0.0
1,0,1.0,0.0,0.0,0.0,0.0,0.0,0.0,0.0,0.0
1,0,1.0,0.0,0.0,0.0,0.0,0.0,0.0,0.0,0.0
1,0,1.0,0.0,0.0,0.0,0.0,0.0,0.0,0.0,0.0
1,0,1.0,0.0,0.0,0.0,0.0,0.0,0.0,0.0,0.0
1,0,1.0,0.0,0.0,0.0,0.0,0.0,0.0,0.0,0.0
1,0,1.0,0.0,0.0,0.0,0.0,0.0,0.0,0.0,0.0
1,0,1.0,0.0,0.0,0.0,0.0,0.0,0.0,0.0,0.0
1,0,1.0,0.0,0.0,0.0,0.0,0.0,0.0,0.0,0.0
1,0,1.0,0.0,0.0,0.0,0.0,0.0,0.0,0.0,0.0
1,0,1.0,0.0,0.0,0.0,0.0,0.0,0.0,0.0,0.0
1,0,1.0,0.0,0.0,0.0,0.0,0.0,0.0,0.0,0.0
1,0,1.0,0.0,0.0,0.0,0.0,0.0,0.0,0.0,0.0
1,0,1.0,0.0,0.0,0.0,0.0,0.0,0.0,0.0,0.0
1,0,1.0,0.0,0.0,0.0,0.0,0.0,0.0,0.0,0.0
1,0,1.0,0.0,0.0,0.0,0.0,0.0,0.0,0.0,0.0
1,0,1.0,0.0,0.0,0.0,0.0,0.0,0.0,0.0,0.0
1,0,1.0,0.0,0.0,0.0,0.0,0.0,0.0,0.0,0.0
1,0,1.0,0.0,0.0,0.0,0.0,0.0,0.0,0.0,0.0
1,0,1.0,0.0,0.0,0.0,0.0,0.0,0.0,0.0,0.0
1,0,1.0,0.0,0.0,0.0,0.0,0.0,0.0,0.0,0.0
1,0,1.0,0.0,0.0,0.0,0.0,0.0,0.0,0.0,0.0
1,0,1.0,0.0,0.0,0.0,0.0,0.0,0.0,0.0,0.0
1,0,1.0,0.0,0.0,0.0,0.0,0.0,0.0,0.0,0.0
1,0,1.0,0.0,0.0,0.0,0.0,0.0,0.0,0.0,0.0
1,0,1.0,0.0,0.0,0.0,0.0,0.0,0.0,0.0,0.0
1,0,1.0,0.0,0.0,0.0,0.0,0.0,0.0,0.0,0.0
1,0,1.0,0.0,0.0,0.0,0.0,0.0,0.0,0.0,0.0
1,0,1.0,0.0,0.0,0.0,0.0,0.0,0.0,0.0,0.0
1,0,1.0,0.0,0.0,0.0,0.0,0.0,0.0,0.0,0.0
1,0,1.0,0.0,0.0,0.0,0.0,0.0,0.0,0.0,0.0
1,0,1.0,0.0,0.0,0.0,0.0,0.0,0.0,0.0,0.0
1,0,1.0,0.0,0.0,0.0,0.0,0.0,0.0,0.0,0.0
1,0,1.0,0.0,0.0,0.0,0.0,0.0,0.0,0.0,0.0
1,0,1.0,0.0,0.0,0.0,0.0,0.0,0.0,0.0,0.0
1,0,1.0,0.0,0.0,0.0,0.0,0.0,0.0,0.0,0.0
1,0,1.0,0.0,0.0,0.0,0.0,0.0,0.0,0.0,0.0
1,0,1.0,0.0,0.0,0.0,0.0,0.0,0.0,0.0,0.0
1,0,1.0,0.0,0.0,0.0,0.0,0.0,0.0,0.0,0.0
1,0,1.0,0.0,0.0,0.0,0.0,0.0,0.0,0.0,0.0
1,0,1.0,0.0,0.0,0.0,0.0,0.0,0.0,0.0,0.0
1,0,1.0,0.0,0.0,0.0,0.0,0.0,0.0,0.0,0.0
1,0,1.0,0.0,0.0,0.0,0.0,0.0,0.0,0.0,0.0
1,0,1.0,0.0,0.0,0.0,0.0,0.0,0.0,0.0,0.0
1,0,1.0,0.0,0.0,0.0,0.0,0.0,0.0,0.0,0.0
1,0,1.0,0.0,0.0,0.0,0.0,0.0,0.0,0.0,0.0
1,0,1.0,0.0,0.0,0.0,0.0,0.0,0.0,0.0,0.0
1,0,1.0,0.0,0.0,0.0,0.0,0.0,0.0,0.0,0.0
1,0,1.0,0.0,0.0,0.0,0.0,0.0,0.0,0.0,0.0
1,0,1.0,0.0,0.0,0.0,0.0,0.0,0.0,0.0,0.0
1,0,1.0,0.0,0.0,0.0,0.0,0.0,0.0,0.0,0.0
1,0,1.0,0.0,0.0,0.0,0.0,0.0,0.0,0.0,0.0
1,0,1.0,0.0,0.0,0.0,0.0,0.0,0.0,0.0,0.0
1,0,1.0,0.0,0.0,0.0,0.0,0.0,0.0,0.0,0.0
1,0,1.0,0.0,0.0,0.0,0.0,0.0,0.0,0.0,0.0
1,0,1.0,0.0,0.0,0.0,0.0,0.0,0.0,0.0,0.0
1,0,1.0,0.0,0.0,0.0,0.0,0.0,0.0,0.0,0.0
1,0,1.0,0.0,0.0,0.0,0.0,0.0,0.0,0.0,0.0
1,0,1.0,0.0,0.0,0.0,0.0,0.0,0.0,0.0,0.0
1,0,1.0,0.0,0.0,0.0,0.0,0.0,0.0,0.0,0.0
1,0,1.0,0.0,0.0,0.0,0.0,0.0,0.0,0.0,0.0
1,0,1.0,0.0,0.0,0.0,0.0,0.0,0.0,0.0,0.0
1,0,1.0,0.0,0.0,0.0,0.0,0.0,0.0,0.0,0.0
1,0,1.0,0.0,0.0,0.0,0.0,0.0,0.0,0.0,0.0
1,0,1.0,0.0,0.0,0.0,0.0,0.0,0.0,0.0,0.0
1,0,1.0,0.0,0.0,0.0,0.0,0.0,0.0,0.0,0.0
1,0,1.0,0.0,0.0,0.0,0.0,0.0,0.0,0.0,0.0
1,0,1.0,0.0,0.0,0.0,0.0,0.0,0.0,0.0,0.0
1,0,1.0,0.0,0.0,0.0,0.0,0.0,0.0,0.0,0.0
1,0,1.0,0.0,0.0,0.0,0.0,0.0,0.0,0.0,0.0
1,0,1.0,0.0,0.0,0.0,0.0,0.0,0.0,0.0,0.0
1,0,1.0,0.0,0.0,0.0,0.0,0.0,0.0,0.0,0.0
1,0,1.0,0.0,0.0,0.0,0.0,0.0,0.0,0.0,0.0
1,0,1.0,0.0,0.0,0.0,0.0,0.0,0.0,0.0,0.0
1,0,1.0,0.0,0.0,0.0,0.0,0.0,0.0,0.0,0.0
1,0,1.0,0.0,0.0,0.0,0.0,0.0,0.0,0.0,0.0
1,0,1.0,0.0,0.0,0.0,0.0,0.0,0.0,0.0,0.0
1,0,1.0,0.0,0.0,0.0,0.0,0.0,0.0,0.0,0.0
1,0,1.0,0.0,0.0,0.0,0.0,0.0,0.0,0.0,0.0
1,0,1.0,0.0,0.0,0.0,0.0,0.0,0.0,0.0,0.0
1,0,1.0,0.0,0.0,0.0,0.0,0.0,0.0,0.0,0.0
1,0,1.0,0.0,0.0,0.0,0.0,0.0,0.0,0.0,0.0
1,0,1.0,0.0,0.0,0.0,0.0,0.0,0.0,0.0,0.0
1,0,1.0,0.0,0.0,0.0,0.0,0.0,0.0,0.0,0.0
1,0,1.0,0.0,0.0,0.0,0.0,0.0,0.0,0.0,0.0
1,0,1.0,0.0,0.0,0.0,0.0,0.0,0.0,0.0,0.0
1,0,1.0,0.0,0.0,0.0,0.0,0.0,0.0,0.0,0.0
1,0,1.0,0.0,0.0,0.0,0.0,0.0,0.0,0.0,0.0
1,0,1.0,0.0,0.0,0.0,0.0,0.0,0.0,0.0,0.0
1,0,1.0,0.0,0.0,0.0,0.0,0.0,0.0,0.0,0.0
1,0,1.0,0.0,0.0,0.0,0.0,0.0,0.0,0.0,0.0
1,0,1.0,0.0,0.0,0.0,0.0,0.0,0.0,0.0,0.0
1,0,1.0,0.0,0.0,0.0,0.0,0.0,0.0,0.0,0.0
1,0,1.0,0.0,0.0,0.0,0.0,0.0,0.0,0.0,0.0
1,0,1.0,0.0,0.0,0.0,0.0,0.0,0.0,0.0,0.0
1,0,1.0,0.0,0.0,0.0,0.0,0.0,0.0,0.0,0.0
1,0,1.0,0.0,0.0,0.0,0.0,0.0,0.0,0.0,0.0
1,0,1.0,0.0,0.0,0.0,0.0,0.0,0.0,0.0,0.0
1,0,1.0,0.0,0.0,0.0,0.0,0.0,0.0,0.0,0.0
1,0,1.0,0.0,0.0,0.0,0.0,0.0,0.0,0.0,0.0
1,0,1.0,0.0,0.0,0.0,0.0,0.0,0.0,0.0,0.0
1,0,1.0,0.0,0.0,0.0,0.0,0.0,0.0,0.0,0.0
1,0,1.0,0.0,0.0,0.0,0.0,0.0,0.0,0.0,0.0
1,0,1.0,0.0,0.0,0.0,0.0,0.0,0.0,0.0,0.0
1,0,1.0,0.0,0.0,0.0,0.0,0.0,0.0,0.0,0.0
1,0,1.0,0.0,0.0,0.0,0.0,0.0,0.0,0.0,0.0
1,0,1.0,0.0,0.0,0.0,0.0,0.0,0.0,0.0,0.0
1,0,1.0,0.0,0.0,0.0,0.0,0.0,0.0,0.0,0.0
1,0,1.0,0.0,0.0,0.0,0.0,0.0,0.0,0.0,0.0
1,0,1.0,0.0,0.0,0.0,0.0,0.0,0.0,0.0,0.0
1,0,1.0,0.0,0.0,0.0,0.0,0.0,0.0,0.0,0.0
1,0,1.0,0.0,0.0,0.0,0.0,0.0,0.0,0.0,0.0
1,0,1.0,0.0,0.0,0.0,0.0,0.0,0.0,0.0,0.0
1,0,1.0,0.0,0.0,0.0,0.0,0.0,0.0,0.0,0.0
1,0,1.0,0.0,0.0,0.0,0.0,0.0,0.0,0.0,0.0
1,0,1.0,0.0,0.0,0.0,0.0,0.0,0.0,0.0,0.0
1,0,1.0,0.0,0.0,0.0,0.0,0.0,0.0,0.0,0.0
1,0,1.0,0.0,0.0,0.0,0.0,0.0,0.0,0.0,0.0
1,0,1.0,0.0,0.0,0.0,0.0,0.0,0.0,0.0,0.0
1,0,1.0,0.0,0.0,0.0,0.0,0.0,0.0,0.0,0.0
1,0,1.0,0.0,0.0,0.0,0.0,0.0,0.0,0.0,0.0
1,0,1.0,0.0,0.0,0.0,0.0,0.0,0.0,0.0,0.0
1,0,1.0,0.0,0.0,0.0,0.0,0.0,0.0,0.0,0.0
1,0,1.0,0.0,0.0,0.0,0.0,0.0,0.0,0.0,0.0
1,0,1.0,0.0,0.0,0.0,0.0,0.0,0.0,0.0,0.0
1,0,1.0,0.0,0.0,0.0,0.0,0.0,0.0,0.0,0.0
1,0,1.0,0.0,0.0,0.0,0.0,0.0,0.0,0.0,0.0
1,0,1.0,0.0,0.0,0.0,0.0,0.0,0.0,0.0,0.0
1,0,1.0,0.0,0.0,0.0,0.0,0.0,0.0,0.0,0.0
1,0,1.0,0.0,0.0,0.0,0.0,0.0,0.0,0.0,0.0
1,0,1.0,0.0,0.0,0.0,0.0,0.0,0.0,0.0,0.0
1,0,1.0,0.0,0.0,0.0,0.0,0.0,0.0,0.0,0.0
1,0,1.0,0.0,0.0,0.0,0.0,0.0,0.0,0.0,0.0
1,0,1.0,0.0,0.0,0.0,0.0,0.0,0.0,0.0,0.0
1,0,1.0,0.0,0.0,0.0,0.0,0.0,0.0,0.0,0.0
1,0,1.0,0.0,0.0,0.0,0.0,0.0,0.0,0.0,0.0
1,0,1.0,0.0,0.0,0.0,0.0,0.0,0.0,0.0,0.0
1,0,1.0,0.0,0.0,0.0,0.0,0.0,0.0,0.0,0.0
1,0,1.0,0.0,0.0,0.0,0.0,0.0,0.0,0.0,0.0
1,0,1.0,0.0,0.0,0.0,0.0,0.0,0.0,0.0,0.0
1,0,1.0,0.0,0.0,0.0,0.0,0.0,0.0,0.0,0.0
1,0,1.0,0.0,0.0,0.0,0.0,0.0,0.0,0.0,0.0
1,0,1.0,0.0,0.0,0.0,0.0,0.0,0.0,0.0,0.0
1,0,1.0,0.0,0.0,0.0,0.0,0.0,0.0,0.0,0.0
1,0,1.0,0.0,0.0,0.0,0.0,0.0,0.0,0.0,0.0
1,0,1.0,0.0,0.0,0.0,0.0,0.0,0.0,0.0,0.0
1,0,1.0,0.0,0.0,0.0,0.0,0.0,0.0,0.0,0.0
1,0,1.0,0.0,0.0,0.0,0.0,0.0,0.0,0.0,0.0
1,0,1.0,0.0,0.0,0.0,0.0,0.0,0.0,0.0,0.0
1,0,1.0,0.0,0.0,0.0,0.0,0.0,0.0,0.0,0.0
1,0,1.0,0.0,0.0,0.0,0.0,0.0,0.0,0.0,0.0
1,0,1.0,0.0,0.0,0.0,0.0,0.0,0.0,0.0,0.0
1,0,1.0,0.0,0.0,0.0,0.0,0.0,0.0,0.0,0.0
1,0,1.0,0.0,0.0,0.0,0.0,0.0,0.0,0.0,0.0
1,0,1.0,0.0,0.0,0.0,0.0,0.0,0.0,0.0,0.0
1,0,1.0,0.0,0.0,0.0,0.0,0.0,0.0,0.0,0.0
1,0,1.0,0.0,0.0,0.0,0.0,0.0,0.0,0.0,0.0
1,0,1.0,0.0,0.0,0.0,0.0,0.0,0.0,0.0,0.0
1,0,1.0,0.0,0.0,0.0,0.0,0.0,0.0,0.0,0.0
1,0,1.0,0.0,0.0,0.0,0.0,0.0,0.0,0.0,0.0
1,0,1.0,0.0,0.0,0.0,0.0,0.0,0.0,0.0,0.0
1,0,1.0,0.0,0.0,0.0,0.0,0.0,0.0,0.0,0.0
1,0,1.0,0.0,0.0,0.0,0.0,0.0,0.0,0.0,0.0
1,0,1.0,0.0,0.0,0.0,0.0,0.0,0.0,0.0,0.0
1,0,1.0,0.0,0.0,0.0,0.0,0.0,0.0,0.0,0.0
1,0,1.0,0.0,0.0,0.0,0.0,0.0,0.0,0.0,0.0
1,0,1.0,0.0,0.0,0.0,0.0,0.0,0.0,0.0,0.0
1,0,1.0,0.0,0.0,0.0,0.0,0.0,0.0,0.0,0.0
1,0,1.0,0.0,0.0,0.0,0.0,0.0,0.0,0.0,0.0
1,0,1.0,0.0,0.0,0.0,0.0,0.0,0.0,0.0,0.0
1,0,1.0,0.0,0.0,0.0,0.0,0.0,0.0,0.0,0.0
1,0,1.0,0.0,0.0,0.0,0.0,0.0,0.0,0.0,0.0
1,0,1.0,0.0,0.0,0.0,0.0,0.0,0.0,0.0,0.0
1,0,1.0,0.0,0.0,0.0,0.0,0.0,0.0,0.0,0.0
1,0,1.0,0.0,0.0,0.0,0.0,0.0,0.0,0.0,0.0
1,0,1.0,0.0,0.0,0.0,0.0,0.0,0.0,0.0,0.0
1,0,1.0,0.0,0.0,0.0,0.0,0.0,0.0,0.0,0.0
1,0,1.0,0.0,0.0,0.0,0.0,0.0,0.0,0.0,0.0
1,0,1.0,0.0,0.0,0.0,0.0,0.0,0.0,0.0,0.0
1,0,1.0,0.0,0.0,0.0,0.0,0.0,0.0,0.0,0.0
1,0,1.0,0.0,0.0,0.0,0.0,0.0,0.0,0.0,0.0
1,0,1.0,0.0,0.0,0.0,0.0,0.0,0.0,0.0,0.0
1,0,1.0,0.0,0.0,0.0,0.0,0.0,0.0,0.0,0.0
1,0,1.0,0.0,0.0,0.0,0.0,0.0,0.0,0.0,0.0
1,0,1.0,0.0,0.0,0.0,0.0,0.0,0.0,0.0,0.0
1,0,1.0,0.0,0.0,0.0,0.0,0.0,0.0,0.0,0.0
1,0,1.0,0.0,0.0,0.0,0.0,0.0,0.0,0.0,0.0
1,0,1.0,0.0,0.0,0.0,0.0,0.0,0.0,0.0,0.0
1,0,1.0,0.0,0.0,0.0,0.0,0.0,0.0,0.0,0.0
1,0,1.0,0.0,0.0,0.0,0.0,0.0,0.0,0.0,0.0
1,0,1.0,0.0,0.0,0.0,0.0,0.0,0.0,0.0,0.0
1,0,1.0,0.0,0.0,0.0,0.0,0.0,0.0,0.0,0.0
1,0,1.0,0.0,0.0,0.0,0.0,0.0,0.0,0.0,0.0
1,0,1.0,0.0,0.0,0.0,0.0,0.0,0.0,0.0,0.0
1,0,1.0,0.0,0.0,0.0,0.0,0.0,0.0,0.0,0.0
1,0,1.0,0.0,0.0,0.0,0.0,0.0,0.0,0.0,0.0
1,0,1.0,0.0,0.0,0.0,0.0,0.0,0.0,0.0,0.0
1,0,1.0,0.0,0.0,0.0,0.0,0.0,0.0,0.0,0.0
1,0,1.0,0.0,0.0,0.0,0.0,0.0,0.0,0.0,0.0
1,0,1.0,0.0,0.0,0.0,0.0,0.0,0.0,0.0,0.0
1,0,1.0,0.0,0.0,0.0,0.0,0.0,0.0,0.0,0.0
1,0,1.0,0.0,0.0,0.0,0.0,0.0,0.0,0.0,0.0
1,0,1.0,0.0,0.0,0.0,0.0,0.0,0.0,0.0,0.0
1,0,1.0,0.0,0.0,0.0,0.0,0.0,0.0,0.0,0.0
1,0,1.0,0.0,0.0,0.0,0.0,0.0,0.0,0.0,0.0
1,0,1.0,0.0,0.0,0.0,0.0,0.0,0.0,0.0,0.0
1,0,1.0,0.0,0.0,0.0,0.0,0.0,0.0,0.0,0.0
1,0,1.0,0.0,0.0,0.0,0.0,0.0,0.0,0.0,0.0
1,0,1.0,0.0,0.0,0.0,0.0,0.0,0.0,0.0,0.0
1,0,1.0,0.0,0.0,0.0,0.0,0.0,0.0,0.0,0.0
1,0,1.0,0.0,0.0,0.0,0.0,0.0,0.0,0.0,0.0
1,0,1.0,0.0,0.0,0.0,0.0,0.0,0.0,0.0,0.0
1,0,1.0,0.0,0.0,0.0,0.0,0.0,0.0,0.0,0.0
1,0,1.0,0.0,0.0,0.0,0.0,0.0,0.0,0.0,0.0
1,0,1.0,0.0,0.0,0.0,0.0,0.0,0.0,0.0,0.0
1,0,1.0,0.0,0.0,0.0,0.0,0.0,0.0,0.0,0.0
1,0,1.0,0.0,0.0,0.0,0.0,0.0,0.0,0.0,0.0
1,0,1.0,0.0,0.0,0.0,0.0,0.0,0.0,0.0,0.0
1,0,1.0,0.0,0.0,0.0,0.0,0.0,0.0,0.0,0.0
1,0,1.0,0.0,0.0,0.0,0.0,0.0,0.0,0.0,0.0
1,0,1.0,0.0,0.0,0.0,0.0,0.0,0.0,0.0,0.0
1,0,1.0,0.0,0.0,0.0,0.0,0.0,0.0,0.0,0.0
1,0,1.0,0.0,0.0,0.0,0.0,0.0,0.0,0.0,0.0
1,0,1.0,0.0,0.0,0.0,0.0,0.0,0.0,0.0,0.0
1,0,1.0,0.0,0.0,0.0,0.0,0.0,0.0,0.0,0.0
1,0,1.0,0.0,0.0,0.0,0.0,0.0,0.0,0.0,0.0
1,0,1.0,0.0,0.0,0.0,0.0,0.0,0.0,0.0,0.0
1,0,1.0,0.0,0.0,0.0,0.0,0.0,0.0,0.0,0.0
1,0,1.0,0.0,0.0,0.0,0.0,0.0,0.0,0.0,0.0
1,0,1.0,0.0,0.0,0.0,0.0,0.0,0.0,0.0,0.0
1,0,1.0,0.0,0.0,0.0,0.0,0.0,0.0,0.0,0.0
1,0,1.0,0.0,0.0,0.0,0.0,0.0,0.0,0.0,0.0
1,0,1.0,0.0,0.0,0.0,0.0,0.0,0.0,0.0,0.0
1,0,1.0,0.0,0.0,0.0,0.0,0.0,0.0,0.0,0.0
1,0,1.0,0.0,0.0,0.0,0.0,0.0,0.0,0.0,0.0
1,0,1.0,0.0,0.0,0.0,0.0,0.0,0.0,0.0,0.0
1,0,1.0,0.0,0.0,0.0,0.0,0.0,0.0,0.0,0.0
1,0,1.0,0.0,0.0,0.0,0.0,0.0,0.0,0.0,0.0
1,0,1.0,0.0,0.0,0.0,0.0,0.0,0.0,0.0,0.0
1,0,1.0,0.0,0.0,0.0,0.0,0.0,0.0,0.0,0.0
1,0,1.0,0.0,0.0,0.0,0.0,0.0,0.0,0.0,0.0
1,0,1.0,0.0,0.0,0.0,0.0,0.0,0.0,0.0,0.0
1,0,1.0,0.0,0.0,0.0,0.0,0.0,0.0,0.0,0.0
1,0,1.0,0.0,0.0,0.0,0.0,0.0,0.0,0.0,0.0
1,0,1.0,0.0,0.0,0.0,0.0,0.0,0.0,0.0,0.0
1,0,1.0,0.0,0.0,0.0,0.0,0.0,0.0,0.0,0.0
1,0,1.0,0.0,0.0,0.0,0.0,0.0,0.0,0.0,0.0
1,0,1.0,0.0,0.0,0.0,0.0,0.0,0.0,0.0,0.0
1,0,1.0,0.0,0.0,0.0,0.0,0.0,0.0,0.0,0.0
1,0,1.0,0.0,0.0,0.0,0.0,0.0,0.0,0.0,0.0
1,0,1.0,0.0,0.0,0.0,0.0,0.0,0.0,0.0,0.0
1,0,1.0,0.0,0.0,0.0,0.0,0.0,0.0,0.0,0.0
1,0,1.0,0.0,0.0,0.0,0.0,0.0,0.0,0.0,0.0
1,0,1.0,0.0,0.0,0.0,0.0,0.0,0.0,0.0,0.0
1,0,1.0,0.0,0.0,0.0,0.0,0.0,0.0,0.0,0.0
1,0,1.0,0.0,0.0,0.0,0.0,0.0,0.0,0.0,0.0
1,0,1.0,0.0,0.0,0.0,0.0,0.0,0.0,0.0,0.0
1,0,1.0,0.0,0.0,0.0,0.0,0.0,0.0,0.0,0.0
1,0,1.0,0.0,0.0,0.0,0.0,0.0,0.0,0.0,0.0
1,0,1.0,0.0,0.0,0.0,0.0,0.0,0.0,0.0,0.0
1,0,1.0,0.0,0.0,0.0,0.0,0.0,0.0,0.0,0.0
1,0,1.0,0.0,0.0,0.0,0.0,0.0,0.0,0.0,0.0
1,0,1.0,0.0,0.0,0.0,0.0,0.0,0.0,0.0,0.0
1,0,1.0,0.0,0.0,0.0,0.0,0.0,0.0,0.0,0.0
1,0,1.0,0.0,0.0,0.0,0.0,0.0,0.0,0.0,0.0
1,0,1.0,0.0,0.0,0.0,0.0,0.0,0.0,0.0,0.0
1,0,1.0,0.0,0.0,0.0,0.0,0.0,0.0,0.0,0.0
1,0,1.0,0.0,0.0,0.0,0.0,0.0,0.0,0.0,0.0
1,0,1.0,0.0,0.0,0.0,0.0,0.0,0.0,0.0,0.0
1,0,1.0,0.0,0.0,0.0,0.0,0.0,0.0,0.0,0.0
1,0,1.0,0.0,0.0,0.0,0.0,0.0,0.0,0.0,0.0
1,0,1.0,0.0,0.0,0.0,0.0,0.0,0.0,0.0,0.0
1,0,1.0,0.0,0.0,0.0,0.0,0.0,0.0,0.0,0.0
1,0,1.0,0.0,0.0,0.0,0.0,0.0,0.0,0.0,0.0
1,0,1.0,0.0,0.0,0.0,0.0,0.0,0.0,0.0,0.0
1,0,1.0,0.0,0.0,0.0,0.0,0.0,0.0,0.0,0.0
1,0,1.0,0.0,0.0,0.0,0.0,0.0,0.0,0.0,0.0
1,0,1.0,0.0,0.0,0.0,0.0,0.0,0.0,0.0,0.0
1,0,1.0,0.0,0.0,0.0,0.0,0.0,0.0,0.0,0.0
1,0,1.0,0.0,0.0,0.0,0.0,0.0,0.0,0.0,0.0
1,0,1.0,0.0,0.0,0.0,0.0,0.0,0.0,0.0,0.0
1,0,1.0,0.0,0.0,0.0,0.0,0.0,0.0,0.0,0.0
1,0,1.0,0.0,0.0,0.0,0.0,0.0,0.0,0.0,0.0
1,0,1.0,0.0,0.0,0.0,0.0,0.0,0.0,0.0,0.0
1,0,1.0,0.0,0.0,0.0,0.0,0.0,0.0,0.0,0.0
1,0,1.0,0.0,0.0,0.0,0.0,0.0,0.0,0.0,0.0
1,0,1.0,0.0,0.0,0.0,0.0,0.0,0.0,0.0,0.0
1,0,1.0,0.0,0.0,0.0,0.0,0.0,0.0,0.0,0.0
1,0,1.0,0.0,0.0,0.0,0.0,0.0,0.0,0.0,0.0
1,0,1.0,0.0,0.0,0.0,0.0,0.0,0.0,0.0,0.0
1,0,1.0,0.0,0.0,0.0,0.0,0.0,0.0,0.0,0.0
1,0,1.0,0.0,0.0,0.0,0.0,0.0,0.0,0.0,0.0
1,0,1.0,0.0,0.0,0.0,0.0,0.0,0.0,0.0,0.0
1,0,1.0,0.0,0.0,0.0,0.0,0.0,0.0,0.0,0.0
1,0,1.0,0.0,0.0,0.0,0.0,0.0,0.0,0.0,0.0
1,0,1.0,0.0,0.0,0.0,0.0,0.0,0.0,0.0,0.0
1,0,1.0,0.0,0.0,0.0,0.0,0.0,0.0,0.0,0.0
1,0,1.0,0.0,0.0,0.0,0.0,0.0,0.0,0.0,0.0
1,0,1.0,0.0,0.0,0.0,0.0,0.0,0.0,0.0,0.0
1,0,1.0,0.0,0.0,0.0,0.0,0.0,0.0,0.0,0.0
1,0,1.0,0.0,0.0,0.0,0.0,0.0,0.0,0.0,0.0
1,0,1.0,0.0,0.0,0.0,0.0,0.0,0.0,0.0,0.0
1,0,1.0,0.0,0.0,0.0,0.0,0.0,0.0,0.0,0.0
1,0,1.0,0.0,0.0,0.0,0.0,0.0,0.0,0.0,0.0
1,0,1.0,0.0,0.0,0.0,0.0,0.0,0.0,0.0,0.0
1,0,1.0,0.0,0.0,0.0,0.0,0.0,0.0,0.0,0.0
1,0,1.0,0.0,0.0,0.0,0.0,0.0,0.0,0.0,0.0
1,0,1.0,0.0,0.0,0.0,0.0,0.0,0.0,0.0,0.0
1,0,1.0,0.0,0.0,0.0,0.0,0.0,0.0,0.0,0.0
1,0,1.0,0.0,0.0,0.0,0.0,0.0,0.0,0.0,0.0
1,0,1.0,0.0,0.0,0.0,0.0,0.0,0.0,0.0,0.0
1,0,1.0,0.0,0.0,0.0,0.0,0.0,0.0,0.0,0.0
1,0,1.0,0.0,0.0,0.0,0.0,0.0,0.0,0.0,0.0
1,0,1.0,0.0,0.0,0.0,0.0,0.0,0.0,0.0,0.0
1,0,1.0,0.0,0.0,0.0,0.0,0.0,0.0,0.0,0.0
1,0,1.0,0.0,0.0,0.0,0.0,0.0,0.0,0.0,0.0
1,0,1.0,0.0,0.0,0.0,0.0,0.0,0.0,0.0,0.0
1,0,1.0,0.0,0.0,0.0,0.0,0.0,0.0,0.0,0.0
1,0,1.0,0.0,0.0,0.0,0.0,0.0,0.0,0.0,0.0
1,0,1.0,0.0,0.0,0.0,0.0,0.0,0.0,0.0,0.0
1,0,1.0,0.0,0.0,0.0,0.0,0.0,0.0,0.0,0.0
1,0,1.0,0.0,0.0,0.0,0.0,0.0,0.0,0.0,0.0
1,0,1.0,0.0,0.0,0.0,0.0,0.0,0.0,0.0,0.0
1,0,1.0,0.0,0.0,0.0,0.0,0.0,0.0,0.0,0.0
1,0,1.0,0.0,0.0,0.0,0.0,0.0,0.0,0.0,0.0
1,0,1.0,0.0,0.0,0.0,0.0,0.0,0.0,0.0,0.0
1,0,1.0,0.0,0.0,0.0,0.0,0.0,0.0,0.0,0.0
1,0,1.0,0.0,0.0,0.0,0.0,0.0,0.0,0.0,0.0
1,0,1.0,0.0,0.0,0.0,0.0,0.0,0.0,0.0,0.0
1,0,1.0,0.0,0.0,0.0,0.0,0.0,0.0,0.0,0.0
1,0,1.0,0.0,0.0,0.0,0.0,0.0,0.0,0.0,0.0
1,0,1.0,0.0,0.0,0.0,0.0,0.0,0.0,0.0,0.0
1,0,1.0,0.0,0.0,0.0,0.0,0.0,0.0,0.0,0.0
1,0,1.0,0.0,0.0,0.0,0.0,0.0,0.0,0.0,0.0
1,0,1.0,0.0,0.0,0.0,0.0,0.0,0.0,0.0,0.0
1,0,1.0,0.0,0.0,0.0,0.0,0.0,0.0,0.0,0.0
1,0,1.0,0.0,0.0,0.0,0.0,0.0,0.0,0.0,0.0
1,0,1.0,0.0,0.0,0.0,0.0,0.0,0.0,0.0,0.0
1,0,1.0,0.0,0.0,0.0,0.0,0.0,0.0,0.0,0.0
1,0,1.0,0.0,0.0,0.0,0.0,0.0,0.0,0.0,0.0
1,0,1.0,0.0,0.0,0.0,0.0,0.0,0.0,0.0,0.0
1,0,1.0,0.0,0.0,0.0,0.0,0.0,0.0,0.0,0.0
1,0,1.0,0.0,0.0,0.0,0.0,0.0,0.0,0.0,0.0
1,0,1.0,0.0,0.0,0.0,0.0,0.0,0.0,0.0,0.0
1,0,1.0,0.0,0.0,0.0,0.0,0.0,0.0,0.0,0.0
1,0,1.0,0.0,0.0,0.0,0.0,0.0,0.0,0.0,0.0
1,0,1.0,0.0,0.0,0.0,0.0,0.0,0.0,0.0,0.0
1,0,1.0,0.0,0.0,0.0,0.0,0.0,0.0,0.0,0.0
1,0,1.0,0.0,0.0,0.0,0.0,0.0,0.0,0.0,0.0
1,0,1.0,0.0,0.0,0.0,0.0,0.0,0.0,0.0,0.0
1,0,1.0,0.0,0.0,0.0,0.0,0.0,0.0,0.0,0.0
1,0,1.0,0.0,0.0,0.0,0.0,0.0,0.0,0.0,0.0
1,0,1.0,0.0,0.0,0.0,0.0,0.0,0.0,0.0,0.0
1,0,1.0,0.0,0.0,0.0,0.0,0.0,0.0,0.0,0.0
1,0,1.0,0.0,0.0,0.0,0.0,0.0,0.0,0.0,0.0
1,0,1.0,0.0,0.0,0.0,0.0,0.0,0.0,0.0,0.0
1,0,1.0,0.0,0.0,0.0,0.0,0.0,0.0,0.0,0.0
1,0,1.0,0.0,0.0,0.0,0.0,0.0,0.0,0.0,0.0
1,0,1.0,0.0,0.0,0.0,0.0,0.0,0.0,0.0,0.0
1,0,1.0,0.0,0.0,0.0,0.0,0.0,0.0,0.0,0.0
1,0,1.0,0.0,0.0,0.0,0.0,0.0,0.0,0.0,0.0
1,0,1.0,0.0,0.0,0.0,0.0,0.0,0.0,0.0,0.0
1,0,1.0,0.0,0.0,0.0,0.0,0.0,0.0,0.0,0.0
1,0,1.0,0.0,0.0,0.0,0.0,0.0,0.0,0.0,0.0
1,0,1.0,0.0,0.0,0.0,0.0,0.0,0.0,0.0,0.0
1,0,1.0,0.0,0.0,0.0,0.0,0.0,0.0,0.0,0.0
1,0,1.0,0.0,0.0,0.0,0.0,0.0,0.0,0.0,0.0
1,0,1.0,0.0,0.0,0.0,0.0,0.0,0.0,0.0,0.0
1,0,1.0,0.0,0.0,0.0,0.0,0.0,0.0,0.0,0.0
1,0,1.0,0.0,0.0,0.0,0.0,0.0,0.0,0.0,0.0
1,0,1.0,0.0,0.0,0.0,0.0,0.0,0.0,0.0,0.0
1,0,1.0,0.0,0.0,0.0,0.0,0.0,0.0,0.0,0.0
1,0,1.0,0.0,0.0,0.0,0.0,0.0,0.0,0.0,0.0
1,0,1.0,0.0,0.0,0.0,0.0,0.0,0.0,0.0,0.0
1,0,1.0,0.0,0.0,0.0,0.0,0.0,0.0,0.0,0.0
1,0,1.0,0.0,0.0,0.0,0.0,0.0,0.0,0.0,0.0
1,0,1.0,0.0,0.0,0.0,0.0,0.0,0.0,0.0,0.0
1,0,1.0,0.0,0.0,0.0,0.0,0.0,0.0,0.0,0.0
1,0,1.0,0.0,0.0,0.0,0.0,0.0,0.0,0.0,0.0
1,0,1.0,0.0,0.0,0.0,0.0,0.0,0.0,0.0,0.0
1,0,1.0,0.0,0.0,0.0,0.0,0.0,0.0,0.0,0.0
1,0,1.0,0.0,0.0,0.0,0.0,0.0,0.0,0.0,0.0
1,0,1.0,0.0,0.0,0.0,0.0,0.0,0.0,0.0,0.0
1,0,1.0,0.0,0.0,0.0,0.0,0.0,0.0,0.0,0.0
1,0,1.0,0.0,0.0,0.0,0.0,0.0,0.0,0.0,0.0
1,0,1.0,0.0,0.0,0.0,0.0,0.0,0.0,0.0,0.0
1,0,1.0,0.0,0.0,0.0,0.0,0.0,0.0,0.0,0.0
1,0,1.0,0.0,0.0,0.0,0.0,0.0,0.0,0.0,0.0
1,0,1.0,0.0,0.0,0.0,0.0,0.0,0.0,0.0,0.0
1,0,1.0,0.0,0.0,0.0,0.0,0.0,0.0,0.0,0.0
1,0,1.0,0.0,0.0,0.0,0.0,0.0,0.0,0.0,0.0
1,0,1.0,0.0,0.0,0.0,0.0,0.0,0.0,0.0,0.0
1,0,1.0,0.0,0.0,0.0,0.0,0.0,0.0,0.0,0.0
1,0,1.0,0.0,0.0,0.0,0.0,0.0,0.0,0.0,0.0
1,0,1.0,0.0,0.0,0.0,0.0,0.0,0.0,0.0,0.0
1,0,1.0,0.0,0.0,0.0,0.0,0.0,0.0,0.0,0.0
1,0,1.0,0.0,0.0,0.0,0.0,0.0,0.0,0.0,0.0
1,0,1.0,0.0,0.0,0.0,0.0,0.0,0.0,0.0,0.0
1,0,1.0,0.0,0.0,0.0,0.0,0.0,0.0,0.0,0.0
1,0,1.0,0.0,0.0,0.0,0.0,0.0,0.0,0.0,0.0
1,0,1.0,0.0,0.0,0.0,0.0,0.0,0.0,0.0,0.0
1,0,1.0,0.0,0.0,0.0,0.0,0.0,0.0,0.0,0.0
1,0,1.0,0.0,0.0,0.0,0.0,0.0,0.0,0.0,0.0
1,0,1.0,0.0,0.0,0.0,0.0,0.0,0.0,0.0,0.0
1,0,1.0,0.0,0.0,0.0,0.0,0.0,0.0,0.0,0.0
1,0,1.0,0.0,0.0,0.0,0.0,0.0,0.0,0.0,0.0
1,0,1.0,0.0,0.0,0.0,0.0,0.0,0.0,0.0,0.0
1,0,1.0,0.0,0.0,0.0,0.0,0.0,0.0,0.0,0.0
1,0,1.0,0.0,0.0,0.0,0.0,0.0,0.0,0.0,0.0
1,0,1.0,0.0,0.0,0.0,0.0,0.0,0.0,0.0,0.0
1,0,1.0,0.0,0.0,0.0,0.0,0.0,0.0,0.0,0.0
1,0,1.0,0.0,0.0,0.0,0.0,0.0,0.0,0.0,0.0
1,0,1.0,0.0,0.0,0.0,0.0,0.0,0.0,0.0,0.0
1,0,1.0,0.0,0.0,0.0,0.0,0.0,0.0,0.0,0.0
1,0,1.0,0.0,0.0,0.0,0.0,0.0,0.0,0.0,0.0
1,0,1.0,0.0,0.0,0.0,0.0,0.0,0.0,0.0,0.0
1,0,1.0,0.0,0.0,0.0,0.0,0.0,0.0,0.0,0.0
1,0,1.0,0.0,0.0,0.0,0.0,0.0,0.0,0.0,0.0
1,0,1.0,0.0,0.0,0.0,0.0,0.0,0.0,0.0,0.0
1,0,1.0,0.0,0.0,0.0,0.0,0.0,0.0,0.0,0.0
1,0,1.0,0.0,0.0,0.0,0.0,0.0,0.0,0.0,0.0
1,0,1.0,0.0,0.0,0.0,0.0,0.0,0.0,0.0,0.0
1,0,1.0,0.0,0.0,0.0,0.0,0.0,0.0,0.0,0.0
1,0,1.0,0.0,0.0,0.0,0.0,0.0,0.0,0.0,0.0
1,0,1.0,0.0,0.0,0.0,0.0,0.0,0.0,0.0,0.0
1,0,1.0,0.0,0.0,0.0,0.0,0.0,0.0,0.0,0.0
1,0,1.0,0.0,0.0,0.0,0.0,0.0,0.0,0.0,0.0
1,0,1.0,0.0,0.0,0.0,0.0,0.0,0.0,0.0,0.0
1,0,1.0,0.0,0.0,0.0,0.0,0.0,0.0,0.0,0.0
1,0,1.0,0.0,0.0,0.0,0.0,0.0,0.0,0.0,0.0
1,0,1.0,0.0,0.0,0.0,0.0,0.0,0.0,0.0,0.0
1,0,1.0,0.0,0.0,0.0,0.0,0.0,0.0,0.0,0.0
1,0,1.0,0.0,0.0,0.0,0.0,0.0,0.0,0.0,0.0
1,0,1.0,0.0,0.0,0.0,0.0,0.0,0.0,0.0,0.0
1,0,1.0,0.0,0.0,0.0,0.0,0.0,0.0,0.0,0.0
1,0,1.0,0.0,0.0,0.0,0.0,0.0,0.0,0.0,0.0
1,0,1.0,0.0,0.0,0.0,0.0,0.0,0.0,0.0,0.0
1,0,1.0,0.0,0.0,0.0,0.0,0.0,0.0,0.0,0.0
1,0,1.0,0.0,0.0,0.0,0.0,0.0,0.0,0.0,0.0
1,0,1.0,0.0,0.0,0.0,0.0,0.0,0.0,0.0,0.0
1,0,1.0,0.0,0.0,0.0,0.0,0.0,0.0,0.0,0.0
1,0,1.0,0.0,0.0,0.0,0.0,0.0,0.0,0.0,0.0
1,0,1.0,0.0,0.0,0.0,0.0,0.0,0.0,0.0,0.0
1,0,1.0,0.0,0.0,0.0,0.0,0.0,0.0,0.0,0.0
1,0,1.0,0.0,0.0,0.0,0.0,0.0,0.0,0.0,0.0
1,0,1.0,0.0,0.0,0.0,0.0,0.0,0.0,0.0,0.0
1,0,1.0,0.0,0.0,0.0,0.0,0.0,0.0,0.0,0.0
1,0,1.0,0.0,0.0,0.0,0.0,0.0,0.0,0.0,0.0
1,0,1.0,0.0,0.0,0.0,0.0,0.0,0.0,0.0,0.0
1,0,1.0,0.0,0.0,0.0,0.0,0.0,0.0,0.0,0.0
1,0,1.0,0.0,0.0,0.0,0.0,0.0,0.0,0.0,0.0
1,0,1.0,0.0,0.0,0.0,0.0,0.0,0.0,0.0,0.0
1,0,1.0,0.0,0.0,0.0,0.0,0.0,0.0,0.0,0.0
1,0,1.0,0.0,0.0,0.0,0.0,0.0,0.0,0.0,0.0
1,0,1.0,0.0,0.0,0.0,0.0,0.0,0.0,0.0,0.0
1,0,1.0,0.0,0.0,0.0,0.0,0.0,0.0,0.0,0.0
1,0,1.0,0.0,0.0,0.0,0.0,0.0,0.0,0.0,0.0
1,0,1.0,0.0,0.0,0.0,0.0,0.0,0.0,0.0,0.0
1,0,1.0,0.0,0.0,0.0,0.0,0.0,0.0,0.0,0.0
1,0,1.0,0.0,0.0,0.0,0.0,0.0,0.0,0.0,0.0
1,0,1.0,0.0,0.0,0.0,0.0,0.0,0.0,0.0,0.0
1,0,1.0,0.0,0.0,0.0,0.0,0.0,0.0,0.0,0.0
1,0,1.0,0.0,0.0,0.0,0.0,0.0,0.0,0.0,0.0
1,0,1.0,0.0,0.0,0.0,0.0,0.0,0.0,0.0,0.0
1,0,1.0,0.0,0.0,0.0,0.0,0.0,0.0,0.0,0.0
1,0,1.0,0.0,0.0,0.0,0.0,0.0,0.0,0.0,0.0
1,0,1.0,0.0,0.0,0.0,0.0,0.0,0.0,0.0,0.0
1,0,1.0,0.0,0.0,0.0,0.0,0.0,0.0,0.0,0.0
1,0,1.0,0.0,0.0,0.0,0.0,0.0,0.0,0.0,0.0
1,0,1.0,0.0,0.0,0.0,0.0,0.0,0.0,0.0,0.0
1,0,1.0,0.0,0.0,0.0,0.0,0.0,0.0,0.0,0.0
1,0,1.0,0.0,0.0,0.0,0.0,0.0,0.0,0.0,0.0
1,0,1.0,0.0,0.0,0.0,0.0,0.0,0.0,0.0,0.0
1,0,1.0,0.0,0.0,0.0,0.0,0.0,0.0,0.0,0.0
1,0,1.0,0.0,0.0,0.0,0.0,0.0,0.0,0.0,0.0
1,0,1.0,0.0,0.0,0.0,0.0,0.0,0.0,0.0,0.0
1,0,1.0,0.0,0.0,0.0,0.0,0.0,0.0,0.0,0.0
1,0,1.0,0.0,0.0,0.0,0.0,0.0,0.0,0.0,0.0
1,0,1.0,0.0,0.0,0.0,0.0,0.0,0.0,0.0,0.0
1,0,1.0,0.0,0.0,0.0,0.0,0.0,0.0,0.0,0.0
1,0,1.0,0.0,0.0,0.0,0.0,0.0,0.0,0.0,0.0
1,0,1.0,0.0,0.0,0.0,0.0,0.0,0.0,0.0,0.0
1,0,1.0,0.0,0.0,0.0,0.0,0.0,0.0,0.0,0.0
1,0,1.0,0.0,0.0,0.0,0.0,0.0,0.0,0.0,0.0
1,0,1.0,0.0,0.0,0.0,0.0,0.0,0.0,0.0,0.0
1,0,1.0,0.0,0.0,0.0,0.0,0.0,0.0,0.0,0.0
1,0,1.0,0.0,0.0,0.0,0.0,0.0,0.0,0.0,0.0
1,0,1.0,0.0,0.0,0.0,0.0,0.0,0.0,0.0,0.0
1,0,1.0,0.0,0.0,0.0,0.0,0.0,0.0,0.0,0.0
1,0,1.0,0.0,0.0,0.0,0.0,0.0,0.0,0.0,0.0
1,0,1.0,0.0,0.0,0.0,0.0,0.0,0.0,0.0,0.0
1,0,1.0,0.0,0.0,0.0,0.0,0.0,0.0,0.0,0.0
1,0,1.0,0.0,0.0,0.0,0.0,0.0,0.0,0.0,0.0
1,0,1.0,0.0,0.0,0.0,0.0,0.0,0.0,0.0,0.0
1,0,1.0,0.0,0.0,0.0,0.0,0.0,0.0,0.0,0.0
1,0,1.0,0.0,0.0,0.0,0.0,0.0,0.0,0.0,0.0
1,0,1.0,0.0,0.0,0.0,0.0,0.0,0.0,0.0,0.0
1,0,1.0,0.0,0.0,0.0,0.0,0.0,0.0,0.0,0.0
1,0,1.0,0.0,0.0,0.0,0.0,0.0,0.0,0.0,0.0
1,0,1.0,0.0,0.0,0.0,0.0,0.0,0.0,0.0,0.0
1,0,1.0,0.0,0.0,0.0,0.0,0.0,0.0,0.0,0.0
1,0,1.0,0.0,0.0,0.0,0.0,0.0,0.0,0.0,0.0
1,0,1.0,0.0,0.0,0.0,0.0,0.0,0.0,0.0,0.0
1,0,1.0,0.0,0.0,0.0,0.0,0.0,0.0,0.0,0.0
1,0,1.0,0.0,0.0,0.0,0.0,0.0,0.0,0.0,0.0
1,0,1.0,0.0,0.0,0.0,0.0,0.0,0.0,0.0,0.0
1,0,1.0,0.0,0.0,0.0,0.0,0.0,0.0,0.0,0.0
1,0,1.0,0.0,0.0,0.0,0.0,0.0,0.0,0.0,0.0
1,0,1.0,0.0,0.0,0.0,0.0,0.0,0.0,0.0,0.0
1,0,1.0,0.0,0.0,0.0,0.0,0.0,0.0,0.0,0.0
1,0,1.0,0.0,0.0,0.0,0.0,0.0,0.0,0.0,0.0
1,0,1.0,0.0,0.0,0.0,0.0,0.0,0.0,0.0,0.0
1,0,1.0,0.0,0.0,0.0,0.0,0.0,0.0,0.0,0.0
1,0,1.0,0.0,0.0,0.0,0.0,0.0,0.0,0.0,0.0
1,0,1.0,0.0,0.0,0.0,0.0,0.0,0.0,0.0,0.0
1,0,1.0,0.0,0.0,0.0,0.0,0.0,0.0,0.0,0.0
1,0,1.0,0.0,0.0,0.0,0.0,0.0,0.0,0.0,0.0
1,0,1.0,0.0,0.0,0.0,0.0,0.0,0.0,0.0,0.0
1,0,1.0,0.0,0.0,0.0,0.0,0.0,0.0,0.0,0.0
1,0,1.0,0.0,0.0,0.0,0.0,0.0,0.0,0.0,0.0
1,0,1.0,0.0,0.0,0.0,0.0,0.0,0.0,0.0,0.0
1,0,1.0,0.0,0.0,0.0,0.0,0.0,0.0,0.0,0.0
1,0,1.0,0.0,0.0,0.0,0.0,0.0,0.0,0.0,0.0
1,0,1.0,0.0,0.0,0.0,0.0,0.0,0.0,0.0,0.0
1,0,1.0,0.0,0.0,0.0,0.0,0.0,0.0,0.0,0.0
1,0,1.0,0.0,0.0,0.0,0.0,0.0,0.0,0.0,0.0
1,0,1.0,0.0,0.0,0.0,0.0,0.0,0.0,0.0,0.0
1,0,1.0,0.0,0.0,0.0,0.0,0.0,0.0,0.0,0.0
1,0,1.0,0.0,0.0,0.0,0.0,0.0,0.0,0.0,0.0
1,0,1.0,0.0,0.0,0.0,0.0,0.0,0.0,0.0,0.0
1,0,1.0,0.0,0.0,0.0,0.0,0.0,0.0,0.0,0.0
1,0,1.0,0.0,0.0,0.0,0.0,0.0,0.0,0.0,0.0
1,0,1.0,0.0,0.0,0.0,0.0,0.0,0.0,0.0,0.0
1,0,1.0,0.0,0.0,0.0,0.0,0.0,0.0,0.0,0.0
1,0,1.0,0.0,0.0,0.0,0.0,0.0,0.0,0.0,0.0
1,0,1.0,0.0,0.0,0.0,0.0,0.0,0.0,0.0,0.0
1,0,1.0,0.0,0.0,0.0,0.0,0.0,0.0,0.0,0.0
1,0,1.0,0.0,0.0,0.0,0.0,0.0,0.0,0.0,0.0
1,0,1.0,0.0,0.0,0.0,0.0,0.0,0.0,0.0,0.0
1,0,1.0,0.0,0.0,0.0,0.0,0.0,0.0,0.0,0.0
1,0,1.0,0.0,0.0,0.0,0.0,0.0,0.0,0.0,0.0
1,0,1.0,0.0,0.0,0.0,0.0,0.0,0.0,0.0,0.0
1,0,1.0,0.0,0.0,0.0,0.0,0.0,0.0,0.0,0.0
1,0,1.0,0.0,0.0,0.0,0.0,0.0,0.0,0.0,0.0
1,0,1.0,0.0,0.0,0.0,0.0,0.0,0.0,0.0,0.0
1,0,1.0,0.0,0.0,0.0,0.0,0.0,0.0,0.0,0.0
1,0,1.0,0.0,0.0,0.0,0.0,0.0,0.0,0.0,0.0
1,0,1.0,0.0,0.0,0.0,0.0,0.0,0.0,0.0,0.0
1,0,1.0,0.0,0.0,0.0,0.0,0.0,0.0,0.0,0.0
1,0,1.0,0.0,0.0,0.0,0.0,0.0,0.0,0.0,0.0
1,0,1.0,0.0,0.0,0.0,0.0,0.0,0.0,0.0,0.0
1,0,1.0,0.0,0.0,0.0,0.0,0.0,0.0,0.0,0.0
1,0,1.0,0.0,0.0,0.0,0.0,0.0,0.0,0.0,0.0
1,0,1.0,0.0,0.0,0.0,0.0,0.0,0.0,0.0,0.0
1,0,1.0,0.0,0.0,0.0,0.0,0.0,0.0,0.0,0.0
1,0,1.0,0.0,0.0,0.0,0.0,0.0,0.0,0.0,0.0
1,0,1.0,0.0,0.0,0.0,0.0,0.0,0.0,0.0,0.0
1,0,1.0,0.0,0.0,0.0,0.0,0.0,0.0,0.0,0.0
1,0,1.0,0.0,0.0,0.0,0.0,0.0,0.0,0.0,0.0
1,0,1.0,0.0,0.0,0.0,0.0,0.0,0.0,0.0,0.0
1,0,1.0,0.0,0.0,0.0,0.0,0.0,0.0,0.0,0.0
1,0,1.0,0.0,0.0,0.0,0.0,0.0,0.0,0.0,0.0
1,0,1.0,0.0,0.0,0.0,0.0,0.0,0.0,0.0,0.0
1,0,1.0,0.0,0.0,0.0,0.0,0.0,0.0,0.0,0.0
1,0,1.0,0.0,0.0,0.0,0.0,0.0,0.0,0.0,0.0
1,0,1.0,0.0,0.0,0.0,0.0,0.0,0.0,0.0,0.0
1,0,1.0,0.0,0.0,0.0,0.0,0.0,0.0,0.0,0.0
1,0,1.0,0.0,0.0,0.0,0.0,0.0,0.0,0.0,0.0
1,0,1.0,0.0,0.0,0.0,0.0,0.0,0.0,0.0,0.0
1,0,1.0,0.0,0.0,0.0,0.0,0.0,0.0,0.0,0.0
1,0,1.0,0.0,0.0,0.0,0.0,0.0,0.0,0.0,0.0
1,0,1.0,0.0,0.0,0.0,0.0,0.0,0.0,0.0,0.0
1,0,1.0,0.0,0.0,0.0,0.0,0.0,0.0,0.0,0.0
1,0,1.0,0.0,0.0,0.0,0.0,0.0,0.0,0.0,0.0
1,0,1.0,0.0,0.0,0.0,0.0,0.0,0.0,0.0,0.0
1,0,1.0,0.0,0.0,0.0,0.0,0.0,0.0,0.0,0.0
1,0,1.0,0.0,0.0,0.0,0.0,0.0,0.0,0.0,0.0
1,0,1.0,0.0,0.0,0.0,0.0,0.0,0.0,0.0,0.0
1,0,1.0,0.0,0.0,0.0,0.0,0.0,0.0,0.0,0.0
1,0,1.0,0.0,0.0,0.0,0.0,0.0,0.0,0.0,0.0
1,0,1.0,0.0,0.0,0.0,0.0,0.0,0.0,0.0,0.0
1,0,1.0,0.0,0.0,0.0,0.0,0.0,0.0,0.0,0.0
1,0,1.0,0.0,0.0,0.0,0.0,0.0,0.0,0.0,0.0
1,0,1.0,0.0,0.0,0.0,0.0,0.0,0.0,0.0,0.0
1,0,1.0,0.0,0.0,0.0,0.0,0.0,0.0,0.0,0.0
1,0,1.0,0.0,0.0,0.0,0.0,0.0,0.0,0.0,0.0
1,0,1.0,0.0,0.0,0.0,0.0,0.0,0.0,0.0,0.0
1,0,1.0,0.0,0.0,0.0,0.0,0.0,0.0,0.0,0.0
1,0,1.0,0.0,0.0,0.0,0.0,0.0,0.0,0.0,0.0
1,0,1.0,0.0,0.0,0.0,0.0,0.0,0.0,0.0,0.0
1,0,1.0,0.0,0.0,0.0,0.0,0.0,0.0,0.0,0.0
1,0,1.0,0.0,0.0,0.0,0.0,0.0,0.0,0.0,0.0
1,0,1.0,0.0,0.0,0.0,0.0,0.0,0.0,0.0,0.0
1,0,1.0,0.0,0.0,0.0,0.0,0.0,0.0,0.0,0.0
1,0,1.0,0.0,0.0,0.0,0.0,0.0,0.0,0.0,0.0
1,0,1.0,0.0,0.0,0.0,0.0,0.0,0.0,0.0,0.0
1,0,1.0,0.0,0.0,0.0,0.0,0.0,0.0,0.0,0.0
1,0,1.0,0.0,0.0,0.0,0.0,0.0,0.0,0.0,0.0
1,0,1.0,0.0,0.0,0.0,0.0,0.0,0.0,0.0,0.0
1,0,1.0,0.0,0.0,0.0,0.0,0.0,0.0,0.0,0.0
1,0,1.0,0.0,0.0,0.0,0.0,0.0,0.0,0.0,0.0
1,0,1.0,0.0,0.0,0.0,0.0,0.0,0.0,0.0,0.0
1,0,1.0,0.0,0.0,0.0,0.0,0.0,0.0,0.0,0.0
1,0,1.0,0.0,0.0,0.0,0.0,0.0,0.0,0.0,0.0
1,0,1.0,0.0,0.0,0.0,0.0,0.0,0.0,0.0,0.0
1,0,1.0,0.0,0.0,0.0,0.0,0.0,0.0,0.0,0.0
1,0,1.0,0.0,0.0,0.0,0.0,0.0,0.0,0.0,0.0
1,0,1.0,0.0,0.0,0.0,0.0,0.0,0.0,0.0,0.0
1,0,1.0,0.0,0.0,0.0,0.0,0.0,0.0,0.0,0.0
1,0,1.0,0.0,0.0,0.0,0.0,0.0,0.0,0.0,0.0
1,0,1.0,0.0,0.0,0.0,0.0,0.0,0.0,0.0,0.0
1,0,1.0,0.0,0.0,0.0,0.0,0.0,0.0,0.0,0.0
1,0,1.0,0.0,0.0,0.0,0.0,0.0,0.0,0.0,0.0
1,0,1.0,0.0,0.0,0.0,0.0,0.0,0.0,0.0,0.0
1,0,1.0,0.0,0.0,0.0,0.0,0.0,0.0,0.0,0.0
1,0,1.0,0.0,0.0,0.0,0.0,0.0,0.0,0.0,0.0
1,0,1.0,0.0,0.0,0.0,0.0,0.0,0.0,0.0,0.0
1,0,1.0,0.0,0.0,0.0,0.0,0.0,0.0,0.0,0.0
1,0,1.0,0.0,0.0,0.0,0.0,0.0,0.0,0.0,0.0
1,0,1.0,0.0,0.0,0.0,0.0,0.0,0.0,0.0,0.0
1,0,1.0,0.0,0.0,0.0,0.0,0.0,0.0,0.0,0.0
1,0,1.0,0.0,0.0,0.0,0.0,0.0,0.0,0.0,0.0
1,0,1.0,0.0,0.0,0.0,0.0,0.0,0.0,0.0,0.0
1,0,1.0,0.0,0.0,0.0,0.0,0.0,0.0,0.0,0.0
1,0,1.0,0.0,0.0,0.0,0.0,0.0,0.0,0.0,0.0
1,0,1.0,0.0,0.0,0.0,0.0,0.0,0.0,0.0,0.0
1,0,1.0,0.0,0.0,0.0,0.0,0.0,0.0,0.0,0.0
1,0,1.0,0.0,0.0,0.0,0.0,0.0,0.0,0.0,0.0
1,0,1.0,0.0,0.0,0.0,0.0,0.0,0.0,0.0,0.0
1,0,1.0,0.0,0.0,0.0,0.0,0.0,0.0,0.0,0.0
1,0,1.0,0.0,0.0,0.0,0.0,0.0,0.0,0.0,0.0
1,0,1.0,0.0,0.0,0.0,0.0,0.0,0.0,0.0,0.0
1,0,1.0,0.0,0.0,0.0,0.0,0.0,0.0,0.0,0.0
1,0,1.0,0.0,0.0,0.0,0.0,0.0,0.0,0.0,0.0
1,0,1.0,0.0,0.0,0.0,0.0,0.0,0.0,0.0,0.0
1,0,1.0,0.0,0.0,0.0,0.0,0.0,0.0,0.0,0.0
1,0,1.0,0.0,0.0,0.0,0.0,0.0,0.0,0.0,0.0
1,0,1.0,0.0,0.0,0.0,0.0,0.0,0.0,0.0,0.0
1,0,1.0,0.0,0.0,0.0,0.0,0.0,0.0,0.0,0.0
1,0,1.0,0.0,0.0,0.0,0.0,0.0,0.0,0.0,0.0
1,0,1.0,0.0,0.0,0.0,0.0,0.0,0.0,0.0,0.0
1,0,1.0,0.0,0.0,0.0,0.0,0.0,0.0,0.0,0.0
1,0,1.0,0.0,0.0,0.0,0.0,0.0,0.0,0.0,0.0
1,0,1.0,0.0,0.0,0.0,0.0,0.0,0.0,0.0,0.0
1,0,1.0,0.0,0.0,0.0,0.0,0.0,0.0,0.0,0.0
1,0,1.0,0.0,0.0,0.0,0.0,0.0,0.0,0.0,0.0
1,0,1.0,0.0,0.0,0.0,0.0,0.0,0.0,0.0,0.0
1,0,1.0,0.0,0.0,0.0,0.0,0.0,0.0,0.0,0.0
1,0,1.0,0.0,0.0,0.0,0.0,0.0,0.0,0.0,0.0
1,0,1.0,0.0,0.0,0.0,0.0,0.0,0.0,0.0,0.0
1,0,1.0,0.0,0.0,0.0,0.0,0.0,0.0,0.0,0.0
1,0,1.0,0.0,0.0,0.0,0.0,0.0,0.0,0.0,0.0
1,0,1.0,0.0,0.0,0.0,0.0,0.0,0.0,0.0,0.0
1,0,1.0,0.0,0.0,0.0,0.0,0.0,0.0,0.0,0.0
1,0,1.0,0.0,0.0,0.0,0.0,0.0,0.0,0.0,0.0
1,0,1.0,0.0,0.0,0.0,0.0,0.0,0.0,0.0,0.0
1,0,1.0,0.0,0.0,0.0,0.0,0.0,0.0,0.0,0.0
1,0,1.0,0.0,0.0,0.0,0.0,0.0,0.0,0.0,0.0
1,0,1.0,0.0,0.0,0.0,0.0,0.0,0.0,0.0,0.0
1,0,1.0,0.0,0.0,0.0,0.0,0.0,0.0,0.0,0.0
1,0,1.0,0.0,0.0,0.0,0.0,0.0,0.0,0.0,0.0
1,0,1.0,0.0,0.0,0.0,0.0,0.0,0.0,0.0,0.0
1,0,1.0,0.0,0.0,0.0,0.0,0.0,0.0,0.0,0.0
1,0,1.0,0.0,0.0,0.0,0.0,0.0,0.0,0.0,0.0
1,0,1.0,0.0,0.0,0.0,0.0,0.0,0.0,0.0,0.0
1,0,1.0,0.0,0.0,0.0,0.0,0.0,0.0,0.0,0.0
1,0,1.0,0.0,0.0,0.0,0.0,0.0,0.0,0.0,0.0
1,0,1.0,0.0,0.0,0.0,0.0,0.0,0.0,0.0,0.0
1,0,1.0,0.0,0.0,0.0,0.0,0.0,0.0,0.0,0.0
1,0,1.0,0.0,0.0,0.0,0.0,0.0,0.0,0.0,0.0
1,0,1.0,0.0,0.0,0.0,0.0,0.0,0.0,0.0,0.0
1,0,1.0,0.0,0.0,0.0,0.0,0.0,0.0,0.0,0.0
1,0,1.0,0.0,0.0,0.0,0.0,0.0,0.0,0.0,0.0
1,0,1.0,0.0,0.0,0.0,0.0,0.0,0.0,0.0,0.0
1,0,1.0,0.0,0.0,0.0,0.0,0.0,0.0,0.0,0.0
1,0,1.0,0.0,0.0,0.0,0.0,0.0,0.0,0.0,0.0
1,0,1.0,0.0,0.0,0.0,0.0,0.0,0.0,0.0,0.0
1,0,1.0,0.0,0.0,0.0,0.0,0.0,0.0,0.0,0.0
1,0,1.0,0.0,0.0,0.0,0.0,0.0,0.0,0.0,0.0
1,0,1.0,0.0,0.0,0.0,0.0,0.0,0.0,0.0,0.0
1,0,1.0,0.0,0.0,0.0,0.0,0.0,0.0,0.0,0.0
1,0,1.0,0.0,0.0,0.0,0.0,0.0,0.0,0.0,0.0
1,0,1.0,0.0,0.0,0.0,0.0,0.0,0.0,0.0,0.0
1,0,1.0,0.0,0.0,0.0,0.0,0.0,0.0,0.0,0.0
1,0,1.0,0.0,0.0,0.0,0.0,0.0,0.0,0.0,0.0
1,0,1.0,0.0,0.0,0.0,0.0,0.0,0.0,0.0,0.0
1,0,1.0,0.0,0.0,0.0,0.0,0.0,0.0,0.0,0.0
1,0,1.0,0.0,0.0,0.0,0.0,0.0,0.0,0.0,0.0
1,0,1.0,0.0,0.0,0.0,0.0,0.0,0.0,0.0,0.0
1,0,1.0,0.0,0.0,0.0,0.0,0.0,0.0,0.0,0.0
1,0,1.0,0.0,0.0,0.0,0.0,0.0,0.0,0.0,0.0
1,0,1.0,0.0,0.0,0.0,0.0,0.0,0.0,0.0,0.0
1,0,1.0,0.0,0.0,0.0,0.0,0.0,0.0,0.0,0.0
1,0,1.0,0.0,0.0,0.0,0.0,0.0,0.0,0.0,0.0
1,0,1.0,0.0,0.0,0.0,0.0,0.0,0.0,0.0,0.0
1,0,1.0,0.0,0.0,0.0,0.0,0.0,0.0,0.0,0.0
1,0,1.0,0.0,0.0,0.0,0.0,0.0,0.0,0.0,0.0
1,0,1.0,0.0,0.0,0.0,0.0,0.0,0.0,0.0,0.0
1,0,1.0,0.0,0.0,0.0,0.0,0.0,0.0,0.0,0.0
1,0,1.0,0.0,0.0,0.0,0.0,0.0,0.0,0.0,0.0
1,0,1.0,0.0,0.0,0.0,0.0,0.0,0.0,0.0,0.0
1,0,1.0,0.0,0.0,0.0,0.0,0.0,0.0,0.0,0.0
1,0,1.0,0.0,0.0,0.0,0.0,0.0,0.0,0.0,0.0
1,0,1.0,0.0,0.0,0.0,0.0,0.0,0.0,0.0,0.0
1,0,1.0,0.0,0.0,0.0,0.0,0.0,0.0,0.0,0.0
1,0,1.0,0.0,0.0,0.0,0.0,0.0,0.0,0.0,0.0
1,0,1.0,0.0,0.0,0.0,0.0,0.0,0.0,0.0,0.0
1,0,1.0,0.0,0.0,0.0,0.0,0.0,0.0,0.0,0.0
1,0,1.0,0.0,0.0,0.0,0.0,0.0,0.0,0.0,0.0
1,0,1.0,0.0,0.0,0.0,0.0,0.0,0.0,0.0,0.0
1,0,1.0,0.0,0.0,0.0,0.0,0.0,0.0,0.0,0.0
1,0,1.0,0.0,0.0,0.0,0.0,0.0,0.0,0.0,0.0
1,0,1.0,0.0,0.0,0.0,0.0,0.0,0.0,0.0,0.0
1,0,1.0,0.0,0.0,0.0,0.0,0.0,0.0,0.0,0.0
1,0,1.0,0.0,0.0,0.0,0.0,0.0,0.0,0.0,0.0
1,0,1.0,0.0,0.0,0.0,0.0,0.0,0.0,0.0,0.0
1,0,1.0,0.0,0.0,0.0,0.0,0.0,0.0,0.0,0.0
1,0,1.0,0.0,0.0,0.0,0.0,0.0,0.0,0.0,0.0
1,0,1.0,0.0,0.0,0.0,0.0,0.0,0.0,0.0,0.0
1,0,1.0,0.0,0.0,0.0,0.0,0.0,0.0,0.0,0.0
1,0,1.0,0.0,0.0,0.0,0.0,0.0,0.0,0.0,0.0
1,0,1.0,0.0,0.0,0.0,0.0,0.0,0.0,0.0,0.0
1,0,1.0,0.0,0.0,0.0,0.0,0.0,0.0,0.0,0.0
1,0,1.0,0.0,0.0,0.0,0.0,0.0,0.0,0.0,0.0
1,0,1.0,0.0,0.0,0.0,0.0,0.0,0.0,0.0,0.0
1,0,1.0,0.0,0.0,0.0,0.0,0.0,0.0,0.0,0.0
1,0,1.0,0.0,0.0,0.0,0.0,0.0,0.0,0.0,0.0
1,0,1.0,0.0,0.0,0.0,0.0,0.0,0.0,0.0,0.0
1,0,1.0,0.0,0.0,0.0,0.0,0.0,0.0,0.0,0.0
1,0,1.0,0.0,0.0,0.0,0.0,0.0,0.0,0.0,0.0
1,0,1.0,0.0,0.0,0.0,0.0,0.0,0.0,0.0,0.0
1,0,1.0,0.0,0.0,0.0,0.0,0.0,0.0,0.0,0.0
1,0,1.0,0.0,0.0,0.0,0.0,0.0,0.0,0.0,0.0
1,0,1.0,0.0,0.0,0.0,0.0,0.0,0.0,0.0,0.0
1,0,1.0,0.0,0.0,0.0,0.0,0.0,0.0,0.0,0.0
1,0,1.0,0.0,0.0,0.0,0.0,0.0,0.0,0.0,0.0
1,0,1.0,0.0,0.0,0.0,0.0,0.0,0.0,0.0,0.0
1,0,1.0,0.0,0.0,0.0,0.0,0.0,0.0,0.0,0.0
1,0,1.0,0.0,0.0,0.0,0.0,0.0,0.0,0.0,0.0
1,0,1.0,0.0,0.0,0.0,0.0,0.0,0.0,0.0,0.0
1,0,1.0,0.0,0.0,0.0,0.0,0.0,0.0,0.0,0.0
1,0,1.0,0.0,0.0,0.0,0.0,0.0,0.0,0.0,0.0
1,0,1.0,0.0,0.0,0.0,0.0,0.0,0.0,0.0,0.0
1,0,1.0,0.0,0.0,0.0,0.0,0.0,0.0,0.0,0.0
1,0,1.0,0.0,0.0,0.0,0.0,0.0,0.0,0.0,0.0
1,0,1.0,0.0,0.0,0.0,0.0,0.0,0.0,0.0,0.0
1,0,1.0,0.0,0.0,0.0,0.0,0.0,0.0,0.0,0.0
1,0,1.0,0.0,0.0,0.0,0.0,0.0,0.0,0.0,0.0
1,0,1.0,0.0,0.0,0.0,0.0,0.0,0.0,0.0,0.0
1,0,1.0,0.0,0.0,0.0,0.0,0.0,0.0,0.0,0.0
1,0,1.0,0.0,0.0,0.0,0.0,0.0,0.0,0.0,0.0
1,0,1.0,0.0,0.0,0.0,0.0,0.0,0.0,0.0,0.0
1,0,1.0,0.0,0.0,0.0,0.0,0.0,0.0,0.0,0.0
1,0,1.0,0.0,0.0,0.0,0.0,0.0,0.0,0.0,0.0
1,0,1.0,0.0,0.0,0.0,0.0,0.0,0.0,0.0,0.0
1,0,1.0,0.0,0.0,0.0,0.0,0.0,0.0,0.0,0.0
1,0,1.0,0.0,0.0,0.0,0.0,0.0,0.0,0.0,0.0
1,0,1.0,0.0,0.0,0.0,0.0,0.0,0.0,0.0,0.0
1,0,1.0,0.0,0.0,0.0,0.0,0.0,0.0,0.0,0.0
1,0,1.0,0.0,0.0,0.0,0.0,0.0,0.0,0.0,0.0
1,0,1.0,0.0,0.0,0.0,0.0,0.0,0.0,0.0,0.0
1,0,1.0,0.0,0.0,0.0,0.0,0.0,0.0,0.0,0.0
1,0,1.0,0.0,0.0,0.0,0.0,0.0,0.0,0.0,0.0
1,0,1.0,0.0,0.0,0.0,0.0,0.0,0.0,0.0,0.0
1,0,1.0,0.0,0.0,0.0,0.0,0.0,0.0,0.0,0.0
1,0,1.0,0.0,0.0,0.0,0.0,0.0,0.0,0.0,0.0
1,0,1.0,0.0,0.0,0.0,0.0,0.0,0.0,0.0,0.0
1,0,1.0,0.0,0.0,0.0,0.0,0.0,0.0,0.0,0.0
1,0,1.0,0.0,0.0,0.0,0.0,0.0,0.0,0.0,0.0
1,0,1.0,0.0,0.0,0.0,0.0,0.0,0.0,0.0,0.0
1,0,1.0,0.0,0.0,0.0,0.0,0.0,0.0,0.0,0.0
1,0,1.0,0.0,0.0,0.0,0.0,0.0,0.0,0.0,0.0
1,0,1.0,0.0,0.0,0.0,0.0,0.0,0.0,0.0,0.0
1,0,1.0,0.0,0.0,0.0,0.0,0.0,0.0,0.0,0.0
1,0,1.0,0.0,0.0,0.0,0.0,0.0,0.0,0.0,0.0
1,0,1.0,0.0,0.0,0.0,0.0,0.0,0.0,0.0,0.0
1,0,1.0,0.0,0.0,0.0,0.0,0.0,0.0,0.0,0.0
1,0,1.0,0.0,0.0,0.0,0.0,0.0,0.0,0.0,0.0
1,0,1.0,0.0,0.0,0.0,0.0,0.0,0.0,0.0,0.0
1,0,1.0,0.0,0.0,0.0,0.0,0.0,0.0,0.0,0.0
1,0,1.0,0.0,0.0,0.0,0.0,0.0,0.0,0.0,0.0
1,0,1.0,0.0,0.0,0.0,0.0,0.0,0.0,0.0,0.0
1,0,1.0,0.0,0.0,0.0,0.0,0.0,0.0,0.0,0.0
1,0,1.0,0.0,0.0,0.0,0.0,0.0,0.0,0.0,0.0
1,0,1.0,0.0,0.0,0.0,0.0,0.0,0.0,0.0,0.0
1,0,1.0,0.0,0.0,0.0,0.0,0.0,0.0,0.0,0.0
1,0,1.0,0.0,0.0,0.0,0.0,0.0,0.0,0.0,0.0
1,0,1.0,0.0,0.0,0.0,0.0,0.0,0.0,0.0,0.0
1,0,1.0,0.0,0.0,0.0,0.0,0.0,0.0,0.0,0.0
1,0,1.0,0.0,0.0,0.0,0.0,0.0,0.0,0.0,0.0
1,0,1.0,0.0,0.0,0.0,0.0,0.0,0.0,0.0,0.0
1,0,1.0,0.0,0.0,0.0,0.0,0.0,0.0,0.0,0.0
1,0,1.0,0.0,0.0,0.0,0.0,0.0,0.0,0.0,0.0
1,0,1.0,0.0,0.0,0.0,0.0,0.0,0.0,0.0,0.0
1,0,1.0,0.0,0.0,0.0,0.0,0.0,0.0,0.0,0.0
1,0,1.0,0.0,0.0,0.0,0.0,0.0,0.0,0.0,0.0
1,0,1.0,0.0,0.0,0.0,0.0,0.0,0.0,0.0,0.0
1,0,1.0,0.0,0.0,0.0,0.0,0.0,0.0,0.0,0.0
1,0,1.0,0.0,0.0,0.0,0.0,0.0,0.0,0.0,0.0
1,0,1.0,0.0,0.0,0.0,0.0,0.0,0.0,0.0,0.0
1,0,1.0,0.0,0.0,0.0,0.0,0.0,0.0,0.0,0.0
1,0,1.0,0.0,0.0,0.0,0.0,0.0,0.0,0.0,0.0
1,0,1.0,0.0,0.0,0.0,0.0,0.0,0.0,0.0,0.0
1,0,1.0,0.0,0.0,0.0,0.0,0.0,0.0,0.0,0.0
1,0,1.0,0.0,0.0,0.0,0.0,0.0,0.0,0.0,0.0
1,0,1.0,0.0,0.0,0.0,0.0,0.0,0.0,0.0,0.0
1,0,1.0,0.0,0.0,0.0,0.0,0.0,0.0,0.0,0.0
1,0,1.0,0.0,0.0,0.0,0.0,0.0,0.0,0.0,0.0
1,0,1.0,0.0,0.0,0.0,0.0,0.0,0.0,0.0,0.0
1,0,1.0,0.0,0.0,0.0,0.0,0.0,0.0,0.0,0.0
1,0,1.0,0.0,0.0,0.0,0.0,0.0,0.0,0.0,0.0
1,0,1.0,0.0,0.0,0.0,0.0,0.0,0.0,0.0,0.0
1,0,1.0,0.0,0.0,0.0,0.0,0.0,0.0,0.0,0.0
1,0,1.0,0.0,0.0,0.0,0.0,0.0,0.0,0.0,0.0
1,0,1.0,0.0,0.0,0.0,0.0,0.0,0.0,0.0,0.0
1,0,1.0,0.0,0.0,0.0,0.0,0.0,0.0,0.0,0.0
1,0,1.0,0.0,0.0,0.0,0.0,0.0,0.0,0.0,0.0
1,0,1.0,0.0,0.0,0.0,0.0,0.0,0.0,0.0,0.0
1,0,1.0,0.0,0.0,0.0,0.0,0.0,0.0,0.0,0.0
1,0,1.0,0.0,0.0,0.0,0.0,0.0,0.0,0.0,0.0
1,0,1.0,0.0,0.0,0.0,0.0,0.0,0.0,0.0,0.0
1,0,1.0,0.0,0.0,0.0,0.0,0.0,0.0,0.0,0.0
1,0,1.0,0.0,0.0,0.0,0.0,0.0,0.0,0.0,0.0
1,0,1.0,0.0,0.0,0.0,0.0,0.0,0.0,0.0,0.0
1,0,1.0,0.0,0.0,0.0,0.0,0.0,0.0,0.0,0.0
1,0,1.0,0.0,0.0,0.0,0.0,0.0,0.0,0.0,0.0
1,0,1.0,0.0,0.0,0.0,0.0,0.0,0.0,0.0,0.0
1,0,1.0,0.0,0.0,0.0,0.0,0.0,0.0,0.0,0.0
1,0,1.0,0.0,0.0,0.0,0.0,0.0,0.0,0.0,0.0
1,0,1.0,0.0,0.0,0.0,0.0,0.0,0.0,0.0,0.0
1,0,1.0,0.0,0.0,0.0,0.0,0.0,0.0,0.0,0.0
1,0,1.0,0.0,0.0,0.0,0.0,0.0,0.0,0.0,0.0
1,0,1.0,0.0,0.0,0.0,0.0,0.0,0.0,0.0,0.0
1,0,1.0,0.0,0.0,0.0,0.0,0.0,0.0,0.0,0.0
1,0,1.0,0.0,0.0,0.0,0.0,0.0,0.0,0.0,0.0
1,0,1.0,0.0,0.0,0.0,0.0,0.0,0.0,0.0,0.0
1,0,1.0,0.0,0.0,0.0,0.0,0.0,0.0,0.0,0.0
1,0,1.0,0.0,0.0,0.0,0.0,0.0,0.0,0.0,0.0
1,0,1.0,0.0,0.0,0.0,0.0,0.0,0.0,0.0,0.0
1,0,1.0,0.0,0.0,0.0,0.0,0.0,0.0,0.0,0.0
1,0,1.0,0.0,0.0,0.0,0.0,0.0,0.0,0.0,0.0
1,0,1.0,0.0,0.0,0.0,0.0,0.0,0.0,0.0,0.0
1,0,1.0,0.0,0.0,0.0,0.0,0.0,0.0,0.0,0.0
1,0,1.0,0.0,0.0,0.0,0.0,0.0,0.0,0.0,0.0
1,0,1.0,0.0,0.0,0.0,0.0,0.0,0.0,0.0,0.0
1,0,1.0,0.0,0.0,0.0,0.0,0.0,0.0,0.0,0.0
1,0,1.0,0.0,0.0,0.0,0.0,0.0,0.0,0.0,0.0
1,0,1.0,0.0,0.0,0.0,0.0,0.0,0.0,0.0,0.0
1,0,1.0,0.0,0.0,0.0,0.0,0.0,0.0,0.0,0.0
1,0,1.0,0.0,0.0,0.0,0.0,0.0,0.0,0.0,0.0
1,0,1.0,0.0,0.0,0.0,0.0,0.0,0.0,0.0,0.0
1,0,1.0,0.0,0.0,0.0,0.0,0.0,0.0,0.0,0.0
1,0,1.0,0.0,0.0,0.0,0.0,0.0,0.0,0.0,0.0
1,0,1.0,0.0,0.0,0.0,0.0,0.0,0.0,0.0,0.0
1,0,1.0,0.0,0.0,0.0,0.0,0.0,0.0,0.0,0.0
1,0,1.0,0.0,0.0,0.0,0.0,0.0,0.0,0.0,0.0
1,0,1.0,0.0,0.0,0.0,0.0,0.0,0.0,0.0,0.0
1,0,1.0,0.0,0.0,0.0,0.0,0.0,0.0,0.0,0.0
1,0,1.0,0.0,0.0,0.0,0.0,0.0,0.0,0.0,0.0
1,0,1.0,0.0,0.0,0.0,0.0,0.0,0.0,0.0,0.0
1,0,1.0,0.0,0.0,0.0,0.0,0.0,0.0,0.0,0.0
1,0,1.0,0.0,0.0,0.0,0.0,0.0,0.0,0.0,0.0
1,0,1.0,0.0,0.0,0.0,0.0,0.0,0.0,0.0,0.0
1,0,1.0,0.0,0.0,0.0,0.0,0.0,0.0,0.0,0.0
1,0,1.0,0.0,0.0,0.0,0.0,0.0,0.0,0.0,0.0
1,0,1.0,0.0,0.0,0.0,0.0,0.0,0.0,0.0,0.0
1,0,1.0,0.0,0.0,0.0,0.0,0.0,0.0,0.0,0.0
1,0,1.0,0.0,0.0,0.0,0.0,0.0,0.0,0.0,0.0
1,0,1.0,0.0,0.0,0.0,0.0,0.0,0.0,0.0,0.0
1,0,1.0,0.0,0.0,0.0,0.0,0.0,0.0,0.0,0.0
1,0,1.0,0.0,0.0,0.0,0.0,0.0,0.0,0.0,0.0
1,0,1.0,0.0,0.0,0.0,0.0,0.0,0.0,0.0,0.0
1,0,1.0,0.0,0.0,0.0,0.0,0.0,0.0,0.0,0.0
1,0,1.0,0.0,0.0,0.0,0.0,0.0,0.0,0.0,0.0
1,0,1.0,0.0,0.0,0.0,0.0,0.0,0.0,0.0,0.0
1,0,1.0,0.0,0.0,0.0,0.0,0.0,0.0,0.0,0.0
1,0,1.0,0.0,0.0,0.0,0.0,0.0,0.0,0.0,0.0
1,0,1.0,0.0,0.0,0.0,0.0,0.0,0.0,0.0,0.0
1,0,1.0,0.0,0.0,0.0,0.0,0.0,0.0,0.0,0.0
1,0,1.0,0.0,0.0,0.0,0.0,0.0,0.0,0.0,0.0
1,0,1.0,0.0,0.0,0.0,0.0,0.0,0.0,0.0,0.0
1,0,1.0,0.0,0.0,0.0,0.0,0.0,0.0,0.0,0.0
1,0,1.0,0.0,0.0,0.0,0.0,0.0,0.0,0.0,0.0
1,0,1.0,0.0,0.0,0.0,0.0,0.0,0.0,0.0,0.0
1,0,1.0,0.0,0.0,0.0,0.0,0.0,0.0,0.0,0.0
1,0,1.0,0.0,0.0,0.0,0.0,0.0,0.0,0.0,0.0
1,0,1.0,0.0,0.0,0.0,0.0,0.0,0.0,0.0,0.0
1,0,1.0,0.0,0.0,0.0,0.0,0.0,0.0,0.0,0.0
1,0,1.0,0.0,0.0,0.0,0.0,0.0,0.0,0.0,0.0
1,0,1.0,0.0,0.0,0.0,0.0,0.0,0.0,0.0,0.0
1,0,1.0,0.0,0.0,0.0,0.0,0.0,0.0,0.0,0.0
1,0,1.0,0.0,0.0,0.0,0.0,0.0,0.0,0.0,0.0
1,0,1.0,0.0,0.0,0.0,0.0,0.0,0.0,0.0,0.0
1,0,1.0,0.0,0.0,0.0,0.0,0.0,0.0,0.0,0.0
1,0,1.0,0.0,0.0,0.0,0.0,0.0,0.0,0.0,0.0
1,0,1.0,0.0,0.0,0.0,0.0,0.0,0.0,0.0,0.0
1,0,1.0,0.0,0.0,0.0,0.0,0.0,0.0,0.0,0.0
1,0,1.0,0.0,0.0,0.0,0.0,0.0,0.0,0.0,0.0
1,0,1.0,0.0,0.0,0.0,0.0,0.0,0.0,0.0,0.0
1,0,1.0,0.0,0.0,0.0,0.0,0.0,0.0,0.0,0.0
1,0,1.0,0.0,0.0,0.0,0.0,0.0,0.0,0.0,0.0
1,0,1.0,0.0,0.0,0.0,0.0,0.0,0.0,0.0,0.0
1,0,1.0,0.0,0.0,0.0,0.0,0.0,0.0,0.0,0.0
1,0,1.0,0.0,0.0,0.0,0.0,0.0,0.0,0.0,0.0
1,0,1.0,0.0,0.0,0.0,0.0,0.0,0.0,0.0,0.0
1,0,1.0,0.0,0.0,0.0,0.0,0.0,0.0,0.0,0.0
1,0,1.0,0.0,0.0,0.0,0.0,0.0,0.0,0.0,0.0
1,0,1.0,0.0,0.0,0.0,0.0,0.0,0.0,0.0,0.0
1,0,1.0,0.0,0.0,0.0,0.0,0.0,0.0,0.0,0.0
1,0,1.0,0.0,0.0,0.0,0.0,0.0,0.0,0.0,0.0
1,0,1.0,0.0,0.0,0.0,0.0,0.0,0.0,0.0,0.0
1,0,1.0,0.0,0.0,0.0,0.0,0.0,0.0,0.0,0.0
1,0,1.0,0.0,0.0,0.0,0.0,0.0,0.0,0.0,0.0
1,0,1.0,0.0,0.0,0.0,0.0,0.0,0.0,0.0,0.0
1,0,1.0,0.0,0.0,0.0,0.0,0.0,0.0,0.0,0.0
1,0,1.0,0.0,0.0,0.0,0.0,0.0,0.0,0.0,0.0
1,0,1.0,0.0,0.0,0.0,0.0,0.0,0.0,0.0,0.0
1,0,1.0,0.0,0.0,0.0,0.0,0.0,0.0,0.0,0.0
1,0,1.0,0.0,0.0,0.0,0.0,0.0,0.0,0.0,0.0
1,0,1.0,0.0,0.0,0.0,0.0,0.0,0.0,0.0,0.0
1,0,1.0,0.0,0.0,0.0,0.0,0.0,0.0,0.0,0.0
1,0,1.0,0.0,0.0,0.0,0.0,0.0,0.0,0.0,0.0
1,0,1.0,0.0,0.0,0.0,0.0,0.0,0.0,0.0,0.0
1,0,1.0,0.0,0.0,0.0,0.0,0.0,0.0,0.0,0.0
1,0,1.0,0.0,0.0,0.0,0.0,0.0,0.0,0.0,0.0
1,0,1.0,0.0,0.0,0.0,0.0,0.0,0.0,0.0,0.0
1,0,1.0,0.0,0.0,0.0,0.0,0.0,0.0,0.0,0.0
1,0,1.0,0.0,0.0,0.0,0.0,0.0,0.0,0.0,0.0
1,0,1.0,0.0,0.0,0.0,0.0,0.0,0.0,0.0,0.0
1,0,1.0,0.0,0.0,0.0,0.0,0.0,0.0,0.0,0.0
1,0,1.0,0.0,0.0,0.0,0.0,0.0,0.0,0.0,0.0
1,0,1.0,0.0,0.0,0.0,0.0,0.0,0.0,0.0,0.0
1,0,1.0,0.0,0.0,0.0,0.0,0.0,0.0,0.0,0.0
1,0,1.0,0.0,0.0,0.0,0.0,0.0,0.0,0.0,0.0
1,0,1.0,0.0,0.0,0.0,0.0,0.0,0.0,0.0,0.0
1,0,1.0,0.0,0.0,0.0,0.0,0.0,0.0,0.0,0.0
1,0,1.0,0.0,0.0,0.0,0.0,0.0,0.0,0.0,0.0
1,0,1.0,0.0,0.0,0.0,0.0,0.0,0.0,0.0,0.0
1,0,1.0,0.0,0.0,0.0,0.0,0.0,0.0,0.0,0.0
1,0,1.0,0.0,0.0,0.0,0.0,0.0,0.0,0.0,0.0
1,0,1.0,0.0,0.0,0.0,0.0,0.0,0.0,0.0,0.0
1,0,1.0,0.0,0.0,0.0,0.0,0.0,0.0,0.0,0.0
1,0,1.0,0.0,0.0,0.0,0.0,0.0,0.0,0.0,0.0
1,0,1.0,0.0,0.0,0.0,0.0,0.0,0.0,0.0,0.0
1,0,1.0,0.0,0.0,0.0,0.0,0.0,0.0,0.0,0.0
1,0,1.0,0.0,0.0,0.0,0.0,0.0,0.0,0.0,0.0
1,0,1.0,0.0,0.0,0.0,0.0,0.0,0.0,0.0,0.0
1,0,1.0,0.0,0.0,0.0,0.0,0.0,0.0,0.0,0.0
1,0,1.0,0.0,0.0,0.0,0.0,0.0,0.0,0.0,0.0
1,0,1.0,0.0,0.0,0.0,0.0,0.0,0.0,0.0,0.0
1,0,1.0,0.0,0.0,0.0,0.0,0.0,0.0,0.0,0.0
1,0,1.0,0.0,0.0,0.0,0.0,0.0,0.0,0.0,0.0
1,0,1.0,0.0,0.0,0.0,0.0,0.0,0.0,0.0,0.0
1,0,1.0,0.0,0.0,0.0,0.0,0.0,0.0,0.0,0.0
1,0,1.0,0.0,0.0,0.0,0.0,0.0,0.0,0.0,0.0
1,0,1.0,0.0,0.0,0.0,0.0,0.0,0.0,0.0,0.0
1,0,1.0,0.0,0.0,0.0,0.0,0.0,0.0,0.0,0.0
1,0,1.0,0.0,0.0,0.0,0.0,0.0,0.0,0.0,0.0
1,0,1.0,0.0,0.0,0.0,0.0,0.0,0.0,0.0,0.0
1,0,1.0,0.0,0.0,0.0,0.0,0.0,0.0,0.0,0.0
1,0,1.0,0.0,0.0,0.0,0.0,0.0,0.0,0.0,0.0
1,0,1.0,0.0,0.0,0.0,0.0,0.0,0.0,0.0,0.0
1,0,1.0,0.0,0.0,0.0,0.0,0.0,0.0,0.0,0.0
1,0,1.0,0.0,0.0,0.0,0.0,0.0,0.0,0.0,0.0
1,0,1.0,0.0,0.0,0.0,0.0,0.0,0.0,0.0,0.0
1,0,1.0,0.0,0.0,0.0,0.0,0.0,0.0,0.0,0.0
1,0,1.0,0.0,0.0,0.0,0.0,0.0,0.0,0.0,0.0
1,0,1.0,0.0,0.0,0.0,0.0,0.0,0.0,0.0,0.0
1,0,1.0,0.0,0.0,0.0,0.0,0.0,0.0,0.0,0.0
1,0,1.0,0.0,0.0,0.0,0.0,0.0,0.0,0.0,0.0
1,0,1.0,0.0,0.0,0.0,0.0,0.0,0.0,0.0,0.0
1,0,1.0,0.0,0.0,0.0,0.0,0.0,0.0,0.0,0.0
1,0,1.0,0.0,0.0,0.0,0.0,0.0,0.0,0.0,0.0
1,0,1.0,0.0,0.0,0.0,0.0,0.0,0.0,0.0,0.0
1,0,1.0,0.0,0.0,0.0,0.0,0.0,0.0,0.0,0.0
1,0,1.0,0.0,0.0,0.0,0.0,0.0,0.0,0.0,0.0
1,0,1.0,0.0,0.0,0.0,0.0,0.0,0.0,0.0,0.0
1,0,1.0,0.0,0.0,0.0,0.0,0.0,0.0,0.0,0.0
1,0,1.0,0.0,0.0,0.0,0.0,0.0,0.0,0.0,0.0
1,0,1.0,0.0,0.0,0.0,0.0,0.0,0.0,0.0,0.0
1,0,1.0,0.0,0.0,0.0,0.0,0.0,0.0,0.0,0.0
1,0,1.0,0.0,0.0,0.0,0.0,0.0,0.0,0.0,0.0
1,0,1.0,0.0,0.0,0.0,0.0,0.0,0.0,0.0,0.0
1,0,1.0,0.0,0.0,0.0,0.0,0.0,0.0,0.0,0.0
1,0,1.0,0.0,0.0,0.0,0.0,0.0,0.0,0.0,0.0
1,0,1.0,0.0,0.0,0.0,0.0,0.0,0.0,0.0,0.0
1,0,1.0,0.0,0.0,0.0,0.0,0.0,0.0,0.0,0.0
1,0,1.0,0.0,0.0,0.0,0.0,0.0,0.0,0.0,0.0
1,0,1.0,0.0,0.0,0.0,0.0,0.0,0.0,0.0,0.0
1,0,1.0,0.0,0.0,0.0,0.0,0.0,0.0,0.0,0.0
1,0,1.0,0.0,0.0,0.0,0.0,0.0,0.0,0.0,0.0
1,0,1.0,0.0,0.0,0.0,0.0,0.0,0.0,0.0,0.0
1,0,1.0,0.0,0.0,0.0,0.0,0.0,0.0,0.0,0.0
1,0,1.0,0.0,0.0,0.0,0.0,0.0,0.0,0.0,0.0
1,0,1.0,0.0,0.0,0.0,0.0,0.0,0.0,0.0,0.0
1,0,1.0,0.0,0.0,0.0,0.0,0.0,0.0,0.0,0.0
1,0,1.0,0.0,0.0,0.0,0.0,0.0,0.0,0.0,0.0
1,0,1.0,0.0,0.0,0.0,0.0,0.0,0.0,0.0,0.0
1,0,1.0,0.0,0.0,0.0,0.0,0.0,0.0,0.0,0.0
1,0,1.0,0.0,0.0,0.0,0.0,0.0,0.0,0.0,0.0
1,0,1.0,0.0,0.0,0.0,0.0,0.0,0.0,0.0,0.0
1,0,1.0,0.0,0.0,0.0,0.0,0.0,0.0,0.0,0.0
1,0,1.0,0.0,0.0,0.0,0.0,0.0,0.0,0.0,0.0
1,0,1.0,0.0,0.0,0.0,0.0,0.0,0.0,0.0,0.0
1,0,1.0,0.0,0.0,0.0,0.0,0.0,0.0,0.0,0.0
1,0,1.0,0.0,0.0,0.0,0.0,0.0,0.0,0.0,0.0
1,0,1.0,0.0,0.0,0.0,0.0,0.0,0.0,0.0,0.0
1,0,1.0,0.0,0.0,0.0,0.0,0.0,0.0,0.0,0.0
1,0,1.0,0.0,0.0,0.0,0.0,0.0,0.0,0.0,0.0
1,0,1.0,0.0,0.0,0.0,0.0,0.0,0.0,0.0,0.0
1,0,1.0,0.0,0.0,0.0,0.0,0.0,0.0,0.0,0.0
1,0,1.0,0.0,0.0,0.0,0.0,0.0,0.0,0.0,0.0
1,0,1.0,0.0,0.0,0.0,0.0,0.0,0.0,0.0,0.0
1,0,1.0,0.0,0.0,0.0,0.0,0.0,0.0,0.0,0.0
1,0,1.0,0.0,0.0,0.0,0.0,0.0,0.0,0.0,0.0
1,0,1.0,0.0,0.0,0.0,0.0,0.0,0.0,0.0,0.0
1,0,1.0,0.0,0.0,0.0,0.0,0.0,0.0,0.0,0.0
1,0,1.0,0.0,0.0,0.0,0.0,0.0,0.0,0.0,0.0
1,0,1.0,0.0,0.0,0.0,0.0,0.0,0.0,0.0,0.0
1,0,1.0,0.0,0.0,0.0,0.0,0.0,0.0,0.0,0.0
1,0,1.0,0.0,0.0,0.0,0.0,0.0,0.0,0.0,0.0
1,0,1.0,0.0,0.0,0.0,0.0,0.0,0.0,0.0,0.0
1,0,1.0,0.0,0.0,0.0,0.0,0.0,0.0,0.0,0.0
1,0,1.0,0.0,0.0,0.0,0.0,0.0,0.0,0.0,0.0
1,0,1.0,0.0,0.0,0.0,0.0,0.0,0.0,0.0,0.0
1,0,1.0,0.0,0.0,0.0,0.0,0.0,0.0,0.0,0.0
1,0,1.0,0.0,0.0,0.0,0.0,0.0,0.0,0.0,0.0
1,0,1.0,0.0,0.0,0.0,0.0,0.0,0.0,0.0,0.0
1,0,1.0,0.0,0.0,0.0,0.0,0.0,0.0,0.0,0.0
1,0,1.0,0.0,0.0,0.0,0.0,0.0,0.0,0.0,0.0
1,0,1.0,0.0,0.0,0.0,0.0,0.0,0.0,0.0,0.0
1,0,1.0,0.0,0.0,0.0,0.0,0.0,0.0,0.0,0.0
1,0,1.0,0.0,0.0,0.0,0.0,0.0,0.0,0.0,0.0
1,0,1.0,0.0,0.0,0.0,0.0,0.0,0.0,0.0,0.0
1,0,1.0,0.0,0.0,0.0,0.0,0.0,0.0,0.0,0.0
1,0,1.0,0.0,0.0,0.0,0.0,0.0,0.0,0.0,0.0
1,0,1.0,0.0,0.0,0.0,0.0,0.0,0.0,0.0,0.0
1,0,1.0,0.0,0.0,0.0,0.0,0.0,0.0,0.0,0.0
1,0,1.0,0.0,0.0,0.0,0.0,0.0,0.0,0.0,0.0
1,0,1.0,0.0,0.0,0.0,0.0,0.0,0.0,0.0,0.0
1,0,1.0,0.0,0.0,0.0,0.0,0.0,0.0,0.0,0.0
1,0,1.0,0.0,0.0,0.0,0.0,0.0,0.0,0.0,0.0
1,0,1.0,0.0,0.0,0.0,0.0,0.0,0.0,0.0,0.0
1,0,1.0,0.0,0.0,0.0,0.0,0.0,0.0,0.0,0.0
1,0,1.0,0.0,0.0,0.0,0.0,0.0,0.0,0.0,0.0
1,0,1.0,0.0,0.0,0.0,0.0,0.0,0.0,0.0,0.0
1,0,1.0,0.0,0.0,0.0,0.0,0.0,0.0,0.0,0.0
1,0,1.0,0.0,0.0,0.0,0.0,0.0,0.0,0.0,0.0
1,0,1.0,0.0,0.0,0.0,0.0,0.0,0.0,0.0,0.0
1,0,1.0,0.0,0.0,0.0,0.0,0.0,0.0,0.0,0.0
1,0,1.0,0.0,0.0,0.0,0.0,0.0,0.0,0.0,0.0
1,0,1.0,0.0,0.0,0.0,0.0,0.0,0.0,0.0,0.0
1,0,1.0,0.0,0.0,0.0,0.0,0.0,0.0,0.0,0.0
1,0,1.0,0.0,0.0,0.0,0.0,0.0,0.0,0.0,0.0
1,0,1.0,0.0,0.0,0.0,0.0,0.0,0.0,0.0,0.0
1,0,1.0,0.0,0.0,0.0,0.0,0.0,0.0,0.0,0.0
1,0,1.0,0.0,0.0,0.0,0.0,0.0,0.0,0.0,0.0
1,0,1.0,0.0,0.0,0.0,0.0,0.0,0.0,0.0,0.0
1,0,1.0,0.0,0.0,0.0,0.0,0.0,0.0,0.0,0.0
1,0,1.0,0.0,0.0,0.0,0.0,0.0,0.0,0.0,0.0
1,0,1.0,0.0,0.0,0.0,0.0,0.0,0.0,0.0,0.0
1,0,1.0,0.0,0.0,0.0,0.0,0.0,0.0,0.0,0.0
1,0,1.0,0.0,0.0,0.0,0.0,0.0,0.0,0.0,0.0
1,0,1.0,0.0,0.0,0.0,0.0,0.0,0.0,0.0,0.0
1,0,1.0,0.0,0.0,0.0,0.0,0.0,0.0,0.0,0.0
1,0,1.0,0.0,0.0,0.0,0.0,0.0,0.0,0.0,0.0
1,0,1.0,0.0,0.0,0.0,0.0,0.0,0.0,0.0,0.0
1,0,1.0,0.0,0.0,0.0,0.0,0.0,0.0,0.0,0.0
1,0,1.0,0.0,0.0,0.0,0.0,0.0,0.0,0.0,0.0
1,0,1.0,0.0,0.0,0.0,0.0,0.0,0.0,0.0,0.0
1,0,1.0,0.0,0.0,0.0,0.0,0.0,0.0,0.0,0.0
1,0,1.0,0.0,0.0,0.0,0.0,0.0,0.0,0.0,0.0
1,0,1.0,0.0,0.0,0.0,0.0,0.0,0.0,0.0,0.0
1,0,1.0,0.0,0.0,0.0,0.0,0.0,0.0,0.0,0.0
1,0,1.0,0.0,0.0,0.0,0.0,0.0,0.0,0.0,0.0
1,0,1.0,0.0,0.0,0.0,0.0,0.0,0.0,0.0,0.0
1,0,1.0,0.0,0.0,0.0,0.0,0.0,0.0,0.0,0.0
1,0,1.0,0.0,0.0,0.0,0.0,0.0,0.0,0.0,0.0
1,0,1.0,0.0,0.0,0.0,0.0,0.0,0.0,0.0,0.0
1,0,1.0,0.0,0.0,0.0,0.0,0.0,0.0,0.0,0.0
1,0,1.0,0.0,0.0,0.0,0.0,0.0,0.0,0.0,0.0
1,0,1.0,0.0,0.0,0.0,0.0,0.0,0.0,0.0,0.0
1,0,1.0,0.0,0.0,0.0,0.0,0.0,0.0,0.0,0.0
1,0,1.0,0.0,0.0,0.0,0.0,0.0,0.0,0.0,0.0
1,0,1.0,0.0,0.0,0.0,0.0,0.0,0.0,0.0,0.0
1,0,1.0,0.0,0.0,0.0,0.0,0.0,0.0,0.0,0.0
1,0,1.0,0.0,0.0,0.0,0.0,0.0,0.0,0.0,0.0
1,0,1.0,0.0,0.0,0.0,0.0,0.0,0.0,0.0,0.0
1,0,1.0,0.0,0.0,0.0,0.0,0.0,0.0,0.0,0.0
1,0,1.0,0.0,0.0,0.0,0.0,0.0,0.0,0.0,0.0
1,0,1.0,0.0,0.0,0.0,0.0,0.0,0.0,0.0,0.0
1,0,1.0,0.0,0.0,0.0,0.0,0.0,0.0,0.0,0.0
1,0,1.0,0.0,0.0,0.0,0.0,0.0,0.0,0.0,0.0
1,0,1.0,0.0,0.0,0.0,0.0,0.0,0.0,0.0,0.0
1,0,1.0,0.0,0.0,0.0,0.0,0.0,0.0,0.0,0.0
1,0,1.0,0.0,0.0,0.0,0.0,0.0,0.0,0.0,0.0
1,0,1.0,0.0,0.0,0.0,0.0,0.0,0.0,0.0,0.0
1,0,1.0,0.0,0.0,0.0,0.0,0.0,0.0,0.0,0.0
1,0,1.0,0.0,0.0,0.0,0.0,0.0,0.0,0.0,0.0
1,0,1.0,0.0,0.0,0.0,0.0,0.0,0.0,0.0,0.0
1,0,1.0,0.0,0.0,0.0,0.0,0.0,0.0,0.0,0.0
1,0,1.0,0.0,0.0,0.0,0.0,0.0,0.0,0.0,0.0
1,0,1.0,0.0,0.0,0.0,0.0,0.0,0.0,0.0,0.0
1,0,1.0,0.0,0.0,0.0,0.0,0.0,0.0,0.0,0.0
1,0,1.0,0.0,0.0,0.0,0.0,0.0,0.0,0.0,0.0
1,0,1.0,0.0,0.0,0.0,0.0,0.0,0.0,0.0,0.0
1,0,1.0,0.0,0.0,0.0,0.0,0.0,0.0,0.0,0.0
1,0,1.0,0.0,0.0,0.0,0.0,0.0,0.0,0.0,0.0
1,0,1.0,0.0,0.0,0.0,0.0,0.0,0.0,0.0,0.0
1,0,1.0,0.0,0.0,0.0,0.0,0.0,0.0,0.0,0.0
1,0,1.0,0.0,0.0,0.0,0.0,0.0,0.0,0.0,0.0
1,0,1.0,0.0,0.0,0.0,0.0,0.0,0.0,0.0,0.0
1,0,1.0,0.0,0.0,0.0,0.0,0.0,0.0,0.0,0.0
1,0,1.0,0.0,0.0,0.0,0.0,0.0,0.0,0.0,0.0
1,0,1.0,0.0,0.0,0.0,0.0,0.0,0.0,0.0,0.0
1,0,1.0,0.0,0.0,0.0,0.0,0.0,0.0,0.0,0.0
1,0,1.0,0.0,0.0,0.0,0.0,0.0,0.0,0.0,0.0
1,0,1.0,0.0,0.0,0.0,0.0,0.0,0.0,0.0,0.0
1,0,1.0,0.0,0.0,0.0,0.0,0.0,0.0,0.0,0.0
1,0,1.0,0.0,0.0,0.0,0.0,0.0,0.0,0.0,0.0
1,0,1.0,0.0,0.0,0.0,0.0,0.0,0.0,0.0,0.0
1,0,1.0,0.0,0.0,0.0,0.0,0.0,0.0,0.0,0.0
1,0,1.0,0.0,0.0,0.0,0.0,0.0,0.0,0.0,0.0
1,0,1.0,0.0,0.0,0.0,0.0,0.0,0.0,0.0,0.0
1,0,1.0,0.0,0.0,0.0,0.0,0.0,0.0,0.0,0.0
1,0,1.0,0.0,0.0,0.0,0.0,0.0,0.0,0.0,0.0
1,0,1.0,0.0,0.0,0.0,0.0,0.0,0.0,0.0,0.0
1,0,1.0,0.0,0.0,0.0,0.0,0.0,0.0,0.0,0.0
1,0,1.0,0.0,0.0,0.0,0.0,0.0,0.0,0.0,0.0
1,0,1.0,0.0,0.0,0.0,0.0,0.0,0.0,0.0,0.0
1,0,1.0,0.0,0.0,0.0,0.0,0.0,0.0,0.0,0.0
1,0,1.0,0.0,0.0,0.0,0.0,0.0,0.0,0.0,0.0
1,0,1.0,0.0,0.0,0.0,0.0,0.0,0.0,0.0,0.0
1,0,1.0,0.0,0.0,0.0,0.0,0.0,0.0,0.0,0.0
1,0,1.0,0.0,0.0,0.0,0.0,0.0,0.0,0.0,0.0
1,0,1.0,0.0,0.0,0.0,0.0,0.0,0.0,0.0,0.0
1,0,1.0,0.0,0.0,0.0,0.0,0.0,0.0,0.0,0.0
1,0,1.0,0.0,0.0,0.0,0.0,0.0,0.0,0.0,0.0
1,0,1.0,0.0,0.0,0.0,0.0,0.0,0.0,0.0,0.0
1,0,1.0,0.0,0.0,0.0,0.0,0.0,0.0,0.0,0.0
1,0,1.0,0.0,0.0,0.0,0.0,0.0,0.0,0.0,0.0
1,0,1.0,0.0,0.0,0.0,0.0,0.0,0.0,0.0,0.0
1,0,1.0,0.0,0.0,0.0,0.0,0.0,0.0,0.0,0.0
1,0,1.0,0.0,0.0,0.0,0.0,0.0,0.0,0.0,0.0
1,0,1.0,0.0,0.0,0.0,0.0,0.0,0.0,0.0,0.0
1,0,1.0,0.0,0.0,0.0,0.0,0.0,0.0,0.0,0.0
1,0,1.0,0.0,0.0,0.0,0.0,0.0,0.0,0.0,0.0
1,0,1.0,0.0,0.0,0.0,0.0,0.0,0.0,0.0,0.0
1,0,1.0,0.0,0.0,0.0,0.0,0.0,0.0,0.0,0.0
1,0,1.0,0.0,0.0,0.0,0.0,0.0,0.0,0.0,0.0
1,0,1.0,0.0,0.0,0.0,0.0,0.0,0.0,0.0,0.0
1,0,1.0,0.0,0.0,0.0,0.0,0.0,0.0,0.0,0.0
1,0,1.0,0.0,0.0,0.0,0.0,0.0,0.0,0.0,0.0
1,0,1.0,0.0,0.0,0.0,0.0,0.0,0.0,0.0,0.0
1,0,1.0,0.0,0.0,0.0,0.0,0.0,0.0,0.0,0.0
1,0,1.0,0.0,0.0,0.0,0.0,0.0,0.0,0.0,0.0
1,0,1.0,0.0,0.0,0.0,0.0,0.0,0.0,0.0,0.0
1,0,1.0,0.0,0.0,0.0,0.0,0.0,0.0,0.0,0.0
1,0,1.0,0.0,0.0,0.0,0.0,0.0,0.0,0.0,0.0
1,0,1.0,0.0,0.0,0.0,0.0,0.0,0.0,0.0,0.0
1,0,1.0,0.0,0.0,0.0,0.0,0.0,0.0,0.0,0.0
1,0,1.0,0.0,0.0,0.0,0.0,0.0,0.0,0.0,0.0
1,0,1.0,0.0,0.0,0.0,0.0,0.0,0.0,0.0,0.0
1,0,1.0,0.0,0.0,0.0,0.0,0.0,0.0,0.0,0.0
1,0,1.0,0.0,0.0,0.0,0.0,0.0,0.0,0.0,0.0
1,0,1.0,0.0,0.0,0.0,0.0,0.0,0.0,0.0,0.0
1,0,1.0,0.0,0.0,0.0,0.0,0.0,0.0,0.0,0.0
1,0,1.0,0.0,0.0,0.0,0.0,0.0,0.0,0.0,0.0
1,0,1.0,0.0,0.0,0.0,0.0,0.0,0.0,0.0,0.0
1,0,1.0,0.0,0.0,0.0,0.0,0.0,0.0,0.0,0.0
1,0,1.0,0.0,0.0,0.0,0.0,0.0,0.0,0.0,0.0
1,0,1.0,0.0,0.0,0.0,0.0,0.0,0.0,0.0,0.0
1,0,1.0,0.0,0.0,0.0,0.0,0.0,0.0,0.0,0.0
1,0,1.0,0.0,0.0,0.0,0.0,0.0,0.0,0.0,0.0
1,0,1.0,0.0,0.0,0.0,0.0,0.0,0.0,0.0,0.0
1,0,1.0,0.0,0.0,0.0,0.0,0.0,0.0,0.0,0.0
1,0,1.0,0.0,0.0,0.0,0.0,0.0,0.0,0.0,0.0
1,0,1.0,0.0,0.0,0.0,0.0,0.0,0.0,0.0,0.0
1,0,1.0,0.0,0.0,0.0,0.0,0.0,0.0,0.0,0.0
1,0,1.0,0.0,0.0,0.0,0.0,0.0,0.0,0.0,0.0
1,0,1.0,0.0,0.0,0.0,0.0,0.0,0.0,0.0,0.0
1,0,1.0,0.0,0.0,0.0,0.0,0.0,0.0,0.0,0.0
1,0,1.0,0.0,0.0,0.0,0.0,0.0,0.0,0.0,0.0
1,0,1.0,0.0,0.0,0.0,0.0,0.0,0.0,0.0,0.0
1,0,1.0,0.0,0.0,0.0,0.0,0.0,0.0,0.0,0.0
1,0,1.0,0.0,0.0,0.0,0.0,0.0,0.0,0.0,0.0
1,0,1.0,0.0,0.0,0.0,0.0,0.0,0.0,0.0,0.0
1,0,1.0,0.0,0.0,0.0,0.0,0.0,0.0,0.0,0.0
1,0,1.0,0.0,0.0,0.0,0.0,0.0,0.0,0.0,0.0
1,0,1.0,0.0,0.0,0.0,0.0,0.0,0.0,0.0,0.0
1,0,1.0,0.0,0.0,0.0,0.0,0.0,0.0,0.0,0.0
1,0,1.0,0.0,0.0,0.0,0.0,0.0,0.0,0.0,0.0
1,0,1.0,0.0,0.0,0.0,0.0,0.0,0.0,0.0,0.0
1,0,1.0,0.0,0.0,0.0,0.0,0.0,0.0,0.0,0.0
1,0,1.0,0.0,0.0,0.0,0.0,0.0,0.0,0.0,0.0
1,0,1.0,0.0,0.0,0.0,0.0,0.0,0.0,0.0,0.0
1,0,1.0,0.0,0.0,0.0,0.0,0.0,0.0,0.0,0.0
1,0,1.0,0.0,0.0,0.0,0.0,0.0,0.0,0.0,0.0
1,0,1.0,0.0,0.0,0.0,0.0,0.0,0.0,0.0,0.0
1,0,1.0,0.0,0.0,0.0,0.0,0.0,0.0,0.0,0.0
1,0,1.0,0.0,0.0,0.0,0.0,0.0,0.0,0.0,0.0
1,0,1.0,0.0,0.0,0.0,0.0,0.0,0.0,0.0,0.0
1,0,1.0,0.0,0.0,0.0,0.0,0.0,0.0,0.0,0.0
1,0,1.0,0.0,0.0,0.0,0.0,0.0,0.0,0.0,0.0
1,0,1.0,0.0,0.0,0.0,0.0,0.0,0.0,0.0,0.0
1,0,1.0,0.0,0.0,0.0,0.0,0.0,0.0,0.0,0.0
1,0,1.0,0.0,0.0,0.0,0.0,0.0,0.0,0.0,0.0
1,0,1.0,0.0,0.0,0.0,0.0,0.0,0.0,0.0,0.0
1,0,1.0,0.0,0.0,0.0,0.0,0.0,0.0,0.0,0.0
1,0,1.0,0.0,0.0,0.0,0.0,0.0,0.0,0.0,0.0
1,0,1.0,0.0,0.0,0.0,0.0,0.0,0.0,0.0,0.0
1,0,1.0,0.0,0.0,0.0,0.0,0.0,0.0,0.0,0.0
1,0,1.0,0.0,0.0,0.0,0.0,0.0,0.0,0.0,0.0
1,0,1.0,0.0,0.0,0.0,0.0,0.0,0.0,0.0,0.0
1,0,1.0,0.0,0.0,0.0,0.0,0.0,0.0,0.0,0.0
1,0,1.0,0.0,0.0,0.0,0.0,0.0,0.0,0.0,0.0
1,0,1.0,0.0,0.0,0.0,0.0,0.0,0.0,0.0,0.0
1,0,1.0,0.0,0.0,0.0,0.0,0.0,0.0,0.0,0.0
1,0,1.0,0.0,0.0,0.0,0.0,0.0,0.0,0.0,0.0
1,0,1.0,0.0,0.0,0.0,0.0,0.0,0.0,0.0,0.0
1,0,1.0,0.0,0.0,0.0,0.0,0.0,0.0,0.0,0.0
1,0,1.0,0.0,0.0,0.0,0.0,0.0,0.0,0.0,0.0
1,0,1.0,0.0,0.0,0.0,0.0,0.0,0.0,0.0,0.0
1,0,1.0,0.0,0.0,0.0,0.0,0.0,0.0,0.0,0.0
1,0,1.0,0.0,0.0,0.0,0.0,0.0,0.0,0.0,0.0
1,0,1.0,0.0,0.0,0.0,0.0,0.0,0.0,0.0,0.0
1,0,1.0,0.0,0.0,0.0,0.0,0.0,0.0,0.0,0.0
1,0,1.0,0.0,0.0,0.0,0.0,0.0,0.0,0.0,0.0
1,0,1.0,0.0,0.0,0.0,0.0,0.0,0.0,0.0,0.0
1,0,1.0,0.0,0.0,0.0,0.0,0.0,0.0,0.0,0.0
1,0,1.0,0.0,0.0,0.0,0.0,0.0,0.0,0.0,0.0
1,0,1.0,0.0,0.0,0.0,0.0,0.0,0.0,0.0,0.0
1,0,1.0,0.0,0.0,0.0,0.0,0.0,0.0,0.0,0.0
1,0,1.0,0.0,0.0,0.0,0.0,0.0,0.0,0.0,0.0
1,0,1.0,0.0,0.0,0.0,0.0,0.0,0.0,0.0,0.0
1,0,1.0,0.0,0.0,0.0,0.0,0.0,0.0,0.0,0.0
1,0,1.0,0.0,0.0,0.0,0.0,0.0,0.0,0.0,0.0
1,0,1.0,0.0,0.0,0.0,0.0,0.0,0.0,0.0,0.0
1,0,0.93337256,0.066627435,0.0,0.0,0.0,0.0,0.0,0.0,0.0
1,0,0.93337256,0.066627435,0.0,0.0,0.0,0.0,0.0,0.0,0.0
1,0,0.93337256,0.066627435,0.0,0.0,0.0,0.0,0.0,0.0,0.0
1,0,0.93337256,0.066627435,0.0,0.0,0.0,0.0,0.0,0.0,0.0
1,0,0.93337256,0.066627435,0.0,0.0,0.0,0.0,0.0,0.0,0.0
1,0,0.93337256,0.066627435,0.0,0.0,0.0,0.0,0.0,0.0,0.0
1,0,0.93337256,0.066627435,0.0,0.0,0.0,0.0,0.0,0.0,0.0
1,0,0.93337256,0.066627435,0.0,0.0,0.0,0.0,0.0,0.0,0.0
1,0,0.93337256,0.066627435,0.0,0.0,0.0,0.0,0.0,0.0,0.0
1,0,0.93337256,0.066627435,0.0,0.0,0.0,0.0,0.0,0.0,0.0
1,0,0.93337256,0.066627435,0.0,0.0,0.0,0.0,0.0,0.0,0.0
1,0,0.93337256,0.066627435,0.0,0.0,0.0,0.0,0.0,0.0,0.0
1,0,0.93337256,0.066627435,0.0,0.0,0.0,0.0,0.0,0.0,0.0
1,0,0.93337256,0.066627435,0.0,0.0,0.0,0.0,0.0,0.0,0.0
1,0,0.93337256,0.066627435,0.0,0.0,0.0,0.0,0.0,0.0,0.0
1,0,0.93337256,0.066627435,0.0,0.0,0.0,0.0,0.0,0.0,0.0
1,0,0.93337256,0.066627435,0.0,0.0,0.0,0.0,0.0,0.0,0.0
1,0,0.93337256,0.066627435,0.0,0.0,0.0,0.0,0.0,0.0,0.0
1,0,0.93337256,0.066627435,0.0,0.0,0.0,0.0,0.0,0.0,0.0
1,0,0.93337256,0.066627435,0.0,0.0,0.0,0.0,0.0,0.0,0.0
1,0,0.93337256,0.066627435,0.0,0.0,0.0,0.0,0.0,0.0,0.0
1,0,0.93337256,0.066627435,0.0,0.0,0.0,0.0,0.0,0.0,0.0
1,0,0.93337256,0.066627435,0.0,0.0,0.0,0.0,0.0,0.0,0.0
1,0,0.93337256,0.066627435,0.0,0.0,0.0,0.0,0.0,0.0,0.0
1,0,0.93337256,0.066627435,0.0,0.0,0.0,0.0,0.0,0.0,0.0
1,0,0.93337256,0.066627435,0.0,0.0,0.0,0.0,0.0,0.0,0.0
1,0,0.93337256,0.066627435,0.0,0.0,0.0,0.0,0.0,0.0,0.0
1,0,0.93337256,0.066627435,0.0,0.0,0.0,0.0,0.0,0.0,0.0
1,0,0.93337256,0.066627435,0.0,0.0,0.0,0.0,0.0,0.0,0.0
1,0,0.93337256,0.066627435,0.0,0.0,0.0,0.0,0.0,0.0,0.0
1,0,0.93337256,0.066627435,0.0,0.0,0.0,0.0,0.0,0.0,0.0
1,0,0.93337256,0.066627435,0.0,0.0,0.0,0.0,0.0,0.0,0.0
1,0,0.93337256,0.066627435,0.0,0.0,0.0,0.0,0.0,0.0,0.0
1,0,0.93337256,0.066627435,0.0,0.0,0.0,0.0,0.0,0.0,0.0
1,0,0.93337256,0.066627435,0.0,0.0,0.0,0.0,0.0,0.0,0.0
1,0,0.93337256,0.066627435,0.0,0.0,0.0,0.0,0.0,0.0,0.0
1,0,0.93337256,0.066627435,0.0,0.0,0.0,0.0,0.0,0.0,0.0
1,0,0.93337256,0.066627435,0.0,0.0,0.0,0.0,0.0,0.0,0.0
1,0,0.93337256,0.066627435,0.0,0.0,0.0,0.0,0.0,0.0,0.0
1,0,0.93337256,0.066627435,0.0,0.0,0.0,0.0,0.0,0.0,0.0
1,0,0.93337256,0.066627435,0.0,0.0,0.0,0.0,0.0,0.0,0.0
1,0,0.93337256,0.066627435,0.0,0.0,0.0,0.0,0.0,0.0,0.0
1,0,0.93337256,0.066627435,0.0,0.0,0.0,0.0,0.0,0.0,0.0
1,0,0.93337256,0.066627435,0.0,0.0,0.0,0.0,0.0,0.0,0.0
1,0,0.93337256,0.066627435,0.0,0.0,0.0,0.0,0.0,0.0,0.0
1,0,0.93337256,0.066627435,0.0,0.0,0.0,0.0,0.0,0.0,0.0
1,0,0.93337256,0.066627435,0.0,0.0,0.0,0.0,0.0,0.0,0.0
1,0,0.93337256,0.066627435,0.0,0.0,0.0,0.0,0.0,0.0,0.0
1,0,0.93337256,0.066627435,0.0,0.0,0.0,0.0,0.0,0.0,0.0
1,0,0.93337256,0.066627435,0.0,0.0,0.0,0.0,0.0,0.0,0.0
1,0,0.93337256,0.066627435,0.0,0.0,0.0,0.0,0.0,0.0,0.0
1,0,0.93337256,0.066627435,0.0,0.0,0.0,0.0,0.0,0.0,0.0
1,0,0.93337256,0.066627435,0.0,0.0,0.0,0.0,0.0,0.0,0.0
1,0,0.93337256,0.066627435,0.0,0.0,0.0,0.0,0.0,0.0,0.0
1,0,0.93337256,0.066627435,0.0,0.0,0.0,0.0,0.0,0.0,0.0
1,0,0.93337256,0.066627435,0.0,0.0,0.0,0.0,0.0,0.0,0.0
1,0,0.87526757,0.124732465,0.0,0.0,0.0,0.0,0.0,0.0,0.0
1,0,0.87526757,0.124732465,0.0,0.0,0.0,0.0,0.0,0.0,0.0
1,0,0.87526757,0.124732465,0.0,0.0,0.0,0.0,0.0,0.0,0.0
1,0,0.87526757,0.124732465,0.0,0.0,0.0,0.0,0.0,0.0,0.0
1,0,0.87526757,0.124732465,0.0,0.0,0.0,0.0,0.0,0.0,0.0
1,0,0.87526757,0.124732465,0.0,0.0,0.0,0.0,0.0,0.0,0.0
1,0,0.87526757,0.124732465,0.0,0.0,0.0,0.0,0.0,0.0,0.0
1,0,0.87526757,0.124732465,0.0,0.0,0.0,0.0,0.0,0.0,0.0
1,0,0.87526757,0.124732465,0.0,0.0,0.0,0.0,0.0,0.0,0.0
1,0,0.87526757,0.124732465,0.0,0.0,0.0,0.0,0.0,0.0,0.0
1,0,0.87526757,0.124732465,0.0,0.0,0.0,0.0,0.0,0.0,0.0
1,0,0.87526757,0.124732465,0.0,0.0,0.0,0.0,0.0,0.0,0.0
1,0,0.87526757,0.124732465,0.0,0.0,0.0,0.0,0.0,0.0,0.0
1,0,0.87526757,0.124732465,0.0,0.0,0.0,0.0,0.0,0.0,0.0
1,0,0.87526757,0.124732465,0.0,0.0,0.0,0.0,0.0,0.0,0.0
1,0,0.87526757,0.124732465,0.0,0.0,0.0,0.0,0.0,0.0,0.0
1,0,0.87526757,0.124732465,0.0,0.0,0.0,0.0,0.0,0.0,0.0
1,0,0.87526757,0.124732465,0.0,0.0,0.0,0.0,0.0,0.0,0.0
1,0,0.87526757,0.124732465,0.0,0.0,0.0,0.0,0.0,0.0,0.0
1,0,0.87526757,0.124732465,0.0,0.0,0.0,0.0,0.0,0.0,0.0
1,0,0.87526757,0.124732465,0.0,0.0,0.0,0.0,0.0,0.0,0.0
1,0,0.87526757,0.124732465,0.0,0.0,0.0,0.0,0.0,0.0,0.0
1,0,0.87526757,0.124732465,0.0,0.0,0.0,0.0,0.0,0.0,0.0
1,0,0.87526757,0.124732465,0.0,0.0,0.0,0.0,0.0,0.0,0.0
1,0,0.87526757,0.124732465,0.0,0.0,0.0,0.0,0.0,0.0,0.0
1,0,0.87526757,0.124732465,0.0,0.0,0.0,0.0,0.0,0.0,0.0
1,0,0.87526757,0.124732465,0.0,0.0,0.0,0.0,0.0,0.0,0.0
1,0,0.87526757,0.124732465,0.0,0.0,0.0,0.0,0.0,0.0,0.0
1,0,0.87526757,0.124732465,0.0,0.0,0.0,0.0,0.0,0.0,0.0
1,0,0.87526757,0.124732465,0.0,0.0,0.0,0.0,0.0,0.0,0.0
1,0,0.87526757,0.124732465,0.0,0.0,0.0,0.0,0.0,0.0,0.0
1,0,0.87526757,0.124732465,0.0,0.0,0.0,0.0,0.0,0.0,0.0
1,0,0.87526757,0.124732465,0.0,0.0,0.0,0.0,0.0,0.0,0.0
1,0,0.87526757,0.124732465,0.0,0.0,0.0,0.0,0.0,0.0,0.0
1,0,0.87526757,0.124732465,0.0,0.0,0.0,0.0,0.0,0.0,0.0
1,0,0.87526757,0.124732465,0.0,0.0,0.0,0.0,0.0,0.0,0.0
1,0,0.87526757,0.124732465,0.0,0.0,0.0,0.0,0.0,0.0,0.0
1,0,0.87526757,0.124732465,0.0,0.0,0.0,0.0,0.0,0.0,0.0
1,0,0.87526757,0.124732465,0.0,0.0,0.0,0.0,0.0,0.0,0.0
1,0,0.87526757,0.124732465,0.0,0.0,0.0,0.0,0.0,0.0,0.0
1,0,0.8160982,0.18390179,0.0,0.0,0.0,0.0,0.0,0.0,0.0
1,0,0.8160982,0.18390179,0.0,0.0,0.0,0.0,0.0,0.0,0.0
1,0,0.8160982,0.18390179,0.0,0.0,0.0,0.0,0.0,0.0,0.0
1,0,0.8160982,0.18390179,0.0,0.0,0.0,0.0,0.0,0.0,0.0
1,0,0.8160982,0.18390179,0.0,0.0,0.0,0.0,0.0,0.0,0.0
1,0,0.8160982,0.18390179,0.0,0.0,0.0,0.0,0.0,0.0,0.0
1,0,0.8160982,0.18390179,0.0,0.0,0.0,0.0,0.0,0.0,0.0
1,0,0.8160982,0.18390179,0.0,0.0,0.0,0.0,0.0,0.0,0.0
1,0,0.8160982,0.18390179,0.0,0.0,0.0,0.0,0.0,0.0,0.0
1,0,0.8160982,0.18390179,0.0,0.0,0.0,0.0,0.0,0.0,0.0
1,0,0.8160982,0.18390179,0.0,0.0,0.0,0.0,0.0,0.0,0.0
1,0,0.8160982,0.18390179,0.0,0.0,0.0,0.0,0.0,0.0,0.0
1,0,0.8160982,0.18390179,0.0,0.0,0.0,0.0,0.0,0.0,0.0
1,0,0.8160982,0.18390179,0.0,0.0,0.0,0.0,0.0,0.0,0.0
1,0,0.8160982,0.18390179,0.0,0.0,0.0,0.0,0.0,0.0,0.0
1,0,0.8160982,0.18390179,0.0,0.0,0.0,0.0,0.0,0.0,0.0
1,0,0.8160982,0.18390179,0.0,0.0,0.0,0.0,0.0,0.0,0.0
1,0,0.8160982,0.18390179,0.0,0.0,0.0,0.0,0.0,0.0,0.0
1,0,0.8160982,0.18390179,0.0,0.0,0.0,0.0,0.0,0.0,0.0
1,0,0.8160982,0.18390179,0.0,0.0,0.0,0.0,0.0,0.0,0.0
1,0,0.8160982,0.18390179,0.0,0.0,0.0,0.0,0.0,0.0,0.0
1,0,0.8160982,0.18390179,0.0,0.0,0.0,0.0,0.0,0.0,0.0
1,0,0.8160982,0.18390179,0.0,0.0,0.0,0.0,0.0,0.0,0.0
1,0,0.8160982,0.18390179,0.0,0.0,0.0,0.0,0.0,0.0,0.0
1,0,0.8160982,0.18390179,0.0,0.0,0.0,0.0,0.0,0.0,0.0
1,0,0.8160982,0.18390179,0.0,0.0,0.0,0.0,0.0,0.0,0.0
1,0,0.8160982,0.18390179,0.0,0.0,0.0,0.0,0.0,0.0,0.0
1,0,0.8160982,0.18390179,0.0,0.0,0.0,0.0,0.0,0.0,0.0
1,0,0.8160982,0.18390179,0.0,0.0,0.0,0.0,0.0,0.0,0.0
1,0,0.8160982,0.18390179,0.0,0.0,0.0,0.0,0.0,0.0,0.0
1,0,0.8160982,0.18390179,0.0,0.0,0.0,0.0,0.0,0.0,0.0
1,0,0.8160982,0.18390179,0.0,0.0,0.0,0.0,0.0,0.0,0.0
1,0,0.8160982,0.18390179,0.0,0.0,0.0,0.0,0.0,0.0,0.0
1,0,0.8160982,0.18390179,0.0,0.0,0.0,0.0,0.0,0.0,0.0
1,0,0.8160982,0.18390179,0.0,0.0,0.0,0.0,0.0,0.0,0.0
1,0,0.8160982,0.18390179,0.0,0.0,0.0,0.0,0.0,0.0,0.0
1,0,0.8160982,0.18390179,0.0,0.0,0.0,0.0,0.0,0.0,0.0
1,0,0.8160982,0.18390179,0.0,0.0,0.0,0.0,0.0,0.0,0.0
1,0,0.8160982,0.18390179,0.0,0.0,0.0,0.0,0.0,0.0,0.0
1,0,0.8160982,0.18390179,0.0,0.0,0.0,0.0,0.0,0.0,0.0
1,0,0.8160982,0.18390179,0.0,0.0,0.0,0.0,0.0,0.0,0.0
1,0,0.8160982,0.18390179,0.0,0.0,0.0,0.0,0.0,0.0,0.0
1,0,0.8160982,0.18390179,0.0,0.0,0.0,0.0,0.0,0.0,0.0
1,0,0.8160982,0.18390179,0.0,0.0,0.0,0.0,0.0,0.0,0.0
2,0,0.8160982,0.18390179,0.0,0.0,0.0,0.0,0.0,0.0,0.0
2,0,0.8160982,0.18390179,0.0,0.0,0.0,0.0,0.0,0.0,0.0
2,0,0.8160982,0.18390179,0.0,0.0,0.0,0.0,0.0,0.0,0.0
2,0,0.8160982,0.18390179,0.0,0.0,0.0,0.0,0.0,0.0,0.0
2,0,0.8160982,0.18390179,0.0,0.0,0.0,0.0,0.0,0.0,0.0
2,0,0.8160982,0.18390179,0.0,0.0,0.0,0.0,0.0,0.0,0.0
2,0,0.8160982,0.18390179,0.0,0.0,0.0,0.0,0.0,0.0,0.0
2,0,0.8160982,0.18390179,0.0,0.0,0.0,0.0,0.0,0.0,0.0
2,0,0.8160982,0.18390179,0.0,0.0,0.0,0.0,0.0,0.0,0.0
2,0,0.8160982,0.18390179,0.0,0.0,0.0,0.0,0.0,0.0,0.0
2,0,0.8160982,0.18390179,0.0,0.0,0.0,0.0,0.0,0.0,0.0
2,0,0.8160982,0.18390179,0.0,0.0,0.0,0.0,0.0,0.0,0.0
2,0,0.87420326,0.12579677,0.0,0.0,0.0,0.0,0.0,0.0,0.0
2,0,0.87420326,0.12579677,0.0,0.0,0.0,0.0,0.0,0.0,0.0
2,0,0.87420326,0.12579677,0.0,0.0,0.0,0.0,0.0,0.0,0.0
2,0,0.87420326,0.12579677,0.0,0.0,0.0,0.0,0.0,0.0,0.0
2,0,0.87420326,0.12579677,0.0,0.0,0.0,0.0,0.0,0.0,0.0
2,0,0.87420326,0.12579677,0.0,0.0,0.0,0.0,0.0,0.0,0.0
2,0,0.87420326,0.12579677,0.0,0.0,0.0,0.0,0.0,0.0,0.0
2,0,0.87420326,0.12579677,0.0,0.0,0.0,0.0,0.0,0.0,0.0
2,0,0.885547,0.11445301,0.0,0.0,0.0,0.0,0.0,0.0,0.0
2,0,0.885547,0.11445301,0.0,0.0,0.0,0.0,0.0,0.0,0.0
2,0,0.885547,0.11445301,0.0,0.0,0.0,0.0,0.0,0.0,0.0
2,0,0.885547,0.11445301,0.0,0.0,0.0,0.0,0.0,0.0,0.0
2,0,0.885547,0.11445301,0.0,0.0,0.0,0.0,0.0,0.0,0.0
2,0,0.885547,0.11445301,0.0,0.0,0.0,0.0,0.0,0.0,0.0
2,0,0.885547,0.11445301,0.0,0.0,0.0,0.0,0.0,0.0,0.0
2,0,0.885547,0.11445301,0.0,0.0,0.0,0.0,0.0,0.0,0.0
2,0,0.885547,0.11445301,0.0,0.0,0.0,0.0,0.0,0.0,0.0
2,0,0.885547,0.11445301,0.0,0.0,0.0,0.0,0.0,0.0,0.0
2,0,0.885547,0.11445301,0.0,0.0,0.0,0.0,0.0,0.0,0.0
2,0,0.885547,0.11445301,0.0,0.0,0.0,0.0,0.0,0.0,0.0
2,0,0.885547,0.11445301,0.0,0.0,0.0,0.0,0.0,0.0,0.0
2,0,0.885547,0.11445301,0.0,0.0,0.0,0.0,0.0,0.0,0.0
2,0,0.885547,0.11445301,0.0,0.0,0.0,0.0,0.0,0.0,0.0
2,0,0.885547,0.11445301,0.0,0.0,0.0,0.0,0.0,0.0,0.0
2,0,0.885547,0.11445301,0.0,0.0,0.0,0.0,0.0,0.0,0.0
2,0,0.885547,0.11445301,0.0,0.0,0.0,0.0,0.0,0.0,0.0
2,0,0.885547,0.11445301,0.0,0.0,0.0,0.0,0.0,0.0,0.0
2,0,0.885547,0.11445301,0.0,0.0,0.0,0.0,0.0,0.0,0.0
2,0,0.885547,0.11445301,0.0,0.0,0.0,0.0,0.0,0.0,0.0
2,0,0.885547,0.11445301,0.0,0.0,0.0,0.0,0.0,0.0,0.0
2,0,0.885547,0.11445301,0.0,0.0,0.0,0.0,0.0,0.0,0.0
2,0,0.885547,0.11445301,0.0,0.0,0.0,0.0,0.0,0.0,0.0
2,0,0.885547,0.11445301,0.0,0.0,0.0,0.0,0.0,0.0,0.0
2,0,0.885547,0.11445301,0.0,0.0,0.0,0.0,0.0,0.0,0.0
2,0,0.885547,0.11445301,0.0,0.0,0.0,0.0,0.0,0.0,0.0
2,0,0.885547,0.11445301,0.0,0.0,0.0,0.0,0.0,0.0,0.0
2,0,0.885547,0.11445301,0.0,0.0,0.0,0.0,0.0,0.0,0.0
2,0,0.885547,0.11445301,0.0,0.0,0.0,0.0,0.0,0.0,0.0
2,0,0.885547,0.11445301,0.0,0.0,0.0,0.0,0.0,0.0,0.0
2,0,0.885547,0.11445301,0.0,0.0,0.0,0.0,0.0,0.0,0.0
2,0,0.885547,0.11445301,0.0,0.0,0.0,0.0,0.0,0.0,0.0
2,0,0.885547,0.11445301,0.0,0.0,0.0,0.0,0.0,0.0,0.0
2,0,0.885547,0.11445301,0.0,0.0,0.0,0.0,0.0,0.0,0.0
2,0,0.885547,0.11445301,0.0,0.0,0.0,0.0,0.0,0.0,0.0
2,0,0.885547,0.11445301,0.0,0.0,0.0,0.0,0.0,0.0,0.0
2,0,0.885547,0.11445301,0.0,0.0,0.0,0.0,0.0,0.0,0.0
2,0,0.885547,0.11445301,0.0,0.0,0.0,0.0,0.0,0.0,0.0
2,0,0.885547,0.11445301,0.0,0.0,0.0,0.0,0.0,0.0,0.0
2,0,0.885547,0.11445301,0.0,0.0,0.0,0.0,0.0,0.0,0.0
2,0,0.885547,0.11445301,0.0,0.0,0.0,0.0,0.0,0.0,0.0
2,0,0.885547,0.11445301,0.0,0.0,0.0,0.0,0.0,0.0,0.0
2,0,0.885547,0.11445301,0.0,0.0,0.0,0.0,0.0,0.0,0.0
2,0,0.885547,0.11445301,0.0,0.0,0.0,0.0,0.0,0.0,0.0
2,0,0.885547,0.11445301,0.0,0.0,0.0,0.0,0.0,0.0,0.0
2,0,0.81445557,0.18554445,0.0,0.0,0.0,0.0,0.0,0.0,0.0
2,0,0.81445557,0.18554445,0.0,0.0,0.0,0.0,0.0,0.0,0.0
2,0,0.7566981,0.24330191,0.0,0.0,0.0,0.0,0.0,0.0,0.0
2,0,0.7566981,0.24330191,0.0,0.0,0.0,0.0,0.0,0.0,0.0
2,0,0.7566981,0.24330191,0.0,0.0,0.0,0.0,0.0,0.0,0.0
2,0,0.7566981,0.24330191,0.0,0.0,0.0,0.0,0.0,0.0,0.0
2,0,0.7566981,0.24330191,0.0,0.0,0.0,0.0,0.0,0.0,0.0
2,0,0.7566981,0.24330191,0.0,0.0,0.0,0.0,0.0,0.0,0.0
2,0,0.7566981,0.24330191,0.0,0.0,0.0,0.0,0.0,0.0,0.0
2,0,0.7566981,0.24330191,0.0,0.0,0.0,0.0,0.0,0.0,0.0
2,0,0.7566981,0.24330191,0.0,0.0,0.0,0.0,0.0,0.0,0.0
2,0,0.7566981,0.24330191,0.0,0.0,0.0,0.0,0.0,0.0,0.0
2,0,0.7566981,0.24330191,0.0,0.0,0.0,0.0,0.0,0.0,0.0
2,0,0.7566981,0.24330191,0.0,0.0,0.0,0.0,0.0,0.0,0.0
2,0,0.7566981,0.24330191,0.0,0.0,0.0,0.0,0.0,0.0,0.0
2,0,0.7566981,0.24330191,0.0,0.0,0.0,0.0,0.0,0.0,0.0
2,0,0.7566981,0.24330191,0.0,0.0,0.0,0.0,0.0,0.0,0.0
2,0,0.7566981,0.24330191,0.0,0.0,0.0,0.0,0.0,0.0,0.0
2,0,0.6839143,0.31608573,0.0,0.0,0.0,0.0,0.0,0.0,0.0
2,0,0.6839143,0.31608573,0.0,0.0,0.0,0.0,0.0,0.0,0.0
2,0,0.61035186,0.3896481,0.0,0.0,0.0,0.0,0.0,0.0,0.0
2,0,0.61035186,0.3896481,0.0,0.0,0.0,0.0,0.0,0.0,0.0
2,0,0.61035186,0.3896481,0.0,0.0,0.0,0.0,0.0,0.0,0.0
2,0,0.61035186,0.3896481,0.0,0.0,0.0,0.0,0.0,0.0,0.0
2,0,0.61035186,0.3896481,0.0,0.0,0.0,0.0,0.0,0.0,0.0
2,0,0.61035186,0.3896481,0.0,0.0,0.0,0.0,0.0,0.0,0.0
2,0,0.61035186,0.3896481,0.0,0.0,0.0,0.0,0.0,0.0,0.0
2,0,0.61035186,0.3896481,0.0,0.0,0.0,0.0,0.0,0.0,0.0
2,0,0.61035186,0.3896481,0.0,0.0,0.0,0.0,0.0,0.0,0.0
2,0,0.61035186,0.3896481,0.0,0.0,0.0,0.0,0.0,0.0,0.0
2,0,0.61035186,0.3896481,0.0,0.0,0.0,0.0,0.0,0.0,0.0
2,0,0.61035186,0.3896481,0.0,0.0,0.0,0.0,0.0,0.0,0.0
2,0,0.61035186,0.3896481,0.0,0.0,0.0,0.0,0.0,0.0,0.0
2,0,0.61035186,0.3896481,0.0,0.0,0.0,0.0,0.0,0.0,0.0
2,0,0.61035186,0.3896481,0.0,0.0,0.0,0.0,0.0,0.0,0.0
2,0,0.61035186,0.3896481,0.0,0.0,0.0,0.0,0.0,0.0,0.0
2,0,0.61035186,0.3896481,0.0,0.0,0.0,0.0,0.0,0.0,0.0
2,0,0.61035186,0.3896481,0.0,0.0,0.0,0.0,0.0,0.0,0.0
2,0,0.61035186,0.3896481,0.0,0.0,0.0,0.0,0.0,0.0,0.0
2,0,0.61035186,0.3896481,0.0,0.0,0.0,0.0,0.0,0.0,0.0
2,0,0.61035186,0.3896481,0.0,0.0,0.0,0.0,0.0,0.0,0.0
2,0,0.61035186,0.3896481,0.0,0.0,0.0,0.0,0.0,0.0,0.0
2,0,0.5478718,0.45212814,0.0,0.0,0.0,0.0,0.0,0.0,0.0
2,0,0.5478718,0.45212814,0.0,0.0,0.0,0.0,0.0,0.0,0.0
2,0,0.5478718,0.45212814,0.0,0.0,0.0,0.0,0.0,0.0,0.0
2,0,0.5478718,0.45212814,0.0,0.0,0.0,0.0,0.0,0.0,0.0
2,0,0.5478718,0.45212814,0.0,0.0,0.0,0.0,0.0,0.0,0.0
2,0,0.5478718,0.45212814,0.0,0.0,0.0,0.0,0.0,0.0,0.0
2,0,0.5478718,0.45212814,0.0,0.0,0.0,0.0,0.0,0.0,0.0
2,0,0.5478718,0.45212814,0.0,0.0,0.0,0.0,0.0,0.0,0.0
2,0,0.5478718,0.45212814,0.0,0.0,0.0,0.0,0.0,0.0,0.0
2,0,0.5478718,0.45212814,0.0,0.0,0.0,0.0,0.0,0.0,0.0
2,0,0.5478718,0.45212814,0.0,0.0,0.0,0.0,0.0,0.0,0.0
2,0,0.5478718,0.45212814,0.0,0.0,0.0,0.0,0.0,0.0,0.0
2,0,0.5478718,0.45212814,0.0,0.0,0.0,0.0,0.0,0.0,0.0
2,0,0.5478718,0.45212814,0.0,0.0,0.0,0.0,0.0,0.0,0.0
2,0,0.5478718,0.45212814,0.0,0.0,0.0,0.0,0.0,0.0,0.0
2,0,0.5478718,0.45212814,0.0,0.0,0.0,0.0,0.0,0.0,0.0
2,1,0.48550627,0.5144937,0.0,0.0,0.0,0.0,0.0,0.0,0.0
2,1,0.48550627,0.5144937,0.0,0.0,0.0,0.0,0.0,0.0,0.0
2,1,0.48550627,0.5144937,0.0,0.0,0.0,0.0,0.0,0.0,0.0
2,1,0.48550627,0.5144937,0.0,0.0,0.0,0.0,0.0,0.0,0.0
2,1,0.48550627,0.5144937,0.0,0.0,0.0,0.0,0.0,0.0,0.0
2,1,0.48550627,0.5144937,0.0,0.0,0.0,0.0,0.0,0.0,0.0
2,1,0.48550627,0.5144937,0.0,0.0,0.0,0.0,0.0,0.0,0.0
2,1,0.48550627,0.5144937,0.0,0.0,0.0,0.0,0.0,0.0,0.0
2,1,0.48550627,0.5144937,0.0,0.0,0.0,0.0,0.0,0.0,0.0
2,1,0.48550627,0.5144937,0.0,0.0,0.0,0.0,0.0,0.0,0.0
2,1,0.48550627,0.5144937,0.0,0.0,0.0,0.0,0.0,0.0,0.0
2,1,0.48550627,0.5144937,0.0,0.0,0.0,0.0,0.0,0.0,0.0
2,1,0.48550627,0.5144937,0.0,0.0,0.0,0.0,0.0,0.0,0.0
2,1,0.48550627,0.5144937,0.0,0.0,0.0,0.0,0.0,0.0,0.0
2,1,0.48550627,0.5144937,0.0,0.0,0.0,0.0,0.0,0.0,0.0
2,1,0.48550627,0.5144937,0.0,0.0,0.0,0.0,0.0,0.0,0.0
2,1,0.24192081,0.75807923,0.0,0.0,0.0,0.0,0.0,0.0,0.0
2,1,0.24192081,0.75807923,0.0,0.0,0.0,0.0,0.0,0.0,0.0
2,1,0.24192081,0.75807923,0.0,0.0,0.0,0.0,0.0,0.0,0.0
2,1,0.24192081,0.75807923,0.0,0.0,0.0,0.0,0.0,0.0,0.0
2,1,0.24192081,0.75807923,0.0,0.0,0.0,0.0,0.0,0.0,0.0
2,1,0.24192081,0.75807923,0.0,0.0,0.0,0.0,0.0,0.0,0.0
2,1,0.24192081,0.75807923,0.0,0.0,0.0,0.0,0.0,0.0,0.0
2,1,0.24192081,0.75807923,0.0,0.0,0.0,0.0,0.0,0.0,0.0
2,1,0.24192081,0.75807923,0.0,0.0,0.0,0.0,0.0,0.0,0.0
2,1,0.24192081,0.75807923,0.0,0.0,0.0,0.0,0.0,0.0,0.0
2,1,0.24192081,0.75807923,0.0,0.0,0.0,0.0,0.0,0.0,0.0
2,1,0.24192081,0.75807923,0.0,0.0,0.0,0.0,0.0,0.0,0.0
2,1,0.24192081,0.75807923,0.0,0.0,0.0,0.0,0.0,0.0,0.0
2,1,0.24192081,0.75807923,0.0,0.0,0.0,0.0,0.0,0.0,0.0
2,1,0.24192081,0.75807923,0.0,0.0,0.0,0.0,0.0,0.0,0.0
2,1,0.24192081,0.75807923,0.0,0.0,0.0,0.0,0.0,0.0,0.0
2,1,0.24192081,0.75807923,0.0,0.0,0.0,0.0,0.0,0.0,0.0
2,1,0.24192081,0.75807923,0.0,0.0,0.0,0.0,0.0,0.0,0.0
2,1,0.24192081,0.75807923,0.0,0.0,0.0,0.0,0.0,0.0,0.0
2,1,0.24192081,0.75807923,0.0,0.0,0.0,0.0,0.0,0.0,0.0
2,1,0.24192081,0.75807923,0.0,0.0,0.0,0.0,0.0,0.0,0.0
2,1,0.24192081,0.75807923,0.0,0.0,0.0,0.0,0.0,0.0,0.0
2,1,0.24192081,0.75807923,0.0,0.0,0.0,0.0,0.0,0.0,0.0
2,1,0.24192081,0.75807923,0.0,0.0,0.0,0.0,0.0,0.0,0.0
2,1,0.24192081,0.75807923,0.0,0.0,0.0,0.0,0.0,0.0,0.0
2,1,0.1862493,0.8137507,0.0,0.0,0.0,0.0,0.0,0.0,0.0
2,1,0.1862493,0.8137507,0.0,0.0,0.0,0.0,0.0,0.0,0.0
2,1,0.1862493,0.8137507,0.0,0.0,0.0,0.0,0.0,0.0,0.0
2,1,0.1862493,0.8137507,0.0,0.0,0.0,0.0,0.0,0.0,0.0
2,1,0.1862493,0.8137507,0.0,0.0,0.0,0.0,0.0,0.0,0.0
2,1,0.1862493,0.8137507,0.0,0.0,0.0,0.0,0.0,0.0,0.0
2,1,0.1862493,0.8137507,0.0,0.0,0.0,0.0,0.0,0.0,0.0
2,1,0.1862493,0.8137507,0.0,0.0,0.0,0.0,0.0,0.0,0.0
2,1,0.1862493,0.8137507,0.0,0.0,0.0,0.0,0.0,0.0,0.0
2,1,0.1862493,0.8137507,0.0,0.0,0.0,0.0,0.0,0.0,0.0
2,1,0.1862493,0.8137507,0.0,0.0,0.0,0.0,0.0,0.0,0.0
2,1,0.1862493,0.8137507,0.0,0.0,0.0,0.0,0.0,0.0,0.0
2,1,0.1862493,0.8137507,0.0,0.0,0.0,0.0,0.0,0.0,0.0
2,1,0.1862493,0.8137507,0.0,0.0,0.0,0.0,0.0,0.0,0.0
2,1,0.1862493,0.8137507,0.0,0.0,0.0,0.0,0.0,0.0,0.0
2,1,0.1862493,0.8137507,0.0,0.0,0.0,0.0,0.0,0.0,0.0
2,1,0.1862493,0.8137507,0.0,0.0,0.0,0.0,0.0,0.0,0.0
2,1,0.1862493,0.8137507,0.0,0.0,0.0,0.0,0.0,0.0,0.0
2,1,0.1862493,0.8137507,0.0,0.0,0.0,0.0,0.0,0.0,0.0
2,1,0.1862493,0.8137507,0.0,0.0,0.0,0.0,0.0,0.0,0.0
2,1,0.1862493,0.8137507,0.0,0.0,0.0,0.0,0.0,0.0,0.0
2,1,0.1862493,0.8137507,0.0,0.0,0.0,0.0,0.0,0.0,0.0
2,1,0.1862493,0.8137507,0.0,0.0,0.0,0.0,0.0,0.0,0.0
2,1,0.1862493,0.8137507,0.0,0.0,0.0,0.0,0.0,0.0,0.0
2,1,0.1862493,0.8137507,0.0,0.0,0.0,0.0,0.0,0.0,0.0
2,1,0.1862493,0.8137507,0.0,0.0,0.0,0.0,0.0,0.0,0.0
2,1,0.1862493,0.8137507,0.0,0.0,0.0,0.0,0.0,0.0,0.0
2,1,0.1862493,0.8137507,0.0,0.0,0.0,0.0,0.0,0.0,0.0
2,1,0.1862493,0.8137507,0.0,0.0,0.0,0.0,0.0,0.0,0.0
2,1,0.1862493,0.8137507,0.0,0.0,0.0,0.0,0.0,0.0,0.0
2,1,0.1862493,0.8137507,0.0,0.0,0.0,0.0,0.0,0.0,0.0
2,1,0.1862493,0.8137507,0.0,0.0,0.0,0.0,0.0,0.0,0.0
2,1,0.1862493,0.8137507,0.0,0.0,0.0,0.0,0.0,0.0,0.0
2,1,0.1862493,0.8137507,0.0,0.0,0.0,0.0,0.0,0.0,0.0
2,1,0.1862493,0.8137507,0.0,0.0,0.0,0.0,0.0,0.0,0.0
2,1,0.1862493,0.8137507,0.0,0.0,0.0,0.0,0.0,0.0,0.0
2,1,0.1862493,0.8137507,0.0,0.0,0.0,0.0,0.0,0.0,0.0
2,1,0.1862493,0.8137507,0.0,0.0,0.0,0.0,0.0,0.0,0.0
2,1,0.1862493,0.8137507,0.0,0.0,0.0,0.0,0.0,0.0,0.0
2,1,0.1862493,0.8137507,0.0,0.0,0.0,0.0,0.0,0.0,0.0
2,1,0.1862493,0.8137507,0.0,0.0,0.0,0.0,0.0,0.0,0.0
2,1,0.1862493,0.8137507,0.0,0.0,0.0,0.0,0.0,0.0,0.0
2,1,0.1862493,0.8137507,0.0,0.0,0.0,0.0,0.0,0.0,0.0
2,1,0.1862493,0.8137507,0.0,0.0,0.0,0.0,0.0,0.0,0.0
2,1,0.1862493,0.8137507,0.0,0.0,0.0,0.0,0.0,0.0,0.0
2,1,0.1862493,0.8137507,0.0,0.0,0.0,0.0,0.0,0.0,0.0
2,1,0.1862493,0.8137507,0.0,0.0,0.0,0.0,0.0,0.0,0.0
2,1,0.12728277,0.87271726,0.0,0.0,0.0,0.0,0.0,0.0,0.0
2,1,0.12728277,0.87271726,0.0,0.0,0.0,0.0,0.0,0.0,0.0
2,1,0.12728277,0.87271726,0.0,0.0,0.0,0.0,0.0,0.0,0.0
2,1,0.12728277,0.87271726,0.0,0.0,0.0,0.0,0.0,0.0,0.0
2,1,0.12728277,0.87271726,0.0,0.0,0.0,0.0,0.0,0.0,0.0
2,1,0.12728277,0.87271726,0.0,0.0,0.0,0.0,0.0,0.0,0.0
2,1,0.12728277,0.87271726,0.0,0.0,0.0,0.0,0.0,0.0,0.0
2,1,0.12728277,0.87271726,0.0,0.0,0.0,0.0,0.0,0.0,0.0
2,1,0.12728277,0.87271726,0.0,0.0,0.0,0.0,0.0,0.0,0.0
2,1,0.12728277,0.87271726,0.0,0.0,0.0,0.0,0.0,0.0,0.0
2,1,0.12728277,0.87271726,0.0,0.0,0.0,0.0,0.0,0.0,0.0
2,1,0.12728277,0.87271726,0.0,0.0,0.0,0.0,0.0,0.0,0.0
2,1,0.12728277,0.87271726,0.0,0.0,0.0,0.0,0.0,0.0,0.0
2,1,0.12728277,0.87271726,0.0,0.0,0.0,0.0,0.0,0.0,0.0
2,1,0.12728277,0.87271726,0.0,0.0,0.0,0.0,0.0,0.0,0.0
2,1,0.12728277,0.87271726,0.0,0.0,0.0,0.0,0.0,0.0,0.0
2,1,0.12728277,0.87271726,0.0,0.0,0.0,0.0,0.0,0.0,0.0
2,1,0.12728277,0.87271726,0.0,0.0,0.0,0.0,0.0,0.0,0.0
2,1,0.12728277,0.87271726,0.0,0.0,0.0,0.0,0.0,0.0,0.0
2,1,0.12728277,0.87271726,0.0,0.0,0.0,0.0,0.0,0.0,0.0
2,1,0.12728277,0.87271726,0.0,0.0,0.0,0.0,0.0,0.0,0.0
2,1,0.12728277,0.87271726,0.0,0.0,0.0,0.0,0.0,0.0,0.0
2,1,0.12728277,0.87271726,0.0,0.0,0.0,0.0,0.0,0.0,0.0
2,1,0.12728277,0.87271726,0.0,0.0,0.0,0.0,0.0,0.0,0.0
2,1,0.06917775,0.93082225,0.0,0.0,0.0,0.0,0.0,0.0,0.0
2,1,0.06917775,0.93082225,0.0,0.0,0.0,0.0,0.0,0.0,0.0
2,1,0.06917775,0.93082225,0.0,0.0,0.0,0.0,0.0,0.0,0.0
2,1,0.06917775,0.93082225,0.0,0.0,0.0,0.0,0.0,0.0,0.0
2,1,0.06917775,0.93082225,0.0,0.0,0.0,0.0,0.0,0.0,0.0
2,1,0.06917775,0.93082225,0.0,0.0,0.0,0.0,0.0,0.0,0.0
2,1,0.06917775,0.93082225,0.0,0.0,0.0,0.0,0.0,0.0,0.0
2,1,0.06917775,0.93082225,0.0,0.0,0.0,0.0,0.0,0.0,0.0
2,1,0.06917775,0.93082225,0.0,0.0,0.0,0.0,0.0,0.0,0.0
2,1,0.06917775,0.93082225,0.0,0.0,0.0,0.0,0.0,0.0,0.0
2,1,0.06917775,0.93082225,0.0,0.0,0.0,0.0,0.0,0.0,0.0
2,1,0.06917775,0.93082225,0.0,0.0,0.0,0.0,0.0,0.0,0.0
2,1,0.06917775,0.93082225,0.0,0.0,0.0,0.0,0.0,0.0,0.0
2,1,0.06917775,0.93082225,0.0,0.0,0.0,0.0,0.0,0.0,0.0
2,1,0.06917775,0.93082225,0.0,0.0,0.0,0.0,0.0,0.0,0.0
2,1,0.06917775,0.93082225,0.0,0.0,0.0,0.0,0.0,0.0,0.0
2,1,0.06917775,0.93082225,0.0,0.0,0.0,0.0,0.0,0.0,0.0
2,1,0.06917775,0.93082225,0.0,0.0,0.0,0.0,0.0,0.0,0.0
2,1,0.06917775,0.93082225,0.0,0.0,0.0,0.0,0.0,0.0,0.0
2,1,0.06917775,0.93082225,0.0,0.0,0.0,0.0,0.0,0.0,0.0
2,1,0.06917775,0.93082225,0.0,0.0,0.0,0.0,0.0,0.0,0.0
2,1,0.06917775,0.93082225,0.0,0.0,0.0,0.0,0.0,0.0,0.0
2,1,0.06917775,0.93082225,0.0,0.0,0.0,0.0,0.0,0.0,0.0
2,1,0.06917775,0.93082225,0.0,0.0,0.0,0.0,0.0,0.0,0.0
2,1,0.06917775,0.93082225,0.0,0.0,0.0,0.0,0.0,0.0,0.0
2,1,0.06917775,0.93082225,0.0,0.0,0.0,0.0,0.0,0.0,0.0
2,1,0.06917775,0.93082225,0.0,0.0,0.0,0.0,0.0,0.0,0.0
2,1,0.06917775,0.93082225,0.0,0.0,0.0,0.0,0.0,0.0,0.0
2,1,0.06917775,0.93082225,0.0,0.0,0.0,0.0,0.0,0.0,0.0
2,1,0.06917775,0.93082225,0.0,0.0,0.0,0.0,0.0,0.0,0.0
2,1,0.06917775,0.93082225,0.0,0.0,0.0,0.0,0.0,0.0,0.0
2,1,0.06917775,0.93082225,0.0,0.0,0.0,0.0,0.0,0.0,0.0
2,1,0.06917775,0.93082225,0.0,0.0,0.0,0.0,0.0,0.0,0.0
2,1,0.06917775,0.93082225,0.0,0.0,0.0,0.0,0.0,0.0,0.0
2,1,0.06917775,0.93082225,0.0,0.0,0.0,0.0,0.0,0.0,0.0
2,1,0.06917775,0.93082225,0.0,0.0,0.0,0.0,0.0,0.0,0.0
2,1,0.06917775,0.93082225,0.0,0.0,0.0,0.0,0.0,0.0,0.0
2,1,0.06917775,0.93082225,0.0,0.0,0.0,0.0,0.0,0.0,0.0
2,1,0.06917775,0.93082225,0.0,0.0,0.0,0.0,0.0,0.0,0.0
2,1,0.06917775,0.93082225,0.0,0.0,0.0,0.0,0.0,0.0,0.0
2,1,0.06917775,0.93082225,0.0,0.0,0.0,0.0,0.0,0.0,0.0
2,1,0.06917775,0.93082225,0.0,0.0,0.0,0.0,0.0,0.0,0.0
2,1,0.06917775,0.93082225,0.0,0.0,0.0,0.0,0.0,0.0,0.0
2,1,0.06917775,0.93082225,0.0,0.0,0.0,0.0,0.0,0.0,0.0
2,1,0.06917775,0.93082225,0.0,0.0,0.0,0.0,0.0,0.0,0.0
2,1,0.06917775,0.93082225,0.0,0.0,0.0,0.0,0.0,0.0,0.0
2,1,0.06917775,0.93082225,0.0,0.0,0.0,0.0,0.0,0.0,0.0
2,1,0.06917775,0.93082225,0.0,0.0,0.0,0.0,0.0,0.0,0.0
2,1,0.06917775,0.93082225,0.0,0.0,0.0,0.0,0.0,0.0,0.0
2,1,0.06917775,0.93082225,0.0,0.0,0.0,0.0,0.0,0.0,0.0
2,1,0.06917775,0.93082225,0.0,0.0,0.0,0.0,0.0,0.0,0.0
2,1,0.06917775,0.93082225,0.0,0.0,0.0,0.0,0.0,0.0,0.0
2,1,0.06917775,0.93082225,0.0,0.0,0.0,0.0,0.0,0.0,0.0
2,1,0.06917775,0.93082225,0.0,0.0,0.0,0.0,0.0,0.0,0.0
2,1,0.06917775,0.93082225,0.0,0.0,0.0,0.0,0.0,0.0,0.0
2,1,0.06917775,0.93082225,0.0,0.0,0.0,0.0,0.0,0.0,0.0
2,1,0.06917775,0.93082225,0.0,0.0,0.0,0.0,0.0,0.0,0.0
2,1,0.06917775,0.93082225,0.0,0.0,0.0,0.0,0.0,0.0,0.0
2,1,0.06917775,0.93082225,0.0,0.0,0.0,0.0,0.0,0.0,0.0
2,1,0.06917775,0.93082225,0.0,0.0,0.0,0.0,0.0,0.0,0.0
2,1,0.06917775,0.93082225,0.0,0.0,0.0,0.0,0.0,0.0,0.0
2,1,0.06917775,0.93082225,0.0,0.0,0.0,0.0,0.0,0.0,0.0
2,1,0.06917775,0.93082225,0.0,0.0,0.0,0.0,0.0,0.0,0.0
2,1,0.06917775,0.93082225,0.0,0.0,0.0,0.0,0.0,0.0,0.0
2,1,0.06917775,0.93082225,0.0,0.0,0.0,0.0,0.0,0.0,0.0
2,1,0.06917775,0.93082225,0.0,0.0,0.0,0.0,0.0,0.0,0.0
2,1,0.12484924,0.8751508,0.0,0.0,0.0,0.0,0.0,0.0,0.0
2,1,0.12484924,0.8751508,0.0,0.0,0.0,0.0,0.0,0.0,0.0
2,1,0.12484924,0.8751508,0.0,0.0,0.0,0.0,0.0,0.0,0.0
2,1,0.12484924,0.8751508,0.0,0.0,0.0,0.0,0.0,0.0,0.0
2,1,0.12484924,0.8751508,0.0,0.0,0.0,0.0,0.0,0.0,0.0
2,1,0.12484924,0.8751508,0.0,0.0,0.0,0.0,0.0,0.0,0.0
2,1,0.12484924,0.8751508,0.0,0.0,0.0,0.0,0.0,0.0,0.0
2,1,0.12484924,0.8751508,0.0,0.0,0.0,0.0,0.0,0.0,0.0
2,1,0.12484924,0.8751508,0.0,0.0,0.0,0.0,0.0,0.0,0.0
2,1,0.12484924,0.8751508,0.0,0.0,0.0,0.0,0.0,0.0,0.0
2,1,0.12484924,0.8751508,0.0,0.0,0.0,0.0,0.0,0.0,0.0
2,1,0.12484924,0.8751508,0.0,0.0,0.0,0.0,0.0,0.0,0.0
2,1,0.12484924,0.8751508,0.0,0.0,0.0,0.0,0.0,0.0,0.0
2,1,0.12484924,0.8751508,0.0,0.0,0.0,0.0,0.0,0.0,0.0
2,1,0.12484924,0.8751508,0.0,0.0,0.0,0.0,0.0,0.0,0.0
2,1,0.12484924,0.8751508,0.0,0.0,0.0,0.0,0.0,0.0,0.0
2,1,0.12484924,0.8751508,0.0,0.0,0.0,0.0,0.0,0.0,0.0
2,1,0.12484924,0.8751508,0.0,0.0,0.0,0.0,0.0,0.0,0.0
2,1,0.12484924,0.8751508,0.0,0.0,0.0,0.0,0.0,0.0,0.0
2,1,0.12484924,0.8751508,0.0,0.0,0.0,0.0,0.0,0.0,0.0
2,1,0.12484924,0.8751508,0.0,0.0,0.0,0.0,0.0,0.0,0.0
2,1,0.12484924,0.8751508,0.0,0.0,0.0,0.0,0.0,0.0,0.0
2,1,0.12484924,0.8751508,0.0,0.0,0.0,0.0,0.0,0.0,0.0
2,1,0.12484924,0.8751508,0.0,0.0,0.0,0.0,0.0,0.0,0.0
2,1,0.12484924,0.8751508,0.0,0.0,0.0,0.0,0.0,0.0,0.0
2,1,0.12484924,0.8751508,0.0,0.0,0.0,0.0,0.0,0.0,0.0
2,1,0.12484924,0.8751508,0.0,0.0,0.0,0.0,0.0,0.0,0.0
2,1,0.12484924,0.8751508,0.0,0.0,0.0,0.0,0.0,0.0,0.0
2,1,0.12484924,0.8751508,0.0,0.0,0.0,0.0,0.0,0.0,0.0
2,1,0.12484924,0.8751508,0.0,0.0,0.0,0.0,0.0,0.0,0.0
2,1,0.18732926,0.81267077,0.0,0.0,0.0,0.0,0.0,0.0,0.0
2,1,0.18732926,0.81267077,0.0,0.0,0.0,0.0,0.0,0.0,0.0
2,1,0.18732926,0.81267077,0.0,0.0,0.0,0.0,0.0,0.0,0.0
2,1,0.18732926,0.81267077,0.0,0.0,0.0,0.0,0.0,0.0,0.0
2,1,0.18732926,0.81267077,0.0,0.0,0.0,0.0,0.0,0.0,0.0
2,1,0.18732926,0.81267077,0.0,0.0,0.0,0.0,0.0,0.0,0.0
2,1,0.18732926,0.81267077,0.0,0.0,0.0,0.0,0.0,0.0,0.0
2,1,0.18732926,0.81267077,0.0,0.0,0.0,0.0,0.0,0.0,0.0
2,1,0.18732926,0.81267077,0.0,0.0,0.0,0.0,0.0,0.0,0.0
2,1,0.18732926,0.81267077,0.0,0.0,0.0,0.0,0.0,0.0,0.0
2,1,0.18732926,0.81267077,0.0,0.0,0.0,0.0,0.0,0.0,0.0
2,1,0.18732926,0.81267077,0.0,0.0,0.0,0.0,0.0,0.0,0.0
2,1,0.18732926,0.81267077,0.0,0.0,0.0,0.0,0.0,0.0,0.0
2,1,0.18732926,0.81267077,0.0,0.0,0.0,0.0,0.0,0.0,0.0
2,1,0.18732926,0.81267077,0.0,0.0,0.0,0.0,0.0,0.0,0.0
2,1,0.18732926,0.81267077,0.0,0.0,0.0,0.0,0.0,0.0,0.0
2,1,0.18732926,0.81267077,0.0,0.0,0.0,0.0,0.0,0.0,0.0
2,1,0.18732926,0.81267077,0.0,0.0,0.0,0.0,0.0,0.0,0.0
2,1,0.18732926,0.81267077,0.0,0.0,0.0,0.0,0.0,0.0,0.0
2,1,0.18732926,0.81267077,0.0,0.0,0.0,0.0,0.0,0.0,0.0
2,1,0.18732926,0.81267077,0.0,0.0,0.0,0.0,0.0,0.0,0.0
2,1,0.18732926,0.81267077,0.0,0.0,0.0,0.0,0.0,0.0,0.0
2,1,0.18732926,0.81267077,0.0,0.0,0.0,0.0,0.0,0.0,0.0
2,1,0.18732926,0.81267077,0.0,0.0,0.0,0.0,0.0,0.0,0.0
2,1,0.18732926,0.81267077,0.0,0.0,0.0,0.0,0.0,0.0,0.0
2,1,0.18732926,0.81267077,0.0,0.0,0.0,0.0,0.0,0.0,0.0
2,1,0.18732926,0.81267077,0.0,0.0,0.0,0.0,0.0,0.0,0.0
2,1,0.18732926,0.81267077,0.0,0.0,0.0,0.0,0.0,0.0,0.0
2,1,0.18732926,0.81267077,0.0,0.0,0.0,0.0,0.0,0.0,0.0
2,1,0.18732926,0.81267077,0.0,0.0,0.0,0.0,0.0,0.0,0.0
2,1,0.18732926,0.81267077,0.0,0.0,0.0,0.0,0.0,0.0,0.0
2,1,0.18732926,0.81267077,0.0,0.0,0.0,0.0,0.0,0.0,0.0
2,1,0.18732926,0.81267077,0.0,0.0,0.0,0.0,0.0,0.0,0.0
2,1,0.18732926,0.81267077,0.0,0.0,0.0,0.0,0.0,0.0,0.0
2,1,0.18732926,0.81267077,0.0,0.0,0.0,0.0,0.0,0.0,0.0
2,1,0.18732926,0.81267077,0.0,0.0,0.0,0.0,0.0,0.0,0.0
2,1,0.18732926,0.81267077,0.0,0.0,0.0,0.0,0.0,0.0,0.0
2,1,0.18732926,0.81267077,0.0,0.0,0.0,0.0,0.0,0.0,0.0
2,1,0.18732926,0.81267077,0.0,0.0,0.0,0.0,0.0,0.0,0.0
2,1,0.18732926,0.81267077,0.0,0.0,0.0,0.0,0.0,0.0,0.0
2,1,0.18732926,0.81267077,0.0,0.0,0.0,0.0,0.0,0.0,0.0
2,1,0.18732926,0.81267077,0.0,0.0,0.0,0.0,0.0,0.0,0.0
2,1,0.18732926,0.81267077,0.0,0.0,0.0,0.0,0.0,0.0,0.0
2,1,0.18732926,0.81267077,0.0,0.0,0.0,0.0,0.0,0.0,0.0
2,1,0.18732926,0.81267077,0.0,0.0,0.0,0.0,0.0,0.0,0.0
2,1,0.18732926,0.81267077,0.0,0.0,0.0,0.0,0.0,0.0,0.0
2,1,0.18732926,0.81267077,0.0,0.0,0.0,0.0,0.0,0.0,0.0
2,1,0.18732926,0.81267077,0.0,0.0,0.0,0.0,0.0,0.0,0.0
2,1,0.18732926,0.81267077,0.0,0.0,0.0,0.0,0.0,0.0,0.0
2,1,0.18732926,0.81267077,0.0,0.0,0.0,0.0,0.0,0.0,0.0
2,1,0.18732926,0.81267077,0.0,0.0,0.0,0.0,0.0,0.0,0.0
2,1,0.18732926,0.81267077,0.0,0.0,0.0,0.0,0.0,0.0,0.0
2,1,0.18732926,0.81267077,0.0,0.0,0.0,0.0,0.0,0.0,0.0
2,1,0.18732926,0.81267077,0.0,0.0,0.0,0.0,0.0,0.0,0.0
2,1,0.18732926,0.81267077,0.0,0.0,0.0,0.0,0.0,0.0,0.0
2,1,0.18732926,0.81267077,0.0,0.0,0.0,0.0,0.0,0.0,0.0
2,1,0.18732926,0.81267077,0.0,0.0,0.0,0.0,0.0,0.0,0.0
2,1,0.18732926,0.81267077,0.0,0.0,0.0,0.0,0.0,0.0,0.0
2,1,0.18732926,0.81267077,0.0,0.0,0.0,0.0,0.0,0.0,0.0
2,1,0.18732926,0.81267077,0.0,0.0,0.0,0.0,0.0,0.0,0.0
2,1,0.18732926,0.81267077,0.0,0.0,0.0,0.0,0.0,0.0,0.0
2,1,0.18732926,0.81267077,0.0,0.0,0.0,0.0,0.0,0.0,0.0
2,1,0.18732926,0.81267077,0.0,0.0,0.0,0.0,0.0,0.0,0.0
2,1,0.18732926,0.81267077,0.0,0.0,0.0,0.0,0.0,0.0,0.0
2,1,0.18732926,0.81267077,0.0,0.0,0.0,0.0,0.0,0.0,0.0
2,1,0.18732926,0.81267077,0.0,0.0,0.0,0.0,0.0,0.0,0.0
2,1,0.18732926,0.81267077,0.0,0.0,0.0,0.0,0.0,0.0,0.0
2,1,0.18732926,0.81267077,0.0,0.0,0.0,0.0,0.0,0.0,0.0
2,1,0.18732926,0.81267077,0.0,0.0,0.0,0.0,0.0,0.0,0.0
2,1,0.18732926,0.81267077,0.0,0.0,0.0,0.0,0.0,0.0,0.0
2,1,0.18732926,0.81267077,0.0,0.0,0.0,0.0,0.0,0.0,0.0
2,1,0.18732926,0.81267077,0.0,0.0,0.0,0.0,0.0,0.0,0.0
2,1,0.18732926,0.81267077,0.0,0.0,0.0,0.0,0.0,0.0,0.0
2,1,0.18732926,0.81267077,0.0,0.0,0.0,0.0,0.0,0.0,0.0
2,1,0.18732926,0.81267077,0.0,0.0,0.0,0.0,0.0,0.0,0.0
2,1,0.18732926,0.81267077,0.0,0.0,0.0,0.0,0.0,0.0,0.0
2,1,0.18732926,0.81267077,0.0,0.0,0.0,0.0,0.0,0.0,0.0
2,1,0.18732926,0.81267077,0.0,0.0,0.0,0.0,0.0,0.0,0.0
2,1,0.18732926,0.81267077,0.0,0.0,0.0,0.0,0.0,0.0,0.0
2,1,0.18732926,0.81267077,0.0,0.0,0.0,0.0,0.0,0.0,0.0
2,1,0.18732926,0.81267077,0.0,0.0,0.0,0.0,0.0,0.0,0.0
2,1,0.18732926,0.81267077,0.0,0.0,0.0,0.0,0.0,0.0,0.0
2,1,0.18732926,0.81267077,0.0,0.0,0.0,0.0,0.0,0.0,0.0
2,1,0.18732926,0.81267077,0.0,0.0,0.0,0.0,0.0,0.0,0.0
2,1,0.18732926,0.81267077,0.0,0.0,0.0,0.0,0.0,0.0,0.0
2,1,0.18732926,0.81267077,0.0,0.0,0.0,0.0,0.0,0.0,0.0
2,1,0.18732926,0.81267077,0.0,0.0,0.0,0.0,0.0,0.0,0.0
2,1,0.18732926,0.81267077,0.0,0.0,0.0,0.0,0.0,0.0,0.0
2,1,0.18732926,0.81267077,0.0,0.0,0.0,0.0,0.0,0.0,0.0
2,1,0.18732926,0.81267077,0.0,0.0,0.0,0.0,0.0,0.0,0.0
2,1,0.18732926,0.81267077,0.0,0.0,0.0,0.0,0.0,0.0,0.0
2,1,0.18732926,0.81267077,0.0,0.0,0.0,0.0,0.0,0.0,0.0
2,1,0.18732926,0.81267077,0.0,0.0,0.0,0.0,0.0,0.0,0.0
2,1,0.18732926,0.81267077,0.0,0.0,0.0,0.0,0.0,0.0,0.0
2,1,0.18732926,0.81267077,0.0,0.0,0.0,0.0,0.0,0.0,0.0
2,1,0.18732926,0.81267077,0.0,0.0,0.0,0.0,0.0,0.0,0.0
2,1,0.18732926,0.81267077,0.0,0.0,0.0,0.0,0.0,0.0,0.0
2,1,0.18732926,0.81267077,0.0,0.0,0.0,0.0,0.0,0.0,0.0
2,1,0.18732926,0.81267077,0.0,0.0,0.0,0.0,0.0,0.0,0.0
2,1,0.18732926,0.81267077,0.0,0.0,0.0,0.0,0.0,0.0,0.0
2,1,0.18732926,0.81267077,0.0,0.0,0.0,0.0,0.0,0.0,0.0
2,1,0.18732926,0.81267077,0.0,0.0,0.0,0.0,0.0,0.0,0.0
2,1,0.18732926,0.81267077,0.0,0.0,0.0,0.0,0.0,0.0,0.0
2,1,0.18732926,0.81267077,0.0,0.0,0.0,0.0,0.0,0.0,0.0
2,1,0.18732926,0.81267077,0.0,0.0,0.0,0.0,0.0,0.0,0.0
2,1,0.18732926,0.81267077,0.0,0.0,0.0,0.0,0.0,0.0,0.0
2,1,0.18732926,0.81267077,0.0,0.0,0.0,0.0,0.0,0.0,0.0
2,1,0.18732926,0.81267077,0.0,0.0,0.0,0.0,0.0,0.0,0.0
2,1,0.18732926,0.81267077,0.0,0.0,0.0,0.0,0.0,0.0,0.0
2,1,0.18732926,0.81267077,0.0,0.0,0.0,0.0,0.0,0.0,0.0
2,1,0.18732926,0.81267077,0.0,0.0,0.0,0.0,0.0,0.0,0.0
2,1,0.18732926,0.81267077,0.0,0.0,0.0,0.0,0.0,0.0,0.0
2,1,0.18732926,0.81267077,0.0,0.0,0.0,0.0,0.0,0.0,0.0
2,1,0.18732926,0.81267077,0.0,0.0,0.0,0.0,0.0,0.0,0.0
2,1,0.18732926,0.81267077,0.0,0.0,0.0,0.0,0.0,0.0,0.0
2,1,0.18732926,0.81267077,0.0,0.0,0.0,0.0,0.0,0.0,0.0
2,1,0.18732926,0.81267077,0.0,0.0,0.0,0.0,0.0,0.0,0.0
2,1,0.18732926,0.81267077,0.0,0.0,0.0,0.0,0.0,0.0,0.0
2,1,0.18732926,0.81267077,0.0,0.0,0.0,0.0,0.0,0.0,0.0
2,1,0.18732926,0.81267077,0.0,0.0,0.0,0.0,0.0,0.0,0.0
2,1,0.18732926,0.81267077,0.0,0.0,0.0,0.0,0.0,0.0,0.0
2,1,0.18732926,0.81267077,0.0,0.0,0.0,0.0,0.0,0.0,0.0
2,1,0.18732926,0.81267077,0.0,0.0,0.0,0.0,0.0,0.0,0.0
2,1,0.18732926,0.81267077,0.0,0.0,0.0,0.0,0.0,0.0,0.0
2,1,0.18732926,0.81267077,0.0,0.0,0.0,0.0,0.0,0.0,0.0
2,1,0.18732926,0.81267077,0.0,0.0,0.0,0.0,0.0,0.0,0.0
2,1,0.18732926,0.81267077,0.0,0.0,0.0,0.0,0.0,0.0,0.0
2,1,0.18732926,0.81267077,0.0,0.0,0.0,0.0,0.0,0.0,0.0
2,1,0.18732926,0.81267077,0.0,0.0,0.0,0.0,0.0,0.0,0.0
2,1,0.18732926,0.81267077,0.0,0.0,0.0,0.0,0.0,0.0,0.0
2,1,0.18732926,0.81267077,0.0,0.0,0.0,0.0,0.0,0.0,0.0
2,1,0.18732926,0.81267077,0.0,0.0,0.0,0.0,0.0,0.0,0.0
2,1,0.18732926,0.81267077,0.0,0.0,0.0,0.0,0.0,0.0,0.0
2,1,0.18732926,0.81267077,0.0,0.0,0.0,0.0,0.0,0.0,0.0
2,1,0.18732926,0.81267077,0.0,0.0,0.0,0.0,0.0,0.0,0.0
2,1,0.18732926,0.81267077,0.0,0.0,0.0,0.0,0.0,0.0,0.0
2,1,0.18732926,0.81267077,0.0,0.0,0.0,0.0,0.0,0.0,0.0
2,1,0.18732926,0.81267077,0.0,0.0,0.0,0.0,0.0,0.0,0.0
2,1,0.18732926,0.81267077,0.0,0.0,0.0,0.0,0.0,0.0,0.0
2,1,0.18732926,0.81267077,0.0,0.0,0.0,0.0,0.0,0.0,0.0
2,1,0.18732926,0.81267077,0.0,0.0,0.0,0.0,0.0,0.0,0.0
2,1,0.18732926,0.81267077,0.0,0.0,0.0,0.0,0.0,0.0,0.0
2,1,0.18732926,0.81267077,0.0,0.0,0.0,0.0,0.0,0.0,0.0
2,1,0.18732926,0.81267077,0.0,0.0,0.0,0.0,0.0,0.0,0.0
2,1,0.18732926,0.81267077,0.0,0.0,0.0,0.0,0.0,0.0,0.0
2,1,0.18732926,0.81267077,0.0,0.0,0.0,0.0,0.0,0.0,0.0
2,1,0.18732926,0.81267077,0.0,0.0,0.0,0.0,0.0,0.0,0.0
2,1,0.18732926,0.81267077,0.0,0.0,0.0,0.0,0.0,0.0,0.0
2,1,0.18732926,0.81267077,0.0,0.0,0.0,0.0,0.0,0.0,0.0
2,1,0.18732926,0.81267077,0.0,0.0,0.0,0.0,0.0,0.0,0.0
2,1,0.18732926,0.81267077,0.0,0.0,0.0,0.0,0.0,0.0,0.0
2,1,0.18732926,0.81267077,0.0,0.0,0.0,0.0,0.0,0.0,0.0
2,1,0.18732926,0.81267077,0.0,0.0,0.0,0.0,0.0,0.0,0.0
2,1,0.18732926,0.81267077,0.0,0.0,0.0,0.0,0.0,0.0,0.0
2,1,0.18732926,0.81267077,0.0,0.0,0.0,0.0,0.0,0.0,0.0
2,1,0.18732926,0.81267077,0.0,0.0,0.0,0.0,0.0,0.0,0.0
2,1,0.18732926,0.81267077,0.0,0.0,0.0,0.0,0.0,0.0,0.0
2,1,0.18732926,0.81267077,0.0,0.0,0.0,0.0,0.0,0.0,0.0
2,1,0.18732926,0.81267077,0.0,0.0,0.0,0.0,0.0,0.0,0.0
2,1,0.18732926,0.81267077,0.0,0.0,0.0,0.0,0.0,0.0,0.0
2,1,0.12484924,0.8751508,0.0,0.0,0.0,0.0,0.0,0.0,0.0
2,1,0.12484924,0.8751508,0.0,0.0,0.0,0.0,0.0,0.0,0.0
2,1,0.12484924,0.8751508,0.0,0.0,0.0,0.0,0.0,0.0,0.0
2,1,0.12484924,0.8751508,0.0,0.0,0.0,0.0,0.0,0.0,0.0
2,1,0.12484924,0.8751508,0.0,0.0,0.0,0.0,0.0,0.0,0.0
2,1,0.12484924,0.8751508,0.0,0.0,0.0,0.0,0.0,0.0,0.0
2,1,0.12484924,0.8751508,0.0,0.0,0.0,0.0,0.0,0.0,0.0
2,1,0.12484924,0.8751508,0.0,0.0,0.0,0.0,0.0,0.0,0.0
2,1,0.12484924,0.8751508,0.0,0.0,0.0,0.0,0.0,0.0,0.0
2,1,0.12484924,0.8751508,0.0,0.0,0.0,0.0,0.0,0.0,0.0
2,1,0.12484924,0.8751508,0.0,0.0,0.0,0.0,0.0,0.0,0.0
2,1,0.12484924,0.8751508,0.0,0.0,0.0,0.0,0.0,0.0,0.0
2,1,0.12484924,0.8751508,0.0,0.0,0.0,0.0,0.0,0.0,0.0
2,1,0.12484924,0.8751508,0.0,0.0,0.0,0.0,0.0,0.0,0.0
2,1,0.12484924,0.8751508,0.0,0.0,0.0,0.0,0.0,0.0,0.0
2,1,0.12484924,0.8751508,0.0,0.0,0.0,0.0,0.0,0.0,0.0
2,1,0.12484924,0.8751508,0.0,0.0,0.0,0.0,0.0,0.0,0.0
2,1,0.12484924,0.8751508,0.0,0.0,0.0,0.0,0.0,0.0,0.0
2,1,0.12484924,0.8751508,0.0,0.0,0.0,0.0,0.0,0.0,0.0
2,1,0.12484924,0.8751508,0.0,0.0,0.0,0.0,0.0,0.0,0.0
2,1,0.12484924,0.8751508,0.0,0.0,0.0,0.0,0.0,0.0,0.0
2,1,0.12484924,0.8751508,0.0,0.0,0.0,0.0,0.0,0.0,0.0
2,1,0.12484924,0.8751508,0.0,0.0,0.0,0.0,0.0,0.0,0.0
2,1,0.12484924,0.8751508,0.0,0.0,0.0,0.0,0.0,0.0,0.0
2,1,0.12484924,0.8751508,0.0,0.0,0.0,0.0,0.0,0.0,0.0
2,1,0.12484924,0.8751508,0.0,0.0,0.0,0.0,0.0,0.0,0.0
2,1,0.12484924,0.8751508,0.0,0.0,0.0,0.0,0.0,0.0,0.0
2,1,0.12484924,0.8751508,0.0,0.0,0.0,0.0,0.0,0.0,0.0
2,1,0.12484924,0.8751508,0.0,0.0,0.0,0.0,0.0,0.0,0.0
2,1,0.12484924,0.8751508,0.0,0.0,0.0,0.0,0.0,0.0,0.0
2,1,0.12484924,0.8751508,0.0,0.0,0.0,0.0,0.0,0.0,0.0
2,1,0.12484924,0.8751508,0.0,0.0,0.0,0.0,0.0,0.0,0.0
2,1,0.12484924,0.8751508,0.0,0.0,0.0,0.0,0.0,0.0,0.0
2,1,0.12484924,0.8751508,0.0,0.0,0.0,0.0,0.0,0.0,0.0
2,1,0.12484924,0.8751508,0.0,0.0,0.0,0.0,0.0,0.0,0.0
2,1,0.12484924,0.8751508,0.0,0.0,0.0,0.0,0.0,0.0,0.0
2,1,0.12484924,0.8751508,0.0,0.0,0.0,0.0,0.0,0.0,0.0
2,1,0.12484924,0.8751508,0.0,0.0,0.0,0.0,0.0,0.0,0.0
2,1,0.12484924,0.8751508,0.0,0.0,0.0,0.0,0.0,0.0,0.0
2,1,0.12484924,0.8751508,0.0,0.0,0.0,0.0,0.0,0.0,0.0
2,1,0.12484924,0.8751508,0.0,0.0,0.0,0.0,0.0,0.0,0.0
2,1,0.12484924,0.8751508,0.0,0.0,0.0,0.0,0.0,0.0,0.0
2,1,0.12484924,0.8751508,0.0,0.0,0.0,0.0,0.0,0.0,0.0
2,1,0.12484924,0.8751508,0.0,0.0,0.0,0.0,0.0,0.0,0.0
2,1,0.12484924,0.8751508,0.0,0.0,0.0,0.0,0.0,0.0,0.0
2,1,0.12484924,0.8751508,0.0,0.0,0.0,0.0,0.0,0.0,0.0
2,1,0.12484924,0.8751508,0.0,0.0,0.0,0.0,0.0,0.0,0.0
2,1,0.12484924,0.8751508,0.0,0.0,0.0,0.0,0.0,0.0,0.0
2,1,0.12484924,0.8751508,0.0,0.0,0.0,0.0,0.0,0.0,0.0
2,1,0.12484924,0.8751508,0.0,0.0,0.0,0.0,0.0,0.0,0.0
2,1,0.12484924,0.8751508,0.0,0.0,0.0,0.0,0.0,0.0,0.0
2,1,0.12484924,0.8751508,0.0,0.0,0.0,0.0,0.0,0.0,0.0
2,1,0.12484924,0.8751508,0.0,0.0,0.0,0.0,0.0,0.0,0.0
2,1,0.12484924,0.8751508,0.0,0.0,0.0,0.0,0.0,0.0,0.0
2,1,0.12484924,0.8751508,0.0,0.0,0.0,0.0,0.0,0.0,0.0
2,1,0.12484924,0.8751508,0.0,0.0,0.0,0.0,0.0,0.0,0.0
2,1,0.12484924,0.8751508,0.0,0.0,0.0,0.0,0.0,0.0,0.0
2,1,0.12484924,0.8751508,0.0,0.0,0.0,0.0,0.0,0.0,0.0
2,1,0.12484924,0.8751508,0.0,0.0,0.0,0.0,0.0,0.0,0.0
2,1,0.12484924,0.8751508,0.0,0.0,0.0,0.0,0.0,0.0,0.0
2,1,0.12484924,0.8751508,0.0,0.0,0.0,0.0,0.0,0.0,0.0
2,1,0.12484924,0.8751508,0.0,0.0,0.0,0.0,0.0,0.0,0.0
2,1,0.12484924,0.8751508,0.0,0.0,0.0,0.0,0.0,0.0,0.0
2,1,0.12484924,0.8751508,0.0,0.0,0.0,0.0,0.0,0.0,0.0
2,1,0.12484924,0.8751508,0.0,0.0,0.0,0.0,0.0,0.0,0.0
2,1,0.12484924,0.8751508,0.0,0.0,0.0,0.0,0.0,0.0,0.0
2,1,0.12484924,0.8751508,0.0,0.0,0.0,0.0,0.0,0.0,0.0
2,1,0.12484924,0.8751508,0.0,0.0,0.0,0.0,0.0,0.0,0.0
2,1,0.12484924,0.8751508,0.0,0.0,0.0,0.0,0.0,0.0,0.0
2,1,0.12484924,0.8751508,0.0,0.0,0.0,0.0,0.0,0.0,0.0
2,1,0.12484924,0.8751508,0.0,0.0,0.0,0.0,0.0,0.0,0.0
2,1,0.12484924,0.8751508,0.0,0.0,0.0,0.0,0.0,0.0,0.0
2,1,0.12484924,0.8751508,0.0,0.0,0.0,0.0,0.0,0.0,0.0
2,1,0.12484924,0.8751508,0.0,0.0,0.0,0.0,0.0,0.0,0.0
2,1,0.12484924,0.8751508,0.0,0.0,0.0,0.0,0.0,0.0,0.0
2,1,0.12484924,0.8751508,0.0,0.0,0.0,0.0,0.0,0.0,0.0
2,1,0.12484924,0.8751508,0.0,0.0,0.0,0.0,0.0,0.0,0.0
2,1,0.12484924,0.8751508,0.0,0.0,0.0,0.0,0.0,0.0,0.0
2,1,0.12484924,0.8751508,0.0,0.0,0.0,0.0,0.0,0.0,0.0
2,1,0.12484924,0.8751508,0.0,0.0,0.0,0.0,0.0,0.0,0.0
2,1,0.12484924,0.8751508,0.0,0.0,0.0,0.0,0.0,0.0,0.0
2,1,0.12484924,0.8751508,0.0,0.0,0.0,0.0,0.0,0.0,0.0
2,1,0.12484924,0.8751508,0.0,0.0,0.0,0.0,0.0,0.0,0.0
2,1,0.12484924,0.8751508,0.0,0.0,0.0,0.0,0.0,0.0,0.0
2,1,0.12484924,0.8751508,0.0,0.0,0.0,0.0,0.0,0.0,0.0
2,1,0.12484924,0.8751508,0.0,0.0,0.0,0.0,0.0,0.0,0.0
2,1,0.12484924,0.8751508,0.0,0.0,0.0,0.0,0.0,0.0,0.0
2,1,0.12484924,0.8751508,0.0,0.0,0.0,0.0,0.0,0.0,0.0
2,1,0.12484924,0.8751508,0.0,0.0,0.0,0.0,0.0,0.0,0.0
2,1,0.12484924,0.8751508,0.0,0.0,0.0,0.0,0.0,0.0,0.0
2,1,0.12484924,0.8751508,0.0,0.0,0.0,0.0,0.0,0.0,0.0
2,1,0.12484924,0.8751508,0.0,0.0,0.0,0.0,0.0,0.0,0.0
2,1,0.12484924,0.8751508,0.0,0.0,0.0,0.0,0.0,0.0,0.0
2,1,0.12484924,0.8751508,0.0,0.0,0.0,0.0,0.0,0.0,0.0
2,1,0.12484924,0.8751508,0.0,0.0,0.0,0.0,0.0,0.0,0.0
2,1,0.12484924,0.8751508,0.0,0.0,0.0,0.0,0.0,0.0,0.0
2,1,0.12484924,0.8751508,0.0,0.0,0.0,0.0,0.0,0.0,0.0
2,1,0.12484924,0.8751508,0.0,0.0,0.0,0.0,0.0,0.0,0.0
2,1,0.12484924,0.8751508,0.0,0.0,0.0,0.0,0.0,0.0,0.0
2,1,0.12484924,0.8751508,0.0,0.0,0.0,0.0,0.0,0.0,0.0
2,1,0.12484924,0.8751508,0.0,0.0,0.0,0.0,0.0,0.0,0.0
2,1,0.12484924,0.8751508,0.0,0.0,0.0,0.0,0.0,0.0,0.0
2,1,0.12484924,0.8751508,0.0,0.0,0.0,0.0,0.0,0.0,0.0
2,1,0.12484924,0.8751508,0.0,0.0,0.0,0.0,0.0,0.0,0.0
2,1,0.12484924,0.8751508,0.0,0.0,0.0,0.0,0.0,0.0,0.0
2,1,0.12484924,0.8751508,0.0,0.0,0.0,0.0,0.0,0.0,0.0
2,1,0.12484924,0.8751508,0.0,0.0,0.0,0.0,0.0,0.0,0.0
2,1,0.12484924,0.8751508,0.0,0.0,0.0,0.0,0.0,0.0,0.0
2,1,0.12484924,0.8751508,0.0,0.0,0.0,0.0,0.0,0.0,0.0
2,1,0.12484924,0.8751508,0.0,0.0,0.0,0.0,0.0,0.0,0.0
2,1,0.12484924,0.8751508,0.0,0.0,0.0,0.0,0.0,0.0,0.0
2,1,0.12484924,0.8751508,0.0,0.0,0.0,0.0,0.0,0.0,0.0
2,1,0.12484924,0.8751508,0.0,0.0,0.0,0.0,0.0,0.0,0.0
2,1,0.12484924,0.8751508,0.0,0.0,0.0,0.0,0.0,0.0,0.0
2,1,0.12484924,0.8751508,0.0,0.0,0.0,0.0,0.0,0.0,0.0
2,1,0.12484924,0.8751508,0.0,0.0,0.0,0.0,0.0,0.0,0.0
2,1,0.12484924,0.8751508,0.0,0.0,0.0,0.0,0.0,0.0,0.0
2,1,0.12484924,0.8751508,0.0,0.0,0.0,0.0,0.0,0.0,0.0
2,1,0.12484924,0.8751508,0.0,0.0,0.0,0.0,0.0,0.0,0.0
2,1,0.12484924,0.8751508,0.0,0.0,0.0,0.0,0.0,0.0,0.0
2,1,0.12484924,0.8751508,0.0,0.0,0.0,0.0,0.0,0.0,0.0
2,1,0.12484924,0.8751508,0.0,0.0,0.0,0.0,0.0,0.0,0.0
2,1,0.12484924,0.8751508,0.0,0.0,0.0,0.0,0.0,0.0,0.0
2,1,0.12484924,0.8751508,0.0,0.0,0.0,0.0,0.0,0.0,0.0
2,1,0.12484924,0.8751508,0.0,0.0,0.0,0.0,0.0,0.0,0.0
2,1,0.12484924,0.8751508,0.0,0.0,0.0,0.0,0.0,0.0,0.0
2,1,0.19841166,0.80158836,0.0,0.0,0.0,0.0,0.0,0.0,0.0
2,1,0.19841166,0.80158836,0.0,0.0,0.0,0.0,0.0,0.0,0.0
2,1,0.25474808,0.74525195,0.0,0.0,0.0,0.0,0.0,0.0,0.0
2,1,0.25474808,0.74525195,0.0,0.0,0.0,0.0,0.0,0.0,0.0
2,1,0.25474808,0.74525195,0.0,0.0,0.0,0.0,0.0,0.0,0.0
2,1,0.25474808,0.74525195,0.0,0.0,0.0,0.0,0.0,0.0,0.0
2,1,0.25474808,0.74525195,0.0,0.0,0.0,0.0,0.0,0.0,0.0
2,1,0.25474808,0.74525195,0.0,0.0,0.0,0.0,0.0,0.0,0.0
2,1,0.25474808,0.74525195,0.0,0.0,0.0,0.0,0.0,0.0,0.0
2,1,0.25474808,0.74525195,0.0,0.0,0.0,0.0,0.0,0.0,0.0
2,1,0.25474808,0.74525195,0.0,0.0,0.0,0.0,0.0,0.0,0.0
2,1,0.25474808,0.74525195,0.0,0.0,0.0,0.0,0.0,0.0,0.0
2,1,0.25474808,0.74525195,0.0,0.0,0.0,0.0,0.0,0.0,0.0
2,1,0.25474808,0.74525195,0.0,0.0,0.0,0.0,0.0,0.0,0.0
2,1,0.25474808,0.74525195,0.0,0.0,0.0,0.0,0.0,0.0,0.0
2,1,0.25474808,0.74525195,0.0,0.0,0.0,0.0,0.0,0.0,0.0
2,1,0.25474808,0.74525195,0.0,0.0,0.0,0.0,0.0,0.0,0.0
2,1,0.25474808,0.74525195,0.0,0.0,0.0,0.0,0.0,0.0,0.0
2,1,0.25474808,0.74525195,0.0,0.0,0.0,0.0,0.0,0.0,0.0
2,1,0.25474808,0.74525195,0.0,0.0,0.0,0.0,0.0,0.0,0.0
2,1,0.25474808,0.74525195,0.0,0.0,0.0,0.0,0.0,0.0,0.0
2,1,0.25474808,0.74525195,0.0,0.0,0.0,0.0,0.0,0.0,0.0
2,1,0.25474808,0.74525195,0.0,0.0,0.0,0.0,0.0,0.0,0.0
2,1,0.25474808,0.74525195,0.0,0.0,0.0,0.0,0.0,0.0,0.0
2,1,0.25474808,0.74525195,0.0,0.0,0.0,0.0,0.0,0.0,0.0
2,1,0.25474808,0.74525195,0.0,0.0,0.0,0.0,0.0,0.0,0.0
2,1,0.25474808,0.74525195,0.0,0.0,0.0,0.0,0.0,0.0,0.0
2,1,0.25474808,0.74525195,0.0,0.0,0.0,0.0,0.0,0.0,0.0
2,1,0.25474808,0.74525195,0.0,0.0,0.0,0.0,0.0,0.0,0.0
2,1,0.25474808,0.74525195,0.0,0.0,0.0,0.0,0.0,0.0,0.0
2,1,0.25474808,0.74525195,0.0,0.0,0.0,0.0,0.0,0.0,0.0
2,1,0.25474808,0.74525195,0.0,0.0,0.0,0.0,0.0,0.0,0.0
2,1,0.25474808,0.74525195,0.0,0.0,0.0,0.0,0.0,0.0,0.0
2,1,0.25474808,0.74525195,0.0,0.0,0.0,0.0,0.0,0.0,0.0
2,1,0.25474808,0.74525195,0.0,0.0,0.0,0.0,0.0,0.0,0.0
2,1,0.25474808,0.74525195,0.0,0.0,0.0,0.0,0.0,0.0,0.0
2,1,0.25474808,0.74525195,0.0,0.0,0.0,0.0,0.0,0.0,0.0
2,1,0.25474808,0.74525195,0.0,0.0,0.0,0.0,0.0,0.0,0.0
2,1,0.25474808,0.74525195,0.0,0.0,0.0,0.0,0.0,0.0,0.0
2,1,0.25474808,0.74525195,0.0,0.0,0.0,0.0,0.0,0.0,0.0
2,1,0.25474808,0.74525195,0.0,0.0,0.0,0.0,0.0,0.0,0.0
2,1,0.25474808,0.74525195,0.0,0.0,0.0,0.0,0.0,0.0,0.0
2,1,0.25474808,0.74525195,0.0,0.0,0.0,0.0,0.0,0.0,0.0
2,1,0.25474808,0.74525195,0.0,0.0,0.0,0.0,0.0,0.0,0.0
2,1,0.25474808,0.74525195,0.0,0.0,0.0,0.0,0.0,0.0,0.0
2,1,0.25474808,0.74525195,0.0,0.0,0.0,0.0,0.0,0.0,0.0
2,1,0.25474808,0.74525195,0.0,0.0,0.0,0.0,0.0,0.0,0.0
2,1,0.25474808,0.74525195,0.0,0.0,0.0,0.0,0.0,0.0,0.0
2,1,0.25474808,0.74525195,0.0,0.0,0.0,0.0,0.0,0.0,0.0
2,1,0.25474808,0.74525195,0.0,0.0,0.0,0.0,0.0,0.0,0.0
2,1,0.25474808,0.74525195,0.0,0.0,0.0,0.0,0.0,0.0,0.0
2,1,0.25474808,0.74525195,0.0,0.0,0.0,0.0,0.0,0.0,0.0
2,1,0.25474808,0.74525195,0.0,0.0,0.0,0.0,0.0,0.0,0.0
2,1,0.25474808,0.74525195,0.0,0.0,0.0,0.0,0.0,0.0,0.0
2,1,0.25474808,0.74525195,0.0,0.0,0.0,0.0,0.0,0.0,0.0
2,1,0.25474808,0.74525195,0.0,0.0,0.0,0.0,0.0,0.0,0.0
2,1,0.25474808,0.74525195,0.0,0.0,0.0,0.0,0.0,0.0,0.0
2,1,0.25474808,0.74525195,0.0,0.0,0.0,0.0,0.0,0.0,0.0
2,1,0.25474808,0.74525195,0.0,0.0,0.0,0.0,0.0,0.0,0.0
2,1,0.25474808,0.74525195,0.0,0.0,0.0,0.0,0.0,0.0,0.0
2,1,0.25474808,0.74525195,0.0,0.0,0.0,0.0,0.0,0.0,0.0
2,1,0.25474808,0.74525195,0.0,0.0,0.0,0.0,0.0,0.0,0.0
2,1,0.25474808,0.74525195,0.0,0.0,0.0,0.0,0.0,0.0,0.0
2,1,0.25474808,0.74525195,0.0,0.0,0.0,0.0,0.0,0.0,0.0
2,1,0.25474808,0.74525195,0.0,0.0,0.0,0.0,0.0,0.0,0.0
2,1,0.25474808,0.74525195,0.0,0.0,0.0,0.0,0.0,0.0,0.0
2,1,0.25474808,0.74525195,0.0,0.0,0.0,0.0,0.0,0.0,0.0
2,1,0.25474808,0.74525195,0.0,0.0,0.0,0.0,0.0,0.0,0.0
2,1,0.25474808,0.74525195,0.0,0.0,0.0,0.0,0.0,0.0,0.0
2,1,0.25474808,0.74525195,0.0,0.0,0.0,0.0,0.0,0.0,0.0
2,1,0.25474808,0.74525195,0.0,0.0,0.0,0.0,0.0,0.0,0.0
2,1,0.25474808,0.74525195,0.0,0.0,0.0,0.0,0.0,0.0,0.0
2,1,0.25474808,0.74525195,0.0,0.0,0.0,0.0,0.0,0.0,0.0
2,1,0.25474808,0.74525195,0.0,0.0,0.0,0.0,0.0,0.0,0.0
2,1,0.25474808,0.74525195,0.0,0.0,0.0,0.0,0.0,0.0,0.0
2,1,0.25474808,0.74525195,0.0,0.0,0.0,0.0,0.0,0.0,0.0
2,1,0.25474808,0.74525195,0.0,0.0,0.0,0.0,0.0,0.0,0.0
2,1,0.25474808,0.74525195,0.0,0.0,0.0,0.0,0.0,0.0,0.0
2,1,0.25474808,0.74525195,0.0,0.0,0.0,0.0,0.0,0.0,0.0
2,1,0.25474808,0.74525195,0.0,0.0,0.0,0.0,0.0,0.0,0.0
2,1,0.25474808,0.74525195,0.0,0.0,0.0,0.0,0.0,0.0,0.0
2,1,0.25474808,0.74525195,0.0,0.0,0.0,0.0,0.0,0.0,0.0
2,1,0.25474808,0.74525195,0.0,0.0,0.0,0.0,0.0,0.0,0.0
2,1,0.25474808,0.74525195,0.0,0.0,0.0,0.0,0.0,0.0,0.0
2,1,0.25474808,0.74525195,0.0,0.0,0.0,0.0,0.0,0.0,0.0
2,1,0.25474808,0.74525195,0.0,0.0,0.0,0.0,0.0,0.0,0.0
2,1,0.25474808,0.74525195,0.0,0.0,0.0,0.0,0.0,0.0,0.0
2,1,0.25474808,0.74525195,0.0,0.0,0.0,0.0,0.0,0.0,0.0
2,1,0.25474808,0.74525195,0.0,0.0,0.0,0.0,0.0,0.0,0.0
2,1,0.25474808,0.74525195,0.0,0.0,0.0,0.0,0.0,0.0,0.0
2,1,0.25474808,0.74525195,0.0,0.0,0.0,0.0,0.0,0.0,0.0
2,1,0.25474808,0.74525195,0.0,0.0,0.0,0.0,0.0,0.0,0.0
2,1,0.25474808,0.74525195,0.0,0.0,0.0,0.0,0.0,0.0,0.0
2,1,0.25474808,0.74525195,0.0,0.0,0.0,0.0,0.0,0.0,0.0
2,1,0.25474808,0.74525195,0.0,0.0,0.0,0.0,0.0,0.0,0.0
2,1,0.25474808,0.74525195,0.0,0.0,0.0,0.0,0.0,0.0,0.0
2,1,0.25474808,0.74525195,0.0,0.0,0.0,0.0,0.0,0.0,0.0
2,1,0.25474808,0.74525195,0.0,0.0,0.0,0.0,0.0,0.0,0.0
2,1,0.25474808,0.74525195,0.0,0.0,0.0,0.0,0.0,0.0,0.0
2,1,0.25474808,0.74525195,0.0,0.0,0.0,0.0,0.0,0.0,0.0
2,1,0.25474808,0.74525195,0.0,0.0,0.0,0.0,0.0,0.0,0.0
2,1,0.25474808,0.74525195,0.0,0.0,0.0,0.0,0.0,0.0,0.0
2,1,0.25474808,0.74525195,0.0,0.0,0.0,0.0,0.0,0.0,0.0
2,1,0.25474808,0.74525195,0.0,0.0,0.0,0.0,0.0,0.0,0.0
2,1,0.25474808,0.74525195,0.0,0.0,0.0,0.0,0.0,0.0,0.0
2,1,0.25474808,0.74525195,0.0,0.0,0.0,0.0,0.0,0.0,0.0
2,1,0.25474808,0.74525195,0.0,0.0,0.0,0.0,0.0,0.0,0.0
2,1,0.25474808,0.74525195,0.0,0.0,0.0,0.0,0.0,0.0,0.0
2,1,0.25474808,0.74525195,0.0,0.0,0.0,0.0,0.0,0.0,0.0
2,1,0.25474808,0.74525195,0.0,0.0,0.0,0.0,0.0,0.0,0.0
2,1,0.25474808,0.74525195,0.0,0.0,0.0,0.0,0.0,0.0,0.0
2,1,0.25474808,0.74525195,0.0,0.0,0.0,0.0,0.0,0.0,0.0
2,1,0.25474808,0.74525195,0.0,0.0,0.0,0.0,0.0,0.0,0.0
2,1,0.25474808,0.74525195,0.0,0.0,0.0,0.0,0.0,0.0,0.0
2,1,0.25474808,0.74525195,0.0,0.0,0.0,0.0,0.0,0.0,0.0
2,1,0.25474808,0.74525195,0.0,0.0,0.0,0.0,0.0,0.0,0.0
2,1,0.25474808,0.74525195,0.0,0.0,0.0,0.0,0.0,0.0,0.0
2,1,0.25474808,0.74525195,0.0,0.0,0.0,0.0,0.0,0.0,0.0
2,1,0.25474808,0.74525195,0.0,0.0,0.0,0.0,0.0,0.0,0.0
2,1,0.25474808,0.74525195,0.0,0.0,0.0,0.0,0.0,0.0,0.0
2,1,0.25474808,0.74525195,0.0,0.0,0.0,0.0,0.0,0.0,0.0
2,1,0.25474808,0.74525195,0.0,0.0,0.0,0.0,0.0,0.0,0.0
2,1,0.25474808,0.74525195,0.0,0.0,0.0,0.0,0.0,0.0,0.0
2,1,0.25474808,0.74525195,0.0,0.0,0.0,0.0,0.0,0.0,0.0
2,1,0.25474808,0.74525195,0.0,0.0,0.0,0.0,0.0,0.0,0.0
2,1,0.25474808,0.74525195,0.0,0.0,0.0,0.0,0.0,0.0,0.0
2,1,0.25474808,0.74525195,0.0,0.0,0.0,0.0,0.0,0.0,0.0
2,1,0.25474808,0.74525195,0.0,0.0,0.0,0.0,0.0,0.0,0.0
2,1,0.25474808,0.74525195,0.0,0.0,0.0,0.0,0.0,0.0,0.0
2,1,0.25474808,0.74525195,0.0,0.0,0.0,0.0,0.0,0.0,0.0
2,1,0.25474808,0.74525195,0.0,0.0,0.0,0.0,0.0,0.0,0.0
2,1,0.25474808,0.74525195,0.0,0.0,0.0,0.0,0.0,0.0,0.0
2,1,0.25474808,0.74525195,0.0,0.0,0.0,0.0,0.0,0.0,0.0
2,1,0.25474808,0.74525195,0.0,0.0,0.0,0.0,0.0,0.0,0.0
2,1,0.25474808,0.74525195,0.0,0.0,0.0,0.0,0.0,0.0,0.0
2,1,0.25474808,0.74525195,0.0,0.0,0.0,0.0,0.0,0.0,0.0
2,1,0.25474808,0.74525195,0.0,0.0,0.0,0.0,0.0,0.0,0.0
2,1,0.25474808,0.74525195,0.0,0.0,0.0,0.0,0.0,0.0,0.0
2,1,0.25474808,0.74525195,0.0,0.0,0.0,0.0,0.0,0.0,0.0
2,1,0.25474808,0.74525195,0.0,0.0,0.0,0.0,0.0,0.0,0.0
2,1,0.25474808,0.74525195,0.0,0.0,0.0,0.0,0.0,0.0,0.0
2,1,0.25474808,0.74525195,0.0,0.0,0.0,0.0,0.0,0.0,0.0
2,1,0.25474808,0.74525195,0.0,0.0,0.0,0.0,0.0,0.0,0.0
2,1,0.25474808,0.74525195,0.0,0.0,0.0,0.0,0.0,0.0,0.0
2,1,0.25474808,0.74525195,0.0,0.0,0.0,0.0,0.0,0.0,0.0
2,1,0.25474808,0.74525195,0.0,0.0,0.0,0.0,0.0,0.0,0.0
2,1,0.3125055,0.6874945,0.0,0.0,0.0,0.0,0.0,0.0,0.0
2,1,0.3125055,0.6874945,0.0,0.0,0.0,0.0,0.0,0.0,0.0
2,1,0.3125055,0.6874945,0.0,0.0,0.0,0.0,0.0,0.0,0.0
2,1,0.3125055,0.6874945,0.0,0.0,0.0,0.0,0.0,0.0,0.0
2,1,0.3125055,0.6874945,0.0,0.0,0.0,0.0,0.0,0.0,0.0
2,1,0.3125055,0.6874945,0.0,0.0,0.0,0.0,0.0,0.0,0.0
2,1,0.3125055,0.6874945,0.0,0.0,0.0,0.0,0.0,0.0,0.0
2,1,0.3125055,0.6874945,0.0,0.0,0.0,0.0,0.0,0.0,0.0
2,1,0.3125055,0.6874945,0.0,0.0,0.0,0.0,0.0,0.0,0.0
2,1,0.3125055,0.6874945,0.0,0.0,0.0,0.0,0.0,0.0,0.0
2,1,0.3125055,0.6874945,0.0,0.0,0.0,0.0,0.0,0.0,0.0
2,1,0.3125055,0.6874945,0.0,0.0,0.0,0.0,0.0,0.0,0.0
2,1,0.3125055,0.6874945,0.0,0.0,0.0,0.0,0.0,0.0,0.0
2,1,0.3125055,0.6874945,0.0,0.0,0.0,0.0,0.0,0.0,0.0
2,1,0.3125055,0.6874945,0.0,0.0,0.0,0.0,0.0,0.0,0.0
2,1,0.3125055,0.6874945,0.0,0.0,0.0,0.0,0.0,0.0,0.0
2,1,0.3125055,0.6874945,0.0,0.0,0.0,0.0,0.0,0.0,0.0
2,1,0.3125055,0.6874945,0.0,0.0,0.0,0.0,0.0,0.0,0.0
2,1,0.3125055,0.6874945,0.0,0.0,0.0,0.0,0.0,0.0,0.0
2,1,0.3125055,0.6874945,0.0,0.0,0.0,0.0,0.0,0.0,0.0
2,1,0.3125055,0.6874945,0.0,0.0,0.0,0.0,0.0,0.0,0.0
2,1,0.3125055,0.6874945,0.0,0.0,0.0,0.0,0.0,0.0,0.0
2,1,0.3125055,0.6874945,0.0,0.0,0.0,0.0,0.0,0.0,0.0
2,1,0.3125055,0.6874945,0.0,0.0,0.0,0.0,0.0,0.0,0.0
2,1,0.25474808,0.74525195,0.0,0.0,0.0,0.0,0.0,0.0,0.0
2,1,0.25474808,0.74525195,0.0,0.0,0.0,0.0,0.0,0.0,0.0
2,1,0.25474808,0.74525195,0.0,0.0,0.0,0.0,0.0,0.0,0.0
2,1,0.25474808,0.74525195,0.0,0.0,0.0,0.0,0.0,0.0,0.0
2,1,0.25474808,0.74525195,0.0,0.0,0.0,0.0,0.0,0.0,0.0
2,1,0.25474808,0.74525195,0.0,0.0,0.0,0.0,0.0,0.0,0.0
2,1,0.25474808,0.74525195,0.0,0.0,0.0,0.0,0.0,0.0,0.0
2,1,0.25474808,0.74525195,0.0,0.0,0.0,0.0,0.0,0.0,0.0
2,1,0.25474808,0.74525195,0.0,0.0,0.0,0.0,0.0,0.0,0.0
2,1,0.25474808,0.74525195,0.0,0.0,0.0,0.0,0.0,0.0,0.0
2,1,0.25474808,0.74525195,0.0,0.0,0.0,0.0,0.0,0.0,0.0
2,1,0.25474808,0.74525195,0.0,0.0,0.0,0.0,0.0,0.0,0.0
2,1,0.25474808,0.74525195,0.0,0.0,0.0,0.0,0.0,0.0,0.0
2,1,0.25474808,0.74525195,0.0,0.0,0.0,0.0,0.0,0.0,0.0
2,1,0.25474808,0.74525195,0.0,0.0,0.0,0.0,0.0,0.0,0.0
2,1,0.25474808,0.74525195,0.0,0.0,0.0,0.0,0.0,0.0,0.0
2,1,0.25474808,0.74525195,0.0,0.0,0.0,0.0,0.0,0.0,0.0
2,1,0.25474808,0.74525195,0.0,0.0,0.0,0.0,0.0,0.0,0.0
2,1,0.25474808,0.74525195,0.0,0.0,0.0,0.0,0.0,0.0,0.0
2,1,0.25474808,0.74525195,0.0,0.0,0.0,0.0,0.0,0.0,0.0
2,1,0.25474808,0.74525195,0.0,0.0,0.0,0.0,0.0,0.0,0.0
2,1,0.25474808,0.74525195,0.0,0.0,0.0,0.0,0.0,0.0,0.0
2,1,0.25474808,0.74525195,0.0,0.0,0.0,0.0,0.0,0.0,0.0
2,1,0.25474808,0.74525195,0.0,0.0,0.0,0.0,0.0,0.0,0.0
2,1,0.25474808,0.74525195,0.0,0.0,0.0,0.0,0.0,0.0,0.0
2,1,0.25474808,0.74525195,0.0,0.0,0.0,0.0,0.0,0.0,0.0
2,1,0.25474808,0.74525195,0.0,0.0,0.0,0.0,0.0,0.0,0.0
2,1,0.25474808,0.74525195,0.0,0.0,0.0,0.0,0.0,0.0,0.0
2,1,0.25474808,0.74525195,0.0,0.0,0.0,0.0,0.0,0.0,0.0
2,1,0.25474808,0.74525195,0.0,0.0,0.0,0.0,0.0,0.0,0.0
2,1,0.25474808,0.74525195,0.0,0.0,0.0,0.0,0.0,0.0,0.0
2,1,0.25474808,0.74525195,0.0,0.0,0.0,0.0,0.0,0.0,0.0
2,1,0.25474808,0.74525195,0.0,0.0,0.0,0.0,0.0,0.0,0.0
2,1,0.25474808,0.74525195,0.0,0.0,0.0,0.0,0.0,0.0,0.0
2,1,0.25474808,0.74525195,0.0,0.0,0.0,0.0,0.0,0.0,0.0
2,1,0.25474808,0.74525195,0.0,0.0,0.0,0.0,0.0,0.0,0.0
2,1,0.25474808,0.74525195,0.0,0.0,0.0,0.0,0.0,0.0,0.0
2,1,0.25474808,0.74525195,0.0,0.0,0.0,0.0,0.0,0.0,0.0
2,1,0.25474808,0.74525195,0.0,0.0,0.0,0.0,0.0,0.0,0.0
2,1,0.25474808,0.74525195,0.0,0.0,0.0,0.0,0.0,0.0,0.0
2,1,0.25474808,0.74525195,0.0,0.0,0.0,0.0,0.0,0.0,0.0
2,1,0.25474808,0.74525195,0.0,0.0,0.0,0.0,0.0,0.0,0.0
2,1,0.25474808,0.74525195,0.0,0.0,0.0,0.0,0.0,0.0,0.0
2,1,0.25474808,0.74525195,0.0,0.0,0.0,0.0,0.0,0.0,0.0
2,1,0.25474808,0.74525195,0.0,0.0,0.0,0.0,0.0,0.0,0.0
2,1,0.25474808,0.74525195,0.0,0.0,0.0,0.0,0.0,0.0,0.0
2,1,0.25474808,0.74525195,0.0,0.0,0.0,0.0,0.0,0.0,0.0
2,1,0.25474808,0.74525195,0.0,0.0,0.0,0.0,0.0,0.0,0.0
2,1,0.3125055,0.6874945,0.0,0.0,0.0,0.0,0.0,0.0,0.0
2,1,0.3125055,0.6874945,0.0,0.0,0.0,0.0,0.0,0.0,0.0
2,1,0.3125055,0.6874945,0.0,0.0,0.0,0.0,0.0,0.0,0.0
2,1,0.3125055,0.6874945,0.0,0.0,0.0,0.0,0.0,0.0,0.0
2,1,0.3125055,0.6874945,0.0,0.0,0.0,0.0,0.0,0.0,0.0
2,1,0.3125055,0.6874945,0.0,0.0,0.0,0.0,0.0,0.0,0.0
2,1,0.3125055,0.6874945,0.0,0.0,0.0,0.0,0.0,0.0,0.0
2,1,0.3125055,0.6874945,0.0,0.0,0.0,0.0,0.0,0.0,0.0
2,1,0.3125055,0.6874945,0.0,0.0,0.0,0.0,0.0,0.0,0.0
2,1,0.3125055,0.6874945,0.0,0.0,0.0,0.0,0.0,0.0,0.0
2,1,0.3125055,0.6874945,0.0,0.0,0.0,0.0,0.0,0.0,0.0
2,1,0.3125055,0.6874945,0.0,0.0,0.0,0.0,0.0,0.0,0.0
2,1,0.3125055,0.6874945,0.0,0.0,0.0,0.0,0.0,0.0,0.0
2,1,0.3125055,0.6874945,0.0,0.0,0.0,0.0,0.0,0.0,0.0
2,1,0.3125055,0.6874945,0.0,0.0,0.0,0.0,0.0,0.0,0.0
2,1,0.3125055,0.6874945,0.0,0.0,0.0,0.0,0.0,0.0,0.0
2,1,0.3125055,0.6874945,0.0,0.0,0.0,0.0,0.0,0.0,0.0
2,1,0.3125055,0.6874945,0.0,0.0,0.0,0.0,0.0,0.0,0.0
2,1,0.3125055,0.6874945,0.0,0.0,0.0,0.0,0.0,0.0,0.0
2,1,0.3125055,0.6874945,0.0,0.0,0.0,0.0,0.0,0.0,0.0
2,1,0.3125055,0.6874945,0.0,0.0,0.0,0.0,0.0,0.0,0.0
2,1,0.3125055,0.6874945,0.0,0.0,0.0,0.0,0.0,0.0,0.0
2,1,0.3125055,0.6874945,0.0,0.0,0.0,0.0,0.0,0.0,0.0
2,1,0.3125055,0.6874945,0.0,0.0,0.0,0.0,0.0,0.0,0.0
2,1,0.19841166,0.80158836,0.0,0.0,0.0,0.0,0.0,0.0,0.0
2,1,0.19841166,0.80158836,0.0,0.0,0.0,0.0,0.0,0.0,0.0
2,1,0.19841166,0.80158836,0.0,0.0,0.0,0.0,0.0,0.0,0.0
2,1,0.19841166,0.80158836,0.0,0.0,0.0,0.0,0.0,0.0,0.0
2,1,0.19841166,0.80158836,0.0,0.0,0.0,0.0,0.0,0.0,0.0
2,1,0.19841166,0.80158836,0.0,0.0,0.0,0.0,0.0,0.0,0.0
2,1,0.19841166,0.80158836,0.0,0.0,0.0,0.0,0.0,0.0,0.0
2,1,0.19841166,0.80158836,0.0,0.0,0.0,0.0,0.0,0.0,0.0
2,1,0.19841166,0.80158836,0.0,0.0,0.0,0.0,0.0,0.0,0.0
2,1,0.19841166,0.80158836,0.0,0.0,0.0,0.0,0.0,0.0,0.0
2,1,0.19841166,0.80158836,0.0,0.0,0.0,0.0,0.0,0.0,0.0
2,1,0.19841166,0.80158836,0.0,0.0,0.0,0.0,0.0,0.0,0.0
2,1,0.19841166,0.80158836,0.0,0.0,0.0,0.0,0.0,0.0,0.0
2,1,0.19841166,0.80158836,0.0,0.0,0.0,0.0,0.0,0.0,0.0
2,1,0.19841166,0.80158836,0.0,0.0,0.0,0.0,0.0,0.0,0.0
2,1,0.19841166,0.80158836,0.0,0.0,0.0,0.0,0.0,0.0,0.0
2,1,0.19841166,0.80158836,0.0,0.0,0.0,0.0,0.0,0.0,0.0
2,1,0.19841166,0.80158836,0.0,0.0,0.0,0.0,0.0,0.0,0.0
2,1,0.19841166,0.80158836,0.0,0.0,0.0,0.0,0.0,0.0,0.0
2,1,0.19841166,0.80158836,0.0,0.0,0.0,0.0,0.0,0.0,0.0
2,1,0.19841166,0.80158836,0.0,0.0,0.0,0.0,0.0,0.0,0.0
2,1,0.19841166,0.80158836,0.0,0.0,0.0,0.0,0.0,0.0,0.0
2,1,0.19841166,0.80158836,0.0,0.0,0.0,0.0,0.0,0.0,0.0
2,1,0.19841166,0.80158836,0.0,0.0,0.0,0.0,0.0,0.0,0.0
2,1,0.19841166,0.80158836,0.0,0.0,0.0,0.0,0.0,0.0,0.0
2,1,0.19841166,0.80158836,0.0,0.0,0.0,0.0,0.0,0.0,0.0
2,1,0.19841166,0.80158836,0.0,0.0,0.0,0.0,0.0,0.0,0.0
2,1,0.19841166,0.80158836,0.0,0.0,0.0,0.0,0.0,0.0,0.0
2,1,0.19841166,0.80158836,0.0,0.0,0.0,0.0,0.0,0.0,0.0
2,1,0.19841166,0.80158836,0.0,0.0,0.0,0.0,0.0,0.0,0.0
2,1,0.19841166,0.80158836,0.0,0.0,0.0,0.0,0.0,0.0,0.0
2,1,0.19841166,0.80158836,0.0,0.0,0.0,0.0,0.0,0.0,0.0
2,1,0.19841166,0.80158836,0.0,0.0,0.0,0.0,0.0,0.0,0.0
2,1,0.19841166,0.80158836,0.0,0.0,0.0,0.0,0.0,0.0,0.0
2,1,0.19841166,0.80158836,0.0,0.0,0.0,0.0,0.0,0.0,0.0
2,1,0.19841166,0.80158836,0.0,0.0,0.0,0.0,0.0,0.0,0.0
2,1,0.19841166,0.80158836,0.0,0.0,0.0,0.0,0.0,0.0,0.0
2,1,0.19841166,0.80158836,0.0,0.0,0.0,0.0,0.0,0.0,0.0
2,1,0.19841166,0.80158836,0.0,0.0,0.0,0.0,0.0,0.0,0.0
2,1,0.19841166,0.80158836,0.0,0.0,0.0,0.0,0.0,0.0,0.0
2,1,0.19841166,0.80158836,0.0,0.0,0.0,0.0,0.0,0.0,0.0
2,1,0.19841166,0.80158836,0.0,0.0,0.0,0.0,0.0,0.0,0.0
2,1,0.19841166,0.80158836,0.0,0.0,0.0,0.0,0.0,0.0,0.0
2,1,0.19841166,0.80158836,0.0,0.0,0.0,0.0,0.0,0.0,0.0
2,1,0.19841166,0.80158836,0.0,0.0,0.0,0.0,0.0,0.0,0.0
2,1,0.19841166,0.80158836,0.0,0.0,0.0,0.0,0.0,0.0,0.0
2,1,0.19841166,0.80158836,0.0,0.0,0.0,0.0,0.0,0.0,0.0
2,1,0.19841166,0.80158836,0.0,0.0,0.0,0.0,0.0,0.0,0.0
2,1,0.19841166,0.80158836,0.0,0.0,0.0,0.0,0.0,0.0,0.0
2,1,0.19841166,0.80158836,0.0,0.0,0.0,0.0,0.0,0.0,0.0
2,1,0.19841166,0.80158836,0.0,0.0,0.0,0.0,0.0,0.0,0.0
2,1,0.19841166,0.80158836,0.0,0.0,0.0,0.0,0.0,0.0,0.0
2,1,0.19841166,0.80158836,0.0,0.0,0.0,0.0,0.0,0.0,0.0
2,1,0.19841166,0.80158836,0.0,0.0,0.0,0.0,0.0,0.0,0.0
2,1,0.19841166,0.80158836,0.0,0.0,0.0,0.0,0.0,0.0,0.0
2,1,0.19841166,0.80158836,0.0,0.0,0.0,0.0,0.0,0.0,0.0
2,1,0.19841166,0.80158836,0.0,0.0,0.0,0.0,0.0,0.0,0.0
2,1,0.19841166,0.80158836,0.0,0.0,0.0,0.0,0.0,0.0,0.0
2,1,0.19841166,0.80158836,0.0,0.0,0.0,0.0,0.0,0.0,0.0
2,1,0.19841166,0.80158836,0.0,0.0,0.0,0.0,0.0,0.0,0.0
2,1,0.19841166,0.80158836,0.0,0.0,0.0,0.0,0.0,0.0,0.0
2,1,0.19841166,0.80158836,0.0,0.0,0.0,0.0,0.0,0.0,0.0
2,1,0.19841166,0.80158836,0.0,0.0,0.0,0.0,0.0,0.0,0.0
2,1,0.19841166,0.80158836,0.0,0.0,0.0,0.0,0.0,0.0,0.0
2,1,0.19841166,0.80158836,0.0,0.0,0.0,0.0,0.0,0.0,0.0
2,1,0.19841166,0.80158836,0.0,0.0,0.0,0.0,0.0,0.0,0.0
2,1,0.19841166,0.80158836,0.0,0.0,0.0,0.0,0.0,0.0,0.0
2,1,0.19841166,0.80158836,0.0,0.0,0.0,0.0,0.0,0.0,0.0
2,1,0.19841166,0.80158836,0.0,0.0,0.0,0.0,0.0,0.0,0.0
2,1,0.19841166,0.80158836,0.0,0.0,0.0,0.0,0.0,0.0,0.0
2,1,0.19841166,0.80158836,0.0,0.0,0.0,0.0,0.0,0.0,0.0
2,1,0.19841166,0.80158836,0.0,0.0,0.0,0.0,0.0,0.0,0.0
2,1,0.19841166,0.80158836,0.0,0.0,0.0,0.0,0.0,0.0,0.0
2,1,0.19841166,0.80158836,0.0,0.0,0.0,0.0,0.0,0.0,0.0
2,1,0.12484924,0.8751508,0.0,0.0,0.0,0.0,0.0,0.0,0.0
2,1,0.12484924,0.8751508,0.0,0.0,0.0,0.0,0.0,0.0,0.0
2,1,0.12484924,0.8751508,0.0,0.0,0.0,0.0,0.0,0.0,0.0
2,1,0.12484924,0.8751508,0.0,0.0,0.0,0.0,0.0,0.0,0.0
2,1,0.12484924,0.8751508,0.0,0.0,0.0,0.0,0.0,0.0,0.0
2,1,0.12484924,0.8751508,0.0,0.0,0.0,0.0,0.0,0.0,0.0
2,1,0.12484924,0.8751508,0.0,0.0,0.0,0.0,0.0,0.0,0.0
2,1,0.12484924,0.8751508,0.0,0.0,0.0,0.0,0.0,0.0,0.0
2,1,0.12484924,0.8751508,0.0,0.0,0.0,0.0,0.0,0.0,0.0
2,1,0.12484924,0.8751508,0.0,0.0,0.0,0.0,0.0,0.0,0.0
2,1,0.12484924,0.8751508,0.0,0.0,0.0,0.0,0.0,0.0,0.0
2,1,0.12484924,0.8751508,0.0,0.0,0.0,0.0,0.0,0.0,0.0
2,1,0.12484924,0.8751508,0.0,0.0,0.0,0.0,0.0,0.0,0.0
2,1,0.12484924,0.8751508,0.0,0.0,0.0,0.0,0.0,0.0,0.0
2,1,0.12484924,0.8751508,0.0,0.0,0.0,0.0,0.0,0.0,0.0
2,1,0.12484924,0.8751508,0.0,0.0,0.0,0.0,0.0,0.0,0.0
2,1,0.12484924,0.8751508,0.0,0.0,0.0,0.0,0.0,0.0,0.0
2,1,0.12484924,0.8751508,0.0,0.0,0.0,0.0,0.0,0.0,0.0
2,1,0.12484924,0.8751508,0.0,0.0,0.0,0.0,0.0,0.0,0.0
2,1,0.12484924,0.8751508,0.0,0.0,0.0,0.0,0.0,0.0,0.0
2,1,0.12484924,0.8751508,0.0,0.0,0.0,0.0,0.0,0.0,0.0
2,1,0.12484924,0.8751508,0.0,0.0,0.0,0.0,0.0,0.0,0.0
2,1,0.12484924,0.8751508,0.0,0.0,0.0,0.0,0.0,0.0,0.0
2,1,0.12484924,0.8751508,0.0,0.0,0.0,0.0,0.0,0.0,0.0
2,1,0.12484924,0.8751508,0.0,0.0,0.0,0.0,0.0,0.0,0.0
2,1,0.12484924,0.8751508,0.0,0.0,0.0,0.0,0.0,0.0,0.0
2,1,0.12484924,0.8751508,0.0,0.0,0.0,0.0,0.0,0.0,0.0
2,1,0.12484924,0.8751508,0.0,0.0,0.0,0.0,0.0,0.0,0.0
2,1,0.12484924,0.8751508,0.0,0.0,0.0,0.0,0.0,0.0,0.0
2,1,0.12484924,0.8751508,0.0,0.0,0.0,0.0,0.0,0.0,0.0
2,1,0.12484924,0.8751508,0.0,0.0,0.0,0.0,0.0,0.0,0.0
2,1,0.12484924,0.8751508,0.0,0.0,0.0,0.0,0.0,0.0,0.0
2,1,0.12484924,0.8751508,0.0,0.0,0.0,0.0,0.0,0.0,0.0
2,1,0.12484924,0.8751508,0.0,0.0,0.0,0.0,0.0,0.0,0.0
2,1,0.12484924,0.8751508,0.0,0.0,0.0,0.0,0.0,0.0,0.0
2,1,0.12484924,0.8751508,0.0,0.0,0.0,0.0,0.0,0.0,0.0
2,1,0.12484924,0.8751508,0.0,0.0,0.0,0.0,0.0,0.0,0.0
2,1,0.12484924,0.8751508,0.0,0.0,0.0,0.0,0.0,0.0,0.0
2,1,0.12484924,0.8751508,0.0,0.0,0.0,0.0,0.0,0.0,0.0
2,1,0.12484924,0.8751508,0.0,0.0,0.0,0.0,0.0,0.0,0.0
2,1,0.12484924,0.8751508,0.0,0.0,0.0,0.0,0.0,0.0,0.0
2,1,0.12484924,0.8751508,0.0,0.0,0.0,0.0,0.0,0.0,0.0
2,1,0.12484924,0.8751508,0.0,0.0,0.0,0.0,0.0,0.0,0.0
2,1,0.12484924,0.8751508,0.0,0.0,0.0,0.0,0.0,0.0,0.0
2,1,0.12484924,0.8751508,0.0,0.0,0.0,0.0,0.0,0.0,0.0
2,1,0.12484924,0.8751508,0.0,0.0,0.0,0.0,0.0,0.0,0.0
2,1,0.12484924,0.8751508,0.0,0.0,0.0,0.0,0.0,0.0,0.0
2,1,0.12484924,0.8751508,0.0,0.0,0.0,0.0,0.0,0.0,0.0
2,1,0.12484924,0.8751508,0.0,0.0,0.0,0.0,0.0,0.0,0.0
2,1,0.12484924,0.8751508,0.0,0.0,0.0,0.0,0.0,0.0,0.0
2,1,0.12484924,0.8751508,0.0,0.0,0.0,0.0,0.0,0.0,0.0
2,1,0.12484924,0.8751508,0.0,0.0,0.0,0.0,0.0,0.0,0.0
2,1,0.12484924,0.8751508,0.0,0.0,0.0,0.0,0.0,0.0,0.0
2,1,0.12484924,0.8751508,0.0,0.0,0.0,0.0,0.0,0.0,0.0
2,1,0.12484924,0.8751508,0.0,0.0,0.0,0.0,0.0,0.0,0.0
2,1,0.12484924,0.8751508,0.0,0.0,0.0,0.0,0.0,0.0,0.0
2,1,0.12484924,0.8751508,0.0,0.0,0.0,0.0,0.0,0.0,0.0
2,1,0.12484924,0.8751508,0.0,0.0,0.0,0.0,0.0,0.0,0.0
2,1,0.12484924,0.8751508,0.0,0.0,0.0,0.0,0.0,0.0,0.0
2,1,0.12484924,0.8751508,0.0,0.0,0.0,0.0,0.0,0.0,0.0
2,1,0.12484924,0.8751508,0.0,0.0,0.0,0.0,0.0,0.0,0.0
2,1,0.12484924,0.8751508,0.0,0.0,0.0,0.0,0.0,0.0,0.0
2,1,0.12484924,0.8751508,0.0,0.0,0.0,0.0,0.0,0.0,0.0
2,1,0.12484924,0.8751508,0.0,0.0,0.0,0.0,0.0,0.0,0.0
2,1,0.12484924,0.8751508,0.0,0.0,0.0,0.0,0.0,0.0,0.0
2,1,0.12484924,0.8751508,0.0,0.0,0.0,0.0,0.0,0.0,0.0
2,1,0.12484924,0.8751508,0.0,0.0,0.0,0.0,0.0,0.0,0.0
2,1,0.12484924,0.8751508,0.0,0.0,0.0,0.0,0.0,0.0,0.0
2,1,0.12484924,0.8751508,0.0,0.0,0.0,0.0,0.0,0.0,0.0
2,1,0.12484924,0.8751508,0.0,0.0,0.0,0.0,0.0,0.0,0.0
2,1,0.12484924,0.8751508,0.0,0.0,0.0,0.0,0.0,0.0,0.0
2,1,0.12484924,0.8751508,0.0,0.0,0.0,0.0,0.0,0.0,0.0
2,1,0.12484924,0.8751508,0.0,0.0,0.0,0.0,0.0,0.0,0.0
2,1,0.12484924,0.8751508,0.0,0.0,0.0,0.0,0.0,0.0,0.0
2,1,0.12484924,0.8751508,0.0,0.0,0.0,0.0,0.0,0.0,0.0
2,1,0.12484924,0.8751508,0.0,0.0,0.0,0.0,0.0,0.0,0.0
2,1,0.12484924,0.8751508,0.0,0.0,0.0,0.0,0.0,0.0,0.0
2,1,0.12484924,0.8751508,0.0,0.0,0.0,0.0,0.0,0.0,0.0
2,1,0.12484924,0.8751508,0.0,0.0,0.0,0.0,0.0,0.0,0.0
2,1,0.12484924,0.8751508,0.0,0.0,0.0,0.0,0.0,0.0,0.0
2,1,0.12484924,0.8751508,0.0,0.0,0.0,0.0,0.0,0.0,0.0
2,1,0.12484924,0.8751508,0.0,0.0,0.0,0.0,0.0,0.0,0.0
2,1,0.12484924,0.8751508,0.0,0.0,0.0,0.0,0.0,0.0,0.0
2,1,0.12484924,0.8751508,0.0,0.0,0.0,0.0,0.0,0.0,0.0
2,1,0.12484924,0.8751508,0.0,0.0,0.0,0.0,0.0,0.0,0.0
2,1,0.12484924,0.8751508,0.0,0.0,0.0,0.0,0.0,0.0,0.0
2,1,0.12484924,0.8751508,0.0,0.0,0.0,0.0,0.0,0.0,0.0
2,1,0.12484924,0.8751508,0.0,0.0,0.0,0.0,0.0,0.0,0.0
2,1,0.12484924,0.8751508,0.0,0.0,0.0,0.0,0.0,0.0,0.0
2,1,0.12484924,0.8751508,0.0,0.0,0.0,0.0,0.0,0.0,0.0
2,1,0.12484924,0.8751508,0.0,0.0,0.0,0.0,0.0,0.0,0.0
2,1,0.12484924,0.8751508,0.0,0.0,0.0,0.0,0.0,0.0,0.0
2,1,0.12484924,0.8751508,0.0,0.0,0.0,0.0,0.0,0.0,0.0
2,1,0.12484924,0.8751508,0.0,0.0,0.0,0.0,0.0,0.0,0.0
2,1,0.12484924,0.8751508,0.0,0.0,0.0,0.0,0.0,0.0,0.0
2,1,0.12484924,0.8751508,0.0,0.0,0.0,0.0,0.0,0.0,0.0
2,1,0.12484924,0.8751508,0.0,0.0,0.0,0.0,0.0,0.0,0.0
2,1,0.12484924,0.8751508,0.0,0.0,0.0,0.0,0.0,0.0,0.0
2,1,0.12484924,0.8751508,0.0,0.0,0.0,0.0,0.0,0.0,0.0
2,1,0.12484924,0.8751508,0.0,0.0,0.0,0.0,0.0,0.0,0.0
2,1,0.12484924,0.8751508,0.0,0.0,0.0,0.0,0.0,0.0,0.0
2,1,0.12484924,0.8751508,0.0,0.0,0.0,0.0,0.0,0.0,0.0
2,1,0.12484924,0.8751508,0.0,0.0,0.0,0.0,0.0,0.0,0.0
2,1,0.12484924,0.8751508,0.0,0.0,0.0,0.0,0.0,0.0,0.0
2,1,0.12484924,0.8751508,0.0,0.0,0.0,0.0,0.0,0.0,0.0
2,1,0.12484924,0.8751508,0.0,0.0,0.0,0.0,0.0,0.0,0.0
2,1,0.12484924,0.8751508,0.0,0.0,0.0,0.0,0.0,0.0,0.0
2,1,0.12484924,0.8751508,0.0,0.0,0.0,0.0,0.0,0.0,0.0
2,1,0.12484924,0.8751508,0.0,0.0,0.0,0.0,0.0,0.0,0.0
2,1,0.12484924,0.8751508,0.0,0.0,0.0,0.0,0.0,0.0,0.0
2,1,0.12484924,0.8751508,0.0,0.0,0.0,0.0,0.0,0.0,0.0
2,1,0.12484924,0.8751508,0.0,0.0,0.0,0.0,0.0,0.0,0.0
2,1,0.12484924,0.8751508,0.0,0.0,0.0,0.0,0.0,0.0,0.0
2,1,0.12484924,0.8751508,0.0,0.0,0.0,0.0,0.0,0.0,0.0
2,1,0.12484924,0.8751508,0.0,0.0,0.0,0.0,0.0,0.0,0.0
2,1,0.12484924,0.8751508,0.0,0.0,0.0,0.0,0.0,0.0,0.0
2,1,0.12484924,0.8751508,0.0,0.0,0.0,0.0,0.0,0.0,0.0
2,1,0.12484924,0.8751508,0.0,0.0,0.0,0.0,0.0,0.0,0.0
2,1,0.12484924,0.8751508,0.0,0.0,0.0,0.0,0.0,0.0,0.0
2,1,0.12484924,0.8751508,0.0,0.0,0.0,0.0,0.0,0.0,0.0
2,1,0.12484924,0.8751508,0.0,0.0,0.0,0.0,0.0,0.0,0.0
2,1,0.12484924,0.8751508,0.0,0.0,0.0,0.0,0.0,0.0,0.0
2,1,0.12484924,0.8751508,0.0,0.0,0.0,0.0,0.0,0.0,0.0
2,1,0.12484924,0.8751508,0.0,0.0,0.0,0.0,0.0,0.0,0.0
2,1,0.12484924,0.8751508,0.0,0.0,0.0,0.0,0.0,0.0,0.0
2,1,0.12484924,0.8751508,0.0,0.0,0.0,0.0,0.0,0.0,0.0
2,1,0.12484924,0.8751508,0.0,0.0,0.0,0.0,0.0,0.0,0.0
2,1,0.12484924,0.8751508,0.0,0.0,0.0,0.0,0.0,0.0,0.0
2,1,0.12484924,0.8751508,0.0,0.0,0.0,0.0,0.0,0.0,0.0
2,1,0.12484924,0.8751508,0.0,0.0,0.0,0.0,0.0,0.0,0.0
2,1,0.12484924,0.8751508,0.0,0.0,0.0,0.0,0.0,0.0,0.0
2,1,0.12484924,0.8751508,0.0,0.0,0.0,0.0,0.0,0.0,0.0
2,1,0.12484924,0.8751508,0.0,0.0,0.0,0.0,0.0,0.0,0.0
2,1,0.12484924,0.8751508,0.0,0.0,0.0,0.0,0.0,0.0,0.0
2,1,0.12484924,0.8751508,0.0,0.0,0.0,0.0,0.0,0.0,0.0
2,1,0.12484924,0.8751508,0.0,0.0,0.0,0.0,0.0,0.0,0.0
2,1,0.12484924,0.8751508,0.0,0.0,0.0,0.0,0.0,0.0,0.0
2,1,0.12484924,0.8751508,0.0,0.0,0.0,0.0,0.0,0.0,0.0
2,1,0.12484924,0.8751508,0.0,0.0,0.0,0.0,0.0,0.0,0.0
2,1,0.12484924,0.8751508,0.0,0.0,0.0,0.0,0.0,0.0,0.0
2,1,0.12484924,0.8751508,0.0,0.0,0.0,0.0,0.0,0.0,0.0
2,1,0.12484924,0.8751508,0.0,0.0,0.0,0.0,0.0,0.0,0.0
2,1,0.12484924,0.8751508,0.0,0.0,0.0,0.0,0.0,0.0,0.0
2,1,0.12484924,0.8751508,0.0,0.0,0.0,0.0,0.0,0.0,0.0
2,1,0.12484924,0.8751508,0.0,0.0,0.0,0.0,0.0,0.0,0.0
2,1,0.12484924,0.8751508,0.0,0.0,0.0,0.0,0.0,0.0,0.0
2,1,0.12484924,0.8751508,0.0,0.0,0.0,0.0,0.0,0.0,0.0
2,1,0.12484924,0.8751508,0.0,0.0,0.0,0.0,0.0,0.0,0.0
2,1,0.12484924,0.8751508,0.0,0.0,0.0,0.0,0.0,0.0,0.0
2,1,0.12484924,0.8751508,0.0,0.0,0.0,0.0,0.0,0.0,0.0
2,1,0.12484924,0.8751508,0.0,0.0,0.0,0.0,0.0,0.0,0.0
2,1,0.12484924,0.8751508,0.0,0.0,0.0,0.0,0.0,0.0,0.0
2,1,0.12484924,0.8751508,0.0,0.0,0.0,0.0,0.0,0.0,0.0
2,1,0.12484924,0.8751508,0.0,0.0,0.0,0.0,0.0,0.0,0.0
2,1,0.12484924,0.8751508,0.0,0.0,0.0,0.0,0.0,0.0,0.0
2,1,0.12484924,0.8751508,0.0,0.0,0.0,0.0,0.0,0.0,0.0
2,1,0.12484924,0.8751508,0.0,0.0,0.0,0.0,0.0,0.0,0.0
2,1,0.12484924,0.8751508,0.0,0.0,0.0,0.0,0.0,0.0,0.0
2,1,0.12484924,0.8751508,0.0,0.0,0.0,0.0,0.0,0.0,0.0
2,1,0.12484924,0.8751508,0.0,0.0,0.0,0.0,0.0,0.0,0.0
2,1,0.12484924,0.8751508,0.0,0.0,0.0,0.0,0.0,0.0,0.0
2,1,0.12484924,0.8751508,0.0,0.0,0.0,0.0,0.0,0.0,0.0
2,1,0.12484924,0.8751508,0.0,0.0,0.0,0.0,0.0,0.0,0.0
2,1,0.12484924,0.8751508,0.0,0.0,0.0,0.0,0.0,0.0,0.0
2,1,0.12484924,0.8751508,0.0,0.0,0.0,0.0,0.0,0.0,0.0
2,1,0.12484924,0.8751508,0.0,0.0,0.0,0.0,0.0,0.0,0.0
2,1,0.12484924,0.8751508,0.0,0.0,0.0,0.0,0.0,0.0,0.0
2,1,0.12484924,0.8751508,0.0,0.0,0.0,0.0,0.0,0.0,0.0
2,1,0.12484924,0.8751508,0.0,0.0,0.0,0.0,0.0,0.0,0.0
2,1,0.12484924,0.8751508,0.0,0.0,0.0,0.0,0.0,0.0,0.0
2,1,0.12484924,0.8751508,0.0,0.0,0.0,0.0,0.0,0.0,0.0
2,1,0.12484924,0.8751508,0.0,0.0,0.0,0.0,0.0,0.0,0.0
2,1,0.12484924,0.8751508,0.0,0.0,0.0,0.0,0.0,0.0,0.0
2,1,0.12484924,0.8751508,0.0,0.0,0.0,0.0,0.0,0.0,0.0
2,1,0.12484924,0.8751508,0.0,0.0,0.0,0.0,0.0,0.0,0.0
2,1,0.12484924,0.8751508,0.0,0.0,0.0,0.0,0.0,0.0,0.0
2,1,0.12484924,0.8751508,0.0,0.0,0.0,0.0,0.0,0.0,0.0
2,1,0.12484924,0.8751508,0.0,0.0,0.0,0.0,0.0,0.0,0.0
2,1,0.12484924,0.8751508,0.0,0.0,0.0,0.0,0.0,0.0,0.0
2,1,0.12484924,0.8751508,0.0,0.0,0.0,0.0,0.0,0.0,0.0
2,1,0.12484924,0.8751508,0.0,0.0,0.0,0.0,0.0,0.0,0.0
2,1,0.12484924,0.8751508,0.0,0.0,0.0,0.0,0.0,0.0,0.0
2,1,0.12484924,0.8751508,0.0,0.0,0.0,0.0,0.0,0.0,0.0
2,1,0.12484924,0.8751508,0.0,0.0,0.0,0.0,0.0,0.0,0.0
2,1,0.12484924,0.8751508,0.0,0.0,0.0,0.0,0.0,0.0,0.0
2,1,0.12484924,0.8751508,0.0,0.0,0.0,0.0,0.0,0.0,0.0
2,1,0.12484924,0.8751508,0.0,0.0,0.0,0.0,0.0,0.0,0.0
2,1,0.12484924,0.8751508,0.0,0.0,0.0,0.0,0.0,0.0,0.0
2,1,0.12484924,0.8751508,0.0,0.0,0.0,0.0,0.0,0.0,0.0
2,1,0.12484924,0.8751508,0.0,0.0,0.0,0.0,0.0,0.0,0.0
2,1,0.12484924,0.8751508,0.0,0.0,0.0,0.0,0.0,0.0,0.0
2,1,0.12484924,0.8751508,0.0,0.0,0.0,0.0,0.0,0.0,0.0
2,1,0.12484924,0.8751508,0.0,0.0,0.0,0.0,0.0,0.0,0.0
2,1,0.12484924,0.8751508,0.0,0.0,0.0,0.0,0.0,0.0,0.0
2,1,0.12484924,0.8751508,0.0,0.0,0.0,0.0,0.0,0.0,0.0
2,1,0.12484924,0.8751508,0.0,0.0,0.0,0.0,0.0,0.0,0.0
2,1,0.12484924,0.8751508,0.0,0.0,0.0,0.0,0.0,0.0,0.0
2,1,0.12484924,0.8751508,0.0,0.0,0.0,0.0,0.0,0.0,0.0
2,1,0.12484924,0.8751508,0.0,0.0,0.0,0.0,0.0,0.0,0.0
2,1,0.12484924,0.8751508,0.0,0.0,0.0,0.0,0.0,0.0,0.0
2,1,0.12484924,0.8751508,0.0,0.0,0.0,0.0,0.0,0.0,0.0
2,1,0.12484924,0.8751508,0.0,0.0,0.0,0.0,0.0,0.0,0.0
2,1,0.12484924,0.8751508,0.0,0.0,0.0,0.0,0.0,0.0,0.0
2,1,0.12484924,0.8751508,0.0,0.0,0.0,0.0,0.0,0.0,0.0
2,1,0.12484924,0.8751508,0.0,0.0,0.0,0.0,0.0,0.0,0.0
2,1,0.12484924,0.8751508,0.0,0.0,0.0,0.0,0.0,0.0,0.0
2,1,0.12484924,0.8751508,0.0,0.0,0.0,0.0,0.0,0.0,0.0
2,1,0.12484924,0.8751508,0.0,0.0,0.0,0.0,0.0,0.0,0.0
2,1,0.12484924,0.8751508,0.0,0.0,0.0,0.0,0.0,0.0,0.0
2,1,0.12484924,0.8751508,0.0,0.0,0.0,0.0,0.0,0.0,0.0
2,1,0.12484924,0.8751508,0.0,0.0,0.0,0.0,0.0,0.0,0.0
2,1,0.12484924,0.8751508,0.0,0.0,0.0,0.0,0.0,0.0,0.0
2,1,0.12484924,0.8751508,0.0,0.0,0.0,0.0,0.0,0.0,0.0
2,1,0.12484924,0.8751508,0.0,0.0,0.0,0.0,0.0,0.0,0.0
2,1,0.12484924,0.8751508,0.0,0.0,0.0,0.0,0.0,0.0,0.0
2,1,0.12484924,0.8751508,0.0,0.0,0.0,0.0,0.0,0.0,0.0
2,1,0.12484924,0.8751508,0.0,0.0,0.0,0.0,0.0,0.0,0.0
2,1,0.12484924,0.8751508,0.0,0.0,0.0,0.0,0.0,0.0,0.0
2,1,0.12484924,0.8751508,0.0,0.0,0.0,0.0,0.0,0.0,0.0
2,1,0.12484924,0.8751508,0.0,0.0,0.0,0.0,0.0,0.0,0.0
2,1,0.12484924,0.8751508,0.0,0.0,0.0,0.0,0.0,0.0,0.0
2,1,0.12484924,0.8751508,0.0,0.0,0.0,0.0,0.0,0.0,0.0
2,1,0.12484924,0.8751508,0.0,0.0,0.0,0.0,0.0,0.0,0.0
2,1,0.12484924,0.8751508,0.0,0.0,0.0,0.0,0.0,0.0,0.0
2,1,0.12484924,0.8751508,0.0,0.0,0.0,0.0,0.0,0.0,0.0
2,1,0.12484924,0.8751508,0.0,0.0,0.0,0.0,0.0,0.0,0.0
2,1,0.12484924,0.8751508,0.0,0.0,0.0,0.0,0.0,0.0,0.0
2,1,0.12484924,0.8751508,0.0,0.0,0.0,0.0,0.0,0.0,0.0
2,1,0.12484924,0.8751508,0.0,0.0,0.0,0.0,0.0,0.0,0.0
2,1,0.12484924,0.8751508,0.0,0.0,0.0,0.0,0.0,0.0,0.0
2,1,0.12484924,0.8751508,0.0,0.0,0.0,0.0,0.0,0.0,0.0
2,1,0.12484924,0.8751508,0.0,0.0,0.0,0.0,0.0,0.0,0.0
2,1,0.12484924,0.8751508,0.0,0.0,0.0,0.0,0.0,0.0,0.0
2,1,0.12484924,0.8751508,0.0,0.0,0.0,0.0,0.0,0.0,0.0
2,1,0.12484924,0.8751508,0.0,0.0,0.0,0.0,0.0,0.0,0.0
2,1,0.12484924,0.8751508,0.0,0.0,0.0,0.0,0.0,0.0,0.0
2,1,0.12484924,0.8751508,0.0,0.0,0.0,0.0,0.0,0.0,0.0
2,1,0.12484924,0.8751508,0.0,0.0,0.0,0.0,0.0,0.0,0.0
2,1,0.12484924,0.8751508,0.0,0.0,0.0,0.0,0.0,0.0,0.0
2,1,0.12484924,0.8751508,0.0,0.0,0.0,0.0,0.0,0.0,0.0
2,1,0.12484924,0.8751508,0.0,0.0,0.0,0.0,0.0,0.0,0.0
2,1,0.12484924,0.8751508,0.0,0.0,0.0,0.0,0.0,0.0,0.0
2,1,0.12484924,0.8751508,0.0,0.0,0.0,0.0,0.0,0.0,0.0
2,1,0.12484924,0.8751508,0.0,0.0,0.0,0.0,0.0,0.0,0.0
2,1,0.12484924,0.8751508,0.0,0.0,0.0,0.0,0.0,0.0,0.0
2,1,0.12484924,0.8751508,0.0,0.0,0.0,0.0,0.0,0.0,0.0
2,1,0.12484924,0.8751508,0.0,0.0,0.0,0.0,0.0,0.0,0.0
2,1,0.12484924,0.8751508,0.0,0.0,0.0,0.0,0.0,0.0,0.0
2,1,0.12484924,0.8751508,0.0,0.0,0.0,0.0,0.0,0.0,0.0
2,1,0.12484924,0.8751508,0.0,0.0,0.0,0.0,0.0,0.0,0.0
2,1,0.12484924,0.8751508,0.0,0.0,0.0,0.0,0.0,0.0,0.0
2,1,0.12484924,0.8751508,0.0,0.0,0.0,0.0,0.0,0.0,0.0
2,1,0.12484924,0.8751508,0.0,0.0,0.0,0.0,0.0,0.0,0.0
2,1,0.12484924,0.8751508,0.0,0.0,0.0,0.0,0.0,0.0,0.0
2,1,0.12484924,0.8751508,0.0,0.0,0.0,0.0,0.0,0.0,0.0
2,1,0.12484924,0.8751508,0.0,0.0,0.0,0.0,0.0,0.0,0.0
2,1,0.12484924,0.8751508,0.0,0.0,0.0,0.0,0.0,0.0,0.0
2,1,0.12484924,0.8751508,0.0,0.0,0.0,0.0,0.0,0.0,0.0
2,1,0.12484924,0.8751508,0.0,0.0,0.0,0.0,0.0,0.0,0.0
2,1,0.12484924,0.8751508,0.0,0.0,0.0,0.0,0.0,0.0,0.0
2,1,0.12484924,0.8751508,0.0,0.0,0.0,0.0,0.0,0.0,0.0
2,1,0.12484924,0.8751508,0.0,0.0,0.0,0.0,0.0,0.0,0.0
2,1,0.12484924,0.8751508,0.0,0.0,0.0,0.0,0.0,0.0,0.0
2,1,0.12484924,0.8751508,0.0,0.0,0.0,0.0,0.0,0.0,0.0
2,1,0.12484924,0.8751508,0.0,0.0,0.0,0.0,0.0,0.0,0.0
2,1,0.12484924,0.8751508,0.0,0.0,0.0,0.0,0.0,0.0,0.0
2,1,0.12484924,0.8751508,0.0,0.0,0.0,0.0,0.0,0.0,0.0
2,1,0.12484924,0.8751508,0.0,0.0,0.0,0.0,0.0,0.0,0.0
2,1,0.12484924,0.8751508,0.0,0.0,0.0,0.0,0.0,0.0,0.0
2,1,0.12484924,0.8751508,0.0,0.0,0.0,0.0,0.0,0.0,0.0
2,1,0.12484924,0.8751508,0.0,0.0,0.0,0.0,0.0,0.0,0.0
2,1,0.12484924,0.8751508,0.0,0.0,0.0,0.0,0.0,0.0,0.0
2,1,0.12484924,0.8751508,0.0,0.0,0.0,0.0,0.0,0.0,0.0
2,1,0.12484924,0.8751508,0.0,0.0,0.0,0.0,0.0,0.0,0.0
2,1,0.12484924,0.8751508,0.0,0.0,0.0,0.0,0.0,0.0,0.0
2,1,0.12484924,0.8751508,0.0,0.0,0.0,0.0,0.0,0.0,0.0
2,1,0.12484924,0.8751508,0.0,0.0,0.0,0.0,0.0,0.0,0.0
2,1,0.12484924,0.8751508,0.0,0.0,0.0,0.0,0.0,0.0,0.0
2,1,0.12484924,0.8751508,0.0,0.0,0.0,0.0,0.0,0.0,0.0
2,1,0.12484924,0.8751508,0.0,0.0,0.0,0.0,0.0,0.0,0.0
2,1,0.12484924,0.8751508,0.0,0.0,0.0,0.0,0.0,0.0,0.0
2,1,0.12484924,0.8751508,0.0,0.0,0.0,0.0,0.0,0.0,0.0
2,1,0.12484924,0.8751508,0.0,0.0,0.0,0.0,0.0,0.0,0.0
2,1,0.12484924,0.8751508,0.0,0.0,0.0,0.0,0.0,0.0,0.0
2,1,0.12484924,0.8751508,0.0,0.0,0.0,0.0,0.0,0.0,0.0
2,1,0.12484924,0.8751508,0.0,0.0,0.0,0.0,0.0,0.0,0.0
2,1,0.12484924,0.8751508,0.0,0.0,0.0,0.0,0.0,0.0,0.0
2,1,0.12484924,0.8751508,0.0,0.0,0.0,0.0,0.0,0.0,0.0
2,1,0.12484924,0.8751508,0.0,0.0,0.0,0.0,0.0,0.0,0.0
2,1,0.12484924,0.8751508,0.0,0.0,0.0,0.0,0.0,0.0,0.0
2,1,0.12484924,0.8751508,0.0,0.0,0.0,0.0,0.0,0.0,0.0
2,1,0.12484924,0.8751508,0.0,0.0,0.0,0.0,0.0,0.0,0.0
2,1,0.12484924,0.8751508,0.0,0.0,0.0,0.0,0.0,0.0,0.0
2,1,0.12484924,0.8751508,0.0,0.0,0.0,0.0,0.0,0.0,0.0
2,1,0.12484924,0.8751508,0.0,0.0,0.0,0.0,0.0,0.0,0.0
2,1,0.12484924,0.8751508,0.0,0.0,0.0,0.0,0.0,0.0,0.0
2,1,0.12484924,0.8751508,0.0,0.0,0.0,0.0,0.0,0.0,0.0
2,1,0.12484924,0.8751508,0.0,0.0,0.0,0.0,0.0,0.0,0.0
2,1,0.12484924,0.8751508,0.0,0.0,0.0,0.0,0.0,0.0,0.0
2,1,0.12484924,0.8751508,0.0,0.0,0.0,0.0,0.0,0.0,0.0
2,1,0.12484924,0.8751508,0.0,0.0,0.0,0.0,0.0,0.0,0.0
2,1,0.12484924,0.8751508,0.0,0.0,0.0,0.0,0.0,0.0,0.0
2,1,0.12484924,0.8751508,0.0,0.0,0.0,0.0,0.0,0.0,0.0
2,1,0.12484924,0.8751508,0.0,0.0,0.0,0.0,0.0,0.0,0.0
2,1,0.12484924,0.8751508,0.0,0.0,0.0,0.0,0.0,0.0,0.0
2,1,0.12484924,0.8751508,0.0,0.0,0.0,0.0,0.0,0.0,0.0
2,1,0.12484924,0.8751508,0.0,0.0,0.0,0.0,0.0,0.0,0.0
2,1,0.12484924,0.8751508,0.0,0.0,0.0,0.0,0.0,0.0,0.0
2,1,0.12484924,0.8751508,0.0,0.0,0.0,0.0,0.0,0.0,0.0
2,1,0.12484924,0.8751508,0.0,0.0,0.0,0.0,0.0,0.0,0.0
2,1,0.12484924,0.8751508,0.0,0.0,0.0,0.0,0.0,0.0,0.0
2,1,0.12484924,0.8751508,0.0,0.0,0.0,0.0,0.0,0.0,0.0
2,1,0.12484924,0.8751508,0.0,0.0,0.0,0.0,0.0,0.0,0.0
2,1,0.12484924,0.8751508,0.0,0.0,0.0,0.0,0.0,0.0,0.0
2,1,0.12484924,0.8751508,0.0,0.0,0.0,0.0,0.0,0.0,0.0
2,1,0.12484924,0.8751508,0.0,0.0,0.0,0.0,0.0,0.0,0.0
2,1,0.12484924,0.8751508,0.0,0.0,0.0,0.0,0.0,0.0,0.0
2,1,0.12484924,0.8751508,0.0,0.0,0.0,0.0,0.0,0.0,0.0
2,1,0.12484924,0.8751508,0.0,0.0,0.0,0.0,0.0,0.0,0.0
2,1,0.12484924,0.8751508,0.0,0.0,0.0,0.0,0.0,0.0,0.0
2,1,0.12484924,0.8751508,0.0,0.0,0.0,0.0,0.0,0.0,0.0
2,1,0.12484924,0.8751508,0.0,0.0,0.0,0.0,0.0,0.0,0.0
2,1,0.12484924,0.8751508,0.0,0.0,0.0,0.0,0.0,0.0,0.0
2,1,0.12484924,0.8751508,0.0,0.0,0.0,0.0,0.0,0.0,0.0
2,1,0.12484924,0.8751508,0.0,0.0,0.0,0.0,0.0,0.0,0.0
2,1,0.12484924,0.8751508,0.0,0.0,0.0,0.0,0.0,0.0,0.0
2,1,0.12484924,0.8751508,0.0,0.0,0.0,0.0,0.0,0.0,0.0
2,1,0.12484924,0.8751508,0.0,0.0,0.0,0.0,0.0,0.0,0.0
2,1,0.12484924,0.8751508,0.0,0.0,0.0,0.0,0.0,0.0,0.0
2,1,0.12484924,0.8751508,0.0,0.0,0.0,0.0,0.0,0.0,0.0
2,1,0.12484924,0.8751508,0.0,0.0,0.0,0.0,0.0,0.0,0.0
2,1,0.12484924,0.8751508,0.0,0.0,0.0,0.0,0.0,0.0,0.0
2,1,0.12484924,0.8751508,0.0,0.0,0.0,0.0,0.0,0.0,0.0
2,1,0.12484924,0.8751508,0.0,0.0,0.0,0.0,0.0,0.0,0.0
2,1,0.12484924,0.8751508,0.0,0.0,0.0,0.0,0.0,0.0,0.0
2,1,0.12484924,0.8751508,0.0,0.0,0.0,0.0,0.0,0.0,0.0
2,1,0.12484924,0.8751508,0.0,0.0,0.0,0.0,0.0,0.0,0.0
2,1,0.12484924,0.8751508,0.0,0.0,0.0,0.0,0.0,0.0,0.0
2,1,0.12484924,0.8751508,0.0,0.0,0.0,0.0,0.0,0.0,0.0
2,1,0.12484924,0.8751508,0.0,0.0,0.0,0.0,0.0,0.0,0.0
2,1,0.12484924,0.8751508,0.0,0.0,0.0,0.0,0.0,0.0,0.0
2,1,0.12484924,0.8751508,0.0,0.0,0.0,0.0,0.0,0.0,0.0
2,1,0.12484924,0.8751508,0.0,0.0,0.0,0.0,0.0,0.0,0.0
2,1,0.12484924,0.8751508,0.0,0.0,0.0,0.0,0.0,0.0,0.0
2,1,0.12484924,0.8751508,0.0,0.0,0.0,0.0,0.0,0.0,0.0
2,1,0.12484924,0.8751508,0.0,0.0,0.0,0.0,0.0,0.0,0.0
2,1,0.12484924,0.8751508,0.0,0.0,0.0,0.0,0.0,0.0,0.0
2,1,0.12484924,0.8751508,0.0,0.0,0.0,0.0,0.0,0.0,0.0
2,1,0.12484924,0.8751508,0.0,0.0,0.0,0.0,0.0,0.0,0.0
2,1,0.12484924,0.8751508,0.0,0.0,0.0,0.0,0.0,0.0,0.0
2,1,0.12484924,0.8751508,0.0,0.0,0.0,0.0,0.0,0.0,0.0
2,1,0.12484924,0.8751508,0.0,0.0,0.0,0.0,0.0,0.0,0.0
2,1,0.12484924,0.8751508,0.0,0.0,0.0,0.0,0.0,0.0,0.0
2,1,0.12484924,0.8751508,0.0,0.0,0.0,0.0,0.0,0.0,0.0
2,1,0.12484924,0.8751508,0.0,0.0,0.0,0.0,0.0,0.0,0.0
2,1,0.12484924,0.8751508,0.0,0.0,0.0,0.0,0.0,0.0,0.0
2,1,0.12484924,0.8751508,0.0,0.0,0.0,0.0,0.0,0.0,0.0
2,1,0.12484924,0.8751508,0.0,0.0,0.0,0.0,0.0,0.0,0.0
2,1,0.12484924,0.8751508,0.0,0.0,0.0,0.0,0.0,0.0,0.0
2,1,0.12484924,0.8751508,0.0,0.0,0.0,0.0,0.0,0.0,0.0
2,1,0.12484924,0.8751508,0.0,0.0,0.0,0.0,0.0,0.0,0.0
2,1,0.12484924,0.8751508,0.0,0.0,0.0,0.0,0.0,0.0,0.0
2,1,0.12484924,0.8751508,0.0,0.0,0.0,0.0,0.0,0.0,0.0
2,1,0.12484924,0.8751508,0.0,0.0,0.0,0.0,0.0,0.0,0.0
2,1,0.12484924,0.8751508,0.0,0.0,0.0,0.0,0.0,0.0,0.0
2,1,0.12484924,0.8751508,0.0,0.0,0.0,0.0,0.0,0.0,0.0
2,1,0.12484924,0.8751508,0.0,0.0,0.0,0.0,0.0,0.0,0.0
2,1,0.12484924,0.8751508,0.0,0.0,0.0,0.0,0.0,0.0,0.0
2,1,0.12484924,0.8751508,0.0,0.0,0.0,0.0,0.0,0.0,0.0
2,1,0.12484924,0.8751508,0.0,0.0,0.0,0.0,0.0,0.0,0.0
2,1,0.12484924,0.8751508,0.0,0.0,0.0,0.0,0.0,0.0,0.0
2,1,0.12484924,0.8751508,0.0,0.0,0.0,0.0,0.0,0.0,0.0
2,1,0.12484924,0.8751508,0.0,0.0,0.0,0.0,0.0,0.0,0.0
2,1,0.19841166,0.80158836,0.0,0.0,0.0,0.0,0.0,0.0,0.0
2,1,0.19841166,0.80158836,0.0,0.0,0.0,0.0,0.0,0.0,0.0
2,1,0.19841166,0.80158836,0.0,0.0,0.0,0.0,0.0,0.0,0.0
2,1,0.19841166,0.80158836,0.0,0.0,0.0,0.0,0.0,0.0,0.0
2,1,0.19841166,0.80158836,0.0,0.0,0.0,0.0,0.0,0.0,0.0
2,1,0.19841166,0.80158836,0.0,0.0,0.0,0.0,0.0,0.0,0.0
2,1,0.19841166,0.80158836,0.0,0.0,0.0,0.0,0.0,0.0,0.0
2,1,0.19841166,0.80158836,0.0,0.0,0.0,0.0,0.0,0.0,0.0
2,1,0.19841166,0.80158836,0.0,0.0,0.0,0.0,0.0,0.0,0.0
2,1,0.19841166,0.80158836,0.0,0.0,0.0,0.0,0.0,0.0,0.0
2,1,0.19841166,0.80158836,0.0,0.0,0.0,0.0,0.0,0.0,0.0
2,1,0.19841166,0.80158836,0.0,0.0,0.0,0.0,0.0,0.0,0.0
2,1,0.19841166,0.80158836,0.0,0.0,0.0,0.0,0.0,0.0,0.0
2,1,0.19841166,0.80158836,0.0,0.0,0.0,0.0,0.0,0.0,0.0
2,1,0.19841166,0.80158836,0.0,0.0,0.0,0.0,0.0,0.0,0.0
2,1,0.19841166,0.80158836,0.0,0.0,0.0,0.0,0.0,0.0,0.0
2,1,0.19841166,0.80158836,0.0,0.0,0.0,0.0,0.0,0.0,0.0
2,1,0.19841166,0.80158836,0.0,0.0,0.0,0.0,0.0,0.0,0.0
2,1,0.19841166,0.80158836,0.0,0.0,0.0,0.0,0.0,0.0,0.0
2,1,0.14274018,0.8572598,0.0,0.0,0.0,0.0,0.0,0.0,0.0
2,1,0.14274018,0.8572598,0.0,0.0,0.0,0.0,0.0,0.0,0.0
2,1,0.14274018,0.8572598,0.0,0.0,0.0,0.0,0.0,0.0,0.0
2,1,0.14274018,0.8572598,0.0,0.0,0.0,0.0,0.0,0.0,0.0
2,1,0.14274018,0.8572598,0.0,0.0,0.0,0.0,0.0,0.0,0.0
2,1,0.14274018,0.8572598,0.0,0.0,0.0,0.0,0.0,0.0,0.0
2,1,0.14274018,0.8572598,0.0,0.0,0.0,0.0,0.0,0.0,0.0
2,1,0.14274018,0.8572598,0.0,0.0,0.0,0.0,0.0,0.0,0.0
2,1,0.14274018,0.8572598,0.0,0.0,0.0,0.0,0.0,0.0,0.0
2,1,0.14274018,0.8572598,0.0,0.0,0.0,0.0,0.0,0.0,0.0
2,1,0.14274018,0.8572598,0.0,0.0,0.0,0.0,0.0,0.0,0.0
2,1,0.14274018,0.8572598,0.0,0.0,0.0,0.0,0.0,0.0,0.0
2,1,0.14274018,0.8572598,0.0,0.0,0.0,0.0,0.0,0.0,0.0
2,1,0.14274018,0.8572598,0.0,0.0,0.0,0.0,0.0,0.0,0.0
2,1,0.14274018,0.8572598,0.0,0.0,0.0,0.0,0.0,0.0,0.0
2,1,0.14274018,0.8572598,0.0,0.0,0.0,0.0,0.0,0.0,0.0
2,1,0.14274018,0.8572598,0.0,0.0,0.0,0.0,0.0,0.0,0.0
2,1,0.14274018,0.8572598,0.0,0.0,0.0,0.0,0.0,0.0,0.0
2,1,0.14274018,0.8572598,0.0,0.0,0.0,0.0,0.0,0.0,0.0
2,1,0.14274018,0.8572598,0.0,0.0,0.0,0.0,0.0,0.0,0.0
2,1,0.14274018,0.8572598,0.0,0.0,0.0,0.0,0.0,0.0,0.0
2,1,0.14274018,0.8572598,0.0,0.0,0.0,0.0,0.0,0.0,0.0
2,1,0.14274018,0.8572598,0.0,0.0,0.0,0.0,0.0,0.0,0.0
2,1,0.14274018,0.8572598,0.0,0.0,0.0,0.0,0.0,0.0,0.0
2,1,0.14274018,0.8572598,0.0,0.0,0.0,0.0,0.0,0.0,0.0
2,1,0.14274018,0.8572598,0.0,0.0,0.0,0.0,0.0,0.0,0.0
2,1,0.14274018,0.8572598,0.0,0.0,0.0,0.0,0.0,0.0,0.0
2,1,0.14274018,0.8572598,0.0,0.0,0.0,0.0,0.0,0.0,0.0
2,1,0.14274018,0.8572598,0.0,0.0,0.0,0.0,0.0,0.0,0.0
2,1,0.14274018,0.8572598,0.0,0.0,0.0,0.0,0.0,0.0,0.0
2,1,0.14274018,0.8572598,0.0,0.0,0.0,0.0,0.0,0.0,0.0
2,1,0.14274018,0.8572598,0.0,0.0,0.0,0.0,0.0,0.0,0.0
2,1,0.14274018,0.8572598,0.0,0.0,0.0,0.0,0.0,0.0,0.0
2,1,0.14274018,0.8572598,0.0,0.0,0.0,0.0,0.0,0.0,0.0
2,1,0.14274018,0.8572598,0.0,0.0,0.0,0.0,0.0,0.0,0.0
2,1,0.14274018,0.8572598,0.0,0.0,0.0,0.0,0.0,0.0,0.0
2,1,0.14274018,0.8572598,0.0,0.0,0.0,0.0,0.0,0.0,0.0
2,1,0.14274018,0.8572598,0.0,0.0,0.0,0.0,0.0,0.0,0.0
2,1,0.14274018,0.8572598,0.0,0.0,0.0,0.0,0.0,0.0,0.0
2,1,0.14274018,0.8572598,0.0,0.0,0.0,0.0,0.0,0.0,0.0
2,1,0.14274018,0.8572598,0.0,0.0,0.0,0.0,0.0,0.0,0.0
2,1,0.14274018,0.8572598,0.0,0.0,0.0,0.0,0.0,0.0,0.0
2,1,0.14274018,0.8572598,0.0,0.0,0.0,0.0,0.0,0.0,0.0
2,1,0.14274018,0.8572598,0.0,0.0,0.0,0.0,0.0,0.0,0.0
2,1,0.14274018,0.8572598,0.0,0.0,0.0,0.0,0.0,0.0,0.0
2,1,0.14274018,0.8572598,0.0,0.0,0.0,0.0,0.0,0.0,0.0
2,1,0.14274018,0.8572598,0.0,0.0,0.0,0.0,0.0,0.0,0.0
2,1,0.14274018,0.8572598,0.0,0.0,0.0,0.0,0.0,0.0,0.0
2,1,0.14274018,0.8572598,0.0,0.0,0.0,0.0,0.0,0.0,0.0
2,1,0.14274018,0.8572598,0.0,0.0,0.0,0.0,0.0,0.0,0.0
2,1,0.14274018,0.8572598,0.0,0.0,0.0,0.0,0.0,0.0,0.0
2,1,0.14274018,0.8572598,0.0,0.0,0.0,0.0,0.0,0.0,0.0
2,1,0.14274018,0.8572598,0.0,0.0,0.0,0.0,0.0,0.0,0.0
2,1,0.14274018,0.8572598,0.0,0.0,0.0,0.0,0.0,0.0,0.0
2,1,0.14274018,0.8572598,0.0,0.0,0.0,0.0,0.0,0.0,0.0
2,1,0.14274018,0.8572598,0.0,0.0,0.0,0.0,0.0,0.0,0.0
2,1,0.14274018,0.8572598,0.0,0.0,0.0,0.0,0.0,0.0,0.0
2,1,0.14274018,0.8572598,0.0,0.0,0.0,0.0,0.0,0.0,0.0
2,1,0.14274018,0.8572598,0.0,0.0,0.0,0.0,0.0,0.0,0.0
2,1,0.14274018,0.8572598,0.0,0.0,0.0,0.0,0.0,0.0,0.0
2,1,0.14274018,0.8572598,0.0,0.0,0.0,0.0,0.0,0.0,0.0
2,1,0.14274018,0.8572598,0.0,0.0,0.0,0.0,0.0,0.0,0.0
2,1,0.14274018,0.8572598,0.0,0.0,0.0,0.0,0.0,0.0,0.0
2,1,0.14274018,0.8572598,0.0,0.0,0.0,0.0,0.0,0.0,0.0
2,1,0.14274018,0.8572598,0.0,0.0,0.0,0.0,0.0,0.0,0.0
2,1,0.14274018,0.8572598,0.0,0.0,0.0,0.0,0.0,0.0,0.0
2,1,0.14274018,0.8572598,0.0,0.0,0.0,0.0,0.0,0.0,0.0
2,1,0.14274018,0.8572598,0.0,0.0,0.0,0.0,0.0,0.0,0.0
2,1,0.14274018,0.8572598,0.0,0.0,0.0,0.0,0.0,0.0,0.0
2,1,0.14274018,0.8572598,0.0,0.0,0.0,0.0,0.0,0.0,0.0
2,1,0.14274018,0.8572598,0.0,0.0,0.0,0.0,0.0,0.0,0.0
2,1,0.14274018,0.8572598,0.0,0.0,0.0,0.0,0.0,0.0,0.0
2,1,0.14274018,0.8572598,0.0,0.0,0.0,0.0,0.0,0.0,0.0
2,1,0.14274018,0.8572598,0.0,0.0,0.0,0.0,0.0,0.0,0.0
2,1,0.14274018,0.8572598,0.0,0.0,0.0,0.0,0.0,0.0,0.0
2,1,0.14274018,0.8572598,0.0,0.0,0.0,0.0,0.0,0.0,0.0
2,1,0.14274018,0.8572598,0.0,0.0,0.0,0.0,0.0,0.0,0.0
2,1,0.14274018,0.8572598,0.0,0.0,0.0,0.0,0.0,0.0,0.0
2,1,0.14274018,0.8572598,0.0,0.0,0.0,0.0,0.0,0.0,0.0
2,1,0.14274018,0.8572598,0.0,0.0,0.0,0.0,0.0,0.0,0.0
2,1,0.14274018,0.8572598,0.0,0.0,0.0,0.0,0.0,0.0,0.0
2,1,0.14274018,0.8572598,0.0,0.0,0.0,0.0,0.0,0.0,0.0
2,1,0.14274018,0.8572598,0.0,0.0,0.0,0.0,0.0,0.0,0.0
2,1,0.19841166,0.80158836,0.0,0.0,0.0,0.0,0.0,0.0,0.0
2,1,0.19841166,0.80158836,0.0,0.0,0.0,0.0,0.0,0.0,0.0
2,1,0.12484924,0.8751508,0.0,0.0,0.0,0.0,0.0,0.0,0.0
2,1,0.12484924,0.8751508,0.0,0.0,0.0,0.0,0.0,0.0,0.0
2,1,0.12484924,0.8751508,0.0,0.0,0.0,0.0,0.0,0.0,0.0
2,1,0.12484924,0.8751508,0.0,0.0,0.0,0.0,0.0,0.0,0.0
2,1,0.12484924,0.8751508,0.0,0.0,0.0,0.0,0.0,0.0,0.0
2,1,0.12484924,0.8751508,0.0,0.0,0.0,0.0,0.0,0.0,0.0
2,1,0.12484924,0.8751508,0.0,0.0,0.0,0.0,0.0,0.0,0.0
2,1,0.12484924,0.8751508,0.0,0.0,0.0,0.0,0.0,0.0,0.0
2,1,0.12484924,0.8751508,0.0,0.0,0.0,0.0,0.0,0.0,0.0
2,1,0.12484924,0.8751508,0.0,0.0,0.0,0.0,0.0,0.0,0.0
2,1,0.12484924,0.8751508,0.0,0.0,0.0,0.0,0.0,0.0,0.0
2,1,0.12484924,0.8751508,0.0,0.0,0.0,0.0,0.0,0.0,0.0
2,1,0.12484924,0.8751508,0.0,0.0,0.0,0.0,0.0,0.0,0.0
2,1,0.12484924,0.8751508,0.0,0.0,0.0,0.0,0.0,0.0,0.0
2,1,0.12484924,0.8751508,0.0,0.0,0.0,0.0,0.0,0.0,0.0
2,1,0.12484924,0.8751508,0.0,0.0,0.0,0.0,0.0,0.0,0.0
2,1,0.12484924,0.8751508,0.0,0.0,0.0,0.0,0.0,0.0,0.0
2,1,0.12484924,0.8751508,0.0,0.0,0.0,0.0,0.0,0.0,0.0
2,1,0.12484924,0.8751508,0.0,0.0,0.0,0.0,0.0,0.0,0.0
2,1,0.12484924,0.8751508,0.0,0.0,0.0,0.0,0.0,0.0,0.0
2,1,0.12484924,0.8751508,0.0,0.0,0.0,0.0,0.0,0.0,0.0
2,1,0.12484924,0.8751508,0.0,0.0,0.0,0.0,0.0,0.0,0.0
2,1,0.12484924,0.8751508,0.0,0.0,0.0,0.0,0.0,0.0,0.0
2,1,0.12484924,0.8751508,0.0,0.0,0.0,0.0,0.0,0.0,0.0
2,1,0.12484924,0.8751508,0.0,0.0,0.0,0.0,0.0,0.0,0.0
2,1,0.12484924,0.8751508,0.0,0.0,0.0,0.0,0.0,0.0,0.0
2,1,0.12484924,0.8751508,0.0,0.0,0.0,0.0,0.0,0.0,0.0
2,1,0.12484924,0.8751508,0.0,0.0,0.0,0.0,0.0,0.0,0.0
2,1,0.12484924,0.8751508,0.0,0.0,0.0,0.0,0.0,0.0,0.0
2,1,0.12484924,0.8751508,0.0,0.0,0.0,0.0,0.0,0.0,0.0
2,1,0.12484924,0.8751508,0.0,0.0,0.0,0.0,0.0,0.0,0.0
2,1,0.12484924,0.8751508,0.0,0.0,0.0,0.0,0.0,0.0,0.0
2,1,0.12484924,0.8751508,0.0,0.0,0.0,0.0,0.0,0.0,0.0
2,1,0.12484924,0.8751508,0.0,0.0,0.0,0.0,0.0,0.0,0.0
2,1,0.12484924,0.8751508,0.0,0.0,0.0,0.0,0.0,0.0,0.0
2,1,0.12484924,0.8751508,0.0,0.0,0.0,0.0,0.0,0.0,0.0
2,1,0.12484924,0.8751508,0.0,0.0,0.0,0.0,0.0,0.0,0.0
2,1,0.12484924,0.8751508,0.0,0.0,0.0,0.0,0.0,0.0,0.0
2,1,0.12484924,0.8751508,0.0,0.0,0.0,0.0,0.0,0.0,0.0
2,1,0.12484924,0.8751508,0.0,0.0,0.0,0.0,0.0,0.0,0.0
2,1,0.12484924,0.8751508,0.0,0.0,0.0,0.0,0.0,0.0,0.0
2,1,0.12484924,0.8751508,0.0,0.0,0.0,0.0,0.0,0.0,0.0
2,1,0.12484924,0.8751508,0.0,0.0,0.0,0.0,0.0,0.0,0.0
2,1,0.12484924,0.8751508,0.0,0.0,0.0,0.0,0.0,0.0,0.0
2,1,0.12484924,0.8751508,0.0,0.0,0.0,0.0,0.0,0.0,0.0
2,1,0.12484924,0.8751508,0.0,0.0,0.0,0.0,0.0,0.0,0.0
2,1,0.12484924,0.8751508,0.0,0.0,0.0,0.0,0.0,0.0,0.0
2,1,0.12484924,0.8751508,0.0,0.0,0.0,0.0,0.0,0.0,0.0
2,1,0.12484924,0.8751508,0.0,0.0,0.0,0.0,0.0,0.0,0.0
2,1,0.12484924,0.8751508,0.0,0.0,0.0,0.0,0.0,0.0,0.0
2,1,0.12484924,0.8751508,0.0,0.0,0.0,0.0,0.0,0.0,0.0
2,1,0.12484924,0.8751508,0.0,0.0,0.0,0.0,0.0,0.0,0.0
2,1,0.12484924,0.8751508,0.0,0.0,0.0,0.0,0.0,0.0,0.0
2,1,0.12484924,0.8751508,0.0,0.0,0.0,0.0,0.0,0.0,0.0
2,1,0.12484924,0.8751508,0.0,0.0,0.0,0.0,0.0,0.0,0.0
2,1,0.12484924,0.8751508,0.0,0.0,0.0,0.0,0.0,0.0,0.0
2,1,0.12484924,0.8751508,0.0,0.0,0.0,0.0,0.0,0.0,0.0
2,1,0.12484924,0.8751508,0.0,0.0,0.0,0.0,0.0,0.0,0.0
2,1,0.12484924,0.8751508,0.0,0.0,0.0,0.0,0.0,0.0,0.0
2,1,0.12484924,0.8751508,0.0,0.0,0.0,0.0,0.0,0.0,0.0
2,1,0.12484924,0.8751508,0.0,0.0,0.0,0.0,0.0,0.0,0.0
2,1,0.12484924,0.8751508,0.0,0.0,0.0,0.0,0.0,0.0,0.0
2,1,0.12484924,0.8751508,0.0,0.0,0.0,0.0,0.0,0.0,0.0
2,1,0.12484924,0.8751508,0.0,0.0,0.0,0.0,0.0,0.0,0.0
2,1,0.12484924,0.8751508,0.0,0.0,0.0,0.0,0.0,0.0,0.0
2,1,0.12484924,0.8751508,0.0,0.0,0.0,0.0,0.0,0.0,0.0
2,1,0.12484924,0.8751508,0.0,0.0,0.0,0.0,0.0,0.0,0.0
2,1,0.12484924,0.8751508,0.0,0.0,0.0,0.0,0.0,0.0,0.0
2,1,0.12484924,0.8751508,0.0,0.0,0.0,0.0,0.0,0.0,0.0
2,1,0.12484924,0.8751508,0.0,0.0,0.0,0.0,0.0,0.0,0.0
2,1,0.12484924,0.8751508,0.0,0.0,0.0,0.0,0.0,0.0,0.0
2,1,0.12484924,0.8751508,0.0,0.0,0.0,0.0,0.0,0.0,0.0
2,1,0.12484924,0.8751508,0.0,0.0,0.0,0.0,0.0,0.0,0.0
2,1,0.12484924,0.8751508,0.0,0.0,0.0,0.0,0.0,0.0,0.0
2,1,0.12484924,0.8751508,0.0,0.0,0.0,0.0,0.0,0.0,0.0
2,1,0.12484924,0.8751508,0.0,0.0,0.0,0.0,0.0,0.0,0.0
2,1,0.12484924,0.8751508,0.0,0.0,0.0,0.0,0.0,0.0,0.0
2,1,0.12484924,0.8751508,0.0,0.0,0.0,0.0,0.0,0.0,0.0
2,1,0.12484924,0.8751508,0.0,0.0,0.0,0.0,0.0,0.0,0.0
2,1,0.12484924,0.8751508,0.0,0.0,0.0,0.0,0.0,0.0,0.0
2,1,0.12484924,0.8751508,0.0,0.0,0.0,0.0,0.0,0.0,0.0
2,1,0.12484924,0.8751508,0.0,0.0,0.0,0.0,0.0,0.0,0.0
2,1,0.12484924,0.8751508,0.0,0.0,0.0,0.0,0.0,0.0,0.0
2,1,0.12484924,0.8751508,0.0,0.0,0.0,0.0,0.0,0.0,0.0
2,1,0.12484924,0.8751508,0.0,0.0,0.0,0.0,0.0,0.0,0.0
2,1,0.12484924,0.8751508,0.0,0.0,0.0,0.0,0.0,0.0,0.0
2,1,0.12484924,0.8751508,0.0,0.0,0.0,0.0,0.0,0.0,0.0
2,1,0.12484924,0.8751508,0.0,0.0,0.0,0.0,0.0,0.0,0.0
2,1,0.12484924,0.8751508,0.0,0.0,0.0,0.0,0.0,0.0,0.0
2,1,0.12484924,0.8751508,0.0,0.0,0.0,0.0,0.0,0.0,0.0
2,1,0.12484924,0.8751508,0.0,0.0,0.0,0.0,0.0,0.0,0.0
2,1,0.12484924,0.8751508,0.0,0.0,0.0,0.0,0.0,0.0,0.0
2,1,0.12484924,0.8751508,0.0,0.0,0.0,0.0,0.0,0.0,0.0
2,1,0.12484924,0.8751508,0.0,0.0,0.0,0.0,0.0,0.0,0.0
2,1,0.12484924,0.8751508,0.0,0.0,0.0,0.0,0.0,0.0,0.0
2,1,0.12484924,0.8751508,0.0,0.0,0.0,0.0,0.0,0.0,0.0
2,1,0.12484924,0.8751508,0.0,0.0,0.0,0.0,0.0,0.0,0.0
2,1,0.12484924,0.8751508,0.0,0.0,0.0,0.0,0.0,0.0,0.0
2,1,0.12484924,0.8751508,0.0,0.0,0.0,0.0,0.0,0.0,0.0
2,1,0.12484924,0.8751508,0.0,0.0,0.0,0.0,0.0,0.0,0.0
2,1,0.12484924,0.8751508,0.0,0.0,0.0,0.0,0.0,0.0,0.0
2,1,0.12484924,0.8751508,0.0,0.0,0.0,0.0,0.0,0.0,0.0
2,1,0.12484924,0.8751508,0.0,0.0,0.0,0.0,0.0,0.0,0.0
2,1,0.12484924,0.8751508,0.0,0.0,0.0,0.0,0.0,0.0,0.0
2,1,0.12484924,0.8751508,0.0,0.0,0.0,0.0,0.0,0.0,0.0
2,1,0.12484924,0.8751508,0.0,0.0,0.0,0.0,0.0,0.0,0.0
2,1,0.12484924,0.8751508,0.0,0.0,0.0,0.0,0.0,0.0,0.0
2,1,0.12484924,0.8751508,0.0,0.0,0.0,0.0,0.0,0.0,0.0
2,1,0.12484924,0.8751508,0.0,0.0,0.0,0.0,0.0,0.0,0.0
2,1,0.12484924,0.8751508,0.0,0.0,0.0,0.0,0.0,0.0,0.0
2,1,0.12484924,0.8751508,0.0,0.0,0.0,0.0,0.0,0.0,0.0
2,1,0.12484924,0.8751508,0.0,0.0,0.0,0.0,0.0,0.0,0.0
2,1,0.12484924,0.8751508,0.0,0.0,0.0,0.0,0.0,0.0,0.0
2,1,0.12484924,0.8751508,0.0,0.0,0.0,0.0,0.0,0.0,0.0
2,1,0.12484924,0.8751508,0.0,0.0,0.0,0.0,0.0,0.0,0.0
2,1,0.12484924,0.8751508,0.0,0.0,0.0,0.0,0.0,0.0,0.0
2,1,0.12484924,0.8751508,0.0,0.0,0.0,0.0,0.0,0.0,0.0
2,1,0.12484924,0.8751508,0.0,0.0,0.0,0.0,0.0,0.0,0.0
2,1,0.12484924,0.8751508,0.0,0.0,0.0,0.0,0.0,0.0,0.0
2,1,0.12484924,0.8751508,0.0,0.0,0.0,0.0,0.0,0.0,0.0
2,1,0.12484924,0.8751508,0.0,0.0,0.0,0.0,0.0,0.0,0.0
2,1,0.12484924,0.8751508,0.0,0.0,0.0,0.0,0.0,0.0,0.0
2,1,0.12484924,0.8751508,0.0,0.0,0.0,0.0,0.0,0.0,0.0
2,1,0.12484924,0.8751508,0.0,0.0,0.0,0.0,0.0,0.0,0.0
2,1,0.12484924,0.8751508,0.0,0.0,0.0,0.0,0.0,0.0,0.0
2,1,0.12484924,0.8751508,0.0,0.0,0.0,0.0,0.0,0.0,0.0
2,1,0.12484924,0.8751508,0.0,0.0,0.0,0.0,0.0,0.0,0.0
2,1,0.12484924,0.8751508,0.0,0.0,0.0,0.0,0.0,0.0,0.0
2,1,0.12484924,0.8751508,0.0,0.0,0.0,0.0,0.0,0.0,0.0
2,1,0.12484924,0.8751508,0.0,0.0,0.0,0.0,0.0,0.0,0.0
2,1,0.12484924,0.8751508,0.0,0.0,0.0,0.0,0.0,0.0,0.0
2,1,0.12484924,0.8751508,0.0,0.0,0.0,0.0,0.0,0.0,0.0
2,1,0.12484924,0.8751508,0.0,0.0,0.0,0.0,0.0,0.0,0.0
2,1,0.12484924,0.8751508,0.0,0.0,0.0,0.0,0.0,0.0,0.0
2,1,0.12484924,0.8751508,0.0,0.0,0.0,0.0,0.0,0.0,0.0
2,1,0.12484924,0.8751508,0.0,0.0,0.0,0.0,0.0,0.0,0.0
2,1,0.12484924,0.8751508,0.0,0.0,0.0,0.0,0.0,0.0,0.0
2,1,0.12484924,0.8751508,0.0,0.0,0.0,0.0,0.0,0.0,0.0
2,1,0.12484924,0.8751508,0.0,0.0,0.0,0.0,0.0,0.0,0.0
2,1,0.12484924,0.8751508,0.0,0.0,0.0,0.0,0.0,0.0,0.0
2,1,0.12484924,0.8751508,0.0,0.0,0.0,0.0,0.0,0.0,0.0
2,1,0.12484924,0.8751508,0.0,0.0,0.0,0.0,0.0,0.0,0.0
2,1,0.12484924,0.8751508,0.0,0.0,0.0,0.0,0.0,0.0,0.0
2,1,0.12484924,0.8751508,0.0,0.0,0.0,0.0,0.0,0.0,0.0
2,1,0.12484924,0.8751508,0.0,0.0,0.0,0.0,0.0,0.0,0.0
2,1,0.12484924,0.8751508,0.0,0.0,0.0,0.0,0.0,0.0,0.0
2,1,0.12484924,0.8751508,0.0,0.0,0.0,0.0,0.0,0.0,0.0
2,1,0.12484924,0.8751508,0.0,0.0,0.0,0.0,0.0,0.0,0.0
2,1,0.12484924,0.8751508,0.0,0.0,0.0,0.0,0.0,0.0,0.0
2,1,0.12484924,0.8751508,0.0,0.0,0.0,0.0,0.0,0.0,0.0
2,1,0.12484924,0.8751508,0.0,0.0,0.0,0.0,0.0,0.0,0.0
2,1,0.12484924,0.8751508,0.0,0.0,0.0,0.0,0.0,0.0,0.0
2,1,0.12484924,0.8751508,0.0,0.0,0.0,0.0,0.0,0.0,0.0
2,1,0.12484924,0.8751508,0.0,0.0,0.0,0.0,0.0,0.0,0.0
2,1,0.12484924,0.8751508,0.0,0.0,0.0,0.0,0.0,0.0,0.0
2,1,0.12484924,0.8751508,0.0,0.0,0.0,0.0,0.0,0.0,0.0
2,1,0.12484924,0.8751508,0.0,0.0,0.0,0.0,0.0,0.0,0.0
2,1,0.12484924,0.8751508,0.0,0.0,0.0,0.0,0.0,0.0,0.0
2,1,0.06917775,0.93082225,0.0,0.0,0.0,0.0,0.0,0.0,0.0
2,1,0.06917775,0.93082225,0.0,0.0,0.0,0.0,0.0,0.0,0.0
2,1,0.06917775,0.93082225,0.0,0.0,0.0,0.0,0.0,0.0,0.0
2,1,0.06917775,0.93082225,0.0,0.0,0.0,0.0,0.0,0.0,0.0
2,1,0.06917775,0.93082225,0.0,0.0,0.0,0.0,0.0,0.0,0.0
2,1,0.06917775,0.93082225,0.0,0.0,0.0,0.0,0.0,0.0,0.0
2,1,0.06917775,0.93082225,0.0,0.0,0.0,0.0,0.0,0.0,0.0
2,1,0.06917775,0.93082225,0.0,0.0,0.0,0.0,0.0,0.0,0.0
2,1,0.06917775,0.93082225,0.0,0.0,0.0,0.0,0.0,0.0,0.0
2,1,0.06917775,0.93082225,0.0,0.0,0.0,0.0,0.0,0.0,0.0
2,1,0.06917775,0.93082225,0.0,0.0,0.0,0.0,0.0,0.0,0.0
2,1,0.12728277,0.87271726,0.0,0.0,0.0,0.0,0.0,0.0,0.0
2,1,0.12728277,0.87271726,0.0,0.0,0.0,0.0,0.0,0.0,0.0
2,1,0.12728277,0.87271726,0.0,0.0,0.0,0.0,0.0,0.0,0.0
2,1,0.12728277,0.87271726,0.0,0.0,0.0,0.0,0.0,0.0,0.0
2,1,0.12728277,0.87271726,0.0,0.0,0.0,0.0,0.0,0.0,0.0
2,1,0.12728277,0.87271726,0.0,0.0,0.0,0.0,0.0,0.0,0.0
2,1,0.12728277,0.87271726,0.0,0.0,0.0,0.0,0.0,0.0,0.0
2,1,0.12728277,0.87271726,0.0,0.0,0.0,0.0,0.0,0.0,0.0
2,1,0.12728277,0.87271726,0.0,0.0,0.0,0.0,0.0,0.0,0.0
2,1,0.12728277,0.87271726,0.0,0.0,0.0,0.0,0.0,0.0,0.0
2,1,0.12728277,0.87271726,0.0,0.0,0.0,0.0,0.0,0.0,0.0
2,1,0.12728277,0.87271726,0.0,0.0,0.0,0.0,0.0,0.0,0.0
2,1,0.12728277,0.87271726,0.0,0.0,0.0,0.0,0.0,0.0,0.0
2,1,0.12728277,0.87271726,0.0,0.0,0.0,0.0,0.0,0.0,0.0
2,1,0.12728277,0.87271726,0.0,0.0,0.0,0.0,0.0,0.0,0.0
2,1,0.12728277,0.87271726,0.0,0.0,0.0,0.0,0.0,0.0,0.0
2,1,0.12728277,0.87271726,0.0,0.0,0.0,0.0,0.0,0.0,0.0
2,1,0.12728277,0.87271726,0.0,0.0,0.0,0.0,0.0,0.0,0.0
2,1,0.12728277,0.87271726,0.0,0.0,0.0,0.0,0.0,0.0,0.0
2,1,0.12728277,0.87271726,0.0,0.0,0.0,0.0,0.0,0.0,0.0
2,1,0.12728277,0.87271726,0.0,0.0,0.0,0.0,0.0,0.0,0.0
2,1,0.12728277,0.87271726,0.0,0.0,0.0,0.0,0.0,0.0,0.0
2,1,0.12728277,0.87271726,0.0,0.0,0.0,0.0,0.0,0.0,0.0
2,1,0.12728277,0.87271726,0.0,0.0,0.0,0.0,0.0,0.0,0.0
2,1,0.12728277,0.87271726,0.0,0.0,0.0,0.0,0.0,0.0,0.0
2,1,0.12728277,0.87271726,0.0,0.0,0.0,0.0,0.0,0.0,0.0
2,1,0.12728277,0.87271726,0.0,0.0,0.0,0.0,0.0,0.0,0.0
2,1,0.12728277,0.87271726,0.0,0.0,0.0,0.0,0.0,0.0,0.0
2,1,0.12728277,0.87271726,0.0,0.0,0.0,0.0,0.0,0.0,0.0
2,1,0.12728277,0.87271726,0.0,0.0,0.0,0.0,0.0,0.0,0.0
2,1,0.12728277,0.87271726,0.0,0.0,0.0,0.0,0.0,0.0,0.0
2,1,0.12728277,0.87271726,0.0,0.0,0.0,0.0,0.0,0.0,0.0
2,1,0.12728277,0.87271726,0.0,0.0,0.0,0.0,0.0,0.0,0.0
2,1,0.12728277,0.87271726,0.0,0.0,0.0,0.0,0.0,0.0,0.0
2,1,0.12728277,0.87271726,0.0,0.0,0.0,0.0,0.0,0.0,0.0
2,1,0.12728277,0.87271726,0.0,0.0,0.0,0.0,0.0,0.0,0.0
2,1,0.12728277,0.87271726,0.0,0.0,0.0,0.0,0.0,0.0,0.0
2,1,0.12728277,0.87271726,0.0,0.0,0.0,0.0,0.0,0.0,0.0
2,1,0.12728277,0.87271726,0.0,0.0,0.0,0.0,0.0,0.0,0.0
2,1,0.12728277,0.87271726,0.0,0.0,0.0,0.0,0.0,0.0,0.0
2,1,0.12728277,0.87271726,0.0,0.0,0.0,0.0,0.0,0.0,0.0
2,1,0.12728277,0.87271726,0.0,0.0,0.0,0.0,0.0,0.0,0.0
2,1,0.12728277,0.87271726,0.0,0.0,0.0,0.0,0.0,0.0,0.0
2,1,0.12728277,0.87271726,0.0,0.0,0.0,0.0,0.0,0.0,0.0
2,1,0.12728277,0.87271726,0.0,0.0,0.0,0.0,0.0,0.0,0.0
2,1,0.12728277,0.87271726,0.0,0.0,0.0,0.0,0.0,0.0,0.0
2,1,0.12728277,0.87271726,0.0,0.0,0.0,0.0,0.0,0.0,0.0
2,1,0.12728277,0.87271726,0.0,0.0,0.0,0.0,0.0,0.0,0.0
2,1,0.12728277,0.87271726,0.0,0.0,0.0,0.0,0.0,0.0,0.0
2,1,0.12728277,0.87271726,0.0,0.0,0.0,0.0,0.0,0.0,0.0
2,1,0.12728277,0.87271726,0.0,0.0,0.0,0.0,0.0,0.0,0.0
2,1,0.12728277,0.87271726,0.0,0.0,0.0,0.0,0.0,0.0,0.0
2,1,0.12728277,0.87271726,0.0,0.0,0.0,0.0,0.0,0.0,0.0
2,1,0.12728277,0.87271726,0.0,0.0,0.0,0.0,0.0,0.0,0.0
2,1,0.12728277,0.87271726,0.0,0.0,0.0,0.0,0.0,0.0,0.0
2,1,0.12728277,0.87271726,0.0,0.0,0.0,0.0,0.0,0.0,0.0
2,1,0.12728277,0.87271726,0.0,0.0,0.0,0.0,0.0,0.0,0.0
2,1,0.12728277,0.87271726,0.0,0.0,0.0,0.0,0.0,0.0,0.0
2,1,0.12728277,0.87271726,0.0,0.0,0.0,0.0,0.0,0.0,0.0
2,1,0.12728277,0.87271726,0.0,0.0,0.0,0.0,0.0,0.0,0.0
2,1,0.12728277,0.87271726,0.0,0.0,0.0,0.0,0.0,0.0,0.0
2,1,0.12728277,0.87271726,0.0,0.0,0.0,0.0,0.0,0.0,0.0
2,1,0.12728277,0.87271726,0.0,0.0,0.0,0.0,0.0,0.0,0.0
2,1,0.12728277,0.87271726,0.0,0.0,0.0,0.0,0.0,0.0,0.0
2,1,0.12728277,0.87271726,0.0,0.0,0.0,0.0,0.0,0.0,0.0
2,1,0.12728277,0.87271726,0.0,0.0,0.0,0.0,0.0,0.0,0.0
2,1,0.12728277,0.87271726,0.0,0.0,0.0,0.0,0.0,0.0,0.0
2,1,0.12728277,0.87271726,0.0,0.0,0.0,0.0,0.0,0.0,0.0
2,1,0.12728277,0.87271726,0.0,0.0,0.0,0.0,0.0,0.0,0.0
2,1,0.12728277,0.87271726,0.0,0.0,0.0,0.0,0.0,0.0,0.0
2,1,0.12728277,0.87271726,0.0,0.0,0.0,0.0,0.0,0.0,0.0
2,1,0.12728277,0.87271726,0.0,0.0,0.0,0.0,0.0,0.0,0.0
2,1,0.12728277,0.87271726,0.0,0.0,0.0,0.0,0.0,0.0,0.0
2,1,0.12728277,0.87271726,0.0,0.0,0.0,0.0,0.0,0.0,0.0
2,1,0.12728277,0.87271726,0.0,0.0,0.0,0.0,0.0,0.0,0.0
2,1,0.12728277,0.87271726,0.0,0.0,0.0,0.0,0.0,0.0,0.0
2,1,0.12728277,0.87271726,0.0,0.0,0.0,0.0,0.0,0.0,0.0
2,1,0.12728277,0.87271726,0.0,0.0,0.0,0.0,0.0,0.0,0.0
2,1,0.12728277,0.87271726,0.0,0.0,0.0,0.0,0.0,0.0,0.0
2,1,0.12728277,0.87271726,0.0,0.0,0.0,0.0,0.0,0.0,0.0
2,1,0.12728277,0.87271726,0.0,0.0,0.0,0.0,0.0,0.0,0.0
2,1,0.12728277,0.87271726,0.0,0.0,0.0,0.0,0.0,0.0,0.0
2,1,0.12728277,0.87271726,0.0,0.0,0.0,0.0,0.0,0.0,0.0
2,1,0.12728277,0.87271726,0.0,0.0,0.0,0.0,0.0,0.0,0.0
2,1,0.12728277,0.87271726,0.0,0.0,0.0,0.0,0.0,0.0,0.0
2,1,0.12728277,0.87271726,0.0,0.0,0.0,0.0,0.0,0.0,0.0
2,1,0.12728277,0.87271726,0.0,0.0,0.0,0.0,0.0,0.0,0.0
2,1,0.12728277,0.87271726,0.0,0.0,0.0,0.0,0.0,0.0,0.0
2,1,0.12728277,0.87271726,0.0,0.0,0.0,0.0,0.0,0.0,0.0
2,1,0.12728277,0.87271726,0.0,0.0,0.0,0.0,0.0,0.0,0.0
2,1,0.12728277,0.87271726,0.0,0.0,0.0,0.0,0.0,0.0,0.0
2,1,0.12728277,0.87271726,0.0,0.0,0.0,0.0,0.0,0.0,0.0
2,1,0.12728277,0.87271726,0.0,0.0,0.0,0.0,0.0,0.0,0.0
2,1,0.12728277,0.87271726,0.0,0.0,0.0,0.0,0.0,0.0,0.0
2,1,0.12728277,0.87271726,0.0,0.0,0.0,0.0,0.0,0.0,0.0
2,1,0.12728277,0.87271726,0.0,0.0,0.0,0.0,0.0,0.0,0.0
2,1,0.12728277,0.87271726,0.0,0.0,0.0,0.0,0.0,0.0,0.0
2,1,0.12728277,0.87271726,0.0,0.0,0.0,0.0,0.0,0.0,0.0
2,1,0.12728277,0.87271726,0.0,0.0,0.0,0.0,0.0,0.0,0.0
2,1,0.18295428,0.81704575,0.0,0.0,0.0,0.0,0.0,0.0,0.0
2,1,0.18295428,0.81704575,0.0,0.0,0.0,0.0,0.0,0.0,0.0
2,1,0.18295428,0.81704575,0.0,0.0,0.0,0.0,0.0,0.0,0.0
2,1,0.18295428,0.81704575,0.0,0.0,0.0,0.0,0.0,0.0,0.0
2,1,0.18295428,0.81704575,0.0,0.0,0.0,0.0,0.0,0.0,0.0
2,1,0.18295428,0.81704575,0.0,0.0,0.0,0.0,0.0,0.0,0.0
2,1,0.18295428,0.81704575,0.0,0.0,0.0,0.0,0.0,0.0,0.0
2,1,0.18295428,0.81704575,0.0,0.0,0.0,0.0,0.0,0.0,0.0
2,1,0.18295428,0.81704575,0.0,0.0,0.0,0.0,0.0,0.0,0.0
2,1,0.18295428,0.81704575,0.0,0.0,0.0,0.0,0.0,0.0,0.0
2,1,0.18295428,0.81704575,0.0,0.0,0.0,0.0,0.0,0.0,0.0
2,1,0.18295428,0.81704575,0.0,0.0,0.0,0.0,0.0,0.0,0.0
2,1,0.18295428,0.81704575,0.0,0.0,0.0,0.0,0.0,0.0,0.0
2,1,0.18295428,0.81704575,0.0,0.0,0.0,0.0,0.0,0.0,0.0
2,1,0.18295428,0.81704575,0.0,0.0,0.0,0.0,0.0,0.0,0.0
2,1,0.18295428,0.81704575,0.0,0.0,0.0,0.0,0.0,0.0,0.0
2,1,0.18295428,0.81704575,0.0,0.0,0.0,0.0,0.0,0.0,0.0
2,1,0.18295428,0.81704575,0.0,0.0,0.0,0.0,0.0,0.0,0.0
2,1,0.18295428,0.81704575,0.0,0.0,0.0,0.0,0.0,0.0,0.0
2,1,0.18295428,0.81704575,0.0,0.0,0.0,0.0,0.0,0.0,0.0
2,1,0.18295428,0.81704575,0.0,0.0,0.0,0.0,0.0,0.0,0.0
2,1,0.18295428,0.81704575,0.0,0.0,0.0,0.0,0.0,0.0,0.0
2,1,0.18295428,0.81704575,0.0,0.0,0.0,0.0,0.0,0.0,0.0
2,1,0.18295428,0.81704575,0.0,0.0,0.0,0.0,0.0,0.0,0.0
2,1,0.18295428,0.81704575,0.0,0.0,0.0,0.0,0.0,0.0,0.0
2,1,0.18295428,0.81704575,0.0,0.0,0.0,0.0,0.0,0.0,0.0
2,1,0.18295428,0.81704575,0.0,0.0,0.0,0.0,0.0,0.0,0.0
2,1,0.18295428,0.81704575,0.0,0.0,0.0,0.0,0.0,0.0,0.0
2,1,0.18295428,0.81704575,0.0,0.0,0.0,0.0,0.0,0.0,0.0
2,1,0.18295428,0.81704575,0.0,0.0,0.0,0.0,0.0,0.0,0.0
2,1,0.18295428,0.81704575,0.0,0.0,0.0,0.0,0.0,0.0,0.0
2,1,0.18295428,0.81704575,0.0,0.0,0.0,0.0,0.0,0.0,0.0
2,1,0.18295428,0.81704575,0.0,0.0,0.0,0.0,0.0,0.0,0.0
2,1,0.18295428,0.81704575,0.0,0.0,0.0,0.0,0.0,0.0,0.0
2,1,0.18295428,0.81704575,0.0,0.0,0.0,0.0,0.0,0.0,0.0
2,1,0.18295428,0.81704575,0.0,0.0,0.0,0.0,0.0,0.0,0.0
2,1,0.18295428,0.81704575,0.0,0.0,0.0,0.0,0.0,0.0,0.0
2,1,0.18295428,0.81704575,0.0,0.0,0.0,0.0,0.0,0.0,0.0
2,1,0.18295428,0.81704575,0.0,0.0,0.0,0.0,0.0,0.0,0.0
2,1,0.18295428,0.81704575,0.0,0.0,0.0,0.0,0.0,0.0,0.0
2,1,0.18295428,0.81704575,0.0,0.0,0.0,0.0,0.0,0.0,0.0
2,1,0.18295428,0.81704575,0.0,0.0,0.0,0.0,0.0,0.0,0.0
2,1,0.18295428,0.81704575,0.0,0.0,0.0,0.0,0.0,0.0,0.0
2,1,0.18295428,0.81704575,0.0,0.0,0.0,0.0,0.0,0.0,0.0
2,1,0.18295428,0.81704575,0.0,0.0,0.0,0.0,0.0,0.0,0.0
2,1,0.18295428,0.81704575,0.0,0.0,0.0,0.0,0.0,0.0,0.0
2,1,0.18295428,0.81704575,0.0,0.0,0.0,0.0,0.0,0.0,0.0
2,1,0.18295428,0.81704575,0.0,0.0,0.0,0.0,0.0,0.0,0.0
2,1,0.18295428,0.81704575,0.0,0.0,0.0,0.0,0.0,0.0,0.0
2,1,0.18295428,0.81704575,0.0,0.0,0.0,0.0,0.0,0.0,0.0
2,1,0.18295428,0.81704575,0.0,0.0,0.0,0.0,0.0,0.0,0.0
2,1,0.18295428,0.81704575,0.0,0.0,0.0,0.0,0.0,0.0,0.0
2,1,0.18295428,0.81704575,0.0,0.0,0.0,0.0,0.0,0.0,0.0
2,1,0.18295428,0.81704575,0.0,0.0,0.0,0.0,0.0,0.0,0.0
2,1,0.18295428,0.81704575,0.0,0.0,0.0,0.0,0.0,0.0,0.0
2,1,0.18295428,0.81704575,0.0,0.0,0.0,0.0,0.0,0.0,0.0
2,1,0.18295428,0.81704575,0.0,0.0,0.0,0.0,0.0,0.0,0.0
2,1,0.18295428,0.81704575,0.0,0.0,0.0,0.0,0.0,0.0,0.0
2,1,0.18295428,0.81704575,0.0,0.0,0.0,0.0,0.0,0.0,0.0
2,1,0.18295428,0.81704575,0.0,0.0,0.0,0.0,0.0,0.0,0.0
2,1,0.18295428,0.81704575,0.0,0.0,0.0,0.0,0.0,0.0,0.0
2,1,0.18295428,0.81704575,0.0,0.0,0.0,0.0,0.0,0.0,0.0
2,1,0.18295428,0.81704575,0.0,0.0,0.0,0.0,0.0,0.0,0.0
2,1,0.18295428,0.81704575,0.0,0.0,0.0,0.0,0.0,0.0,0.0
2,1,0.18295428,0.81704575,0.0,0.0,0.0,0.0,0.0,0.0,0.0
2,1,0.18295428,0.81704575,0.0,0.0,0.0,0.0,0.0,0.0,0.0
2,1,0.18295428,0.81704575,0.0,0.0,0.0,0.0,0.0,0.0,0.0
2,1,0.18295428,0.81704575,0.0,0.0,0.0,0.0,0.0,0.0,0.0
2,1,0.18295428,0.81704575,0.0,0.0,0.0,0.0,0.0,0.0,0.0
2,1,0.18295428,0.81704575,0.0,0.0,0.0,0.0,0.0,0.0,0.0
2,1,0.18295428,0.81704575,0.0,0.0,0.0,0.0,0.0,0.0,0.0
2,1,0.18295428,0.81704575,0.0,0.0,0.0,0.0,0.0,0.0,0.0
2,1,0.18295428,0.81704575,0.0,0.0,0.0,0.0,0.0,0.0,0.0
2,1,0.18295428,0.81704575,0.0,0.0,0.0,0.0,0.0,0.0,0.0
2,1,0.18295428,0.81704575,0.0,0.0,0.0,0.0,0.0,0.0,0.0
2,1,0.18295428,0.81704575,0.0,0.0,0.0,0.0,0.0,0.0,0.0
2,1,0.18295428,0.81704575,0.0,0.0,0.0,0.0,0.0,0.0,0.0
2,1,0.18295428,0.81704575,0.0,0.0,0.0,0.0,0.0,0.0,0.0
2,1,0.18295428,0.81704575,0.0,0.0,0.0,0.0,0.0,0.0,0.0
2,1,0.18295428,0.81704575,0.0,0.0,0.0,0.0,0.0,0.0,0.0
2,1,0.18295428,0.81704575,0.0,0.0,0.0,0.0,0.0,0.0,0.0
2,1,0.18295428,0.81704575,0.0,0.0,0.0,0.0,0.0,0.0,0.0
2,1,0.18295428,0.81704575,0.0,0.0,0.0,0.0,0.0,0.0,0.0
2,1,0.18295428,0.81704575,0.0,0.0,0.0,0.0,0.0,0.0,0.0
2,1,0.18295428,0.81704575,0.0,0.0,0.0,0.0,0.0,0.0,0.0
2,1,0.18295428,0.81704575,0.0,0.0,0.0,0.0,0.0,0.0,0.0
2,1,0.18295428,0.81704575,0.0,0.0,0.0,0.0,0.0,0.0,0.0
2,1,0.18295428,0.81704575,0.0,0.0,0.0,0.0,0.0,0.0,0.0
2,1,0.18295428,0.81704575,0.0,0.0,0.0,0.0,0.0,0.0,0.0
2,1,0.18295428,0.81704575,0.0,0.0,0.0,0.0,0.0,0.0,0.0
2,1,0.18295428,0.81704575,0.0,0.0,0.0,0.0,0.0,0.0,0.0
2,1,0.18295428,0.81704575,0.0,0.0,0.0,0.0,0.0,0.0,0.0
2,1,0.18295428,0.81704575,0.0,0.0,0.0,0.0,0.0,0.0,0.0
2,1,0.12484924,0.8751508,0.0,0.0,0.0,0.0,0.0,0.0,0.0
2,1,0.12484924,0.8751508,0.0,0.0,0.0,0.0,0.0,0.0,0.0
2,1,0.12484924,0.8751508,0.0,0.0,0.0,0.0,0.0,0.0,0.0
2,1,0.12484924,0.8751508,0.0,0.0,0.0,0.0,0.0,0.0,0.0
2,1,0.12484924,0.8751508,0.0,0.0,0.0,0.0,0.0,0.0,0.0
2,1,0.12484924,0.8751508,0.0,0.0,0.0,0.0,0.0,0.0,0.0
2,1,0.12484924,0.8751508,0.0,0.0,0.0,0.0,0.0,0.0,0.0
2,1,0.12484924,0.8751508,0.0,0.0,0.0,0.0,0.0,0.0,0.0
2,1,0.12484924,0.8751508,0.0,0.0,0.0,0.0,0.0,0.0,0.0
2,1,0.12484924,0.8751508,0.0,0.0,0.0,0.0,0.0,0.0,0.0
2,1,0.12484924,0.8751508,0.0,0.0,0.0,0.0,0.0,0.0,0.0
2,1,0.12484924,0.8751508,0.0,0.0,0.0,0.0,0.0,0.0,0.0
2,1,0.12484924,0.8751508,0.0,0.0,0.0,0.0,0.0,0.0,0.0
2,1,0.12484924,0.8751508,0.0,0.0,0.0,0.0,0.0,0.0,0.0
2,1,0.12484924,0.8751508,0.0,0.0,0.0,0.0,0.0,0.0,0.0
2,1,0.12484924,0.8751508,0.0,0.0,0.0,0.0,0.0,0.0,0.0
2,1,0.12484924,0.8751508,0.0,0.0,0.0,0.0,0.0,0.0,0.0
2,1,0.12484924,0.8751508,0.0,0.0,0.0,0.0,0.0,0.0,0.0
2,1,0.12484924,0.8751508,0.0,0.0,0.0,0.0,0.0,0.0,0.0
2,1,0.12484924,0.8751508,0.0,0.0,0.0,0.0,0.0,0.0,0.0
2,1,0.12484924,0.8751508,0.0,0.0,0.0,0.0,0.0,0.0,0.0
2,1,0.12484924,0.8751508,0.0,0.0,0.0,0.0,0.0,0.0,0.0
2,1,0.12484924,0.8751508,0.0,0.0,0.0,0.0,0.0,0.0,0.0
2,1,0.12484924,0.8751508,0.0,0.0,0.0,0.0,0.0,0.0,0.0
2,1,0.12484924,0.8751508,0.0,0.0,0.0,0.0,0.0,0.0,0.0
2,1,0.12484924,0.8751508,0.0,0.0,0.0,0.0,0.0,0.0,0.0
2,1,0.12484924,0.8751508,0.0,0.0,0.0,0.0,0.0,0.0,0.0
2,1,0.12484924,0.8751508,0.0,0.0,0.0,0.0,0.0,0.0,0.0
2,1,0.12484924,0.8751508,0.0,0.0,0.0,0.0,0.0,0.0,0.0
2,1,0.12484924,0.8751508,0.0,0.0,0.0,0.0,0.0,0.0,0.0
2,1,0.12484924,0.8751508,0.0,0.0,0.0,0.0,0.0,0.0,0.0
2,1,0.12484924,0.8751508,0.0,0.0,0.0,0.0,0.0,0.0,0.0
2,1,0.12484924,0.8751508,0.0,0.0,0.0,0.0,0.0,0.0,0.0
2,1,0.12484924,0.8751508,0.0,0.0,0.0,0.0,0.0,0.0,0.0
2,1,0.12484924,0.8751508,0.0,0.0,0.0,0.0,0.0,0.0,0.0
2,1,0.12484924,0.8751508,0.0,0.0,0.0,0.0,0.0,0.0,0.0
2,1,0.12484924,0.8751508,0.0,0.0,0.0,0.0,0.0,0.0,0.0
2,1,0.12484924,0.8751508,0.0,0.0,0.0,0.0,0.0,0.0,0.0
2,1,0.12484924,0.8751508,0.0,0.0,0.0,0.0,0.0,0.0,0.0
2,1,0.12484924,0.8751508,0.0,0.0,0.0,0.0,0.0,0.0,0.0
2,1,0.12484924,0.8751508,0.0,0.0,0.0,0.0,0.0,0.0,0.0
2,1,0.12484924,0.8751508,0.0,0.0,0.0,0.0,0.0,0.0,0.0
2,1,0.12484924,0.8751508,0.0,0.0,0.0,0.0,0.0,0.0,0.0
2,1,0.12484924,0.8751508,0.0,0.0,0.0,0.0,0.0,0.0,0.0
2,1,0.12484924,0.8751508,0.0,0.0,0.0,0.0,0.0,0.0,0.0
2,1,0.12484924,0.8751508,0.0,0.0,0.0,0.0,0.0,0.0,0.0
2,1,0.12484924,0.8751508,0.0,0.0,0.0,0.0,0.0,0.0,0.0
2,1,0.12484924,0.8751508,0.0,0.0,0.0,0.0,0.0,0.0,0.0
2,1,0.12484924,0.8751508,0.0,0.0,0.0,0.0,0.0,0.0,0.0
2,1,0.12484924,0.8751508,0.0,0.0,0.0,0.0,0.0,0.0,0.0
2,1,0.12484924,0.8751508,0.0,0.0,0.0,0.0,0.0,0.0,0.0
2,1,0.12484924,0.8751508,0.0,0.0,0.0,0.0,0.0,0.0,0.0
2,1,0.12484924,0.8751508,0.0,0.0,0.0,0.0,0.0,0.0,0.0
2,1,0.12484924,0.8751508,0.0,0.0,0.0,0.0,0.0,0.0,0.0
2,1,0.12484924,0.8751508,0.0,0.0,0.0,0.0,0.0,0.0,0.0
2,1,0.12484924,0.8751508,0.0,0.0,0.0,0.0,0.0,0.0,0.0
2,1,0.12484924,0.8751508,0.0,0.0,0.0,0.0,0.0,0.0,0.0
2,1,0.12484924,0.8751508,0.0,0.0,0.0,0.0,0.0,0.0,0.0
2,1,0.12484924,0.8751508,0.0,0.0,0.0,0.0,0.0,0.0,0.0
2,1,0.12484924,0.8751508,0.0,0.0,0.0,0.0,0.0,0.0,0.0
2,1,0.12484924,0.8751508,0.0,0.0,0.0,0.0,0.0,0.0,0.0
2,1,0.12484924,0.8751508,0.0,0.0,0.0,0.0,0.0,0.0,0.0
2,1,0.12484924,0.8751508,0.0,0.0,0.0,0.0,0.0,0.0,0.0
2,1,0.12484924,0.8751508,0.0,0.0,0.0,0.0,0.0,0.0,0.0
2,1,0.12484924,0.8170457,0.058105025,0.0,0.0,0.0,0.0,0.0,0.0
2,1,0.12484924,0.8170457,0.058105025,0.0,0.0,0.0,0.0,0.0,0.0
2,1,0.12484924,0.8170457,0.058105025,0.0,0.0,0.0,0.0,0.0,0.0
2,1,0.12484924,0.8170457,0.058105025,0.0,0.0,0.0,0.0,0.0,0.0
2,1,0.12484924,0.8170457,0.058105025,0.0,0.0,0.0,0.0,0.0,0.0
2,1,0.12484924,0.8170457,0.058105025,0.0,0.0,0.0,0.0,0.0,0.0
2,1,0.12484924,0.8170457,0.058105025,0.0,0.0,0.0,0.0,0.0,0.0
2,1,0.12484924,0.8170457,0.058105025,0.0,0.0,0.0,0.0,0.0,0.0
2,1,0.12484924,0.8170457,0.058105025,0.0,0.0,0.0,0.0,0.0,0.0
2,1,0.12484924,0.8170457,0.058105025,0.0,0.0,0.0,0.0,0.0,0.0
2,1,0.12484924,0.8170457,0.058105025,0.0,0.0,0.0,0.0,0.0,0.0
2,1,0.12484924,0.8170457,0.058105025,0.0,0.0,0.0,0.0,0.0,0.0
2,1,0.12484924,0.8170457,0.058105025,0.0,0.0,0.0,0.0,0.0,0.0
2,1,0.12484924,0.8170457,0.058105025,0.0,0.0,0.0,0.0,0.0,0.0
2,1,0.12484924,0.8170457,0.058105025,0.0,0.0,0.0,0.0,0.0,0.0
2,1,0.12484924,0.8170457,0.058105025,0.0,0.0,0.0,0.0,0.0,0.0
2,1,0.12484924,0.8170457,0.058105025,0.0,0.0,0.0,0.0,0.0,0.0
2,1,0.12484924,0.8170457,0.058105025,0.0,0.0,0.0,0.0,0.0,0.0
2,1,0.12484924,0.8170457,0.058105025,0.0,0.0,0.0,0.0,0.0,0.0
2,1,0.12484924,0.8170457,0.058105025,0.0,0.0,0.0,0.0,0.0,0.0
2,1,0.12484924,0.8170457,0.058105025,0.0,0.0,0.0,0.0,0.0,0.0
2,1,0.12484924,0.8170457,0.058105025,0.0,0.0,0.0,0.0,0.0,0.0
2,1,0.12484924,0.8170457,0.058105025,0.0,0.0,0.0,0.0,0.0,0.0
2,1,0.12484924,0.8170457,0.058105025,0.0,0.0,0.0,0.0,0.0,0.0
2,1,0.12484924,0.8170457,0.058105025,0.0,0.0,0.0,0.0,0.0,0.0
2,1,0.12484924,0.8170457,0.058105025,0.0,0.0,0.0,0.0,0.0,0.0
2,1,0.12484924,0.8170457,0.058105025,0.0,0.0,0.0,0.0,0.0,0.0
2,1,0.12484924,0.8170457,0.058105025,0.0,0.0,0.0,0.0,0.0,0.0
2,1,0.12484924,0.8170457,0.058105025,0.0,0.0,0.0,0.0,0.0,0.0
2,1,0.12484924,0.8170457,0.058105025,0.0,0.0,0.0,0.0,0.0,0.0
2,1,0.12484924,0.8170457,0.058105025,0.0,0.0,0.0,0.0,0.0,0.0
2,1,0.12484924,0.8170457,0.058105025,0.0,0.0,0.0,0.0,0.0,0.0
2,1,0.24543427,0.7545657,0.0,0.0,0.0,0.0,0.0,0.0,0.0
2,1,0.24543427,0.7545657,0.0,0.0,0.0,0.0,0.0,0.0,0.0
2,1,0.24543427,0.7545657,0.0,0.0,0.0,0.0,0.0,0.0,0.0
2,1,0.24543427,0.7545657,0.0,0.0,0.0,0.0,0.0,0.0,0.0
2,1,0.24543427,0.7545657,0.0,0.0,0.0,0.0,0.0,0.0,0.0
2,1,0.24543427,0.7545657,0.0,0.0,0.0,0.0,0.0,0.0,0.0
2,1,0.24543427,0.7545657,0.0,0.0,0.0,0.0,0.0,0.0,0.0
2,1,0.24543427,0.7545657,0.0,0.0,0.0,0.0,0.0,0.0,0.0
2,1,0.24543427,0.7545657,0.0,0.0,0.0,0.0,0.0,0.0,0.0
2,1,0.24543427,0.7545657,0.0,0.0,0.0,0.0,0.0,0.0,0.0
2,1,0.24543427,0.7545657,0.0,0.0,0.0,0.0,0.0,0.0,0.0
2,1,0.24543427,0.7545657,0.0,0.0,0.0,0.0,0.0,0.0,0.0
2,1,0.24543427,0.7545657,0.0,0.0,0.0,0.0,0.0,0.0,0.0
2,1,0.24543427,0.7545657,0.0,0.0,0.0,0.0,0.0,0.0,0.0
2,1,0.24543427,0.7545657,0.0,0.0,0.0,0.0,0.0,0.0,0.0
2,1,0.24543427,0.7545657,0.0,0.0,0.0,0.0,0.0,0.0,0.0
2,1,0.24543427,0.7545657,0.0,0.0,0.0,0.0,0.0,0.0,0.0
2,1,0.24543427,0.7545657,0.0,0.0,0.0,0.0,0.0,0.0,0.0
2,1,0.24543427,0.7545657,0.0,0.0,0.0,0.0,0.0,0.0,0.0
2,1,0.24543427,0.7545657,0.0,0.0,0.0,0.0,0.0,0.0,0.0
2,1,0.24543427,0.7545657,0.0,0.0,0.0,0.0,0.0,0.0,0.0
2,1,0.24543427,0.7545657,0.0,0.0,0.0,0.0,0.0,0.0,0.0
2,1,0.24543427,0.7545657,0.0,0.0,0.0,0.0,0.0,0.0,0.0
2,1,0.24543427,0.7545657,0.0,0.0,0.0,0.0,0.0,0.0,0.0
2,1,0.24543427,0.7545657,0.0,0.0,0.0,0.0,0.0,0.0,0.0
2,1,0.24543427,0.7545657,0.0,0.0,0.0,0.0,0.0,0.0,0.0
2,1,0.24543427,0.7545657,0.0,0.0,0.0,0.0,0.0,0.0,0.0
2,1,0.24543427,0.7545657,0.0,0.0,0.0,0.0,0.0,0.0,0.0
2,1,0.24543427,0.7545657,0.0,0.0,0.0,0.0,0.0,0.0,0.0
2,1,0.24543427,0.7545657,0.0,0.0,0.0,0.0,0.0,0.0,0.0
2,1,0.24543427,0.7545657,0.0,0.0,0.0,0.0,0.0,0.0,0.0
2,1,0.24543427,0.7545657,0.0,0.0,0.0,0.0,0.0,0.0,0.0
2,1,0.18732923,0.7545657,0.05810502,0.0,0.0,0.0,0.0,0.0,0.0
2,1,0.18732923,0.7545657,0.05810502,0.0,0.0,0.0,0.0,0.0,0.0
2,1,0.18732923,0.7545657,0.05810502,0.0,0.0,0.0,0.0,0.0,0.0
2,1,0.18732923,0.7545657,0.05810502,0.0,0.0,0.0,0.0,0.0,0.0
2,1,0.18732923,0.7545657,0.05810502,0.0,0.0,0.0,0.0,0.0,0.0
2,1,0.18732923,0.7545657,0.05810502,0.0,0.0,0.0,0.0,0.0,0.0
2,1,0.18732923,0.7545657,0.05810502,0.0,0.0,0.0,0.0,0.0,0.0
2,1,0.18732923,0.7545657,0.05810502,0.0,0.0,0.0,0.0,0.0,0.0
2,1,0.18732923,0.7545657,0.05810502,0.0,0.0,0.0,0.0,0.0,0.0
2,1,0.18732923,0.7545657,0.05810502,0.0,0.0,0.0,0.0,0.0,0.0
2,1,0.18732923,0.7545657,0.05810502,0.0,0.0,0.0,0.0,0.0,0.0
2,1,0.18732923,0.7545657,0.05810502,0.0,0.0,0.0,0.0,0.0,0.0
2,1,0.18732923,0.7545657,0.05810502,0.0,0.0,0.0,0.0,0.0,0.0
2,1,0.18732923,0.7545657,0.05810502,0.0,0.0,0.0,0.0,0.0,0.0
2,1,0.18732923,0.7545657,0.05810502,0.0,0.0,0.0,0.0,0.0,0.0
2,1,0.18732923,0.7545657,0.05810502,0.0,0.0,0.0,0.0,0.0,0.0
2,1,0.18732923,0.7545657,0.05810502,0.0,0.0,0.0,0.0,0.0,0.0
2,1,0.18732923,0.7545657,0.05810502,0.0,0.0,0.0,0.0,0.0,0.0
2,1,0.18732923,0.7545657,0.05810502,0.0,0.0,0.0,0.0,0.0,0.0
2,1,0.18732923,0.7545657,0.05810502,0.0,0.0,0.0,0.0,0.0,0.0
2,1,0.18732923,0.7545657,0.05810502,0.0,0.0,0.0,0.0,0.0,0.0
2,1,0.18732923,0.7545657,0.05810502,0.0,0.0,0.0,0.0,0.0,0.0
2,1,0.18732923,0.7545657,0.05810502,0.0,0.0,0.0,0.0,0.0,0.0
2,1,0.18732923,0.7545657,0.05810502,0.0,0.0,0.0,0.0,0.0,0.0
2,1,0.18732923,0.7545657,0.05810502,0.0,0.0,0.0,0.0,0.0,0.0
2,1,0.18732923,0.7545657,0.05810502,0.0,0.0,0.0,0.0,0.0,0.0
2,1,0.18732923,0.7545657,0.05810502,0.0,0.0,0.0,0.0,0.0,0.0
2,1,0.18732923,0.7545657,0.05810502,0.0,0.0,0.0,0.0,0.0,0.0
2,1,0.18732923,0.7545657,0.05810502,0.0,0.0,0.0,0.0,0.0,0.0
2,1,0.18732923,0.7545657,0.05810502,0.0,0.0,0.0,0.0,0.0,0.0
2,1,0.18732923,0.7545657,0.05810502,0.0,0.0,0.0,0.0,0.0,0.0
2,1,0.18732923,0.7545657,0.05810502,0.0,0.0,0.0,0.0,0.0,0.0
2,1,0.18732923,0.7545657,0.05810502,0.0,0.0,0.0,0.0,0.0,0.0
2,1,0.18732923,0.7545657,0.05810502,0.0,0.0,0.0,0.0,0.0,0.0
2,1,0.18732923,0.7545657,0.05810502,0.0,0.0,0.0,0.0,0.0,0.0
2,1,0.18732923,0.7545657,0.05810502,0.0,0.0,0.0,0.0,0.0,0.0
2,1,0.18732923,0.7545657,0.05810502,0.0,0.0,0.0,0.0,0.0,0.0
2,1,0.18732923,0.7545657,0.05810502,0.0,0.0,0.0,0.0,0.0,0.0
2,1,0.18732923,0.7545657,0.05810502,0.0,0.0,0.0,0.0,0.0,0.0
2,1,0.18732923,0.7545657,0.05810502,0.0,0.0,0.0,0.0,0.0,0.0
2,1,0.18732923,0.7545657,0.05810502,0.0,0.0,0.0,0.0,0.0,0.0
2,1,0.18732923,0.7545657,0.05810502,0.0,0.0,0.0,0.0,0.0,0.0
2,1,0.18732923,0.7545657,0.05810502,0.0,0.0,0.0,0.0,0.0,0.0
2,1,0.18732923,0.7545657,0.05810502,0.0,0.0,0.0,0.0,0.0,0.0
2,1,0.18732923,0.7545657,0.05810502,0.0,0.0,0.0,0.0,0.0,0.0
2,1,0.18732923,0.7545657,0.05810502,0.0,0.0,0.0,0.0,0.0,0.0
2,1,0.18732923,0.7545657,0.05810502,0.0,0.0,0.0,0.0,0.0,0.0
2,1,0.18732923,0.7545657,0.05810502,0.0,0.0,0.0,0.0,0.0,0.0
2,1,0.18732923,0.7545657,0.05810502,0.0,0.0,0.0,0.0,0.0,0.0
2,1,0.18732923,0.7545657,0.05810502,0.0,0.0,0.0,0.0,0.0,0.0
2,1,0.18732923,0.7545657,0.05810502,0.0,0.0,0.0,0.0,0.0,0.0
2,1,0.18732923,0.7545657,0.05810502,0.0,0.0,0.0,0.0,0.0,0.0
2,1,0.18732923,0.7545657,0.05810502,0.0,0.0,0.0,0.0,0.0,0.0
2,1,0.18732923,0.7545657,0.05810502,0.0,0.0,0.0,0.0,0.0,0.0
2,1,0.18732923,0.7545657,0.05810502,0.0,0.0,0.0,0.0,0.0,0.0
2,1,0.18732923,0.7545657,0.05810502,0.0,0.0,0.0,0.0,0.0,0.0
2,1,0.18732923,0.7545657,0.05810502,0.0,0.0,0.0,0.0,0.0,0.0
2,1,0.18732923,0.7545657,0.05810502,0.0,0.0,0.0,0.0,0.0,0.0
2,1,0.18732923,0.7545657,0.05810502,0.0,0.0,0.0,0.0,0.0,0.0
2,1,0.18732923,0.7545657,0.05810502,0.0,0.0,0.0,0.0,0.0,0.0
2,1,0.18732923,0.7545657,0.05810502,0.0,0.0,0.0,0.0,0.0,0.0
2,1,0.18732923,0.7545657,0.05810502,0.0,0.0,0.0,0.0,0.0,0.0
2,1,0.18732923,0.7545657,0.05810502,0.0,0.0,0.0,0.0,0.0,0.0
2,1,0.18732923,0.7545657,0.05810502,0.0,0.0,0.0,0.0,0.0,0.0
2,1,0.18732923,0.7545657,0.05810502,0.0,0.0,0.0,0.0,0.0,0.0
2,1,0.18732923,0.7545657,0.05810502,0.0,0.0,0.0,0.0,0.0,0.0
2,1,0.18732923,0.7545657,0.05810502,0.0,0.0,0.0,0.0,0.0,0.0
2,1,0.18732923,0.7545657,0.05810502,0.0,0.0,0.0,0.0,0.0,0.0
2,1,0.18732923,0.7545657,0.05810502,0.0,0.0,0.0,0.0,0.0,0.0
2,1,0.18732923,0.7545657,0.05810502,0.0,0.0,0.0,0.0,0.0,0.0
2,1,0.18732923,0.7545657,0.05810502,0.0,0.0,0.0,0.0,0.0,0.0
2,1,0.18732923,0.7545657,0.05810502,0.0,0.0,0.0,0.0,0.0,0.0
2,1,0.18732923,0.7545657,0.05810502,0.0,0.0,0.0,0.0,0.0,0.0
2,1,0.18732923,0.7545657,0.05810502,0.0,0.0,0.0,0.0,0.0,0.0
2,1,0.18732923,0.7545657,0.05810502,0.0,0.0,0.0,0.0,0.0,0.0
2,1,0.18732923,0.7545657,0.05810502,0.0,0.0,0.0,0.0,0.0,0.0
2,1,0.18732923,0.7545657,0.05810502,0.0,0.0,0.0,0.0,0.0,0.0
2,1,0.18732923,0.7545657,0.05810502,0.0,0.0,0.0,0.0,0.0,0.0
2,1,0.18732923,0.7545657,0.05810502,0.0,0.0,0.0,0.0,0.0,0.0
2,1,0.18732923,0.7545657,0.05810502,0.0,0.0,0.0,0.0,0.0,0.0
2,1,0.18732923,0.7545657,0.05810502,0.0,0.0,0.0,0.0,0.0,0.0
2,1,0.18732923,0.7545657,0.05810502,0.0,0.0,0.0,0.0,0.0,0.0
2,1,0.18732923,0.7545657,0.05810502,0.0,0.0,0.0,0.0,0.0,0.0
2,1,0.18732923,0.7545657,0.05810502,0.0,0.0,0.0,0.0,0.0,0.0
2,1,0.18732923,0.7545657,0.05810502,0.0,0.0,0.0,0.0,0.0,0.0
2,1,0.18732923,0.7545657,0.05810502,0.0,0.0,0.0,0.0,0.0,0.0
2,1,0.18732923,0.7545657,0.05810502,0.0,0.0,0.0,0.0,0.0,0.0
2,1,0.18732923,0.7545657,0.05810502,0.0,0.0,0.0,0.0,0.0,0.0
2,1,0.18732923,0.7545657,0.05810502,0.0,0.0,0.0,0.0,0.0,0.0
2,1,0.18732923,0.7545657,0.05810502,0.0,0.0,0.0,0.0,0.0,0.0
2,1,0.18732923,0.7545657,0.05810502,0.0,0.0,0.0,0.0,0.0,0.0
2,1,0.18732923,0.7545657,0.05810502,0.0,0.0,0.0,0.0,0.0,0.0
2,1,0.18732923,0.7545657,0.05810502,0.0,0.0,0.0,0.0,0.0,0.0
2,1,0.18732923,0.7545657,0.05810502,0.0,0.0,0.0,0.0,0.0,0.0
2,1,0.18732923,0.7545657,0.05810502,0.0,0.0,0.0,0.0,0.0,0.0
2,1,0.18732923,0.7545657,0.05810502,0.0,0.0,0.0,0.0,0.0,0.0
2,1,0.18732923,0.7545657,0.05810502,0.0,0.0,0.0,0.0,0.0,0.0
2,1,0.18732923,0.7545657,0.05810502,0.0,0.0,0.0,0.0,0.0,0.0
2,1,0.18732923,0.7545657,0.05810502,0.0,0.0,0.0,0.0,0.0,0.0
2,1,0.18732923,0.7545657,0.05810502,0.0,0.0,0.0,0.0,0.0,0.0
2,1,0.18732923,0.7545657,0.05810502,0.0,0.0,0.0,0.0,0.0,0.0
2,1,0.18732923,0.7545657,0.05810502,0.0,0.0,0.0,0.0,0.0,0.0
2,1,0.18732923,0.7545657,0.05810502,0.0,0.0,0.0,0.0,0.0,0.0
2,1,0.18732923,0.7545657,0.05810502,0.0,0.0,0.0,0.0,0.0,0.0
2,1,0.18732923,0.7545657,0.05810502,0.0,0.0,0.0,0.0,0.0,0.0
2,1,0.18732923,0.7545657,0.05810502,0.0,0.0,0.0,0.0,0.0,0.0
2,1,0.18732923,0.7545657,0.05810502,0.0,0.0,0.0,0.0,0.0,0.0
2,1,0.18732923,0.7545657,0.05810502,0.0,0.0,0.0,0.0,0.0,0.0
2,1,0.18732923,0.7545657,0.05810502,0.0,0.0,0.0,0.0,0.0,0.0
2,1,0.18732923,0.7545657,0.05810502,0.0,0.0,0.0,0.0,0.0,0.0
2,1,0.18732923,0.7545657,0.05810502,0.0,0.0,0.0,0.0,0.0,0.0
2,1,0.18732923,0.7545657,0.05810502,0.0,0.0,0.0,0.0,0.0,0.0
2,1,0.18732923,0.7545657,0.05810502,0.0,0.0,0.0,0.0,0.0,0.0
2,1,0.18732923,0.7545657,0.05810502,0.0,0.0,0.0,0.0,0.0,0.0
2,1,0.18732923,0.7545657,0.05810502,0.0,0.0,0.0,0.0,0.0,0.0
2,1,0.18732923,0.7545657,0.05810502,0.0,0.0,0.0,0.0,0.0,0.0
2,1,0.18732923,0.7545657,0.05810502,0.0,0.0,0.0,0.0,0.0,0.0
2,1,0.18732923,0.7545657,0.05810502,0.0,0.0,0.0,0.0,0.0,0.0
2,1,0.18732923,0.7545657,0.05810502,0.0,0.0,0.0,0.0,0.0,0.0
2,1,0.18732923,0.7545657,0.05810502,0.0,0.0,0.0,0.0,0.0,0.0
2,1,0.18732923,0.7545657,0.05810502,0.0,0.0,0.0,0.0,0.0,0.0
2,1,0.18732923,0.7545657,0.05810502,0.0,0.0,0.0,0.0,0.0,0.0
2,1,0.18732923,0.7545657,0.05810502,0.0,0.0,0.0,0.0,0.0,0.0
2,1,0.18732923,0.7545657,0.05810502,0.0,0.0,0.0,0.0,0.0,0.0
2,1,0.18732923,0.7545657,0.05810502,0.0,0.0,0.0,0.0,0.0,0.0
2,1,0.18732923,0.7545657,0.05810502,0.0,0.0,0.0,0.0,0.0,0.0
2,1,0.18732923,0.7545657,0.05810502,0.0,0.0,0.0,0.0,0.0,0.0
2,1,0.18732923,0.7545657,0.05810502,0.0,0.0,0.0,0.0,0.0,0.0
2,1,0.18732926,0.81267077,0.0,0.0,0.0,0.0,0.0,0.0,0.0
2,1,0.18732926,0.81267077,0.0,0.0,0.0,0.0,0.0,0.0,0.0
2,1,0.18732926,0.81267077,0.0,0.0,0.0,0.0,0.0,0.0,0.0
2,1,0.18732926,0.81267077,0.0,0.0,0.0,0.0,0.0,0.0,0.0
2,1,0.18732926,0.81267077,0.0,0.0,0.0,0.0,0.0,0.0,0.0
2,1,0.18732926,0.81267077,0.0,0.0,0.0,0.0,0.0,0.0,0.0
2,1,0.18732926,0.81267077,0.0,0.0,0.0,0.0,0.0,0.0,0.0
2,1,0.18732926,0.81267077,0.0,0.0,0.0,0.0,0.0,0.0,0.0
2,1,0.18732926,0.81267077,0.0,0.0,0.0,0.0,0.0,0.0,0.0
2,1,0.18732926,0.81267077,0.0,0.0,0.0,0.0,0.0,0.0,0.0
2,1,0.18732926,0.81267077,0.0,0.0,0.0,0.0,0.0,0.0,0.0
2,1,0.18732926,0.81267077,0.0,0.0,0.0,0.0,0.0,0.0,0.0
2,1,0.18732926,0.81267077,0.0,0.0,0.0,0.0,0.0,0.0,0.0
2,1,0.18732926,0.81267077,0.0,0.0,0.0,0.0,0.0,0.0,0.0
2,1,0.18732926,0.81267077,0.0,0.0,0.0,0.0,0.0,0.0,0.0
2,1,0.18732926,0.81267077,0.0,0.0,0.0,0.0,0.0,0.0,0.0
2,1,0.18732926,0.81267077,0.0,0.0,0.0,0.0,0.0,0.0,0.0
2,1,0.18732926,0.81267077,0.0,0.0,0.0,0.0,0.0,0.0,0.0
2,1,0.18732926,0.81267077,0.0,0.0,0.0,0.0,0.0,0.0,0.0
2,1,0.18732926,0.81267077,0.0,0.0,0.0,0.0,0.0,0.0,0.0
2,1,0.18732926,0.81267077,0.0,0.0,0.0,0.0,0.0,0.0,0.0
2,1,0.18732926,0.81267077,0.0,0.0,0.0,0.0,0.0,0.0,0.0
2,1,0.18732926,0.81267077,0.0,0.0,0.0,0.0,0.0,0.0,0.0
2,1,0.18732926,0.81267077,0.0,0.0,0.0,0.0,0.0,0.0,0.0
2,1,0.18732926,0.81267077,0.0,0.0,0.0,0.0,0.0,0.0,0.0
2,1,0.18732926,0.81267077,0.0,0.0,0.0,0.0,0.0,0.0,0.0
2,1,0.18732926,0.81267077,0.0,0.0,0.0,0.0,0.0,0.0,0.0
2,1,0.18732926,0.81267077,0.0,0.0,0.0,0.0,0.0,0.0,0.0
2,1,0.18732926,0.81267077,0.0,0.0,0.0,0.0,0.0,0.0,0.0
2,1,0.18732926,0.81267077,0.0,0.0,0.0,0.0,0.0,0.0,0.0
2,1,0.18732926,0.81267077,0.0,0.0,0.0,0.0,0.0,0.0,0.0
2,1,0.18732926,0.81267077,0.0,0.0,0.0,0.0,0.0,0.0,0.0
2,1,0.18732926,0.81267077,0.0,0.0,0.0,0.0,0.0,0.0,0.0
2,1,0.18732926,0.81267077,0.0,0.0,0.0,0.0,0.0,0.0,0.0
2,1,0.18732926,0.81267077,0.0,0.0,0.0,0.0,0.0,0.0,0.0
2,1,0.18732926,0.81267077,0.0,0.0,0.0,0.0,0.0,0.0,0.0
2,1,0.18732926,0.81267077,0.0,0.0,0.0,0.0,0.0,0.0,0.0
2,1,0.18732926,0.81267077,0.0,0.0,0.0,0.0,0.0,0.0,0.0
2,1,0.18732926,0.81267077,0.0,0.0,0.0,0.0,0.0,0.0,0.0
2,1,0.18732926,0.81267077,0.0,0.0,0.0,0.0,0.0,0.0,0.0
2,1,0.18732926,0.81267077,0.0,0.0,0.0,0.0,0.0,0.0,0.0
2,1,0.18732926,0.81267077,0.0,0.0,0.0,0.0,0.0,0.0,0.0
2,1,0.18732926,0.81267077,0.0,0.0,0.0,0.0,0.0,0.0,0.0
2,1,0.18732926,0.81267077,0.0,0.0,0.0,0.0,0.0,0.0,0.0
2,1,0.18732926,0.81267077,0.0,0.0,0.0,0.0,0.0,0.0,0.0
2,1,0.18732926,0.81267077,0.0,0.0,0.0,0.0,0.0,0.0,0.0
2,1,0.18732926,0.81267077,0.0,0.0,0.0,0.0,0.0,0.0,0.0
2,1,0.18732926,0.81267077,0.0,0.0,0.0,0.0,0.0,0.0,0.0
2,1,0.18732926,0.81267077,0.0,0.0,0.0,0.0,0.0,0.0,0.0
2,1,0.18732926,0.81267077,0.0,0.0,0.0,0.0,0.0,0.0,0.0
2,1,0.18732926,0.81267077,0.0,0.0,0.0,0.0,0.0,0.0,0.0
2,1,0.18732926,0.81267077,0.0,0.0,0.0,0.0,0.0,0.0,0.0
2,1,0.18732926,0.81267077,0.0,0.0,0.0,0.0,0.0,0.0,0.0
2,1,0.18732926,0.81267077,0.0,0.0,0.0,0.0,0.0,0.0,0.0
2,1,0.18732926,0.81267077,0.0,0.0,0.0,0.0,0.0,0.0,0.0
2,1,0.18732926,0.81267077,0.0,0.0,0.0,0.0,0.0,0.0,0.0
2,1,0.18732926,0.81267077,0.0,0.0,0.0,0.0,0.0,0.0,0.0
2,1,0.18732926,0.81267077,0.0,0.0,0.0,0.0,0.0,0.0,0.0
2,1,0.18732926,0.81267077,0.0,0.0,0.0,0.0,0.0,0.0,0.0
2,1,0.18732926,0.81267077,0.0,0.0,0.0,0.0,0.0,0.0,0.0
2,1,0.18732926,0.81267077,0.0,0.0,0.0,0.0,0.0,0.0,0.0
2,1,0.18732926,0.81267077,0.0,0.0,0.0,0.0,0.0,0.0,0.0
2,1,0.18732926,0.81267077,0.0,0.0,0.0,0.0,0.0,0.0,0.0
2,1,0.18732926,0.81267077,0.0,0.0,0.0,0.0,0.0,0.0,0.0
2,1,0.18732926,0.81267077,0.0,0.0,0.0,0.0,0.0,0.0,0.0
2,1,0.18732926,0.81267077,0.0,0.0,0.0,0.0,0.0,0.0,0.0
2,1,0.18732926,0.81267077,0.0,0.0,0.0,0.0,0.0,0.0,0.0
2,1,0.18732926,0.81267077,0.0,0.0,0.0,0.0,0.0,0.0,0.0
2,1,0.18732926,0.81267077,0.0,0.0,0.0,0.0,0.0,0.0,0.0
2,1,0.18732926,0.81267077,0.0,0.0,0.0,0.0,0.0,0.0,0.0
2,1,0.18732926,0.81267077,0.0,0.0,0.0,0.0,0.0,0.0,0.0
2,1,0.18732926,0.81267077,0.0,0.0,0.0,0.0,0.0,0.0,0.0
2,1,0.18732926,0.81267077,0.0,0.0,0.0,0.0,0.0,0.0,0.0
2,1,0.18732926,0.81267077,0.0,0.0,0.0,0.0,0.0,0.0,0.0
2,1,0.18732926,0.81267077,0.0,0.0,0.0,0.0,0.0,0.0,0.0
2,1,0.18732926,0.81267077,0.0,0.0,0.0,0.0,0.0,0.0,0.0
2,1,0.18732926,0.81267077,0.0,0.0,0.0,0.0,0.0,0.0,0.0
2,1,0.18732926,0.81267077,0.0,0.0,0.0,0.0,0.0,0.0,0.0
2,1,0.18732926,0.81267077,0.0,0.0,0.0,0.0,0.0,0.0,0.0
2,1,0.18732926,0.81267077,0.0,0.0,0.0,0.0,0.0,0.0,0.0
2,1,0.18732926,0.81267077,0.0,0.0,0.0,0.0,0.0,0.0,0.0
2,1,0.18732926,0.81267077,0.0,0.0,0.0,0.0,0.0,0.0,0.0
2,1,0.18732926,0.81267077,0.0,0.0,0.0,0.0,0.0,0.0,0.0
2,1,0.18732926,0.81267077,0.0,0.0,0.0,0.0,0.0,0.0,0.0
2,1,0.18732926,0.81267077,0.0,0.0,0.0,0.0,0.0,0.0,0.0
2,1,0.18732926,0.81267077,0.0,0.0,0.0,0.0,0.0,0.0,0.0
2,1,0.18732926,0.81267077,0.0,0.0,0.0,0.0,0.0,0.0,0.0
2,1,0.18732926,0.81267077,0.0,0.0,0.0,0.0,0.0,0.0,0.0
2,1,0.18732926,0.81267077,0.0,0.0,0.0,0.0,0.0,0.0,0.0
2,1,0.18732926,0.81267077,0.0,0.0,0.0,0.0,0.0,0.0,0.0
2,1,0.18732926,0.81267077,0.0,0.0,0.0,0.0,0.0,0.0,0.0
2,1,0.18732926,0.81267077,0.0,0.0,0.0,0.0,0.0,0.0,0.0
2,1,0.18732926,0.81267077,0.0,0.0,0.0,0.0,0.0,0.0,0.0
2,1,0.18732926,0.81267077,0.0,0.0,0.0,0.0,0.0,0.0,0.0
2,1,0.18732926,0.81267077,0.0,0.0,0.0,0.0,0.0,0.0,0.0
2,1,0.18732926,0.81267077,0.0,0.0,0.0,0.0,0.0,0.0,0.0
2,1,0.18732926,0.81267077,0.0,0.0,0.0,0.0,0.0,0.0,0.0
2,1,0.18732926,0.81267077,0.0,0.0,0.0,0.0,0.0,0.0,0.0
2,1,0.18732926,0.81267077,0.0,0.0,0.0,0.0,0.0,0.0,0.0
2,1,0.18732926,0.81267077,0.0,0.0,0.0,0.0,0.0,0.0,0.0
2,1,0.18732926,0.81267077,0.0,0.0,0.0,0.0,0.0,0.0,0.0
2,1,0.18732926,0.81267077,0.0,0.0,0.0,0.0,0.0,0.0,0.0
2,1,0.18732926,0.81267077,0.0,0.0,0.0,0.0,0.0,0.0,0.0
2,1,0.18732926,0.81267077,0.0,0.0,0.0,0.0,0.0,0.0,0.0
2,1,0.18732926,0.81267077,0.0,0.0,0.0,0.0,0.0,0.0,0.0
2,1,0.18732926,0.81267077,0.0,0.0,0.0,0.0,0.0,0.0,0.0
2,1,0.18732926,0.81267077,0.0,0.0,0.0,0.0,0.0,0.0,0.0
2,1,0.18732926,0.81267077,0.0,0.0,0.0,0.0,0.0,0.0,0.0
2,1,0.18732926,0.81267077,0.0,0.0,0.0,0.0,0.0,0.0,0.0
2,1,0.18732926,0.81267077,0.0,0.0,0.0,0.0,0.0,0.0,0.0
2,1,0.18732926,0.81267077,0.0,0.0,0.0,0.0,0.0,0.0,0.0
2,1,0.18732926,0.81267077,0.0,0.0,0.0,0.0,0.0,0.0,0.0
2,1,0.18732926,0.81267077,0.0,0.0,0.0,0.0,0.0,0.0,0.0
2,1,0.18732926,0.81267077,0.0,0.0,0.0,0.0,0.0,0.0,0.0
2,1,0.18732926,0.81267077,0.0,0.0,0.0,0.0,0.0,0.0,0.0
2,1,0.18732926,0.81267077,0.0,0.0,0.0,0.0,0.0,0.0,0.0
2,1,0.18732926,0.81267077,0.0,0.0,0.0,0.0,0.0,0.0,0.0
2,1,0.18732926,0.81267077,0.0,0.0,0.0,0.0,0.0,0.0,0.0
2,1,0.18732926,0.81267077,0.0,0.0,0.0,0.0,0.0,0.0,0.0
2,1,0.18732926,0.81267077,0.0,0.0,0.0,0.0,0.0,0.0,0.0
2,1,0.18732926,0.81267077,0.0,0.0,0.0,0.0,0.0,0.0,0.0
2,1,0.18732926,0.81267077,0.0,0.0,0.0,0.0,0.0,0.0,0.0
2,1,0.18732926,0.81267077,0.0,0.0,0.0,0.0,0.0,0.0,0.0
2,1,0.18732926,0.81267077,0.0,0.0,0.0,0.0,0.0,0.0,0.0
2,1,0.18732926,0.81267077,0.0,0.0,0.0,0.0,0.0,0.0,0.0
2,1,0.18732926,0.81267077,0.0,0.0,0.0,0.0,0.0,0.0,0.0
2,1,0.18732926,0.81267077,0.0,0.0,0.0,0.0,0.0,0.0,0.0
2,1,0.18732926,0.81267077,0.0,0.0,0.0,0.0,0.0,0.0,0.0
2,1,0.12484924,0.8751508,0.0,0.0,0.0,0.0,0.0,0.0,0.0
2,1,0.12484924,0.8751508,0.0,0.0,0.0,0.0,0.0,0.0,0.0
2,1,0.12484924,0.8751508,0.0,0.0,0.0,0.0,0.0,0.0,0.0
2,1,0.12484924,0.8751508,0.0,0.0,0.0,0.0,0.0,0.0,0.0
2,1,0.12484924,0.8751508,0.0,0.0,0.0,0.0,0.0,0.0,0.0
2,1,0.12484924,0.8751508,0.0,0.0,0.0,0.0,0.0,0.0,0.0
2,1,0.12484924,0.8751508,0.0,0.0,0.0,0.0,0.0,0.0,0.0
2,1,0.12484924,0.8751508,0.0,0.0,0.0,0.0,0.0,0.0,0.0
2,1,0.12484924,0.8751508,0.0,0.0,0.0,0.0,0.0,0.0,0.0
2,1,0.12484924,0.8751508,0.0,0.0,0.0,0.0,0.0,0.0,0.0
2,1,0.12484924,0.8751508,0.0,0.0,0.0,0.0,0.0,0.0,0.0
2,1,0.12484924,0.8751508,0.0,0.0,0.0,0.0,0.0,0.0,0.0
2,1,0.12484924,0.8751508,0.0,0.0,0.0,0.0,0.0,0.0,0.0
2,1,0.12484924,0.8751508,0.0,0.0,0.0,0.0,0.0,0.0,0.0
2,1,0.12484924,0.8751508,0.0,0.0,0.0,0.0,0.0,0.0,0.0
2,1,0.12484924,0.8751508,0.0,0.0,0.0,0.0,0.0,0.0,0.0
2,1,0.12484924,0.8751508,0.0,0.0,0.0,0.0,0.0,0.0,0.0
2,1,0.12484924,0.8751508,0.0,0.0,0.0,0.0,0.0,0.0,0.0
2,1,0.12484924,0.8751508,0.0,0.0,0.0,0.0,0.0,0.0,0.0
2,1,0.12484924,0.8751508,0.0,0.0,0.0,0.0,0.0,0.0,0.0
2,1,0.12484924,0.8751508,0.0,0.0,0.0,0.0,0.0,0.0,0.0
2,1,0.12484924,0.8751508,0.0,0.0,0.0,0.0,0.0,0.0,0.0
2,1,0.12484924,0.8751508,0.0,0.0,0.0,0.0,0.0,0.0,0.0
2,1,0.12484924,0.8751508,0.0,0.0,0.0,0.0,0.0,0.0,0.0
2,1,0.12484924,0.8751508,0.0,0.0,0.0,0.0,0.0,0.0,0.0
2,1,0.12484924,0.8751508,0.0,0.0,0.0,0.0,0.0,0.0,0.0
2,1,0.12484924,0.8751508,0.0,0.0,0.0,0.0,0.0,0.0,0.0
2,1,0.12484924,0.8751508,0.0,0.0,0.0,0.0,0.0,0.0,0.0
2,1,0.12484924,0.8751508,0.0,0.0,0.0,0.0,0.0,0.0,0.0
2,1,0.12484924,0.8751508,0.0,0.0,0.0,0.0,0.0,0.0,0.0
2,1,0.12484924,0.8751508,0.0,0.0,0.0,0.0,0.0,0.0,0.0
2,1,0.12484924,0.8751508,0.0,0.0,0.0,0.0,0.0,0.0,0.0
2,1,0.12484924,0.8751508,0.0,0.0,0.0,0.0,0.0,0.0,0.0
2,1,0.12484924,0.8751508,0.0,0.0,0.0,0.0,0.0,0.0,0.0
2,1,0.12484924,0.8751508,0.0,0.0,0.0,0.0,0.0,0.0,0.0
2,1,0.12484924,0.8751508,0.0,0.0,0.0,0.0,0.0,0.0,0.0
2,1,0.12484924,0.8751508,0.0,0.0,0.0,0.0,0.0,0.0,0.0
2,1,0.12484924,0.8751508,0.0,0.0,0.0,0.0,0.0,0.0,0.0
2,1,0.12484924,0.8751508,0.0,0.0,0.0,0.0,0.0,0.0,0.0
2,1,0.12484924,0.8751508,0.0,0.0,0.0,0.0,0.0,0.0,0.0
2,1,0.12484924,0.8751508,0.0,0.0,0.0,0.0,0.0,0.0,0.0
2,1,0.12484924,0.8751508,0.0,0.0,0.0,0.0,0.0,0.0,0.0
2,1,0.12484924,0.8751508,0.0,0.0,0.0,0.0,0.0,0.0,0.0
2,1,0.12484924,0.8751508,0.0,0.0,0.0,0.0,0.0,0.0,0.0
2,1,0.12484924,0.8751508,0.0,0.0,0.0,0.0,0.0,0.0,0.0
2,1,0.12484924,0.8751508,0.0,0.0,0.0,0.0,0.0,0.0,0.0
2,1,0.12484924,0.8751508,0.0,0.0,0.0,0.0,0.0,0.0,0.0
2,1,0.12484924,0.8751508,0.0,0.0,0.0,0.0,0.0,0.0,0.0
2,1,0.12484924,0.8751508,0.0,0.0,0.0,0.0,0.0,0.0,0.0
2,1,0.12484924,0.8751508,0.0,0.0,0.0,0.0,0.0,0.0,0.0
2,1,0.12484924,0.8751508,0.0,0.0,0.0,0.0,0.0,0.0,0.0
2,1,0.12484924,0.8751508,0.0,0.0,0.0,0.0,0.0,0.0,0.0
2,1,0.12484924,0.8751508,0.0,0.0,0.0,0.0,0.0,0.0,0.0
2,1,0.12484924,0.8751508,0.0,0.0,0.0,0.0,0.0,0.0,0.0
2,1,0.12484924,0.8751508,0.0,0.0,0.0,0.0,0.0,0.0,0.0
2,1,0.12484924,0.8751508,0.0,0.0,0.0,0.0,0.0,0.0,0.0
2,1,0.12484924,0.8751508,0.0,0.0,0.0,0.0,0.0,0.0,0.0
2,1,0.12484924,0.8751508,0.0,0.0,0.0,0.0,0.0,0.0,0.0
2,1,0.12484924,0.8751508,0.0,0.0,0.0,0.0,0.0,0.0,0.0
2,1,0.12484924,0.8751508,0.0,0.0,0.0,0.0,0.0,0.0,0.0
2,1,0.12484924,0.8751508,0.0,0.0,0.0,0.0,0.0,0.0,0.0
2,1,0.12484924,0.8751508,0.0,0.0,0.0,0.0,0.0,0.0,0.0
2,1,0.12484924,0.8751508,0.0,0.0,0.0,0.0,0.0,0.0,0.0
2,1,0.12484924,0.8751508,0.0,0.0,0.0,0.0,0.0,0.0,0.0
2,1,0.12484924,0.8751508,0.0,0.0,0.0,0.0,0.0,0.0,0.0
2,1,0.12484924,0.8751508,0.0,0.0,0.0,0.0,0.0,0.0,0.0
2,1,0.12484924,0.8751508,0.0,0.0,0.0,0.0,0.0,0.0,0.0
2,1,0.12484924,0.8751508,0.0,0.0,0.0,0.0,0.0,0.0,0.0
2,1,0.12484924,0.8751508,0.0,0.0,0.0,0.0,0.0,0.0,0.0
2,1,0.12484924,0.8751508,0.0,0.0,0.0,0.0,0.0,0.0,0.0
2,1,0.12484924,0.8751508,0.0,0.0,0.0,0.0,0.0,0.0,0.0
2,1,0.12484924,0.8751508,0.0,0.0,0.0,0.0,0.0,0.0,0.0
2,1,0.12484924,0.8751508,0.0,0.0,0.0,0.0,0.0,0.0,0.0
2,1,0.12484924,0.8751508,0.0,0.0,0.0,0.0,0.0,0.0,0.0
2,1,0.12484924,0.8751508,0.0,0.0,0.0,0.0,0.0,0.0,0.0
2,1,0.12484924,0.8751508,0.0,0.0,0.0,0.0,0.0,0.0,0.0
2,1,0.12484924,0.8751508,0.0,0.0,0.0,0.0,0.0,0.0,0.0
2,1,0.12484924,0.8751508,0.0,0.0,0.0,0.0,0.0,0.0,0.0
2,1,0.12484924,0.8751508,0.0,0.0,0.0,0.0,0.0,0.0,0.0
2,1,0.12484924,0.8751508,0.0,0.0,0.0,0.0,0.0,0.0,0.0
2,1,0.12484924,0.8751508,0.0,0.0,0.0,0.0,0.0,0.0,0.0
2,1,0.12484924,0.8751508,0.0,0.0,0.0,0.0,0.0,0.0,0.0
2,1,0.12484924,0.8751508,0.0,0.0,0.0,0.0,0.0,0.0,0.0
2,1,0.12484924,0.8751508,0.0,0.0,0.0,0.0,0.0,0.0,0.0
2,1,0.12484924,0.8751508,0.0,0.0,0.0,0.0,0.0,0.0,0.0
2,1,0.12484924,0.8751508,0.0,0.0,0.0,0.0,0.0,0.0,0.0
2,1,0.12484924,0.8751508,0.0,0.0,0.0,0.0,0.0,0.0,0.0
2,1,0.12484924,0.8751508,0.0,0.0,0.0,0.0,0.0,0.0,0.0
2,1,0.12484924,0.8751508,0.0,0.0,0.0,0.0,0.0,0.0,0.0
2,1,0.12484924,0.8751508,0.0,0.0,0.0,0.0,0.0,0.0,0.0
2,1,0.12484924,0.8751508,0.0,0.0,0.0,0.0,0.0,0.0,0.0
2,1,0.12484924,0.8751508,0.0,0.0,0.0,0.0,0.0,0.0,0.0
2,1,0.12484924,0.8751508,0.0,0.0,0.0,0.0,0.0,0.0,0.0
2,1,0.12484924,0.8751508,0.0,0.0,0.0,0.0,0.0,0.0,0.0
2,1,0.12484924,0.8751508,0.0,0.0,0.0,0.0,0.0,0.0,0.0
2,1,0.12484924,0.8751508,0.0,0.0,0.0,0.0,0.0,0.0,0.0
2,1,0.12484924,0.8751508,0.0,0.0,0.0,0.0,0.0,0.0,0.0
2,1,0.12484924,0.8751508,0.0,0.0,0.0,0.0,0.0,0.0,0.0
2,1,0.12484924,0.8751508,0.0,0.0,0.0,0.0,0.0,0.0,0.0
2,1,0.12484924,0.8751508,0.0,0.0,0.0,0.0,0.0,0.0,0.0
2,1,0.12484924,0.8751508,0.0,0.0,0.0,0.0,0.0,0.0,0.0
2,1,0.12484924,0.8751508,0.0,0.0,0.0,0.0,0.0,0.0,0.0
2,1,0.12484924,0.8751508,0.0,0.0,0.0,0.0,0.0,0.0,0.0
2,1,0.12484924,0.8751508,0.0,0.0,0.0,0.0,0.0,0.0,0.0
2,1,0.12484924,0.8751508,0.0,0.0,0.0,0.0,0.0,0.0,0.0
2,1,0.19841166,0.80158836,0.0,0.0,0.0,0.0,0.0,0.0,0.0
2,1,0.19841166,0.80158836,0.0,0.0,0.0,0.0,0.0,0.0,0.0
2,1,0.19841166,0.80158836,0.0,0.0,0.0,0.0,0.0,0.0,0.0
2,1,0.19841166,0.80158836,0.0,0.0,0.0,0.0,0.0,0.0,0.0
2,1,0.19841166,0.80158836,0.0,0.0,0.0,0.0,0.0,0.0,0.0
2,1,0.19841166,0.80158836,0.0,0.0,0.0,0.0,0.0,0.0,0.0
2,1,0.19841166,0.80158836,0.0,0.0,0.0,0.0,0.0,0.0,0.0
2,1,0.19841166,0.80158836,0.0,0.0,0.0,0.0,0.0,0.0,0.0
2,1,0.19841166,0.80158836,0.0,0.0,0.0,0.0,0.0,0.0,0.0
2,1,0.19841166,0.80158836,0.0,0.0,0.0,0.0,0.0,0.0,0.0
2,1,0.19841166,0.80158836,0.0,0.0,0.0,0.0,0.0,0.0,0.0
2,1,0.19841166,0.80158836,0.0,0.0,0.0,0.0,0.0,0.0,0.0
2,1,0.19841166,0.80158836,0.0,0.0,0.0,0.0,0.0,0.0,0.0
2,1,0.19841166,0.80158836,0.0,0.0,0.0,0.0,0.0,0.0,0.0
2,1,0.19841166,0.80158836,0.0,0.0,0.0,0.0,0.0,0.0,0.0
2,1,0.19841166,0.80158836,0.0,0.0,0.0,0.0,0.0,0.0,0.0
2,1,0.19841166,0.80158836,0.0,0.0,0.0,0.0,0.0,0.0,0.0
2,1,0.19841166,0.80158836,0.0,0.0,0.0,0.0,0.0,0.0,0.0
2,1,0.19841166,0.80158836,0.0,0.0,0.0,0.0,0.0,0.0,0.0
2,1,0.19841166,0.80158836,0.0,0.0,0.0,0.0,0.0,0.0,0.0
2,1,0.19841166,0.80158836,0.0,0.0,0.0,0.0,0.0,0.0,0.0
2,1,0.19841166,0.80158836,0.0,0.0,0.0,0.0,0.0,0.0,0.0
2,1,0.19841166,0.80158836,0.0,0.0,0.0,0.0,0.0,0.0,0.0
2,1,0.19841166,0.80158836,0.0,0.0,0.0,0.0,0.0,0.0,0.0
2,1,0.19841166,0.80158836,0.0,0.0,0.0,0.0,0.0,0.0,0.0
2,1,0.19841166,0.80158836,0.0,0.0,0.0,0.0,0.0,0.0,0.0
2,1,0.19841166,0.80158836,0.0,0.0,0.0,0.0,0.0,0.0,0.0
2,1,0.19841166,0.80158836,0.0,0.0,0.0,0.0,0.0,0.0,0.0
2,1,0.19841166,0.80158836,0.0,0.0,0.0,0.0,0.0,0.0,0.0
2,1,0.19841166,0.80158836,0.0,0.0,0.0,0.0,0.0,0.0,0.0
2,1,0.19841166,0.80158836,0.0,0.0,0.0,0.0,0.0,0.0,0.0
2,1,0.19841166,0.80158836,0.0,0.0,0.0,0.0,0.0,0.0,0.0
2,1,0.19841166,0.80158836,0.0,0.0,0.0,0.0,0.0,0.0,0.0
2,1,0.19841166,0.80158836,0.0,0.0,0.0,0.0,0.0,0.0,0.0
2,1,0.19841166,0.80158836,0.0,0.0,0.0,0.0,0.0,0.0,0.0
2,1,0.19841166,0.80158836,0.0,0.0,0.0,0.0,0.0,0.0,0.0
2,1,0.19841166,0.80158836,0.0,0.0,0.0,0.0,0.0,0.0,0.0
2,1,0.19841166,0.80158836,0.0,0.0,0.0,0.0,0.0,0.0,0.0
2,1,0.19841166,0.80158836,0.0,0.0,0.0,0.0,0.0,0.0,0.0
2,1,0.19841166,0.80158836,0.0,0.0,0.0,0.0,0.0,0.0,0.0
2,1,0.19841166,0.80158836,0.0,0.0,0.0,0.0,0.0,0.0,0.0
2,1,0.19841166,0.80158836,0.0,0.0,0.0,0.0,0.0,0.0,0.0
2,1,0.19841166,0.80158836,0.0,0.0,0.0,0.0,0.0,0.0,0.0
2,1,0.19841166,0.80158836,0.0,0.0,0.0,0.0,0.0,0.0,0.0
2,1,0.19841166,0.80158836,0.0,0.0,0.0,0.0,0.0,0.0,0.0
2,1,0.19841166,0.80158836,0.0,0.0,0.0,0.0,0.0,0.0,0.0
2,1,0.19841166,0.80158836,0.0,0.0,0.0,0.0,0.0,0.0,0.0
2,1,0.19841166,0.80158836,0.0,0.0,0.0,0.0,0.0,0.0,0.0
2,1,0.19841166,0.80158836,0.0,0.0,0.0,0.0,0.0,0.0,0.0
2,1,0.19841166,0.80158836,0.0,0.0,0.0,0.0,0.0,0.0,0.0
2,1,0.19841166,0.80158836,0.0,0.0,0.0,0.0,0.0,0.0,0.0
2,1,0.19841166,0.80158836,0.0,0.0,0.0,0.0,0.0,0.0,0.0
2,1,0.19841166,0.80158836,0.0,0.0,0.0,0.0,0.0,0.0,0.0
2,1,0.19841166,0.80158836,0.0,0.0,0.0,0.0,0.0,0.0,0.0
2,1,0.19841166,0.80158836,0.0,0.0,0.0,0.0,0.0,0.0,0.0
2,1,0.19841166,0.80158836,0.0,0.0,0.0,0.0,0.0,0.0,0.0
2,1,0.19841166,0.80158836,0.0,0.0,0.0,0.0,0.0,0.0,0.0
2,1,0.19841166,0.80158836,0.0,0.0,0.0,0.0,0.0,0.0,0.0
2,1,0.19841166,0.80158836,0.0,0.0,0.0,0.0,0.0,0.0,0.0
2,1,0.19841166,0.80158836,0.0,0.0,0.0,0.0,0.0,0.0,0.0
2,1,0.19841166,0.80158836,0.0,0.0,0.0,0.0,0.0,0.0,0.0
2,1,0.19841166,0.80158836,0.0,0.0,0.0,0.0,0.0,0.0,0.0
2,1,0.19841166,0.80158836,0.0,0.0,0.0,0.0,0.0,0.0,0.0
2,1,0.19841166,0.80158836,0.0,0.0,0.0,0.0,0.0,0.0,0.0
2,1,0.19841166,0.80158836,0.0,0.0,0.0,0.0,0.0,0.0,0.0
2,1,0.19841166,0.80158836,0.0,0.0,0.0,0.0,0.0,0.0,0.0
2,1,0.19841166,0.80158836,0.0,0.0,0.0,0.0,0.0,0.0,0.0
2,1,0.19841166,0.80158836,0.0,0.0,0.0,0.0,0.0,0.0,0.0
2,1,0.19841166,0.80158836,0.0,0.0,0.0,0.0,0.0,0.0,0.0
2,1,0.19841166,0.80158836,0.0,0.0,0.0,0.0,0.0,0.0,0.0
2,1,0.19841166,0.80158836,0.0,0.0,0.0,0.0,0.0,0.0,0.0
2,1,0.19841166,0.80158836,0.0,0.0,0.0,0.0,0.0,0.0,0.0
2,1,0.19841166,0.80158836,0.0,0.0,0.0,0.0,0.0,0.0,0.0
2,1,0.19841166,0.80158836,0.0,0.0,0.0,0.0,0.0,0.0,0.0
2,1,0.19841166,0.80158836,0.0,0.0,0.0,0.0,0.0,0.0,0.0
2,1,0.19841166,0.80158836,0.0,0.0,0.0,0.0,0.0,0.0,0.0
2,1,0.19841166,0.80158836,0.0,0.0,0.0,0.0,0.0,0.0,0.0
2,1,0.19841166,0.80158836,0.0,0.0,0.0,0.0,0.0,0.0,0.0
2,1,0.19841166,0.80158836,0.0,0.0,0.0,0.0,0.0,0.0,0.0
2,1,0.19841166,0.80158836,0.0,0.0,0.0,0.0,0.0,0.0,0.0
2,1,0.19841166,0.80158836,0.0,0.0,0.0,0.0,0.0,0.0,0.0
2,1,0.19841166,0.80158836,0.0,0.0,0.0,0.0,0.0,0.0,0.0
2,1,0.19841166,0.80158836,0.0,0.0,0.0,0.0,0.0,0.0,0.0
2,1,0.19841166,0.80158836,0.0,0.0,0.0,0.0,0.0,0.0,0.0
2,1,0.19841166,0.80158836,0.0,0.0,0.0,0.0,0.0,0.0,0.0
2,1,0.19841166,0.80158836,0.0,0.0,0.0,0.0,0.0,0.0,0.0
2,1,0.19841166,0.80158836,0.0,0.0,0.0,0.0,0.0,0.0,0.0
2,1,0.19841166,0.80158836,0.0,0.0,0.0,0.0,0.0,0.0,0.0
2,1,0.19841166,0.80158836,0.0,0.0,0.0,0.0,0.0,0.0,0.0
2,1,0.19841166,0.80158836,0.0,0.0,0.0,0.0,0.0,0.0,0.0
2,1,0.19841166,0.80158836,0.0,0.0,0.0,0.0,0.0,0.0,0.0
2,1,0.19841166,0.80158836,0.0,0.0,0.0,0.0,0.0,0.0,0.0
2,1,0.19841166,0.80158836,0.0,0.0,0.0,0.0,0.0,0.0,0.0
2,1,0.19841166,0.80158836,0.0,0.0,0.0,0.0,0.0,0.0,0.0
2,1,0.19841166,0.80158836,0.0,0.0,0.0,0.0,0.0,0.0,0.0
2,1,0.19841166,0.80158836,0.0,0.0,0.0,0.0,0.0,0.0,0.0
2,1,0.19841166,0.80158836,0.0,0.0,0.0,0.0,0.0,0.0,0.0
2,1,0.19841166,0.80158836,0.0,0.0,0.0,0.0,0.0,0.0,0.0
2,1,0.19841166,0.80158836,0.0,0.0,0.0,0.0,0.0,0.0,0.0
2,1,0.19841166,0.80158836,0.0,0.0,0.0,0.0,0.0,0.0,0.0
2,1,0.19841166,0.80158836,0.0,0.0,0.0,0.0,0.0,0.0,0.0
2,1,0.19841166,0.80158836,0.0,0.0,0.0,0.0,0.0,0.0,0.0
2,1,0.19841166,0.80158836,0.0,0.0,0.0,0.0,0.0,0.0,0.0
2,1,0.19841166,0.80158836,0.0,0.0,0.0,0.0,0.0,0.0,0.0
2,1,0.19841166,0.80158836,0.0,0.0,0.0,0.0,0.0,0.0,0.0
2,1,0.19841166,0.80158836,0.0,0.0,0.0,0.0,0.0,0.0,0.0
2,1,0.19841166,0.80158836,0.0,0.0,0.0,0.0,0.0,0.0,0.0
2,1,0.19841166,0.80158836,0.0,0.0,0.0,0.0,0.0,0.0,0.0
2,1,0.19841166,0.80158836,0.0,0.0,0.0,0.0,0.0,0.0,0.0
2,1,0.19841166,0.80158836,0.0,0.0,0.0,0.0,0.0,0.0,0.0
2,1,0.19841166,0.80158836,0.0,0.0,0.0,0.0,0.0,0.0,0.0
2,1,0.19841166,0.80158836,0.0,0.0,0.0,0.0,0.0,0.0,0.0
2,1,0.19841166,0.80158836,0.0,0.0,0.0,0.0,0.0,0.0,0.0
2,1,0.19841166,0.80158836,0.0,0.0,0.0,0.0,0.0,0.0,0.0
2,1,0.19841166,0.80158836,0.0,0.0,0.0,0.0,0.0,0.0,0.0
2,1,0.19841166,0.80158836,0.0,0.0,0.0,0.0,0.0,0.0,0.0
2,1,0.19841166,0.80158836,0.0,0.0,0.0,0.0,0.0,0.0,0.0
2,1,0.19841166,0.80158836,0.0,0.0,0.0,0.0,0.0,0.0,0.0
2,1,0.19841166,0.80158836,0.0,0.0,0.0,0.0,0.0,0.0,0.0
2,1,0.19841166,0.80158836,0.0,0.0,0.0,0.0,0.0,0.0,0.0
2,1,0.19841166,0.80158836,0.0,0.0,0.0,0.0,0.0,0.0,0.0
2,1,0.19841166,0.80158836,0.0,0.0,0.0,0.0,0.0,0.0,0.0
2,1,0.19841166,0.80158836,0.0,0.0,0.0,0.0,0.0,0.0,0.0
2,1,0.19841166,0.80158836,0.0,0.0,0.0,0.0,0.0,0.0,0.0
2,1,0.19841166,0.80158836,0.0,0.0,0.0,0.0,0.0,0.0,0.0
2,1,0.19841166,0.80158836,0.0,0.0,0.0,0.0,0.0,0.0,0.0
2,1,0.19841166,0.80158836,0.0,0.0,0.0,0.0,0.0,0.0,0.0
2,1,0.19841166,0.80158836,0.0,0.0,0.0,0.0,0.0,0.0,0.0
2,1,0.19841166,0.80158836,0.0,0.0,0.0,0.0,0.0,0.0,0.0
2,1,0.19841166,0.80158836,0.0,0.0,0.0,0.0,0.0,0.0,0.0
2,1,0.19841166,0.80158836,0.0,0.0,0.0,0.0,0.0,0.0,0.0
2,1,0.19841166,0.80158836,0.0,0.0,0.0,0.0,0.0,0.0,0.0
2,1,0.19841166,0.80158836,0.0,0.0,0.0,0.0,0.0,0.0,0.0
2,1,0.19841166,0.80158836,0.0,0.0,0.0,0.0,0.0,0.0,0.0
2,1,0.19841166,0.80158836,0.0,0.0,0.0,0.0,0.0,0.0,0.0
2,1,0.19841166,0.80158836,0.0,0.0,0.0,0.0,0.0,0.0,0.0
2,1,0.19841166,0.80158836,0.0,0.0,0.0,0.0,0.0,0.0,0.0
2,1,0.19841166,0.80158836,0.0,0.0,0.0,0.0,0.0,0.0,0.0
2,1,0.19841166,0.80158836,0.0,0.0,0.0,0.0,0.0,0.0,0.0
2,1,0.19841166,0.80158836,0.0,0.0,0.0,0.0,0.0,0.0,0.0
2,1,0.19841166,0.80158836,0.0,0.0,0.0,0.0,0.0,0.0,0.0
2,1,0.19841166,0.80158836,0.0,0.0,0.0,0.0,0.0,0.0,0.0
2,1,0.19841166,0.80158836,0.0,0.0,0.0,0.0,0.0,0.0,0.0
2,1,0.19841166,0.80158836,0.0,0.0,0.0,0.0,0.0,0.0,0.0
2,1,0.19841166,0.80158836,0.0,0.0,0.0,0.0,0.0,0.0,0.0
2,1,0.19841166,0.80158836,0.0,0.0,0.0,0.0,0.0,0.0,0.0
2,1,0.19841166,0.80158836,0.0,0.0,0.0,0.0,0.0,0.0,0.0
2,1,0.19841166,0.80158836,0.0,0.0,0.0,0.0,0.0,0.0,0.0
2,1,0.19841166,0.80158836,0.0,0.0,0.0,0.0,0.0,0.0,0.0
2,1,0.19841166,0.80158836,0.0,0.0,0.0,0.0,0.0,0.0,0.0
2,1,0.19841166,0.80158836,0.0,0.0,0.0,0.0,0.0,0.0,0.0
2,1,0.19841166,0.80158836,0.0,0.0,0.0,0.0,0.0,0.0,0.0
2,1,0.19841166,0.80158836,0.0,0.0,0.0,0.0,0.0,0.0,0.0
2,1,0.19841166,0.80158836,0.0,0.0,0.0,0.0,0.0,0.0,0.0
2,1,0.19841166,0.80158836,0.0,0.0,0.0,0.0,0.0,0.0,0.0
2,1,0.19841166,0.80158836,0.0,0.0,0.0,0.0,0.0,0.0,0.0
2,1,0.19841166,0.80158836,0.0,0.0,0.0,0.0,0.0,0.0,0.0
2,1,0.19841166,0.80158836,0.0,0.0,0.0,0.0,0.0,0.0,0.0
2,1,0.19841166,0.80158836,0.0,0.0,0.0,0.0,0.0,0.0,0.0
2,1,0.19841166,0.80158836,0.0,0.0,0.0,0.0,0.0,0.0,0.0
2,1,0.19841166,0.80158836,0.0,0.0,0.0,0.0,0.0,0.0,0.0
2,1,0.19841166,0.80158836,0.0,0.0,0.0,0.0,0.0,0.0,0.0
2,1,0.19841166,0.80158836,0.0,0.0,0.0,0.0,0.0,0.0,0.0
2,1,0.19841166,0.80158836,0.0,0.0,0.0,0.0,0.0,0.0,0.0
2,1,0.19841166,0.80158836,0.0,0.0,0.0,0.0,0.0,0.0,0.0
2,1,0.19841166,0.80158836,0.0,0.0,0.0,0.0,0.0,0.0,0.0
2,1,0.19841166,0.80158836,0.0,0.0,0.0,0.0,0.0,0.0,0.0
2,1,0.19841166,0.80158836,0.0,0.0,0.0,0.0,0.0,0.0,0.0
2,1,0.19841166,0.80158836,0.0,0.0,0.0,0.0,0.0,0.0,0.0
2,1,0.19841166,0.80158836,0.0,0.0,0.0,0.0,0.0,0.0,0.0
2,1,0.19841166,0.80158836,0.0,0.0,0.0,0.0,0.0,0.0,0.0
2,1,0.19841166,0.80158836,0.0,0.0,0.0,0.0,0.0,0.0,0.0
2,1,0.19841166,0.80158836,0.0,0.0,0.0,0.0,0.0,0.0,0.0
2,1,0.19841166,0.80158836,0.0,0.0,0.0,0.0,0.0,0.0,0.0
2,1,0.19841166,0.80158836,0.0,0.0,0.0,0.0,0.0,0.0,0.0
2,1,0.19841166,0.80158836,0.0,0.0,0.0,0.0,0.0,0.0,0.0
2,1,0.19841166,0.80158836,0.0,0.0,0.0,0.0,0.0,0.0,0.0
2,1,0.19841166,0.80158836,0.0,0.0,0.0,0.0,0.0,0.0,0.0
2,1,0.19841166,0.80158836,0.0,0.0,0.0,0.0,0.0,0.0,0.0
2,1,0.19841166,0.80158836,0.0,0.0,0.0,0.0,0.0,0.0,0.0
2,1,0.19841166,0.80158836,0.0,0.0,0.0,0.0,0.0,0.0,0.0
2,1,0.19841166,0.80158836,0.0,0.0,0.0,0.0,0.0,0.0,0.0
2,1,0.19841166,0.80158836,0.0,0.0,0.0,0.0,0.0,0.0,0.0
2,1,0.19841166,0.80158836,0.0,0.0,0.0,0.0,0.0,0.0,0.0
2,1,0.19841166,0.80158836,0.0,0.0,0.0,0.0,0.0,0.0,0.0
2,1,0.19841166,0.80158836,0.0,0.0,0.0,0.0,0.0,0.0,0.0
2,1,0.19841166,0.80158836,0.0,0.0,0.0,0.0,0.0,0.0,0.0
2,1,0.19841166,0.80158836,0.0,0.0,0.0,0.0,0.0,0.0,0.0
2,1,0.19841166,0.80158836,0.0,0.0,0.0,0.0,0.0,0.0,0.0
2,1,0.19841166,0.80158836,0.0,0.0,0.0,0.0,0.0,0.0,0.0
2,1,0.19841166,0.80158836,0.0,0.0,0.0,0.0,0.0,0.0,0.0
2,1,0.19841166,0.80158836,0.0,0.0,0.0,0.0,0.0,0.0,0.0
2,1,0.19841166,0.80158836,0.0,0.0,0.0,0.0,0.0,0.0,0.0
2,1,0.19841166,0.80158836,0.0,0.0,0.0,0.0,0.0,0.0,0.0
2,1,0.19841166,0.80158836,0.0,0.0,0.0,0.0,0.0,0.0,0.0
2,1,0.19841166,0.80158836,0.0,0.0,0.0,0.0,0.0,0.0,0.0
2,1,0.19841166,0.80158836,0.0,0.0,0.0,0.0,0.0,0.0,0.0
2,1,0.19841166,0.80158836,0.0,0.0,0.0,0.0,0.0,0.0,0.0
2,1,0.19841166,0.80158836,0.0,0.0,0.0,0.0,0.0,0.0,0.0
2,1,0.19841166,0.80158836,0.0,0.0,0.0,0.0,0.0,0.0,0.0
2,1,0.19841166,0.80158836,0.0,0.0,0.0,0.0,0.0,0.0,0.0
2,1,0.19841166,0.80158836,0.0,0.0,0.0,0.0,0.0,0.0,0.0
2,1,0.19841166,0.80158836,0.0,0.0,0.0,0.0,0.0,0.0,0.0
2,1,0.19841166,0.80158836,0.0,0.0,0.0,0.0,0.0,0.0,0.0
2,1,0.19841166,0.80158836,0.0,0.0,0.0,0.0,0.0,0.0,0.0
2,1,0.19841166,0.80158836,0.0,0.0,0.0,0.0,0.0,0.0,0.0
2,1,0.19841166,0.80158836,0.0,0.0,0.0,0.0,0.0,0.0,0.0
2,1,0.19841166,0.80158836,0.0,0.0,0.0,0.0,0.0,0.0,0.0
2,1,0.19841166,0.80158836,0.0,0.0,0.0,0.0,0.0,0.0,0.0
2,1,0.19841166,0.80158836,0.0,0.0,0.0,0.0,0.0,0.0,0.0
2,1,0.19841166,0.80158836,0.0,0.0,0.0,0.0,0.0,0.0,0.0
2,1,0.19841166,0.80158836,0.0,0.0,0.0,0.0,0.0,0.0,0.0
2,1,0.19841166,0.80158836,0.0,0.0,0.0,0.0,0.0,0.0,0.0
2,1,0.19841166,0.80158836,0.0,0.0,0.0,0.0,0.0,0.0,0.0
2,1,0.19841166,0.80158836,0.0,0.0,0.0,0.0,0.0,0.0,0.0
2,1,0.19841166,0.80158836,0.0,0.0,0.0,0.0,0.0,0.0,0.0
2,1,0.19841166,0.80158836,0.0,0.0,0.0,0.0,0.0,0.0,0.0
2,1,0.19841166,0.80158836,0.0,0.0,0.0,0.0,0.0,0.0,0.0
2,1,0.19841166,0.80158836,0.0,0.0,0.0,0.0,0.0,0.0,0.0
2,1,0.19841166,0.80158836,0.0,0.0,0.0,0.0,0.0,0.0,0.0
2,1,0.19841166,0.80158836,0.0,0.0,0.0,0.0,0.0,0.0,0.0
2,1,0.19841166,0.80158836,0.0,0.0,0.0,0.0,0.0,0.0,0.0
2,1,0.19841166,0.80158836,0.0,0.0,0.0,0.0,0.0,0.0,0.0
2,1,0.19841166,0.80158836,0.0,0.0,0.0,0.0,0.0,0.0,0.0
2,1,0.19841166,0.80158836,0.0,0.0,0.0,0.0,0.0,0.0,0.0
2,1,0.19841166,0.80158836,0.0,0.0,0.0,0.0,0.0,0.0,0.0
2,1,0.19841166,0.80158836,0.0,0.0,0.0,0.0,0.0,0.0,0.0
2,1,0.19841166,0.80158836,0.0,0.0,0.0,0.0,0.0,0.0,0.0
2,1,0.19841166,0.80158836,0.0,0.0,0.0,0.0,0.0,0.0,0.0
2,1,0.19841166,0.80158836,0.0,0.0,0.0,0.0,0.0,0.0,0.0
2,1,0.19841166,0.80158836,0.0,0.0,0.0,0.0,0.0,0.0,0.0
2,1,0.19841166,0.80158836,0.0,0.0,0.0,0.0,0.0,0.0,0.0
2,1,0.19841166,0.80158836,0.0,0.0,0.0,0.0,0.0,0.0,0.0
2,1,0.19841166,0.80158836,0.0,0.0,0.0,0.0,0.0,0.0,0.0
2,1,0.19841166,0.80158836,0.0,0.0,0.0,0.0,0.0,0.0,0.0
2,1,0.19841166,0.80158836,0.0,0.0,0.0,0.0,0.0,0.0,0.0
2,1,0.19841166,0.80158836,0.0,0.0,0.0,0.0,0.0,0.0,0.0
2,1,0.19841166,0.80158836,0.0,0.0,0.0,0.0,0.0,0.0,0.0
2,1,0.19841166,0.80158836,0.0,0.0,0.0,0.0,0.0,0.0,0.0
2,1,0.19841166,0.80158836,0.0,0.0,0.0,0.0,0.0,0.0,0.0
2,1,0.19841166,0.80158836,0.0,0.0,0.0,0.0,0.0,0.0,0.0
2,1,0.19841166,0.80158836,0.0,0.0,0.0,0.0,0.0,0.0,0.0
2,1,0.19841166,0.80158836,0.0,0.0,0.0,0.0,0.0,0.0,0.0
2,1,0.19841166,0.80158836,0.0,0.0,0.0,0.0,0.0,0.0,0.0
2,1,0.19841166,0.80158836,0.0,0.0,0.0,0.0,0.0,0.0,0.0
2,1,0.19841166,0.80158836,0.0,0.0,0.0,0.0,0.0,0.0,0.0
2,1,0.19841166,0.80158836,0.0,0.0,0.0,0.0,0.0,0.0,0.0
2,1,0.19841166,0.80158836,0.0,0.0,0.0,0.0,0.0,0.0,0.0
2,1,0.19841166,0.80158836,0.0,0.0,0.0,0.0,0.0,0.0,0.0
2,1,0.19841166,0.80158836,0.0,0.0,0.0,0.0,0.0,0.0,0.0
2,1,0.19841166,0.80158836,0.0,0.0,0.0,0.0,0.0,0.0,0.0
2,1,0.19841166,0.80158836,0.0,0.0,0.0,0.0,0.0,0.0,0.0
2,1,0.19841166,0.80158836,0.0,0.0,0.0,0.0,0.0,0.0,0.0
2,1,0.19841166,0.80158836,0.0,0.0,0.0,0.0,0.0,0.0,0.0
2,1,0.19841166,0.80158836,0.0,0.0,0.0,0.0,0.0,0.0,0.0
2,1,0.19841166,0.80158836,0.0,0.0,0.0,0.0,0.0,0.0,0.0
2,1,0.19841166,0.80158836,0.0,0.0,0.0,0.0,0.0,0.0,0.0
2,1,0.19841166,0.80158836,0.0,0.0,0.0,0.0,0.0,0.0,0.0
2,1,0.19841166,0.80158836,0.0,0.0,0.0,0.0,0.0,0.0,0.0
2,1,0.19841166,0.80158836,0.0,0.0,0.0,0.0,0.0,0.0,0.0
2,1,0.19841166,0.80158836,0.0,0.0,0.0,0.0,0.0,0.0,0.0
2,1,0.19841166,0.80158836,0.0,0.0,0.0,0.0,0.0,0.0,0.0
2,1,0.19841166,0.80158836,0.0,0.0,0.0,0.0,0.0,0.0,0.0
2,1,0.19841166,0.80158836,0.0,0.0,0.0,0.0,0.0,0.0,0.0
2,1,0.19841166,0.80158836,0.0,0.0,0.0,0.0,0.0,0.0,0.0
2,1,0.19841166,0.80158836,0.0,0.0,0.0,0.0,0.0,0.0,0.0
2,1,0.19841166,0.80158836,0.0,0.0,0.0,0.0,0.0,0.0,0.0
2,1,0.19841166,0.80158836,0.0,0.0,0.0,0.0,0.0,0.0,0.0
2,1,0.19841166,0.80158836,0.0,0.0,0.0,0.0,0.0,0.0,0.0
2,1,0.19841166,0.80158836,0.0,0.0,0.0,0.0,0.0,0.0,0.0
2,1,0.19841166,0.80158836,0.0,0.0,0.0,0.0,0.0,0.0,0.0
2,1,0.19841166,0.80158836,0.0,0.0,0.0,0.0,0.0,0.0,0.0
2,1,0.19841166,0.80158836,0.0,0.0,0.0,0.0,0.0,0.0,0.0
2,1,0.19841166,0.80158836,0.0,0.0,0.0,0.0,0.0,0.0,0.0
2,1,0.19841166,0.80158836,0.0,0.0,0.0,0.0,0.0,0.0,0.0
2,1,0.19841166,0.80158836,0.0,0.0,0.0,0.0,0.0,0.0,0.0
2,1,0.19841166,0.80158836,0.0,0.0,0.0,0.0,0.0,0.0,0.0
2,1,0.19841166,0.80158836,0.0,0.0,0.0,0.0,0.0,0.0,0.0
2,1,0.19841166,0.80158836,0.0,0.0,0.0,0.0,0.0,0.0,0.0
2,1,0.19841166,0.80158836,0.0,0.0,0.0,0.0,0.0,0.0,0.0
2,1,0.19841166,0.80158836,0.0,0.0,0.0,0.0,0.0,0.0,0.0
2,1,0.19841166,0.80158836,0.0,0.0,0.0,0.0,0.0,0.0,0.0
2,1,0.19841166,0.80158836,0.0,0.0,0.0,0.0,0.0,0.0,0.0
2,1,0.19841166,0.80158836,0.0,0.0,0.0,0.0,0.0,0.0,0.0
2,1,0.19841166,0.80158836,0.0,0.0,0.0,0.0,0.0,0.0,0.0
2,1,0.19841166,0.80158836,0.0,0.0,0.0,0.0,0.0,0.0,0.0
2,1,0.19841166,0.80158836,0.0,0.0,0.0,0.0,0.0,0.0,0.0
2,1,0.19841166,0.80158836,0.0,0.0,0.0,0.0,0.0,0.0,0.0
2,1,0.19841166,0.80158836,0.0,0.0,0.0,0.0,0.0,0.0,0.0
2,1,0.19841166,0.80158836,0.0,0.0,0.0,0.0,0.0,0.0,0.0
2,1,0.19841166,0.80158836,0.0,0.0,0.0,0.0,0.0,0.0,0.0
2,1,0.19841166,0.80158836,0.0,0.0,0.0,0.0,0.0,0.0,0.0
2,1,0.19841166,0.80158836,0.0,0.0,0.0,0.0,0.0,0.0,0.0
2,1,0.19841166,0.80158836,0.0,0.0,0.0,0.0,0.0,0.0,0.0
2,1,0.19841166,0.80158836,0.0,0.0,0.0,0.0,0.0,0.0,0.0
2,1,0.19841166,0.80158836,0.0,0.0,0.0,0.0,0.0,0.0,0.0
2,1,0.19841166,0.80158836,0.0,0.0,0.0,0.0,0.0,0.0,0.0
2,1,0.19841166,0.80158836,0.0,0.0,0.0,0.0,0.0,0.0,0.0
2,1,0.19841166,0.80158836,0.0,0.0,0.0,0.0,0.0,0.0,0.0
2,1,0.19841166,0.80158836,0.0,0.0,0.0,0.0,0.0,0.0,0.0
2,1,0.19841166,0.80158836,0.0,0.0,0.0,0.0,0.0,0.0,0.0
2,1,0.19841166,0.80158836,0.0,0.0,0.0,0.0,0.0,0.0,0.0
2,1,0.19841166,0.80158836,0.0,0.0,0.0,0.0,0.0,0.0,0.0
2,1,0.19841166,0.80158836,0.0,0.0,0.0,0.0,0.0,0.0,0.0
2,1,0.19841166,0.80158836,0.0,0.0,0.0,0.0,0.0,0.0,0.0
2,1,0.19841166,0.80158836,0.0,0.0,0.0,0.0,0.0,0.0,0.0
2,1,0.19841166,0.80158836,0.0,0.0,0.0,0.0,0.0,0.0,0.0
2,1,0.19841166,0.80158836,0.0,0.0,0.0,0.0,0.0,0.0,0.0
2,1,0.19841166,0.80158836,0.0,0.0,0.0,0.0,0.0,0.0,0.0
2,1,0.19841166,0.80158836,0.0,0.0,0.0,0.0,0.0,0.0,0.0
2,1,0.19841166,0.80158836,0.0,0.0,0.0,0.0,0.0,0.0,0.0
2,1,0.19841166,0.80158836,0.0,0.0,0.0,0.0,0.0,0.0,0.0
2,1,0.19841166,0.80158836,0.0,0.0,0.0,0.0,0.0,0.0,0.0
2,1,0.19841166,0.80158836,0.0,0.0,0.0,0.0,0.0,0.0,0.0
2,1,0.19841166,0.80158836,0.0,0.0,0.0,0.0,0.0,0.0,0.0
2,1,0.19841166,0.80158836,0.0,0.0,0.0,0.0,0.0,0.0,0.0
2,1,0.19841166,0.80158836,0.0,0.0,0.0,0.0,0.0,0.0,0.0
2,1,0.19841166,0.80158836,0.0,0.0,0.0,0.0,0.0,0.0,0.0
2,1,0.19841166,0.80158836,0.0,0.0,0.0,0.0,0.0,0.0,0.0
2,1,0.19841166,0.80158836,0.0,0.0,0.0,0.0,0.0,0.0,0.0
2,1,0.19841166,0.80158836,0.0,0.0,0.0,0.0,0.0,0.0,0.0
2,1,0.19841166,0.80158836,0.0,0.0,0.0,0.0,0.0,0.0,0.0
2,1,0.19841166,0.80158836,0.0,0.0,0.0,0.0,0.0,0.0,0.0
2,1,0.19841166,0.80158836,0.0,0.0,0.0,0.0,0.0,0.0,0.0
2,1,0.19841166,0.80158836,0.0,0.0,0.0,0.0,0.0,0.0,0.0
2,1,0.19841166,0.80158836,0.0,0.0,0.0,0.0,0.0,0.0,0.0
2,1,0.19841166,0.80158836,0.0,0.0,0.0,0.0,0.0,0.0,0.0
2,1,0.19841166,0.80158836,0.0,0.0,0.0,0.0,0.0,0.0,0.0
2,1,0.19841166,0.80158836,0.0,0.0,0.0,0.0,0.0,0.0,0.0
2,1,0.19841166,0.80158836,0.0,0.0,0.0,0.0,0.0,0.0,0.0
2,1,0.19841166,0.80158836,0.0,0.0,0.0,0.0,0.0,0.0,0.0
2,1,0.19841166,0.80158836,0.0,0.0,0.0,0.0,0.0,0.0,0.0
2,1,0.19841166,0.80158836,0.0,0.0,0.0,0.0,0.0,0.0,0.0
2,1,0.19841166,0.80158836,0.0,0.0,0.0,0.0,0.0,0.0,0.0
2,1,0.19841166,0.80158836,0.0,0.0,0.0,0.0,0.0,0.0,0.0
2,1,0.19841166,0.80158836,0.0,0.0,0.0,0.0,0.0,0.0,0.0
2,1,0.19841166,0.80158836,0.0,0.0,0.0,0.0,0.0,0.0,0.0
2,1,0.19841166,0.80158836,0.0,0.0,0.0,0.0,0.0,0.0,0.0
2,1,0.19841166,0.80158836,0.0,0.0,0.0,0.0,0.0,0.0,0.0
2,1,0.19841166,0.80158836,0.0,0.0,0.0,0.0,0.0,0.0,0.0
2,1,0.19841166,0.80158836,0.0,0.0,0.0,0.0,0.0,0.0,0.0
2,1,0.19841166,0.80158836,0.0,0.0,0.0,0.0,0.0,0.0,0.0
2,1,0.19841166,0.80158836,0.0,0.0,0.0,0.0,0.0,0.0,0.0
2,1,0.19841166,0.80158836,0.0,0.0,0.0,0.0,0.0,0.0,0.0
2,1,0.19841166,0.80158836,0.0,0.0,0.0,0.0,0.0,0.0,0.0
2,1,0.19841166,0.80158836,0.0,0.0,0.0,0.0,0.0,0.0,0.0
2,1,0.19841166,0.80158836,0.0,0.0,0.0,0.0,0.0,0.0,0.0
2,1,0.19841166,0.80158836,0.0,0.0,0.0,0.0,0.0,0.0,0.0
2,1,0.19841166,0.80158836,0.0,0.0,0.0,0.0,0.0,0.0,0.0
2,1,0.19841166,0.80158836,0.0,0.0,0.0,0.0,0.0,0.0,0.0
2,1,0.19841166,0.80158836,0.0,0.0,0.0,0.0,0.0,0.0,0.0
2,1,0.19841166,0.80158836,0.0,0.0,0.0,0.0,0.0,0.0,0.0
2,1,0.19841166,0.80158836,0.0,0.0,0.0,0.0,0.0,0.0,0.0
2,1,0.19841166,0.80158836,0.0,0.0,0.0,0.0,0.0,0.0,0.0
2,1,0.19841166,0.80158836,0.0,0.0,0.0,0.0,0.0,0.0,0.0
2,1,0.19841166,0.80158836,0.0,0.0,0.0,0.0,0.0,0.0,0.0
2,1,0.19841166,0.80158836,0.0,0.0,0.0,0.0,0.0,0.0,0.0
2,1,0.19841166,0.80158836,0.0,0.0,0.0,0.0,0.0,0.0,0.0
2,1,0.19841166,0.80158836,0.0,0.0,0.0,0.0,0.0,0.0,0.0
2,1,0.19841166,0.80158836,0.0,0.0,0.0,0.0,0.0,0.0,0.0
2,1,0.19841166,0.80158836,0.0,0.0,0.0,0.0,0.0,0.0,0.0
2,1,0.19841166,0.80158836,0.0,0.0,0.0,0.0,0.0,0.0,0.0
2,1,0.19841166,0.80158836,0.0,0.0,0.0,0.0,0.0,0.0,0.0
2,1,0.19841166,0.80158836,0.0,0.0,0.0,0.0,0.0,0.0,0.0
2,1,0.19841166,0.80158836,0.0,0.0,0.0,0.0,0.0,0.0,0.0
2,1,0.19841166,0.80158836,0.0,0.0,0.0,0.0,0.0,0.0,0.0
2,1,0.19841166,0.80158836,0.0,0.0,0.0,0.0,0.0,0.0,0.0
2,1,0.19841166,0.80158836,0.0,0.0,0.0,0.0,0.0,0.0,0.0
2,1,0.19841166,0.80158836,0.0,0.0,0.0,0.0,0.0,0.0,0.0
2,1,0.19841166,0.80158836,0.0,0.0,0.0,0.0,0.0,0.0,0.0
2,1,0.19841166,0.80158836,0.0,0.0,0.0,0.0,0.0,0.0,0.0
2,1,0.19841166,0.80158836,0.0,0.0,0.0,0.0,0.0,0.0,0.0
2,1,0.19841166,0.80158836,0.0,0.0,0.0,0.0,0.0,0.0,0.0
2,1,0.19841166,0.80158836,0.0,0.0,0.0,0.0,0.0,0.0,0.0
2,1,0.19841166,0.80158836,0.0,0.0,0.0,0.0,0.0,0.0,0.0
2,1,0.19841166,0.80158836,0.0,0.0,0.0,0.0,0.0,0.0,0.0
2,1,0.19841166,0.80158836,0.0,0.0,0.0,0.0,0.0,0.0,0.0
2,1,0.19841166,0.80158836,0.0,0.0,0.0,0.0,0.0,0.0,0.0
2,1,0.19841166,0.80158836,0.0,0.0,0.0,0.0,0.0,0.0,0.0
2,1,0.19841166,0.80158836,0.0,0.0,0.0,0.0,0.0,0.0,0.0
2,1,0.19841166,0.80158836,0.0,0.0,0.0,0.0,0.0,0.0,0.0
2,1,0.19841166,0.80158836,0.0,0.0,0.0,0.0,0.0,0.0,0.0
2,1,0.19841166,0.80158836,0.0,0.0,0.0,0.0,0.0,0.0,0.0
2,1,0.19841166,0.80158836,0.0,0.0,0.0,0.0,0.0,0.0,0.0
2,1,0.19841166,0.80158836,0.0,0.0,0.0,0.0,0.0,0.0,0.0
2,1,0.19841166,0.80158836,0.0,0.0,0.0,0.0,0.0,0.0,0.0
2,1,0.19841166,0.80158836,0.0,0.0,0.0,0.0,0.0,0.0,0.0
2,1,0.19841166,0.80158836,0.0,0.0,0.0,0.0,0.0,0.0,0.0
2,1,0.19841166,0.80158836,0.0,0.0,0.0,0.0,0.0,0.0,0.0
2,1,0.19841166,0.80158836,0.0,0.0,0.0,0.0,0.0,0.0,0.0
2,1,0.19841166,0.80158836,0.0,0.0,0.0,0.0,0.0,0.0,0.0
2,1,0.19841166,0.80158836,0.0,0.0,0.0,0.0,0.0,0.0,0.0
2,1,0.19841166,0.80158836,0.0,0.0,0.0,0.0,0.0,0.0,0.0
2,1,0.19841166,0.80158836,0.0,0.0,0.0,0.0,0.0,0.0,0.0
2,1,0.19841166,0.80158836,0.0,0.0,0.0,0.0,0.0,0.0,0.0
2,1,0.19841166,0.80158836,0.0,0.0,0.0,0.0,0.0,0.0,0.0
2,1,0.19841166,0.80158836,0.0,0.0,0.0,0.0,0.0,0.0,0.0
2,1,0.19841166,0.80158836,0.0,0.0,0.0,0.0,0.0,0.0,0.0
2,1,0.19841166,0.80158836,0.0,0.0,0.0,0.0,0.0,0.0,0.0
2,1,0.19841166,0.80158836,0.0,0.0,0.0,0.0,0.0,0.0,0.0
2,1,0.19841166,0.80158836,0.0,0.0,0.0,0.0,0.0,0.0,0.0
2,1,0.19841166,0.80158836,0.0,0.0,0.0,0.0,0.0,0.0,0.0
2,1,0.19841166,0.80158836,0.0,0.0,0.0,0.0,0.0,0.0,0.0
2,1,0.19841166,0.80158836,0.0,0.0,0.0,0.0,0.0,0.0,0.0
2,1,0.19841166,0.80158836,0.0,0.0,0.0,0.0,0.0,0.0,0.0
2,1,0.19841166,0.80158836,0.0,0.0,0.0,0.0,0.0,0.0,0.0
2,1,0.19841166,0.80158836,0.0,0.0,0.0,0.0,0.0,0.0,0.0
2,1,0.19841166,0.80158836,0.0,0.0,0.0,0.0,0.0,0.0,0.0
2,1,0.19841166,0.80158836,0.0,0.0,0.0,0.0,0.0,0.0,0.0
2,1,0.19841166,0.80158836,0.0,0.0,0.0,0.0,0.0,0.0,0.0
2,1,0.19841166,0.80158836,0.0,0.0,0.0,0.0,0.0,0.0,0.0
2,1,0.19841166,0.80158836,0.0,0.0,0.0,0.0,0.0,0.0,0.0
2,1,0.19841166,0.80158836,0.0,0.0,0.0,0.0,0.0,0.0,0.0
2,1,0.19841166,0.80158836,0.0,0.0,0.0,0.0,0.0,0.0,0.0
2,1,0.19841166,0.80158836,0.0,0.0,0.0,0.0,0.0,0.0,0.0
2,1,0.19841166,0.80158836,0.0,0.0,0.0,0.0,0.0,0.0,0.0
2,1,0.19841166,0.80158836,0.0,0.0,0.0,0.0,0.0,0.0,0.0
2,1,0.19841166,0.80158836,0.0,0.0,0.0,0.0,0.0,0.0,0.0
2,1,0.19841166,0.80158836,0.0,0.0,0.0,0.0,0.0,0.0,0.0
2,1,0.19841166,0.80158836,0.0,0.0,0.0,0.0,0.0,0.0,0.0
2,1,0.19841166,0.80158836,0.0,0.0,0.0,0.0,0.0,0.0,0.0
2,1,0.19841166,0.80158836,0.0,0.0,0.0,0.0,0.0,0.0,0.0
2,1,0.19841166,0.80158836,0.0,0.0,0.0,0.0,0.0,0.0,0.0
2,1,0.19841166,0.80158836,0.0,0.0,0.0,0.0,0.0,0.0,0.0
2,1,0.19841166,0.80158836,0.0,0.0,0.0,0.0,0.0,0.0,0.0
2,1,0.19841166,0.80158836,0.0,0.0,0.0,0.0,0.0,0.0,0.0
2,1,0.19841166,0.80158836,0.0,0.0,0.0,0.0,0.0,0.0,0.0
2,1,0.19841166,0.80158836,0.0,0.0,0.0,0.0,0.0,0.0,0.0
2,1,0.19841166,0.80158836,0.0,0.0,0.0,0.0,0.0,0.0,0.0
2,1,0.19841166,0.80158836,0.0,0.0,0.0,0.0,0.0,0.0,0.0
2,1,0.19841166,0.80158836,0.0,0.0,0.0,0.0,0.0,0.0,0.0
2,1,0.19841166,0.80158836,0.0,0.0,0.0,0.0,0.0,0.0,0.0
2,1,0.19841166,0.80158836,0.0,0.0,0.0,0.0,0.0,0.0,0.0
2,1,0.19841166,0.80158836,0.0,0.0,0.0,0.0,0.0,0.0,0.0
2,1,0.19841166,0.80158836,0.0,0.0,0.0,0.0,0.0,0.0,0.0
2,1,0.19841166,0.80158836,0.0,0.0,0.0,0.0,0.0,0.0,0.0
2,1,0.19841166,0.80158836,0.0,0.0,0.0,0.0,0.0,0.0,0.0
2,1,0.19841166,0.80158836,0.0,0.0,0.0,0.0,0.0,0.0,0.0
2,1,0.19841166,0.80158836,0.0,0.0,0.0,0.0,0.0,0.0,0.0
2,1,0.19841166,0.80158836,0.0,0.0,0.0,0.0,0.0,0.0,0.0
2,1,0.19841166,0.80158836,0.0,0.0,0.0,0.0,0.0,0.0,0.0
2,1,0.19841166,0.80158836,0.0,0.0,0.0,0.0,0.0,0.0,0.0
2,1,0.19841166,0.80158836,0.0,0.0,0.0,0.0,0.0,0.0,0.0
2,1,0.19841166,0.80158836,0.0,0.0,0.0,0.0,0.0,0.0,0.0
2,1,0.19841166,0.80158836,0.0,0.0,0.0,0.0,0.0,0.0,0.0
2,1,0.19841166,0.80158836,0.0,0.0,0.0,0.0,0.0,0.0,0.0
2,1,0.19841166,0.80158836,0.0,0.0,0.0,0.0,0.0,0.0,0.0
2,1,0.19841166,0.80158836,0.0,0.0,0.0,0.0,0.0,0.0,0.0
2,1,0.19841166,0.80158836,0.0,0.0,0.0,0.0,0.0,0.0,0.0
2,1,0.19841166,0.80158836,0.0,0.0,0.0,0.0,0.0,0.0,0.0
2,1,0.19841166,0.80158836,0.0,0.0,0.0,0.0,0.0,0.0,0.0
2,1,0.19841166,0.80158836,0.0,0.0,0.0,0.0,0.0,0.0,0.0
2,1,0.19841166,0.80158836,0.0,0.0,0.0,0.0,0.0,0.0,0.0
2,1,0.19841166,0.80158836,0.0,0.0,0.0,0.0,0.0,0.0,0.0
2,1,0.19841166,0.80158836,0.0,0.0,0.0,0.0,0.0,0.0,0.0
2,1,0.19841166,0.80158836,0.0,0.0,0.0,0.0,0.0,0.0,0.0
2,1,0.19841166,0.80158836,0.0,0.0,0.0,0.0,0.0,0.0,0.0
2,1,0.19841166,0.80158836,0.0,0.0,0.0,0.0,0.0,0.0,0.0
2,1,0.19841166,0.80158836,0.0,0.0,0.0,0.0,0.0,0.0,0.0
2,1,0.19841166,0.80158836,0.0,0.0,0.0,0.0,0.0,0.0,0.0
2,1,0.19841166,0.80158836,0.0,0.0,0.0,0.0,0.0,0.0,0.0
2,1,0.19841166,0.80158836,0.0,0.0,0.0,0.0,0.0,0.0,0.0
2,1,0.19841166,0.80158836,0.0,0.0,0.0,0.0,0.0,0.0,0.0
2,1,0.19841166,0.80158836,0.0,0.0,0.0,0.0,0.0,0.0,0.0
2,1,0.19841166,0.80158836,0.0,0.0,0.0,0.0,0.0,0.0,0.0
2,1,0.19841166,0.80158836,0.0,0.0,0.0,0.0,0.0,0.0,0.0
2,1,0.19841166,0.80158836,0.0,0.0,0.0,0.0,0.0,0.0,0.0
2,1,0.19841166,0.80158836,0.0,0.0,0.0,0.0,0.0,0.0,0.0
2,1,0.19841166,0.80158836,0.0,0.0,0.0,0.0,0.0,0.0,0.0
2,1,0.19841166,0.80158836,0.0,0.0,0.0,0.0,0.0,0.0,0.0
2,1,0.19841166,0.80158836,0.0,0.0,0.0,0.0,0.0,0.0,0.0
2,1,0.19841166,0.80158836,0.0,0.0,0.0,0.0,0.0,0.0,0.0
2,1,0.19841166,0.80158836,0.0,0.0,0.0,0.0,0.0,0.0,0.0
2,1,0.19841166,0.80158836,0.0,0.0,0.0,0.0,0.0,0.0,0.0
2,1,0.19841166,0.80158836,0.0,0.0,0.0,0.0,0.0,0.0,0.0
2,1,0.19841166,0.80158836,0.0,0.0,0.0,0.0,0.0,0.0,0.0
2,1,0.19841166,0.80158836,0.0,0.0,0.0,0.0,0.0,0.0,0.0
2,1,0.19841166,0.80158836,0.0,0.0,0.0,0.0,0.0,0.0,0.0
2,1,0.19841166,0.80158836,0.0,0.0,0.0,0.0,0.0,0.0,0.0
2,1,0.19841166,0.80158836,0.0,0.0,0.0,0.0,0.0,0.0,0.0
2,1,0.19841166,0.80158836,0.0,0.0,0.0,0.0,0.0,0.0,0.0
2,1,0.19841166,0.80158836,0.0,0.0,0.0,0.0,0.0,0.0,0.0
2,1,0.19841166,0.80158836,0.0,0.0,0.0,0.0,0.0,0.0,0.0
2,1,0.19841166,0.80158836,0.0,0.0,0.0,0.0,0.0,0.0,0.0
2,1,0.19841166,0.80158836,0.0,0.0,0.0,0.0,0.0,0.0,0.0
2,1,0.19841166,0.80158836,0.0,0.0,0.0,0.0,0.0,0.0,0.0
2,1,0.19841166,0.80158836,0.0,0.0,0.0,0.0,0.0,0.0,0.0
2,1,0.19841166,0.80158836,0.0,0.0,0.0,0.0,0.0,0.0,0.0
2,1,0.19841166,0.80158836,0.0,0.0,0.0,0.0,0.0,0.0,0.0
2,1,0.19841166,0.80158836,0.0,0.0,0.0,0.0,0.0,0.0,0.0
2,1,0.19841166,0.80158836,0.0,0.0,0.0,0.0,0.0,0.0,0.0
2,1,0.19841166,0.80158836,0.0,0.0,0.0,0.0,0.0,0.0,0.0
2,1,0.19841166,0.80158836,0.0,0.0,0.0,0.0,0.0,0.0,0.0
2,1,0.19841166,0.80158836,0.0,0.0,0.0,0.0,0.0,0.0,0.0
2,1,0.19841166,0.80158836,0.0,0.0,0.0,0.0,0.0,0.0,0.0
2,1,0.19841166,0.80158836,0.0,0.0,0.0,0.0,0.0,0.0,0.0
2,1,0.19841166,0.80158836,0.0,0.0,0.0,0.0,0.0,0.0,0.0
2,1,0.19841166,0.80158836,0.0,0.0,0.0,0.0,0.0,0.0,0.0
2,1,0.19841166,0.80158836,0.0,0.0,0.0,0.0,0.0,0.0,0.0
2,1,0.19841166,0.80158836,0.0,0.0,0.0,0.0,0.0,0.0,0.0
2,1,0.19841166,0.80158836,0.0,0.0,0.0,0.0,0.0,0.0,0.0
2,1,0.19841166,0.80158836,0.0,0.0,0.0,0.0,0.0,0.0,0.0
2,1,0.19841166,0.80158836,0.0,0.0,0.0,0.0,0.0,0.0,0.0
2,1,0.19841166,0.80158836,0.0,0.0,0.0,0.0,0.0,0.0,0.0
2,1,0.19841166,0.80158836,0.0,0.0,0.0,0.0,0.0,0.0,0.0
2,1,0.19841166,0.80158836,0.0,0.0,0.0,0.0,0.0,0.0,0.0
2,1,0.19841166,0.80158836,0.0,0.0,0.0,0.0,0.0,0.0,0.0
2,1,0.19841166,0.80158836,0.0,0.0,0.0,0.0,0.0,0.0,0.0
2,1,0.19841166,0.80158836,0.0,0.0,0.0,0.0,0.0,0.0,0.0
2,1,0.19841166,0.80158836,0.0,0.0,0.0,0.0,0.0,0.0,0.0
2,1,0.19841166,0.80158836,0.0,0.0,0.0,0.0,0.0,0.0,0.0
2,1,0.19841166,0.80158836,0.0,0.0,0.0,0.0,0.0,0.0,0.0
2,1,0.19841166,0.80158836,0.0,0.0,0.0,0.0,0.0,0.0,0.0
2,1,0.19841166,0.80158836,0.0,0.0,0.0,0.0,0.0,0.0,0.0
2,1,0.19841166,0.80158836,0.0,0.0,0.0,0.0,0.0,0.0,0.0
2,1,0.19841166,0.80158836,0.0,0.0,0.0,0.0,0.0,0.0,0.0
2,1,0.19841166,0.80158836,0.0,0.0,0.0,0.0,0.0,0.0,0.0
2,1,0.19841166,0.80158836,0.0,0.0,0.0,0.0,0.0,0.0,0.0
2,1,0.19841166,0.80158836,0.0,0.0,0.0,0.0,0.0,0.0,0.0
2,1,0.19841166,0.80158836,0.0,0.0,0.0,0.0,0.0,0.0,0.0
2,1,0.19841166,0.80158836,0.0,0.0,0.0,0.0,0.0,0.0,0.0
2,1,0.19841166,0.80158836,0.0,0.0,0.0,0.0,0.0,0.0,0.0
2,1,0.19841166,0.80158836,0.0,0.0,0.0,0.0,0.0,0.0,0.0
2,1,0.19841166,0.80158836,0.0,0.0,0.0,0.0,0.0,0.0,0.0
2,1,0.19841166,0.80158836,0.0,0.0,0.0,0.0,0.0,0.0,0.0
2,1,0.19841166,0.80158836,0.0,0.0,0.0,0.0,0.0,0.0,0.0
2,1,0.19841166,0.80158836,0.0,0.0,0.0,0.0,0.0,0.0,0.0
2,1,0.19841166,0.80158836,0.0,0.0,0.0,0.0,0.0,0.0,0.0
2,1,0.19841166,0.80158836,0.0,0.0,0.0,0.0,0.0,0.0,0.0
2,1,0.19841166,0.80158836,0.0,0.0,0.0,0.0,0.0,0.0,0.0
2,1,0.19841166,0.80158836,0.0,0.0,0.0,0.0,0.0,0.0,0.0
2,1,0.19841166,0.80158836,0.0,0.0,0.0,0.0,0.0,0.0,0.0
2,1,0.19841166,0.80158836,0.0,0.0,0.0,0.0,0.0,0.0,0.0
2,1,0.19841166,0.80158836,0.0,0.0,0.0,0.0,0.0,0.0,0.0
2,1,0.19841166,0.80158836,0.0,0.0,0.0,0.0,0.0,0.0,0.0
2,1,0.19841166,0.80158836,0.0,0.0,0.0,0.0,0.0,0.0,0.0
2,1,0.19841166,0.80158836,0.0,0.0,0.0,0.0,0.0,0.0,0.0
2,1,0.19841166,0.80158836,0.0,0.0,0.0,0.0,0.0,0.0,0.0
2,1,0.19841166,0.80158836,0.0,0.0,0.0,0.0,0.0,0.0,0.0
2,1,0.19841166,0.80158836,0.0,0.0,0.0,0.0,0.0,0.0,0.0
2,1,0.19841166,0.80158836,0.0,0.0,0.0,0.0,0.0,0.0,0.0
2,1,0.19841166,0.80158836,0.0,0.0,0.0,0.0,0.0,0.0,0.0
2,1,0.19841166,0.80158836,0.0,0.0,0.0,0.0,0.0,0.0,0.0
2,1,0.19841166,0.80158836,0.0,0.0,0.0,0.0,0.0,0.0,0.0
2,1,0.19841166,0.80158836,0.0,0.0,0.0,0.0,0.0,0.0,0.0
2,1,0.19841166,0.80158836,0.0,0.0,0.0,0.0,0.0,0.0,0.0
2,1,0.19841166,0.80158836,0.0,0.0,0.0,0.0,0.0,0.0,0.0
2,1,0.19841166,0.80158836,0.0,0.0,0.0,0.0,0.0,0.0,0.0
2,1,0.19841166,0.80158836,0.0,0.0,0.0,0.0,0.0,0.0,0.0
2,1,0.19841166,0.80158836,0.0,0.0,0.0,0.0,0.0,0.0,0.0
2,1,0.19841166,0.80158836,0.0,0.0,0.0,0.0,0.0,0.0,0.0
2,1,0.19841166,0.80158836,0.0,0.0,0.0,0.0,0.0,0.0,0.0
2,1,0.19841166,0.80158836,0.0,0.0,0.0,0.0,0.0,0.0,0.0
2,1,0.19841166,0.80158836,0.0,0.0,0.0,0.0,0.0,0.0,0.0
2,1,0.19841166,0.80158836,0.0,0.0,0.0,0.0,0.0,0.0,0.0
2,1,0.19841166,0.80158836,0.0,0.0,0.0,0.0,0.0,0.0,0.0
2,1,0.19841166,0.80158836,0.0,0.0,0.0,0.0,0.0,0.0,0.0
2,1,0.19841166,0.80158836,0.0,0.0,0.0,0.0,0.0,0.0,0.0
2,1,0.19841166,0.80158836,0.0,0.0,0.0,0.0,0.0,0.0,0.0
2,1,0.19841166,0.80158836,0.0,0.0,0.0,0.0,0.0,0.0,0.0
2,1,0.19841166,0.80158836,0.0,0.0,0.0,0.0,0.0,0.0,0.0
2,1,0.19841166,0.80158836,0.0,0.0,0.0,0.0,0.0,0.0,0.0
2,1,0.19841166,0.80158836,0.0,0.0,0.0,0.0,0.0,0.0,0.0
2,1,0.19841166,0.80158836,0.0,0.0,0.0,0.0,0.0,0.0,0.0
2,1,0.19841166,0.80158836,0.0,0.0,0.0,0.0,0.0,0.0,0.0
2,1,0.19841166,0.80158836,0.0,0.0,0.0,0.0,0.0,0.0,0.0
2,1,0.19841166,0.80158836,0.0,0.0,0.0,0.0,0.0,0.0,0.0
2,1,0.19841166,0.80158836,0.0,0.0,0.0,0.0,0.0,0.0,0.0
2,1,0.19841166,0.80158836,0.0,0.0,0.0,0.0,0.0,0.0,0.0
2,1,0.19841166,0.80158836,0.0,0.0,0.0,0.0,0.0,0.0,0.0
2,1,0.19841166,0.80158836,0.0,0.0,0.0,0.0,0.0,0.0,0.0
2,1,0.19841166,0.80158836,0.0,0.0,0.0,0.0,0.0,0.0,0.0
2,1,0.19841166,0.80158836,0.0,0.0,0.0,0.0,0.0,0.0,0.0
2,1,0.19841166,0.80158836,0.0,0.0,0.0,0.0,0.0,0.0,0.0
2,1,0.19841166,0.80158836,0.0,0.0,0.0,0.0,0.0,0.0,0.0
2,1,0.19841166,0.80158836,0.0,0.0,0.0,0.0,0.0,0.0,0.0
2,1,0.19841166,0.80158836,0.0,0.0,0.0,0.0,0.0,0.0,0.0
2,1,0.19841166,0.80158836,0.0,0.0,0.0,0.0,0.0,0.0,0.0
2,1,0.19841166,0.80158836,0.0,0.0,0.0,0.0,0.0,0.0,0.0
2,1,0.19841166,0.80158836,0.0,0.0,0.0,0.0,0.0,0.0,0.0
2,1,0.19841166,0.80158836,0.0,0.0,0.0,0.0,0.0,0.0,0.0
2,1,0.19841166,0.80158836,0.0,0.0,0.0,0.0,0.0,0.0,0.0
2,1,0.19841166,0.80158836,0.0,0.0,0.0,0.0,0.0,0.0,0.0
2,1,0.12484924,0.80158836,0.0,0.07356243,0.0,0.0,0.0,0.0,0.0
2,1,0.12484924,0.80158836,0.0,0.07356243,0.0,0.0,0.0,0.0,0.0
2,1,0.12484924,0.80158836,0.0,0.07356243,0.0,0.0,0.0,0.0,0.0
2,1,0.12484924,0.80158836,0.0,0.07356243,0.0,0.0,0.0,0.0,0.0
2,1,0.12484924,0.80158836,0.0,0.07356243,0.0,0.0,0.0,0.0,0.0
2,1,0.12484924,0.80158836,0.0,0.07356243,0.0,0.0,0.0,0.0,0.0
2,1,0.12484924,0.80158836,0.0,0.07356243,0.0,0.0,0.0,0.0,0.0
2,1,0.12484924,0.80158836,0.0,0.07356243,0.0,0.0,0.0,0.0,0.0
2,1,0.12484924,0.80158836,0.0,0.07356243,0.0,0.0,0.0,0.0,0.0
2,1,0.12484924,0.80158836,0.0,0.07356243,0.0,0.0,0.0,0.0,0.0
2,1,0.12484924,0.80158836,0.0,0.07356243,0.0,0.0,0.0,0.0,0.0
2,1,0.12484924,0.80158836,0.0,0.07356243,0.0,0.0,0.0,0.0,0.0
2,1,0.12484924,0.80158836,0.0,0.07356243,0.0,0.0,0.0,0.0,0.0
2,1,0.12484924,0.80158836,0.0,0.07356243,0.0,0.0,0.0,0.0,0.0
2,1,0.12484924,0.80158836,0.0,0.07356243,0.0,0.0,0.0,0.0,0.0
2,1,0.12484924,0.80158836,0.0,0.07356243,0.0,0.0,0.0,0.0,0.0
2,1,0.12484924,0.80158836,0.0,0.07356243,0.0,0.0,0.0,0.0,0.0
2,1,0.12484924,0.80158836,0.0,0.07356243,0.0,0.0,0.0,0.0,0.0
2,1,0.12484924,0.80158836,0.0,0.07356243,0.0,0.0,0.0,0.0,0.0
2,1,0.12484924,0.80158836,0.0,0.07356243,0.0,0.0,0.0,0.0,0.0
2,1,0.12484924,0.80158836,0.0,0.07356243,0.0,0.0,0.0,0.0,0.0
2,1,0.12484924,0.80158836,0.0,0.07356243,0.0,0.0,0.0,0.0,0.0
2,1,0.12484924,0.80158836,0.0,0.07356243,0.0,0.0,0.0,0.0,0.0
2,1,0.12484924,0.80158836,0.0,0.07356243,0.0,0.0,0.0,0.0,0.0
2,1,0.12484924,0.80158836,0.0,0.07356243,0.0,0.0,0.0,0.0,0.0
2,1,0.12484924,0.80158836,0.0,0.07356243,0.0,0.0,0.0,0.0,0.0
2,1,0.12484924,0.80158836,0.0,0.07356243,0.0,0.0,0.0,0.0,0.0
2,1,0.12484924,0.80158836,0.0,0.07356243,0.0,0.0,0.0,0.0,0.0
2,1,0.12484924,0.80158836,0.0,0.07356243,0.0,0.0,0.0,0.0,0.0
2,1,0.12484924,0.80158836,0.0,0.07356243,0.0,0.0,0.0,0.0,0.0
2,1,0.12484924,0.80158836,0.0,0.07356243,0.0,0.0,0.0,0.0,0.0
2,1,0.12484924,0.80158836,0.0,0.07356243,0.0,0.0,0.0,0.0,0.0
2,1,0.12484924,0.80158836,0.0,0.07356243,0.0,0.0,0.0,0.0,0.0
2,1,0.12484924,0.80158836,0.0,0.07356243,0.0,0.0,0.0,0.0,0.0
2,1,0.12484924,0.80158836,0.0,0.07356243,0.0,0.0,0.0,0.0,0.0
2,1,0.12484924,0.80158836,0.0,0.07356243,0.0,0.0,0.0,0.0,0.0
2,1,0.12484924,0.80158836,0.0,0.07356243,0.0,0.0,0.0,0.0,0.0
2,1,0.12484924,0.80158836,0.0,0.07356243,0.0,0.0,0.0,0.0,0.0
2,1,0.12484924,0.80158836,0.0,0.07356243,0.0,0.0,0.0,0.0,0.0
2,1,0.12484924,0.80158836,0.0,0.07356243,0.0,0.0,0.0,0.0,0.0
2,1,0.12484924,0.80158836,0.0,0.07356243,0.0,0.0,0.0,0.0,0.0
2,1,0.12484924,0.80158836,0.0,0.07356243,0.0,0.0,0.0,0.0,0.0
2,1,0.12484924,0.80158836,0.0,0.07356243,0.0,0.0,0.0,0.0,0.0
2,1,0.12484924,0.80158836,0.0,0.07356243,0.0,0.0,0.0,0.0,0.0
2,1,0.12484924,0.80158836,0.0,0.07356243,0.0,0.0,0.0,0.0,0.0
2,1,0.12484924,0.80158836,0.0,0.07356243,0.0,0.0,0.0,0.0,0.0
2,1,0.12484924,0.80158836,0.0,0.07356243,0.0,0.0,0.0,0.0,0.0
2,1,0.12484924,0.80158836,0.0,0.07356243,0.0,0.0,0.0,0.0,0.0
2,1,0.12484924,0.80158836,0.0,0.07356243,0.0,0.0,0.0,0.0,0.0
2,1,0.12484924,0.80158836,0.0,0.07356243,0.0,0.0,0.0,0.0,0.0
2,1,0.12484924,0.80158836,0.0,0.07356243,0.0,0.0,0.0,0.0,0.0
2,1,0.12484924,0.80158836,0.0,0.07356243,0.0,0.0,0.0,0.0,0.0
2,1,0.12484924,0.80158836,0.0,0.07356243,0.0,0.0,0.0,0.0,0.0
2,1,0.12484924,0.80158836,0.0,0.07356243,0.0,0.0,0.0,0.0,0.0
2,1,0.12484924,0.80158836,0.0,0.07356243,0.0,0.0,0.0,0.0,0.0
2,1,0.12484924,0.80158836,0.0,0.07356243,0.0,0.0,0.0,0.0,0.0
2,1,0.12484924,0.80158836,0.0,0.07356243,0.0,0.0,0.0,0.0,0.0
2,1,0.12484924,0.80158836,0.0,0.07356243,0.0,0.0,0.0,0.0,0.0
2,1,0.12484924,0.80158836,0.0,0.07356243,0.0,0.0,0.0,0.0,0.0
2,1,0.12484924,0.80158836,0.0,0.07356243,0.0,0.0,0.0,0.0,0.0
2,1,0.12484924,0.80158836,0.0,0.07356243,0.0,0.0,0.0,0.0,0.0
2,1,0.12484924,0.80158836,0.0,0.07356243,0.0,0.0,0.0,0.0,0.0
2,1,0.12484924,0.80158836,0.0,0.07356243,0.0,0.0,0.0,0.0,0.0
2,1,0.12484924,0.80158836,0.0,0.07356243,0.0,0.0,0.0,0.0,0.0
2,1,0.12484924,0.80158836,0.0,0.07356243,0.0,0.0,0.0,0.0,0.0
2,1,0.12484924,0.80158836,0.0,0.07356243,0.0,0.0,0.0,0.0,0.0
2,1,0.12484924,0.80158836,0.0,0.07356243,0.0,0.0,0.0,0.0,0.0
2,1,0.12484924,0.80158836,0.0,0.07356243,0.0,0.0,0.0,0.0,0.0
2,1,0.12484924,0.80158836,0.0,0.07356243,0.0,0.0,0.0,0.0,0.0
2,1,0.12484924,0.80158836,0.0,0.07356243,0.0,0.0,0.0,0.0,0.0
2,1,0.12484924,0.80158836,0.0,0.07356243,0.0,0.0,0.0,0.0,0.0
2,1,0.12484924,0.80158836,0.0,0.07356243,0.0,0.0,0.0,0.0,0.0
2,1,0.12484924,0.80158836,0.0,0.07356243,0.0,0.0,0.0,0.0,0.0
2,1,0.12484924,0.80158836,0.0,0.07356243,0.0,0.0,0.0,0.0,0.0
2,1,0.12484924,0.80158836,0.0,0.07356243,0.0,0.0,0.0,0.0,0.0
2,1,0.12484924,0.80158836,0.0,0.07356243,0.0,0.0,0.0,0.0,0.0
2,1,0.12484924,0.80158836,0.0,0.07356243,0.0,0.0,0.0,0.0,0.0
2,1,0.12484924,0.80158836,0.0,0.07356243,0.0,0.0,0.0,0.0,0.0
2,1,0.12484924,0.80158836,0.0,0.07356243,0.0,0.0,0.0,0.0,0.0
2,1,0.12484924,0.80158836,0.0,0.07356243,0.0,0.0,0.0,0.0,0.0
2,1,0.12484924,0.80158836,0.0,0.07356243,0.0,0.0,0.0,0.0,0.0
2,1,0.12484924,0.80158836,0.0,0.07356243,0.0,0.0,0.0,0.0,0.0
2,1,0.12484924,0.80158836,0.0,0.07356243,0.0,0.0,0.0,0.0,0.0
2,1,0.12484924,0.80158836,0.0,0.07356243,0.0,0.0,0.0,0.0,0.0
2,1,0.12484924,0.80158836,0.0,0.07356243,0.0,0.0,0.0,0.0,0.0
2,1,0.12484924,0.80158836,0.0,0.07356243,0.0,0.0,0.0,0.0,0.0
2,1,0.12484924,0.80158836,0.0,0.07356243,0.0,0.0,0.0,0.0,0.0
2,1,0.12484924,0.80158836,0.0,0.07356243,0.0,0.0,0.0,0.0,0.0
2,1,0.12484924,0.80158836,0.0,0.07356243,0.0,0.0,0.0,0.0,0.0
2,1,0.12484924,0.80158836,0.0,0.07356243,0.0,0.0,0.0,0.0,0.0
2,1,0.12484924,0.80158836,0.0,0.07356243,0.0,0.0,0.0,0.0,0.0
2,1,0.12484924,0.80158836,0.0,0.07356243,0.0,0.0,0.0,0.0,0.0
2,1,0.12484924,0.80158836,0.0,0.07356243,0.0,0.0,0.0,0.0,0.0
2,1,0.12484924,0.80158836,0.0,0.07356243,0.0,0.0,0.0,0.0,0.0
2,1,0.12484924,0.80158836,0.0,0.07356243,0.0,0.0,0.0,0.0,0.0
2,1,0.12484924,0.80158836,0.0,0.07356243,0.0,0.0,0.0,0.0,0.0
2,1,0.12484924,0.80158836,0.0,0.07356243,0.0,0.0,0.0,0.0,0.0
2,1,0.12484924,0.80158836,0.0,0.07356243,0.0,0.0,0.0,0.0,0.0
2,1,0.12484924,0.80158836,0.0,0.07356243,0.0,0.0,0.0,0.0,0.0
2,1,0.12484924,0.80158836,0.0,0.07356243,0.0,0.0,0.0,0.0,0.0
2,1,0.12484924,0.80158836,0.0,0.07356243,0.0,0.0,0.0,0.0,0.0
2,1,0.12484924,0.80158836,0.0,0.07356243,0.0,0.0,0.0,0.0,0.0
2,1,0.12484924,0.80158836,0.0,0.07356243,0.0,0.0,0.0,0.0,0.0
2,1,0.12484924,0.80158836,0.0,0.07356243,0.0,0.0,0.0,0.0,0.0
2,1,0.12484924,0.80158836,0.0,0.07356243,0.0,0.0,0.0,0.0,0.0
2,1,0.12484924,0.80158836,0.0,0.07356243,0.0,0.0,0.0,0.0,0.0
2,1,0.12484924,0.80158836,0.0,0.07356243,0.0,0.0,0.0,0.0,0.0
2,1,0.12484924,0.80158836,0.0,0.07356243,0.0,0.0,0.0,0.0,0.0
2,1,0.12484924,0.80158836,0.0,0.07356243,0.0,0.0,0.0,0.0,0.0
2,1,0.12484924,0.80158836,0.0,0.07356243,0.0,0.0,0.0,0.0,0.0
2,1,0.12484924,0.80158836,0.0,0.07356243,0.0,0.0,0.0,0.0,0.0
2,1,0.12484924,0.80158836,0.0,0.07356243,0.0,0.0,0.0,0.0,0.0
2,1,0.12484924,0.80158836,0.0,0.07356243,0.0,0.0,0.0,0.0,0.0
2,1,0.12484924,0.80158836,0.0,0.07356243,0.0,0.0,0.0,0.0,0.0
2,1,0.12484924,0.80158836,0.0,0.07356243,0.0,0.0,0.0,0.0,0.0
2,1,0.12484924,0.80158836,0.0,0.07356243,0.0,0.0,0.0,0.0,0.0
2,1,0.12484924,0.80158836,0.0,0.07356243,0.0,0.0,0.0,0.0,0.0
2,1,0.12484924,0.80158836,0.0,0.07356243,0.0,0.0,0.0,0.0,0.0
2,1,0.12484924,0.80158836,0.0,0.07356243,0.0,0.0,0.0,0.0,0.0
2,1,0.12484924,0.80158836,0.0,0.07356243,0.0,0.0,0.0,0.0,0.0
2,1,0.12484924,0.80158836,0.0,0.07356243,0.0,0.0,0.0,0.0,0.0
2,1,0.12484924,0.80158836,0.0,0.07356243,0.0,0.0,0.0,0.0,0.0
2,1,0.12484924,0.80158836,0.0,0.07356243,0.0,0.0,0.0,0.0,0.0
2,1,0.12484924,0.80158836,0.0,0.07356243,0.0,0.0,0.0,0.0,0.0
2,1,0.12484924,0.80158836,0.0,0.07356243,0.0,0.0,0.0,0.0,0.0
2,1,0.12484924,0.80158836,0.0,0.07356243,0.0,0.0,0.0,0.0,0.0
2,1,0.12484924,0.80158836,0.0,0.07356243,0.0,0.0,0.0,0.0,0.0
2,1,0.12484924,0.80158836,0.0,0.07356243,0.0,0.0,0.0,0.0,0.0
2,1,0.12484924,0.80158836,0.0,0.07356243,0.0,0.0,0.0,0.0,0.0
2,1,0.12484924,0.80158836,0.0,0.07356243,0.0,0.0,0.0,0.0,0.0
2,1,0.12484924,0.80158836,0.0,0.07356243,0.0,0.0,0.0,0.0,0.0
2,1,0.12484924,0.80158836,0.0,0.07356243,0.0,0.0,0.0,0.0,0.0
2,1,0.12484924,0.80158836,0.0,0.07356243,0.0,0.0,0.0,0.0,0.0
2,1,0.12484924,0.80158836,0.0,0.07356243,0.0,0.0,0.0,0.0,0.0
2,1,0.12484924,0.80158836,0.0,0.07356243,0.0,0.0,0.0,0.0,0.0
2,1,0.12484924,0.80158836,0.0,0.07356243,0.0,0.0,0.0,0.0,0.0
2,1,0.12484924,0.80158836,0.0,0.07356243,0.0,0.0,0.0,0.0,0.0
2,1,0.12484924,0.80158836,0.0,0.07356243,0.0,0.0,0.0,0.0,0.0
2,1,0.12484924,0.80158836,0.0,0.07356243,0.0,0.0,0.0,0.0,0.0
2,1,0.12484924,0.80158836,0.0,0.07356243,0.0,0.0,0.0,0.0,0.0
2,1,0.12484924,0.80158836,0.0,0.07356243,0.0,0.0,0.0,0.0,0.0
2,1,0.12484924,0.80158836,0.0,0.07356243,0.0,0.0,0.0,0.0,0.0
2,1,0.12484924,0.80158836,0.0,0.07356243,0.0,0.0,0.0,0.0,0.0
2,1,0.12484924,0.80158836,0.0,0.07356243,0.0,0.0,0.0,0.0,0.0
2,1,0.12484924,0.80158836,0.0,0.07356243,0.0,0.0,0.0,0.0,0.0
2,1,0.12484924,0.80158836,0.0,0.07356243,0.0,0.0,0.0,0.0,0.0
2,1,0.12484924,0.80158836,0.0,0.07356243,0.0,0.0,0.0,0.0,0.0
2,1,0.12484924,0.80158836,0.0,0.07356243,0.0,0.0,0.0,0.0,0.0
2,1,0.12484924,0.80158836,0.0,0.07356243,0.0,0.0,0.0,0.0,0.0
2,1,0.12484924,0.80158836,0.0,0.07356243,0.0,0.0,0.0,0.0,0.0
2,1,0.12484924,0.80158836,0.0,0.07356243,0.0,0.0,0.0,0.0,0.0
2,1,0.12484924,0.80158836,0.0,0.07356243,0.0,0.0,0.0,0.0,0.0
2,1,0.12484924,0.80158836,0.0,0.07356243,0.0,0.0,0.0,0.0,0.0
2,1,0.12484924,0.80158836,0.0,0.07356243,0.0,0.0,0.0,0.0,0.0
2,1,0.12484924,0.80158836,0.0,0.07356243,0.0,0.0,0.0,0.0,0.0
2,1,0.12484924,0.80158836,0.0,0.07356243,0.0,0.0,0.0,0.0,0.0
2,1,0.12484924,0.80158836,0.0,0.07356243,0.0,0.0,0.0,0.0,0.0
2,1,0.12484924,0.80158836,0.0,0.07356243,0.0,0.0,0.0,0.0,0.0
2,1,0.12484924,0.80158836,0.0,0.07356243,0.0,0.0,0.0,0.0,0.0
2,1,0.12484924,0.80158836,0.0,0.07356243,0.0,0.0,0.0,0.0,0.0
2,1,0.12484924,0.80158836,0.0,0.07356243,0.0,0.0,0.0,0.0,0.0
2,1,0.12484924,0.80158836,0.0,0.07356243,0.0,0.0,0.0,0.0,0.0
2,1,0.12484924,0.80158836,0.0,0.07356243,0.0,0.0,0.0,0.0,0.0
2,1,0.12484924,0.80158836,0.0,0.07356243,0.0,0.0,0.0,0.0,0.0
2,1,0.12484924,0.80158836,0.0,0.07356243,0.0,0.0,0.0,0.0,0.0
2,1,0.12484924,0.80158836,0.0,0.07356243,0.0,0.0,0.0,0.0,0.0
2,1,0.12484924,0.80158836,0.0,0.07356243,0.0,0.0,0.0,0.0,0.0
2,1,0.12484924,0.80158836,0.0,0.07356243,0.0,0.0,0.0,0.0,0.0
2,1,0.12484924,0.80158836,0.0,0.07356243,0.0,0.0,0.0,0.0,0.0
2,1,0.12484924,0.80158836,0.0,0.07356243,0.0,0.0,0.0,0.0,0.0
2,1,0.12484924,0.80158836,0.0,0.07356243,0.0,0.0,0.0,0.0,0.0
2,1,0.12484924,0.80158836,0.0,0.07356243,0.0,0.0,0.0,0.0,0.0
2,1,0.12484924,0.80158836,0.0,0.07356243,0.0,0.0,0.0,0.0,0.0
2,1,0.12484924,0.80158836,0.0,0.07356243,0.0,0.0,0.0,0.0,0.0
2,1,0.12484924,0.80158836,0.0,0.07356243,0.0,0.0,0.0,0.0,0.0
2,1,0.12484924,0.80158836,0.0,0.07356243,0.0,0.0,0.0,0.0,0.0
2,1,0.12484924,0.80158836,0.0,0.07356243,0.0,0.0,0.0,0.0,0.0
2,1,0.12484924,0.80158836,0.0,0.07356243,0.0,0.0,0.0,0.0,0.0
2,1,0.12484924,0.80158836,0.0,0.07356243,0.0,0.0,0.0,0.0,0.0
2,1,0.12484924,0.80158836,0.0,0.07356243,0.0,0.0,0.0,0.0,0.0
2,1,0.12484924,0.80158836,0.0,0.07356243,0.0,0.0,0.0,0.0,0.0
2,1,0.12484924,0.80158836,0.0,0.07356243,0.0,0.0,0.0,0.0,0.0
2,1,0.12484924,0.80158836,0.0,0.07356243,0.0,0.0,0.0,0.0,0.0
2,1,0.06917775,0.8572598,0.0,0.07356243,0.0,0.0,0.0,0.0,0.0
2,1,0.06917775,0.8572598,0.0,0.07356243,0.0,0.0,0.0,0.0,0.0
2,1,0.06917775,0.8572598,0.0,0.07356243,0.0,0.0,0.0,0.0,0.0
2,1,0.06917775,0.8572598,0.0,0.07356243,0.0,0.0,0.0,0.0,0.0
2,1,0.06917775,0.8572598,0.0,0.07356243,0.0,0.0,0.0,0.0,0.0
2,1,0.06917775,0.8572598,0.0,0.07356243,0.0,0.0,0.0,0.0,0.0
2,1,0.06917775,0.8572598,0.0,0.07356243,0.0,0.0,0.0,0.0,0.0
2,1,0.06917775,0.8572598,0.0,0.07356243,0.0,0.0,0.0,0.0,0.0
2,1,0.06917775,0.8572598,0.0,0.07356243,0.0,0.0,0.0,0.0,0.0
2,1,0.06917775,0.8572598,0.0,0.07356243,0.0,0.0,0.0,0.0,0.0
2,1,0.06917775,0.8572598,0.0,0.07356243,0.0,0.0,0.0,0.0,0.0
2,1,0.06917775,0.8572598,0.0,0.07356243,0.0,0.0,0.0,0.0,0.0
2,1,0.06917775,0.8572598,0.0,0.07356243,0.0,0.0,0.0,0.0,0.0
2,1,0.06917775,0.8572598,0.0,0.07356243,0.0,0.0,0.0,0.0,0.0
2,1,0.06917775,0.8572598,0.0,0.07356243,0.0,0.0,0.0,0.0,0.0
2,1,0.06917775,0.8572598,0.0,0.07356243,0.0,0.0,0.0,0.0,0.0
2,1,0.06917775,0.8572598,0.0,0.07356243,0.0,0.0,0.0,0.0,0.0
2,1,0.06917775,0.8572598,0.0,0.07356243,0.0,0.0,0.0,0.0,0.0
2,1,0.06917775,0.8572598,0.0,0.07356243,0.0,0.0,0.0,0.0,0.0
2,1,0.06917775,0.8572598,0.0,0.07356243,0.0,0.0,0.0,0.0,0.0
2,1,0.06917775,0.8572598,0.0,0.07356243,0.0,0.0,0.0,0.0,0.0
2,1,0.06917775,0.8572598,0.0,0.07356243,0.0,0.0,0.0,0.0,0.0
2,1,0.06917775,0.8572598,0.0,0.07356243,0.0,0.0,0.0,0.0,0.0
2,1,0.06917775,0.8572598,0.0,0.07356243,0.0,0.0,0.0,0.0,0.0
2,1,0.06917775,0.8572598,0.0,0.07356243,0.0,0.0,0.0,0.0,0.0
2,1,0.06917775,0.8572598,0.0,0.07356243,0.0,0.0,0.0,0.0,0.0
2,1,0.06917775,0.8572598,0.0,0.07356243,0.0,0.0,0.0,0.0,0.0
2,1,0.06917775,0.8572598,0.0,0.07356243,0.0,0.0,0.0,0.0,0.0
2,1,0.06917775,0.8572598,0.0,0.07356243,0.0,0.0,0.0,0.0,0.0
2,1,0.06917775,0.8572598,0.0,0.07356243,0.0,0.0,0.0,0.0,0.0
2,1,0.06917775,0.8572598,0.0,0.07356243,0.0,0.0,0.0,0.0,0.0
2,1,0.06917775,0.8572598,0.0,0.07356243,0.0,0.0,0.0,0.0,0.0
2,1,0.06917775,0.8572598,0.0,0.07356243,0.0,0.0,0.0,0.0,0.0
2,1,0.06917775,0.8572598,0.0,0.07356243,0.0,0.0,0.0,0.0,0.0
2,1,0.06917775,0.8572598,0.0,0.07356243,0.0,0.0,0.0,0.0,0.0
2,1,0.06917775,0.8572598,0.0,0.07356243,0.0,0.0,0.0,0.0,0.0
2,1,0.06917775,0.8572598,0.0,0.07356243,0.0,0.0,0.0,0.0,0.0
2,1,0.06917775,0.8572598,0.0,0.07356243,0.0,0.0,0.0,0.0,0.0
2,1,0.06917775,0.8572598,0.0,0.07356243,0.0,0.0,0.0,0.0,0.0
2,1,0.06917775,0.8572598,0.0,0.07356243,0.0,0.0,0.0,0.0,0.0
2,1,0.06917775,0.8572598,0.0,0.07356243,0.0,0.0,0.0,0.0,0.0
2,1,0.06917775,0.8572598,0.0,0.07356243,0.0,0.0,0.0,0.0,0.0
2,1,0.06917775,0.8572598,0.0,0.07356243,0.0,0.0,0.0,0.0,0.0
2,1,0.06917775,0.8572598,0.0,0.07356243,0.0,0.0,0.0,0.0,0.0
2,1,0.06917775,0.8572598,0.0,0.07356243,0.0,0.0,0.0,0.0,0.0
2,1,0.06917775,0.8572598,0.0,0.07356243,0.0,0.0,0.0,0.0,0.0
2,1,0.06917775,0.8572598,0.0,0.07356243,0.0,0.0,0.0,0.0,0.0
2,1,0.06917775,0.8572598,0.0,0.07356243,0.0,0.0,0.0,0.0,0.0
2,1,0.06917775,0.8572598,0.0,0.07356243,0.0,0.0,0.0,0.0,0.0
2,1,0.06917775,0.8572598,0.0,0.07356243,0.0,0.0,0.0,0.0,0.0
2,1,0.06917775,0.8572598,0.0,0.07356243,0.0,0.0,0.0,0.0,0.0
2,1,0.06917775,0.8572598,0.0,0.07356243,0.0,0.0,0.0,0.0,0.0
2,1,0.06917775,0.8572598,0.0,0.07356243,0.0,0.0,0.0,0.0,0.0
2,1,0.06917775,0.8572598,0.0,0.07356243,0.0,0.0,0.0,0.0,0.0
2,1,0.06917775,0.8572598,0.0,0.07356243,0.0,0.0,0.0,0.0,0.0
2,1,0.06917775,0.8572598,0.0,0.07356243,0.0,0.0,0.0,0.0,0.0
2,1,0.06917775,0.8572598,0.0,0.07356243,0.0,0.0,0.0,0.0,0.0
2,1,0.06917775,0.8572598,0.0,0.07356243,0.0,0.0,0.0,0.0,0.0
2,1,0.06917775,0.8572598,0.0,0.07356243,0.0,0.0,0.0,0.0,0.0
2,1,0.06917775,0.8572598,0.0,0.07356243,0.0,0.0,0.0,0.0,0.0
2,1,0.06917775,0.8572598,0.0,0.07356243,0.0,0.0,0.0,0.0,0.0
2,1,0.06917775,0.8572598,0.0,0.07356243,0.0,0.0,0.0,0.0,0.0
2,1,0.06917775,0.8572598,0.0,0.07356243,0.0,0.0,0.0,0.0,0.0
2,1,0.06917775,0.8572598,0.0,0.07356243,0.0,0.0,0.0,0.0,0.0
2,1,0.06917775,0.8572598,0.0,0.07356243,0.0,0.0,0.0,0.0,0.0
2,1,0.06917775,0.8572598,0.0,0.07356243,0.0,0.0,0.0,0.0,0.0
2,1,0.06917775,0.8572598,0.0,0.07356243,0.0,0.0,0.0,0.0,0.0
2,1,0.06917775,0.8572598,0.0,0.07356243,0.0,0.0,0.0,0.0,0.0
2,1,0.06917775,0.8572598,0.0,0.07356243,0.0,0.0,0.0,0.0,0.0
2,1,0.06917775,0.8572598,0.0,0.07356243,0.0,0.0,0.0,0.0,0.0
2,1,0.06917775,0.8572598,0.0,0.07356243,0.0,0.0,0.0,0.0,0.0
2,1,0.06917775,0.8572598,0.0,0.07356243,0.0,0.0,0.0,0.0,0.0
2,1,0.06917775,0.8572598,0.0,0.07356243,0.0,0.0,0.0,0.0,0.0
2,1,0.06917775,0.8572598,0.0,0.07356243,0.0,0.0,0.0,0.0,0.0
2,1,0.06917775,0.8572598,0.0,0.07356243,0.0,0.0,0.0,0.0,0.0
2,1,0.06917775,0.8572598,0.0,0.07356243,0.0,0.0,0.0,0.0,0.0
2,1,0.06917775,0.8572598,0.0,0.07356243,0.0,0.0,0.0,0.0,0.0
2,1,0.06917775,0.8572598,0.0,0.07356243,0.0,0.0,0.0,0.0,0.0
2,1,0.06917775,0.8572598,0.0,0.07356243,0.0,0.0,0.0,0.0,0.0
2,1,0.06917775,0.8572598,0.0,0.07356243,0.0,0.0,0.0,0.0,0.0
2,1,0.06917775,0.8572598,0.0,0.07356243,0.0,0.0,0.0,0.0,0.0
2,1,0.06917775,0.8572598,0.0,0.07356243,0.0,0.0,0.0,0.0,0.0
2,1,0.06917775,0.8572598,0.0,0.07356243,0.0,0.0,0.0,0.0,0.0
2,1,0.06917775,0.8572598,0.0,0.07356243,0.0,0.0,0.0,0.0,0.0
2,1,0.06917775,0.8572598,0.0,0.07356243,0.0,0.0,0.0,0.0,0.0
2,1,0.06917775,0.8572598,0.0,0.07356243,0.0,0.0,0.0,0.0,0.0
2,1,0.06917775,0.8572598,0.0,0.07356243,0.0,0.0,0.0,0.0,0.0
2,1,0.06917775,0.8572598,0.0,0.07356243,0.0,0.0,0.0,0.0,0.0
2,1,0.06917775,0.8572598,0.0,0.07356243,0.0,0.0,0.0,0.0,0.0
2,1,0.06917775,0.8572598,0.0,0.07356243,0.0,0.0,0.0,0.0,0.0
2,1,0.06917775,0.8572598,0.0,0.07356243,0.0,0.0,0.0,0.0,0.0
2,1,0.06917775,0.8572598,0.0,0.07356243,0.0,0.0,0.0,0.0,0.0
2,1,0.06917775,0.8572598,0.0,0.07356243,0.0,0.0,0.0,0.0,0.0
2,1,0.06917775,0.8572598,0.0,0.07356243,0.0,0.0,0.0,0.0,0.0
2,1,0.06917775,0.8572598,0.0,0.07356243,0.0,0.0,0.0,0.0,0.0
2,1,0.06917775,0.8572598,0.0,0.07356243,0.0,0.0,0.0,0.0,0.0
2,1,0.06917775,0.8572598,0.0,0.07356243,0.0,0.0,0.0,0.0,0.0
2,1,0.06917775,0.8572598,0.0,0.07356243,0.0,0.0,0.0,0.0,0.0
2,1,0.06917775,0.8572598,0.0,0.07356243,0.0,0.0,0.0,0.0,0.0
2,1,0.06917775,0.8572598,0.0,0.07356243,0.0,0.0,0.0,0.0,0.0
2,1,0.06917775,0.8572598,0.0,0.07356243,0.0,0.0,0.0,0.0,0.0
2,1,0.06917775,0.8572598,0.0,0.07356243,0.0,0.0,0.0,0.0,0.0
2,1,0.06917775,0.8572598,0.0,0.07356243,0.0,0.0,0.0,0.0,0.0
2,1,0.06917775,0.8572598,0.0,0.07356243,0.0,0.0,0.0,0.0,0.0
2,1,0.06917775,0.8572598,0.0,0.07356243,0.0,0.0,0.0,0.0,0.0
2,1,0.06917775,0.8572598,0.0,0.07356243,0.0,0.0,0.0,0.0,0.0
2,1,0.06917775,0.8572598,0.0,0.07356243,0.0,0.0,0.0,0.0,0.0
2,1,0.06917775,0.8572598,0.0,0.07356243,0.0,0.0,0.0,0.0,0.0
2,1,0.06917775,0.8572598,0.0,0.07356243,0.0,0.0,0.0,0.0,0.0
2,1,0.06917775,0.8572598,0.0,0.07356243,0.0,0.0,0.0,0.0,0.0
2,1,0.06917775,0.8572598,0.0,0.07356243,0.0,0.0,0.0,0.0,0.0
2,1,0.06917775,0.8572598,0.0,0.07356243,0.0,0.0,0.0,0.0,0.0
2,1,0.06917775,0.8572598,0.0,0.07356243,0.0,0.0,0.0,0.0,0.0
2,1,0.06917775,0.8572598,0.0,0.07356243,0.0,0.0,0.0,0.0,0.0
2,1,0.06917775,0.8572598,0.0,0.07356243,0.0,0.0,0.0,0.0,0.0
2,1,0.06917775,0.8572598,0.0,0.07356243,0.0,0.0,0.0,0.0,0.0
2,1,0.06917775,0.8572598,0.0,0.07356243,0.0,0.0,0.0,0.0,0.0
2,1,0.06917775,0.8572598,0.0,0.07356243,0.0,0.0,0.0,0.0,0.0
2,1,0.06917775,0.8572598,0.0,0.07356243,0.0,0.0,0.0,0.0,0.0
2,1,0.06917775,0.8572598,0.0,0.07356243,0.0,0.0,0.0,0.0,0.0
2,1,0.06917775,0.8572598,0.0,0.07356243,0.0,0.0,0.0,0.0,0.0
2,1,0.06917775,0.8572598,0.0,0.07356243,0.0,0.0,0.0,0.0,0.0
2,1,0.06917775,0.8572598,0.0,0.07356243,0.0,0.0,0.0,0.0,0.0
2,1,0.06917775,0.8572598,0.0,0.07356243,0.0,0.0,0.0,0.0,0.0
2,1,0.06917775,0.8572598,0.0,0.07356243,0.0,0.0,0.0,0.0,0.0
2,1,0.06917775,0.8572598,0.0,0.07356243,0.0,0.0,0.0,0.0,0.0
2,1,0.06917775,0.8572598,0.0,0.07356243,0.0,0.0,0.0,0.0,0.0
2,1,0.06917775,0.8572598,0.0,0.07356243,0.0,0.0,0.0,0.0,0.0
2,1,0.06917775,0.8572598,0.0,0.07356243,0.0,0.0,0.0,0.0,0.0
2,1,0.06917775,0.8572598,0.0,0.07356243,0.0,0.0,0.0,0.0,0.0
2,1,0.06917775,0.8572598,0.0,0.07356243,0.0,0.0,0.0,0.0,0.0
2,1,0.06917775,0.8572598,0.0,0.07356243,0.0,0.0,0.0,0.0,0.0
2,1,0.06917775,0.8572598,0.0,0.07356243,0.0,0.0,0.0,0.0,0.0
2,1,0.06917775,0.8572598,0.0,0.07356243,0.0,0.0,0.0,0.0,0.0
2,1,0.06917775,0.8572598,0.0,0.07356243,0.0,0.0,0.0,0.0,0.0
2,1,0.06917775,0.8572598,0.0,0.07356243,0.0,0.0,0.0,0.0,0.0
2,1,0.06917775,0.8572598,0.0,0.07356243,0.0,0.0,0.0,0.0,0.0
2,1,0.06917775,0.8572598,0.0,0.07356243,0.0,0.0,0.0,0.0,0.0
2,1,0.06917775,0.8572598,0.0,0.07356243,0.0,0.0,0.0,0.0,0.0
2,1,0.06917775,0.8572598,0.0,0.07356243,0.0,0.0,0.0,0.0,0.0
2,1,0.06917775,0.8572598,0.0,0.07356243,0.0,0.0,0.0,0.0,0.0
2,1,0.06917775,0.8572598,0.0,0.07356243,0.0,0.0,0.0,0.0,0.0
2,1,0.06917775,0.8572598,0.0,0.07356243,0.0,0.0,0.0,0.0,0.0
2,1,0.06917775,0.8572598,0.0,0.07356243,0.0,0.0,0.0,0.0,0.0
2,1,0.06917775,0.8572598,0.0,0.07356243,0.0,0.0,0.0,0.0,0.0
2,1,0.06917775,0.8572598,0.0,0.07356243,0.0,0.0,0.0,0.0,0.0
2,1,0.06917775,0.8572598,0.0,0.07356243,0.0,0.0,0.0,0.0,0.0
2,1,0.06917775,0.8572598,0.0,0.07356243,0.0,0.0,0.0,0.0,0.0
2,1,0.06917775,0.8572598,0.0,0.07356243,0.0,0.0,0.0,0.0,0.0
2,1,0.06917775,0.8572598,0.0,0.07356243,0.0,0.0,0.0,0.0,0.0
2,1,0.06917775,0.8572598,0.0,0.07356243,0.0,0.0,0.0,0.0,0.0
2,1,0.06917775,0.8572598,0.0,0.07356243,0.0,0.0,0.0,0.0,0.0
2,1,0.06917775,0.8572598,0.0,0.07356243,0.0,0.0,0.0,0.0,0.0
2,1,0.06917775,0.8572598,0.0,0.07356243,0.0,0.0,0.0,0.0,0.0
2,1,0.06917775,0.8572598,0.0,0.07356243,0.0,0.0,0.0,0.0,0.0
2,1,0.06917775,0.8572598,0.0,0.07356243,0.0,0.0,0.0,0.0,0.0
2,1,0.06917775,0.8572598,0.0,0.07356243,0.0,0.0,0.0,0.0,0.0
2,1,0.06917775,0.8572598,0.0,0.07356243,0.0,0.0,0.0,0.0,0.0
2,1,0.06917775,0.8572598,0.0,0.07356243,0.0,0.0,0.0,0.0,0.0
2,1,0.06917775,0.8572598,0.0,0.07356243,0.0,0.0,0.0,0.0,0.0
2,1,0.06917775,0.8572598,0.0,0.07356243,0.0,0.0,0.0,0.0,0.0
2,1,0.06917775,0.8572598,0.0,0.07356243,0.0,0.0,0.0,0.0,0.0
2,1,0.06917775,0.8572598,0.0,0.07356243,0.0,0.0,0.0,0.0,0.0
2,1,0.06917775,0.8572598,0.0,0.07356243,0.0,0.0,0.0,0.0,0.0
2,1,0.12484924,0.80158836,0.0,0.07356243,0.0,0.0,0.0,0.0,0.0
2,1,0.12484924,0.80158836,0.0,0.07356243,0.0,0.0,0.0,0.0,0.0
2,1,0.12484924,0.80158836,0.0,0.07356243,0.0,0.0,0.0,0.0,0.0
2,1,0.12484924,0.80158836,0.0,0.07356243,0.0,0.0,0.0,0.0,0.0
2,1,0.12484924,0.80158836,0.0,0.07356243,0.0,0.0,0.0,0.0,0.0
2,1,0.12484924,0.80158836,0.0,0.07356243,0.0,0.0,0.0,0.0,0.0
2,1,0.12484924,0.80158836,0.0,0.07356243,0.0,0.0,0.0,0.0,0.0
2,1,0.12484924,0.80158836,0.0,0.07356243,0.0,0.0,0.0,0.0,0.0
2,1,0.12484924,0.80158836,0.0,0.07356243,0.0,0.0,0.0,0.0,0.0
2,1,0.12484924,0.80158836,0.0,0.07356243,0.0,0.0,0.0,0.0,0.0
2,1,0.12484924,0.80158836,0.0,0.07356243,0.0,0.0,0.0,0.0,0.0
2,1,0.12484924,0.80158836,0.0,0.07356243,0.0,0.0,0.0,0.0,0.0
2,1,0.12484924,0.80158836,0.0,0.07356243,0.0,0.0,0.0,0.0,0.0
2,1,0.12484924,0.80158836,0.0,0.07356243,0.0,0.0,0.0,0.0,0.0
2,1,0.12484924,0.80158836,0.0,0.07356243,0.0,0.0,0.0,0.0,0.0
2,1,0.12484924,0.80158836,0.0,0.07356243,0.0,0.0,0.0,0.0,0.0
2,1,0.12484924,0.80158836,0.0,0.07356243,0.0,0.0,0.0,0.0,0.0
2,1,0.12484924,0.80158836,0.0,0.07356243,0.0,0.0,0.0,0.0,0.0
2,1,0.12484924,0.80158836,0.0,0.07356243,0.0,0.0,0.0,0.0,0.0
2,1,0.12484924,0.80158836,0.0,0.07356243,0.0,0.0,0.0,0.0,0.0
2,1,0.12484924,0.80158836,0.0,0.07356243,0.0,0.0,0.0,0.0,0.0
2,1,0.12484924,0.80158836,0.0,0.07356243,0.0,0.0,0.0,0.0,0.0
2,1,0.12484924,0.8751508,0.0,0.0,0.0,0.0,0.0,0.0,0.0
2,1,0.12484924,0.8751508,0.0,0.0,0.0,0.0,0.0,0.0,0.0
2,1,0.12484924,0.8751508,0.0,0.0,0.0,0.0,0.0,0.0,0.0
2,1,0.12484924,0.8751508,0.0,0.0,0.0,0.0,0.0,0.0,0.0
2,1,0.12484924,0.8751508,0.0,0.0,0.0,0.0,0.0,0.0,0.0
2,1,0.12484924,0.8751508,0.0,0.0,0.0,0.0,0.0,0.0,0.0
2,1,0.12484924,0.8751508,0.0,0.0,0.0,0.0,0.0,0.0,0.0
2,1,0.12484924,0.8751508,0.0,0.0,0.0,0.0,0.0,0.0,0.0
2,1,0.12484924,0.8751508,0.0,0.0,0.0,0.0,0.0,0.0,0.0
2,1,0.12484924,0.8751508,0.0,0.0,0.0,0.0,0.0,0.0,0.0
2,1,0.12484924,0.8751508,0.0,0.0,0.0,0.0,0.0,0.0,0.0
2,1,0.12484924,0.8751508,0.0,0.0,0.0,0.0,0.0,0.0,0.0
2,1,0.12484924,0.8751508,0.0,0.0,0.0,0.0,0.0,0.0,0.0
2,1,0.12484924,0.8751508,0.0,0.0,0.0,0.0,0.0,0.0,0.0
2,1,0.12484924,0.8751508,0.0,0.0,0.0,0.0,0.0,0.0,0.0
2,1,0.12484924,0.8751508,0.0,0.0,0.0,0.0,0.0,0.0,0.0
2,1,0.12484924,0.8751508,0.0,0.0,0.0,0.0,0.0,0.0,0.0
2,1,0.12484924,0.8751508,0.0,0.0,0.0,0.0,0.0,0.0,0.0
2,1,0.12484924,0.8751508,0.0,0.0,0.0,0.0,0.0,0.0,0.0
2,1,0.12484924,0.8751508,0.0,0.0,0.0,0.0,0.0,0.0,0.0
2,1,0.12484924,0.8751508,0.0,0.0,0.0,0.0,0.0,0.0,0.0
2,1,0.12484924,0.8751508,0.0,0.0,0.0,0.0,0.0,0.0,0.0
2,1,0.12484924,0.8751508,0.0,0.0,0.0,0.0,0.0,0.0,0.0
2,1,0.12484924,0.8751508,0.0,0.0,0.0,0.0,0.0,0.0,0.0
2,1,0.12484924,0.8751508,0.0,0.0,0.0,0.0,0.0,0.0,0.0
2,1,0.12484924,0.8751508,0.0,0.0,0.0,0.0,0.0,0.0,0.0
2,1,0.12484924,0.8751508,0.0,0.0,0.0,0.0,0.0,0.0,0.0
2,1,0.12484924,0.8751508,0.0,0.0,0.0,0.0,0.0,0.0,0.0
2,1,0.12484924,0.8751508,0.0,0.0,0.0,0.0,0.0,0.0,0.0
2,1,0.12484924,0.8751508,0.0,0.0,0.0,0.0,0.0,0.0,0.0
2,1,0.12484924,0.8751508,0.0,0.0,0.0,0.0,0.0,0.0,0.0
2,1,0.12484924,0.8751508,0.0,0.0,0.0,0.0,0.0,0.0,0.0
2,1,0.12484924,0.8751508,0.0,0.0,0.0,0.0,0.0,0.0,0.0
2,1,0.12484924,0.8751508,0.0,0.0,0.0,0.0,0.0,0.0,0.0
2,1,0.12484924,0.8751508,0.0,0.0,0.0,0.0,0.0,0.0,0.0
2,1,0.12484924,0.8751508,0.0,0.0,0.0,0.0,0.0,0.0,0.0
2,1,0.12484924,0.8751508,0.0,0.0,0.0,0.0,0.0,0.0,0.0
2,1,0.12484924,0.8751508,0.0,0.0,0.0,0.0,0.0,0.0,0.0
2,1,0.12484924,0.8751508,0.0,0.0,0.0,0.0,0.0,0.0,0.0
2,1,0.12484924,0.8751508,0.0,0.0,0.0,0.0,0.0,0.0,0.0
2,1,0.12484924,0.8751508,0.0,0.0,0.0,0.0,0.0,0.0,0.0
2,1,0.12484924,0.8751508,0.0,0.0,0.0,0.0,0.0,0.0,0.0
2,1,0.12484924,0.8751508,0.0,0.0,0.0,0.0,0.0,0.0,0.0
2,1,0.12484924,0.8751508,0.0,0.0,0.0,0.0,0.0,0.0,0.0
2,1,0.12484924,0.8751508,0.0,0.0,0.0,0.0,0.0,0.0,0.0
2,1,0.12484924,0.8751508,0.0,0.0,0.0,0.0,0.0,0.0,0.0
2,1,0.12484924,0.8751508,0.0,0.0,0.0,0.0,0.0,0.0,0.0
2,1,0.12484924,0.8751508,0.0,0.0,0.0,0.0,0.0,0.0,0.0
2,1,0.12484924,0.8751508,0.0,0.0,0.0,0.0,0.0,0.0,0.0
2,1,0.12484924,0.8751508,0.0,0.0,0.0,0.0,0.0,0.0,0.0
2,1,0.12484924,0.8751508,0.0,0.0,0.0,0.0,0.0,0.0,0.0
2,1,0.12484924,0.8751508,0.0,0.0,0.0,0.0,0.0,0.0,0.0
2,1,0.12484924,0.8751508,0.0,0.0,0.0,0.0,0.0,0.0,0.0
2,1,0.12484924,0.8751508,0.0,0.0,0.0,0.0,0.0,0.0,0.0
2,1,0.12484924,0.8751508,0.0,0.0,0.0,0.0,0.0,0.0,0.0
2,1,0.12484924,0.8751508,0.0,0.0,0.0,0.0,0.0,0.0,0.0
2,1,0.12484924,0.8751508,0.0,0.0,0.0,0.0,0.0,0.0,0.0
2,1,0.12484924,0.8751508,0.0,0.0,0.0,0.0,0.0,0.0,0.0
2,1,0.12484924,0.8751508,0.0,0.0,0.0,0.0,0.0,0.0,0.0
2,1,0.12484924,0.8751508,0.0,0.0,0.0,0.0,0.0,0.0,0.0
2,1,0.12484924,0.8751508,0.0,0.0,0.0,0.0,0.0,0.0,0.0
2,1,0.12484924,0.8751508,0.0,0.0,0.0,0.0,0.0,0.0,0.0
2,1,0.12484924,0.8751508,0.0,0.0,0.0,0.0,0.0,0.0,0.0
2,1,0.12484924,0.8751508,0.0,0.0,0.0,0.0,0.0,0.0,0.0
2,1,0.12484924,0.8751508,0.0,0.0,0.0,0.0,0.0,0.0,0.0
2,1,0.12484924,0.8751508,0.0,0.0,0.0,0.0,0.0,0.0,0.0
2,1,0.12484924,0.8751508,0.0,0.0,0.0,0.0,0.0,0.0,0.0
2,1,0.12484924,0.8751508,0.0,0.0,0.0,0.0,0.0,0.0,0.0
2,1,0.12484924,0.8751508,0.0,0.0,0.0,0.0,0.0,0.0,0.0
2,1,0.12484924,0.8751508,0.0,0.0,0.0,0.0,0.0,0.0,0.0
2,1,0.12484924,0.8751508,0.0,0.0,0.0,0.0,0.0,0.0,0.0
2,1,0.12484924,0.8751508,0.0,0.0,0.0,0.0,0.0,0.0,0.0
2,1,0.12484924,0.8751508,0.0,0.0,0.0,0.0,0.0,0.0,0.0
2,1,0.12484924,0.8751508,0.0,0.0,0.0,0.0,0.0,0.0,0.0
2,1,0.12484924,0.8751508,0.0,0.0,0.0,0.0,0.0,0.0,0.0
2,1,0.12484924,0.8751508,0.0,0.0,0.0,0.0,0.0,0.0,0.0
2,1,0.12484924,0.8751508,0.0,0.0,0.0,0.0,0.0,0.0,0.0
2,1,0.12484924,0.8751508,0.0,0.0,0.0,0.0,0.0,0.0,0.0
2,1,0.12484924,0.8751508,0.0,0.0,0.0,0.0,0.0,0.0,0.0
2,1,0.12484924,0.8751508,0.0,0.0,0.0,0.0,0.0,0.0,0.0
2,1,0.12484924,0.8751508,0.0,0.0,0.0,0.0,0.0,0.0,0.0
2,1,0.12484924,0.8751508,0.0,0.0,0.0,0.0,0.0,0.0,0.0
2,1,0.12484924,0.8751508,0.0,0.0,0.0,0.0,0.0,0.0,0.0
2,1,0.12484924,0.8751508,0.0,0.0,0.0,0.0,0.0,0.0,0.0
2,1,0.12484924,0.8751508,0.0,0.0,0.0,0.0,0.0,0.0,0.0
2,1,0.12484924,0.8751508,0.0,0.0,0.0,0.0,0.0,0.0,0.0
2,1,0.12484924,0.8751508,0.0,0.0,0.0,0.0,0.0,0.0,0.0
2,1,0.12484924,0.8751508,0.0,0.0,0.0,0.0,0.0,0.0,0.0
2,1,0.12484924,0.8751508,0.0,0.0,0.0,0.0,0.0,0.0,0.0
2,1,0.12484924,0.8751508,0.0,0.0,0.0,0.0,0.0,0.0,0.0
2,1,0.12484924,0.8751508,0.0,0.0,0.0,0.0,0.0,0.0,0.0
2,1,0.12484924,0.8751508,0.0,0.0,0.0,0.0,0.0,0.0,0.0
2,1,0.12484924,0.8751508,0.0,0.0,0.0,0.0,0.0,0.0,0.0
2,1,0.12484924,0.8751508,0.0,0.0,0.0,0.0,0.0,0.0,0.0
2,1,0.12484924,0.8751508,0.0,0.0,0.0,0.0,0.0,0.0,0.0
2,1,0.12484924,0.8751508,0.0,0.0,0.0,0.0,0.0,0.0,0.0
2,1,0.12484924,0.8751508,0.0,0.0,0.0,0.0,0.0,0.0,0.0
2,1,0.12484924,0.8751508,0.0,0.0,0.0,0.0,0.0,0.0,0.0
2,1,0.12484924,0.8751508,0.0,0.0,0.0,0.0,0.0,0.0,0.0
2,1,0.12484924,0.8751508,0.0,0.0,0.0,0.0,0.0,0.0,0.0
2,1,0.12484924,0.8751508,0.0,0.0,0.0,0.0,0.0,0.0,0.0
2,1,0.12484924,0.8751508,0.0,0.0,0.0,0.0,0.0,0.0,0.0
2,1,0.12484924,0.8751508,0.0,0.0,0.0,0.0,0.0,0.0,0.0
2,1,0.12484924,0.8751508,0.0,0.0,0.0,0.0,0.0,0.0,0.0
2,1,0.12484924,0.8751508,0.0,0.0,0.0,0.0,0.0,0.0,0.0
2,1,0.12484924,0.8751508,0.0,0.0,0.0,0.0,0.0,0.0,0.0
2,1,0.12484924,0.8751508,0.0,0.0,0.0,0.0,0.0,0.0,0.0
2,1,0.12484924,0.8751508,0.0,0.0,0.0,0.0,0.0,0.0,0.0
2,1,0.12484924,0.8751508,0.0,0.0,0.0,0.0,0.0,0.0,0.0
2,1,0.12484924,0.8751508,0.0,0.0,0.0,0.0,0.0,0.0,0.0
2,1,0.12484924,0.8751508,0.0,0.0,0.0,0.0,0.0,0.0,0.0
2,1,0.12484924,0.8751508,0.0,0.0,0.0,0.0,0.0,0.0,0.0
2,1,0.12484924,0.8751508,0.0,0.0,0.0,0.0,0.0,0.0,0.0
2,1,0.12484924,0.8751508,0.0,0.0,0.0,0.0,0.0,0.0,0.0
2,1,0.12484924,0.8751508,0.0,0.0,0.0,0.0,0.0,0.0,0.0
2,1,0.12484924,0.8751508,0.0,0.0,0.0,0.0,0.0,0.0,0.0
2,1,0.12484924,0.8751508,0.0,0.0,0.0,0.0,0.0,0.0,0.0
2,1,0.12484924,0.8751508,0.0,0.0,0.0,0.0,0.0,0.0,0.0
2,1,0.12484924,0.8751508,0.0,0.0,0.0,0.0,0.0,0.0,0.0
2,1,0.12484924,0.8751508,0.0,0.0,0.0,0.0,0.0,0.0,0.0
2,1,0.12484924,0.8751508,0.0,0.0,0.0,0.0,0.0,0.0,0.0
2,1,0.12484924,0.8751508,0.0,0.0,0.0,0.0,0.0,0.0,0.0
2,1,0.12484924,0.8751508,0.0,0.0,0.0,0.0,0.0,0.0,0.0
2,1,0.12484924,0.8751508,0.0,0.0,0.0,0.0,0.0,0.0,0.0
2,1,0.12484924,0.8751508,0.0,0.0,0.0,0.0,0.0,0.0,0.0
2,1,0.12484924,0.8751508,0.0,0.0,0.0,0.0,0.0,0.0,0.0
2,1,0.12484924,0.8751508,0.0,0.0,0.0,0.0,0.0,0.0,0.0
2,1,0.12484924,0.8751508,0.0,0.0,0.0,0.0,0.0,0.0,0.0
2,1,0.12484924,0.8751508,0.0,0.0,0.0,0.0,0.0,0.0,0.0
2,1,0.12484924,0.8751508,0.0,0.0,0.0,0.0,0.0,0.0,0.0
2,1,0.12484924,0.8751508,0.0,0.0,0.0,0.0,0.0,0.0,0.0
2,1,0.12484924,0.8751508,0.0,0.0,0.0,0.0,0.0,0.0,0.0
2,1,0.12484924,0.8751508,0.0,0.0,0.0,0.0,0.0,0.0,0.0
2,1,0.12484924,0.8751508,0.0,0.0,0.0,0.0,0.0,0.0,0.0
2,1,0.12484924,0.8751508,0.0,0.0,0.0,0.0,0.0,0.0,0.0
2,1,0.12484924,0.8751508,0.0,0.0,0.0,0.0,0.0,0.0,0.0
2,1,0.12484924,0.8751508,0.0,0.0,0.0,0.0,0.0,0.0,0.0
2,1,0.12484924,0.8751508,0.0,0.0,0.0,0.0,0.0,0.0,0.0
2,1,0.12484924,0.8751508,0.0,0.0,0.0,0.0,0.0,0.0,0.0
2,1,0.12484924,0.8751508,0.0,0.0,0.0,0.0,0.0,0.0,0.0
2,1,0.12484924,0.8751508,0.0,0.0,0.0,0.0,0.0,0.0,0.0
2,1,0.12484924,0.8751508,0.0,0.0,0.0,0.0,0.0,0.0,0.0
2,1,0.12484924,0.8751508,0.0,0.0,0.0,0.0,0.0,0.0,0.0
2,1,0.12484924,0.8751508,0.0,0.0,0.0,0.0,0.0,0.0,0.0
2,1,0.12484924,0.8751508,0.0,0.0,0.0,0.0,0.0,0.0,0.0
2,1,0.12484924,0.8751508,0.0,0.0,0.0,0.0,0.0,0.0,0.0
2,1,0.12484924,0.8751508,0.0,0.0,0.0,0.0,0.0,0.0,0.0
2,1,0.12484924,0.8751508,0.0,0.0,0.0,0.0,0.0,0.0,0.0
2,1,0.12484924,0.8751508,0.0,0.0,0.0,0.0,0.0,0.0,0.0
2,1,0.12484924,0.8751508,0.0,0.0,0.0,0.0,0.0,0.0,0.0
2,1,0.12484924,0.8751508,0.0,0.0,0.0,0.0,0.0,0.0,0.0
2,1,0.12484924,0.8751508,0.0,0.0,0.0,0.0,0.0,0.0,0.0
2,1,0.12484924,0.8751508,0.0,0.0,0.0,0.0,0.0,0.0,0.0
2,1,0.12484924,0.8751508,0.0,0.0,0.0,0.0,0.0,0.0,0.0
2,1,0.12484924,0.8751508,0.0,0.0,0.0,0.0,0.0,0.0,0.0
2,1,0.12484924,0.8751508,0.0,0.0,0.0,0.0,0.0,0.0,0.0
2,1,0.12484924,0.8751508,0.0,0.0,0.0,0.0,0.0,0.0,0.0
2,1,0.12484924,0.8751508,0.0,0.0,0.0,0.0,0.0,0.0,0.0
2,1,0.12484924,0.8751508,0.0,0.0,0.0,0.0,0.0,0.0,0.0
2,1,0.12484924,0.8751508,0.0,0.0,0.0,0.0,0.0,0.0,0.0
2,1,0.12484924,0.8751508,0.0,0.0,0.0,0.0,0.0,0.0,0.0
2,1,0.12484924,0.8751508,0.0,0.0,0.0,0.0,0.0,0.0,0.0
2,1,0.12484924,0.8751508,0.0,0.0,0.0,0.0,0.0,0.0,0.0
2,1,0.12484924,0.8751508,0.0,0.0,0.0,0.0,0.0,0.0,0.0
2,1,0.12484924,0.8751508,0.0,0.0,0.0,0.0,0.0,0.0,0.0
2,1,0.12484924,0.8751508,0.0,0.0,0.0,0.0,0.0,0.0,0.0
2,1,0.12484924,0.8751508,0.0,0.0,0.0,0.0,0.0,0.0,0.0
2,1,0.12484924,0.8751508,0.0,0.0,0.0,0.0,0.0,0.0,0.0
2,1,0.12484924,0.8751508,0.0,0.0,0.0,0.0,0.0,0.0,0.0
2,1,0.12484924,0.8751508,0.0,0.0,0.0,0.0,0.0,0.0,0.0
2,1,0.12484924,0.8751508,0.0,0.0,0.0,0.0,0.0,0.0,0.0
2,1,0.12484924,0.8751508,0.0,0.0,0.0,0.0,0.0,0.0,0.0
2,1,0.12484924,0.8751508,0.0,0.0,0.0,0.0,0.0,0.0,0.0
2,1,0.12484924,0.8751508,0.0,0.0,0.0,0.0,0.0,0.0,0.0
2,1,0.12484924,0.8751508,0.0,0.0,0.0,0.0,0.0,0.0,0.0
2,1,0.12484924,0.8751508,0.0,0.0,0.0,0.0,0.0,0.0,0.0
2,1,0.12484924,0.8751508,0.0,0.0,0.0,0.0,0.0,0.0,0.0
2,1,0.12484924,0.8751508,0.0,0.0,0.0,0.0,0.0,0.0,0.0
2,1,0.12484924,0.8751508,0.0,0.0,0.0,0.0,0.0,0.0,0.0
2,1,0.12484924,0.8751508,0.0,0.0,0.0,0.0,0.0,0.0,0.0
2,1,0.12484924,0.8751508,0.0,0.0,0.0,0.0,0.0,0.0,0.0
2,1,0.12484924,0.8751508,0.0,0.0,0.0,0.0,0.0,0.0,0.0
2,1,0.12484924,0.8751508,0.0,0.0,0.0,0.0,0.0,0.0,0.0
2,1,0.12484924,0.8751508,0.0,0.0,0.0,0.0,0.0,0.0,0.0
2,1,0.12484924,0.8751508,0.0,0.0,0.0,0.0,0.0,0.0,0.0
2,1,0.12484924,0.8751508,0.0,0.0,0.0,0.0,0.0,0.0,0.0
2,1,0.12484924,0.8751508,0.0,0.0,0.0,0.0,0.0,0.0,0.0
2,1,0.12484924,0.8751508,0.0,0.0,0.0,0.0,0.0,0.0,0.0
2,1,0.12484924,0.8751508,0.0,0.0,0.0,0.0,0.0,0.0,0.0
2,1,0.12484924,0.8751508,0.0,0.0,0.0,0.0,0.0,0.0,0.0
2,1,0.12484924,0.8751508,0.0,0.0,0.0,0.0,0.0,0.0,0.0
2,1,0.12484924,0.8751508,0.0,0.0,0.0,0.0,0.0,0.0,0.0
2,1,0.12484924,0.8751508,0.0,0.0,0.0,0.0,0.0,0.0,0.0
2,1,0.12484924,0.8751508,0.0,0.0,0.0,0.0,0.0,0.0,0.0
2,1,0.12484924,0.8751508,0.0,0.0,0.0,0.0,0.0,0.0,0.0
2,1,0.12484924,0.8751508,0.0,0.0,0.0,0.0,0.0,0.0,0.0
2,1,0.12484924,0.8751508,0.0,0.0,0.0,0.0,0.0,0.0,0.0
2,1,0.12484924,0.8751508,0.0,0.0,0.0,0.0,0.0,0.0,0.0
2,1,0.12484924,0.8751508,0.0,0.0,0.0,0.0,0.0,0.0,0.0
2,1,0.12484924,0.8751508,0.0,0.0,0.0,0.0,0.0,0.0,0.0
2,1,0.12484924,0.8751508,0.0,0.0,0.0,0.0,0.0,0.0,0.0
2,1,0.12484924,0.8751508,0.0,0.0,0.0,0.0,0.0,0.0,0.0
2,1,0.12484924,0.8751508,0.0,0.0,0.0,0.0,0.0,0.0,0.0
2,1,0.12484924,0.8751508,0.0,0.0,0.0,0.0,0.0,0.0,0.0
2,1,0.12484924,0.8751508,0.0,0.0,0.0,0.0,0.0,0.0,0.0
2,1,0.12484924,0.8751508,0.0,0.0,0.0,0.0,0.0,0.0,0.0
2,1,0.12484924,0.8751508,0.0,0.0,0.0,0.0,0.0,0.0,0.0
2,1,0.12484924,0.8751508,0.0,0.0,0.0,0.0,0.0,0.0,0.0
2,1,0.12484924,0.8751508,0.0,0.0,0.0,0.0,0.0,0.0,0.0
2,1,0.12484924,0.8751508,0.0,0.0,0.0,0.0,0.0,0.0,0.0
2,1,0.12484924,0.8751508,0.0,0.0,0.0,0.0,0.0,0.0,0.0
2,1,0.12484924,0.8751508,0.0,0.0,0.0,0.0,0.0,0.0,0.0
2,1,0.12484924,0.8751508,0.0,0.0,0.0,0.0,0.0,0.0,0.0
2,1,0.12484924,0.8751508,0.0,0.0,0.0,0.0,0.0,0.0,0.0
2,1,0.12484924,0.8751508,0.0,0.0,0.0,0.0,0.0,0.0,0.0
2,1,0.12484924,0.8751508,0.0,0.0,0.0,0.0,0.0,0.0,0.0
2,1,0.12484924,0.8751508,0.0,0.0,0.0,0.0,0.0,0.0,0.0
2,1,0.12484924,0.8751508,0.0,0.0,0.0,0.0,0.0,0.0,0.0
2,1,0.12484924,0.8751508,0.0,0.0,0.0,0.0,0.0,0.0,0.0
2,1,0.12484924,0.8751508,0.0,0.0,0.0,0.0,0.0,0.0,0.0
2,1,0.12484924,0.8751508,0.0,0.0,0.0,0.0,0.0,0.0,0.0
2,1,0.12484924,0.8751508,0.0,0.0,0.0,0.0,0.0,0.0,0.0
2,1,0.12484924,0.8751508,0.0,0.0,0.0,0.0,0.0,0.0,0.0
2,1,0.12484924,0.8751508,0.0,0.0,0.0,0.0,0.0,0.0,0.0
2,1,0.12484924,0.8751508,0.0,0.0,0.0,0.0,0.0,0.0,0.0
2,1,0.12484924,0.8751508,0.0,0.0,0.0,0.0,0.0,0.0,0.0
2,1,0.12484924,0.8751508,0.0,0.0,0.0,0.0,0.0,0.0,0.0
2,1,0.12484924,0.8751508,0.0,0.0,0.0,0.0,0.0,0.0,0.0
2,1,0.12484924,0.8751508,0.0,0.0,0.0,0.0,0.0,0.0,0.0
2,1,0.12484924,0.8751508,0.0,0.0,0.0,0.0,0.0,0.0,0.0
2,1,0.12484924,0.8751508,0.0,0.0,0.0,0.0,0.0,0.0,0.0
2,1,0.12484924,0.8751508,0.0,0.0,0.0,0.0,0.0,0.0,0.0
2,1,0.12484924,0.8751508,0.0,0.0,0.0,0.0,0.0,0.0,0.0
2,1,0.12484924,0.8751508,0.0,0.0,0.0,0.0,0.0,0.0,0.0
2,1,0.12484924,0.8751508,0.0,0.0,0.0,0.0,0.0,0.0,0.0
2,1,0.12484924,0.8751508,0.0,0.0,0.0,0.0,0.0,0.0,0.0
2,1,0.12484924,0.8751508,0.0,0.0,0.0,0.0,0.0,0.0,0.0
2,1,0.12484924,0.8751508,0.0,0.0,0.0,0.0,0.0,0.0,0.0
2,1,0.12484924,0.8751508,0.0,0.0,0.0,0.0,0.0,0.0,0.0
2,1,0.12484924,0.8751508,0.0,0.0,0.0,0.0,0.0,0.0,0.0
2,1,0.12484924,0.8751508,0.0,0.0,0.0,0.0,0.0,0.0,0.0
2,1,0.12484924,0.8751508,0.0,0.0,0.0,0.0,0.0,0.0,0.0
2,1,0.12484924,0.8751508,0.0,0.0,0.0,0.0,0.0,0.0,0.0
2,1,0.12484924,0.8751508,0.0,0.0,0.0,0.0,0.0,0.0,0.0
2,1,0.12484924,0.8751508,0.0,0.0,0.0,0.0,0.0,0.0,0.0
2,1,0.12484924,0.8751508,0.0,0.0,0.0,0.0,0.0,0.0,0.0
2,1,0.12484924,0.8751508,0.0,0.0,0.0,0.0,0.0,0.0,0.0
2,1,0.12484924,0.8751508,0.0,0.0,0.0,0.0,0.0,0.0,0.0
2,1,0.12484924,0.8751508,0.0,0.0,0.0,0.0,0.0,0.0,0.0
2,1,0.12484924,0.8751508,0.0,0.0,0.0,0.0,0.0,0.0,0.0
2,1,0.12484924,0.8751508,0.0,0.0,0.0,0.0,0.0,0.0,0.0
2,1,0.12484924,0.8751508,0.0,0.0,0.0,0.0,0.0,0.0,0.0
2,1,0.12484924,0.8751508,0.0,0.0,0.0,0.0,0.0,0.0,0.0
2,1,0.12484924,0.8751508,0.0,0.0,0.0,0.0,0.0,0.0,0.0
2,1,0.12484924,0.8751508,0.0,0.0,0.0,0.0,0.0,0.0,0.0
2,1,0.12484924,0.8751508,0.0,0.0,0.0,0.0,0.0,0.0,0.0
2,1,0.12484924,0.8751508,0.0,0.0,0.0,0.0,0.0,0.0,0.0
2,1,0.12484924,0.8751508,0.0,0.0,0.0,0.0,0.0,0.0,0.0
2,1,0.12484924,0.8751508,0.0,0.0,0.0,0.0,0.0,0.0,0.0
2,1,0.12484924,0.8751508,0.0,0.0,0.0,0.0,0.0,0.0,0.0
2,1,0.12484924,0.8751508,0.0,0.0,0.0,0.0,0.0,0.0,0.0
2,1,0.12484924,0.8751508,0.0,0.0,0.0,0.0,0.0,0.0,0.0
2,1,0.12484924,0.8751508,0.0,0.0,0.0,0.0,0.0,0.0,0.0
2,1,0.12484924,0.8751508,0.0,0.0,0.0,0.0,0.0,0.0,0.0
2,1,0.12484924,0.8751508,0.0,0.0,0.0,0.0,0.0,0.0,0.0
2,1,0.12484924,0.8751508,0.0,0.0,0.0,0.0,0.0,0.0,0.0
2,1,0.12484924,0.8751508,0.0,0.0,0.0,0.0,0.0,0.0,0.0
2,1,0.19841166,0.80158836,0.0,0.0,0.0,0.0,0.0,0.0,0.0
2,1,0.19841166,0.80158836,0.0,0.0,0.0,0.0,0.0,0.0,0.0
2,1,0.19841166,0.80158836,0.0,0.0,0.0,0.0,0.0,0.0,0.0
2,1,0.19841166,0.80158836,0.0,0.0,0.0,0.0,0.0,0.0,0.0
2,1,0.19841166,0.80158836,0.0,0.0,0.0,0.0,0.0,0.0,0.0
2,1,0.19841166,0.80158836,0.0,0.0,0.0,0.0,0.0,0.0,0.0
2,1,0.19841166,0.80158836,0.0,0.0,0.0,0.0,0.0,0.0,0.0
2,1,0.19841166,0.80158836,0.0,0.0,0.0,0.0,0.0,0.0,0.0
2,1,0.19841166,0.80158836,0.0,0.0,0.0,0.0,0.0,0.0,0.0
2,1,0.19841166,0.80158836,0.0,0.0,0.0,0.0,0.0,0.0,0.0
2,1,0.19841166,0.80158836,0.0,0.0,0.0,0.0,0.0,0.0,0.0
2,1,0.19841166,0.80158836,0.0,0.0,0.0,0.0,0.0,0.0,0.0
2,1,0.19841166,0.80158836,0.0,0.0,0.0,0.0,0.0,0.0,0.0
2,1,0.19841166,0.80158836,0.0,0.0,0.0,0.0,0.0,0.0,0.0
2,1,0.19841166,0.80158836,0.0,0.0,0.0,0.0,0.0,0.0,0.0
2,1,0.19841166,0.80158836,0.0,0.0,0.0,0.0,0.0,0.0,0.0
2,1,0.19841166,0.80158836,0.0,0.0,0.0,0.0,0.0,0.0,0.0
2,1,0.19841166,0.80158836,0.0,0.0,0.0,0.0,0.0,0.0,0.0
2,1,0.19841166,0.80158836,0.0,0.0,0.0,0.0,0.0,0.0,0.0
2,1,0.19841166,0.80158836,0.0,0.0,0.0,0.0,0.0,0.0,0.0
2,1,0.19841166,0.80158836,0.0,0.0,0.0,0.0,0.0,0.0,0.0
2,1,0.19841166,0.80158836,0.0,0.0,0.0,0.0,0.0,0.0,0.0
2,1,0.19841166,0.80158836,0.0,0.0,0.0,0.0,0.0,0.0,0.0
2,1,0.19841166,0.80158836,0.0,0.0,0.0,0.0,0.0,0.0,0.0
2,1,0.19841166,0.80158836,0.0,0.0,0.0,0.0,0.0,0.0,0.0
2,1,0.19841166,0.80158836,0.0,0.0,0.0,0.0,0.0,0.0,0.0
2,1,0.19841166,0.80158836,0.0,0.0,0.0,0.0,0.0,0.0,0.0
2,1,0.19841166,0.80158836,0.0,0.0,0.0,0.0,0.0,0.0,0.0
2,1,0.19841166,0.80158836,0.0,0.0,0.0,0.0,0.0,0.0,0.0
2,1,0.19841166,0.80158836,0.0,0.0,0.0,0.0,0.0,0.0,0.0
2,1,0.19841166,0.80158836,0.0,0.0,0.0,0.0,0.0,0.0,0.0
2,1,0.19841166,0.80158836,0.0,0.0,0.0,0.0,0.0,0.0,0.0
2,1,0.19841166,0.80158836,0.0,0.0,0.0,0.0,0.0,0.0,0.0
2,1,0.19841166,0.80158836,0.0,0.0,0.0,0.0,0.0,0.0,0.0
2,1,0.19841166,0.80158836,0.0,0.0,0.0,0.0,0.0,0.0,0.0
2,1,0.19841166,0.80158836,0.0,0.0,0.0,0.0,0.0,0.0,0.0
2,1,0.19841166,0.80158836,0.0,0.0,0.0,0.0,0.0,0.0,0.0
2,1,0.19841166,0.80158836,0.0,0.0,0.0,0.0,0.0,0.0,0.0
2,1,0.19841166,0.80158836,0.0,0.0,0.0,0.0,0.0,0.0,0.0
2,1,0.19841166,0.80158836,0.0,0.0,0.0,0.0,0.0,0.0,0.0
2,1,0.19841166,0.80158836,0.0,0.0,0.0,0.0,0.0,0.0,0.0
2,1,0.19841166,0.80158836,0.0,0.0,0.0,0.0,0.0,0.0,0.0
2,1,0.19841166,0.80158836,0.0,0.0,0.0,0.0,0.0,0.0,0.0
2,1,0.19841166,0.80158836,0.0,0.0,0.0,0.0,0.0,0.0,0.0
2,1,0.19841166,0.80158836,0.0,0.0,0.0,0.0,0.0,0.0,0.0
2,1,0.19841166,0.80158836,0.0,0.0,0.0,0.0,0.0,0.0,0.0
2,1,0.19841166,0.80158836,0.0,0.0,0.0,0.0,0.0,0.0,0.0
2,1,0.19841166,0.80158836,0.0,0.0,0.0,0.0,0.0,0.0,0.0
2,1,0.19841166,0.80158836,0.0,0.0,0.0,0.0,0.0,0.0,0.0
2,1,0.19841166,0.80158836,0.0,0.0,0.0,0.0,0.0,0.0,0.0
2,1,0.19841166,0.80158836,0.0,0.0,0.0,0.0,0.0,0.0,0.0
2,1,0.19841166,0.80158836,0.0,0.0,0.0,0.0,0.0,0.0,0.0
2,1,0.19841166,0.80158836,0.0,0.0,0.0,0.0,0.0,0.0,0.0
2,1,0.19841166,0.80158836,0.0,0.0,0.0,0.0,0.0,0.0,0.0
2,1,0.19841166,0.80158836,0.0,0.0,0.0,0.0,0.0,0.0,0.0
2,1,0.19841166,0.80158836,0.0,0.0,0.0,0.0,0.0,0.0,0.0
2,1,0.19841166,0.80158836,0.0,0.0,0.0,0.0,0.0,0.0,0.0
2,1,0.19841166,0.80158836,0.0,0.0,0.0,0.0,0.0,0.0,0.0
2,1,0.19841166,0.80158836,0.0,0.0,0.0,0.0,0.0,0.0,0.0
2,1,0.19841166,0.80158836,0.0,0.0,0.0,0.0,0.0,0.0,0.0
2,1,0.19841166,0.80158836,0.0,0.0,0.0,0.0,0.0,0.0,0.0
2,1,0.19841166,0.80158836,0.0,0.0,0.0,0.0,0.0,0.0,0.0
2,1,0.19841166,0.80158836,0.0,0.0,0.0,0.0,0.0,0.0,0.0
2,1,0.19841166,0.80158836,0.0,0.0,0.0,0.0,0.0,0.0,0.0
2,1,0.19841166,0.80158836,0.0,0.0,0.0,0.0,0.0,0.0,0.0
2,1,0.19841166,0.80158836,0.0,0.0,0.0,0.0,0.0,0.0,0.0
2,1,0.19841166,0.80158836,0.0,0.0,0.0,0.0,0.0,0.0,0.0
2,1,0.19841166,0.80158836,0.0,0.0,0.0,0.0,0.0,0.0,0.0
2,1,0.19841166,0.80158836,0.0,0.0,0.0,0.0,0.0,0.0,0.0
2,1,0.19841166,0.80158836,0.0,0.0,0.0,0.0,0.0,0.0,0.0
2,1,0.19841166,0.80158836,0.0,0.0,0.0,0.0,0.0,0.0,0.0
2,1,0.19841166,0.80158836,0.0,0.0,0.0,0.0,0.0,0.0,0.0
2,1,0.19841166,0.80158836,0.0,0.0,0.0,0.0,0.0,0.0,0.0
2,1,0.19841166,0.80158836,0.0,0.0,0.0,0.0,0.0,0.0,0.0
2,1,0.19841166,0.80158836,0.0,0.0,0.0,0.0,0.0,0.0,0.0
2,1,0.19841166,0.80158836,0.0,0.0,0.0,0.0,0.0,0.0,0.0
2,1,0.19841166,0.80158836,0.0,0.0,0.0,0.0,0.0,0.0,0.0
2,1,0.19841166,0.80158836,0.0,0.0,0.0,0.0,0.0,0.0,0.0
2,1,0.19841166,0.80158836,0.0,0.0,0.0,0.0,0.0,0.0,0.0
2,1,0.19841166,0.80158836,0.0,0.0,0.0,0.0,0.0,0.0,0.0
2,1,0.19841166,0.80158836,0.0,0.0,0.0,0.0,0.0,0.0,0.0
2,1,0.19841166,0.80158836,0.0,0.0,0.0,0.0,0.0,0.0,0.0
2,1,0.19841166,0.80158836,0.0,0.0,0.0,0.0,0.0,0.0,0.0
2,1,0.19841166,0.80158836,0.0,0.0,0.0,0.0,0.0,0.0,0.0
2,1,0.19841166,0.80158836,0.0,0.0,0.0,0.0,0.0,0.0,0.0
2,1,0.19841166,0.80158836,0.0,0.0,0.0,0.0,0.0,0.0,0.0
2,1,0.19841166,0.80158836,0.0,0.0,0.0,0.0,0.0,0.0,0.0
2,1,0.19841166,0.80158836,0.0,0.0,0.0,0.0,0.0,0.0,0.0
2,1,0.19841166,0.80158836,0.0,0.0,0.0,0.0,0.0,0.0,0.0
2,1,0.19841166,0.80158836,0.0,0.0,0.0,0.0,0.0,0.0,0.0
2,1,0.19841166,0.80158836,0.0,0.0,0.0,0.0,0.0,0.0,0.0
2,1,0.19841166,0.80158836,0.0,0.0,0.0,0.0,0.0,0.0,0.0
2,1,0.19841166,0.80158836,0.0,0.0,0.0,0.0,0.0,0.0,0.0
2,1,0.19841166,0.80158836,0.0,0.0,0.0,0.0,0.0,0.0,0.0
2,1,0.19841166,0.80158836,0.0,0.0,0.0,0.0,0.0,0.0,0.0
2,1,0.19841166,0.80158836,0.0,0.0,0.0,0.0,0.0,0.0,0.0
2,1,0.19841166,0.80158836,0.0,0.0,0.0,0.0,0.0,0.0,0.0
2,1,0.19841166,0.80158836,0.0,0.0,0.0,0.0,0.0,0.0,0.0
2,1,0.19841166,0.80158836,0.0,0.0,0.0,0.0,0.0,0.0,0.0
2,1,0.19841166,0.80158836,0.0,0.0,0.0,0.0,0.0,0.0,0.0
2,1,0.19841166,0.80158836,0.0,0.0,0.0,0.0,0.0,0.0,0.0
2,1,0.19841166,0.80158836,0.0,0.0,0.0,0.0,0.0,0.0,0.0
2,1,0.19841166,0.80158836,0.0,0.0,0.0,0.0,0.0,0.0,0.0
2,1,0.19841166,0.80158836,0.0,0.0,0.0,0.0,0.0,0.0,0.0
2,1,0.19841166,0.80158836,0.0,0.0,0.0,0.0,0.0,0.0,0.0
2,1,0.19841166,0.80158836,0.0,0.0,0.0,0.0,0.0,0.0,0.0
2,1,0.19841166,0.80158836,0.0,0.0,0.0,0.0,0.0,0.0,0.0
2,1,0.19841166,0.80158836,0.0,0.0,0.0,0.0,0.0,0.0,0.0
2,1,0.19841166,0.80158836,0.0,0.0,0.0,0.0,0.0,0.0,0.0
2,1,0.19841166,0.80158836,0.0,0.0,0.0,0.0,0.0,0.0,0.0
2,1,0.19841166,0.80158836,0.0,0.0,0.0,0.0,0.0,0.0,0.0
2,1,0.19841166,0.80158836,0.0,0.0,0.0,0.0,0.0,0.0,0.0
2,1,0.19841166,0.80158836,0.0,0.0,0.0,0.0,0.0,0.0,0.0
2,1,0.19841166,0.80158836,0.0,0.0,0.0,0.0,0.0,0.0,0.0
2,1,0.19841166,0.80158836,0.0,0.0,0.0,0.0,0.0,0.0,0.0
2,1,0.19841166,0.80158836,0.0,0.0,0.0,0.0,0.0,0.0,0.0
2,1,0.19841166,0.80158836,0.0,0.0,0.0,0.0,0.0,0.0,0.0
2,1,0.19841166,0.80158836,0.0,0.0,0.0,0.0,0.0,0.0,0.0
2,1,0.19841166,0.80158836,0.0,0.0,0.0,0.0,0.0,0.0,0.0
2,1,0.19841166,0.80158836,0.0,0.0,0.0,0.0,0.0,0.0,0.0
2,1,0.19841166,0.80158836,0.0,0.0,0.0,0.0,0.0,0.0,0.0
2,1,0.19841166,0.80158836,0.0,0.0,0.0,0.0,0.0,0.0,0.0
2,1,0.19841166,0.80158836,0.0,0.0,0.0,0.0,0.0,0.0,0.0
2,1,0.19841166,0.80158836,0.0,0.0,0.0,0.0,0.0,0.0,0.0
2,1,0.19841166,0.80158836,0.0,0.0,0.0,0.0,0.0,0.0,0.0
2,1,0.19841166,0.80158836,0.0,0.0,0.0,0.0,0.0,0.0,0.0
2,1,0.19841166,0.80158836,0.0,0.0,0.0,0.0,0.0,0.0,0.0
2,1,0.19841166,0.80158836,0.0,0.0,0.0,0.0,0.0,0.0,0.0
2,1,0.19841166,0.80158836,0.0,0.0,0.0,0.0,0.0,0.0,0.0
2,1,0.19841166,0.80158836,0.0,0.0,0.0,0.0,0.0,0.0,0.0
2,1,0.19841166,0.80158836,0.0,0.0,0.0,0.0,0.0,0.0,0.0
2,1,0.19841166,0.80158836,0.0,0.0,0.0,0.0,0.0,0.0,0.0
2,1,0.19841166,0.80158836,0.0,0.0,0.0,0.0,0.0,0.0,0.0
2,1,0.19841166,0.80158836,0.0,0.0,0.0,0.0,0.0,0.0,0.0
2,1,0.19841166,0.80158836,0.0,0.0,0.0,0.0,0.0,0.0,0.0
2,1,0.19841166,0.80158836,0.0,0.0,0.0,0.0,0.0,0.0,0.0
2,1,0.19841166,0.80158836,0.0,0.0,0.0,0.0,0.0,0.0,0.0
2,1,0.19841166,0.80158836,0.0,0.0,0.0,0.0,0.0,0.0,0.0
2,1,0.19841166,0.80158836,0.0,0.0,0.0,0.0,0.0,0.0,0.0
2,1,0.19841166,0.80158836,0.0,0.0,0.0,0.0,0.0,0.0,0.0
2,1,0.19841166,0.80158836,0.0,0.0,0.0,0.0,0.0,0.0,0.0
2,1,0.19841166,0.80158836,0.0,0.0,0.0,0.0,0.0,0.0,0.0
2,1,0.19841166,0.80158836,0.0,0.0,0.0,0.0,0.0,0.0,0.0
2,1,0.19841166,0.80158836,0.0,0.0,0.0,0.0,0.0,0.0,0.0
2,1,0.19841166,0.80158836,0.0,0.0,0.0,0.0,0.0,0.0,0.0
2,1,0.19841166,0.80158836,0.0,0.0,0.0,0.0,0.0,0.0,0.0
2,1,0.19841166,0.80158836,0.0,0.0,0.0,0.0,0.0,0.0,0.0
2,1,0.19841166,0.80158836,0.0,0.0,0.0,0.0,0.0,0.0,0.0
2,1,0.19841166,0.80158836,0.0,0.0,0.0,0.0,0.0,0.0,0.0
2,1,0.19841166,0.80158836,0.0,0.0,0.0,0.0,0.0,0.0,0.0
2,1,0.19841166,0.80158836,0.0,0.0,0.0,0.0,0.0,0.0,0.0
2,1,0.19841166,0.80158836,0.0,0.0,0.0,0.0,0.0,0.0,0.0
2,1,0.19841166,0.80158836,0.0,0.0,0.0,0.0,0.0,0.0,0.0
2,1,0.19841166,0.80158836,0.0,0.0,0.0,0.0,0.0,0.0,0.0
2,1,0.19841166,0.80158836,0.0,0.0,0.0,0.0,0.0,0.0,0.0
2,1,0.19841166,0.80158836,0.0,0.0,0.0,0.0,0.0,0.0,0.0
2,1,0.19841166,0.80158836,0.0,0.0,0.0,0.0,0.0,0.0,0.0
2,1,0.19841166,0.80158836,0.0,0.0,0.0,0.0,0.0,0.0,0.0
2,1,0.19841166,0.80158836,0.0,0.0,0.0,0.0,0.0,0.0,0.0
2,1,0.19841166,0.80158836,0.0,0.0,0.0,0.0,0.0,0.0,0.0
2,1,0.19841166,0.80158836,0.0,0.0,0.0,0.0,0.0,0.0,0.0
2,1,0.19841166,0.80158836,0.0,0.0,0.0,0.0,0.0,0.0,0.0
2,1,0.19841166,0.80158836,0.0,0.0,0.0,0.0,0.0,0.0,0.0
2,1,0.19841166,0.80158836,0.0,0.0,0.0,0.0,0.0,0.0,0.0
2,1,0.19841166,0.80158836,0.0,0.0,0.0,0.0,0.0,0.0,0.0
2,1,0.19841166,0.80158836,0.0,0.0,0.0,0.0,0.0,0.0,0.0
2,1,0.19841166,0.80158836,0.0,0.0,0.0,0.0,0.0,0.0,0.0
2,1,0.19841166,0.80158836,0.0,0.0,0.0,0.0,0.0,0.0,0.0
2,1,0.19841166,0.80158836,0.0,0.0,0.0,0.0,0.0,0.0,0.0
2,1,0.19841166,0.80158836,0.0,0.0,0.0,0.0,0.0,0.0,0.0
2,1,0.19841166,0.80158836,0.0,0.0,0.0,0.0,0.0,0.0,0.0
2,1,0.19841166,0.80158836,0.0,0.0,0.0,0.0,0.0,0.0,0.0
2,1,0.19841166,0.80158836,0.0,0.0,0.0,0.0,0.0,0.0,0.0
2,1,0.19841166,0.80158836,0.0,0.0,0.0,0.0,0.0,0.0,0.0
2,1,0.19841166,0.80158836,0.0,0.0,0.0,0.0,0.0,0.0,0.0
2,1,0.19841166,0.80158836,0.0,0.0,0.0,0.0,0.0,0.0,0.0
2,1,0.19841166,0.80158836,0.0,0.0,0.0,0.0,0.0,0.0,0.0
2,1,0.19841166,0.80158836,0.0,0.0,0.0,0.0,0.0,0.0,0.0
2,1,0.19841166,0.80158836,0.0,0.0,0.0,0.0,0.0,0.0,0.0
2,1,0.19841166,0.80158836,0.0,0.0,0.0,0.0,0.0,0.0,0.0
2,1,0.19841166,0.80158836,0.0,0.0,0.0,0.0,0.0,0.0,0.0
2,1,0.19841166,0.80158836,0.0,0.0,0.0,0.0,0.0,0.0,0.0
2,1,0.19841166,0.80158836,0.0,0.0,0.0,0.0,0.0,0.0,0.0
2,1,0.19841166,0.80158836,0.0,0.0,0.0,0.0,0.0,0.0,0.0
2,1,0.19841166,0.80158836,0.0,0.0,0.0,0.0,0.0,0.0,0.0
2,1,0.19841166,0.80158836,0.0,0.0,0.0,0.0,0.0,0.0,0.0
2,1,0.19841166,0.80158836,0.0,0.0,0.0,0.0,0.0,0.0,0.0
2,1,0.19841166,0.80158836,0.0,0.0,0.0,0.0,0.0,0.0,0.0
2,1,0.19841166,0.80158836,0.0,0.0,0.0,0.0,0.0,0.0,0.0
2,1,0.19841166,0.80158836,0.0,0.0,0.0,0.0,0.0,0.0,0.0
2,1,0.19841166,0.80158836,0.0,0.0,0.0,0.0,0.0,0.0,0.0
2,1,0.19841166,0.80158836,0.0,0.0,0.0,0.0,0.0,0.0,0.0
2,1,0.19841166,0.80158836,0.0,0.0,0.0,0.0,0.0,0.0,0.0
2,1,0.19841166,0.80158836,0.0,0.0,0.0,0.0,0.0,0.0,0.0
2,1,0.19841166,0.80158836,0.0,0.0,0.0,0.0,0.0,0.0,0.0
2,1,0.19841166,0.80158836,0.0,0.0,0.0,0.0,0.0,0.0,0.0
2,1,0.19841166,0.80158836,0.0,0.0,0.0,0.0,0.0,0.0,0.0
2,1,0.19841166,0.80158836,0.0,0.0,0.0,0.0,0.0,0.0,0.0
2,1,0.19841166,0.80158836,0.0,0.0,0.0,0.0,0.0,0.0,0.0
2,1,0.19841166,0.80158836,0.0,0.0,0.0,0.0,0.0,0.0,0.0
2,1,0.19841166,0.80158836,0.0,0.0,0.0,0.0,0.0,0.0,0.0
2,1,0.19841166,0.80158836,0.0,0.0,0.0,0.0,0.0,0.0,0.0
2,1,0.19841166,0.80158836,0.0,0.0,0.0,0.0,0.0,0.0,0.0
2,1,0.19841166,0.80158836,0.0,0.0,0.0,0.0,0.0,0.0,0.0
2,1,0.19841166,0.80158836,0.0,0.0,0.0,0.0,0.0,0.0,0.0
2,1,0.19841166,0.80158836,0.0,0.0,0.0,0.0,0.0,0.0,0.0
2,1,0.19841166,0.80158836,0.0,0.0,0.0,0.0,0.0,0.0,0.0
2,1,0.19841166,0.80158836,0.0,0.0,0.0,0.0,0.0,0.0,0.0
2,1,0.19841166,0.80158836,0.0,0.0,0.0,0.0,0.0,0.0,0.0
2,1,0.19841166,0.80158836,0.0,0.0,0.0,0.0,0.0,0.0,0.0
2,1,0.19841166,0.80158836,0.0,0.0,0.0,0.0,0.0,0.0,0.0
2,1,0.19841166,0.80158836,0.0,0.0,0.0,0.0,0.0,0.0,0.0
2,1,0.19841166,0.80158836,0.0,0.0,0.0,0.0,0.0,0.0,0.0
2,1,0.19841166,0.80158836,0.0,0.0,0.0,0.0,0.0,0.0,0.0
2,1,0.19841166,0.80158836,0.0,0.0,0.0,0.0,0.0,0.0,0.0
2,1,0.19841166,0.80158836,0.0,0.0,0.0,0.0,0.0,0.0,0.0
2,1,0.19841166,0.80158836,0.0,0.0,0.0,0.0,0.0,0.0,0.0
2,1,0.19841166,0.80158836,0.0,0.0,0.0,0.0,0.0,0.0,0.0
2,1,0.19841166,0.80158836,0.0,0.0,0.0,0.0,0.0,0.0,0.0
2,1,0.19841166,0.80158836,0.0,0.0,0.0,0.0,0.0,0.0,0.0
2,1,0.19841166,0.80158836,0.0,0.0,0.0,0.0,0.0,0.0,0.0
2,1,0.19841166,0.80158836,0.0,0.0,0.0,0.0,0.0,0.0,0.0
2,1,0.19841166,0.80158836,0.0,0.0,0.0,0.0,0.0,0.0,0.0
2,1,0.19841166,0.80158836,0.0,0.0,0.0,0.0,0.0,0.0,0.0
2,1,0.19841166,0.80158836,0.0,0.0,0.0,0.0,0.0,0.0,0.0
2,1,0.19841166,0.80158836,0.0,0.0,0.0,0.0,0.0,0.0,0.0
2,1,0.19841166,0.80158836,0.0,0.0,0.0,0.0,0.0,0.0,0.0
2,1,0.19841166,0.80158836,0.0,0.0,0.0,0.0,0.0,0.0,0.0
2,1,0.19841166,0.80158836,0.0,0.0,0.0,0.0,0.0,0.0,0.0
2,1,0.19841166,0.80158836,0.0,0.0,0.0,0.0,0.0,0.0,0.0
2,1,0.19841166,0.80158836,0.0,0.0,0.0,0.0,0.0,0.0,0.0
2,1,0.19841166,0.80158836,0.0,0.0,0.0,0.0,0.0,0.0,0.0
2,1,0.19841166,0.80158836,0.0,0.0,0.0,0.0,0.0,0.0,0.0
2,1,0.19841166,0.80158836,0.0,0.0,0.0,0.0,0.0,0.0,0.0
2,1,0.19841166,0.80158836,0.0,0.0,0.0,0.0,0.0,0.0,0.0
2,1,0.19841166,0.80158836,0.0,0.0,0.0,0.0,0.0,0.0,0.0
2,1,0.19841166,0.80158836,0.0,0.0,0.0,0.0,0.0,0.0,0.0
2,1,0.19841166,0.80158836,0.0,0.0,0.0,0.0,0.0,0.0,0.0
2,1,0.19841166,0.80158836,0.0,0.0,0.0,0.0,0.0,0.0,0.0
2,1,0.19841166,0.80158836,0.0,0.0,0.0,0.0,0.0,0.0,0.0
2,1,0.19841166,0.80158836,0.0,0.0,0.0,0.0,0.0,0.0,0.0
2,1,0.19841166,0.80158836,0.0,0.0,0.0,0.0,0.0,0.0,0.0
2,1,0.19841166,0.80158836,0.0,0.0,0.0,0.0,0.0,0.0,0.0
2,1,0.19841166,0.80158836,0.0,0.0,0.0,0.0,0.0,0.0,0.0
2,1,0.19841166,0.80158836,0.0,0.0,0.0,0.0,0.0,0.0,0.0
2,1,0.19841166,0.80158836,0.0,0.0,0.0,0.0,0.0,0.0,0.0
2,1,0.19841166,0.80158836,0.0,0.0,0.0,0.0,0.0,0.0,0.0
2,1,0.19841166,0.80158836,0.0,0.0,0.0,0.0,0.0,0.0,0.0
2,1,0.19841166,0.80158836,0.0,0.0,0.0,0.0,0.0,0.0,0.0
2,1,0.19841166,0.80158836,0.0,0.0,0.0,0.0,0.0,0.0,0.0
2,1,0.19841166,0.80158836,0.0,0.0,0.0,0.0,0.0,0.0,0.0
2,1,0.19841166,0.80158836,0.0,0.0,0.0,0.0,0.0,0.0,0.0
2,1,0.19841166,0.80158836,0.0,0.0,0.0,0.0,0.0,0.0,0.0
2,1,0.19841166,0.80158836,0.0,0.0,0.0,0.0,0.0,0.0,0.0
2,1,0.19841166,0.80158836,0.0,0.0,0.0,0.0,0.0,0.0,0.0
2,1,0.19841166,0.80158836,0.0,0.0,0.0,0.0,0.0,0.0,0.0
2,1,0.19841166,0.80158836,0.0,0.0,0.0,0.0,0.0,0.0,0.0
2,1,0.19841166,0.80158836,0.0,0.0,0.0,0.0,0.0,0.0,0.0
2,1,0.19841166,0.80158836,0.0,0.0,0.0,0.0,0.0,0.0,0.0
2,1,0.19841166,0.80158836,0.0,0.0,0.0,0.0,0.0,0.0,0.0
2,1,0.19841166,0.80158836,0.0,0.0,0.0,0.0,0.0,0.0,0.0
2,1,0.19841166,0.80158836,0.0,0.0,0.0,0.0,0.0,0.0,0.0
2,1,0.19841166,0.80158836,0.0,0.0,0.0,0.0,0.0,0.0,0.0
2,1,0.19841166,0.80158836,0.0,0.0,0.0,0.0,0.0,0.0,0.0
2,1,0.19841166,0.80158836,0.0,0.0,0.0,0.0,0.0,0.0,0.0
2,1,0.12484924,0.8751508,0.0,0.0,0.0,0.0,0.0,0.0,0.0
2,1,0.12484924,0.8751508,0.0,0.0,0.0,0.0,0.0,0.0,0.0
2,1,0.12484924,0.8751508,0.0,0.0,0.0,0.0,0.0,0.0,0.0
2,1,0.12484924,0.8751508,0.0,0.0,0.0,0.0,0.0,0.0,0.0
2,1,0.12484924,0.8751508,0.0,0.0,0.0,0.0,0.0,0.0,0.0
2,1,0.12484924,0.8751508,0.0,0.0,0.0,0.0,0.0,0.0,0.0
2,1,0.12484924,0.8751508,0.0,0.0,0.0,0.0,0.0,0.0,0.0
2,1,0.12484924,0.8751508,0.0,0.0,0.0,0.0,0.0,0.0,0.0
2,1,0.12484924,0.8751508,0.0,0.0,0.0,0.0,0.0,0.0,0.0
2,1,0.12484924,0.8751508,0.0,0.0,0.0,0.0,0.0,0.0,0.0
2,1,0.12484924,0.8751508,0.0,0.0,0.0,0.0,0.0,0.0,0.0
2,1,0.12484924,0.8751508,0.0,0.0,0.0,0.0,0.0,0.0,0.0
2,1,0.12484924,0.8751508,0.0,0.0,0.0,0.0,0.0,0.0,0.0
2,1,0.12484924,0.8751508,0.0,0.0,0.0,0.0,0.0,0.0,0.0
2,1,0.12484924,0.8751508,0.0,0.0,0.0,0.0,0.0,0.0,0.0
2,1,0.12484924,0.8751508,0.0,0.0,0.0,0.0,0.0,0.0,0.0
2,1,0.12484924,0.8751508,0.0,0.0,0.0,0.0,0.0,0.0,0.0
2,1,0.12484924,0.8751508,0.0,0.0,0.0,0.0,0.0,0.0,0.0
2,1,0.12484924,0.8751508,0.0,0.0,0.0,0.0,0.0,0.0,0.0
2,1,0.12484924,0.8751508,0.0,0.0,0.0,0.0,0.0,0.0,0.0
2,1,0.12484924,0.8751508,0.0,0.0,0.0,0.0,0.0,0.0,0.0
2,1,0.12484924,0.8751508,0.0,0.0,0.0,0.0,0.0,0.0,0.0
2,1,0.12484924,0.8751508,0.0,0.0,0.0,0.0,0.0,0.0,0.0
2,1,0.12484924,0.8751508,0.0,0.0,0.0,0.0,0.0,0.0,0.0
2,1,0.12484924,0.8751508,0.0,0.0,0.0,0.0,0.0,0.0,0.0
2,1,0.12484924,0.8751508,0.0,0.0,0.0,0.0,0.0,0.0,0.0
2,1,0.12484924,0.8751508,0.0,0.0,0.0,0.0,0.0,0.0,0.0
2,1,0.12484924,0.8751508,0.0,0.0,0.0,0.0,0.0,0.0,0.0
2,1,0.12484924,0.8751508,0.0,0.0,0.0,0.0,0.0,0.0,0.0
2,1,0.12484924,0.8751508,0.0,0.0,0.0,0.0,0.0,0.0,0.0
2,1,0.12484924,0.8751508,0.0,0.0,0.0,0.0,0.0,0.0,0.0
2,1,0.12484924,0.8751508,0.0,0.0,0.0,0.0,0.0,0.0,0.0
2,1,0.12484924,0.8751508,0.0,0.0,0.0,0.0,0.0,0.0,0.0
2,1,0.12484924,0.8751508,0.0,0.0,0.0,0.0,0.0,0.0,0.0
2,1,0.12484924,0.8751508,0.0,0.0,0.0,0.0,0.0,0.0,0.0
2,1,0.12484924,0.8751508,0.0,0.0,0.0,0.0,0.0,0.0,0.0
2,1,0.12484924,0.8751508,0.0,0.0,0.0,0.0,0.0,0.0,0.0
2,1,0.12484924,0.8751508,0.0,0.0,0.0,0.0,0.0,0.0,0.0
2,1,0.12484924,0.8751508,0.0,0.0,0.0,0.0,0.0,0.0,0.0
2,1,0.12484924,0.8751508,0.0,0.0,0.0,0.0,0.0,0.0,0.0
2,1,0.12484924,0.8751508,0.0,0.0,0.0,0.0,0.0,0.0,0.0
2,1,0.12484924,0.8751508,0.0,0.0,0.0,0.0,0.0,0.0,0.0
2,1,0.12484924,0.8751508,0.0,0.0,0.0,0.0,0.0,0.0,0.0
2,1,0.12484924,0.8751508,0.0,0.0,0.0,0.0,0.0,0.0,0.0
2,1,0.12484924,0.8751508,0.0,0.0,0.0,0.0,0.0,0.0,0.0
2,1,0.12484924,0.8751508,0.0,0.0,0.0,0.0,0.0,0.0,0.0
2,1,0.12484924,0.8751508,0.0,0.0,0.0,0.0,0.0,0.0,0.0
2,1,0.12484924,0.8751508,0.0,0.0,0.0,0.0,0.0,0.0,0.0
2,1,0.12484924,0.8751508,0.0,0.0,0.0,0.0,0.0,0.0,0.0
2,1,0.12484924,0.8751508,0.0,0.0,0.0,0.0,0.0,0.0,0.0
2,1,0.12484924,0.8751508,0.0,0.0,0.0,0.0,0.0,0.0,0.0
2,1,0.12484924,0.8751508,0.0,0.0,0.0,0.0,0.0,0.0,0.0
2,1,0.12484924,0.8751508,0.0,0.0,0.0,0.0,0.0,0.0,0.0
2,1,0.12484924,0.8751508,0.0,0.0,0.0,0.0,0.0,0.0,0.0
2,1,0.12484924,0.8751508,0.0,0.0,0.0,0.0,0.0,0.0,0.0
2,1,0.12484924,0.8751508,0.0,0.0,0.0,0.0,0.0,0.0,0.0
2,1,0.12484924,0.8751508,0.0,0.0,0.0,0.0,0.0,0.0,0.0
2,1,0.12484924,0.8751508,0.0,0.0,0.0,0.0,0.0,0.0,0.0
2,1,0.12484924,0.8751508,0.0,0.0,0.0,0.0,0.0,0.0,0.0
2,1,0.12484924,0.8751508,0.0,0.0,0.0,0.0,0.0,0.0,0.0
2,1,0.12484924,0.8751508,0.0,0.0,0.0,0.0,0.0,0.0,0.0
2,1,0.12484924,0.8751508,0.0,0.0,0.0,0.0,0.0,0.0,0.0
2,1,0.12484924,0.8751508,0.0,0.0,0.0,0.0,0.0,0.0,0.0
2,1,0.12484924,0.8751508,0.0,0.0,0.0,0.0,0.0,0.0,0.0
2,1,0.12484924,0.8751508,0.0,0.0,0.0,0.0,0.0,0.0,0.0
2,1,0.12484924,0.8751508,0.0,0.0,0.0,0.0,0.0,0.0,0.0
2,1,0.12484924,0.8751508,0.0,0.0,0.0,0.0,0.0,0.0,0.0
2,1,0.12484924,0.8751508,0.0,0.0,0.0,0.0,0.0,0.0,0.0
2,1,0.12484924,0.8751508,0.0,0.0,0.0,0.0,0.0,0.0,0.0
2,1,0.12484924,0.8751508,0.0,0.0,0.0,0.0,0.0,0.0,0.0
2,1,0.12484924,0.8751508,0.0,0.0,0.0,0.0,0.0,0.0,0.0
2,1,0.12484924,0.8751508,0.0,0.0,0.0,0.0,0.0,0.0,0.0
2,1,0.12484924,0.8751508,0.0,0.0,0.0,0.0,0.0,0.0,0.0
2,1,0.12484924,0.8751508,0.0,0.0,0.0,0.0,0.0,0.0,0.0
2,1,0.12484924,0.8751508,0.0,0.0,0.0,0.0,0.0,0.0,0.0
2,1,0.12484924,0.8751508,0.0,0.0,0.0,0.0,0.0,0.0,0.0
2,1,0.12484924,0.8751508,0.0,0.0,0.0,0.0,0.0,0.0,0.0
2,1,0.12484924,0.8751508,0.0,0.0,0.0,0.0,0.0,0.0,0.0
2,1,0.12484924,0.8751508,0.0,0.0,0.0,0.0,0.0,0.0,0.0
2,1,0.12484924,0.8751508,0.0,0.0,0.0,0.0,0.0,0.0,0.0
2,1,0.12484924,0.8751508,0.0,0.0,0.0,0.0,0.0,0.0,0.0
2,1,0.12484924,0.8751508,0.0,0.0,0.0,0.0,0.0,0.0,0.0
2,1,0.12484924,0.8751508,0.0,0.0,0.0,0.0,0.0,0.0,0.0
2,1,0.12484924,0.8751508,0.0,0.0,0.0,0.0,0.0,0.0,0.0
2,1,0.12484924,0.8751508,0.0,0.0,0.0,0.0,0.0,0.0,0.0
2,1,0.12484924,0.8751508,0.0,0.0,0.0,0.0,0.0,0.0,0.0
2,1,0.12484924,0.8751508,0.0,0.0,0.0,0.0,0.0,0.0,0.0
2,1,0.12484924,0.8751508,0.0,0.0,0.0,0.0,0.0,0.0,0.0
2,1,0.12484924,0.8751508,0.0,0.0,0.0,0.0,0.0,0.0,0.0
2,1,0.12484924,0.8751508,0.0,0.0,0.0,0.0,0.0,0.0,0.0
2,1,0.12484924,0.8751508,0.0,0.0,0.0,0.0,0.0,0.0,0.0
2,1,0.12484924,0.8751508,0.0,0.0,0.0,0.0,0.0,0.0,0.0
2,1,0.06917775,0.93082225,0.0,0.0,0.0,0.0,0.0,0.0,0.0
2,1,0.06917775,0.93082225,0.0,0.0,0.0,0.0,0.0,0.0,0.0
2,1,0.06917775,0.93082225,0.0,0.0,0.0,0.0,0.0,0.0,0.0
2,1,0.06917775,0.93082225,0.0,0.0,0.0,0.0,0.0,0.0,0.0
2,1,0.06917775,0.93082225,0.0,0.0,0.0,0.0,0.0,0.0,0.0
2,1,0.06917775,0.93082225,0.0,0.0,0.0,0.0,0.0,0.0,0.0
2,1,0.06917775,0.93082225,0.0,0.0,0.0,0.0,0.0,0.0,0.0
2,1,0.06917775,0.93082225,0.0,0.0,0.0,0.0,0.0,0.0,0.0
2,1,0.06917775,0.93082225,0.0,0.0,0.0,0.0,0.0,0.0,0.0
2,1,0.06917775,0.93082225,0.0,0.0,0.0,0.0,0.0,0.0,0.0
2,1,0.06917775,0.93082225,0.0,0.0,0.0,0.0,0.0,0.0,0.0
2,1,0.06917775,0.93082225,0.0,0.0,0.0,0.0,0.0,0.0,0.0
2,1,0.06917775,0.93082225,0.0,0.0,0.0,0.0,0.0,0.0,0.0
2,1,0.06917775,0.93082225,0.0,0.0,0.0,0.0,0.0,0.0,0.0
2,1,0.06917775,0.8572598,0.0,0.07356243,0.0,0.0,0.0,0.0,0.0
2,1,0.06917775,0.8572598,0.0,0.07356243,0.0,0.0,0.0,0.0,0.0
2,1,0.06917775,0.8572598,0.0,0.07356243,0.0,0.0,0.0,0.0,0.0
2,1,0.06917775,0.8572598,0.0,0.07356243,0.0,0.0,0.0,0.0,0.0
2,1,0.06917775,0.8572598,0.0,0.07356243,0.0,0.0,0.0,0.0,0.0
2,1,0.06917775,0.8572598,0.0,0.07356243,0.0,0.0,0.0,0.0,0.0
2,1,0.06917775,0.8572598,0.0,0.07356243,0.0,0.0,0.0,0.0,0.0
2,1,0.06917775,0.8572598,0.0,0.07356243,0.0,0.0,0.0,0.0,0.0
2,1,0.06917775,0.8572598,0.0,0.07356243,0.0,0.0,0.0,0.0,0.0
2,1,0.06917775,0.8572598,0.0,0.07356243,0.0,0.0,0.0,0.0,0.0
2,1,0.06917775,0.8572598,0.0,0.07356243,0.0,0.0,0.0,0.0,0.0
2,1,0.06917775,0.8572598,0.0,0.07356243,0.0,0.0,0.0,0.0,0.0
2,1,0.06917775,0.8572598,0.0,0.07356243,0.0,0.0,0.0,0.0,0.0
2,1,0.06917775,0.8572598,0.0,0.07356243,0.0,0.0,0.0,0.0,0.0
2,1,0.06917775,0.8572598,0.0,0.07356243,0.0,0.0,0.0,0.0,0.0
2,1,0.06917775,0.8572598,0.0,0.07356243,0.0,0.0,0.0,0.0,0.0
2,1,0.06917775,0.8572598,0.0,0.07356243,0.0,0.0,0.0,0.0,0.0
2,1,0.06917775,0.8572598,0.0,0.07356243,0.0,0.0,0.0,0.0,0.0
2,1,0.06917775,0.8572598,0.0,0.07356243,0.0,0.0,0.0,0.0,0.0
2,1,0.06917775,0.8572598,0.0,0.07356243,0.0,0.0,0.0,0.0,0.0
2,1,0.06917775,0.8572598,0.0,0.07356243,0.0,0.0,0.0,0.0,0.0
2,1,0.06917775,0.8572598,0.0,0.07356243,0.0,0.0,0.0,0.0,0.0
2,1,0.06917775,0.8572598,0.0,0.07356243,0.0,0.0,0.0,0.0,0.0
2,1,0.06917775,0.8572598,0.0,0.07356243,0.0,0.0,0.0,0.0,0.0
2,1,0.06917775,0.8572598,0.0,0.07356243,0.0,0.0,0.0,0.0,0.0
2,1,0.06917775,0.8572598,0.0,0.07356243,0.0,0.0,0.0,0.0,0.0
2,1,0.06917775,0.8572598,0.0,0.07356243,0.0,0.0,0.0,0.0,0.0
2,1,0.06917775,0.8572598,0.0,0.07356243,0.0,0.0,0.0,0.0,0.0
2,1,0.06917775,0.8572598,0.0,0.07356243,0.0,0.0,0.0,0.0,0.0
2,1,0.06917775,0.8572598,0.0,0.07356243,0.0,0.0,0.0,0.0,0.0
2,1,0.06917775,0.8572598,0.0,0.07356243,0.0,0.0,0.0,0.0,0.0
2,1,0.06917775,0.8572598,0.0,0.07356243,0.0,0.0,0.0,0.0,0.0
2,1,0.06917775,0.8572598,0.0,0.07356243,0.0,0.0,0.0,0.0,0.0
2,1,0.06917775,0.8572598,0.0,0.07356243,0.0,0.0,0.0,0.0,0.0
2,1,0.06917775,0.8572598,0.0,0.07356243,0.0,0.0,0.0,0.0,0.0
2,1,0.06917775,0.8572598,0.0,0.07356243,0.0,0.0,0.0,0.0,0.0
2,1,0.06917775,0.8572598,0.0,0.07356243,0.0,0.0,0.0,0.0,0.0
2,1,0.06917775,0.8572598,0.0,0.07356243,0.0,0.0,0.0,0.0,0.0
2,1,0.06917775,0.8572598,0.0,0.07356243,0.0,0.0,0.0,0.0,0.0
2,1,0.06917775,0.8572598,0.0,0.07356243,0.0,0.0,0.0,0.0,0.0
2,1,0.069177754,0.7861684,0.0,0.14465389,0.0,0.0,0.0,0.0,0.0
2,1,0.069177754,0.7861684,0.0,0.14465389,0.0,0.0,0.0,0.0,0.0
2,1,0.069177754,0.7861684,0.0,0.14465389,0.0,0.0,0.0,0.0,0.0
2,1,0.069177754,0.7861684,0.0,0.14465389,0.0,0.0,0.0,0.0,0.0
2,1,0.069177754,0.7861684,0.0,0.14465389,0.0,0.0,0.0,0.0,0.0
2,1,0.069177754,0.7861684,0.0,0.14465389,0.0,0.0,0.0,0.0,0.0
2,1,0.069177754,0.7861684,0.0,0.14465389,0.0,0.0,0.0,0.0,0.0
2,1,0.069177754,0.7861684,0.0,0.14465389,0.0,0.0,0.0,0.0,0.0
2,1,0.069177754,0.7861684,0.0,0.14465389,0.0,0.0,0.0,0.0,0.0
2,1,0.06917774,0.71954095,0.0,0.2112813,0.0,0.0,0.0,0.0,0.0
2,1,0.06917774,0.71954095,0.0,0.2112813,0.0,0.0,0.0,0.0,0.0
2,1,0.06917774,0.7931034,0.0,0.13771887,0.0,0.0,0.0,0.0,0.0
2,1,0.06917774,0.7931034,0.0,0.13771887,0.0,0.0,0.0,0.0,0.0
2,1,0.06917774,0.7931034,0.0,0.13771887,0.0,0.0,0.0,0.0,0.0
2,1,0.06917774,0.7931034,0.0,0.13771887,0.0,0.0,0.0,0.0,0.0
2,1,0.06917774,0.7931034,0.0,0.13771887,0.0,0.0,0.0,0.0,0.0
2,1,0.06917774,0.7931034,0.0,0.13771887,0.0,0.0,0.0,0.0,0.0
2,1,0.06917774,0.7931034,0.0,0.13771887,0.0,0.0,0.0,0.0,0.0
2,1,0.06917774,0.7931034,0.0,0.13771887,0.0,0.0,0.0,0.0,0.0
2,1,0.06917774,0.7931034,0.0,0.13771887,0.0,0.0,0.0,0.0,0.0
2,1,0.06917774,0.7931034,0.0,0.13771887,0.0,0.0,0.0,0.0,0.0
2,1,0.06917774,0.7931034,0.0,0.13771887,0.0,0.0,0.0,0.0,0.0
2,1,0.06917774,0.7931034,0.0,0.13771887,0.0,0.0,0.0,0.0,0.0
2,1,0.06917774,0.7931034,0.0,0.13771887,0.0,0.0,0.0,0.0,0.0
2,1,0.06917774,0.7931034,0.0,0.13771887,0.0,0.0,0.0,0.0,0.0
2,1,0.06917774,0.7931034,0.0,0.13771887,0.0,0.0,0.0,0.0,0.0
2,1,0.06917774,0.7931034,0.0,0.13771887,0.0,0.0,0.0,0.0,0.0
2,1,0.06917774,0.7931034,0.0,0.13771887,0.0,0.0,0.0,0.0,0.0
2,1,0.06917774,0.7931034,0.0,0.13771887,0.0,0.0,0.0,0.0,0.0
2,1,0.06917774,0.7931034,0.0,0.13771887,0.0,0.0,0.0,0.0,0.0
2,1,0.06917774,0.7931034,0.0,0.13771887,0.0,0.0,0.0,0.0,0.0
2,1,0.06917774,0.7931034,0.0,0.13771887,0.0,0.0,0.0,0.0,0.0
2,1,0.06917774,0.7931034,0.0,0.13771887,0.0,0.0,0.0,0.0,0.0
2,1,0.06917774,0.7931034,0.0,0.13771887,0.0,0.0,0.0,0.0,0.0
2,1,0.06917774,0.7931034,0.0,0.13771887,0.0,0.0,0.0,0.0,0.0
2,1,0.06917774,0.7931034,0.0,0.13771887,0.0,0.0,0.0,0.0,0.0
2,1,0.06917774,0.7931034,0.0,0.13771887,0.0,0.0,0.0,0.0,0.0
2,1,0.06917774,0.7931034,0.0,0.13771887,0.0,0.0,0.0,0.0,0.0
2,1,0.06917774,0.7931034,0.0,0.13771887,0.0,0.0,0.0,0.0,0.0
2,1,0.06917774,0.7931034,0.0,0.13771887,0.0,0.0,0.0,0.0,0.0
2,1,0.06917774,0.7931034,0.0,0.13771887,0.0,0.0,0.0,0.0,0.0
2,1,0.06917774,0.7931034,0.0,0.13771887,0.0,0.0,0.0,0.0,0.0
2,1,0.06917774,0.7931034,0.0,0.13771887,0.0,0.0,0.0,0.0,0.0
2,1,0.06917774,0.7931034,0.0,0.13771887,0.0,0.0,0.0,0.0,0.0
2,1,0.06917774,0.7931034,0.0,0.13771887,0.0,0.0,0.0,0.0,0.0
2,1,0.06917774,0.7931034,0.0,0.13771887,0.0,0.0,0.0,0.0,0.0
2,1,0.06917774,0.7931034,0.0,0.13771887,0.0,0.0,0.0,0.0,0.0
2,1,0.06917774,0.7931034,0.0,0.13771887,0.0,0.0,0.0,0.0,0.0
2,1,0.06917774,0.7931034,0.0,0.13771887,0.0,0.0,0.0,0.0,0.0
2,1,0.06917774,0.7931034,0.0,0.13771887,0.0,0.0,0.0,0.0,0.0
2,1,0.06917774,0.7931034,0.0,0.13771887,0.0,0.0,0.0,0.0,0.0
2,1,0.06917774,0.7931034,0.0,0.13771887,0.0,0.0,0.0,0.0,0.0
2,1,0.06917774,0.7931034,0.0,0.13771887,0.0,0.0,0.0,0.0,0.0
2,1,0.06917774,0.7931034,0.0,0.13771887,0.0,0.0,0.0,0.0,0.0
2,1,0.06917774,0.7931034,0.0,0.13771887,0.0,0.0,0.0,0.0,0.0
2,1,0.06917774,0.7931034,0.0,0.13771887,0.0,0.0,0.0,0.0,0.0
2,1,0.06917774,0.7931034,0.0,0.13771887,0.0,0.0,0.0,0.0,0.0
2,1,0.06917774,0.7931034,0.0,0.13771887,0.0,0.0,0.0,0.0,0.0
2,1,0.06917774,0.7931034,0.0,0.13771887,0.0,0.0,0.0,0.0,0.0
2,1,0.06917774,0.7931034,0.0,0.13771887,0.0,0.0,0.0,0.0,0.0
2,1,0.06917774,0.7931034,0.0,0.13771887,0.0,0.0,0.0,0.0,0.0
2,1,0.06917774,0.7931034,0.0,0.13771887,0.0,0.0,0.0,0.0,0.0
2,1,0.06917774,0.7931034,0.0,0.13771887,0.0,0.0,0.0,0.0,0.0
2,1,0.06917774,0.7931034,0.0,0.13771887,0.0,0.0,0.0,0.0,0.0
2,1,0.06917774,0.7931034,0.0,0.13771887,0.0,0.0,0.0,0.0,0.0
2,1,0.06917774,0.7931034,0.0,0.13771887,0.0,0.0,0.0,0.0,0.0
2,1,0.06917774,0.7931034,0.0,0.13771887,0.0,0.0,0.0,0.0,0.0
2,1,0.06917774,0.7931034,0.0,0.13771887,0.0,0.0,0.0,0.0,0.0
2,1,0.06917774,0.7931034,0.0,0.13771887,0.0,0.0,0.0,0.0,0.0
2,1,0.06917774,0.7931034,0.0,0.13771887,0.0,0.0,0.0,0.0,0.0
2,1,0.06917774,0.7931034,0.0,0.13771887,0.0,0.0,0.0,0.0,0.0
2,1,0.06917774,0.7931034,0.0,0.13771887,0.0,0.0,0.0,0.0,0.0
2,1,0.06917774,0.7931034,0.0,0.13771887,0.0,0.0,0.0,0.0,0.0
2,1,0.06917774,0.7931034,0.0,0.13771887,0.0,0.0,0.0,0.0,0.0
2,1,0.06917774,0.7931034,0.0,0.13771887,0.0,0.0,0.0,0.0,0.0
2,1,0.06917774,0.7931034,0.0,0.13771887,0.0,0.0,0.0,0.0,0.0
2,1,0.06917774,0.7931034,0.0,0.13771887,0.0,0.0,0.0,0.0,0.0
2,1,0.06917774,0.7931034,0.0,0.13771887,0.0,0.0,0.0,0.0,0.0
2,1,0.06917774,0.7931034,0.0,0.13771887,0.0,0.0,0.0,0.0,0.0
2,1,0.06917774,0.7931034,0.0,0.13771887,0.0,0.0,0.0,0.0,0.0
2,1,0.06917774,0.7931034,0.0,0.13771887,0.0,0.0,0.0,0.0,0.0
2,1,0.06917774,0.7931034,0.0,0.13771887,0.0,0.0,0.0,0.0,0.0
2,1,0.06917774,0.7931034,0.0,0.13771887,0.0,0.0,0.0,0.0,0.0
2,1,0.06917774,0.7931034,0.0,0.13771887,0.0,0.0,0.0,0.0,0.0
2,1,0.06917774,0.7931034,0.0,0.13771887,0.0,0.0,0.0,0.0,0.0
2,1,0.06917774,0.7931034,0.0,0.13771887,0.0,0.0,0.0,0.0,0.0
2,1,0.06917774,0.7931034,0.0,0.13771887,0.0,0.0,0.0,0.0,0.0
2,1,0.06917774,0.7931034,0.0,0.13771887,0.0,0.0,0.0,0.0,0.0
2,1,0.06917774,0.7931034,0.0,0.13771887,0.0,0.0,0.0,0.0,0.0
2,1,0.06917774,0.7931034,0.0,0.13771887,0.0,0.0,0.0,0.0,0.0
2,1,0.06917774,0.7931034,0.0,0.13771887,0.0,0.0,0.0,0.0,0.0
2,1,0.06917774,0.7931034,0.0,0.13771887,0.0,0.0,0.0,0.0,0.0
2,1,0.06917774,0.7931034,0.0,0.13771887,0.0,0.0,0.0,0.0,0.0
2,1,0.06917774,0.7931034,0.0,0.13771887,0.0,0.0,0.0,0.0,0.0
2,1,0.06917774,0.7931034,0.0,0.13771887,0.0,0.0,0.0,0.0,0.0
2,1,0.06917774,0.7931034,0.0,0.13771887,0.0,0.0,0.0,0.0,0.0
2,1,0.06917774,0.7931034,0.0,0.13771887,0.0,0.0,0.0,0.0,0.0
2,1,0.06917774,0.7931034,0.0,0.13771887,0.0,0.0,0.0,0.0,0.0
2,1,0.06917774,0.7931034,0.0,0.13771887,0.0,0.0,0.0,0.0,0.0
2,1,0.06917774,0.7931034,0.0,0.13771887,0.0,0.0,0.0,0.0,0.0
2,1,0.06917774,0.7931034,0.0,0.13771887,0.0,0.0,0.0,0.0,0.0
2,1,0.06917774,0.7931034,0.0,0.13771887,0.0,0.0,0.0,0.0,0.0
2,1,0.06917774,0.7931034,0.0,0.13771887,0.0,0.0,0.0,0.0,0.0
2,1,0.06917774,0.7931034,0.0,0.13771887,0.0,0.0,0.0,0.0,0.0
2,1,0.06917774,0.8641948,0.0,0.066627435,0.0,0.0,0.0,0.0,0.0
2,1,0.06917774,0.8641948,0.0,0.066627435,0.0,0.0,0.0,0.0,0.0
2,1,0.06917774,0.8641948,0.0,0.066627435,0.0,0.0,0.0,0.0,0.0
2,1,0.06917774,0.8641948,0.0,0.066627435,0.0,0.0,0.0,0.0,0.0
2,1,0.06917774,0.8641948,0.0,0.066627435,0.0,0.0,0.0,0.0,0.0
2,1,0.06917774,0.8641948,0.0,0.066627435,0.0,0.0,0.0,0.0,0.0
2,1,0.06917774,0.8641948,0.0,0.066627435,0.0,0.0,0.0,0.0,0.0
2,1,0.06917774,0.8641948,0.0,0.066627435,0.0,0.0,0.0,0.0,0.0
2,1,0.06917774,0.8641948,0.0,0.066627435,0.0,0.0,0.0,0.0,0.0
2,1,0.06917774,0.8641948,0.0,0.066627435,0.0,0.0,0.0,0.0,0.0
2,1,0.06917774,0.8641948,0.0,0.066627435,0.0,0.0,0.0,0.0,0.0
2,1,0.06917774,0.8641948,0.0,0.066627435,0.0,0.0,0.0,0.0,0.0
2,1,0.06917774,0.8641948,0.0,0.066627435,0.0,0.0,0.0,0.0,0.0
2,1,0.06917774,0.8641948,0.0,0.066627435,0.0,0.0,0.0,0.0,0.0
2,1,0.06917774,0.8641948,0.0,0.066627435,0.0,0.0,0.0,0.0,0.0
2,1,0.06917774,0.79063237,0.0,0.14018986,0.0,0.0,0.0,0.0,0.0
2,1,0.06917774,0.79063237,0.0,0.14018986,0.0,0.0,0.0,0.0,0.0
2,1,0.06917774,0.79063237,0.0,0.14018986,0.0,0.0,0.0,0.0,0.0
2,1,0.06917774,0.79063237,0.0,0.14018986,0.0,0.0,0.0,0.0,0.0
2,1,0.06917774,0.79063237,0.0,0.14018986,0.0,0.0,0.0,0.0,0.0
2,1,0.06917774,0.79063237,0.0,0.14018986,0.0,0.0,0.0,0.0,0.0
2,1,0.06917774,0.79063237,0.0,0.14018986,0.0,0.0,0.0,0.0,0.0
2,1,0.06917774,0.79063237,0.0,0.14018986,0.0,0.0,0.0,0.0,0.0
2,1,0.06917774,0.79063237,0.0,0.14018986,0.0,0.0,0.0,0.0,0.0
2,1,0.06917774,0.79063237,0.0,0.14018986,0.0,0.0,0.0,0.0,0.0
2,1,0.06917775,0.8572598,0.0,0.07356243,0.0,0.0,0.0,0.0,0.0
2,1,0.06917775,0.8572598,0.0,0.07356243,0.0,0.0,0.0,0.0,0.0
2,1,0.06917775,0.8572598,0.0,0.07356243,0.0,0.0,0.0,0.0,0.0
2,1,0.06917775,0.8572598,0.0,0.07356243,0.0,0.0,0.0,0.0,0.0
2,1,0.06917775,0.8572598,0.0,0.07356243,0.0,0.0,0.0,0.0,0.0
2,1,0.06917775,0.8572598,0.0,0.07356243,0.0,0.0,0.0,0.0,0.0
2,1,0.06917775,0.8572598,0.0,0.07356243,0.0,0.0,0.0,0.0,0.0
2,1,0.06917775,0.8572598,0.0,0.07356243,0.0,0.0,0.0,0.0,0.0
2,1,0.12484924,0.80158836,0.0,0.07356243,0.0,0.0,0.0,0.0,0.0
2,1,0.12484924,0.80158836,0.0,0.07356243,0.0,0.0,0.0,0.0,0.0
2,1,0.12484924,0.80158836,0.0,0.07356243,0.0,0.0,0.0,0.0,0.0
2,1,0.12484924,0.80158836,0.0,0.07356243,0.0,0.0,0.0,0.0,0.0
2,1,0.12484924,0.80158836,0.0,0.07356243,0.0,0.0,0.0,0.0,0.0
2,1,0.12484924,0.80158836,0.0,0.07356243,0.0,0.0,0.0,0.0,0.0
2,1,0.12484924,0.80158836,0.0,0.07356243,0.0,0.0,0.0,0.0,0.0
2,1,0.12484924,0.80158836,0.0,0.07356243,0.0,0.0,0.0,0.0,0.0
2,1,0.12484924,0.80158836,0.0,0.07356243,0.0,0.0,0.0,0.0,0.0
2,1,0.12484924,0.80158836,0.0,0.07356243,0.0,0.0,0.0,0.0,0.0
2,1,0.12484924,0.80158836,0.0,0.07356243,0.0,0.0,0.0,0.0,0.0
2,1,0.12484924,0.80158836,0.0,0.07356243,0.0,0.0,0.0,0.0,0.0
2,1,0.12484924,0.80158836,0.0,0.07356243,0.0,0.0,0.0,0.0,0.0
2,1,0.12484924,0.80158836,0.0,0.07356243,0.0,0.0,0.0,0.0,0.0
2,1,0.12484924,0.80158836,0.0,0.07356243,0.0,0.0,0.0,0.0,0.0
2,1,0.12484924,0.80158836,0.0,0.07356243,0.0,0.0,0.0,0.0,0.0
2,1,0.12484924,0.80158836,0.0,0.07356243,0.0,0.0,0.0,0.0,0.0
2,1,0.12484924,0.80158836,0.0,0.07356243,0.0,0.0,0.0,0.0,0.0
2,1,0.12484924,0.80158836,0.0,0.07356243,0.0,0.0,0.0,0.0,0.0
2,1,0.12484924,0.80158836,0.0,0.07356243,0.0,0.0,0.0,0.0,0.0
2,1,0.12484924,0.80158836,0.0,0.07356243,0.0,0.0,0.0,0.0,0.0
2,1,0.12484924,0.80158836,0.0,0.07356243,0.0,0.0,0.0,0.0,0.0
2,1,0.12484924,0.80158836,0.0,0.07356243,0.0,0.0,0.0,0.0,0.0
2,1,0.12484924,0.80158836,0.0,0.07356243,0.0,0.0,0.0,0.0,0.0
2,1,0.12484924,0.80158836,0.0,0.07356243,0.0,0.0,0.0,0.0,0.0
2,1,0.12484924,0.80158836,0.0,0.07356243,0.0,0.0,0.0,0.0,0.0
2,1,0.12484924,0.80158836,0.0,0.07356243,0.0,0.0,0.0,0.0,0.0
2,1,0.12484924,0.80158836,0.0,0.07356243,0.0,0.0,0.0,0.0,0.0
2,1,0.12484924,0.80158836,0.0,0.07356243,0.0,0.0,0.0,0.0,0.0
2,1,0.12484924,0.80158836,0.0,0.07356243,0.0,0.0,0.0,0.0,0.0
2,1,0.12484924,0.80158836,0.0,0.07356243,0.0,0.0,0.0,0.0,0.0
2,1,0.12484924,0.80158836,0.0,0.07356243,0.0,0.0,0.0,0.0,0.0
2,1,0.12484924,0.80158836,0.0,0.07356243,0.0,0.0,0.0,0.0,0.0
2,1,0.12484924,0.8751508,0.0,0.0,0.0,0.0,0.0,0.0,0.0
2,1,0.12484924,0.8751508,0.0,0.0,0.0,0.0,0.0,0.0,0.0
2,1,0.12484924,0.8751508,0.0,0.0,0.0,0.0,0.0,0.0,0.0
2,1,0.12484924,0.8751508,0.0,0.0,0.0,0.0,0.0,0.0,0.0
2,1,0.12484924,0.8751508,0.0,0.0,0.0,0.0,0.0,0.0,0.0
2,1,0.12484924,0.8751508,0.0,0.0,0.0,0.0,0.0,0.0,0.0
2,1,0.12484924,0.8751508,0.0,0.0,0.0,0.0,0.0,0.0,0.0
2,1,0.12484924,0.8751508,0.0,0.0,0.0,0.0,0.0,0.0,0.0
2,1,0.12484924,0.8751508,0.0,0.0,0.0,0.0,0.0,0.0,0.0
2,1,0.12484924,0.8751508,0.0,0.0,0.0,0.0,0.0,0.0,0.0
2,1,0.12484924,0.8751508,0.0,0.0,0.0,0.0,0.0,0.0,0.0
2,1,0.12484924,0.8751508,0.0,0.0,0.0,0.0,0.0,0.0,0.0
2,1,0.12484924,0.8751508,0.0,0.0,0.0,0.0,0.0,0.0,0.0
2,1,0.12484924,0.8751508,0.0,0.0,0.0,0.0,0.0,0.0,0.0
2,1,0.12484924,0.8751508,0.0,0.0,0.0,0.0,0.0,0.0,0.0
2,1,0.12484924,0.8751508,0.0,0.0,0.0,0.0,0.0,0.0,0.0
2,1,0.12484924,0.8751508,0.0,0.0,0.0,0.0,0.0,0.0,0.0
2,1,0.12484924,0.8751508,0.0,0.0,0.0,0.0,0.0,0.0,0.0
2,1,0.12484924,0.8751508,0.0,0.0,0.0,0.0,0.0,0.0,0.0
2,1,0.12484924,0.8751508,0.0,0.0,0.0,0.0,0.0,0.0,0.0
2,1,0.12484924,0.8751508,0.0,0.0,0.0,0.0,0.0,0.0,0.0
2,1,0.12484924,0.8751508,0.0,0.0,0.0,0.0,0.0,0.0,0.0
2,1,0.12484924,0.8751508,0.0,0.0,0.0,0.0,0.0,0.0,0.0
2,1,0.12484924,0.8751508,0.0,0.0,0.0,0.0,0.0,0.0,0.0
2,1,0.12484924,0.8751508,0.0,0.0,0.0,0.0,0.0,0.0,0.0
2,1,0.12484924,0.8751508,0.0,0.0,0.0,0.0,0.0,0.0,0.0
2,1,0.12484924,0.8751508,0.0,0.0,0.0,0.0,0.0,0.0,0.0
2,1,0.12484924,0.8751508,0.0,0.0,0.0,0.0,0.0,0.0,0.0
2,1,0.12484924,0.8751508,0.0,0.0,0.0,0.0,0.0,0.0,0.0
2,1,0.12484924,0.8751508,0.0,0.0,0.0,0.0,0.0,0.0,0.0
2,1,0.12484924,0.8751508,0.0,0.0,0.0,0.0,0.0,0.0,0.0
2,1,0.12484924,0.8751508,0.0,0.0,0.0,0.0,0.0,0.0,0.0
2,1,0.12484924,0.8751508,0.0,0.0,0.0,0.0,0.0,0.0,0.0
2,1,0.12484924,0.8751508,0.0,0.0,0.0,0.0,0.0,0.0,0.0
2,1,0.12484924,0.8751508,0.0,0.0,0.0,0.0,0.0,0.0,0.0
2,1,0.12484924,0.8751508,0.0,0.0,0.0,0.0,0.0,0.0,0.0
2,1,0.12484924,0.8751508,0.0,0.0,0.0,0.0,0.0,0.0,0.0
2,1,0.12484924,0.8751508,0.0,0.0,0.0,0.0,0.0,0.0,0.0
2,1,0.12484924,0.8751508,0.0,0.0,0.0,0.0,0.0,0.0,0.0
2,1,0.12484924,0.81598145,0.0,0.05916933,0.0,0.0,0.0,0.0,0.0
2,1,0.12484924,0.81598145,0.0,0.05916933,0.0,0.0,0.0,0.0,0.0
2,1,0.12484924,0.81598145,0.0,0.05916933,0.0,0.0,0.0,0.0,0.0
2,1,0.12484924,0.81598145,0.0,0.05916933,0.0,0.0,0.0,0.0,0.0
2,1,0.12484924,0.81598145,0.0,0.05916933,0.0,0.0,0.0,0.0,0.0
2,1,0.12484924,0.81598145,0.0,0.05916933,0.0,0.0,0.0,0.0,0.0
2,1,0.12484924,0.81598145,0.0,0.05916933,0.0,0.0,0.0,0.0,0.0
2,1,0.12484924,0.81598145,0.0,0.05916933,0.0,0.0,0.0,0.0,0.0
2,1,0.12484924,0.81598145,0.0,0.05916933,0.0,0.0,0.0,0.0,0.0
2,1,0.12484924,0.81598145,0.0,0.05916933,0.0,0.0,0.0,0.0,0.0
2,1,0.12484924,0.81598145,0.0,0.05916933,0.0,0.0,0.0,0.0,0.0
2,1,0.12484924,0.81598145,0.0,0.05916933,0.0,0.0,0.0,0.0,0.0
2,1,0.12484924,0.81598145,0.0,0.05916933,0.0,0.0,0.0,0.0,0.0
2,1,0.12484924,0.81598145,0.0,0.05916933,0.0,0.0,0.0,0.0,0.0
2,1,0.12484924,0.81598145,0.0,0.05916933,0.0,0.0,0.0,0.0,0.0
2,1,0.12484924,0.81598145,0.0,0.05916933,0.0,0.0,0.0,0.0,0.0
2,1,0.12484924,0.81598145,0.0,0.05916933,0.0,0.0,0.0,0.0,0.0
2,1,0.12484924,0.81598145,0.0,0.05916933,0.0,0.0,0.0,0.0,0.0
2,1,0.12484924,0.81598145,0.0,0.05916933,0.0,0.0,0.0,0.0,0.0
2,1,0.12484924,0.81598145,0.0,0.05916933,0.0,0.0,0.0,0.0,0.0
2,1,0.12484924,0.81598145,0.0,0.05916933,0.0,0.0,0.0,0.0,0.0
2,1,0.12484924,0.81598145,0.0,0.05916933,0.0,0.0,0.0,0.0,0.0
2,1,0.12484924,0.81598145,0.0,0.05916933,0.0,0.0,0.0,0.0,0.0
2,1,0.12484924,0.81598145,0.0,0.05916933,0.0,0.0,0.0,0.0,0.0
2,1,0.12484924,0.81598145,0.0,0.05916933,0.0,0.0,0.0,0.0,0.0
2,1,0.12484924,0.81598145,0.0,0.05916933,0.0,0.0,0.0,0.0,0.0
2,1,0.12484924,0.81598145,0.0,0.05916933,0.0,0.0,0.0,0.0,0.0
2,1,0.12484924,0.81598145,0.0,0.05916933,0.0,0.0,0.0,0.0,0.0
2,1,0.12484924,0.81598145,0.0,0.05916933,0.0,0.0,0.0,0.0,0.0
2,1,0.12484924,0.81598145,0.0,0.05916933,0.0,0.0,0.0,0.0,0.0
2,1,0.12484924,0.81598145,0.0,0.05916933,0.0,0.0,0.0,0.0,0.0
2,1,0.12484924,0.81598145,0.0,0.05916933,0.0,0.0,0.0,0.0,0.0
2,1,0.12484924,0.81598145,0.0,0.05916933,0.0,0.0,0.0,0.0,0.0
2,1,0.12484924,0.81598145,0.0,0.05916933,0.0,0.0,0.0,0.0,0.0
2,1,0.12484924,0.81598145,0.0,0.05916933,0.0,0.0,0.0,0.0,0.0
2,1,0.12484924,0.81598145,0.0,0.05916933,0.0,0.0,0.0,0.0,0.0
2,1,0.12484924,0.81598145,0.0,0.05916933,0.0,0.0,0.0,0.0,0.0
2,1,0.12484924,0.81598145,0.0,0.05916933,0.0,0.0,0.0,0.0,0.0
2,1,0.12484924,0.81598145,0.0,0.05916933,0.0,0.0,0.0,0.0,0.0
2,1,0.12484924,0.81598145,0.0,0.05916933,0.0,0.0,0.0,0.0,0.0
2,1,0.12484924,0.81598145,0.0,0.05916933,0.0,0.0,0.0,0.0,0.0
2,1,0.12484924,0.81598145,0.0,0.05916933,0.0,0.0,0.0,0.0,0.0
2,1,0.12484924,0.81598145,0.0,0.05916933,0.0,0.0,0.0,0.0,0.0
2,1,0.12484924,0.81598145,0.0,0.05916933,0.0,0.0,0.0,0.0,0.0
2,1,0.12484924,0.81598145,0.0,0.05916933,0.0,0.0,0.0,0.0,0.0
2,1,0.12484924,0.81598145,0.0,0.05916933,0.0,0.0,0.0,0.0,0.0
2,1,0.12484924,0.81598145,0.0,0.05916933,0.0,0.0,0.0,0.0,0.0
2,1,0.12484924,0.81598145,0.0,0.05916933,0.0,0.0,0.0,0.0,0.0
2,1,0.12484924,0.81598145,0.0,0.05916933,0.0,0.0,0.0,0.0,0.0
2,1,0.12484924,0.81598145,0.0,0.05916933,0.0,0.0,0.0,0.0,0.0
2,1,0.12484924,0.81598145,0.0,0.05916933,0.0,0.0,0.0,0.0,0.0
2,1,0.12484924,0.81598145,0.0,0.05916933,0.0,0.0,0.0,0.0,0.0
2,1,0.12484924,0.81598145,0.0,0.05916933,0.0,0.0,0.0,0.0,0.0
2,1,0.12484924,0.81598145,0.0,0.05916933,0.0,0.0,0.0,0.0,0.0
2,1,0.12484924,0.81598145,0.0,0.05916933,0.0,0.0,0.0,0.0,0.0
2,1,0.12484924,0.81598145,0.0,0.05916933,0.0,0.0,0.0,0.0,0.0
2,1,0.12484924,0.81598145,0.0,0.05916933,0.0,0.0,0.0,0.0,0.0
2,1,0.12484924,0.81598145,0.0,0.05916933,0.0,0.0,0.0,0.0,0.0
2,1,0.12484924,0.81598145,0.0,0.05916933,0.0,0.0,0.0,0.0,0.0
2,1,0.12484924,0.81598145,0.0,0.05916933,0.0,0.0,0.0,0.0,0.0
2,1,0.12484924,0.81598145,0.0,0.05916933,0.0,0.0,0.0,0.0,0.0
2,1,0.12484924,0.81598145,0.0,0.05916933,0.0,0.0,0.0,0.0,0.0
2,1,0.12484924,0.81598145,0.0,0.05916933,0.0,0.0,0.0,0.0,0.0
2,1,0.12484924,0.81598145,0.0,0.05916933,0.0,0.0,0.0,0.0,0.0
2,1,0.12484924,0.81598145,0.0,0.05916933,0.0,0.0,0.0,0.0,0.0
2,1,0.12484924,0.81598145,0.0,0.05916933,0.0,0.0,0.0,0.0,0.0
2,1,0.12484924,0.81598145,0.0,0.05916933,0.0,0.0,0.0,0.0,0.0
2,1,0.19841166,0.74241906,0.0,0.05916933,0.0,0.0,0.0,0.0,0.0
2,1,0.19841166,0.74241906,0.0,0.05916933,0.0,0.0,0.0,0.0,0.0
2,1,0.19841166,0.74241906,0.0,0.05916933,0.0,0.0,0.0,0.0,0.0
2,1,0.19841166,0.74241906,0.0,0.05916933,0.0,0.0,0.0,0.0,0.0
2,1,0.19841166,0.74241906,0.0,0.05916933,0.0,0.0,0.0,0.0,0.0
2,1,0.19841166,0.74241906,0.0,0.05916933,0.0,0.0,0.0,0.0,0.0
2,1,0.19841166,0.74241906,0.0,0.05916933,0.0,0.0,0.0,0.0,0.0
2,1,0.19841166,0.74241906,0.0,0.05916933,0.0,0.0,0.0,0.0,0.0
2,1,0.19841166,0.74241906,0.0,0.05916933,0.0,0.0,0.0,0.0,0.0
2,1,0.19841166,0.74241906,0.0,0.05916933,0.0,0.0,0.0,0.0,0.0
2,1,0.19841166,0.74241906,0.0,0.05916933,0.0,0.0,0.0,0.0,0.0
2,1,0.19841166,0.74241906,0.0,0.05916933,0.0,0.0,0.0,0.0,0.0
2,1,0.19841166,0.74241906,0.0,0.05916933,0.0,0.0,0.0,0.0,0.0
2,1,0.19841166,0.74241906,0.0,0.05916933,0.0,0.0,0.0,0.0,0.0
2,1,0.19841166,0.74241906,0.0,0.05916933,0.0,0.0,0.0,0.0,0.0
2,1,0.19841166,0.74241906,0.0,0.05916933,0.0,0.0,0.0,0.0,0.0
2,1,0.19841166,0.74241906,0.0,0.05916933,0.0,0.0,0.0,0.0,0.0
2,1,0.19841166,0.74241906,0.0,0.05916933,0.0,0.0,0.0,0.0,0.0
2,1,0.19841166,0.74241906,0.0,0.05916933,0.0,0.0,0.0,0.0,0.0
2,1,0.19841166,0.74241906,0.0,0.05916933,0.0,0.0,0.0,0.0,0.0
2,1,0.19841166,0.74241906,0.0,0.05916933,0.0,0.0,0.0,0.0,0.0
2,1,0.19841166,0.74241906,0.0,0.05916933,0.0,0.0,0.0,0.0,0.0
2,1,0.19841166,0.74241906,0.0,0.05916933,0.0,0.0,0.0,0.0,0.0
2,1,0.19841166,0.74241906,0.0,0.05916933,0.0,0.0,0.0,0.0,0.0
2,1,0.19841166,0.74241906,0.0,0.05916933,0.0,0.0,0.0,0.0,0.0
2,1,0.19841166,0.74241906,0.0,0.05916933,0.0,0.0,0.0,0.0,0.0
2,1,0.19841166,0.74241906,0.0,0.05916933,0.0,0.0,0.0,0.0,0.0
2,1,0.19841166,0.74241906,0.0,0.05916933,0.0,0.0,0.0,0.0,0.0
2,1,0.19841166,0.74241906,0.0,0.05916933,0.0,0.0,0.0,0.0,0.0
2,1,0.19841166,0.74241906,0.0,0.05916933,0.0,0.0,0.0,0.0,0.0
2,1,0.19841166,0.74241906,0.0,0.05916933,0.0,0.0,0.0,0.0,0.0
2,1,0.19841166,0.74241906,0.0,0.05916933,0.0,0.0,0.0,0.0,0.0
2,1,0.19841166,0.74241906,0.0,0.05916933,0.0,0.0,0.0,0.0,0.0
2,1,0.19841166,0.74241906,0.0,0.05916933,0.0,0.0,0.0,0.0,0.0
2,1,0.19841166,0.74241906,0.0,0.05916933,0.0,0.0,0.0,0.0,0.0
2,1,0.19841166,0.74241906,0.0,0.05916933,0.0,0.0,0.0,0.0,0.0
2,1,0.19841166,0.74241906,0.0,0.05916933,0.0,0.0,0.0,0.0,0.0
2,1,0.19841166,0.74241906,0.0,0.05916933,0.0,0.0,0.0,0.0,0.0
2,1,0.19841166,0.74241906,0.0,0.05916933,0.0,0.0,0.0,0.0,0.0
2,1,0.19841166,0.74241906,0.0,0.05916933,0.0,0.0,0.0,0.0,0.0
2,1,0.19841166,0.74241906,0.0,0.05916933,0.0,0.0,0.0,0.0,0.0
2,1,0.19841166,0.74241906,0.0,0.05916933,0.0,0.0,0.0,0.0,0.0
2,1,0.19841166,0.74241906,0.0,0.05916933,0.0,0.0,0.0,0.0,0.0
2,1,0.19841166,0.74241906,0.0,0.05916933,0.0,0.0,0.0,0.0,0.0
2,1,0.19841166,0.74241906,0.0,0.05916933,0.0,0.0,0.0,0.0,0.0
2,1,0.19841166,0.74241906,0.0,0.05916933,0.0,0.0,0.0,0.0,0.0
2,1,0.19841166,0.74241906,0.0,0.05916933,0.0,0.0,0.0,0.0,0.0
2,1,0.19841166,0.74241906,0.0,0.05916933,0.0,0.0,0.0,0.0,0.0
2,1,0.19841166,0.74241906,0.0,0.05916933,0.0,0.0,0.0,0.0,0.0
2,1,0.19841166,0.74241906,0.0,0.05916933,0.0,0.0,0.0,0.0,0.0
2,1,0.19841166,0.74241906,0.0,0.05916933,0.0,0.0,0.0,0.0,0.0
2,1,0.19841166,0.74241906,0.0,0.05916933,0.0,0.0,0.0,0.0,0.0
2,1,0.19841166,0.74241906,0.0,0.05916933,0.0,0.0,0.0,0.0,0.0
2,1,0.19841167,0.68608266,0.0,0.11550573,0.0,0.0,0.0,0.0,0.0
2,1,0.19841167,0.68608266,0.0,0.11550573,0.0,0.0,0.0,0.0,0.0
2,1,0.19841167,0.68608266,0.0,0.11550573,0.0,0.0,0.0,0.0,0.0
2,1,0.19841167,0.68608266,0.0,0.11550573,0.0,0.0,0.0,0.0,0.0
2,1,0.19841167,0.68608266,0.0,0.11550573,0.0,0.0,0.0,0.0,0.0
2,1,0.19841167,0.68608266,0.0,0.11550573,0.0,0.0,0.0,0.0,0.0
2,1,0.19841167,0.68608266,0.0,0.11550573,0.0,0.0,0.0,0.0,0.0
2,1,0.19841167,0.68608266,0.0,0.11550573,0.0,0.0,0.0,0.0,0.0
2,1,0.19841167,0.68608266,0.0,0.11550573,0.0,0.0,0.0,0.0,0.0
2,1,0.19841167,0.68608266,0.0,0.11550573,0.0,0.0,0.0,0.0,0.0
2,1,0.19841167,0.68608266,0.0,0.11550573,0.0,0.0,0.0,0.0,0.0
2,1,0.19841167,0.68608266,0.0,0.11550573,0.0,0.0,0.0,0.0,0.0
2,1,0.19841167,0.68608266,0.0,0.11550573,0.0,0.0,0.0,0.0,0.0
2,1,0.19841167,0.68608266,0.0,0.11550573,0.0,0.0,0.0,0.0,0.0
2,1,0.19841167,0.68608266,0.0,0.11550573,0.0,0.0,0.0,0.0,0.0
2,1,0.19841167,0.68608266,0.0,0.11550573,0.0,0.0,0.0,0.0,0.0
2,1,0.19841167,0.68608266,0.0,0.11550573,0.0,0.0,0.0,0.0,0.0
2,1,0.19841167,0.68608266,0.0,0.11550573,0.0,0.0,0.0,0.0,0.0
2,1,0.19841167,0.68608266,0.0,0.11550573,0.0,0.0,0.0,0.0,0.0
2,1,0.19841167,0.68608266,0.0,0.11550573,0.0,0.0,0.0,0.0,0.0
2,1,0.19841167,0.68608266,0.0,0.11550573,0.0,0.0,0.0,0.0,0.0
2,1,0.19841167,0.68608266,0.0,0.11550573,0.0,0.0,0.0,0.0,0.0
2,1,0.19841167,0.68608266,0.0,0.11550573,0.0,0.0,0.0,0.0,0.0
2,1,0.19841167,0.68608266,0.0,0.11550573,0.0,0.0,0.0,0.0,0.0
2,1,0.19841167,0.68608266,0.0,0.11550573,0.0,0.0,0.0,0.0,0.0
2,1,0.19841167,0.68608266,0.0,0.11550573,0.0,0.0,0.0,0.0,0.0
2,1,0.19841167,0.68608266,0.0,0.11550573,0.0,0.0,0.0,0.0,0.0
2,1,0.19841167,0.68608266,0.0,0.11550573,0.0,0.0,0.0,0.0,0.0
2,1,0.19841167,0.68608266,0.0,0.11550573,0.0,0.0,0.0,0.0,0.0
2,1,0.19841167,0.68608266,0.0,0.11550573,0.0,0.0,0.0,0.0,0.0
2,1,0.19841167,0.68608266,0.0,0.11550573,0.0,0.0,0.0,0.0,0.0
2,1,0.19841167,0.68608266,0.0,0.11550573,0.0,0.0,0.0,0.0,0.0
2,1,0.19841167,0.68608266,0.0,0.11550573,0.0,0.0,0.0,0.0,0.0
2,1,0.19841167,0.68608266,0.0,0.11550573,0.0,0.0,0.0,0.0,0.0
2,1,0.19841167,0.68608266,0.0,0.11550573,0.0,0.0,0.0,0.0,0.0
2,1,0.19841167,0.68608266,0.0,0.11550573,0.0,0.0,0.0,0.0,0.0
2,1,0.19841167,0.68608266,0.0,0.11550573,0.0,0.0,0.0,0.0,0.0
2,1,0.19841167,0.68608266,0.0,0.11550573,0.0,0.0,0.0,0.0,0.0
2,1,0.19841167,0.68608266,0.0,0.11550573,0.0,0.0,0.0,0.0,0.0
2,1,0.19841167,0.68608266,0.0,0.11550573,0.0,0.0,0.0,0.0,0.0
2,1,0.19841167,0.68608266,0.0,0.11550573,0.0,0.0,0.0,0.0,0.0
2,1,0.19841167,0.68608266,0.0,0.11550573,0.0,0.0,0.0,0.0,0.0
2,1,0.19841167,0.68608266,0.0,0.11550573,0.0,0.0,0.0,0.0,0.0
2,1,0.19841167,0.68608266,0.0,0.11550573,0.0,0.0,0.0,0.0,0.0
2,1,0.19841167,0.68608266,0.0,0.11550573,0.0,0.0,0.0,0.0,0.0
2,1,0.19841167,0.68608266,0.0,0.11550573,0.0,0.0,0.0,0.0,0.0
2,1,0.19841167,0.68608266,0.0,0.11550573,0.0,0.0,0.0,0.0,0.0
2,1,0.19841167,0.68608266,0.0,0.11550573,0.0,0.0,0.0,0.0,0.0
2,1,0.19841167,0.68608266,0.0,0.11550573,0.0,0.0,0.0,0.0,0.0
2,1,0.19841167,0.68608266,0.0,0.11550573,0.0,0.0,0.0,0.0,0.0
2,1,0.19841167,0.68608266,0.0,0.11550573,0.0,0.0,0.0,0.0,0.0
2,1,0.19841167,0.68608266,0.0,0.11550573,0.0,0.0,0.0,0.0,0.0
2,1,0.19841167,0.68608266,0.0,0.11550573,0.0,0.0,0.0,0.0,0.0
2,1,0.19841167,0.68608266,0.0,0.11550573,0.0,0.0,0.0,0.0,0.0
2,1,0.19841167,0.68608266,0.0,0.11550573,0.0,0.0,0.0,0.0,0.0
2,1,0.19841167,0.68608266,0.0,0.11550573,0.0,0.0,0.0,0.0,0.0
2,1,0.19841167,0.68608266,0.0,0.11550573,0.0,0.0,0.0,0.0,0.0
2,1,0.19841167,0.68608266,0.0,0.11550573,0.0,0.0,0.0,0.0,0.0
2,1,0.19841167,0.68608266,0.0,0.11550573,0.0,0.0,0.0,0.0,0.0
2,1,0.19841167,0.68608266,0.0,0.11550573,0.0,0.0,0.0,0.0,0.0
2,1,0.19841167,0.68608266,0.0,0.11550573,0.0,0.0,0.0,0.0,0.0
2,1,0.19841167,0.68608266,0.0,0.11550573,0.0,0.0,0.0,0.0,0.0
2,1,0.19841167,0.68608266,0.0,0.11550573,0.0,0.0,0.0,0.0,0.0
2,1,0.19841167,0.68608266,0.0,0.11550573,0.0,0.0,0.0,0.0,0.0
2,1,0.19841167,0.68608266,0.0,0.11550573,0.0,0.0,0.0,0.0,0.0
2,1,0.19841167,0.68608266,0.0,0.11550573,0.0,0.0,0.0,0.0,0.0
2,1,0.19841167,0.68608266,0.0,0.11550573,0.0,0.0,0.0,0.0,0.0
2,1,0.19841167,0.68608266,0.0,0.11550573,0.0,0.0,0.0,0.0,0.0
2,1,0.19841167,0.68608266,0.0,0.11550573,0.0,0.0,0.0,0.0,0.0
2,1,0.19841167,0.68608266,0.0,0.11550573,0.0,0.0,0.0,0.0,0.0
2,1,0.19841167,0.68608266,0.0,0.11550573,0.0,0.0,0.0,0.0,0.0
2,1,0.19841167,0.68608266,0.0,0.11550573,0.0,0.0,0.0,0.0,0.0
2,1,0.19841167,0.68608266,0.0,0.11550573,0.0,0.0,0.0,0.0,0.0
2,1,0.19841167,0.68608266,0.0,0.11550573,0.0,0.0,0.0,0.0,0.0
2,1,0.19841167,0.68608266,0.0,0.11550573,0.0,0.0,0.0,0.0,0.0
2,1,0.19841167,0.68608266,0.0,0.11550573,0.0,0.0,0.0,0.0,0.0
2,1,0.14274018,0.7417541,0.0,0.11550573,0.0,0.0,0.0,0.0,0.0
2,1,0.14274018,0.7417541,0.0,0.11550573,0.0,0.0,0.0,0.0,0.0
2,1,0.14274018,0.7417541,0.0,0.11550573,0.0,0.0,0.0,0.0,0.0
2,1,0.14274018,0.7417541,0.0,0.11550573,0.0,0.0,0.0,0.0,0.0
2,1,0.14274018,0.7417541,0.0,0.11550573,0.0,0.0,0.0,0.0,0.0
2,1,0.14274018,0.7417541,0.0,0.11550573,0.0,0.0,0.0,0.0,0.0
2,1,0.14274018,0.7417541,0.0,0.11550573,0.0,0.0,0.0,0.0,0.0
2,1,0.14274018,0.7417541,0.0,0.11550573,0.0,0.0,0.0,0.0,0.0
2,1,0.14274018,0.7417541,0.0,0.11550573,0.0,0.0,0.0,0.0,0.0
2,1,0.14274018,0.7417541,0.0,0.11550573,0.0,0.0,0.0,0.0,0.0
2,1,0.14274018,0.7417541,0.0,0.11550573,0.0,0.0,0.0,0.0,0.0
2,1,0.14274018,0.7417541,0.0,0.11550573,0.0,0.0,0.0,0.0,0.0
2,1,0.14274018,0.7417541,0.0,0.11550573,0.0,0.0,0.0,0.0,0.0
2,1,0.14274018,0.7417541,0.0,0.11550573,0.0,0.0,0.0,0.0,0.0
2,1,0.14274018,0.7417541,0.0,0.11550573,0.0,0.0,0.0,0.0,0.0
2,1,0.14274018,0.7417541,0.0,0.11550573,0.0,0.0,0.0,0.0,0.0
2,1,0.14274018,0.7417541,0.0,0.11550573,0.0,0.0,0.0,0.0,0.0
2,1,0.14274018,0.7417541,0.0,0.11550573,0.0,0.0,0.0,0.0,0.0
2,1,0.14274018,0.7417541,0.0,0.11550573,0.0,0.0,0.0,0.0,0.0
2,1,0.14274018,0.7417541,0.0,0.11550573,0.0,0.0,0.0,0.0,0.0
2,1,0.14274018,0.7417541,0.0,0.11550573,0.0,0.0,0.0,0.0,0.0
2,1,0.14274018,0.7417541,0.0,0.11550573,0.0,0.0,0.0,0.0,0.0
2,1,0.14274018,0.7417541,0.0,0.11550573,0.0,0.0,0.0,0.0,0.0
2,1,0.14274018,0.7417541,0.0,0.11550573,0.0,0.0,0.0,0.0,0.0
2,1,0.14274018,0.7417541,0.0,0.11550573,0.0,0.0,0.0,0.0,0.0
2,1,0.14274018,0.7417541,0.0,0.11550573,0.0,0.0,0.0,0.0,0.0
2,1,0.14274018,0.7417541,0.0,0.11550573,0.0,0.0,0.0,0.0,0.0
2,1,0.14274018,0.7417541,0.0,0.11550573,0.0,0.0,0.0,0.0,0.0
2,1,0.20190951,0.7417541,0.0,0.05633639,0.0,0.0,0.0,0.0,0.0
2,1,0.20190951,0.7417541,0.0,0.05633639,0.0,0.0,0.0,0.0,0.0
2,1,0.20190951,0.7417541,0.0,0.05633639,0.0,0.0,0.0,0.0,0.0
2,1,0.20190951,0.7417541,0.0,0.05633639,0.0,0.0,0.0,0.0,0.0
2,1,0.20190951,0.7417541,0.0,0.05633639,0.0,0.0,0.0,0.0,0.0
2,1,0.20190951,0.7417541,0.0,0.05633639,0.0,0.0,0.0,0.0,0.0
2,1,0.20190951,0.7417541,0.0,0.05633639,0.0,0.0,0.0,0.0,0.0
2,1,0.20190951,0.7417541,0.0,0.05633639,0.0,0.0,0.0,0.0,0.0
2,1,0.20190951,0.7417541,0.0,0.05633639,0.0,0.0,0.0,0.0,0.0
2,1,0.20190951,0.7417541,0.0,0.05633639,0.0,0.0,0.0,0.0,0.0
2,1,0.20190951,0.7417541,0.0,0.05633639,0.0,0.0,0.0,0.0,0.0
2,1,0.20190951,0.7417541,0.0,0.05633639,0.0,0.0,0.0,0.0,0.0
2,1,0.20190951,0.7417541,0.0,0.05633639,0.0,0.0,0.0,0.0,0.0
2,1,0.20190951,0.7417541,0.0,0.05633639,0.0,0.0,0.0,0.0,0.0
2,1,0.20190951,0.7417541,0.0,0.05633639,0.0,0.0,0.0,0.0,0.0
2,1,0.20190951,0.7417541,0.0,0.05633639,0.0,0.0,0.0,0.0,0.0
2,1,0.20190951,0.7417541,0.0,0.05633639,0.0,0.0,0.0,0.0,0.0
2,1,0.20190951,0.7417541,0.0,0.05633639,0.0,0.0,0.0,0.0,0.0
2,1,0.20190951,0.7417541,0.0,0.05633639,0.0,0.0,0.0,0.0,0.0
2,1,0.20190951,0.7417541,0.0,0.05633639,0.0,0.0,0.0,0.0,0.0
2,1,0.20190951,0.7417541,0.0,0.05633639,0.0,0.0,0.0,0.0,0.0
2,1,0.20190951,0.7417541,0.0,0.05633639,0.0,0.0,0.0,0.0,0.0
2,1,0.20190951,0.7417541,0.0,0.05633639,0.0,0.0,0.0,0.0,0.0
2,1,0.20190951,0.7417541,0.0,0.05633639,0.0,0.0,0.0,0.0,0.0
2,1,0.26427504,0.6793885,0.0,0.056336388,0.0,0.0,0.0,0.0,0.0
2,1,0.26427504,0.6793885,0.0,0.056336388,0.0,0.0,0.0,0.0,0.0
2,1,0.26427504,0.6793885,0.0,0.056336388,0.0,0.0,0.0,0.0,0.0
2,1,0.26427504,0.6793885,0.0,0.056336388,0.0,0.0,0.0,0.0,0.0
2,1,0.26427504,0.6793885,0.0,0.056336388,0.0,0.0,0.0,0.0,0.0
2,1,0.26427504,0.6793885,0.0,0.056336388,0.0,0.0,0.0,0.0,0.0
2,1,0.26427504,0.6793885,0.0,0.056336388,0.0,0.0,0.0,0.0,0.0
2,1,0.26427504,0.6793885,0.0,0.056336388,0.0,0.0,0.0,0.0,0.0
2,1,0.26427504,0.6793885,0.0,0.056336388,0.0,0.0,0.0,0.0,0.0
2,1,0.26427504,0.6793885,0.0,0.056336388,0.0,0.0,0.0,0.0,0.0
2,1,0.26427504,0.6793885,0.0,0.056336388,0.0,0.0,0.0,0.0,0.0
2,1,0.26427504,0.6793885,0.0,0.056336388,0.0,0.0,0.0,0.0,0.0
2,1,0.26427504,0.6793885,0.0,0.056336388,0.0,0.0,0.0,0.0,0.0
2,1,0.26427504,0.6793885,0.0,0.056336388,0.0,0.0,0.0,0.0,0.0
2,1,0.26427504,0.6793885,0.0,0.056336388,0.0,0.0,0.0,0.0,0.0
2,1,0.26427504,0.6793885,0.0,0.056336388,0.0,0.0,0.0,0.0,0.0
2,1,0.37793887,0.56572473,0.0,0.056336388,0.0,0.0,0.0,0.0,0.0
2,1,0.37793887,0.56572473,0.0,0.056336388,0.0,0.0,0.0,0.0,0.0
2,1,0.37793887,0.56572473,0.0,0.056336388,0.0,0.0,0.0,0.0,0.0
2,1,0.37793887,0.56572473,0.0,0.056336388,0.0,0.0,0.0,0.0,0.0
2,1,0.37793887,0.56572473,0.0,0.056336388,0.0,0.0,0.0,0.0,0.0
2,1,0.37793887,0.56572473,0.0,0.056336388,0.0,0.0,0.0,0.0,0.0
2,1,0.37793887,0.56572473,0.0,0.056336388,0.0,0.0,0.0,0.0,0.0
2,1,0.37793887,0.56572473,0.0,0.056336388,0.0,0.0,0.0,0.0,0.0
2,1,0.37793887,0.56572473,0.0,0.056336388,0.0,0.0,0.0,0.0,0.0
2,1,0.37793887,0.56572473,0.0,0.056336388,0.0,0.0,0.0,0.0,0.0
2,1,0.37793887,0.56572473,0.0,0.056336388,0.0,0.0,0.0,0.0,0.0
2,1,0.37793887,0.56572473,0.0,0.056336388,0.0,0.0,0.0,0.0,0.0
2,1,0.37793887,0.56572473,0.0,0.056336388,0.0,0.0,0.0,0.0,0.0
2,1,0.43361035,0.5100533,0.0,0.05633639,0.0,0.0,0.0,0.0,0.0
2,0,0.50639415,0.43726942,0.0,0.056336388,0.0,0.0,0.0,0.0,0.0
2,0,0.50639415,0.43726942,0.0,0.056336388,0.0,0.0,0.0,0.0,0.0
2,0,0.5730216,0.37064198,0.0,0.056336388,0.0,0.0,0.0,0.0,0.0
2,0,0.5730216,0.37064198,0.0,0.056336388,0.0,0.0,0.0,0.0,0.0
2,0,0.5730216,0.37064198,0.0,0.056336388,0.0,0.0,0.0,0.0,0.0
2,0,0.5730216,0.37064198,0.0,0.056336388,0.0,0.0,0.0,0.0,0.0
2,0,0.5730216,0.37064198,0.0,0.056336388,0.0,0.0,0.0,0.0,0.0
2,0,0.5730216,0.37064198,0.0,0.056336388,0.0,0.0,0.0,0.0,0.0
2,0,0.5730216,0.37064198,0.0,0.056336388,0.0,0.0,0.0,0.0,0.0
2,0,0.5730216,0.37064198,0.0,0.056336388,0.0,0.0,0.0,0.0,0.0
2,0,0.5730216,0.37064198,0.0,0.056336388,0.0,0.0,0.0,0.0,0.0
2,0,0.5730216,0.37064198,0.0,0.056336388,0.0,0.0,0.0,0.0,0.0
2,0,0.5730216,0.37064198,0.0,0.056336388,0.0,0.0,0.0,0.0,0.0
2,0,0.5730216,0.37064198,0.0,0.056336388,0.0,0.0,0.0,0.0,0.0
2,0,0.5730216,0.37064198,0.0,0.056336388,0.0,0.0,0.0,0.0,0.0
2,0,0.5730216,0.37064198,0.0,0.056336388,0.0,0.0,0.0,0.0,0.0
2,0,0.5730216,0.37064198,0.0,0.056336388,0.0,0.0,0.0,0.0,0.0
2,0,0.5730216,0.37064198,0.0,0.056336388,0.0,0.0,0.0,0.0,0.0
2,0,0.5730216,0.37064198,0.0,0.056336388,0.0,0.0,0.0,0.0,0.0
2,0,0.5730216,0.37064198,0.0,0.056336388,0.0,0.0,0.0,0.0,0.0
2,0,0.5730216,0.37064198,0.0,0.056336388,0.0,0.0,0.0,0.0,0.0
2,0,0.5730216,0.37064198,0.0,0.056336388,0.0,0.0,0.0,0.0,0.0
3,0,0.5730216,0.37064198,0.0,0.056336388,0.0,0.0,0.0,0.0,0.0
3,0,0.5730216,0.37064198,0.0,0.056336388,0.0,0.0,0.0,0.0,0.0
3,0,0.5730216,0.37064198,0.0,0.056336388,0.0,0.0,0.0,0.0,0.0
3,0,0.5730216,0.37064198,0.0,0.056336388,0.0,0.0,0.0,0.0,0.0
3,0,0.5730216,0.37064198,0.0,0.056336388,0.0,0.0,0.0,0.0,0.0
3,0,0.5730216,0.37064198,0.0,0.056336388,0.0,0.0,0.0,0.0,0.0
3,0,0.5730216,0.37064198,0.0,0.056336388,0.0,0.0,0.0,0.0,0.0
3,0,0.5730216,0.37064198,0.0,0.056336388,0.0,0.0,0.0,0.0,0.0
3,0,0.5730216,0.37064198,0.0,0.056336388,0.0,0.0,0.0,0.0,0.0
3,0,0.5730216,0.37064198,0.0,0.056336388,0.0,0.0,0.0,0.0,0.0
3,0,0.5730216,0.37064198,0.0,0.056336388,0.0,0.0,0.0,0.0,0.0
3,0,0.5730216,0.37064198,0.0,0.056336388,0.0,0.0,0.0,0.0,0.0
3,0,0.5730216,0.37064198,0.0,0.056336388,0.0,0.0,0.0,0.0,0.0
3,0,0.5730216,0.37064198,0.0,0.056336388,0.0,0.0,0.0,0.0,0.0
3,0,0.5730216,0.37064198,0.0,0.056336388,0.0,0.0,0.0,0.0,0.0
3,0,0.5730216,0.37064198,0.0,0.056336388,0.0,0.0,0.0,0.0,0.0
3,0,0.5730216,0.37064198,0.0,0.056336388,0.0,0.0,0.0,0.0,0.0
3,0,0.5730216,0.37064198,0.0,0.056336388,0.0,0.0,0.0,0.0,0.0
3,0,0.5730216,0.37064198,0.0,0.056336388,0.0,0.0,0.0,0.0,0.0
3,0,0.5730216,0.37064198,0.0,0.056336388,0.0,0.0,0.0,0.0,0.0
3,0,0.5730216,0.37064198,0.0,0.056336388,0.0,0.0,0.0,0.0,0.0
3,0,0.5730216,0.37064198,0.0,0.056336388,0.0,0.0,0.0,0.0,0.0
3,0,0.5730216,0.37064198,0.0,0.056336388,0.0,0.0,0.0,0.0,0.0
3,0,0.5730216,0.37064198,0.0,0.056336388,0.0,0.0,0.0,0.0,0.0
3,0,0.5730216,0.37064198,0.0,0.056336388,0.0,0.0,0.0,0.0,0.0
3,0,0.5730216,0.37064198,0.0,0.056336388,0.0,0.0,0.0,0.0,0.0
3,0,0.5730216,0.37064198,0.0,0.056336388,0.0,0.0,0.0,0.0,0.0
3,0,0.5730216,0.37064198,0.0,0.056336388,0.0,0.0,0.0,0.0,0.0
3,0,0.5730216,0.30816197,0.0,0.056336388,0.0,0.0,0.0,0.06248001,0.0
3,0,0.5730216,0.30816197,0.0,0.056336388,0.0,0.0,0.0,0.06248001,0.0
3,0,0.5730216,0.30816197,0.0,0.056336388,0.0,0.0,0.0,0.06248001,0.0
3,0,0.5730216,0.30816197,0.0,0.056336388,0.0,0.0,0.0,0.06248001,0.0
3,0,0.5730216,0.30816197,0.0,0.056336388,0.0,0.0,0.0,0.06248001,0.0
3,0,0.5730216,0.30816197,0.0,0.056336388,0.0,0.0,0.0,0.06248001,0.0
3,0,0.5730216,0.30816197,0.0,0.056336388,0.0,0.0,0.0,0.06248001,0.0
3,0,0.5730216,0.30816197,0.0,0.056336388,0.0,0.0,0.0,0.06248001,0.0
3,0,0.6319881,0.24919546,0.0,0.05633639,0.0,0.0,0.0,0.062480014,0.0
3,0,0.6319881,0.24919546,0.0,0.05633639,0.0,0.0,0.0,0.062480014,0.0
3,0,0.6319881,0.24919546,0.0,0.05633639,0.0,0.0,0.0,0.062480014,0.0
3,0,0.6319881,0.24919546,0.0,0.05633639,0.0,0.0,0.0,0.062480014,0.0
3,0,0.6319881,0.24919546,0.0,0.05633639,0.0,0.0,0.0,0.062480014,0.0
3,0,0.6319881,0.24919546,0.0,0.05633639,0.0,0.0,0.0,0.062480014,0.0
3,0,0.6319881,0.24919546,0.0,0.05633639,0.0,0.0,0.0,0.062480014,0.0
3,0,0.6319881,0.24919546,0.0,0.05633639,0.0,0.0,0.0,0.062480014,0.0
3,0,0.6319881,0.24919546,0.0,0.05633639,0.0,0.0,0.0,0.062480014,0.0
3,0,0.6319881,0.24919546,0.0,0.05633639,0.0,0.0,0.0,0.062480014,0.0
3,0,0.6319881,0.24919546,0.0,0.05633639,0.0,0.0,0.0,0.062480014,0.0
3,0,0.6319881,0.24919546,0.0,0.05633639,0.0,0.0,0.0,0.062480014,0.0
3,0,0.6319881,0.24919546,0.0,0.05633639,0.0,0.0,0.0,0.062480014,0.0
3,0,0.6319881,0.24919546,0.0,0.05633639,0.0,0.0,0.0,0.062480014,0.0
3,0,0.6319881,0.24919546,0.0,0.05633639,0.0,0.0,0.0,0.062480014,0.0
3,0,0.6319881,0.24919546,0.0,0.05633639,0.0,0.0,0.0,0.062480014,0.0
3,0,0.7030796,0.17810401,0.0,0.05633639,0.0,0.0,0.0,0.062480014,0.0
3,0,0.7030796,0.17810401,0.0,0.05633639,0.0,0.0,0.0,0.062480014,0.0
3,0,0.7030796,0.17810401,0.0,0.05633639,0.0,0.0,0.0,0.062480014,0.0
3,0,0.7030796,0.17810401,0.0,0.05633639,0.0,0.0,0.0,0.062480014,0.0
3,0,0.7030796,0.17810401,0.0,0.05633639,0.0,0.0,0.0,0.062480014,0.0
3,0,0.7030796,0.17810401,0.0,0.05633639,0.0,0.0,0.0,0.062480014,0.0
3,0,0.7030796,0.17810401,0.0,0.05633639,0.0,0.0,0.0,0.062480014,0.0
3,0,0.7030796,0.17810401,0.0,0.05633639,0.0,0.0,0.0,0.062480014,0.0
3,0,0.879415,0.058105025,0.0,0.062480014,0.0,0.0,0.0,0.0,0.0
3,0,0.879415,0.058105025,0.0,0.062480014,0.0,0.0,0.0,0.0,0.0
3,0,0.879415,0.058105025,0.0,0.062480014,0.0,0.0,0.0,0.0,0.0
3,0,0.879415,0.058105025,0.0,0.062480014,0.0,0.0,0.0,0.0,0.0
3,0,0.879415,0.058105025,0.0,0.062480014,0.0,0.0,0.0,0.0,0.0
3,0,0.879415,0.058105025,0.0,0.062480014,0.0,0.0,0.0,0.0,0.0
3,0,0.879415,0.058105025,0.0,0.062480014,0.0,0.0,0.0,0.0,0.0
3,0,0.879415,0.058105025,0.0,0.062480014,0.0,0.0,0.0,0.0,0.0
3,0,0.879415,0.058105025,0.0,0.062480014,0.0,0.0,0.0,0.0,0.0
3,0,0.879415,0.058105025,0.0,0.062480014,0.0,0.0,0.0,0.0,0.0
3,0,0.879415,0.058105025,0.0,0.062480014,0.0,0.0,0.0,0.0,0.0
3,0,0.879415,0.058105025,0.0,0.062480014,0.0,0.0,0.0,0.0,0.0
3,0,0.879415,0.058105025,0.0,0.062480014,0.0,0.0,0.0,0.0,0.0
3,0,0.879415,0.058105025,0.0,0.062480014,0.0,0.0,0.0,0.0,0.0
3,0,0.879415,0.058105025,0.0,0.062480014,0.0,0.0,0.0,0.0,0.0
3,0,0.879415,0.058105025,0.0,0.062480014,0.0,0.0,0.0,0.0,0.0
3,0,0.879415,0.058105025,0.0,0.062480014,0.0,0.0,0.0,0.0,0.0
3,0,0.879415,0.058105025,0.0,0.062480014,0.0,0.0,0.0,0.0,0.0
3,0,0.879415,0.058105025,0.0,0.062480014,0.0,0.0,0.0,0.0,0.0
3,0,0.879415,0.058105025,0.0,0.062480014,0.0,0.0,0.0,0.0,0.0
3,0,0.879415,0.058105025,0.0,0.062480014,0.0,0.0,0.0,0.0,0.0
3,0,0.879415,0.058105025,0.0,0.062480014,0.0,0.0,0.0,0.0,0.0
3,0,0.879415,0.058105025,0.0,0.062480014,0.0,0.0,0.0,0.0,0.0
3,0,0.879415,0.058105025,0.0,0.062480014,0.0,0.0,0.0,0.0,0.0
3,0,0.879415,0.058105025,0.0,0.062480014,0.0,0.0,0.0,0.0,0.0
3,0,0.879415,0.058105025,0.0,0.062480014,0.0,0.0,0.0,0.0,0.0
3,0,0.879415,0.058105025,0.0,0.062480014,0.0,0.0,0.0,0.0,0.0
3,0,0.879415,0.058105025,0.0,0.062480014,0.0,0.0,0.0,0.0,0.0
3,0,0.879415,0.058105025,0.0,0.062480014,0.0,0.0,0.0,0.0,0.0
3,0,0.879415,0.058105025,0.0,0.062480014,0.0,0.0,0.0,0.0,0.0
3,0,0.879415,0.058105025,0.0,0.062480014,0.0,0.0,0.0,0.0,0.0
3,0,0.879415,0.058105025,0.0,0.062480014,0.0,0.0,0.0,0.0,0.0
3,0,0.879415,0.058105025,0.0,0.062480014,0.0,0.0,0.0,0.0,0.0
3,0,0.879415,0.058105025,0.0,0.062480014,0.0,0.0,0.0,0.0,0.0
3,0,0.879415,0.058105025,0.0,0.062480014,0.0,0.0,0.0,0.0,0.0
3,0,0.879415,0.058105025,0.0,0.062480014,0.0,0.0,0.0,0.0,0.0
3,0,0.879415,0.058105025,0.0,0.062480014,0.0,0.0,0.0,0.0,0.0
3,0,0.879415,0.058105025,0.0,0.062480014,0.0,0.0,0.0,0.0,0.0
3,0,0.879415,0.058105025,0.0,0.062480014,0.0,0.0,0.0,0.0,0.0
3,0,0.879415,0.058105025,0.0,0.062480014,0.0,0.0,0.0,0.0,0.0
3,0,0.879415,0.058105025,0.0,0.062480014,0.0,0.0,0.0,0.0,0.0
3,0,0.879415,0.058105025,0.0,0.062480014,0.0,0.0,0.0,0.0,0.0
3,0,0.879415,0.058105025,0.0,0.062480014,0.0,0.0,0.0,0.0,0.0
3,0,0.879415,0.058105025,0.0,0.062480014,0.0,0.0,0.0,0.0,0.0
3,0,0.879415,0.058105025,0.0,0.062480014,0.0,0.0,0.0,0.0,0.0
3,0,0.879415,0.058105025,0.0,0.062480014,0.0,0.0,0.0,0.0,0.0
3,0,0.879415,0.058105025,0.0,0.062480014,0.0,0.0,0.0,0.0,0.0
3,0,0.879415,0.058105025,0.0,0.062480014,0.0,0.0,0.0,0.0,0.0
3,0,0.879415,0.058105025,0.0,0.062480014,0.0,0.0,0.0,0.0,0.0
3,0,0.879415,0.058105025,0.0,0.062480014,0.0,0.0,0.0,0.0,0.0
3,0,0.879415,0.058105025,0.0,0.062480014,0.0,0.0,0.0,0.0,0.0
3,0,0.879415,0.058105025,0.0,0.062480014,0.0,0.0,0.0,0.0,0.0
3,0,0.879415,0.058105025,0.0,0.062480014,0.0,0.0,0.0,0.0,0.0
3,0,0.879415,0.058105025,0.0,0.062480014,0.0,0.0,0.0,0.0,0.0
3,0,0.82374346,0.11377651,0.0,0.06248001,0.0,0.0,0.0,0.0,0.0
3,0,0.82374346,0.11377651,0.0,0.06248001,0.0,0.0,0.0,0.0,0.0
3,0,0.82374346,0.11377651,0.0,0.06248001,0.0,0.0,0.0,0.0,0.0
3,0,0.82374346,0.11377651,0.0,0.06248001,0.0,0.0,0.0,0.0,0.0
3,0,0.82374346,0.11377651,0.0,0.06248001,0.0,0.0,0.0,0.0,0.0
3,0,0.82374346,0.11377651,0.0,0.06248001,0.0,0.0,0.0,0.0,0.0
3,0,0.82374346,0.11377651,0.0,0.06248001,0.0,0.0,0.0,0.0,0.0
3,0,0.82374346,0.11377651,0.0,0.06248001,0.0,0.0,0.0,0.0,0.0
3,0,0.82374346,0.11377651,0.0,0.06248001,0.0,0.0,0.0,0.0,0.0
3,0,0.82374346,0.11377651,0.0,0.06248001,0.0,0.0,0.0,0.0,0.0
3,0,0.82374346,0.11377651,0.0,0.06248001,0.0,0.0,0.0,0.0,0.0
3,0,0.82374346,0.11377651,0.0,0.06248001,0.0,0.0,0.0,0.0,0.0
3,0,0.82374346,0.11377651,0.0,0.06248001,0.0,0.0,0.0,0.0,0.0
3,0,0.82374346,0.11377651,0.0,0.06248001,0.0,0.0,0.0,0.0,0.0
3,0,0.82374346,0.11377651,0.0,0.06248001,0.0,0.0,0.0,0.0,0.0
3,0,0.82374346,0.11377651,0.0,0.06248001,0.0,0.0,0.0,0.0,0.0
3,0,0.82374346,0.11377651,0.0,0.06248001,0.0,0.0,0.0,0.0,0.0
3,0,0.82374346,0.11377651,0.0,0.06248001,0.0,0.0,0.0,0.0,0.0
3,0,0.82374346,0.11377651,0.0,0.06248001,0.0,0.0,0.0,0.0,0.0
3,0,0.82374346,0.11377651,0.0,0.06248001,0.0,0.0,0.0,0.0,0.0
3,0,0.82374346,0.11377651,0.0,0.06248001,0.0,0.0,0.0,0.0,0.0
3,0,0.82374346,0.11377651,0.0,0.06248001,0.0,0.0,0.0,0.0,0.0
3,0,0.82374346,0.11377651,0.0,0.06248001,0.0,0.0,0.0,0.0,0.0
3,0,0.82374346,0.11377651,0.0,0.06248001,0.0,0.0,0.0,0.0,0.0
3,0,0.82374346,0.11377651,0.0,0.06248001,0.0,0.0,0.0,0.0,0.0
3,0,0.82374346,0.11377651,0.0,0.06248001,0.0,0.0,0.0,0.0,0.0
3,0,0.82374346,0.11377651,0.0,0.06248001,0.0,0.0,0.0,0.0,0.0
3,0,0.82374346,0.11377651,0.0,0.06248001,0.0,0.0,0.0,0.0,0.0
3,0,0.82374346,0.11377651,0.0,0.06248001,0.0,0.0,0.0,0.0,0.0
3,0,0.82374346,0.11377651,0.0,0.06248001,0.0,0.0,0.0,0.0,0.0
3,0,0.82374346,0.11377651,0.0,0.06248001,0.0,0.0,0.0,0.0,0.0
3,0,0.82374346,0.11377651,0.0,0.06248001,0.0,0.0,0.0,0.0,0.0
3,0,0.82374346,0.11377651,0.0,0.06248001,0.0,0.0,0.0,0.0,0.0
3,0,0.82374346,0.11377651,0.0,0.06248001,0.0,0.0,0.0,0.0,0.0
3,0,0.82374346,0.11377651,0.0,0.06248001,0.0,0.0,0.0,0.0,0.0
3,0,0.82374346,0.11377651,0.0,0.06248001,0.0,0.0,0.0,0.0,0.0
3,0,0.82374346,0.11377651,0.0,0.06248001,0.0,0.0,0.0,0.0,0.0
3,0,0.82374346,0.11377651,0.0,0.06248001,0.0,0.0,0.0,0.0,0.0
3,0,0.82374346,0.11377651,0.0,0.06248001,0.0,0.0,0.0,0.0,0.0
3,0,0.82374346,0.11377651,0.0,0.06248001,0.0,0.0,0.0,0.0,0.0
3,0,0.82374346,0.11377651,0.0,0.06248001,0.0,0.0,0.0,0.0,0.0
3,0,0.82374346,0.11377651,0.0,0.06248001,0.0,0.0,0.0,0.0,0.0
3,0,0.82374346,0.11377651,0.0,0.06248001,0.0,0.0,0.0,0.0,0.0
3,0,0.82374346,0.11377651,0.0,0.06248001,0.0,0.0,0.0,0.0,0.0
3,0,0.82374346,0.11377651,0.0,0.06248001,0.0,0.0,0.0,0.0,0.0
3,0,0.82374346,0.11377651,0.0,0.06248001,0.0,0.0,0.0,0.0,0.0
3,0,0.82374346,0.11377651,0.0,0.06248001,0.0,0.0,0.0,0.0,0.0
3,0,0.82374346,0.11377651,0.0,0.06248001,0.0,0.0,0.0,0.0,0.0
3,0,0.82374346,0.11377651,0.0,0.06248001,0.0,0.0,0.0,0.0,0.0
3,0,0.82374346,0.11377651,0.0,0.06248001,0.0,0.0,0.0,0.0,0.0
3,0,0.82374346,0.11377651,0.0,0.06248001,0.0,0.0,0.0,0.0,0.0
3,0,0.82374346,0.11377651,0.0,0.06248001,0.0,0.0,0.0,0.0,0.0
3,0,0.82374346,0.11377651,0.0,0.06248001,0.0,0.0,0.0,0.0,0.0
3,0,0.82374346,0.11377651,0.0,0.06248001,0.0,0.0,0.0,0.0,0.0
3,0,0.82374346,0.11377651,0.0,0.06248001,0.0,0.0,0.0,0.0,0.0
3,0,0.82374346,0.11377651,0.0,0.06248001,0.0,0.0,0.0,0.0,0.0
3,0,0.82374346,0.11377651,0.0,0.06248001,0.0,0.0,0.0,0.0,0.0
3,0,0.82374346,0.11377651,0.0,0.06248001,0.0,0.0,0.0,0.0,0.0
3,0,0.82374346,0.11377651,0.0,0.06248001,0.0,0.0,0.0,0.0,0.0
3,0,0.82374346,0.11377651,0.0,0.06248001,0.0,0.0,0.0,0.0,0.0
3,0,0.82374346,0.11377651,0.0,0.06248001,0.0,0.0,0.0,0.0,0.0
3,0,0.82374346,0.11377651,0.0,0.06248001,0.0,0.0,0.0,0.0,0.0
3,0,0.82374346,0.11377651,0.0,0.06248001,0.0,0.0,0.0,0.0,0.0
3,0,0.82374346,0.11377651,0.0,0.06248001,0.0,0.0,0.0,0.0,0.0
3,0,0.82374346,0.11377651,0.0,0.06248001,0.0,0.0,0.0,0.0,0.0
3,0,0.82374346,0.11377651,0.0,0.06248001,0.0,0.0,0.0,0.0,0.0
3,0,0.82374346,0.11377651,0.0,0.06248001,0.0,0.0,0.0,0.0,0.0
3,0,0.82374346,0.11377651,0.0,0.06248001,0.0,0.0,0.0,0.0,0.0
3,0,0.82374346,0.11377651,0.0,0.06248001,0.0,0.0,0.0,0.0,0.0
3,0,0.82374346,0.11377651,0.0,0.06248001,0.0,0.0,0.0,0.0,0.0
3,0,0.82374346,0.11377651,0.0,0.06248001,0.0,0.0,0.0,0.0,0.0
3,0,0.82374346,0.11377651,0.0,0.06248001,0.0,0.0,0.0,0.0,0.0
3,0,0.82374346,0.11377651,0.0,0.06248001,0.0,0.0,0.0,0.0,0.0
3,0,0.82374346,0.11377651,0.0,0.06248001,0.0,0.0,0.0,0.0,0.0
3,0,0.82374346,0.11377651,0.0,0.06248001,0.0,0.0,0.0,0.0,0.0
3,0,0.82374346,0.11377651,0.0,0.06248001,0.0,0.0,0.0,0.0,0.0
3,0,0.82374346,0.11377651,0.0,0.06248001,0.0,0.0,0.0,0.0,0.0
3,0,0.82374346,0.11377651,0.0,0.06248001,0.0,0.0,0.0,0.0,0.0
3,0,0.82374346,0.11377651,0.0,0.06248001,0.0,0.0,0.0,0.0,0.0
3,0,0.82374346,0.11377651,0.0,0.06248001,0.0,0.0,0.0,0.0,0.0
3,0,0.82374346,0.11377651,0.0,0.06248001,0.0,0.0,0.0,0.0,0.0
3,0,0.879415,0.058105025,0.0,0.062480014,0.0,0.0,0.0,0.0,0.0
3,0,0.879415,0.058105025,0.0,0.062480014,0.0,0.0,0.0,0.0,0.0
3,0,0.879415,0.058105025,0.0,0.062480014,0.0,0.0,0.0,0.0,0.0
3,0,0.879415,0.058105025,0.0,0.062480014,0.0,0.0,0.0,0.0,0.0
3,0,0.879415,0.058105025,0.0,0.062480014,0.0,0.0,0.0,0.0,0.0
3,0,0.879415,0.058105025,0.0,0.062480014,0.0,0.0,0.0,0.0,0.0
3,0,0.879415,0.058105025,0.0,0.062480014,0.0,0.0,0.0,0.0,0.0
3,0,0.879415,0.058105025,0.0,0.062480014,0.0,0.0,0.0,0.0,0.0
3,0,0.879415,0.058105025,0.0,0.062480014,0.0,0.0,0.0,0.0,0.0
3,0,0.879415,0.058105025,0.0,0.062480014,0.0,0.0,0.0,0.0,0.0
3,0,0.879415,0.058105025,0.0,0.062480014,0.0,0.0,0.0,0.0,0.0
3,0,0.879415,0.058105025,0.0,0.062480014,0.0,0.0,0.0,0.0,0.0
3,0,0.879415,0.058105025,0.0,0.062480014,0.0,0.0,0.0,0.0,0.0
3,0,0.879415,0.058105025,0.0,0.062480014,0.0,0.0,0.0,0.0,0.0
3,0,0.879415,0.058105025,0.0,0.062480014,0.0,0.0,0.0,0.0,0.0
3,0,0.879415,0.058105025,0.0,0.062480014,0.0,0.0,0.0,0.0,0.0
3,0,0.879415,0.058105025,0.0,0.062480014,0.0,0.0,0.0,0.0,0.0
3,0,0.879415,0.058105025,0.0,0.062480014,0.0,0.0,0.0,0.0,0.0
3,0,0.879415,0.058105025,0.0,0.062480014,0.0,0.0,0.0,0.0,0.0
3,0,0.879415,0.058105025,0.0,0.062480014,0.0,0.0,0.0,0.0,0.0
3,0,0.879415,0.058105025,0.0,0.062480014,0.0,0.0,0.0,0.0,0.0
3,0,0.879415,0.058105025,0.0,0.062480014,0.0,0.0,0.0,0.0,0.0
3,0,0.879415,0.058105025,0.0,0.062480014,0.0,0.0,0.0,0.0,0.0
3,0,0.879415,0.058105025,0.0,0.062480014,0.0,0.0,0.0,0.0,0.0
3,0,0.879415,0.058105025,0.0,0.062480014,0.0,0.0,0.0,0.0,0.0
3,0,0.879415,0.0,0.058105025,0.062480014,0.0,0.0,0.0,0.0,0.0
3,0,0.879415,0.0,0.058105025,0.062480014,0.0,0.0,0.0,0.0,0.0
3,0,0.879415,0.0,0.058105025,0.062480014,0.0,0.0,0.0,0.0,0.0
3,0,0.879415,0.0,0.058105025,0.062480014,0.0,0.0,0.0,0.0,0.0
3,0,0.879415,0.0,0.058105025,0.062480014,0.0,0.0,0.0,0.0,0.0
3,0,0.879415,0.0,0.058105025,0.062480014,0.0,0.0,0.0,0.0,0.0
3,0,0.879415,0.0,0.058105025,0.062480014,0.0,0.0,0.0,0.0,0.0
3,0,0.879415,0.0,0.058105025,0.062480014,0.0,0.0,0.0,0.0,0.0
3,0,0.879415,0.0,0.058105025,0.062480014,0.0,0.0,0.0,0.0,0.0
3,0,0.879415,0.0,0.058105025,0.062480014,0.0,0.0,0.0,0.0,0.0
3,0,0.879415,0.0,0.058105025,0.062480014,0.0,0.0,0.0,0.0,0.0
3,0,0.879415,0.0,0.058105025,0.062480014,0.0,0.0,0.0,0.0,0.0
3,0,0.879415,0.0,0.058105025,0.062480014,0.0,0.0,0.0,0.0,0.0
3,0,0.879415,0.0,0.058105025,0.062480014,0.0,0.0,0.0,0.0,0.0
3,0,0.879415,0.0,0.058105025,0.062480014,0.0,0.0,0.0,0.0,0.0
3,0,0.879415,0.0,0.058105025,0.062480014,0.0,0.0,0.0,0.0,0.0
3,0,0.879415,0.0,0.058105025,0.062480014,0.0,0.0,0.0,0.0,0.0
3,0,0.879415,0.0,0.058105025,0.062480014,0.0,0.0,0.0,0.0,0.0
3,0,0.879415,0.0,0.058105025,0.062480014,0.0,0.0,0.0,0.0,0.0
3,0,0.879415,0.0,0.058105025,0.062480014,0.0,0.0,0.0,0.0,0.0
3,0,0.879415,0.0,0.058105025,0.062480014,0.0,0.0,0.0,0.0,0.0
3,0,0.879415,0.0,0.058105025,0.062480014,0.0,0.0,0.0,0.0,0.0
3,0,0.879415,0.0,0.058105025,0.062480014,0.0,0.0,0.0,0.0,0.0
3,0,0.879415,0.0,0.058105025,0.062480014,0.0,0.0,0.0,0.0,0.0
3,0,0.879415,0.0,0.058105025,0.062480014,0.0,0.0,0.0,0.0,0.0
3,0,0.879415,0.0,0.058105025,0.062480014,0.0,0.0,0.0,0.0,0.0
3,0,0.879415,0.0,0.058105025,0.062480014,0.0,0.0,0.0,0.0,0.0
3,0,0.879415,0.0,0.058105025,0.062480014,0.0,0.0,0.0,0.0,0.0
3,0,0.879415,0.0,0.058105025,0.062480014,0.0,0.0,0.0,0.0,0.0
3,0,0.879415,0.0,0.058105025,0.062480014,0.0,0.0,0.0,0.0,0.0
3,0,0.879415,0.0,0.058105025,0.062480014,0.0,0.0,0.0,0.0,0.0
3,0,0.879415,0.0,0.058105025,0.062480014,0.0,0.0,0.0,0.0,0.0
3,0,0.879415,0.0,0.058105025,0.062480014,0.0,0.0,0.0,0.0,0.0
3,0,0.879415,0.0,0.058105025,0.062480014,0.0,0.0,0.0,0.0,0.0
3,0,0.879415,0.0,0.058105025,0.062480014,0.0,0.0,0.0,0.0,0.0
3,0,0.879415,0.0,0.058105025,0.062480014,0.0,0.0,0.0,0.0,0.0
3,0,0.879415,0.0,0.058105025,0.062480014,0.0,0.0,0.0,0.0,0.0
3,0,0.879415,0.0,0.058105025,0.062480014,0.0,0.0,0.0,0.0,0.0
3,0,0.879415,0.0,0.058105025,0.062480014,0.0,0.0,0.0,0.0,0.0
3,0,0.879415,0.0,0.058105025,0.062480014,0.0,0.0,0.0,0.0,0.0
3,0,0.879415,0.0,0.058105025,0.062480014,0.0,0.0,0.0,0.0,0.0
3,0,0.879415,0.0,0.058105025,0.062480014,0.0,0.0,0.0,0.0,0.0
3,0,0.879415,0.0,0.058105025,0.062480014,0.0,0.0,0.0,0.0,0.0
3,0,0.879415,0.0,0.058105025,0.062480014,0.0,0.0,0.0,0.0,0.0
3,0,0.879415,0.0,0.058105025,0.062480014,0.0,0.0,0.0,0.0,0.0
3,0,0.879415,0.0,0.058105025,0.062480014,0.0,0.0,0.0,0.0,0.0
3,0,0.879415,0.0,0.058105025,0.062480014,0.0,0.0,0.0,0.0,0.0
3,0,0.879415,0.0,0.058105025,0.062480014,0.0,0.0,0.0,0.0,0.0
3,0,0.879415,0.0,0.058105025,0.062480014,0.0,0.0,0.0,0.0,0.0
3,0,0.879415,0.0,0.058105025,0.062480014,0.0,0.0,0.0,0.0,0.0
3,0,0.879415,0.0,0.058105025,0.062480014,0.0,0.0,0.0,0.0,0.0
3,0,0.879415,0.0,0.058105025,0.062480014,0.0,0.0,0.0,0.0,0.0
3,0,0.879415,0.0,0.058105025,0.062480014,0.0,0.0,0.0,0.0,0.0
3,0,0.879415,0.0,0.058105025,0.062480014,0.0,0.0,0.0,0.0,0.0
3,0,0.879415,0.0,0.058105025,0.062480014,0.0,0.0,0.0,0.0,0.0
3,0,0.879415,0.0,0.058105025,0.062480014,0.0,0.0,0.0,0.0,0.0
3,0,0.879415,0.0,0.058105025,0.062480014,0.0,0.0,0.0,0.0,0.0
3,0,0.879415,0.0,0.058105025,0.062480014,0.0,0.0,0.0,0.0,0.0
3,0,0.879415,0.0,0.058105025,0.062480014,0.0,0.0,0.0,0.0,0.0
3,0,0.879415,0.0,0.058105025,0.062480014,0.0,0.0,0.0,0.0,0.0
3,0,0.879415,0.0,0.058105025,0.062480014,0.0,0.0,0.0,0.0,0.0
3,0,0.879415,0.0,0.058105025,0.062480014,0.0,0.0,0.0,0.0,0.0
3,0,0.879415,0.0,0.058105025,0.062480014,0.0,0.0,0.0,0.0,0.0
3,0,0.879415,0.0,0.058105025,0.062480014,0.0,0.0,0.0,0.0,0.0
3,0,0.879415,0.0,0.058105025,0.062480014,0.0,0.0,0.0,0.0,0.0
3,0,0.879415,0.0,0.058105025,0.062480014,0.0,0.0,0.0,0.0,0.0
3,0,0.879415,0.0,0.058105025,0.062480014,0.0,0.0,0.0,0.0,0.0
3,0,0.879415,0.0,0.058105025,0.062480014,0.0,0.0,0.0,0.0,0.0
3,0,0.879415,0.0,0.058105025,0.062480014,0.0,0.0,0.0,0.0,0.0
3,0,0.879415,0.0,0.058105025,0.062480014,0.0,0.0,0.0,0.0,0.0
3,0,0.879415,0.0,0.058105025,0.062480014,0.0,0.0,0.0,0.0,0.0
3,0,0.879415,0.0,0.058105025,0.062480014,0.0,0.0,0.0,0.0,0.0
3,0,0.879415,0.0,0.058105025,0.062480014,0.0,0.0,0.0,0.0,0.0
3,0,0.879415,0.0,0.058105025,0.062480014,0.0,0.0,0.0,0.0,0.0
3,0,0.879415,0.0,0.058105025,0.062480014,0.0,0.0,0.0,0.0,0.0
3,0,0.879415,0.0,0.058105025,0.062480014,0.0,0.0,0.0,0.0,0.0
3,0,0.879415,0.0,0.058105025,0.062480014,0.0,0.0,0.0,0.0,0.0
3,0,0.879415,0.0,0.058105025,0.062480014,0.0,0.0,0.0,0.0,0.0
3,0,0.879415,0.0,0.058105025,0.062480014,0.0,0.0,0.0,0.0,0.0
3,0,0.879415,0.0,0.058105025,0.062480014,0.0,0.0,0.0,0.0,0.0
3,0,0.879415,0.0,0.058105025,0.062480014,0.0,0.0,0.0,0.0,0.0
3,0,0.879415,0.0,0.058105025,0.062480014,0.0,0.0,0.0,0.0,0.0
3,0,0.879415,0.0,0.058105025,0.062480014,0.0,0.0,0.0,0.0,0.0
3,0,0.879415,0.0,0.058105025,0.062480014,0.0,0.0,0.0,0.0,0.0
3,0,0.879415,0.0,0.058105025,0.062480014,0.0,0.0,0.0,0.0,0.0
3,0,0.879415,0.0,0.058105025,0.062480014,0.0,0.0,0.0,0.0,0.0
3,0,0.879415,0.0,0.058105025,0.062480014,0.0,0.0,0.0,0.0,0.0
3,0,0.879415,0.0,0.058105025,0.062480014,0.0,0.0,0.0,0.0,0.0
3,0,0.879415,0.0,0.058105025,0.062480014,0.0,0.0,0.0,0.0,0.0
3,0,0.879415,0.0,0.058105025,0.062480014,0.0,0.0,0.0,0.0,0.0
3,0,0.879415,0.0,0.058105025,0.062480014,0.0,0.0,0.0,0.0,0.0
3,0,0.879415,0.0,0.058105025,0.062480014,0.0,0.0,0.0,0.0,0.0
3,0,0.879415,0.0,0.058105025,0.062480014,0.0,0.0,0.0,0.0,0.0
3,0,0.879415,0.0,0.058105025,0.062480014,0.0,0.0,0.0,0.0,0.0
3,0,0.879415,0.0,0.058105025,0.062480014,0.0,0.0,0.0,0.0,0.0
3,0,0.879415,0.0,0.058105025,0.062480014,0.0,0.0,0.0,0.0,0.0
3,0,0.93751997,0.0,0.0,0.062480014,0.0,0.0,0.0,0.0,0.0
3,0,0.93751997,0.0,0.0,0.062480014,0.0,0.0,0.0,0.0,0.0
3,0,0.93751997,0.0,0.0,0.062480014,0.0,0.0,0.0,0.0,0.0
3,0,0.93751997,0.0,0.0,0.062480014,0.0,0.0,0.0,0.0,0.0
3,0,0.93751997,0.0,0.0,0.062480014,0.0,0.0,0.0,0.0,0.0
3,0,0.93751997,0.0,0.0,0.062480014,0.0,0.0,0.0,0.0,0.0
3,0,0.93751997,0.0,0.0,0.062480014,0.0,0.0,0.0,0.0,0.0
3,0,0.93751997,0.0,0.0,0.062480014,0.0,0.0,0.0,0.0,0.0
3,0,0.93751997,0.0,0.0,0.062480014,0.0,0.0,0.0,0.0,0.0
3,0,0.93751997,0.0,0.0,0.062480014,0.0,0.0,0.0,0.0,0.0
3,0,0.93751997,0.0,0.0,0.062480014,0.0,0.0,0.0,0.0,0.0
3,0,0.93751997,0.0,0.0,0.062480014,0.0,0.0,0.0,0.0,0.0
3,0,0.93751997,0.0,0.0,0.062480014,0.0,0.0,0.0,0.0,0.0
3,0,0.93751997,0.0,0.0,0.062480014,0.0,0.0,0.0,0.0,0.0
3,0,0.93751997,0.0,0.0,0.062480014,0.0,0.0,0.0,0.0,0.0
3,0,0.93751997,0.0,0.0,0.062480014,0.0,0.0,0.0,0.0,0.0
3,0,0.93751997,0.0,0.0,0.062480014,0.0,0.0,0.0,0.0,0.0
3,0,0.93751997,0.0,0.0,0.062480014,0.0,0.0,0.0,0.0,0.0
3,0,0.93751997,0.0,0.0,0.062480014,0.0,0.0,0.0,0.0,0.0
3,0,0.93751997,0.0,0.0,0.062480014,0.0,0.0,0.0,0.0,0.0
3,0,0.93751997,0.0,0.0,0.062480014,0.0,0.0,0.0,0.0,0.0
3,0,0.93751997,0.0,0.0,0.062480014,0.0,0.0,0.0,0.0,0.0
3,0,0.93751997,0.0,0.0,0.062480014,0.0,0.0,0.0,0.0,0.0
3,0,0.93751997,0.0,0.0,0.062480014,0.0,0.0,0.0,0.0,0.0
3,0,0.93751997,0.0,0.0,0.062480014,0.0,0.0,0.0,0.0,0.0
3,0,0.93751997,0.0,0.0,0.062480014,0.0,0.0,0.0,0.0,0.0
3,0,0.93751997,0.0,0.0,0.062480014,0.0,0.0,0.0,0.0,0.0
3,0,0.93751997,0.0,0.0,0.062480014,0.0,0.0,0.0,0.0,0.0
3,0,0.93751997,0.0,0.0,0.062480014,0.0,0.0,0.0,0.0,0.0
3,0,0.93751997,0.0,0.0,0.062480014,0.0,0.0,0.0,0.0,0.0
3,0,0.93751997,0.0,0.0,0.062480014,0.0,0.0,0.0,0.0,0.0
3,0,0.93751997,0.0,0.0,0.062480014,0.0,0.0,0.0,0.0,0.0
3,0,0.93751997,0.0,0.0,0.062480014,0.0,0.0,0.0,0.0,0.0
3,0,0.93751997,0.0,0.0,0.062480014,0.0,0.0,0.0,0.0,0.0
3,0,0.93751997,0.0,0.0,0.062480014,0.0,0.0,0.0,0.0,0.0
3,0,0.93751997,0.0,0.0,0.062480014,0.0,0.0,0.0,0.0,0.0
3,0,0.93751997,0.0,0.0,0.062480014,0.0,0.0,0.0,0.0,0.0
3,0,0.93751997,0.0,0.0,0.062480014,0.0,0.0,0.0,0.0,0.0
3,0,0.93751997,0.0,0.0,0.062480014,0.0,0.0,0.0,0.0,0.0
3,0,0.93751997,0.0,0.0,0.062480014,0.0,0.0,0.0,0.0,0.0
3,0,0.93751997,0.0,0.0,0.062480014,0.0,0.0,0.0,0.0,0.0
3,0,0.93751997,0.0,0.0,0.062480014,0.0,0.0,0.0,0.0,0.0
3,0,0.93751997,0.0,0.0,0.062480014,0.0,0.0,0.0,0.0,0.0
3,0,0.93751997,0.0,0.0,0.062480014,0.0,0.0,0.0,0.0,0.0
3,0,0.93751997,0.0,0.0,0.062480014,0.0,0.0,0.0,0.0,0.0
3,0,0.93751997,0.0,0.0,0.062480014,0.0,0.0,0.0,0.0,0.0
3,0,0.93751997,0.0,0.0,0.062480014,0.0,0.0,0.0,0.0,0.0
3,0,0.93751997,0.0,0.0,0.062480014,0.0,0.0,0.0,0.0,0.0
3,0,0.93751997,0.0,0.0,0.062480014,0.0,0.0,0.0,0.0,0.0
3,0,0.93751997,0.0,0.0,0.062480014,0.0,0.0,0.0,0.0,0.0
3,0,0.93751997,0.0,0.0,0.062480014,0.0,0.0,0.0,0.0,0.0
3,0,0.93751997,0.0,0.0,0.062480014,0.0,0.0,0.0,0.0,0.0
3,0,0.93751997,0.0,0.0,0.062480014,0.0,0.0,0.0,0.0,0.0
3,0,0.93751997,0.0,0.0,0.062480014,0.0,0.0,0.0,0.0,0.0
3,0,0.93751997,0.0,0.0,0.062480014,0.0,0.0,0.0,0.0,0.0
3,0,0.93751997,0.0,0.0,0.062480014,0.0,0.0,0.0,0.0,0.0
3,0,0.93751997,0.0,0.0,0.062480014,0.0,0.0,0.0,0.0,0.0
3,0,0.93751997,0.0,0.0,0.062480014,0.0,0.0,0.0,0.0,0.0
3,0,0.93751997,0.0,0.0,0.062480014,0.0,0.0,0.0,0.0,0.0
3,0,0.93751997,0.0,0.0,0.062480014,0.0,0.0,0.0,0.0,0.0
3,0,0.93751997,0.0,0.0,0.062480014,0.0,0.0,0.0,0.0,0.0
3,0,0.93751997,0.0,0.0,0.062480014,0.0,0.0,0.0,0.0,0.0
3,0,0.93751997,0.0,0.0,0.062480014,0.0,0.0,0.0,0.0,0.0
3,0,0.93751997,0.0,0.0,0.062480014,0.0,0.0,0.0,0.0,0.0
3,0,0.93751997,0.0,0.0,0.062480014,0.0,0.0,0.0,0.0,0.0
3,0,0.93751997,0.0,0.0,0.062480014,0.0,0.0,0.0,0.0,0.0
3,0,0.93751997,0.0,0.0,0.062480014,0.0,0.0,0.0,0.0,0.0
3,0,0.93751997,0.0,0.0,0.062480014,0.0,0.0,0.0,0.0,0.0
3,0,0.93751997,0.0,0.0,0.062480014,0.0,0.0,0.0,0.0,0.0
3,0,0.93751997,0.0,0.0,0.062480014,0.0,0.0,0.0,0.0,0.0
3,0,0.93751997,0.0,0.0,0.062480014,0.0,0.0,0.0,0.0,0.0
3,0,0.93751997,0.0,0.0,0.062480014,0.0,0.0,0.0,0.0,0.0
3,0,0.93751997,0.0,0.0,0.062480014,0.0,0.0,0.0,0.0,0.0
3,0,0.93751997,0.0,0.0,0.062480014,0.0,0.0,0.0,0.0,0.0
3,0,0.93751997,0.0,0.0,0.062480014,0.0,0.0,0.0,0.0,0.0
3,0,0.93751997,0.0,0.0,0.062480014,0.0,0.0,0.0,0.0,0.0
3,0,0.93751997,0.0,0.0,0.062480014,0.0,0.0,0.0,0.0,0.0
3,0,0.93751997,0.0,0.0,0.062480014,0.0,0.0,0.0,0.0,0.0
3,0,0.93751997,0.0,0.0,0.062480014,0.0,0.0,0.0,0.0,0.0
3,0,0.93751997,0.0,0.0,0.062480014,0.0,0.0,0.0,0.0,0.0
3,0,0.93751997,0.0,0.0,0.062480014,0.0,0.0,0.0,0.0,0.0
3,0,0.93751997,0.0,0.0,0.062480014,0.0,0.0,0.0,0.0,0.0
3,0,0.93751997,0.0,0.0,0.062480014,0.0,0.0,0.0,0.0,0.0
3,0,0.93751997,0.0,0.0,0.062480014,0.0,0.0,0.0,0.0,0.0
3,0,0.93751997,0.0,0.0,0.062480014,0.0,0.0,0.0,0.0,0.0
3,0,0.93751997,0.0,0.0,0.062480014,0.0,0.0,0.0,0.0,0.0
3,0,0.93751997,0.0,0.0,0.062480014,0.0,0.0,0.0,0.0,0.0
3,0,0.93751997,0.0,0.0,0.062480014,0.0,0.0,0.0,0.0,0.0
3,0,0.93751997,0.0,0.0,0.062480014,0.0,0.0,0.0,0.0,0.0
3,0,0.93751997,0.0,0.0,0.062480014,0.0,0.0,0.0,0.0,0.0
3,0,0.93751997,0.0,0.0,0.062480014,0.0,0.0,0.0,0.0,0.0
3,0,0.93751997,0.0,0.0,0.062480014,0.0,0.0,0.0,0.0,0.0
3,0,0.93751997,0.0,0.0,0.062480014,0.0,0.0,0.0,0.0,0.0
3,0,0.93751997,0.0,0.0,0.062480014,0.0,0.0,0.0,0.0,0.0
3,0,0.93751997,0.0,0.0,0.062480014,0.0,0.0,0.0,0.0,0.0
3,0,0.93751997,0.0,0.0,0.062480014,0.0,0.0,0.0,0.0,0.0
3,0,0.93751997,0.0,0.0,0.062480014,0.0,0.0,0.0,0.0,0.0
3,0,0.93751997,0.0,0.0,0.062480014,0.0,0.0,0.0,0.0,0.0
3,0,0.93751997,0.0,0.0,0.062480014,0.0,0.0,0.0,0.0,0.0
3,0,0.93751997,0.0,0.0,0.062480014,0.0,0.0,0.0,0.0,0.0
3,0,0.93751997,0.0,0.0,0.062480014,0.0,0.0,0.0,0.0,0.0
3,0,0.93751997,0.0,0.0,0.062480014,0.0,0.0,0.0,0.0,0.0
3,0,0.93751997,0.0,0.0,0.062480014,0.0,0.0,0.0,0.0,0.0
3,0,0.93751997,0.0,0.0,0.062480014,0.0,0.0,0.0,0.0,0.0
3,0,0.93751997,0.0,0.0,0.062480014,0.0,0.0,0.0,0.0,0.0
3,0,0.93751997,0.0,0.0,0.062480014,0.0,0.0,0.0,0.0,0.0
3,0,0.93751997,0.0,0.0,0.062480014,0.0,0.0,0.0,0.0,0.0
3,0,0.93751997,0.0,0.0,0.062480014,0.0,0.0,0.0,0.0,0.0
3,0,0.93751997,0.0,0.0,0.062480014,0.0,0.0,0.0,0.0,0.0
3,0,0.93751997,0.0,0.0,0.062480014,0.0,0.0,0.0,0.0,0.0
3,0,0.93751997,0.0,0.0,0.062480014,0.0,0.0,0.0,0.0,0.0
3,0,0.93751997,0.0,0.0,0.062480014,0.0,0.0,0.0,0.0,0.0
3,0,0.93751997,0.0,0.0,0.062480014,0.0,0.0,0.0,0.0,0.0
3,0,0.93751997,0.0,0.0,0.062480014,0.0,0.0,0.0,0.0,0.0
3,0,0.93751997,0.0,0.0,0.062480014,0.0,0.0,0.0,0.0,0.0
3,0,0.93751997,0.0,0.0,0.062480014,0.0,0.0,0.0,0.0,0.0
3,0,0.93751997,0.0,0.0,0.062480014,0.0,0.0,0.0,0.0,0.0
3,0,0.93751997,0.0,0.0,0.062480014,0.0,0.0,0.0,0.0,0.0
3,0,0.93751997,0.0,0.0,0.062480014,0.0,0.0,0.0,0.0,0.0
3,0,0.93751997,0.0,0.0,0.062480014,0.0,0.0,0.0,0.0,0.0
3,0,0.93751997,0.0,0.0,0.062480014,0.0,0.0,0.0,0.0,0.0
3,0,0.93751997,0.0,0.0,0.062480014,0.0,0.0,0.0,0.0,0.0
3,0,0.93751997,0.0,0.0,0.062480014,0.0,0.0,0.0,0.0,0.0
3,0,0.93751997,0.0,0.0,0.062480014,0.0,0.0,0.0,0.0,0.0
3,0,0.93751997,0.0,0.0,0.062480014,0.0,0.0,0.0,0.0,0.0
3,0,0.93751997,0.0,0.0,0.062480014,0.0,0.0,0.0,0.0,0.0
3,0,0.93751997,0.0,0.0,0.062480014,0.0,0.0,0.0,0.0,0.0
3,0,0.93751997,0.0,0.0,0.062480014,0.0,0.0,0.0,0.0,0.0
3,0,0.93751997,0.0,0.0,0.062480014,0.0,0.0,0.0,0.0,0.0
3,0,0.93751997,0.0,0.0,0.062480014,0.0,0.0,0.0,0.0,0.0
3,0,0.93751997,0.0,0.0,0.062480014,0.0,0.0,0.0,0.0,0.0
3,0,0.93751997,0.0,0.0,0.062480014,0.0,0.0,0.0,0.0,0.0
3,0,0.93751997,0.0,0.0,0.062480014,0.0,0.0,0.0,0.0,0.0
3,0,0.93751997,0.0,0.0,0.062480014,0.0,0.0,0.0,0.0,0.0
3,0,0.93751997,0.0,0.0,0.062480014,0.0,0.0,0.0,0.0,0.0
3,0,0.93751997,0.0,0.0,0.062480014,0.0,0.0,0.0,0.0,0.0
3,0,0.93751997,0.0,0.0,0.062480014,0.0,0.0,0.0,0.0,0.0
3,0,0.93751997,0.0,0.0,0.062480014,0.0,0.0,0.0,0.0,0.0
3,0,0.93751997,0.0,0.0,0.062480014,0.0,0.0,0.0,0.0,0.0
3,0,0.93751997,0.0,0.0,0.062480014,0.0,0.0,0.0,0.0,0.0
3,0,0.93751997,0.0,0.0,0.062480014,0.0,0.0,0.0,0.0,0.0
3,0,0.93751997,0.0,0.0,0.062480014,0.0,0.0,0.0,0.0,0.0
3,0,0.93751997,0.0,0.0,0.062480014,0.0,0.0,0.0,0.0,0.0
3,0,0.93751997,0.0,0.0,0.062480014,0.0,0.0,0.0,0.0,0.0
3,0,0.93751997,0.0,0.0,0.062480014,0.0,0.0,0.0,0.0,0.0
3,0,0.93751997,0.0,0.0,0.062480014,0.0,0.0,0.0,0.0,0.0
3,0,0.93751997,0.0,0.0,0.062480014,0.0,0.0,0.0,0.0,0.0
3,0,0.93751997,0.0,0.0,0.062480014,0.0,0.0,0.0,0.0,0.0
3,0,0.93751997,0.0,0.0,0.062480014,0.0,0.0,0.0,0.0,0.0
3,0,0.93751997,0.0,0.0,0.062480014,0.0,0.0,0.0,0.0,0.0
3,0,0.93751997,0.0,0.0,0.062480014,0.0,0.0,0.0,0.0,0.0
3,0,0.93751997,0.0,0.0,0.062480014,0.0,0.0,0.0,0.0,0.0
3,0,0.93751997,0.0,0.0,0.062480014,0.0,0.0,0.0,0.0,0.0
3,0,0.93751997,0.0,0.0,0.062480014,0.0,0.0,0.0,0.0,0.0
3,0,0.93751997,0.0,0.0,0.062480014,0.0,0.0,0.0,0.0,0.0
3,0,0.93751997,0.0,0.0,0.062480014,0.0,0.0,0.0,0.0,0.0
3,0,0.93751997,0.0,0.0,0.062480014,0.0,0.0,0.0,0.0,0.0
3,0,0.93751997,0.0,0.0,0.062480014,0.0,0.0,0.0,0.0,0.0
3,0,0.93751997,0.0,0.0,0.062480014,0.0,0.0,0.0,0.0,0.0
3,0,0.93751997,0.0,0.0,0.062480014,0.0,0.0,0.0,0.0,0.0
3,0,0.93751997,0.0,0.0,0.062480014,0.0,0.0,0.0,0.0,0.0
3,0,0.93751997,0.0,0.0,0.062480014,0.0,0.0,0.0,0.0,0.0
3,0,0.93751997,0.0,0.0,0.062480014,0.0,0.0,0.0,0.0,0.0
3,0,0.93751997,0.0,0.0,0.062480014,0.0,0.0,0.0,0.0,0.0
3,0,0.93751997,0.0,0.0,0.062480014,0.0,0.0,0.0,0.0,0.0
3,0,0.93751997,0.0,0.0,0.062480014,0.0,0.0,0.0,0.0,0.0
3,0,0.93751997,0.0,0.0,0.062480014,0.0,0.0,0.0,0.0,0.0
3,0,0.93751997,0.0,0.0,0.062480014,0.0,0.0,0.0,0.0,0.0
3,0,0.93751997,0.0,0.0,0.062480014,0.0,0.0,0.0,0.0,0.0
3,0,0.93751997,0.0,0.0,0.062480014,0.0,0.0,0.0,0.0,0.0
3,0,0.93751997,0.0,0.0,0.062480014,0.0,0.0,0.0,0.0,0.0
3,0,0.93751997,0.0,0.0,0.062480014,0.0,0.0,0.0,0.0,0.0
3,0,0.93751997,0.0,0.0,0.062480014,0.0,0.0,0.0,0.0,0.0
3,0,0.93751997,0.0,0.0,0.062480014,0.0,0.0,0.0,0.0,0.0
3,0,0.93751997,0.0,0.0,0.062480014,0.0,0.0,0.0,0.0,0.0
3,0,0.93751997,0.0,0.0,0.062480014,0.0,0.0,0.0,0.0,0.0
3,0,0.93751997,0.0,0.0,0.062480014,0.0,0.0,0.0,0.0,0.0
3,0,0.93751997,0.0,0.0,0.062480014,0.0,0.0,0.0,0.0,0.0
3,0,0.93751997,0.0,0.0,0.062480014,0.0,0.0,0.0,0.0,0.0
3,0,0.93751997,0.0,0.0,0.062480014,0.0,0.0,0.0,0.0,0.0
3,0,0.93751997,0.0,0.0,0.062480014,0.0,0.0,0.0,0.0,0.0
3,0,0.93751997,0.0,0.0,0.062480014,0.0,0.0,0.0,0.0,0.0
3,0,0.93751997,0.0,0.0,0.062480014,0.0,0.0,0.0,0.0,0.0
3,0,0.93751997,0.0,0.0,0.062480014,0.0,0.0,0.0,0.0,0.0
3,0,0.93751997,0.0,0.0,0.062480014,0.0,0.0,0.0,0.0,0.0
3,0,0.93751997,0.0,0.0,0.062480014,0.0,0.0,0.0,0.0,0.0
3,0,0.93751997,0.0,0.0,0.062480014,0.0,0.0,0.0,0.0,0.0
3,0,0.93751997,0.0,0.0,0.062480014,0.0,0.0,0.0,0.0,0.0
3,0,0.93751997,0.0,0.0,0.062480014,0.0,0.0,0.0,0.0,0.0
3,0,0.93751997,0.0,0.0,0.062480014,0.0,0.0,0.0,0.0,0.0
3,0,0.93751997,0.0,0.0,0.062480014,0.0,0.0,0.0,0.0,0.0
3,0,0.93751997,0.0,0.0,0.062480014,0.0,0.0,0.0,0.0,0.0
3,0,0.93751997,0.0,0.0,0.062480014,0.0,0.0,0.0,0.0,0.0
3,0,0.93751997,0.0,0.0,0.062480014,0.0,0.0,0.0,0.0,0.0
3,0,0.93751997,0.0,0.0,0.062480014,0.0,0.0,0.0,0.0,0.0
3,0,0.93751997,0.0,0.0,0.062480014,0.0,0.0,0.0,0.0,0.0
3,0,0.93751997,0.0,0.0,0.062480014,0.0,0.0,0.0,0.0,0.0
3,0,0.93751997,0.0,0.0,0.062480014,0.0,0.0,0.0,0.0,0.0
3,0,0.93751997,0.0,0.0,0.062480014,0.0,0.0,0.0,0.0,0.0
3,0,0.93751997,0.0,0.0,0.062480014,0.0,0.0,0.0,0.0,0.0
3,0,0.93751997,0.0,0.0,0.062480014,0.0,0.0,0.0,0.0,0.0
3,0,0.93751997,0.0,0.0,0.062480014,0.0,0.0,0.0,0.0,0.0
3,0,0.93751997,0.0,0.0,0.062480014,0.0,0.0,0.0,0.0,0.0
3,0,0.93751997,0.0,0.0,0.062480014,0.0,0.0,0.0,0.0,0.0
3,0,0.93751997,0.0,0.0,0.062480014,0.0,0.0,0.0,0.0,0.0
3,0,0.93751997,0.0,0.0,0.062480014,0.0,0.0,0.0,0.0,0.0
3,0,0.93751997,0.0,0.0,0.062480014,0.0,0.0,0.0,0.0,0.0
3,0,0.93751997,0.0,0.0,0.062480014,0.0,0.0,0.0,0.0,0.0
3,0,0.93751997,0.0,0.0,0.062480014,0.0,0.0,0.0,0.0,0.0
3,0,0.93751997,0.0,0.0,0.062480014,0.0,0.0,0.0,0.0,0.0
3,0,0.93751997,0.0,0.0,0.062480014,0.0,0.0,0.0,0.0,0.0
3,0,0.93751997,0.0,0.0,0.062480014,0.0,0.0,0.0,0.0,0.0
3,0,0.93751997,0.0,0.0,0.062480014,0.0,0.0,0.0,0.0,0.0
3,0,0.93751997,0.0,0.0,0.062480014,0.0,0.0,0.0,0.0,0.0
3,0,0.93751997,0.0,0.0,0.062480014,0.0,0.0,0.0,0.0,0.0
3,0,0.93751997,0.0,0.0,0.062480014,0.0,0.0,0.0,0.0,0.0
3,0,0.93751997,0.0,0.0,0.062480014,0.0,0.0,0.0,0.0,0.0
3,0,0.93751997,0.0,0.0,0.062480014,0.0,0.0,0.0,0.0,0.0
3,0,0.93751997,0.0,0.0,0.062480014,0.0,0.0,0.0,0.0,0.0
3,0,0.93751997,0.0,0.0,0.062480014,0.0,0.0,0.0,0.0,0.0
3,0,0.93751997,0.0,0.0,0.062480014,0.0,0.0,0.0,0.0,0.0
3,0,0.93751997,0.0,0.0,0.062480014,0.0,0.0,0.0,0.0,0.0
3,0,0.93751997,0.0,0.0,0.062480014,0.0,0.0,0.0,0.0,0.0
3,0,0.93751997,0.0,0.0,0.062480014,0.0,0.0,0.0,0.0,0.0
3,0,0.93751997,0.0,0.0,0.062480014,0.0,0.0,0.0,0.0,0.0
3,0,0.93751997,0.0,0.0,0.062480014,0.0,0.0,0.0,0.0,0.0
3,0,0.93751997,0.0,0.0,0.062480014,0.0,0.0,0.0,0.0,0.0
3,0,0.93751997,0.0,0.0,0.062480014,0.0,0.0,0.0,0.0,0.0
3,0,0.93751997,0.0,0.0,0.062480014,0.0,0.0,0.0,0.0,0.0
3,0,0.93751997,0.0,0.0,0.062480014,0.0,0.0,0.0,0.0,0.0
3,0,0.93751997,0.0,0.0,0.062480014,0.0,0.0,0.0,0.0,0.0
3,0,0.93751997,0.0,0.0,0.062480014,0.0,0.0,0.0,0.0,0.0
3,0,0.93751997,0.0,0.0,0.062480014,0.0,0.0,0.0,0.0,0.0
3,0,0.93751997,0.0,0.0,0.062480014,0.0,0.0,0.0,0.0,0.0
3,0,0.93751997,0.0,0.0,0.062480014,0.0,0.0,0.0,0.0,0.0
3,0,0.93751997,0.0,0.0,0.062480014,0.0,0.0,0.0,0.0,0.0
3,0,0.93751997,0.0,0.0,0.062480014,0.0,0.0,0.0,0.0,0.0
3,0,0.93751997,0.0,0.0,0.062480014,0.0,0.0,0.0,0.0,0.0
3,0,0.93751997,0.0,0.0,0.062480014,0.0,0.0,0.0,0.0,0.0
3,0,0.93751997,0.0,0.0,0.062480014,0.0,0.0,0.0,0.0,0.0
3,0,0.93751997,0.0,0.0,0.062480014,0.0,0.0,0.0,0.0,0.0
3,0,0.93751997,0.0,0.0,0.062480014,0.0,0.0,0.0,0.0,0.0
3,0,0.93751997,0.0,0.0,0.062480014,0.0,0.0,0.0,0.0,0.0
3,0,0.93751997,0.0,0.0,0.062480014,0.0,0.0,0.0,0.0,0.0
3,0,0.93751997,0.0,0.0,0.062480014,0.0,0.0,0.0,0.0,0.0
3,0,0.93751997,0.0,0.0,0.062480014,0.0,0.0,0.0,0.0,0.0
3,0,0.93751997,0.0,0.0,0.062480014,0.0,0.0,0.0,0.0,0.0
3,0,0.93751997,0.0,0.0,0.062480014,0.0,0.0,0.0,0.0,0.0
3,0,0.93751997,0.0,0.0,0.062480014,0.0,0.0,0.0,0.0,0.0
3,0,0.93751997,0.0,0.0,0.062480014,0.0,0.0,0.0,0.0,0.0
3,0,0.93751997,0.0,0.0,0.062480014,0.0,0.0,0.0,0.0,0.0
3,0,0.93751997,0.0,0.0,0.062480014,0.0,0.0,0.0,0.0,0.0
3,0,0.93751997,0.0,0.0,0.062480014,0.0,0.0,0.0,0.0,0.0
3,0,0.93751997,0.0,0.0,0.062480014,0.0,0.0,0.0,0.0,0.0
3,0,0.93751997,0.0,0.0,0.062480014,0.0,0.0,0.0,0.0,0.0
3,0,0.93751997,0.0,0.0,0.062480014,0.0,0.0,0.0,0.0,0.0
3,0,0.93751997,0.0,0.0,0.062480014,0.0,0.0,0.0,0.0,0.0
3,0,0.93751997,0.0,0.0,0.062480014,0.0,0.0,0.0,0.0,0.0
3,0,0.93751997,0.0,0.0,0.062480014,0.0,0.0,0.0,0.0,0.0
3,0,0.93751997,0.0,0.0,0.062480014,0.0,0.0,0.0,0.0,0.0
3,0,0.93751997,0.0,0.0,0.062480014,0.0,0.0,0.0,0.0,0.0
3,0,0.93751997,0.0,0.0,0.062480014,0.0,0.0,0.0,0.0,0.0
3,0,0.93751997,0.0,0.0,0.062480014,0.0,0.0,0.0,0.0,0.0
3,0,0.93751997,0.0,0.0,0.062480014,0.0,0.0,0.0,0.0,0.0
3,0,0.93751997,0.0,0.0,0.062480014,0.0,0.0,0.0,0.0,0.0
3,0,0.93751997,0.0,0.0,0.062480014,0.0,0.0,0.0,0.0,0.0
3,0,0.93751997,0.0,0.0,0.062480014,0.0,0.0,0.0,0.0,0.0
3,0,0.93751997,0.0,0.0,0.062480014,0.0,0.0,0.0,0.0,0.0
3,0,0.93751997,0.0,0.0,0.062480014,0.0,0.0,0.0,0.0,0.0
3,0,0.93751997,0.0,0.0,0.062480014,0.0,0.0,0.0,0.0,0.0
3,0,0.93751997,0.0,0.0,0.062480014,0.0,0.0,0.0,0.0,0.0
3,0,0.93751997,0.0,0.0,0.062480014,0.0,0.0,0.0,0.0,0.0
3,0,0.93751997,0.0,0.0,0.062480014,0.0,0.0,0.0,0.0,0.0
3,0,0.93751997,0.0,0.0,0.062480014,0.0,0.0,0.0,0.0,0.0
3,0,0.93751997,0.0,0.0,0.062480014,0.0,0.0,0.0,0.0,0.0
3,0,0.93751997,0.0,0.0,0.062480014,0.0,0.0,0.0,0.0,0.0
3,0,0.93751997,0.0,0.0,0.062480014,0.0,0.0,0.0,0.0,0.0
3,0,0.93751997,0.0,0.0,0.062480014,0.0,0.0,0.0,0.0,0.0
3,0,0.93751997,0.0,0.0,0.062480014,0.0,0.0,0.0,0.0,0.0
3,0,0.93751997,0.0,0.0,0.062480014,0.0,0.0,0.0,0.0,0.0
3,0,0.93751997,0.0,0.0,0.062480014,0.0,0.0,0.0,0.0,0.0
3,0,0.93751997,0.0,0.0,0.062480014,0.0,0.0,0.0,0.0,0.0
3,0,0.93751997,0.0,0.0,0.062480014,0.0,0.0,0.0,0.0,0.0
3,0,0.93751997,0.0,0.0,0.062480014,0.0,0.0,0.0,0.0,0.0
3,0,0.93751997,0.0,0.0,0.062480014,0.0,0.0,0.0,0.0,0.0
3,0,0.93751997,0.0,0.0,0.062480014,0.0,0.0,0.0,0.0,0.0
3,0,0.93751997,0.0,0.0,0.062480014,0.0,0.0,0.0,0.0,0.0
3,0,0.93751997,0.0,0.0,0.062480014,0.0,0.0,0.0,0.0,0.0
3,0,1.0,0.0,0.0,0.0,0.0,0.0,0.0,0.0,0.0
3,0,1.0,0.0,0.0,0.0,0.0,0.0,0.0,0.0,0.0
3,0,1.0,0.0,0.0,0.0,0.0,0.0,0.0,0.0,0.0
3,0,1.0,0.0,0.0,0.0,0.0,0.0,0.0,0.0,0.0
3,0,1.0,0.0,0.0,0.0,0.0,0.0,0.0,0.0,0.0
3,0,1.0,0.0,0.0,0.0,0.0,0.0,0.0,0.0,0.0
3,0,1.0,0.0,0.0,0.0,0.0,0.0,0.0,0.0,0.0
3,0,1.0,0.0,0.0,0.0,0.0,0.0,0.0,0.0,0.0
3,0,1.0,0.0,0.0,0.0,0.0,0.0,0.0,0.0,0.0
3,0,1.0,0.0,0.0,0.0,0.0,0.0,0.0,0.0,0.0
3,0,1.0,0.0,0.0,0.0,0.0,0.0,0.0,0.0,0.0
3,0,1.0,0.0,0.0,0.0,0.0,0.0,0.0,0.0,0.0
3,0,1.0,0.0,0.0,0.0,0.0,0.0,0.0,0.0,0.0
3,0,1.0,0.0,0.0,0.0,0.0,0.0,0.0,0.0,0.0
3,0,1.0,0.0,0.0,0.0,0.0,0.0,0.0,0.0,0.0
3,0,1.0,0.0,0.0,0.0,0.0,0.0,0.0,0.0,0.0
3,0,1.0,0.0,0.0,0.0,0.0,0.0,0.0,0.0,0.0
3,0,1.0,0.0,0.0,0.0,0.0,0.0,0.0,0.0,0.0
3,0,1.0,0.0,0.0,0.0,0.0,0.0,0.0,0.0,0.0
3,0,1.0,0.0,0.0,0.0,0.0,0.0,0.0,0.0,0.0
3,0,1.0,0.0,0.0,0.0,0.0,0.0,0.0,0.0,0.0
3,0,1.0,0.0,0.0,0.0,0.0,0.0,0.0,0.0,0.0
3,0,1.0,0.0,0.0,0.0,0.0,0.0,0.0,0.0,0.0
3,0,1.0,0.0,0.0,0.0,0.0,0.0,0.0,0.0,0.0
3,0,1.0,0.0,0.0,0.0,0.0,0.0,0.0,0.0,0.0
3,0,1.0,0.0,0.0,0.0,0.0,0.0,0.0,0.0,0.0
3,0,1.0,0.0,0.0,0.0,0.0,0.0,0.0,0.0,0.0
3,0,1.0,0.0,0.0,0.0,0.0,0.0,0.0,0.0,0.0
3,0,1.0,0.0,0.0,0.0,0.0,0.0,0.0,0.0,0.0
3,0,1.0,0.0,0.0,0.0,0.0,0.0,0.0,0.0,0.0
3,0,1.0,0.0,0.0,0.0,0.0,0.0,0.0,0.0,0.0
3,0,1.0,0.0,0.0,0.0,0.0,0.0,0.0,0.0,0.0
3,0,1.0,0.0,0.0,0.0,0.0,0.0,0.0,0.0,0.0
3,0,1.0,0.0,0.0,0.0,0.0,0.0,0.0,0.0,0.0
3,0,1.0,0.0,0.0,0.0,0.0,0.0,0.0,0.0,0.0
3,0,1.0,0.0,0.0,0.0,0.0,0.0,0.0,0.0,0.0
3,0,1.0,0.0,0.0,0.0,0.0,0.0,0.0,0.0,0.0
3,0,1.0,0.0,0.0,0.0,0.0,0.0,0.0,0.0,0.0
3,0,1.0,0.0,0.0,0.0,0.0,0.0,0.0,0.0,0.0
3,0,1.0,0.0,0.0,0.0,0.0,0.0,0.0,0.0,0.0
3,0,1.0,0.0,0.0,0.0,0.0,0.0,0.0,0.0,0.0
3,0,1.0,0.0,0.0,0.0,0.0,0.0,0.0,0.0,0.0
3,0,1.0,0.0,0.0,0.0,0.0,0.0,0.0,0.0,0.0
3,0,1.0,0.0,0.0,0.0,0.0,0.0,0.0,0.0,0.0
3,0,1.0,0.0,0.0,0.0,0.0,0.0,0.0,0.0,0.0
3,0,1.0,0.0,0.0,0.0,0.0,0.0,0.0,0.0,0.0
3,0,1.0,0.0,0.0,0.0,0.0,0.0,0.0,0.0,0.0
3,0,1.0,0.0,0.0,0.0,0.0,0.0,0.0,0.0,0.0
3,0,1.0,0.0,0.0,0.0,0.0,0.0,0.0,0.0,0.0
3,0,1.0,0.0,0.0,0.0,0.0,0.0,0.0,0.0,0.0
3,0,1.0,0.0,0.0,0.0,0.0,0.0,0.0,0.0,0.0
3,0,1.0,0.0,0.0,0.0,0.0,0.0,0.0,0.0,0.0
3,0,1.0,0.0,0.0,0.0,0.0,0.0,0.0,0.0,0.0
3,0,1.0,0.0,0.0,0.0,0.0,0.0,0.0,0.0,0.0
3,0,1.0,0.0,0.0,0.0,0.0,0.0,0.0,0.0,0.0
3,0,1.0,0.0,0.0,0.0,0.0,0.0,0.0,0.0,0.0
3,0,1.0,0.0,0.0,0.0,0.0,0.0,0.0,0.0,0.0
3,0,1.0,0.0,0.0,0.0,0.0,0.0,0.0,0.0,0.0
3,0,1.0,0.0,0.0,0.0,0.0,0.0,0.0,0.0,0.0
3,0,1.0,0.0,0.0,0.0,0.0,0.0,0.0,0.0,0.0
3,0,1.0,0.0,0.0,0.0,0.0,0.0,0.0,0.0,0.0
3,0,1.0,0.0,0.0,0.0,0.0,0.0,0.0,0.0,0.0
3,0,1.0,0.0,0.0,0.0,0.0,0.0,0.0,0.0,0.0
3,0,1.0,0.0,0.0,0.0,0.0,0.0,0.0,0.0,0.0
3,0,1.0,0.0,0.0,0.0,0.0,0.0,0.0,0.0,0.0
3,0,1.0,0.0,0.0,0.0,0.0,0.0,0.0,0.0,0.0
3,0,1.0,0.0,0.0,0.0,0.0,0.0,0.0,0.0,0.0
3,0,1.0,0.0,0.0,0.0,0.0,0.0,0.0,0.0,0.0
3,0,1.0,0.0,0.0,0.0,0.0,0.0,0.0,0.0,0.0
3,0,1.0,0.0,0.0,0.0,0.0,0.0,0.0,0.0,0.0
3,0,1.0,0.0,0.0,0.0,0.0,0.0,0.0,0.0,0.0
3,0,1.0,0.0,0.0,0.0,0.0,0.0,0.0,0.0,0.0
3,0,1.0,0.0,0.0,0.0,0.0,0.0,0.0,0.0,0.0
3,0,1.0,0.0,0.0,0.0,0.0,0.0,0.0,0.0,0.0
3,0,1.0,0.0,0.0,0.0,0.0,0.0,0.0,0.0,0.0
3,0,1.0,0.0,0.0,0.0,0.0,0.0,0.0,0.0,0.0
3,0,1.0,0.0,0.0,0.0,0.0,0.0,0.0,0.0,0.0
3,0,1.0,0.0,0.0,0.0,0.0,0.0,0.0,0.0,0.0
3,0,1.0,0.0,0.0,0.0,0.0,0.0,0.0,0.0,0.0
3,0,1.0,0.0,0.0,0.0,0.0,0.0,0.0,0.0,0.0
3,0,1.0,0.0,0.0,0.0,0.0,0.0,0.0,0.0,0.0
3,0,1.0,0.0,0.0,0.0,0.0,0.0,0.0,0.0,0.0
3,0,1.0,0.0,0.0,0.0,0.0,0.0,0.0,0.0,0.0
3,0,1.0,0.0,0.0,0.0,0.0,0.0,0.0,0.0,0.0
3,0,1.0,0.0,0.0,0.0,0.0,0.0,0.0,0.0,0.0
3,0,1.0,0.0,0.0,0.0,0.0,0.0,0.0,0.0,0.0
3,0,1.0,0.0,0.0,0.0,0.0,0.0,0.0,0.0,0.0
3,0,1.0,0.0,0.0,0.0,0.0,0.0,0.0,0.0,0.0
3,0,1.0,0.0,0.0,0.0,0.0,0.0,0.0,0.0,0.0
3,0,1.0,0.0,0.0,0.0,0.0,0.0,0.0,0.0,0.0
3,0,1.0,0.0,0.0,0.0,0.0,0.0,0.0,0.0,0.0
3,0,1.0,0.0,0.0,0.0,0.0,0.0,0.0,0.0,0.0
3,0,1.0,0.0,0.0,0.0,0.0,0.0,0.0,0.0,0.0
3,0,1.0,0.0,0.0,0.0,0.0,0.0,0.0,0.0,0.0
3,0,1.0,0.0,0.0,0.0,0.0,0.0,0.0,0.0,0.0
3,0,1.0,0.0,0.0,0.0,0.0,0.0,0.0,0.0,0.0
3,0,1.0,0.0,0.0,0.0,0.0,0.0,0.0,0.0,0.0
3,0,1.0,0.0,0.0,0.0,0.0,0.0,0.0,0.0,0.0
3,0,1.0,0.0,0.0,0.0,0.0,0.0,0.0,0.0,0.0
3,0,1.0,0.0,0.0,0.0,0.0,0.0,0.0,0.0,0.0
3,0,1.0,0.0,0.0,0.0,0.0,0.0,0.0,0.0,0.0
3,0,1.0,0.0,0.0,0.0,0.0,0.0,0.0,0.0,0.0
3,0,1.0,0.0,0.0,0.0,0.0,0.0,0.0,0.0,0.0
3,0,1.0,0.0,0.0,0.0,0.0,0.0,0.0,0.0,0.0
3,0,1.0,0.0,0.0,0.0,0.0,0.0,0.0,0.0,0.0
3,0,1.0,0.0,0.0,0.0,0.0,0.0,0.0,0.0,0.0
3,0,1.0,0.0,0.0,0.0,0.0,0.0,0.0,0.0,0.0
3,0,1.0,0.0,0.0,0.0,0.0,0.0,0.0,0.0,0.0
3,0,1.0,0.0,0.0,0.0,0.0,0.0,0.0,0.0,0.0
3,0,1.0,0.0,0.0,0.0,0.0,0.0,0.0,0.0,0.0
3,0,1.0,0.0,0.0,0.0,0.0,0.0,0.0,0.0,0.0
3,0,1.0,0.0,0.0,0.0,0.0,0.0,0.0,0.0,0.0
3,0,1.0,0.0,0.0,0.0,0.0,0.0,0.0,0.0,0.0
3,0,1.0,0.0,0.0,0.0,0.0,0.0,0.0,0.0,0.0
3,0,1.0,0.0,0.0,0.0,0.0,0.0,0.0,0.0,0.0
3,0,1.0,0.0,0.0,0.0,0.0,0.0,0.0,0.0,0.0
3,0,1.0,0.0,0.0,0.0,0.0,0.0,0.0,0.0,0.0
3,0,1.0,0.0,0.0,0.0,0.0,0.0,0.0,0.0,0.0
3,0,1.0,0.0,0.0,0.0,0.0,0.0,0.0,0.0,0.0
3,0,1.0,0.0,0.0,0.0,0.0,0.0,0.0,0.0,0.0
3,0,1.0,0.0,0.0,0.0,0.0,0.0,0.0,0.0,0.0
3,0,1.0,0.0,0.0,0.0,0.0,0.0,0.0,0.0,0.0
3,0,1.0,0.0,0.0,0.0,0.0,0.0,0.0,0.0,0.0
3,0,1.0,0.0,0.0,0.0,0.0,0.0,0.0,0.0,0.0
3,0,1.0,0.0,0.0,0.0,0.0,0.0,0.0,0.0,0.0
3,0,1.0,0.0,0.0,0.0,0.0,0.0,0.0,0.0,0.0
3,0,1.0,0.0,0.0,0.0,0.0,0.0,0.0,0.0,0.0
3,0,1.0,0.0,0.0,0.0,0.0,0.0,0.0,0.0,0.0
3,0,1.0,0.0,0.0,0.0,0.0,0.0,0.0,0.0,0.0
3,0,1.0,0.0,0.0,0.0,0.0,0.0,0.0,0.0,0.0
3,0,1.0,0.0,0.0,0.0,0.0,0.0,0.0,0.0,0.0
3,0,1.0,0.0,0.0,0.0,0.0,0.0,0.0,0.0,0.0
3,0,1.0,0.0,0.0,0.0,0.0,0.0,0.0,0.0,0.0
3,0,1.0,0.0,0.0,0.0,0.0,0.0,0.0,0.0,0.0
3,0,1.0,0.0,0.0,0.0,0.0,0.0,0.0,0.0,0.0
3,0,1.0,0.0,0.0,0.0,0.0,0.0,0.0,0.0,0.0
3,0,1.0,0.0,0.0,0.0,0.0,0.0,0.0,0.0,0.0
3,0,1.0,0.0,0.0,0.0,0.0,0.0,0.0,0.0,0.0
3,0,1.0,0.0,0.0,0.0,0.0,0.0,0.0,0.0,0.0
3,0,1.0,0.0,0.0,0.0,0.0,0.0,0.0,0.0,0.0
3,0,1.0,0.0,0.0,0.0,0.0,0.0,0.0,0.0,0.0
3,0,1.0,0.0,0.0,0.0,0.0,0.0,0.0,0.0,0.0
3,0,1.0,0.0,0.0,0.0,0.0,0.0,0.0,0.0,0.0
3,0,1.0,0.0,0.0,0.0,0.0,0.0,0.0,0.0,0.0
3,0,1.0,0.0,0.0,0.0,0.0,0.0,0.0,0.0,0.0
3,0,1.0,0.0,0.0,0.0,0.0,0.0,0.0,0.0,0.0
3,0,1.0,0.0,0.0,0.0,0.0,0.0,0.0,0.0,0.0
3,0,1.0,0.0,0.0,0.0,0.0,0.0,0.0,0.0,0.0
3,0,1.0,0.0,0.0,0.0,0.0,0.0,0.0,0.0,0.0
3,0,1.0,0.0,0.0,0.0,0.0,0.0,0.0,0.0,0.0
3,0,1.0,0.0,0.0,0.0,0.0,0.0,0.0,0.0,0.0
3,0,1.0,0.0,0.0,0.0,0.0,0.0,0.0,0.0,0.0
3,0,1.0,0.0,0.0,0.0,0.0,0.0,0.0,0.0,0.0
3,0,1.0,0.0,0.0,0.0,0.0,0.0,0.0,0.0,0.0
3,0,1.0,0.0,0.0,0.0,0.0,0.0,0.0,0.0,0.0
3,0,1.0,0.0,0.0,0.0,0.0,0.0,0.0,0.0,0.0
3,0,1.0,0.0,0.0,0.0,0.0,0.0,0.0,0.0,0.0
3,0,1.0,0.0,0.0,0.0,0.0,0.0,0.0,0.0,0.0
3,0,1.0,0.0,0.0,0.0,0.0,0.0,0.0,0.0,0.0
3,0,1.0,0.0,0.0,0.0,0.0,0.0,0.0,0.0,0.0
3,0,1.0,0.0,0.0,0.0,0.0,0.0,0.0,0.0,0.0
3,0,1.0,0.0,0.0,0.0,0.0,0.0,0.0,0.0,0.0
3,0,1.0,0.0,0.0,0.0,0.0,0.0,0.0,0.0,0.0
3,0,1.0,0.0,0.0,0.0,0.0,0.0,0.0,0.0,0.0
3,0,1.0,0.0,0.0,0.0,0.0,0.0,0.0,0.0,0.0
3,0,1.0,0.0,0.0,0.0,0.0,0.0,0.0,0.0,0.0
3,0,1.0,0.0,0.0,0.0,0.0,0.0,0.0,0.0,0.0
3,0,1.0,0.0,0.0,0.0,0.0,0.0,0.0,0.0,0.0
3,0,1.0,0.0,0.0,0.0,0.0,0.0,0.0,0.0,0.0
3,0,1.0,0.0,0.0,0.0,0.0,0.0,0.0,0.0,0.0
3,0,1.0,0.0,0.0,0.0,0.0,0.0,0.0,0.0,0.0
3,0,1.0,0.0,0.0,0.0,0.0,0.0,0.0,0.0,0.0
3,0,1.0,0.0,0.0,0.0,0.0,0.0,0.0,0.0,0.0
3,0,1.0,0.0,0.0,0.0,0.0,0.0,0.0,0.0,0.0
3,0,1.0,0.0,0.0,0.0,0.0,0.0,0.0,0.0,0.0
3,0,1.0,0.0,0.0,0.0,0.0,0.0,0.0,0.0,0.0
3,0,1.0,0.0,0.0,0.0,0.0,0.0,0.0,0.0,0.0
3,0,1.0,0.0,0.0,0.0,0.0,0.0,0.0,0.0,0.0
3,0,1.0,0.0,0.0,0.0,0.0,0.0,0.0,0.0,0.0
3,0,1.0,0.0,0.0,0.0,0.0,0.0,0.0,0.0,0.0
3,0,1.0,0.0,0.0,0.0,0.0,0.0,0.0,0.0,0.0
3,0,1.0,0.0,0.0,0.0,0.0,0.0,0.0,0.0,0.0
3,0,1.0,0.0,0.0,0.0,0.0,0.0,0.0,0.0,0.0
3,0,1.0,0.0,0.0,0.0,0.0,0.0,0.0,0.0,0.0
3,0,1.0,0.0,0.0,0.0,0.0,0.0,0.0,0.0,0.0
3,0,1.0,0.0,0.0,0.0,0.0,0.0,0.0,0.0,0.0
3,0,1.0,0.0,0.0,0.0,0.0,0.0,0.0,0.0,0.0
3,0,1.0,0.0,0.0,0.0,0.0,0.0,0.0,0.0,0.0
3,0,1.0,0.0,0.0,0.0,0.0,0.0,0.0,0.0,0.0
3,0,1.0,0.0,0.0,0.0,0.0,0.0,0.0,0.0,0.0
3,0,1.0,0.0,0.0,0.0,0.0,0.0,0.0,0.0,0.0
3,0,1.0,0.0,0.0,0.0,0.0,0.0,0.0,0.0,0.0
3,0,1.0,0.0,0.0,0.0,0.0,0.0,0.0,0.0,0.0
3,0,1.0,0.0,0.0,0.0,0.0,0.0,0.0,0.0,0.0
3,0,1.0,0.0,0.0,0.0,0.0,0.0,0.0,0.0,0.0
3,0,1.0,0.0,0.0,0.0,0.0,0.0,0.0,0.0,0.0
3,0,1.0,0.0,0.0,0.0,0.0,0.0,0.0,0.0,0.0
3,0,1.0,0.0,0.0,0.0,0.0,0.0,0.0,0.0,0.0
3,0,1.0,0.0,0.0,0.0,0.0,0.0,0.0,0.0,0.0
3,0,1.0,0.0,0.0,0.0,0.0,0.0,0.0,0.0,0.0
3,0,1.0,0.0,0.0,0.0,0.0,0.0,0.0,0.0,0.0
3,0,1.0,0.0,0.0,0.0,0.0,0.0,0.0,0.0,0.0
3,0,1.0,0.0,0.0,0.0,0.0,0.0,0.0,0.0,0.0
3,0,1.0,0.0,0.0,0.0,0.0,0.0,0.0,0.0,0.0
3,0,1.0,0.0,0.0,0.0,0.0,0.0,0.0,0.0,0.0
3,0,1.0,0.0,0.0,0.0,0.0,0.0,0.0,0.0,0.0
3,0,1.0,0.0,0.0,0.0,0.0,0.0,0.0,0.0,0.0
3,0,1.0,0.0,0.0,0.0,0.0,0.0,0.0,0.0,0.0
3,0,1.0,0.0,0.0,0.0,0.0,0.0,0.0,0.0,0.0
3,0,1.0,0.0,0.0,0.0,0.0,0.0,0.0,0.0,0.0
3,0,1.0,0.0,0.0,0.0,0.0,0.0,0.0,0.0,0.0
3,0,1.0,0.0,0.0,0.0,0.0,0.0,0.0,0.0,0.0
3,0,1.0,0.0,0.0,0.0,0.0,0.0,0.0,0.0,0.0
3,0,1.0,0.0,0.0,0.0,0.0,0.0,0.0,0.0,0.0
3,0,1.0,0.0,0.0,0.0,0.0,0.0,0.0,0.0,0.0
3,0,1.0,0.0,0.0,0.0,0.0,0.0,0.0,0.0,0.0
3,0,1.0,0.0,0.0,0.0,0.0,0.0,0.0,0.0,0.0
3,0,1.0,0.0,0.0,0.0,0.0,0.0,0.0,0.0,0.0
3,0,1.0,0.0,0.0,0.0,0.0,0.0,0.0,0.0,0.0
3,0,1.0,0.0,0.0,0.0,0.0,0.0,0.0,0.0,0.0
3,0,1.0,0.0,0.0,0.0,0.0,0.0,0.0,0.0,0.0
3,0,1.0,0.0,0.0,0.0,0.0,0.0,0.0,0.0,0.0
3,0,1.0,0.0,0.0,0.0,0.0,0.0,0.0,0.0,0.0
3,0,1.0,0.0,0.0,0.0,0.0,0.0,0.0,0.0,0.0
3,0,1.0,0.0,0.0,0.0,0.0,0.0,0.0,0.0,0.0
3,0,1.0,0.0,0.0,0.0,0.0,0.0,0.0,0.0,0.0
3,0,1.0,0.0,0.0,0.0,0.0,0.0,0.0,0.0,0.0
3,0,1.0,0.0,0.0,0.0,0.0,0.0,0.0,0.0,0.0
3,0,1.0,0.0,0.0,0.0,0.0,0.0,0.0,0.0,0.0
3,0,1.0,0.0,0.0,0.0,0.0,0.0,0.0,0.0,0.0
3,0,1.0,0.0,0.0,0.0,0.0,0.0,0.0,0.0,0.0
3,0,1.0,0.0,0.0,0.0,0.0,0.0,0.0,0.0,0.0
3,0,1.0,0.0,0.0,0.0,0.0,0.0,0.0,0.0,0.0
3,0,1.0,0.0,0.0,0.0,0.0,0.0,0.0,0.0,0.0
3,0,1.0,0.0,0.0,0.0,0.0,0.0,0.0,0.0,0.0
3,0,1.0,0.0,0.0,0.0,0.0,0.0,0.0,0.0,0.0
3,0,1.0,0.0,0.0,0.0,0.0,0.0,0.0,0.0,0.0
3,0,1.0,0.0,0.0,0.0,0.0,0.0,0.0,0.0,0.0
3,0,1.0,0.0,0.0,0.0,0.0,0.0,0.0,0.0,0.0
3,0,1.0,0.0,0.0,0.0,0.0,0.0,0.0,0.0,0.0
3,0,1.0,0.0,0.0,0.0,0.0,0.0,0.0,0.0,0.0
3,0,1.0,0.0,0.0,0.0,0.0,0.0,0.0,0.0,0.0
3,0,1.0,0.0,0.0,0.0,0.0,0.0,0.0,0.0,0.0
3,0,1.0,0.0,0.0,0.0,0.0,0.0,0.0,0.0,0.0
3,0,1.0,0.0,0.0,0.0,0.0,0.0,0.0,0.0,0.0
3,0,1.0,0.0,0.0,0.0,0.0,0.0,0.0,0.0,0.0
3,0,1.0,0.0,0.0,0.0,0.0,0.0,0.0,0.0,0.0
3,0,1.0,0.0,0.0,0.0,0.0,0.0,0.0,0.0,0.0
3,0,1.0,0.0,0.0,0.0,0.0,0.0,0.0,0.0,0.0
3,0,1.0,0.0,0.0,0.0,0.0,0.0,0.0,0.0,0.0
3,0,1.0,0.0,0.0,0.0,0.0,0.0,0.0,0.0,0.0
3,0,1.0,0.0,0.0,0.0,0.0,0.0,0.0,0.0,0.0
3,0,1.0,0.0,0.0,0.0,0.0,0.0,0.0,0.0,0.0
3,0,1.0,0.0,0.0,0.0,0.0,0.0,0.0,0.0,0.0
3,0,1.0,0.0,0.0,0.0,0.0,0.0,0.0,0.0,0.0
3,0,1.0,0.0,0.0,0.0,0.0,0.0,0.0,0.0,0.0
3,0,1.0,0.0,0.0,0.0,0.0,0.0,0.0,0.0,0.0
3,0,1.0,0.0,0.0,0.0,0.0,0.0,0.0,0.0,0.0
3,0,1.0,0.0,0.0,0.0,0.0,0.0,0.0,0.0,0.0
3,0,1.0,0.0,0.0,0.0,0.0,0.0,0.0,0.0,0.0
3,0,1.0,0.0,0.0,0.0,0.0,0.0,0.0,0.0,0.0
3,0,1.0,0.0,0.0,0.0,0.0,0.0,0.0,0.0,0.0
3,0,1.0,0.0,0.0,0.0,0.0,0.0,0.0,0.0,0.0
3,0,1.0,0.0,0.0,0.0,0.0,0.0,0.0,0.0,0.0
3,0,1.0,0.0,0.0,0.0,0.0,0.0,0.0,0.0,0.0
3,0,1.0,0.0,0.0,0.0,0.0,0.0,0.0,0.0,0.0
3,0,1.0,0.0,0.0,0.0,0.0,0.0,0.0,0.0,0.0
3,0,1.0,0.0,0.0,0.0,0.0,0.0,0.0,0.0,0.0
3,0,1.0,0.0,0.0,0.0,0.0,0.0,0.0,0.0,0.0
3,0,1.0,0.0,0.0,0.0,0.0,0.0,0.0,0.0,0.0
3,0,1.0,0.0,0.0,0.0,0.0,0.0,0.0,0.0,0.0
3,0,1.0,0.0,0.0,0.0,0.0,0.0,0.0,0.0,0.0
3,0,1.0,0.0,0.0,0.0,0.0,0.0,0.0,0.0,0.0
3,0,1.0,0.0,0.0,0.0,0.0,0.0,0.0,0.0,0.0
3,0,1.0,0.0,0.0,0.0,0.0,0.0,0.0,0.0,0.0
3,0,1.0,0.0,0.0,0.0,0.0,0.0,0.0,0.0,0.0
3,0,1.0,0.0,0.0,0.0,0.0,0.0,0.0,0.0,0.0
3,0,1.0,0.0,0.0,0.0,0.0,0.0,0.0,0.0,0.0
3,0,1.0,0.0,0.0,0.0,0.0,0.0,0.0,0.0,0.0
3,0,1.0,0.0,0.0,0.0,0.0,0.0,0.0,0.0,0.0
3,0,1.0,0.0,0.0,0.0,0.0,0.0,0.0,0.0,0.0
3,0,1.0,0.0,0.0,0.0,0.0,0.0,0.0,0.0,0.0
3,0,1.0,0.0,0.0,0.0,0.0,0.0,0.0,0.0,0.0
3,0,1.0,0.0,0.0,0.0,0.0,0.0,0.0,0.0,0.0
3,0,1.0,0.0,0.0,0.0,0.0,0.0,0.0,0.0,0.0
3,0,1.0,0.0,0.0,0.0,0.0,0.0,0.0,0.0,0.0
3,0,1.0,0.0,0.0,0.0,0.0,0.0,0.0,0.0,0.0
3,0,1.0,0.0,0.0,0.0,0.0,0.0,0.0,0.0,0.0
3,0,1.0,0.0,0.0,0.0,0.0,0.0,0.0,0.0,0.0
3,0,1.0,0.0,0.0,0.0,0.0,0.0,0.0,0.0,0.0
3,0,1.0,0.0,0.0,0.0,0.0,0.0,0.0,0.0,0.0
3,0,1.0,0.0,0.0,0.0,0.0,0.0,0.0,0.0,0.0
3,0,1.0,0.0,0.0,0.0,0.0,0.0,0.0,0.0,0.0
3,0,1.0,0.0,0.0,0.0,0.0,0.0,0.0,0.0,0.0
3,0,1.0,0.0,0.0,0.0,0.0,0.0,0.0,0.0,0.0
3,0,1.0,0.0,0.0,0.0,0.0,0.0,0.0,0.0,0.0
3,0,1.0,0.0,0.0,0.0,0.0,0.0,0.0,0.0,0.0
3,0,1.0,0.0,0.0,0.0,0.0,0.0,0.0,0.0,0.0
3,0,1.0,0.0,0.0,0.0,0.0,0.0,0.0,0.0,0.0
3,0,1.0,0.0,0.0,0.0,0.0,0.0,0.0,0.0,0.0
3,0,1.0,0.0,0.0,0.0,0.0,0.0,0.0,0.0,0.0
3,0,1.0,0.0,0.0,0.0,0.0,0.0,0.0,0.0,0.0
3,0,1.0,0.0,0.0,0.0,0.0,0.0,0.0,0.0,0.0
3,0,1.0,0.0,0.0,0.0,0.0,0.0,0.0,0.0,0.0
3,0,1.0,0.0,0.0,0.0,0.0,0.0,0.0,0.0,0.0
3,0,1.0,0.0,0.0,0.0,0.0,0.0,0.0,0.0,0.0
3,0,1.0,0.0,0.0,0.0,0.0,0.0,0.0,0.0,0.0
3,0,1.0,0.0,0.0,0.0,0.0,0.0,0.0,0.0,0.0
3,0,1.0,0.0,0.0,0.0,0.0,0.0,0.0,0.0,0.0
3,0,1.0,0.0,0.0,0.0,0.0,0.0,0.0,0.0,0.0
3,0,1.0,0.0,0.0,0.0,0.0,0.0,0.0,0.0,0.0
3,0,1.0,0.0,0.0,0.0,0.0,0.0,0.0,0.0,0.0
3,0,1.0,0.0,0.0,0.0,0.0,0.0,0.0,0.0,0.0
3,0,1.0,0.0,0.0,0.0,0.0,0.0,0.0,0.0,0.0
3,0,1.0,0.0,0.0,0.0,0.0,0.0,0.0,0.0,0.0
3,0,1.0,0.0,0.0,0.0,0.0,0.0,0.0,0.0,0.0
3,0,1.0,0.0,0.0,0.0,0.0,0.0,0.0,0.0,0.0
3,0,1.0,0.0,0.0,0.0,0.0,0.0,0.0,0.0,0.0
3,0,1.0,0.0,0.0,0.0,0.0,0.0,0.0,0.0,0.0
3,0,1.0,0.0,0.0,0.0,0.0,0.0,0.0,0.0,0.0
3,0,1.0,0.0,0.0,0.0,0.0,0.0,0.0,0.0,0.0
3,0,1.0,0.0,0.0,0.0,0.0,0.0,0.0,0.0,0.0
3,0,1.0,0.0,0.0,0.0,0.0,0.0,0.0,0.0,0.0
3,0,1.0,0.0,0.0,0.0,0.0,0.0,0.0,0.0,0.0
3,0,1.0,0.0,0.0,0.0,0.0,0.0,0.0,0.0,0.0
3,0,1.0,0.0,0.0,0.0,0.0,0.0,0.0,0.0,0.0
3,0,1.0,0.0,0.0,0.0,0.0,0.0,0.0,0.0,0.0
3,0,1.0,0.0,0.0,0.0,0.0,0.0,0.0,0.0,0.0
3,0,0.9408307,0.0,0.0,0.0,0.0,0.0,0.0,0.05916933,0.0
3,0,0.9408307,0.0,0.0,0.0,0.0,0.0,0.0,0.05916933,0.0
3,0,0.9408307,0.0,0.0,0.0,0.0,0.0,0.0,0.05916933,0.0
3,0,0.9408307,0.0,0.0,0.0,0.0,0.0,0.0,0.05916933,0.0
3,0,0.9408307,0.0,0.0,0.0,0.0,0.0,0.0,0.05916933,0.0
3,0,0.9408307,0.0,0.0,0.0,0.0,0.0,0.0,0.05916933,0.0
3,0,0.9408307,0.0,0.0,0.0,0.0,0.0,0.0,0.05916933,0.0
3,0,0.9408307,0.0,0.0,0.0,0.0,0.0,0.0,0.05916933,0.0
3,0,0.9408307,0.0,0.0,0.0,0.0,0.0,0.0,0.05916933,0.0
3,0,0.9408307,0.0,0.0,0.0,0.0,0.0,0.0,0.05916933,0.0
3,0,0.9408307,0.0,0.0,0.0,0.0,0.0,0.0,0.05916933,0.0
3,0,0.9408307,0.0,0.0,0.0,0.0,0.0,0.0,0.05916933,0.0
3,0,0.9408307,0.0,0.0,0.0,0.0,0.0,0.0,0.05916933,0.0
3,0,0.9408307,0.0,0.0,0.0,0.0,0.0,0.0,0.05916933,0.0
3,0,0.9408307,0.0,0.0,0.0,0.0,0.0,0.0,0.05916933,0.0
3,0,0.9408307,0.0,0.0,0.0,0.0,0.0,0.0,0.05916933,0.0
3,0,0.9408307,0.0,0.0,0.0,0.0,0.0,0.0,0.05916933,0.0
3,0,0.9408307,0.0,0.0,0.0,0.0,0.0,0.0,0.05916933,0.0
3,0,0.9408307,0.0,0.0,0.0,0.0,0.0,0.0,0.05916933,0.0
3,0,0.9408307,0.0,0.0,0.0,0.0,0.0,0.0,0.05916933,0.0
3,0,0.9408307,0.0,0.0,0.0,0.0,0.0,0.0,0.05916933,0.0
3,0,0.9408307,0.0,0.0,0.0,0.0,0.0,0.0,0.05916933,0.0
3,0,0.9408307,0.0,0.0,0.0,0.0,0.0,0.0,0.05916933,0.0
3,0,0.9408307,0.0,0.0,0.0,0.0,0.0,0.0,0.05916933,0.0
3,0,0.9408307,0.0,0.0,0.0,0.0,0.0,0.0,0.05916933,0.0
3,0,0.9408307,0.0,0.0,0.0,0.0,0.0,0.0,0.05916933,0.0
3,0,0.9408307,0.0,0.0,0.0,0.0,0.0,0.0,0.05916933,0.0
3,0,0.9408307,0.0,0.0,0.0,0.0,0.0,0.0,0.05916933,0.0
3,0,0.9408307,0.0,0.0,0.0,0.0,0.0,0.0,0.05916933,0.0
3,0,0.9408307,0.0,0.0,0.0,0.0,0.0,0.0,0.05916933,0.0
3,0,0.9408307,0.0,0.0,0.0,0.0,0.0,0.0,0.05916933,0.0
3,0,0.9408307,0.0,0.0,0.0,0.0,0.0,0.0,0.05916933,0.0
3,0,0.9408307,0.0,0.0,0.0,0.0,0.0,0.0,0.05916933,0.0
3,0,0.9408307,0.0,0.0,0.0,0.0,0.0,0.0,0.05916933,0.0
3,0,0.9408307,0.0,0.0,0.0,0.0,0.0,0.0,0.05916933,0.0
3,0,0.9408307,0.0,0.0,0.0,0.0,0.0,0.0,0.05916933,0.0
3,0,0.9408307,0.0,0.0,0.0,0.0,0.0,0.0,0.05916933,0.0
3,0,0.9408307,0.0,0.0,0.0,0.0,0.0,0.0,0.05916933,0.0
3,0,0.9408307,0.0,0.0,0.0,0.0,0.0,0.0,0.05916933,0.0
3,0,0.9408307,0.0,0.0,0.0,0.0,0.0,0.0,0.05916933,0.0
3,0,0.9408307,0.0,0.0,0.0,0.0,0.0,0.0,0.05916933,0.0
3,0,0.9408307,0.0,0.0,0.0,0.0,0.0,0.0,0.05916933,0.0
3,0,0.9408307,0.0,0.0,0.0,0.0,0.0,0.0,0.05916933,0.0
3,0,0.9408307,0.0,0.0,0.0,0.0,0.0,0.0,0.05916933,0.0
3,0,0.9408307,0.0,0.0,0.0,0.0,0.0,0.0,0.05916933,0.0
3,0,0.9408307,0.0,0.0,0.0,0.0,0.0,0.0,0.05916933,0.0
3,0,0.9408307,0.0,0.0,0.0,0.0,0.0,0.0,0.05916933,0.0
3,0,0.9408307,0.0,0.0,0.0,0.0,0.0,0.0,0.05916933,0.0
3,0,0.9408307,0.0,0.0,0.0,0.0,0.0,0.0,0.05916933,0.0
3,0,0.9408307,0.0,0.0,0.0,0.0,0.0,0.0,0.05916933,0.0
3,0,0.9408307,0.0,0.0,0.0,0.0,0.0,0.0,0.05916933,0.0
3,0,0.9408307,0.0,0.0,0.0,0.0,0.0,0.0,0.05916933,0.0
3,0,0.9408307,0.0,0.0,0.0,0.0,0.0,0.0,0.05916933,0.0
3,0,0.9408307,0.0,0.0,0.0,0.0,0.0,0.0,0.05916933,0.0
3,0,0.9408307,0.0,0.0,0.0,0.0,0.0,0.0,0.05916933,0.0
3,0,0.9408307,0.0,0.0,0.0,0.0,0.0,0.0,0.05916933,0.0
3,0,0.9408307,0.0,0.0,0.0,0.0,0.0,0.0,0.05916933,0.0
3,0,0.9408307,0.0,0.0,0.0,0.0,0.0,0.0,0.05916933,0.0
3,0,0.9408307,0.0,0.0,0.0,0.0,0.0,0.0,0.05916933,0.0
3,0,0.9408307,0.0,0.0,0.0,0.0,0.0,0.0,0.05916933,0.0
3,0,0.9408307,0.0,0.0,0.0,0.0,0.0,0.0,0.05916933,0.0
3,0,0.9408307,0.0,0.0,0.0,0.0,0.0,0.0,0.05916933,0.0
3,0,0.9408307,0.0,0.0,0.0,0.0,0.0,0.0,0.05916933,0.0
3,0,0.9408307,0.0,0.0,0.0,0.0,0.0,0.0,0.05916933,0.0
3,0,0.9408307,0.0,0.0,0.0,0.0,0.0,0.0,0.05916933,0.0
3,0,0.9408307,0.0,0.0,0.0,0.0,0.0,0.0,0.05916933,0.0
3,0,0.9408307,0.0,0.0,0.0,0.0,0.0,0.0,0.05916933,0.0
3,0,0.9408307,0.0,0.0,0.0,0.0,0.0,0.0,0.05916933,0.0
3,0,0.9408307,0.0,0.0,0.0,0.0,0.0,0.0,0.05916933,0.0
3,0,0.9408307,0.0,0.0,0.0,0.0,0.0,0.0,0.05916933,0.0
3,0,0.9408307,0.0,0.0,0.0,0.0,0.0,0.0,0.05916933,0.0
3,0,0.9408307,0.0,0.0,0.0,0.0,0.0,0.0,0.05916933,0.0
3,0,0.9408307,0.0,0.0,0.0,0.0,0.0,0.0,0.05916933,0.0
3,0,0.9408307,0.0,0.0,0.0,0.0,0.0,0.0,0.05916933,0.0
3,0,0.9408307,0.0,0.0,0.0,0.0,0.0,0.0,0.05916933,0.0
3,0,0.9408307,0.0,0.0,0.0,0.0,0.0,0.0,0.05916933,0.0
3,0,0.9408307,0.0,0.0,0.0,0.0,0.0,0.0,0.05916933,0.0
3,0,0.9408307,0.0,0.0,0.0,0.0,0.0,0.0,0.05916933,0.0
3,0,0.9408307,0.0,0.0,0.0,0.0,0.0,0.0,0.05916933,0.0
3,0,0.9408307,0.0,0.0,0.0,0.0,0.0,0.0,0.05916933,0.0
3,0,0.9408307,0.0,0.0,0.0,0.0,0.0,0.0,0.05916933,0.0
3,0,0.9408307,0.0,0.0,0.0,0.0,0.0,0.0,0.05916933,0.0
3,0,0.9408307,0.0,0.0,0.0,0.0,0.0,0.0,0.05916933,0.0
3,0,0.9408307,0.0,0.0,0.0,0.0,0.0,0.0,0.05916933,0.0
3,0,0.9408307,0.0,0.0,0.0,0.0,0.0,0.0,0.05916933,0.0
3,0,0.9408307,0.0,0.0,0.0,0.0,0.0,0.0,0.05916933,0.0
3,0,0.9408307,0.0,0.0,0.0,0.0,0.0,0.0,0.05916933,0.0
3,0,0.9408307,0.0,0.0,0.0,0.0,0.0,0.0,0.05916933,0.0
3,0,0.9408307,0.0,0.0,0.0,0.0,0.0,0.0,0.05916933,0.0
3,0,0.9408307,0.0,0.0,0.0,0.0,0.0,0.0,0.05916933,0.0
3,0,0.9408307,0.0,0.0,0.0,0.0,0.0,0.0,0.05916933,0.0
3,0,0.9408307,0.0,0.0,0.0,0.0,0.0,0.0,0.05916933,0.0
3,0,0.9408307,0.0,0.0,0.0,0.0,0.0,0.0,0.05916933,0.0
3,0,0.9408307,0.0,0.0,0.0,0.0,0.0,0.0,0.05916933,0.0
3,0,0.9408307,0.0,0.0,0.0,0.0,0.0,0.0,0.05916933,0.0
3,0,0.9408307,0.0,0.0,0.0,0.0,0.0,0.0,0.05916933,0.0
3,0,0.9408307,0.0,0.0,0.0,0.0,0.0,0.0,0.05916933,0.0
3,0,0.9408307,0.0,0.0,0.0,0.0,0.0,0.0,0.05916933,0.0
3,0,0.9408307,0.0,0.0,0.0,0.0,0.0,0.0,0.05916933,0.0
3,0,0.9408307,0.0,0.0,0.0,0.0,0.0,0.0,0.05916933,0.0
3,0,0.9408307,0.0,0.0,0.0,0.0,0.0,0.0,0.05916933,0.0
3,0,0.9408307,0.0,0.0,0.0,0.0,0.0,0.0,0.05916933,0.0
3,0,0.9408307,0.0,0.0,0.0,0.0,0.0,0.0,0.05916933,0.0
3,0,0.9408307,0.0,0.0,0.0,0.0,0.0,0.0,0.05916933,0.0
3,0,0.9408307,0.0,0.0,0.0,0.0,0.0,0.0,0.05916933,0.0
3,0,0.9408307,0.0,0.0,0.0,0.0,0.0,0.0,0.05916933,0.0
3,0,0.9408307,0.0,0.0,0.0,0.0,0.0,0.0,0.05916933,0.0
3,0,0.9408307,0.0,0.0,0.0,0.0,0.0,0.0,0.05916933,0.0
3,0,0.9408307,0.0,0.0,0.0,0.0,0.0,0.0,0.05916933,0.0
3,0,0.9408307,0.0,0.0,0.0,0.0,0.0,0.0,0.05916933,0.0
3,0,0.9408307,0.0,0.0,0.0,0.0,0.0,0.0,0.05916933,0.0
3,0,0.9408307,0.0,0.0,0.0,0.0,0.0,0.0,0.05916933,0.0
3,0,0.9408307,0.0,0.0,0.0,0.0,0.0,0.0,0.05916933,0.0
3,0,0.9408307,0.0,0.0,0.0,0.0,0.0,0.0,0.05916933,0.0
3,0,0.9408307,0.0,0.0,0.0,0.0,0.0,0.0,0.05916933,0.0
3,0,0.9408307,0.0,0.0,0.0,0.0,0.0,0.0,0.05916933,0.0
3,0,0.9408307,0.0,0.0,0.0,0.0,0.0,0.0,0.05916933,0.0
3,0,0.9408307,0.0,0.0,0.0,0.0,0.0,0.0,0.05916933,0.0
3,0,0.9408307,0.0,0.0,0.0,0.0,0.0,0.0,0.05916933,0.0
3,0,0.9408307,0.0,0.0,0.0,0.0,0.0,0.0,0.05916933,0.0
3,0,0.9408307,0.0,0.0,0.0,0.0,0.0,0.0,0.05916933,0.0
3,0,0.9408307,0.0,0.0,0.0,0.0,0.0,0.0,0.05916933,0.0
3,0,0.9408307,0.0,0.0,0.0,0.0,0.0,0.0,0.05916933,0.0
3,0,0.9408307,0.0,0.0,0.0,0.0,0.0,0.0,0.05916933,0.0
3,0,0.9408307,0.0,0.0,0.0,0.0,0.0,0.0,0.05916933,0.0
3,0,0.9408307,0.0,0.0,0.0,0.0,0.0,0.0,0.05916933,0.0
3,0,0.9408307,0.0,0.0,0.0,0.0,0.0,0.0,0.05916933,0.0
3,0,0.9408307,0.0,0.0,0.0,0.0,0.0,0.0,0.05916933,0.0
3,0,0.9408307,0.0,0.0,0.0,0.0,0.0,0.0,0.05916933,0.0
3,0,0.9408307,0.0,0.0,0.0,0.0,0.0,0.0,0.05916933,0.0
3,0,0.9408307,0.0,0.0,0.0,0.0,0.0,0.0,0.05916933,0.0
3,0,0.9408307,0.0,0.0,0.0,0.0,0.0,0.0,0.05916933,0.0
3,0,0.9408307,0.0,0.0,0.0,0.0,0.0,0.0,0.05916933,0.0
3,0,0.9408307,0.0,0.0,0.0,0.0,0.0,0.0,0.05916933,0.0
3,0,0.9408307,0.0,0.0,0.0,0.0,0.0,0.0,0.05916933,0.0
3,0,0.9408307,0.0,0.0,0.0,0.0,0.0,0.0,0.05916933,0.0
3,0,0.9408307,0.0,0.0,0.0,0.0,0.0,0.0,0.05916933,0.0
3,0,0.9408307,0.0,0.0,0.0,0.0,0.0,0.0,0.05916933,0.0
3,0,0.9408307,0.0,0.0,0.0,0.0,0.0,0.0,0.05916933,0.0
3,0,0.9408307,0.0,0.0,0.0,0.0,0.0,0.0,0.05916933,0.0
3,0,0.9408307,0.0,0.0,0.0,0.0,0.0,0.0,0.05916933,0.0
3,0,0.9408307,0.0,0.0,0.0,0.0,0.0,0.0,0.05916933,0.0
3,0,0.9408307,0.0,0.0,0.0,0.0,0.0,0.0,0.05916933,0.0
3,0,0.9408307,0.0,0.0,0.0,0.0,0.0,0.0,0.05916933,0.0
3,0,0.9408307,0.0,0.0,0.0,0.0,0.0,0.0,0.05916933,0.0
3,0,0.9408307,0.0,0.0,0.0,0.0,0.0,0.0,0.05916933,0.0
3,0,0.9408307,0.0,0.0,0.0,0.0,0.0,0.0,0.05916933,0.0
3,0,0.9408307,0.0,0.0,0.0,0.0,0.0,0.0,0.05916933,0.0
3,0,0.9408307,0.0,0.0,0.0,0.0,0.0,0.0,0.05916933,0.0
3,0,0.9408307,0.0,0.0,0.0,0.0,0.0,0.0,0.05916933,0.0
3,0,0.9408307,0.0,0.0,0.0,0.0,0.0,0.0,0.05916933,0.0
3,0,0.9408307,0.0,0.0,0.0,0.0,0.0,0.0,0.05916933,0.0
3,0,0.9408307,0.0,0.0,0.0,0.0,0.0,0.0,0.05916933,0.0
3,0,0.9408307,0.0,0.0,0.0,0.0,0.0,0.0,0.05916933,0.0
3,0,0.9408307,0.0,0.0,0.0,0.0,0.0,0.0,0.05916933,0.0
3,0,0.9408307,0.0,0.0,0.0,0.0,0.0,0.0,0.05916933,0.0
3,0,0.9408307,0.0,0.0,0.0,0.0,0.0,0.0,0.05916933,0.0
3,0,0.9408307,0.0,0.0,0.0,0.0,0.0,0.0,0.05916933,0.0
3,0,0.9408307,0.0,0.0,0.0,0.0,0.0,0.0,0.05916933,0.0
3,0,0.9408307,0.0,0.0,0.0,0.0,0.0,0.0,0.05916933,0.0
3,0,0.9408307,0.0,0.0,0.0,0.0,0.0,0.0,0.05916933,0.0
3,0,0.9408307,0.0,0.0,0.0,0.0,0.0,0.0,0.05916933,0.0
3,0,0.9408307,0.0,0.0,0.0,0.0,0.0,0.0,0.05916933,0.0
3,0,0.9408307,0.0,0.0,0.0,0.0,0.0,0.0,0.05916933,0.0
3,0,0.9408307,0.0,0.0,0.0,0.0,0.0,0.0,0.05916933,0.0
3,0,0.9408307,0.0,0.0,0.0,0.0,0.0,0.0,0.05916933,0.0
3,0,0.9408307,0.0,0.0,0.0,0.0,0.0,0.0,0.05916933,0.0
3,0,0.9408307,0.0,0.0,0.0,0.0,0.0,0.0,0.05916933,0.0
3,0,0.9408307,0.0,0.0,0.0,0.0,0.0,0.0,0.05916933,0.0
3,0,0.9408307,0.0,0.0,0.0,0.0,0.0,0.0,0.05916933,0.0
3,0,0.9408307,0.0,0.0,0.0,0.0,0.0,0.0,0.05916933,0.0
3,0,0.9408307,0.0,0.0,0.0,0.0,0.0,0.0,0.05916933,0.0
3,0,0.9408307,0.0,0.0,0.0,0.0,0.0,0.0,0.05916933,0.0
3,0,0.9408307,0.0,0.0,0.0,0.0,0.0,0.0,0.05916933,0.0
3,0,0.9408307,0.0,0.0,0.0,0.0,0.0,0.0,0.05916933,0.0
3,0,0.9408307,0.0,0.0,0.0,0.0,0.0,0.0,0.05916933,0.0
3,0,0.9408307,0.0,0.0,0.0,0.0,0.0,0.0,0.05916933,0.0
3,0,0.9408307,0.0,0.0,0.0,0.0,0.0,0.0,0.05916933,0.0
3,0,0.9408307,0.0,0.0,0.0,0.0,0.0,0.0,0.05916933,0.0
3,0,0.9408307,0.0,0.0,0.0,0.0,0.0,0.0,0.05916933,0.0
3,0,0.9408307,0.0,0.0,0.0,0.0,0.0,0.0,0.05916933,0.0
3,0,0.9408307,0.0,0.0,0.0,0.0,0.0,0.0,0.05916933,0.0
3,0,0.9408307,0.0,0.0,0.0,0.0,0.0,0.0,0.05916933,0.0
3,0,0.9408307,0.0,0.0,0.0,0.0,0.0,0.0,0.05916933,0.0
3,0,0.9408307,0.0,0.0,0.0,0.0,0.0,0.0,0.05916933,0.0
3,0,0.9408307,0.0,0.0,0.0,0.0,0.0,0.0,0.05916933,0.0
3,0,0.9408307,0.0,0.0,0.0,0.0,0.0,0.0,0.05916933,0.0
3,0,0.9408307,0.0,0.0,0.0,0.0,0.0,0.0,0.05916933,0.0
3,0,0.9408307,0.0,0.0,0.0,0.0,0.0,0.0,0.05916933,0.0
3,0,0.9408307,0.0,0.0,0.0,0.0,0.0,0.0,0.05916933,0.0
3,0,0.9408307,0.0,0.0,0.0,0.0,0.0,0.0,0.05916933,0.0
3,0,0.9408307,0.0,0.0,0.0,0.0,0.0,0.0,0.05916933,0.0
3,0,0.9408307,0.0,0.0,0.0,0.0,0.0,0.0,0.05916933,0.0
3,0,0.9408307,0.0,0.0,0.0,0.0,0.0,0.0,0.05916933,0.0
3,0,0.9408307,0.0,0.0,0.0,0.0,0.0,0.0,0.05916933,0.0
3,0,0.9408307,0.0,0.0,0.0,0.0,0.0,0.0,0.05916933,0.0
3,0,0.9408307,0.0,0.0,0.0,0.0,0.0,0.0,0.05916933,0.0
3,0,0.9408307,0.0,0.0,0.0,0.0,0.0,0.0,0.05916933,0.0
3,0,0.9408307,0.0,0.0,0.0,0.0,0.0,0.0,0.05916933,0.0
3,0,0.9408307,0.0,0.0,0.0,0.0,0.0,0.0,0.05916933,0.0
3,0,0.9408307,0.0,0.0,0.0,0.0,0.0,0.0,0.05916933,0.0
3,0,0.9408307,0.0,0.0,0.0,0.0,0.0,0.0,0.05916933,0.0
3,0,0.9408307,0.0,0.0,0.0,0.0,0.0,0.0,0.05916933,0.0
3,0,0.9408307,0.0,0.0,0.0,0.0,0.0,0.0,0.05916933,0.0
3,0,0.9408307,0.0,0.0,0.0,0.0,0.0,0.0,0.05916933,0.0
3,0,0.9408307,0.0,0.0,0.0,0.0,0.0,0.0,0.05916933,0.0
3,0,0.9408307,0.0,0.0,0.0,0.0,0.0,0.0,0.05916933,0.0
3,0,0.9408307,0.0,0.0,0.0,0.0,0.0,0.0,0.05916933,0.0
3,0,0.9408307,0.0,0.0,0.0,0.0,0.0,0.0,0.05916933,0.0
3,0,0.9408307,0.0,0.0,0.0,0.0,0.0,0.0,0.05916933,0.0
3,0,0.9408307,0.0,0.0,0.0,0.0,0.0,0.0,0.05916933,0.0
3,0,0.9408307,0.0,0.0,0.0,0.0,0.0,0.0,0.05916933,0.0
3,0,0.9408307,0.0,0.0,0.0,0.0,0.0,0.0,0.05916933,0.0
3,0,0.9408307,0.0,0.0,0.0,0.0,0.0,0.0,0.05916933,0.0
3,0,0.9408307,0.0,0.0,0.0,0.0,0.0,0.0,0.05916933,0.0
3,0,0.9408307,0.0,0.0,0.0,0.0,0.0,0.0,0.05916933,0.0
3,0,0.9408307,0.0,0.0,0.0,0.0,0.0,0.0,0.05916933,0.0
3,0,0.9408307,0.0,0.0,0.0,0.0,0.0,0.0,0.05916933,0.0
3,0,0.9408307,0.0,0.0,0.0,0.0,0.0,0.0,0.05916933,0.0
3,0,0.9408307,0.0,0.0,0.0,0.0,0.0,0.0,0.05916933,0.0
3,0,0.9408307,0.0,0.0,0.0,0.0,0.0,0.0,0.05916933,0.0
3,0,0.9408307,0.0,0.0,0.0,0.0,0.0,0.0,0.05916933,0.0
3,0,0.9408307,0.0,0.0,0.0,0.0,0.0,0.0,0.05916933,0.0
3,0,0.9408307,0.0,0.0,0.0,0.0,0.0,0.0,0.05916933,0.0
3,0,0.9408307,0.0,0.0,0.0,0.0,0.0,0.0,0.05916933,0.0
3,0,0.9408307,0.0,0.0,0.0,0.0,0.0,0.0,0.05916933,0.0
3,0,0.9408307,0.0,0.0,0.0,0.0,0.0,0.0,0.05916933,0.0
3,0,0.9408307,0.0,0.0,0.0,0.0,0.0,0.0,0.05916933,0.0
3,0,0.9408307,0.0,0.0,0.0,0.0,0.0,0.0,0.05916933,0.0
3,0,0.9408307,0.0,0.0,0.0,0.0,0.0,0.0,0.05916933,0.0
3,0,0.9408307,0.0,0.0,0.0,0.0,0.0,0.0,0.05916933,0.0
3,0,0.9408307,0.0,0.0,0.0,0.0,0.0,0.0,0.05916933,0.0
3,0,0.9408307,0.0,0.0,0.0,0.0,0.0,0.0,0.05916933,0.0
3,0,0.9408307,0.0,0.0,0.0,0.0,0.0,0.0,0.05916933,0.0
3,0,0.9408307,0.0,0.0,0.0,0.0,0.0,0.0,0.05916933,0.0
3,0,0.9408307,0.0,0.0,0.0,0.0,0.0,0.0,0.05916933,0.0
3,0,0.9408307,0.0,0.0,0.0,0.0,0.0,0.0,0.05916933,0.0
3,0,0.9408307,0.0,0.0,0.0,0.0,0.0,0.0,0.05916933,0.0
3,0,0.9408307,0.0,0.0,0.0,0.0,0.0,0.0,0.05916933,0.0
3,0,0.9408307,0.0,0.0,0.0,0.0,0.0,0.0,0.05916933,0.0
3,0,0.9408307,0.0,0.0,0.0,0.0,0.0,0.0,0.05916933,0.0
3,0,0.9408307,0.0,0.0,0.0,0.0,0.0,0.0,0.05916933,0.0
3,0,0.9408307,0.0,0.0,0.0,0.0,0.0,0.0,0.05916933,0.0
3,0,0.9408307,0.0,0.0,0.0,0.0,0.0,0.0,0.05916933,0.0
3,0,0.9408307,0.0,0.0,0.0,0.0,0.0,0.0,0.05916933,0.0
3,0,0.9408307,0.0,0.0,0.0,0.0,0.0,0.0,0.05916933,0.0
3,0,0.9408307,0.0,0.0,0.0,0.0,0.0,0.0,0.05916933,0.0
3,0,0.9408307,0.0,0.0,0.0,0.0,0.0,0.0,0.05916933,0.0
3,0,0.9408307,0.0,0.0,0.0,0.0,0.0,0.0,0.05916933,0.0
3,0,0.9408307,0.0,0.0,0.0,0.0,0.0,0.0,0.05916933,0.0
3,0,0.9408307,0.0,0.0,0.0,0.0,0.0,0.0,0.05916933,0.0
3,0,0.9408307,0.0,0.0,0.0,0.0,0.0,0.0,0.05916933,0.0
3,0,0.9408307,0.0,0.0,0.0,0.0,0.0,0.0,0.05916933,0.0
3,0,0.9408307,0.0,0.0,0.0,0.0,0.0,0.0,0.05916933,0.0
3,0,0.9408307,0.0,0.0,0.0,0.0,0.0,0.0,0.05916933,0.0
3,0,0.9408307,0.0,0.0,0.0,0.0,0.0,0.0,0.05916933,0.0
3,0,0.9408307,0.0,0.0,0.0,0.0,0.0,0.0,0.05916933,0.0
3,0,0.9408307,0.0,0.0,0.0,0.0,0.0,0.0,0.05916933,0.0
3,0,0.9408307,0.0,0.0,0.0,0.0,0.0,0.0,0.05916933,0.0
3,0,0.9408307,0.0,0.0,0.0,0.0,0.0,0.0,0.05916933,0.0
3,0,0.9408307,0.0,0.0,0.0,0.0,0.0,0.0,0.05916933,0.0
3,0,0.9408307,0.0,0.0,0.0,0.0,0.0,0.0,0.05916933,0.0
3,0,0.9408307,0.0,0.0,0.0,0.0,0.0,0.0,0.05916933,0.0
3,0,0.9408307,0.0,0.0,0.0,0.0,0.0,0.0,0.05916933,0.0
3,0,0.9408307,0.0,0.0,0.0,0.0,0.0,0.0,0.05916933,0.0
3,0,0.9408307,0.0,0.0,0.0,0.0,0.0,0.0,0.05916933,0.0
3,0,0.9408307,0.0,0.0,0.0,0.0,0.0,0.0,0.05916933,0.0
3,0,0.9408307,0.0,0.0,0.0,0.0,0.0,0.0,0.05916933,0.0
3,0,0.9408307,0.0,0.0,0.0,0.0,0.0,0.0,0.05916933,0.0
3,0,0.9408307,0.0,0.0,0.0,0.0,0.0,0.0,0.05916933,0.0
3,0,0.9408307,0.0,0.0,0.0,0.0,0.0,0.0,0.05916933,0.0
3,0,0.9408307,0.0,0.0,0.0,0.0,0.0,0.0,0.05916933,0.0
3,0,0.9408307,0.0,0.0,0.0,0.0,0.0,0.0,0.05916933,0.0
3,0,0.9408307,0.0,0.0,0.0,0.0,0.0,0.0,0.05916933,0.0
3,0,0.9408307,0.0,0.0,0.0,0.0,0.0,0.0,0.05916933,0.0
3,0,0.9408307,0.0,0.0,0.0,0.0,0.0,0.0,0.05916933,0.0
3,0,0.9408307,0.0,0.0,0.0,0.0,0.0,0.0,0.05916933,0.0
3,0,0.9408307,0.0,0.0,0.0,0.0,0.0,0.0,0.05916933,0.0
3,0,0.9408307,0.0,0.0,0.0,0.0,0.0,0.0,0.05916933,0.0
3,0,0.9408307,0.0,0.0,0.0,0.0,0.0,0.0,0.05916933,0.0
3,0,0.9408307,0.0,0.0,0.0,0.0,0.0,0.0,0.05916933,0.0
3,0,0.9408307,0.0,0.0,0.0,0.0,0.0,0.0,0.05916933,0.0
3,0,0.9408307,0.0,0.0,0.0,0.0,0.0,0.0,0.05916933,0.0
3,0,0.9408307,0.0,0.0,0.0,0.0,0.0,0.0,0.05916933,0.0
3,0,0.9408307,0.0,0.0,0.0,0.0,0.0,0.0,0.05916933,0.0
3,0,0.9408307,0.0,0.0,0.0,0.0,0.0,0.0,0.05916933,0.0
3,0,0.9408307,0.0,0.0,0.0,0.0,0.0,0.0,0.05916933,0.0
3,0,0.9408307,0.0,0.0,0.0,0.0,0.0,0.0,0.05916933,0.0
3,0,0.9408307,0.0,0.0,0.0,0.0,0.0,0.0,0.05916933,0.0
3,0,0.9408307,0.0,0.0,0.0,0.0,0.0,0.0,0.05916933,0.0
3,0,0.9408307,0.0,0.0,0.0,0.0,0.0,0.0,0.05916933,0.0
3,0,0.9408307,0.0,0.0,0.0,0.0,0.0,0.0,0.05916933,0.0
3,0,0.9408307,0.0,0.0,0.0,0.0,0.0,0.0,0.05916933,0.0
3,0,0.9408307,0.0,0.0,0.0,0.0,0.0,0.0,0.05916933,0.0
3,0,0.9408307,0.0,0.0,0.0,0.0,0.0,0.0,0.05916933,0.0
3,0,0.9408307,0.0,0.0,0.0,0.0,0.0,0.0,0.05916933,0.0
3,0,0.9408307,0.0,0.0,0.0,0.0,0.0,0.0,0.05916933,0.0
3,0,0.9408307,0.0,0.0,0.0,0.0,0.0,0.0,0.05916933,0.0
3,0,0.9408307,0.0,0.0,0.0,0.0,0.0,0.0,0.05916933,0.0
3,0,0.9408307,0.0,0.0,0.0,0.0,0.0,0.0,0.05916933,0.0
3,0,0.9408307,0.0,0.0,0.0,0.0,0.0,0.0,0.05916933,0.0
3,0,0.9408307,0.0,0.0,0.0,0.0,0.0,0.0,0.05916933,0.0
3,0,0.9408307,0.0,0.0,0.0,0.0,0.0,0.0,0.05916933,0.0
3,0,0.9408307,0.0,0.0,0.0,0.0,0.0,0.0,0.05916933,0.0
3,0,0.9408307,0.0,0.0,0.0,0.0,0.0,0.0,0.05916933,0.0
3,0,0.9408307,0.0,0.0,0.0,0.0,0.0,0.0,0.05916933,0.0
3,0,0.9408307,0.0,0.0,0.0,0.0,0.0,0.0,0.05916933,0.0
3,0,0.9408307,0.0,0.0,0.0,0.0,0.0,0.0,0.05916933,0.0
3,0,0.9408307,0.0,0.0,0.0,0.0,0.0,0.0,0.05916933,0.0
3,0,0.9408307,0.0,0.0,0.0,0.0,0.0,0.0,0.05916933,0.0
3,0,0.9408307,0.0,0.0,0.0,0.0,0.0,0.0,0.05916933,0.0
3,0,0.9408307,0.0,0.0,0.0,0.0,0.0,0.0,0.05916933,0.0
3,0,0.9408307,0.0,0.0,0.0,0.0,0.0,0.0,0.05916933,0.0
3,0,0.9408307,0.0,0.0,0.0,0.0,0.0,0.0,0.05916933,0.0
3,0,0.9408307,0.0,0.0,0.0,0.0,0.0,0.0,0.05916933,0.0
3,0,0.9408307,0.0,0.0,0.0,0.0,0.0,0.0,0.05916933,0.0
3,0,0.9408307,0.0,0.0,0.0,0.0,0.0,0.0,0.05916933,0.0
3,0,0.9408307,0.0,0.0,0.0,0.0,0.0,0.0,0.05916933,0.0
3,0,0.9408307,0.0,0.0,0.0,0.0,0.0,0.0,0.05916933,0.0
3,0,0.9408307,0.0,0.0,0.0,0.0,0.0,0.0,0.05916933,0.0
3,0,0.9408307,0.0,0.0,0.0,0.0,0.0,0.0,0.05916933,0.0
3,0,0.9408307,0.0,0.0,0.0,0.0,0.0,0.0,0.05916933,0.0
3,0,0.9408307,0.0,0.0,0.0,0.0,0.0,0.0,0.05916933,0.0
3,0,0.9408307,0.0,0.0,0.0,0.0,0.0,0.0,0.05916933,0.0
3,0,0.9408307,0.0,0.0,0.0,0.0,0.0,0.0,0.05916933,0.0
3,0,0.9408307,0.0,0.0,0.0,0.0,0.0,0.0,0.05916933,0.0
3,0,0.9408307,0.0,0.0,0.0,0.0,0.0,0.0,0.05916933,0.0
3,0,0.9408307,0.0,0.0,0.0,0.0,0.0,0.0,0.05916933,0.0
3,0,0.9408307,0.0,0.0,0.0,0.0,0.0,0.0,0.05916933,0.0
3,0,0.9408307,0.0,0.0,0.0,0.0,0.0,0.0,0.05916933,0.0
3,0,0.9408307,0.0,0.0,0.0,0.0,0.0,0.0,0.05916933,0.0
3,0,0.9408307,0.0,0.0,0.0,0.0,0.0,0.0,0.05916933,0.0
3,0,0.9408307,0.0,0.0,0.0,0.0,0.0,0.0,0.05916933,0.0
3,0,0.9408307,0.0,0.0,0.0,0.0,0.0,0.0,0.05916933,0.0
3,0,0.9408307,0.0,0.0,0.0,0.0,0.0,0.0,0.05916933,0.0
3,0,0.9408307,0.0,0.0,0.0,0.0,0.0,0.0,0.05916933,0.0
3,0,1.0,0.0,0.0,0.0,0.0,0.0,0.0,0.0,0.0
3,0,1.0,0.0,0.0,0.0,0.0,0.0,0.0,0.0,0.0
3,0,1.0,0.0,0.0,0.0,0.0,0.0,0.0,0.0,0.0
3,0,1.0,0.0,0.0,0.0,0.0,0.0,0.0,0.0,0.0
3,0,1.0,0.0,0.0,0.0,0.0,0.0,0.0,0.0,0.0
3,0,1.0,0.0,0.0,0.0,0.0,0.0,0.0,0.0,0.0
3,0,1.0,0.0,0.0,0.0,0.0,0.0,0.0,0.0,0.0
3,0,1.0,0.0,0.0,0.0,0.0,0.0,0.0,0.0,0.0
3,0,1.0,0.0,0.0,0.0,0.0,0.0,0.0,0.0,0.0
3,0,1.0,0.0,0.0,0.0,0.0,0.0,0.0,0.0,0.0
3,0,1.0,0.0,0.0,0.0,0.0,0.0,0.0,0.0,0.0
3,0,1.0,0.0,0.0,0.0,0.0,0.0,0.0,0.0,0.0
3,0,1.0,0.0,0.0,0.0,0.0,0.0,0.0,0.0,0.0
3,0,1.0,0.0,0.0,0.0,0.0,0.0,0.0,0.0,0.0
3,0,1.0,0.0,0.0,0.0,0.0,0.0,0.0,0.0,0.0
3,0,1.0,0.0,0.0,0.0,0.0,0.0,0.0,0.0,0.0
3,0,1.0,0.0,0.0,0.0,0.0,0.0,0.0,0.0,0.0
3,0,1.0,0.0,0.0,0.0,0.0,0.0,0.0,0.0,0.0
3,0,1.0,0.0,0.0,0.0,0.0,0.0,0.0,0.0,0.0
3,0,1.0,0.0,0.0,0.0,0.0,0.0,0.0,0.0,0.0
3,0,1.0,0.0,0.0,0.0,0.0,0.0,0.0,0.0,0.0
3,0,1.0,0.0,0.0,0.0,0.0,0.0,0.0,0.0,0.0
3,0,1.0,0.0,0.0,0.0,0.0,0.0,0.0,0.0,0.0
3,0,1.0,0.0,0.0,0.0,0.0,0.0,0.0,0.0,0.0
3,0,1.0,0.0,0.0,0.0,0.0,0.0,0.0,0.0,0.0
3,0,1.0,0.0,0.0,0.0,0.0,0.0,0.0,0.0,0.0
3,0,1.0,0.0,0.0,0.0,0.0,0.0,0.0,0.0,0.0
3,0,1.0,0.0,0.0,0.0,0.0,0.0,0.0,0.0,0.0
3,0,1.0,0.0,0.0,0.0,0.0,0.0,0.0,0.0,0.0
3,0,1.0,0.0,0.0,0.0,0.0,0.0,0.0,0.0,0.0
3,0,1.0,0.0,0.0,0.0,0.0,0.0,0.0,0.0,0.0
3,0,1.0,0.0,0.0,0.0,0.0,0.0,0.0,0.0,0.0
3,0,1.0,0.0,0.0,0.0,0.0,0.0,0.0,0.0,0.0
3,0,1.0,0.0,0.0,0.0,0.0,0.0,0.0,0.0,0.0
3,0,1.0,0.0,0.0,0.0,0.0,0.0,0.0,0.0,0.0
3,0,1.0,0.0,0.0,0.0,0.0,0.0,0.0,0.0,0.0
3,0,1.0,0.0,0.0,0.0,0.0,0.0,0.0,0.0,0.0
3,0,1.0,0.0,0.0,0.0,0.0,0.0,0.0,0.0,0.0
3,0,1.0,0.0,0.0,0.0,0.0,0.0,0.0,0.0,0.0
3,0,1.0,0.0,0.0,0.0,0.0,0.0,0.0,0.0,0.0
3,0,1.0,0.0,0.0,0.0,0.0,0.0,0.0,0.0,0.0
3,0,1.0,0.0,0.0,0.0,0.0,0.0,0.0,0.0,0.0
3,0,1.0,0.0,0.0,0.0,0.0,0.0,0.0,0.0,0.0
3,0,1.0,0.0,0.0,0.0,0.0,0.0,0.0,0.0,0.0
3,0,1.0,0.0,0.0,0.0,0.0,0.0,0.0,0.0,0.0
3,0,1.0,0.0,0.0,0.0,0.0,0.0,0.0,0.0,0.0
3,0,1.0,0.0,0.0,0.0,0.0,0.0,0.0,0.0,0.0
3,0,1.0,0.0,0.0,0.0,0.0,0.0,0.0,0.0,0.0
3,0,1.0,0.0,0.0,0.0,0.0,0.0,0.0,0.0,0.0
3,0,1.0,0.0,0.0,0.0,0.0,0.0,0.0,0.0,0.0
3,0,1.0,0.0,0.0,0.0,0.0,0.0,0.0,0.0,0.0
3,0,1.0,0.0,0.0,0.0,0.0,0.0,0.0,0.0,0.0
3,0,1.0,0.0,0.0,0.0,0.0,0.0,0.0,0.0,0.0
3,0,1.0,0.0,0.0,0.0,0.0,0.0,0.0,0.0,0.0
3,0,1.0,0.0,0.0,0.0,0.0,0.0,0.0,0.0,0.0
3,0,1.0,0.0,0.0,0.0,0.0,0.0,0.0,0.0,0.0
3,0,1.0,0.0,0.0,0.0,0.0,0.0,0.0,0.0,0.0
3,0,1.0,0.0,0.0,0.0,0.0,0.0,0.0,0.0,0.0
3,0,1.0,0.0,0.0,0.0,0.0,0.0,0.0,0.0,0.0
3,0,1.0,0.0,0.0,0.0,0.0,0.0,0.0,0.0,0.0
3,0,1.0,0.0,0.0,0.0,0.0,0.0,0.0,0.0,0.0
3,0,1.0,0.0,0.0,0.0,0.0,0.0,0.0,0.0,0.0
3,0,1.0,0.0,0.0,0.0,0.0,0.0,0.0,0.0,0.0
3,0,1.0,0.0,0.0,0.0,0.0,0.0,0.0,0.0,0.0
3,0,1.0,0.0,0.0,0.0,0.0,0.0,0.0,0.0,0.0
3,0,1.0,0.0,0.0,0.0,0.0,0.0,0.0,0.0,0.0
3,0,1.0,0.0,0.0,0.0,0.0,0.0,0.0,0.0,0.0
3,0,1.0,0.0,0.0,0.0,0.0,0.0,0.0,0.0,0.0
3,0,1.0,0.0,0.0,0.0,0.0,0.0,0.0,0.0,0.0
3,0,1.0,0.0,0.0,0.0,0.0,0.0,0.0,0.0,0.0
3,0,1.0,0.0,0.0,0.0,0.0,0.0,0.0,0.0,0.0
3,0,1.0,0.0,0.0,0.0,0.0,0.0,0.0,0.0,0.0
3,0,1.0,0.0,0.0,0.0,0.0,0.0,0.0,0.0,0.0
3,0,1.0,0.0,0.0,0.0,0.0,0.0,0.0,0.0,0.0
3,0,1.0,0.0,0.0,0.0,0.0,0.0,0.0,0.0,0.0
3,0,1.0,0.0,0.0,0.0,0.0,0.0,0.0,0.0,0.0
3,0,1.0,0.0,0.0,0.0,0.0,0.0,0.0,0.0,0.0
3,0,1.0,0.0,0.0,0.0,0.0,0.0,0.0,0.0,0.0
3,0,1.0,0.0,0.0,0.0,0.0,0.0,0.0,0.0,0.0
3,0,1.0,0.0,0.0,0.0,0.0,0.0,0.0,0.0,0.0
3,0,1.0,0.0,0.0,0.0,0.0,0.0,0.0,0.0,0.0
3,0,1.0,0.0,0.0,0.0,0.0,0.0,0.0,0.0,0.0
3,0,1.0,0.0,0.0,0.0,0.0,0.0,0.0,0.0,0.0
3,0,1.0,0.0,0.0,0.0,0.0,0.0,0.0,0.0,0.0
3,0,1.0,0.0,0.0,0.0,0.0,0.0,0.0,0.0,0.0
3,0,1.0,0.0,0.0,0.0,0.0,0.0,0.0,0.0,0.0
3,0,1.0,0.0,0.0,0.0,0.0,0.0,0.0,0.0,0.0
3,0,1.0,0.0,0.0,0.0,0.0,0.0,0.0,0.0,0.0
3,0,1.0,0.0,0.0,0.0,0.0,0.0,0.0,0.0,0.0
3,0,1.0,0.0,0.0,0.0,0.0,0.0,0.0,0.0,0.0
3,0,1.0,0.0,0.0,0.0,0.0,0.0,0.0,0.0,0.0
3,0,1.0,0.0,0.0,0.0,0.0,0.0,0.0,0.0,0.0
3,0,1.0,0.0,0.0,0.0,0.0,0.0,0.0,0.0,0.0
3,0,1.0,0.0,0.0,0.0,0.0,0.0,0.0,0.0,0.0
3,0,1.0,0.0,0.0,0.0,0.0,0.0,0.0,0.0,0.0
3,0,1.0,0.0,0.0,0.0,0.0,0.0,0.0,0.0,0.0
3,0,1.0,0.0,0.0,0.0,0.0,0.0,0.0,0.0,0.0
3,0,1.0,0.0,0.0,0.0,0.0,0.0,0.0,0.0,0.0
3,0,1.0,0.0,0.0,0.0,0.0,0.0,0.0,0.0,0.0
3,0,1.0,0.0,0.0,0.0,0.0,0.0,0.0,0.0,0.0
3,0,1.0,0.0,0.0,0.0,0.0,0.0,0.0,0.0,0.0
3,0,1.0,0.0,0.0,0.0,0.0,0.0,0.0,0.0,0.0
3,0,1.0,0.0,0.0,0.0,0.0,0.0,0.0,0.0,0.0
3,0,1.0,0.0,0.0,0.0,0.0,0.0,0.0,0.0,0.0
3,0,1.0,0.0,0.0,0.0,0.0,0.0,0.0,0.0,0.0
3,0,1.0,0.0,0.0,0.0,0.0,0.0,0.0,0.0,0.0
3,0,1.0,0.0,0.0,0.0,0.0,0.0,0.0,0.0,0.0
3,0,1.0,0.0,0.0,0.0,0.0,0.0,0.0,0.0,0.0
3,0,1.0,0.0,0.0,0.0,0.0,0.0,0.0,0.0,0.0
3,0,1.0,0.0,0.0,0.0,0.0,0.0,0.0,0.0,0.0
3,0,1.0,0.0,0.0,0.0,0.0,0.0,0.0,0.0,0.0
3,0,1.0,0.0,0.0,0.0,0.0,0.0,0.0,0.0,0.0
3,0,1.0,0.0,0.0,0.0,0.0,0.0,0.0,0.0,0.0
3,0,1.0,0.0,0.0,0.0,0.0,0.0,0.0,0.0,0.0
3,0,1.0,0.0,0.0,0.0,0.0,0.0,0.0,0.0,0.0
3,0,1.0,0.0,0.0,0.0,0.0,0.0,0.0,0.0,0.0
3,0,1.0,0.0,0.0,0.0,0.0,0.0,0.0,0.0,0.0
3,0,1.0,0.0,0.0,0.0,0.0,0.0,0.0,0.0,0.0
3,0,1.0,0.0,0.0,0.0,0.0,0.0,0.0,0.0,0.0
3,0,1.0,0.0,0.0,0.0,0.0,0.0,0.0,0.0,0.0
3,0,1.0,0.0,0.0,0.0,0.0,0.0,0.0,0.0,0.0
3,0,1.0,0.0,0.0,0.0,0.0,0.0,0.0,0.0,0.0
3,0,1.0,0.0,0.0,0.0,0.0,0.0,0.0,0.0,0.0
3,0,1.0,0.0,0.0,0.0,0.0,0.0,0.0,0.0,0.0
3,0,1.0,0.0,0.0,0.0,0.0,0.0,0.0,0.0,0.0
3,0,1.0,0.0,0.0,0.0,0.0,0.0,0.0,0.0,0.0
3,0,1.0,0.0,0.0,0.0,0.0,0.0,0.0,0.0,0.0
3,0,1.0,0.0,0.0,0.0,0.0,0.0,0.0,0.0,0.0
3,0,1.0,0.0,0.0,0.0,0.0,0.0,0.0,0.0,0.0
3,0,1.0,0.0,0.0,0.0,0.0,0.0,0.0,0.0,0.0
3,0,1.0,0.0,0.0,0.0,0.0,0.0,0.0,0.0,0.0
3,0,1.0,0.0,0.0,0.0,0.0,0.0,0.0,0.0,0.0
3,0,1.0,0.0,0.0,0.0,0.0,0.0,0.0,0.0,0.0
3,0,1.0,0.0,0.0,0.0,0.0,0.0,0.0,0.0,0.0
3,0,1.0,0.0,0.0,0.0,0.0,0.0,0.0,0.0,0.0
3,0,1.0,0.0,0.0,0.0,0.0,0.0,0.0,0.0,0.0
3,0,1.0,0.0,0.0,0.0,0.0,0.0,0.0,0.0,0.0
3,0,1.0,0.0,0.0,0.0,0.0,0.0,0.0,0.0,0.0
3,0,1.0,0.0,0.0,0.0,0.0,0.0,0.0,0.0,0.0
3,0,1.0,0.0,0.0,0.0,0.0,0.0,0.0,0.0,0.0
3,0,1.0,0.0,0.0,0.0,0.0,0.0,0.0,0.0,0.0
3,0,1.0,0.0,0.0,0.0,0.0,0.0,0.0,0.0,0.0
3,0,1.0,0.0,0.0,0.0,0.0,0.0,0.0,0.0,0.0
3,0,1.0,0.0,0.0,0.0,0.0,0.0,0.0,0.0,0.0
3,0,1.0,0.0,0.0,0.0,0.0,0.0,0.0,0.0,0.0
3,0,1.0,0.0,0.0,0.0,0.0,0.0,0.0,0.0,0.0
3,0,1.0,0.0,0.0,0.0,0.0,0.0,0.0,0.0,0.0
3,0,1.0,0.0,0.0,0.0,0.0,0.0,0.0,0.0,0.0
3,0,1.0,0.0,0.0,0.0,0.0,0.0,0.0,0.0,0.0
3,0,1.0,0.0,0.0,0.0,0.0,0.0,0.0,0.0,0.0
3,0,1.0,0.0,0.0,0.0,0.0,0.0,0.0,0.0,0.0
3,0,1.0,0.0,0.0,0.0,0.0,0.0,0.0,0.0,0.0
3,0,1.0,0.0,0.0,0.0,0.0,0.0,0.0,0.0,0.0
3,0,1.0,0.0,0.0,0.0,0.0,0.0,0.0,0.0,0.0
3,0,1.0,0.0,0.0,0.0,0.0,0.0,0.0,0.0,0.0
3,0,1.0,0.0,0.0,0.0,0.0,0.0,0.0,0.0,0.0
3,0,1.0,0.0,0.0,0.0,0.0,0.0,0.0,0.0,0.0
3,0,1.0,0.0,0.0,0.0,0.0,0.0,0.0,0.0,0.0
3,0,1.0,0.0,0.0,0.0,0.0,0.0,0.0,0.0,0.0
3,0,1.0,0.0,0.0,0.0,0.0,0.0,0.0,0.0,0.0
3,0,1.0,0.0,0.0,0.0,0.0,0.0,0.0,0.0,0.0
3,0,1.0,0.0,0.0,0.0,0.0,0.0,0.0,0.0,0.0
3,0,1.0,0.0,0.0,0.0,0.0,0.0,0.0,0.0,0.0
3,0,1.0,0.0,0.0,0.0,0.0,0.0,0.0,0.0,0.0
3,0,1.0,0.0,0.0,0.0,0.0,0.0,0.0,0.0,0.0
3,0,1.0,0.0,0.0,0.0,0.0,0.0,0.0,0.0,0.0
3,0,1.0,0.0,0.0,0.0,0.0,0.0,0.0,0.0,0.0
3,0,1.0,0.0,0.0,0.0,0.0,0.0,0.0,0.0,0.0
3,0,1.0,0.0,0.0,0.0,0.0,0.0,0.0,0.0,0.0
3,0,1.0,0.0,0.0,0.0,0.0,0.0,0.0,0.0,0.0
3,0,1.0,0.0,0.0,0.0,0.0,0.0,0.0,0.0,0.0
3,0,1.0,0.0,0.0,0.0,0.0,0.0,0.0,0.0,0.0
3,0,1.0,0.0,0.0,0.0,0.0,0.0,0.0,0.0,0.0
3,0,1.0,0.0,0.0,0.0,0.0,0.0,0.0,0.0,0.0
3,0,1.0,0.0,0.0,0.0,0.0,0.0,0.0,0.0,0.0
3,0,1.0,0.0,0.0,0.0,0.0,0.0,0.0,0.0,0.0
3,0,1.0,0.0,0.0,0.0,0.0,0.0,0.0,0.0,0.0
3,0,1.0,0.0,0.0,0.0,0.0,0.0,0.0,0.0,0.0
3,0,1.0,0.0,0.0,0.0,0.0,0.0,0.0,0.0,0.0
3,0,1.0,0.0,0.0,0.0,0.0,0.0,0.0,0.0,0.0
3,0,1.0,0.0,0.0,0.0,0.0,0.0,0.0,0.0,0.0
3,0,1.0,0.0,0.0,0.0,0.0,0.0,0.0,0.0,0.0
3,0,1.0,0.0,0.0,0.0,0.0,0.0,0.0,0.0,0.0
3,0,1.0,0.0,0.0,0.0,0.0,0.0,0.0,0.0,0.0
3,0,1.0,0.0,0.0,0.0,0.0,0.0,0.0,0.0,0.0
3,0,1.0,0.0,0.0,0.0,0.0,0.0,0.0,0.0,0.0
3,0,1.0,0.0,0.0,0.0,0.0,0.0,0.0,0.0,0.0
3,0,1.0,0.0,0.0,0.0,0.0,0.0,0.0,0.0,0.0
3,0,1.0,0.0,0.0,0.0,0.0,0.0,0.0,0.0,0.0
3,0,1.0,0.0,0.0,0.0,0.0,0.0,0.0,0.0,0.0
3,0,1.0,0.0,0.0,0.0,0.0,0.0,0.0,0.0,0.0
3,0,1.0,0.0,0.0,0.0,0.0,0.0,0.0,0.0,0.0
3,0,1.0,0.0,0.0,0.0,0.0,0.0,0.0,0.0,0.0
3,0,1.0,0.0,0.0,0.0,0.0,0.0,0.0,0.0,0.0
3,0,1.0,0.0,0.0,0.0,0.0,0.0,0.0,0.0,0.0
3,0,1.0,0.0,0.0,0.0,0.0,0.0,0.0,0.0,0.0
3,0,1.0,0.0,0.0,0.0,0.0,0.0,0.0,0.0,0.0
3,0,1.0,0.0,0.0,0.0,0.0,0.0,0.0,0.0,0.0
3,0,1.0,0.0,0.0,0.0,0.0,0.0,0.0,0.0,0.0
3,0,1.0,0.0,0.0,0.0,0.0,0.0,0.0,0.0,0.0
3,0,1.0,0.0,0.0,0.0,0.0,0.0,0.0,0.0,0.0
3,0,1.0,0.0,0.0,0.0,0.0,0.0,0.0,0.0,0.0
3,0,1.0,0.0,0.0,0.0,0.0,0.0,0.0,0.0,0.0
3,0,1.0,0.0,0.0,0.0,0.0,0.0,0.0,0.0,0.0
3,0,1.0,0.0,0.0,0.0,0.0,0.0,0.0,0.0,0.0
3,0,1.0,0.0,0.0,0.0,0.0,0.0,0.0,0.0,0.0
3,0,1.0,0.0,0.0,0.0,0.0,0.0,0.0,0.0,0.0
3,0,1.0,0.0,0.0,0.0,0.0,0.0,0.0,0.0,0.0
3,0,1.0,0.0,0.0,0.0,0.0,0.0,0.0,0.0,0.0
3,0,1.0,0.0,0.0,0.0,0.0,0.0,0.0,0.0,0.0
3,0,1.0,0.0,0.0,0.0,0.0,0.0,0.0,0.0,0.0
3,0,1.0,0.0,0.0,0.0,0.0,0.0,0.0,0.0,0.0
3,0,1.0,0.0,0.0,0.0,0.0,0.0,0.0,0.0,0.0
3,0,1.0,0.0,0.0,0.0,0.0,0.0,0.0,0.0,0.0
3,0,1.0,0.0,0.0,0.0,0.0,0.0,0.0,0.0,0.0
3,0,1.0,0.0,0.0,0.0,0.0,0.0,0.0,0.0,0.0
3,0,1.0,0.0,0.0,0.0,0.0,0.0,0.0,0.0,0.0
3,0,1.0,0.0,0.0,0.0,0.0,0.0,0.0,0.0,0.0
3,0,1.0,0.0,0.0,0.0,0.0,0.0,0.0,0.0,0.0
3,0,1.0,0.0,0.0,0.0,0.0,0.0,0.0,0.0,0.0
3,0,1.0,0.0,0.0,0.0,0.0,0.0,0.0,0.0,0.0
3,0,1.0,0.0,0.0,0.0,0.0,0.0,0.0,0.0,0.0
3,0,1.0,0.0,0.0,0.0,0.0,0.0,0.0,0.0,0.0
3,0,1.0,0.0,0.0,0.0,0.0,0.0,0.0,0.0,0.0
3,0,1.0,0.0,0.0,0.0,0.0,0.0,0.0,0.0,0.0
3,0,1.0,0.0,0.0,0.0,0.0,0.0,0.0,0.0,0.0
3,0,1.0,0.0,0.0,0.0,0.0,0.0,0.0,0.0,0.0
3,0,1.0,0.0,0.0,0.0,0.0,0.0,0.0,0.0,0.0
3,0,1.0,0.0,0.0,0.0,0.0,0.0,0.0,0.0,0.0
3,0,1.0,0.0,0.0,0.0,0.0,0.0,0.0,0.0,0.0
3,0,1.0,0.0,0.0,0.0,0.0,0.0,0.0,0.0,0.0
3,0,1.0,0.0,0.0,0.0,0.0,0.0,0.0,0.0,0.0
3,0,1.0,0.0,0.0,0.0,0.0,0.0,0.0,0.0,0.0
3,0,1.0,0.0,0.0,0.0,0.0,0.0,0.0,0.0,0.0
3,0,1.0,0.0,0.0,0.0,0.0,0.0,0.0,0.0,0.0
3,0,1.0,0.0,0.0,0.0,0.0,0.0,0.0,0.0,0.0
3,0,1.0,0.0,0.0,0.0,0.0,0.0,0.0,0.0,0.0
3,0,1.0,0.0,0.0,0.0,0.0,0.0,0.0,0.0,0.0
3,0,1.0,0.0,0.0,0.0,0.0,0.0,0.0,0.0,0.0
3,0,1.0,0.0,0.0,0.0,0.0,0.0,0.0,0.0,0.0
3,0,1.0,0.0,0.0,0.0,0.0,0.0,0.0,0.0,0.0
3,0,1.0,0.0,0.0,0.0,0.0,0.0,0.0,0.0,0.0
3,0,1.0,0.0,0.0,0.0,0.0,0.0,0.0,0.0,0.0
3,0,1.0,0.0,0.0,0.0,0.0,0.0,0.0,0.0,0.0
3,0,1.0,0.0,0.0,0.0,0.0,0.0,0.0,0.0,0.0
3,0,1.0,0.0,0.0,0.0,0.0,0.0,0.0,0.0,0.0
3,0,1.0,0.0,0.0,0.0,0.0,0.0,0.0,0.0,0.0
3,0,1.0,0.0,0.0,0.0,0.0,0.0,0.0,0.0,0.0
3,0,1.0,0.0,0.0,0.0,0.0,0.0,0.0,0.0,0.0
3,0,1.0,0.0,0.0,0.0,0.0,0.0,0.0,0.0,0.0
3,0,1.0,0.0,0.0,0.0,0.0,0.0,0.0,0.0,0.0
3,0,1.0,0.0,0.0,0.0,0.0,0.0,0.0,0.0,0.0
3,0,1.0,0.0,0.0,0.0,0.0,0.0,0.0,0.0,0.0
3,0,1.0,0.0,0.0,0.0,0.0,0.0,0.0,0.0,0.0
3,0,1.0,0.0,0.0,0.0,0.0,0.0,0.0,0.0,0.0
3,0,1.0,0.0,0.0,0.0,0.0,0.0,0.0,0.0,0.0
3,0,1.0,0.0,0.0,0.0,0.0,0.0,0.0,0.0,0.0
3,0,1.0,0.0,0.0,0.0,0.0,0.0,0.0,0.0,0.0
3,0,1.0,0.0,0.0,0.0,0.0,0.0,0.0,0.0,0.0
3,0,1.0,0.0,0.0,0.0,0.0,0.0,0.0,0.0,0.0
3,0,1.0,0.0,0.0,0.0,0.0,0.0,0.0,0.0,0.0
3,0,1.0,0.0,0.0,0.0,0.0,0.0,0.0,0.0,0.0
3,0,1.0,0.0,0.0,0.0,0.0,0.0,0.0,0.0,0.0
3,0,1.0,0.0,0.0,0.0,0.0,0.0,0.0,0.0,0.0
3,0,1.0,0.0,0.0,0.0,0.0,0.0,0.0,0.0,0.0
3,0,1.0,0.0,0.0,0.0,0.0,0.0,0.0,0.0,0.0
3,0,1.0,0.0,0.0,0.0,0.0,0.0,0.0,0.0,0.0
3,0,1.0,0.0,0.0,0.0,0.0,0.0,0.0,0.0,0.0
3,0,1.0,0.0,0.0,0.0,0.0,0.0,0.0,0.0,0.0
3,0,1.0,0.0,0.0,0.0,0.0,0.0,0.0,0.0,0.0
3,0,1.0,0.0,0.0,0.0,0.0,0.0,0.0,0.0,0.0
3,0,1.0,0.0,0.0,0.0,0.0,0.0,0.0,0.0,0.0
3,0,1.0,0.0,0.0,0.0,0.0,0.0,0.0,0.0,0.0
3,0,1.0,0.0,0.0,0.0,0.0,0.0,0.0,0.0,0.0
3,0,1.0,0.0,0.0,0.0,0.0,0.0,0.0,0.0,0.0
3,0,1.0,0.0,0.0,0.0,0.0,0.0,0.0,0.0,0.0
3,0,1.0,0.0,0.0,0.0,0.0,0.0,0.0,0.0,0.0
3,0,1.0,0.0,0.0,0.0,0.0,0.0,0.0,0.0,0.0
3,0,1.0,0.0,0.0,0.0,0.0,0.0,0.0,0.0,0.0
3,0,1.0,0.0,0.0,0.0,0.0,0.0,0.0,0.0,0.0
3,0,1.0,0.0,0.0,0.0,0.0,0.0,0.0,0.0,0.0
3,0,1.0,0.0,0.0,0.0,0.0,0.0,0.0,0.0,0.0
3,0,1.0,0.0,0.0,0.0,0.0,0.0,0.0,0.0,0.0
3,0,1.0,0.0,0.0,0.0,0.0,0.0,0.0,0.0,0.0
3,0,1.0,0.0,0.0,0.0,0.0,0.0,0.0,0.0,0.0
3,0,1.0,0.0,0.0,0.0,0.0,0.0,0.0,0.0,0.0
3,0,1.0,0.0,0.0,0.0,0.0,0.0,0.0,0.0,0.0
3,0,1.0,0.0,0.0,0.0,0.0,0.0,0.0,0.0,0.0
3,0,1.0,0.0,0.0,0.0,0.0,0.0,0.0,0.0,0.0
3,0,1.0,0.0,0.0,0.0,0.0,0.0,0.0,0.0,0.0
3,0,1.0,0.0,0.0,0.0,0.0,0.0,0.0,0.0,0.0
3,0,1.0,0.0,0.0,0.0,0.0,0.0,0.0,0.0,0.0
3,0,1.0,0.0,0.0,0.0,0.0,0.0,0.0,0.0,0.0
3,0,1.0,0.0,0.0,0.0,0.0,0.0,0.0,0.0,0.0
3,0,1.0,0.0,0.0,0.0,0.0,0.0,0.0,0.0,0.0
3,0,1.0,0.0,0.0,0.0,0.0,0.0,0.0,0.0,0.0
3,0,1.0,0.0,0.0,0.0,0.0,0.0,0.0,0.0,0.0
3,0,1.0,0.0,0.0,0.0,0.0,0.0,0.0,0.0,0.0
3,0,1.0,0.0,0.0,0.0,0.0,0.0,0.0,0.0,0.0
3,0,1.0,0.0,0.0,0.0,0.0,0.0,0.0,0.0,0.0
3,0,1.0,0.0,0.0,0.0,0.0,0.0,0.0,0.0,0.0
3,0,1.0,0.0,0.0,0.0,0.0,0.0,0.0,0.0,0.0
3,0,1.0,0.0,0.0,0.0,0.0,0.0,0.0,0.0,0.0
3,0,1.0,0.0,0.0,0.0,0.0,0.0,0.0,0.0,0.0
3,0,1.0,0.0,0.0,0.0,0.0,0.0,0.0,0.0,0.0
3,0,1.0,0.0,0.0,0.0,0.0,0.0,0.0,0.0,0.0
3,0,1.0,0.0,0.0,0.0,0.0,0.0,0.0,0.0,0.0
3,0,1.0,0.0,0.0,0.0,0.0,0.0,0.0,0.0,0.0
3,0,1.0,0.0,0.0,0.0,0.0,0.0,0.0,0.0,0.0
3,0,1.0,0.0,0.0,0.0,0.0,0.0,0.0,0.0,0.0
3,0,1.0,0.0,0.0,0.0,0.0,0.0,0.0,0.0,0.0
3,0,1.0,0.0,0.0,0.0,0.0,0.0,0.0,0.0,0.0
3,0,1.0,0.0,0.0,0.0,0.0,0.0,0.0,0.0,0.0
3,0,1.0,0.0,0.0,0.0,0.0,0.0,0.0,0.0,0.0
3,0,1.0,0.0,0.0,0.0,0.0,0.0,0.0,0.0,0.0
3,0,1.0,0.0,0.0,0.0,0.0,0.0,0.0,0.0,0.0
3,0,1.0,0.0,0.0,0.0,0.0,0.0,0.0,0.0,0.0
3,0,1.0,0.0,0.0,0.0,0.0,0.0,0.0,0.0,0.0
3,0,1.0,0.0,0.0,0.0,0.0,0.0,0.0,0.0,0.0
3,0,1.0,0.0,0.0,0.0,0.0,0.0,0.0,0.0,0.0
3,0,1.0,0.0,0.0,0.0,0.0,0.0,0.0,0.0,0.0
3,0,1.0,0.0,0.0,0.0,0.0,0.0,0.0,0.0,0.0
3,0,1.0,0.0,0.0,0.0,0.0,0.0,0.0,0.0,0.0
3,0,1.0,0.0,0.0,0.0,0.0,0.0,0.0,0.0,0.0
3,0,1.0,0.0,0.0,0.0,0.0,0.0,0.0,0.0,0.0
3,0,1.0,0.0,0.0,0.0,0.0,0.0,0.0,0.0,0.0
3,0,1.0,0.0,0.0,0.0,0.0,0.0,0.0,0.0,0.0
3,0,1.0,0.0,0.0,0.0,0.0,0.0,0.0,0.0,0.0
3,0,1.0,0.0,0.0,0.0,0.0,0.0,0.0,0.0,0.0
3,0,1.0,0.0,0.0,0.0,0.0,0.0,0.0,0.0,0.0
3,0,1.0,0.0,0.0,0.0,0.0,0.0,0.0,0.0,0.0
3,0,1.0,0.0,0.0,0.0,0.0,0.0,0.0,0.0,0.0
3,0,1.0,0.0,0.0,0.0,0.0,0.0,0.0,0.0,0.0
3,0,1.0,0.0,0.0,0.0,0.0,0.0,0.0,0.0,0.0
3,0,1.0,0.0,0.0,0.0,0.0,0.0,0.0,0.0,0.0
3,0,1.0,0.0,0.0,0.0,0.0,0.0,0.0,0.0,0.0
3,0,1.0,0.0,0.0,0.0,0.0,0.0,0.0,0.0,0.0
3,0,1.0,0.0,0.0,0.0,0.0,0.0,0.0,0.0,0.0
3,0,1.0,0.0,0.0,0.0,0.0,0.0,0.0,0.0,0.0
3,0,1.0,0.0,0.0,0.0,0.0,0.0,0.0,0.0,0.0
3,0,1.0,0.0,0.0,0.0,0.0,0.0,0.0,0.0,0.0
3,0,1.0,0.0,0.0,0.0,0.0,0.0,0.0,0.0,0.0
3,0,1.0,0.0,0.0,0.0,0.0,0.0,0.0,0.0,0.0
3,0,1.0,0.0,0.0,0.0,0.0,0.0,0.0,0.0,0.0
3,0,1.0,0.0,0.0,0.0,0.0,0.0,0.0,0.0,0.0
3,0,1.0,0.0,0.0,0.0,0.0,0.0,0.0,0.0,0.0
3,0,1.0,0.0,0.0,0.0,0.0,0.0,0.0,0.0,0.0
3,0,1.0,0.0,0.0,0.0,0.0,0.0,0.0,0.0,0.0
3,0,1.0,0.0,0.0,0.0,0.0,0.0,0.0,0.0,0.0
3,0,1.0,0.0,0.0,0.0,0.0,0.0,0.0,0.0,0.0
3,0,1.0,0.0,0.0,0.0,0.0,0.0,0.0,0.0,0.0
3,0,1.0,0.0,0.0,0.0,0.0,0.0,0.0,0.0,0.0
3,0,1.0,0.0,0.0,0.0,0.0,0.0,0.0,0.0,0.0
3,0,1.0,0.0,0.0,0.0,0.0,0.0,0.0,0.0,0.0
3,0,1.0,0.0,0.0,0.0,0.0,0.0,0.0,0.0,0.0
3,0,1.0,0.0,0.0,0.0,0.0,0.0,0.0,0.0,0.0
3,0,1.0,0.0,0.0,0.0,0.0,0.0,0.0,0.0,0.0
3,0,1.0,0.0,0.0,0.0,0.0,0.0,0.0,0.0,0.0
3,0,1.0,0.0,0.0,0.0,0.0,0.0,0.0,0.0,0.0
3,0,1.0,0.0,0.0,0.0,0.0,0.0,0.0,0.0,0.0
3,0,1.0,0.0,0.0,0.0,0.0,0.0,0.0,0.0,0.0
3,0,1.0,0.0,0.0,0.0,0.0,0.0,0.0,0.0,0.0
3,0,1.0,0.0,0.0,0.0,0.0,0.0,0.0,0.0,0.0
3,0,1.0,0.0,0.0,0.0,0.0,0.0,0.0,0.0,0.0
3,0,1.0,0.0,0.0,0.0,0.0,0.0,0.0,0.0,0.0
3,0,1.0,0.0,0.0,0.0,0.0,0.0,0.0,0.0,0.0
3,0,1.0,0.0,0.0,0.0,0.0,0.0,0.0,0.0,0.0
3,0,1.0,0.0,0.0,0.0,0.0,0.0,0.0,0.0,0.0
3,0,1.0,0.0,0.0,0.0,0.0,0.0,0.0,0.0,0.0
3,0,1.0,0.0,0.0,0.0,0.0,0.0,0.0,0.0,0.0
3,0,1.0,0.0,0.0,0.0,0.0,0.0,0.0,0.0,0.0
3,0,1.0,0.0,0.0,0.0,0.0,0.0,0.0,0.0,0.0
3,0,1.0,0.0,0.0,0.0,0.0,0.0,0.0,0.0,0.0
3,0,1.0,0.0,0.0,0.0,0.0,0.0,0.0,0.0,0.0
3,0,1.0,0.0,0.0,0.0,0.0,0.0,0.0,0.0,0.0
3,0,1.0,0.0,0.0,0.0,0.0,0.0,0.0,0.0,0.0
3,0,1.0,0.0,0.0,0.0,0.0,0.0,0.0,0.0,0.0
3,0,1.0,0.0,0.0,0.0,0.0,0.0,0.0,0.0,0.0
3,0,1.0,0.0,0.0,0.0,0.0,0.0,0.0,0.0,0.0
3,0,1.0,0.0,0.0,0.0,0.0,0.0,0.0,0.0,0.0
3,0,1.0,0.0,0.0,0.0,0.0,0.0,0.0,0.0,0.0
3,0,1.0,0.0,0.0,0.0,0.0,0.0,0.0,0.0,0.0
3,0,1.0,0.0,0.0,0.0,0.0,0.0,0.0,0.0,0.0
3,0,1.0,0.0,0.0,0.0,0.0,0.0,0.0,0.0,0.0
3,0,1.0,0.0,0.0,0.0,0.0,0.0,0.0,0.0,0.0
3,0,1.0,0.0,0.0,0.0,0.0,0.0,0.0,0.0,0.0
3,0,1.0,0.0,0.0,0.0,0.0,0.0,0.0,0.0,0.0
3,0,1.0,0.0,0.0,0.0,0.0,0.0,0.0,0.0,0.0
3,0,1.0,0.0,0.0,0.0,0.0,0.0,0.0,0.0,0.0
3,0,1.0,0.0,0.0,0.0,0.0,0.0,0.0,0.0,0.0
3,0,1.0,0.0,0.0,0.0,0.0,0.0,0.0,0.0,0.0
3,0,1.0,0.0,0.0,0.0,0.0,0.0,0.0,0.0,0.0
3,0,1.0,0.0,0.0,0.0,0.0,0.0,0.0,0.0,0.0
3,0,1.0,0.0,0.0,0.0,0.0,0.0,0.0,0.0,0.0
3,0,1.0,0.0,0.0,0.0,0.0,0.0,0.0,0.0,0.0
3,0,1.0,0.0,0.0,0.0,0.0,0.0,0.0,0.0,0.0
3,0,1.0,0.0,0.0,0.0,0.0,0.0,0.0,0.0,0.0
3,0,1.0,0.0,0.0,0.0,0.0,0.0,0.0,0.0,0.0
3,0,1.0,0.0,0.0,0.0,0.0,0.0,0.0,0.0,0.0
3,0,1.0,0.0,0.0,0.0,0.0,0.0,0.0,0.0,0.0
3,0,1.0,0.0,0.0,0.0,0.0,0.0,0.0,0.0,0.0
3,0,1.0,0.0,0.0,0.0,0.0,0.0,0.0,0.0,0.0
3,0,1.0,0.0,0.0,0.0,0.0,0.0,0.0,0.0,0.0
3,0,1.0,0.0,0.0,0.0,0.0,0.0,0.0,0.0,0.0
3,0,1.0,0.0,0.0,0.0,0.0,0.0,0.0,0.0,0.0
3,0,1.0,0.0,0.0,0.0,0.0,0.0,0.0,0.0,0.0
3,0,1.0,0.0,0.0,0.0,0.0,0.0,0.0,0.0,0.0
3,0,1.0,0.0,0.0,0.0,0.0,0.0,0.0,0.0,0.0
3,0,1.0,0.0,0.0,0.0,0.0,0.0,0.0,0.0,0.0
3,0,1.0,0.0,0.0,0.0,0.0,0.0,0.0,0.0,0.0
3,0,1.0,0.0,0.0,0.0,0.0,0.0,0.0,0.0,0.0
3,0,1.0,0.0,0.0,0.0,0.0,0.0,0.0,0.0,0.0
3,0,1.0,0.0,0.0,0.0,0.0,0.0,0.0,0.0,0.0
3,0,1.0,0.0,0.0,0.0,0.0,0.0,0.0,0.0,0.0
3,0,1.0,0.0,0.0,0.0,0.0,0.0,0.0,0.0,0.0
3,0,1.0,0.0,0.0,0.0,0.0,0.0,0.0,0.0,0.0
3,0,1.0,0.0,0.0,0.0,0.0,0.0,0.0,0.0,0.0
3,0,1.0,0.0,0.0,0.0,0.0,0.0,0.0,0.0,0.0
3,0,1.0,0.0,0.0,0.0,0.0,0.0,0.0,0.0,0.0
3,0,1.0,0.0,0.0,0.0,0.0,0.0,0.0,0.0,0.0
3,0,1.0,0.0,0.0,0.0,0.0,0.0,0.0,0.0,0.0
3,0,1.0,0.0,0.0,0.0,0.0,0.0,0.0,0.0,0.0
3,0,1.0,0.0,0.0,0.0,0.0,0.0,0.0,0.0,0.0
3,0,1.0,0.0,0.0,0.0,0.0,0.0,0.0,0.0,0.0
3,0,1.0,0.0,0.0,0.0,0.0,0.0,0.0,0.0,0.0
3,0,1.0,0.0,0.0,0.0,0.0,0.0,0.0,0.0,0.0
3,0,1.0,0.0,0.0,0.0,0.0,0.0,0.0,0.0,0.0
3,0,1.0,0.0,0.0,0.0,0.0,0.0,0.0,0.0,0.0
3,0,1.0,0.0,0.0,0.0,0.0,0.0,0.0,0.0,0.0
3,0,1.0,0.0,0.0,0.0,0.0,0.0,0.0,0.0,0.0
3,0,1.0,0.0,0.0,0.0,0.0,0.0,0.0,0.0,0.0
3,0,1.0,0.0,0.0,0.0,0.0,0.0,0.0,0.0,0.0
3,0,1.0,0.0,0.0,0.0,0.0,0.0,0.0,0.0,0.0
3,0,1.0,0.0,0.0,0.0,0.0,0.0,0.0,0.0,0.0
3,0,1.0,0.0,0.0,0.0,0.0,0.0,0.0,0.0,0.0
3,0,1.0,0.0,0.0,0.0,0.0,0.0,0.0,0.0,0.0
3,0,1.0,0.0,0.0,0.0,0.0,0.0,0.0,0.0,0.0
3,0,1.0,0.0,0.0,0.0,0.0,0.0,0.0,0.0,0.0
3,0,1.0,0.0,0.0,0.0,0.0,0.0,0.0,0.0,0.0
3,0,1.0,0.0,0.0,0.0,0.0,0.0,0.0,0.0,0.0
3,0,1.0,0.0,0.0,0.0,0.0,0.0,0.0,0.0,0.0
3,0,1.0,0.0,0.0,0.0,0.0,0.0,0.0,0.0,0.0
3,0,1.0,0.0,0.0,0.0,0.0,0.0,0.0,0.0,0.0
3,0,1.0,0.0,0.0,0.0,0.0,0.0,0.0,0.0,0.0
3,0,1.0,0.0,0.0,0.0,0.0,0.0,0.0,0.0,0.0
3,0,1.0,0.0,0.0,0.0,0.0,0.0,0.0,0.0,0.0
3,0,1.0,0.0,0.0,0.0,0.0,0.0,0.0,0.0,0.0
3,0,1.0,0.0,0.0,0.0,0.0,0.0,0.0,0.0,0.0
3,0,1.0,0.0,0.0,0.0,0.0,0.0,0.0,0.0,0.0
3,0,1.0,0.0,0.0,0.0,0.0,0.0,0.0,0.0,0.0
3,0,1.0,0.0,0.0,0.0,0.0,0.0,0.0,0.0,0.0
3,0,1.0,0.0,0.0,0.0,0.0,0.0,0.0,0.0,0.0
3,0,1.0,0.0,0.0,0.0,0.0,0.0,0.0,0.0,0.0
3,0,1.0,0.0,0.0,0.0,0.0,0.0,0.0,0.0,0.0
3,0,1.0,0.0,0.0,0.0,0.0,0.0,0.0,0.0,0.0
3,0,1.0,0.0,0.0,0.0,0.0,0.0,0.0,0.0,0.0
3,0,1.0,0.0,0.0,0.0,0.0,0.0,0.0,0.0,0.0
3,0,1.0,0.0,0.0,0.0,0.0,0.0,0.0,0.0,0.0
3,0,1.0,0.0,0.0,0.0,0.0,0.0,0.0,0.0,0.0
3,0,1.0,0.0,0.0,0.0,0.0,0.0,0.0,0.0,0.0
3,0,1.0,0.0,0.0,0.0,0.0,0.0,0.0,0.0,0.0
3,0,1.0,0.0,0.0,0.0,0.0,0.0,0.0,0.0,0.0
3,0,1.0,0.0,0.0,0.0,0.0,0.0,0.0,0.0,0.0
3,0,1.0,0.0,0.0,0.0,0.0,0.0,0.0,0.0,0.0
3,0,1.0,0.0,0.0,0.0,0.0,0.0,0.0,0.0,0.0
3,0,1.0,0.0,0.0,0.0,0.0,0.0,0.0,0.0,0.0
3,0,1.0,0.0,0.0,0.0,0.0,0.0,0.0,0.0,0.0
3,0,1.0,0.0,0.0,0.0,0.0,0.0,0.0,0.0,0.0
3,0,1.0,0.0,0.0,0.0,0.0,0.0,0.0,0.0,0.0
3,0,1.0,0.0,0.0,0.0,0.0,0.0,0.0,0.0,0.0
3,0,1.0,0.0,0.0,0.0,0.0,0.0,0.0,0.0,0.0
3,0,1.0,0.0,0.0,0.0,0.0,0.0,0.0,0.0,0.0
3,0,1.0,0.0,0.0,0.0,0.0,0.0,0.0,0.0,0.0
3,0,1.0,0.0,0.0,0.0,0.0,0.0,0.0,0.0,0.0
3,0,1.0,0.0,0.0,0.0,0.0,0.0,0.0,0.0,0.0
3,0,1.0,0.0,0.0,0.0,0.0,0.0,0.0,0.0,0.0
3,0,1.0,0.0,0.0,0.0,0.0,0.0,0.0,0.0,0.0
3,0,1.0,0.0,0.0,0.0,0.0,0.0,0.0,0.0,0.0
3,0,1.0,0.0,0.0,0.0,0.0,0.0,0.0,0.0,0.0
3,0,1.0,0.0,0.0,0.0,0.0,0.0,0.0,0.0,0.0
3,0,1.0,0.0,0.0,0.0,0.0,0.0,0.0,0.0,0.0
3,0,1.0,0.0,0.0,0.0,0.0,0.0,0.0,0.0,0.0
3,0,1.0,0.0,0.0,0.0,0.0,0.0,0.0,0.0,0.0
3,0,1.0,0.0,0.0,0.0,0.0,0.0,0.0,0.0,0.0
3,0,1.0,0.0,0.0,0.0,0.0,0.0,0.0,0.0,0.0
3,0,1.0,0.0,0.0,0.0,0.0,0.0,0.0,0.0,0.0
3,0,1.0,0.0,0.0,0.0,0.0,0.0,0.0,0.0,0.0
3,0,1.0,0.0,0.0,0.0,0.0,0.0,0.0,0.0,0.0
3,0,1.0,0.0,0.0,0.0,0.0,0.0,0.0,0.0,0.0
3,0,1.0,0.0,0.0,0.0,0.0,0.0,0.0,0.0,0.0
3,0,1.0,0.0,0.0,0.0,0.0,0.0,0.0,0.0,0.0
3,0,1.0,0.0,0.0,0.0,0.0,0.0,0.0,0.0,0.0
3,0,1.0,0.0,0.0,0.0,0.0,0.0,0.0,0.0,0.0
3,0,1.0,0.0,0.0,0.0,0.0,0.0,0.0,0.0,0.0
3,0,1.0,0.0,0.0,0.0,0.0,0.0,0.0,0.0,0.0
3,0,1.0,0.0,0.0,0.0,0.0,0.0,0.0,0.0,0.0
3,0,1.0,0.0,0.0,0.0,0.0,0.0,0.0,0.0,0.0
3,0,1.0,0.0,0.0,0.0,0.0,0.0,0.0,0.0,0.0
3,0,1.0,0.0,0.0,0.0,0.0,0.0,0.0,0.0,0.0
3,0,1.0,0.0,0.0,0.0,0.0,0.0,0.0,0.0,0.0
3,0,1.0,0.0,0.0,0.0,0.0,0.0,0.0,0.0,0.0
3,0,1.0,0.0,0.0,0.0,0.0,0.0,0.0,0.0,0.0
3,0,1.0,0.0,0.0,0.0,0.0,0.0,0.0,0.0,0.0
3,0,1.0,0.0,0.0,0.0,0.0,0.0,0.0,0.0,0.0
3,0,1.0,0.0,0.0,0.0,0.0,0.0,0.0,0.0,0.0
3,0,1.0,0.0,0.0,0.0,0.0,0.0,0.0,0.0,0.0
3,0,1.0,0.0,0.0,0.0,0.0,0.0,0.0,0.0,0.0
3,0,1.0,0.0,0.0,0.0,0.0,0.0,0.0,0.0,0.0
3,0,1.0,0.0,0.0,0.0,0.0,0.0,0.0,0.0,0.0
3,0,1.0,0.0,0.0,0.0,0.0,0.0,0.0,0.0,0.0
3,0,1.0,0.0,0.0,0.0,0.0,0.0,0.0,0.0,0.0
3,0,1.0,0.0,0.0,0.0,0.0,0.0,0.0,0.0,0.0
3,0,1.0,0.0,0.0,0.0,0.0,0.0,0.0,0.0,0.0
3,0,1.0,0.0,0.0,0.0,0.0,0.0,0.0,0.0,0.0
3,0,1.0,0.0,0.0,0.0,0.0,0.0,0.0,0.0,0.0
3,0,1.0,0.0,0.0,0.0,0.0,0.0,0.0,0.0,0.0
3,0,1.0,0.0,0.0,0.0,0.0,0.0,0.0,0.0,0.0
3,0,1.0,0.0,0.0,0.0,0.0,0.0,0.0,0.0,0.0
3,0,1.0,0.0,0.0,0.0,0.0,0.0,0.0,0.0,0.0
3,0,1.0,0.0,0.0,0.0,0.0,0.0,0.0,0.0,0.0
3,0,1.0,0.0,0.0,0.0,0.0,0.0,0.0,0.0,0.0
3,0,1.0,0.0,0.0,0.0,0.0,0.0,0.0,0.0,0.0
3,0,1.0,0.0,0.0,0.0,0.0,0.0,0.0,0.0,0.0
3,0,1.0,0.0,0.0,0.0,0.0,0.0,0.0,0.0,0.0
3,0,1.0,0.0,0.0,0.0,0.0,0.0,0.0,0.0,0.0
3,0,1.0,0.0,0.0,0.0,0.0,0.0,0.0,0.0,0.0
3,0,1.0,0.0,0.0,0.0,0.0,0.0,0.0,0.0,0.0
3,0,1.0,0.0,0.0,0.0,0.0,0.0,0.0,0.0,0.0
3,0,1.0,0.0,0.0,0.0,0.0,0.0,0.0,0.0,0.0
3,0,1.0,0.0,0.0,0.0,0.0,0.0,0.0,0.0,0.0
3,0,1.0,0.0,0.0,0.0,0.0,0.0,0.0,0.0,0.0
3,0,1.0,0.0,0.0,0.0,0.0,0.0,0.0,0.0,0.0
3,0,1.0,0.0,0.0,0.0,0.0,0.0,0.0,0.0,0.0
3,0,1.0,0.0,0.0,0.0,0.0,0.0,0.0,0.0,0.0
3,0,1.0,0.0,0.0,0.0,0.0,0.0,0.0,0.0,0.0
3,0,1.0,0.0,0.0,0.0,0.0,0.0,0.0,0.0,0.0
3,0,1.0,0.0,0.0,0.0,0.0,0.0,0.0,0.0,0.0
3,0,1.0,0.0,0.0,0.0,0.0,0.0,0.0,0.0,0.0
3,0,1.0,0.0,0.0,0.0,0.0,0.0,0.0,0.0,0.0
3,0,1.0,0.0,0.0,0.0,0.0,0.0,0.0,0.0,0.0
3,0,1.0,0.0,0.0,0.0,0.0,0.0,0.0,0.0,0.0
3,0,1.0,0.0,0.0,0.0,0.0,0.0,0.0,0.0,0.0
3,0,1.0,0.0,0.0,0.0,0.0,0.0,0.0,0.0,0.0
3,0,1.0,0.0,0.0,0.0,0.0,0.0,0.0,0.0,0.0
3,0,1.0,0.0,0.0,0.0,0.0,0.0,0.0,0.0,0.0
3,0,1.0,0.0,0.0,0.0,0.0,0.0,0.0,0.0,0.0
3,0,1.0,0.0,0.0,0.0,0.0,0.0,0.0,0.0,0.0
3,0,1.0,0.0,0.0,0.0,0.0,0.0,0.0,0.0,0.0
3,0,1.0,0.0,0.0,0.0,0.0,0.0,0.0,0.0,0.0
3,0,1.0,0.0,0.0,0.0,0.0,0.0,0.0,0.0,0.0
3,0,1.0,0.0,0.0,0.0,0.0,0.0,0.0,0.0,0.0
3,0,1.0,0.0,0.0,0.0,0.0,0.0,0.0,0.0,0.0
3,0,1.0,0.0,0.0,0.0,0.0,0.0,0.0,0.0,0.0
3,0,1.0,0.0,0.0,0.0,0.0,0.0,0.0,0.0,0.0
3,0,1.0,0.0,0.0,0.0,0.0,0.0,0.0,0.0,0.0
3,0,1.0,0.0,0.0,0.0,0.0,0.0,0.0,0.0,0.0
3,0,1.0,0.0,0.0,0.0,0.0,0.0,0.0,0.0,0.0
3,0,1.0,0.0,0.0,0.0,0.0,0.0,0.0,0.0,0.0
3,0,1.0,0.0,0.0,0.0,0.0,0.0,0.0,0.0,0.0
3,0,1.0,0.0,0.0,0.0,0.0,0.0,0.0,0.0,0.0
3,0,1.0,0.0,0.0,0.0,0.0,0.0,0.0,0.0,0.0
3,0,1.0,0.0,0.0,0.0,0.0,0.0,0.0,0.0,0.0
3,0,1.0,0.0,0.0,0.0,0.0,0.0,0.0,0.0,0.0
3,0,1.0,0.0,0.0,0.0,0.0,0.0,0.0,0.0,0.0
3,0,1.0,0.0,0.0,0.0,0.0,0.0,0.0,0.0,0.0
3,0,1.0,0.0,0.0,0.0,0.0,0.0,0.0,0.0,0.0
3,0,1.0,0.0,0.0,0.0,0.0,0.0,0.0,0.0,0.0
3,0,1.0,0.0,0.0,0.0,0.0,0.0,0.0,0.0,0.0
3,0,1.0,0.0,0.0,0.0,0.0,0.0,0.0,0.0,0.0
3,0,1.0,0.0,0.0,0.0,0.0,0.0,0.0,0.0,0.0
3,0,1.0,0.0,0.0,0.0,0.0,0.0,0.0,0.0,0.0
3,0,1.0,0.0,0.0,0.0,0.0,0.0,0.0,0.0,0.0
3,0,1.0,0.0,0.0,0.0,0.0,0.0,0.0,0.0,0.0
3,0,1.0,0.0,0.0,0.0,0.0,0.0,0.0,0.0,0.0
3,0,1.0,0.0,0.0,0.0,0.0,0.0,0.0,0.0,0.0
3,0,1.0,0.0,0.0,0.0,0.0,0.0,0.0,0.0,0.0
3,0,1.0,0.0,0.0,0.0,0.0,0.0,0.0,0.0,0.0
3,0,1.0,0.0,0.0,0.0,0.0,0.0,0.0,0.0,0.0
3,0,1.0,0.0,0.0,0.0,0.0,0.0,0.0,0.0,0.0
3,0,1.0,0.0,0.0,0.0,0.0,0.0,0.0,0.0,0.0
3,0,1.0,0.0,0.0,0.0,0.0,0.0,0.0,0.0,0.0
3,0,1.0,0.0,0.0,0.0,0.0,0.0,0.0,0.0,0.0
3,0,1.0,0.0,0.0,0.0,0.0,0.0,0.0,0.0,0.0
3,0,1.0,0.0,0.0,0.0,0.0,0.0,0.0,0.0,0.0
3,0,1.0,0.0,0.0,0.0,0.0,0.0,0.0,0.0,0.0
3,0,1.0,0.0,0.0,0.0,0.0,0.0,0.0,0.0,0.0
3,0,1.0,0.0,0.0,0.0,0.0,0.0,0.0,0.0,0.0
3,0,1.0,0.0,0.0,0.0,0.0,0.0,0.0,0.0,0.0
3,0,1.0,0.0,0.0,0.0,0.0,0.0,0.0,0.0,0.0
3,0,1.0,0.0,0.0,0.0,0.0,0.0,0.0,0.0,0.0
3,0,1.0,0.0,0.0,0.0,0.0,0.0,0.0,0.0,0.0
3,0,1.0,0.0,0.0,0.0,0.0,0.0,0.0,0.0,0.0
3,0,1.0,0.0,0.0,0.0,0.0,0.0,0.0,0.0,0.0
3,0,1.0,0.0,0.0,0.0,0.0,0.0,0.0,0.0,0.0
3,0,1.0,0.0,0.0,0.0,0.0,0.0,0.0,0.0,0.0
3,0,1.0,0.0,0.0,0.0,0.0,0.0,0.0,0.0,0.0
3,0,1.0,0.0,0.0,0.0,0.0,0.0,0.0,0.0,0.0
3,0,1.0,0.0,0.0,0.0,0.0,0.0,0.0,0.0,0.0
3,0,1.0,0.0,0.0,0.0,0.0,0.0,0.0,0.0,0.0
3,0,1.0,0.0,0.0,0.0,0.0,0.0,0.0,0.0,0.0
3,0,1.0,0.0,0.0,0.0,0.0,0.0,0.0,0.0,0.0
3,0,1.0,0.0,0.0,0.0,0.0,0.0,0.0,0.0,0.0
3,0,1.0,0.0,0.0,0.0,0.0,0.0,0.0,0.0,0.0
3,0,1.0,0.0,0.0,0.0,0.0,0.0,0.0,0.0,0.0
3,0,1.0,0.0,0.0,0.0,0.0,0.0,0.0,0.0,0.0
3,0,1.0,0.0,0.0,0.0,0.0,0.0,0.0,0.0,0.0
3,0,1.0,0.0,0.0,0.0,0.0,0.0,0.0,0.0,0.0
3,0,1.0,0.0,0.0,0.0,0.0,0.0,0.0,0.0,0.0
3,0,1.0,0.0,0.0,0.0,0.0,0.0,0.0,0.0,0.0
3,0,1.0,0.0,0.0,0.0,0.0,0.0,0.0,0.0,0.0
3,0,1.0,0.0,0.0,0.0,0.0,0.0,0.0,0.0,0.0
3,0,1.0,0.0,0.0,0.0,0.0,0.0,0.0,0.0,0.0
3,0,1.0,0.0,0.0,0.0,0.0,0.0,0.0,0.0,0.0
3,0,1.0,0.0,0.0,0.0,0.0,0.0,0.0,0.0,0.0
3,0,1.0,0.0,0.0,0.0,0.0,0.0,0.0,0.0,0.0
3,0,1.0,0.0,0.0,0.0,0.0,0.0,0.0,0.0,0.0
3,0,0.93751997,0.0,0.0,0.062480014,0.0,0.0,0.0,0.0,0.0
3,0,0.93751997,0.0,0.0,0.062480014,0.0,0.0,0.0,0.0,0.0
3,0,0.93751997,0.0,0.0,0.062480014,0.0,0.0,0.0,0.0,0.0
3,0,0.93751997,0.0,0.0,0.062480014,0.0,0.0,0.0,0.0,0.0
3,0,0.93751997,0.0,0.0,0.062480014,0.0,0.0,0.0,0.0,0.0
3,0,0.93751997,0.0,0.0,0.062480014,0.0,0.0,0.0,0.0,0.0
3,0,0.93751997,0.0,0.0,0.062480014,0.0,0.0,0.0,0.0,0.0
3,0,0.93751997,0.0,0.0,0.062480014,0.0,0.0,0.0,0.0,0.0
3,0,0.93751997,0.0,0.0,0.062480014,0.0,0.0,0.0,0.0,0.0
3,0,0.93751997,0.0,0.0,0.062480014,0.0,0.0,0.0,0.0,0.0
3,0,0.93751997,0.0,0.0,0.062480014,0.0,0.0,0.0,0.0,0.0
3,0,0.93751997,0.0,0.0,0.062480014,0.0,0.0,0.0,0.0,0.0
3,0,0.93751997,0.0,0.0,0.062480014,0.0,0.0,0.0,0.0,0.0
3,0,0.93751997,0.0,0.0,0.062480014,0.0,0.0,0.0,0.0,0.0
3,0,0.93751997,0.0,0.0,0.062480014,0.0,0.0,0.0,0.0,0.0
3,0,0.93751997,0.0,0.0,0.062480014,0.0,0.0,0.0,0.0,0.0
3,0,0.93751997,0.0,0.0,0.062480014,0.0,0.0,0.0,0.0,0.0
3,0,0.93751997,0.0,0.0,0.062480014,0.0,0.0,0.0,0.0,0.0
3,0,0.93751997,0.0,0.0,0.062480014,0.0,0.0,0.0,0.0,0.0
3,0,0.93751997,0.0,0.0,0.062480014,0.0,0.0,0.0,0.0,0.0
3,0,0.93751997,0.0,0.0,0.062480014,0.0,0.0,0.0,0.0,0.0
3,0,0.93751997,0.0,0.0,0.062480014,0.0,0.0,0.0,0.0,0.0
3,0,0.93751997,0.0,0.0,0.062480014,0.0,0.0,0.0,0.0,0.0
3,0,0.93751997,0.0,0.0,0.062480014,0.0,0.0,0.0,0.0,0.0
3,0,0.93751997,0.0,0.0,0.062480014,0.0,0.0,0.0,0.0,0.0
3,0,0.93751997,0.0,0.0,0.062480014,0.0,0.0,0.0,0.0,0.0
3,0,0.93751997,0.0,0.0,0.062480014,0.0,0.0,0.0,0.0,0.0
3,0,0.93751997,0.0,0.0,0.062480014,0.0,0.0,0.0,0.0,0.0
3,0,0.93751997,0.0,0.0,0.062480014,0.0,0.0,0.0,0.0,0.0
3,0,0.93751997,0.0,0.0,0.062480014,0.0,0.0,0.0,0.0,0.0
3,0,0.93751997,0.0,0.0,0.062480014,0.0,0.0,0.0,0.0,0.0
3,0,0.93751997,0.0,0.0,0.062480014,0.0,0.0,0.0,0.0,0.0
3,0,0.93751997,0.0,0.0,0.062480014,0.0,0.0,0.0,0.0,0.0
3,0,0.93751997,0.0,0.0,0.062480014,0.0,0.0,0.0,0.0,0.0
3,0,0.93751997,0.0,0.0,0.062480014,0.0,0.0,0.0,0.0,0.0
3,0,0.93751997,0.0,0.0,0.062480014,0.0,0.0,0.0,0.0,0.0
3,0,0.93751997,0.0,0.0,0.062480014,0.0,0.0,0.0,0.0,0.0
3,0,0.93751997,0.0,0.0,0.062480014,0.0,0.0,0.0,0.0,0.0
3,0,0.93751997,0.0,0.0,0.062480014,0.0,0.0,0.0,0.0,0.0
3,0,0.93751997,0.0,0.0,0.062480014,0.0,0.0,0.0,0.0,0.0
3,0,0.93751997,0.0,0.0,0.062480014,0.0,0.0,0.0,0.0,0.0
3,0,0.93751997,0.0,0.0,0.062480014,0.0,0.0,0.0,0.0,0.0
3,0,0.93751997,0.0,0.0,0.062480014,0.0,0.0,0.0,0.0,0.0
3,0,0.93751997,0.0,0.0,0.062480014,0.0,0.0,0.0,0.0,0.0
3,0,0.93751997,0.0,0.0,0.062480014,0.0,0.0,0.0,0.0,0.0
3,0,0.93751997,0.0,0.0,0.062480014,0.0,0.0,0.0,0.0,0.0
3,0,0.93751997,0.0,0.0,0.062480014,0.0,0.0,0.0,0.0,0.0
3,0,0.93751997,0.0,0.0,0.062480014,0.0,0.0,0.0,0.0,0.0
3,0,0.93751997,0.0,0.0,0.062480014,0.0,0.0,0.0,0.0,0.0
3,0,0.93751997,0.0,0.0,0.062480014,0.0,0.0,0.0,0.0,0.0
3,0,0.93751997,0.0,0.0,0.062480014,0.0,0.0,0.0,0.0,0.0
3,0,0.93751997,0.0,0.0,0.062480014,0.0,0.0,0.0,0.0,0.0
3,0,0.93751997,0.0,0.0,0.062480014,0.0,0.0,0.0,0.0,0.0
3,0,0.93751997,0.0,0.0,0.062480014,0.0,0.0,0.0,0.0,0.0
3,0,0.93751997,0.0,0.0,0.062480014,0.0,0.0,0.0,0.0,0.0
3,0,0.93751997,0.0,0.0,0.062480014,0.0,0.0,0.0,0.0,0.0
3,0,0.93751997,0.0,0.0,0.062480014,0.0,0.0,0.0,0.0,0.0
3,0,0.93751997,0.0,0.0,0.062480014,0.0,0.0,0.0,0.0,0.0
3,0,0.93751997,0.0,0.0,0.062480014,0.0,0.0,0.0,0.0,0.0
3,0,0.93751997,0.0,0.0,0.062480014,0.0,0.0,0.0,0.0,0.0
3,0,0.93751997,0.0,0.0,0.062480014,0.0,0.0,0.0,0.0,0.0
3,0,0.93751997,0.0,0.0,0.062480014,0.0,0.0,0.0,0.0,0.0
3,0,0.93751997,0.0,0.0,0.062480014,0.0,0.0,0.0,0.0,0.0
3,0,0.93751997,0.0,0.0,0.062480014,0.0,0.0,0.0,0.0,0.0
3,0,0.93751997,0.0,0.0,0.062480014,0.0,0.0,0.0,0.0,0.0
3,0,0.93751997,0.0,0.0,0.062480014,0.0,0.0,0.0,0.0,0.0
3,0,0.93751997,0.0,0.0,0.062480014,0.0,0.0,0.0,0.0,0.0
3,0,0.93751997,0.0,0.0,0.062480014,0.0,0.0,0.0,0.0,0.0
3,0,0.93751997,0.0,0.0,0.062480014,0.0,0.0,0.0,0.0,0.0
3,0,0.93751997,0.0,0.0,0.062480014,0.0,0.0,0.0,0.0,0.0
3,0,0.93751997,0.0,0.0,0.062480014,0.0,0.0,0.0,0.0,0.0
3,0,0.93751997,0.0,0.0,0.062480014,0.0,0.0,0.0,0.0,0.0
3,0,0.93751997,0.0,0.0,0.062480014,0.0,0.0,0.0,0.0,0.0
3,0,0.93751997,0.0,0.0,0.062480014,0.0,0.0,0.0,0.0,0.0
3,0,0.93751997,0.0,0.0,0.062480014,0.0,0.0,0.0,0.0,0.0
3,0,0.93751997,0.0,0.0,0.062480014,0.0,0.0,0.0,0.0,0.0
3,0,0.93751997,0.0,0.0,0.062480014,0.0,0.0,0.0,0.0,0.0
3,0,0.93751997,0.0,0.0,0.062480014,0.0,0.0,0.0,0.0,0.0
3,0,0.93751997,0.0,0.0,0.062480014,0.0,0.0,0.0,0.0,0.0
3,0,0.93751997,0.0,0.0,0.062480014,0.0,0.0,0.0,0.0,0.0
3,0,0.93751997,0.0,0.0,0.062480014,0.0,0.0,0.0,0.0,0.0
3,0,0.93751997,0.0,0.0,0.062480014,0.0,0.0,0.0,0.0,0.0
3,0,0.93751997,0.0,0.0,0.062480014,0.0,0.0,0.0,0.0,0.0
3,0,0.93751997,0.0,0.0,0.062480014,0.0,0.0,0.0,0.0,0.0
3,0,0.93751997,0.0,0.0,0.062480014,0.0,0.0,0.0,0.0,0.0
3,0,0.93751997,0.0,0.0,0.062480014,0.0,0.0,0.0,0.0,0.0
3,0,0.93751997,0.0,0.0,0.062480014,0.0,0.0,0.0,0.0,0.0
3,0,0.93751997,0.0,0.0,0.062480014,0.0,0.0,0.0,0.0,0.0
3,0,0.93751997,0.0,0.0,0.062480014,0.0,0.0,0.0,0.0,0.0
3,0,0.93751997,0.0,0.0,0.062480014,0.0,0.0,0.0,0.0,0.0
3,0,0.93751997,0.0,0.0,0.062480014,0.0,0.0,0.0,0.0,0.0
3,0,0.93751997,0.0,0.0,0.062480014,0.0,0.0,0.0,0.0,0.0
3,0,0.93751997,0.0,0.0,0.062480014,0.0,0.0,0.0,0.0,0.0
3,0,0.93751997,0.0,0.0,0.062480014,0.0,0.0,0.0,0.0,0.0
3,0,0.93751997,0.0,0.0,0.062480014,0.0,0.0,0.0,0.0,0.0
3,0,0.93751997,0.0,0.0,0.062480014,0.0,0.0,0.0,0.0,0.0
3,0,0.93751997,0.0,0.0,0.062480014,0.0,0.0,0.0,0.0,0.0
3,0,0.93751997,0.0,0.0,0.062480014,0.0,0.0,0.0,0.0,0.0
3,0,0.93751997,0.0,0.0,0.062480014,0.0,0.0,0.0,0.0,0.0
3,0,0.93751997,0.0,0.0,0.062480014,0.0,0.0,0.0,0.0,0.0
3,0,0.93751997,0.0,0.0,0.062480014,0.0,0.0,0.0,0.0,0.0
3,0,0.93751997,0.0,0.0,0.062480014,0.0,0.0,0.0,0.0,0.0
3,0,0.93751997,0.0,0.0,0.062480014,0.0,0.0,0.0,0.0,0.0
3,0,0.93751997,0.0,0.0,0.062480014,0.0,0.0,0.0,0.0,0.0
3,0,0.93751997,0.0,0.0,0.062480014,0.0,0.0,0.0,0.0,0.0
3,0,0.93751997,0.0,0.0,0.062480014,0.0,0.0,0.0,0.0,0.0
3,0,0.93751997,0.0,0.0,0.062480014,0.0,0.0,0.0,0.0,0.0
3,0,0.93751997,0.0,0.0,0.062480014,0.0,0.0,0.0,0.0,0.0
3,0,0.93751997,0.0,0.0,0.062480014,0.0,0.0,0.0,0.0,0.0
3,0,0.93751997,0.0,0.0,0.062480014,0.0,0.0,0.0,0.0,0.0
3,0,0.93751997,0.0,0.0,0.062480014,0.0,0.0,0.0,0.0,0.0
3,0,0.93751997,0.0,0.0,0.062480014,0.0,0.0,0.0,0.0,0.0
3,0,0.93751997,0.0,0.0,0.062480014,0.0,0.0,0.0,0.0,0.0
3,0,0.93751997,0.0,0.0,0.062480014,0.0,0.0,0.0,0.0,0.0
3,0,0.93751997,0.0,0.0,0.062480014,0.0,0.0,0.0,0.0,0.0
3,0,0.93751997,0.0,0.0,0.062480014,0.0,0.0,0.0,0.0,0.0
3,0,0.93751997,0.0,0.0,0.062480014,0.0,0.0,0.0,0.0,0.0
3,0,0.93751997,0.0,0.0,0.062480014,0.0,0.0,0.0,0.0,0.0
3,0,0.93751997,0.0,0.0,0.062480014,0.0,0.0,0.0,0.0,0.0
3,0,0.93751997,0.0,0.0,0.062480014,0.0,0.0,0.0,0.0,0.0
3,0,0.93751997,0.0,0.0,0.062480014,0.0,0.0,0.0,0.0,0.0
3,0,0.93751997,0.0,0.0,0.062480014,0.0,0.0,0.0,0.0,0.0
3,0,0.93751997,0.0,0.0,0.062480014,0.0,0.0,0.0,0.0,0.0
3,0,0.93751997,0.0,0.0,0.062480014,0.0,0.0,0.0,0.0,0.0
3,0,0.93751997,0.0,0.0,0.062480014,0.0,0.0,0.0,0.0,0.0
3,0,0.93751997,0.0,0.0,0.062480014,0.0,0.0,0.0,0.0,0.0
3,0,0.93751997,0.0,0.0,0.062480014,0.0,0.0,0.0,0.0,0.0
3,0,0.93751997,0.0,0.0,0.062480014,0.0,0.0,0.0,0.0,0.0
3,0,0.93751997,0.0,0.0,0.062480014,0.0,0.0,0.0,0.0,0.0
3,0,0.93751997,0.0,0.0,0.062480014,0.0,0.0,0.0,0.0,0.0
3,0,0.93751997,0.0,0.0,0.062480014,0.0,0.0,0.0,0.0,0.0
3,0,0.93751997,0.0,0.0,0.062480014,0.0,0.0,0.0,0.0,0.0
3,0,0.93751997,0.0,0.0,0.062480014,0.0,0.0,0.0,0.0,0.0
3,0,0.93751997,0.0,0.0,0.062480014,0.0,0.0,0.0,0.0,0.0
3,0,0.93751997,0.0,0.0,0.062480014,0.0,0.0,0.0,0.0,0.0
3,0,0.93751997,0.0,0.0,0.062480014,0.0,0.0,0.0,0.0,0.0
3,0,0.93751997,0.0,0.0,0.062480014,0.0,0.0,0.0,0.0,0.0
3,0,0.93751997,0.0,0.0,0.062480014,0.0,0.0,0.0,0.0,0.0
3,0,0.93751997,0.0,0.0,0.062480014,0.0,0.0,0.0,0.0,0.0
3,0,0.93751997,0.0,0.0,0.062480014,0.0,0.0,0.0,0.0,0.0
3,0,0.93751997,0.0,0.0,0.062480014,0.0,0.0,0.0,0.0,0.0
3,0,0.93751997,0.0,0.0,0.062480014,0.0,0.0,0.0,0.0,0.0
3,0,0.93751997,0.0,0.0,0.062480014,0.0,0.0,0.0,0.0,0.0
3,0,0.93751997,0.0,0.0,0.062480014,0.0,0.0,0.0,0.0,0.0
3,0,0.93751997,0.0,0.0,0.062480014,0.0,0.0,0.0,0.0,0.0
3,0,0.93751997,0.0,0.0,0.062480014,0.0,0.0,0.0,0.0,0.0
3,0,0.93751997,0.0,0.0,0.062480014,0.0,0.0,0.0,0.0,0.0
3,0,0.93751997,0.0,0.0,0.062480014,0.0,0.0,0.0,0.0,0.0
3,0,0.93751997,0.0,0.0,0.062480014,0.0,0.0,0.0,0.0,0.0
3,0,0.93751997,0.0,0.0,0.062480014,0.0,0.0,0.0,0.0,0.0
3,0,0.93751997,0.0,0.0,0.062480014,0.0,0.0,0.0,0.0,0.0
3,0,0.93751997,0.0,0.0,0.062480014,0.0,0.0,0.0,0.0,0.0
3,0,0.93751997,0.0,0.0,0.062480014,0.0,0.0,0.0,0.0,0.0
3,0,0.93751997,0.0,0.0,0.062480014,0.0,0.0,0.0,0.0,0.0
3,0,0.93751997,0.0,0.0,0.062480014,0.0,0.0,0.0,0.0,0.0
3,0,0.93751997,0.0,0.0,0.062480014,0.0,0.0,0.0,0.0,0.0
3,0,0.93751997,0.0,0.0,0.062480014,0.0,0.0,0.0,0.0,0.0
3,0,0.93751997,0.0,0.0,0.062480014,0.0,0.0,0.0,0.0,0.0
3,0,0.93751997,0.0,0.0,0.062480014,0.0,0.0,0.0,0.0,0.0
3,0,0.93751997,0.0,0.0,0.062480014,0.0,0.0,0.0,0.0,0.0
3,0,1.0,0.0,0.0,0.0,0.0,0.0,0.0,0.0,0.0
3,0,1.0,0.0,0.0,0.0,0.0,0.0,0.0,0.0,0.0
3,0,1.0,0.0,0.0,0.0,0.0,0.0,0.0,0.0,0.0
3,0,1.0,0.0,0.0,0.0,0.0,0.0,0.0,0.0,0.0
3,0,1.0,0.0,0.0,0.0,0.0,0.0,0.0,0.0,0.0
3,0,1.0,0.0,0.0,0.0,0.0,0.0,0.0,0.0,0.0
3,0,1.0,0.0,0.0,0.0,0.0,0.0,0.0,0.0,0.0
3,0,1.0,0.0,0.0,0.0,0.0,0.0,0.0,0.0,0.0
3,0,1.0,0.0,0.0,0.0,0.0,0.0,0.0,0.0,0.0
3,0,1.0,0.0,0.0,0.0,0.0,0.0,0.0,0.0,0.0
3,0,1.0,0.0,0.0,0.0,0.0,0.0,0.0,0.0,0.0
3,0,1.0,0.0,0.0,0.0,0.0,0.0,0.0,0.0,0.0
3,0,1.0,0.0,0.0,0.0,0.0,0.0,0.0,0.0,0.0
3,0,1.0,0.0,0.0,0.0,0.0,0.0,0.0,0.0,0.0
3,0,1.0,0.0,0.0,0.0,0.0,0.0,0.0,0.0,0.0
3,0,1.0,0.0,0.0,0.0,0.0,0.0,0.0,0.0,0.0
3,0,1.0,0.0,0.0,0.0,0.0,0.0,0.0,0.0,0.0
3,0,1.0,0.0,0.0,0.0,0.0,0.0,0.0,0.0,0.0
3,0,1.0,0.0,0.0,0.0,0.0,0.0,0.0,0.0,0.0
3,0,1.0,0.0,0.0,0.0,0.0,0.0,0.0,0.0,0.0
3,0,1.0,0.0,0.0,0.0,0.0,0.0,0.0,0.0,0.0
3,0,1.0,0.0,0.0,0.0,0.0,0.0,0.0,0.0,0.0
3,0,1.0,0.0,0.0,0.0,0.0,0.0,0.0,0.0,0.0
3,0,1.0,0.0,0.0,0.0,0.0,0.0,0.0,0.0,0.0
3,0,1.0,0.0,0.0,0.0,0.0,0.0,0.0,0.0,0.0
3,0,1.0,0.0,0.0,0.0,0.0,0.0,0.0,0.0,0.0
3,0,1.0,0.0,0.0,0.0,0.0,0.0,0.0,0.0,0.0
3,0,1.0,0.0,0.0,0.0,0.0,0.0,0.0,0.0,0.0
3,0,1.0,0.0,0.0,0.0,0.0,0.0,0.0,0.0,0.0
3,0,1.0,0.0,0.0,0.0,0.0,0.0,0.0,0.0,0.0
3,0,1.0,0.0,0.0,0.0,0.0,0.0,0.0,0.0,0.0
3,0,1.0,0.0,0.0,0.0,0.0,0.0,0.0,0.0,0.0
3,0,1.0,0.0,0.0,0.0,0.0,0.0,0.0,0.0,0.0
3,0,1.0,0.0,0.0,0.0,0.0,0.0,0.0,0.0,0.0
3,0,1.0,0.0,0.0,0.0,0.0,0.0,0.0,0.0,0.0
3,0,1.0,0.0,0.0,0.0,0.0,0.0,0.0,0.0,0.0
3,0,1.0,0.0,0.0,0.0,0.0,0.0,0.0,0.0,0.0
3,0,1.0,0.0,0.0,0.0,0.0,0.0,0.0,0.0,0.0
3,0,1.0,0.0,0.0,0.0,0.0,0.0,0.0,0.0,0.0
3,0,1.0,0.0,0.0,0.0,0.0,0.0,0.0,0.0,0.0
3,0,1.0,0.0,0.0,0.0,0.0,0.0,0.0,0.0,0.0
3,0,1.0,0.0,0.0,0.0,0.0,0.0,0.0,0.0,0.0
3,0,1.0,0.0,0.0,0.0,0.0,0.0,0.0,0.0,0.0
3,0,1.0,0.0,0.0,0.0,0.0,0.0,0.0,0.0,0.0
3,0,1.0,0.0,0.0,0.0,0.0,0.0,0.0,0.0,0.0
3,0,1.0,0.0,0.0,0.0,0.0,0.0,0.0,0.0,0.0
3,0,1.0,0.0,0.0,0.0,0.0,0.0,0.0,0.0,0.0
3,0,1.0,0.0,0.0,0.0,0.0,0.0,0.0,0.0,0.0
3,0,1.0,0.0,0.0,0.0,0.0,0.0,0.0,0.0,0.0
3,0,1.0,0.0,0.0,0.0,0.0,0.0,0.0,0.0,0.0
3,0,1.0,0.0,0.0,0.0,0.0,0.0,0.0,0.0,0.0
3,0,1.0,0.0,0.0,0.0,0.0,0.0,0.0,0.0,0.0
3,0,1.0,0.0,0.0,0.0,0.0,0.0,0.0,0.0,0.0
3,0,1.0,0.0,0.0,0.0,0.0,0.0,0.0,0.0,0.0
3,0,1.0,0.0,0.0,0.0,0.0,0.0,0.0,0.0,0.0
3,0,1.0,0.0,0.0,0.0,0.0,0.0,0.0,0.0,0.0
3,0,1.0,0.0,0.0,0.0,0.0,0.0,0.0,0.0,0.0
3,0,1.0,0.0,0.0,0.0,0.0,0.0,0.0,0.0,0.0
3,0,1.0,0.0,0.0,0.0,0.0,0.0,0.0,0.0,0.0
3,0,1.0,0.0,0.0,0.0,0.0,0.0,0.0,0.0,0.0
3,0,1.0,0.0,0.0,0.0,0.0,0.0,0.0,0.0,0.0
3,0,1.0,0.0,0.0,0.0,0.0,0.0,0.0,0.0,0.0
3,0,1.0,0.0,0.0,0.0,0.0,0.0,0.0,0.0,0.0
3,0,1.0,0.0,0.0,0.0,0.0,0.0,0.0,0.0,0.0
3,0,1.0,0.0,0.0,0.0,0.0,0.0,0.0,0.0,0.0
3,0,1.0,0.0,0.0,0.0,0.0,0.0,0.0,0.0,0.0
3,0,1.0,0.0,0.0,0.0,0.0,0.0,0.0,0.0,0.0
3,0,1.0,0.0,0.0,0.0,0.0,0.0,0.0,0.0,0.0
3,0,1.0,0.0,0.0,0.0,0.0,0.0,0.0,0.0,0.0
3,0,1.0,0.0,0.0,0.0,0.0,0.0,0.0,0.0,0.0
3,0,1.0,0.0,0.0,0.0,0.0,0.0,0.0,0.0,0.0
3,0,1.0,0.0,0.0,0.0,0.0,0.0,0.0,0.0,0.0
3,0,1.0,0.0,0.0,0.0,0.0,0.0,0.0,0.0,0.0
3,0,1.0,0.0,0.0,0.0,0.0,0.0,0.0,0.0,0.0
3,0,1.0,0.0,0.0,0.0,0.0,0.0,0.0,0.0,0.0
3,0,1.0,0.0,0.0,0.0,0.0,0.0,0.0,0.0,0.0
3,0,1.0,0.0,0.0,0.0,0.0,0.0,0.0,0.0,0.0
3,0,1.0,0.0,0.0,0.0,0.0,0.0,0.0,0.0,0.0
3,0,1.0,0.0,0.0,0.0,0.0,0.0,0.0,0.0,0.0
3,0,1.0,0.0,0.0,0.0,0.0,0.0,0.0,0.0,0.0
3,0,1.0,0.0,0.0,0.0,0.0,0.0,0.0,0.0,0.0
3,0,1.0,0.0,0.0,0.0,0.0,0.0,0.0,0.0,0.0
3,0,1.0,0.0,0.0,0.0,0.0,0.0,0.0,0.0,0.0
3,0,1.0,0.0,0.0,0.0,0.0,0.0,0.0,0.0,0.0
3,0,1.0,0.0,0.0,0.0,0.0,0.0,0.0,0.0,0.0
3,0,1.0,0.0,0.0,0.0,0.0,0.0,0.0,0.0,0.0
3,0,1.0,0.0,0.0,0.0,0.0,0.0,0.0,0.0,0.0
3,0,1.0,0.0,0.0,0.0,0.0,0.0,0.0,0.0,0.0
3,0,1.0,0.0,0.0,0.0,0.0,0.0,0.0,0.0,0.0
3,0,1.0,0.0,0.0,0.0,0.0,0.0,0.0,0.0,0.0
3,0,1.0,0.0,0.0,0.0,0.0,0.0,0.0,0.0,0.0
3,0,1.0,0.0,0.0,0.0,0.0,0.0,0.0,0.0,0.0
3,0,1.0,0.0,0.0,0.0,0.0,0.0,0.0,0.0,0.0
3,0,1.0,0.0,0.0,0.0,0.0,0.0,0.0,0.0,0.0
3,0,1.0,0.0,0.0,0.0,0.0,0.0,0.0,0.0,0.0
3,0,1.0,0.0,0.0,0.0,0.0,0.0,0.0,0.0,0.0
3,0,1.0,0.0,0.0,0.0,0.0,0.0,0.0,0.0,0.0
3,0,1.0,0.0,0.0,0.0,0.0,0.0,0.0,0.0,0.0
3,0,1.0,0.0,0.0,0.0,0.0,0.0,0.0,0.0,0.0
3,0,1.0,0.0,0.0,0.0,0.0,0.0,0.0,0.0,0.0
3,0,1.0,0.0,0.0,0.0,0.0,0.0,0.0,0.0,0.0
3,0,1.0,0.0,0.0,0.0,0.0,0.0,0.0,0.0,0.0
3,0,1.0,0.0,0.0,0.0,0.0,0.0,0.0,0.0,0.0
3,0,1.0,0.0,0.0,0.0,0.0,0.0,0.0,0.0,0.0
3,0,1.0,0.0,0.0,0.0,0.0,0.0,0.0,0.0,0.0
3,0,1.0,0.0,0.0,0.0,0.0,0.0,0.0,0.0,0.0
3,0,1.0,0.0,0.0,0.0,0.0,0.0,0.0,0.0,0.0
3,0,1.0,0.0,0.0,0.0,0.0,0.0,0.0,0.0,0.0
3,0,1.0,0.0,0.0,0.0,0.0,0.0,0.0,0.0,0.0
3,0,1.0,0.0,0.0,0.0,0.0,0.0,0.0,0.0,0.0
3,0,1.0,0.0,0.0,0.0,0.0,0.0,0.0,0.0,0.0
3,0,1.0,0.0,0.0,0.0,0.0,0.0,0.0,0.0,0.0
3,0,1.0,0.0,0.0,0.0,0.0,0.0,0.0,0.0,0.0
3,0,1.0,0.0,0.0,0.0,0.0,0.0,0.0,0.0,0.0
3,0,1.0,0.0,0.0,0.0,0.0,0.0,0.0,0.0,0.0
3,0,1.0,0.0,0.0,0.0,0.0,0.0,0.0,0.0,0.0
3,0,1.0,0.0,0.0,0.0,0.0,0.0,0.0,0.0,0.0
3,0,1.0,0.0,0.0,0.0,0.0,0.0,0.0,0.0,0.0
3,0,1.0,0.0,0.0,0.0,0.0,0.0,0.0,0.0,0.0
3,0,1.0,0.0,0.0,0.0,0.0,0.0,0.0,0.0,0.0
3,0,1.0,0.0,0.0,0.0,0.0,0.0,0.0,0.0,0.0
3,0,1.0,0.0,0.0,0.0,0.0,0.0,0.0,0.0,0.0
3,0,1.0,0.0,0.0,0.0,0.0,0.0,0.0,0.0,0.0
3,0,1.0,0.0,0.0,0.0,0.0,0.0,0.0,0.0,0.0
3,0,1.0,0.0,0.0,0.0,0.0,0.0,0.0,0.0,0.0
3,0,1.0,0.0,0.0,0.0,0.0,0.0,0.0,0.0,0.0
3,0,1.0,0.0,0.0,0.0,0.0,0.0,0.0,0.0,0.0
3,0,1.0,0.0,0.0,0.0,0.0,0.0,0.0,0.0,0.0
3,0,1.0,0.0,0.0,0.0,0.0,0.0,0.0,0.0,0.0
3,0,1.0,0.0,0.0,0.0,0.0,0.0,0.0,0.0,0.0
3,0,1.0,0.0,0.0,0.0,0.0,0.0,0.0,0.0,0.0
3,0,1.0,0.0,0.0,0.0,0.0,0.0,0.0,0.0,0.0
3,0,1.0,0.0,0.0,0.0,0.0,0.0,0.0,0.0,0.0
3,0,1.0,0.0,0.0,0.0,0.0,0.0,0.0,0.0,0.0
3,0,1.0,0.0,0.0,0.0,0.0,0.0,0.0,0.0,0.0
3,0,1.0,0.0,0.0,0.0,0.0,0.0,0.0,0.0,0.0
3,0,1.0,0.0,0.0,0.0,0.0,0.0,0.0,0.0,0.0
3,0,1.0,0.0,0.0,0.0,0.0,0.0,0.0,0.0,0.0
3,0,1.0,0.0,0.0,0.0,0.0,0.0,0.0,0.0,0.0
3,0,1.0,0.0,0.0,0.0,0.0,0.0,0.0,0.0,0.0
3,0,1.0,0.0,0.0,0.0,0.0,0.0,0.0,0.0,0.0
3,0,1.0,0.0,0.0,0.0,0.0,0.0,0.0,0.0,0.0
3,0,1.0,0.0,0.0,0.0,0.0,0.0,0.0,0.0,0.0
3,0,1.0,0.0,0.0,0.0,0.0,0.0,0.0,0.0,0.0
3,0,1.0,0.0,0.0,0.0,0.0,0.0,0.0,0.0,0.0
3,0,1.0,0.0,0.0,0.0,0.0,0.0,0.0,0.0,0.0
3,0,1.0,0.0,0.0,0.0,0.0,0.0,0.0,0.0,0.0
3,0,1.0,0.0,0.0,0.0,0.0,0.0,0.0,0.0,0.0
3,0,1.0,0.0,0.0,0.0,0.0,0.0,0.0,0.0,0.0
3,0,1.0,0.0,0.0,0.0,0.0,0.0,0.0,0.0,0.0
3,0,1.0,0.0,0.0,0.0,0.0,0.0,0.0,0.0,0.0
3,0,1.0,0.0,0.0,0.0,0.0,0.0,0.0,0.0,0.0
3,0,1.0,0.0,0.0,0.0,0.0,0.0,0.0,0.0,0.0
3,0,1.0,0.0,0.0,0.0,0.0,0.0,0.0,0.0,0.0
3,0,1.0,0.0,0.0,0.0,0.0,0.0,0.0,0.0,0.0
3,0,1.0,0.0,0.0,0.0,0.0,0.0,0.0,0.0,0.0
3,0,1.0,0.0,0.0,0.0,0.0,0.0,0.0,0.0,0.0
3,0,1.0,0.0,0.0,0.0,0.0,0.0,0.0,0.0,0.0
3,0,1.0,0.0,0.0,0.0,0.0,0.0,0.0,0.0,0.0
3,0,1.0,0.0,0.0,0.0,0.0,0.0,0.0,0.0,0.0
3,0,1.0,0.0,0.0,0.0,0.0,0.0,0.0,0.0,0.0
3,0,1.0,0.0,0.0,0.0,0.0,0.0,0.0,0.0,0.0
3,0,1.0,0.0,0.0,0.0,0.0,0.0,0.0,0.0,0.0
3,0,1.0,0.0,0.0,0.0,0.0,0.0,0.0,0.0,0.0
3,0,1.0,0.0,0.0,0.0,0.0,0.0,0.0,0.0,0.0
3,0,1.0,0.0,0.0,0.0,0.0,0.0,0.0,0.0,0.0
3,0,1.0,0.0,0.0,0.0,0.0,0.0,0.0,0.0,0.0
3,0,1.0,0.0,0.0,0.0,0.0,0.0,0.0,0.0,0.0
3,0,1.0,0.0,0.0,0.0,0.0,0.0,0.0,0.0,0.0
3,0,1.0,0.0,0.0,0.0,0.0,0.0,0.0,0.0,0.0
3,0,1.0,0.0,0.0,0.0,0.0,0.0,0.0,0.0,0.0
3,0,1.0,0.0,0.0,0.0,0.0,0.0,0.0,0.0,0.0
3,0,1.0,0.0,0.0,0.0,0.0,0.0,0.0,0.0,0.0
3,0,1.0,0.0,0.0,0.0,0.0,0.0,0.0,0.0,0.0
3,0,1.0,0.0,0.0,0.0,0.0,0.0,0.0,0.0,0.0
3,0,1.0,0.0,0.0,0.0,0.0,0.0,0.0,0.0,0.0
3,0,1.0,0.0,0.0,0.0,0.0,0.0,0.0,0.0,0.0
3,0,1.0,0.0,0.0,0.0,0.0,0.0,0.0,0.0,0.0
3,0,1.0,0.0,0.0,0.0,0.0,0.0,0.0,0.0,0.0
3,0,1.0,0.0,0.0,0.0,0.0,0.0,0.0,0.0,0.0
3,0,1.0,0.0,0.0,0.0,0.0,0.0,0.0,0.0,0.0
3,0,1.0,0.0,0.0,0.0,0.0,0.0,0.0,0.0,0.0
3,0,1.0,0.0,0.0,0.0,0.0,0.0,0.0,0.0,0.0
3,0,1.0,0.0,0.0,0.0,0.0,0.0,0.0,0.0,0.0
3,0,1.0,0.0,0.0,0.0,0.0,0.0,0.0,0.0,0.0
3,0,1.0,0.0,0.0,0.0,0.0,0.0,0.0,0.0,0.0
3,0,1.0,0.0,0.0,0.0,0.0,0.0,0.0,0.0,0.0
3,0,1.0,0.0,0.0,0.0,0.0,0.0,0.0,0.0,0.0
3,0,1.0,0.0,0.0,0.0,0.0,0.0,0.0,0.0,0.0
3,0,1.0,0.0,0.0,0.0,0.0,0.0,0.0,0.0,0.0
3,0,1.0,0.0,0.0,0.0,0.0,0.0,0.0,0.0,0.0
3,0,1.0,0.0,0.0,0.0,0.0,0.0,0.0,0.0,0.0
3,0,1.0,0.0,0.0,0.0,0.0,0.0,0.0,0.0,0.0
3,0,1.0,0.0,0.0,0.0,0.0,0.0,0.0,0.0,0.0
3,0,1.0,0.0,0.0,0.0,0.0,0.0,0.0,0.0,0.0
3,0,1.0,0.0,0.0,0.0,0.0,0.0,0.0,0.0,0.0
3,0,1.0,0.0,0.0,0.0,0.0,0.0,0.0,0.0,0.0
3,0,1.0,0.0,0.0,0.0,0.0,0.0,0.0,0.0,0.0
3,0,1.0,0.0,0.0,0.0,0.0,0.0,0.0,0.0,0.0
3,0,1.0,0.0,0.0,0.0,0.0,0.0,0.0,0.0,0.0
3,0,1.0,0.0,0.0,0.0,0.0,0.0,0.0,0.0,0.0
3,0,1.0,0.0,0.0,0.0,0.0,0.0,0.0,0.0,0.0
3,0,1.0,0.0,0.0,0.0,0.0,0.0,0.0,0.0,0.0
3,0,1.0,0.0,0.0,0.0,0.0,0.0,0.0,0.0,0.0
3,0,1.0,0.0,0.0,0.0,0.0,0.0,0.0,0.0,0.0
3,0,1.0,0.0,0.0,0.0,0.0,0.0,0.0,0.0,0.0
3,0,1.0,0.0,0.0,0.0,0.0,0.0,0.0,0.0,0.0
3,0,1.0,0.0,0.0,0.0,0.0,0.0,0.0,0.0,0.0
3,0,1.0,0.0,0.0,0.0,0.0,0.0,0.0,0.0,0.0
3,0,1.0,0.0,0.0,0.0,0.0,0.0,0.0,0.0,0.0
3,0,1.0,0.0,0.0,0.0,0.0,0.0,0.0,0.0,0.0
3,0,1.0,0.0,0.0,0.0,0.0,0.0,0.0,0.0,0.0
3,0,1.0,0.0,0.0,0.0,0.0,0.0,0.0,0.0,0.0
3,0,1.0,0.0,0.0,0.0,0.0,0.0,0.0,0.0,0.0
3,0,1.0,0.0,0.0,0.0,0.0,0.0,0.0,0.0,0.0
3,0,1.0,0.0,0.0,0.0,0.0,0.0,0.0,0.0,0.0
3,0,1.0,0.0,0.0,0.0,0.0,0.0,0.0,0.0,0.0
3,0,1.0,0.0,0.0,0.0,0.0,0.0,0.0,0.0,0.0
3,0,1.0,0.0,0.0,0.0,0.0,0.0,0.0,0.0,0.0
3,0,1.0,0.0,0.0,0.0,0.0,0.0,0.0,0.0,0.0
3,0,1.0,0.0,0.0,0.0,0.0,0.0,0.0,0.0,0.0
3,0,1.0,0.0,0.0,0.0,0.0,0.0,0.0,0.0,0.0
3,0,1.0,0.0,0.0,0.0,0.0,0.0,0.0,0.0,0.0
3,0,1.0,0.0,0.0,0.0,0.0,0.0,0.0,0.0,0.0
3,0,1.0,0.0,0.0,0.0,0.0,0.0,0.0,0.0,0.0
3,0,1.0,0.0,0.0,0.0,0.0,0.0,0.0,0.0,0.0
3,0,1.0,0.0,0.0,0.0,0.0,0.0,0.0,0.0,0.0
3,0,1.0,0.0,0.0,0.0,0.0,0.0,0.0,0.0,0.0
3,0,1.0,0.0,0.0,0.0,0.0,0.0,0.0,0.0,0.0
3,0,1.0,0.0,0.0,0.0,0.0,0.0,0.0,0.0,0.0
3,0,1.0,0.0,0.0,0.0,0.0,0.0,0.0,0.0,0.0
3,0,1.0,0.0,0.0,0.0,0.0,0.0,0.0,0.0,0.0
3,0,1.0,0.0,0.0,0.0,0.0,0.0,0.0,0.0,0.0
3,0,1.0,0.0,0.0,0.0,0.0,0.0,0.0,0.0,0.0
3,0,1.0,0.0,0.0,0.0,0.0,0.0,0.0,0.0,0.0
3,0,1.0,0.0,0.0,0.0,0.0,0.0,0.0,0.0,0.0
3,0,1.0,0.0,0.0,0.0,0.0,0.0,0.0,0.0,0.0
3,0,1.0,0.0,0.0,0.0,0.0,0.0,0.0,0.0,0.0
3,0,1.0,0.0,0.0,0.0,0.0,0.0,0.0,0.0,0.0
3,0,1.0,0.0,0.0,0.0,0.0,0.0,0.0,0.0,0.0
3,0,1.0,0.0,0.0,0.0,0.0,0.0,0.0,0.0,0.0
3,0,1.0,0.0,0.0,0.0,0.0,0.0,0.0,0.0,0.0
3,0,1.0,0.0,0.0,0.0,0.0,0.0,0.0,0.0,0.0
3,0,1.0,0.0,0.0,0.0,0.0,0.0,0.0,0.0,0.0
3,0,1.0,0.0,0.0,0.0,0.0,0.0,0.0,0.0,0.0
3,0,1.0,0.0,0.0,0.0,0.0,0.0,0.0,0.0,0.0
3,0,1.0,0.0,0.0,0.0,0.0,0.0,0.0,0.0,0.0
3,0,1.0,0.0,0.0,0.0,0.0,0.0,0.0,0.0,0.0
3,0,1.0,0.0,0.0,0.0,0.0,0.0,0.0,0.0,0.0
3,0,1.0,0.0,0.0,0.0,0.0,0.0,0.0,0.0,0.0
3,0,1.0,0.0,0.0,0.0,0.0,0.0,0.0,0.0,0.0
3,0,1.0,0.0,0.0,0.0,0.0,0.0,0.0,0.0,0.0
3,0,1.0,0.0,0.0,0.0,0.0,0.0,0.0,0.0,0.0
3,0,1.0,0.0,0.0,0.0,0.0,0.0,0.0,0.0,0.0
3,0,1.0,0.0,0.0,0.0,0.0,0.0,0.0,0.0,0.0
3,0,1.0,0.0,0.0,0.0,0.0,0.0,0.0,0.0,0.0
3,0,1.0,0.0,0.0,0.0,0.0,0.0,0.0,0.0,0.0
3,0,1.0,0.0,0.0,0.0,0.0,0.0,0.0,0.0,0.0
3,0,1.0,0.0,0.0,0.0,0.0,0.0,0.0,0.0,0.0
3,0,1.0,0.0,0.0,0.0,0.0,0.0,0.0,0.0,0.0
3,0,1.0,0.0,0.0,0.0,0.0,0.0,0.0,0.0,0.0
3,0,1.0,0.0,0.0,0.0,0.0,0.0,0.0,0.0,0.0
3,0,1.0,0.0,0.0,0.0,0.0,0.0,0.0,0.0,0.0
3,0,1.0,0.0,0.0,0.0,0.0,0.0,0.0,0.0,0.0
3,0,1.0,0.0,0.0,0.0,0.0,0.0,0.0,0.0,0.0
3,0,1.0,0.0,0.0,0.0,0.0,0.0,0.0,0.0,0.0
3,0,1.0,0.0,0.0,0.0,0.0,0.0,0.0,0.0,0.0
3,0,0.92643756,0.07356243,0.0,0.0,0.0,0.0,0.0,0.0,0.0
3,0,0.92643756,0.07356243,0.0,0.0,0.0,0.0,0.0,0.0,0.0
3,0,0.92643756,0.07356243,0.0,0.0,0.0,0.0,0.0,0.0,0.0
3,0,0.92643756,0.07356243,0.0,0.0,0.0,0.0,0.0,0.0,0.0
3,0,0.92643756,0.07356243,0.0,0.0,0.0,0.0,0.0,0.0,0.0
3,0,0.92643756,0.07356243,0.0,0.0,0.0,0.0,0.0,0.0,0.0
3,0,0.92643756,0.07356243,0.0,0.0,0.0,0.0,0.0,0.0,0.0
3,0,0.92643756,0.07356243,0.0,0.0,0.0,0.0,0.0,0.0,0.0
3,0,0.92643756,0.07356243,0.0,0.0,0.0,0.0,0.0,0.0,0.0
3,0,0.92643756,0.07356243,0.0,0.0,0.0,0.0,0.0,0.0,0.0
3,0,0.92643756,0.07356243,0.0,0.0,0.0,0.0,0.0,0.0,0.0
3,0,0.92643756,0.07356243,0.0,0.0,0.0,0.0,0.0,0.0,0.0
3,0,0.92643756,0.07356243,0.0,0.0,0.0,0.0,0.0,0.0,0.0
3,0,0.92643756,0.07356243,0.0,0.0,0.0,0.0,0.0,0.0,0.0
3,0,0.92643756,0.07356243,0.0,0.0,0.0,0.0,0.0,0.0,0.0
3,0,0.92643756,0.07356243,0.0,0.0,0.0,0.0,0.0,0.0,0.0
3,0,0.92643756,0.07356243,0.0,0.0,0.0,0.0,0.0,0.0,0.0
3,0,0.92643756,0.07356243,0.0,0.0,0.0,0.0,0.0,0.0,0.0
3,0,0.92643756,0.07356243,0.0,0.0,0.0,0.0,0.0,0.0,0.0
3,0,0.92643756,0.07356243,0.0,0.0,0.0,0.0,0.0,0.0,0.0
3,0,0.92643756,0.07356243,0.0,0.0,0.0,0.0,0.0,0.0,0.0
3,0,0.92643756,0.07356243,0.0,0.0,0.0,0.0,0.0,0.0,0.0
3,0,0.92643756,0.07356243,0.0,0.0,0.0,0.0,0.0,0.0,0.0
3,0,0.92643756,0.07356243,0.0,0.0,0.0,0.0,0.0,0.0,0.0
3,0,0.92643756,0.07356243,0.0,0.0,0.0,0.0,0.0,0.0,0.0
3,0,0.92643756,0.07356243,0.0,0.0,0.0,0.0,0.0,0.0,0.0
3,0,0.92643756,0.07356243,0.0,0.0,0.0,0.0,0.0,0.0,0.0
3,0,0.92643756,0.07356243,0.0,0.0,0.0,0.0,0.0,0.0,0.0
3,0,0.92643756,0.07356243,0.0,0.0,0.0,0.0,0.0,0.0,0.0
3,0,0.92643756,0.07356243,0.0,0.0,0.0,0.0,0.0,0.0,0.0
3,0,0.92643756,0.07356243,0.0,0.0,0.0,0.0,0.0,0.0,0.0
3,0,0.92643756,0.07356243,0.0,0.0,0.0,0.0,0.0,0.0,0.0
3,0,0.92643756,0.07356243,0.0,0.0,0.0,0.0,0.0,0.0,0.0
3,0,0.92643756,0.07356243,0.0,0.0,0.0,0.0,0.0,0.0,0.0
3,0,0.92643756,0.07356243,0.0,0.0,0.0,0.0,0.0,0.0,0.0
3,0,0.92643756,0.07356243,0.0,0.0,0.0,0.0,0.0,0.0,0.0
3,0,0.92643756,0.07356243,0.0,0.0,0.0,0.0,0.0,0.0,0.0
3,0,0.92643756,0.07356243,0.0,0.0,0.0,0.0,0.0,0.0,0.0
3,0,0.92643756,0.07356243,0.0,0.0,0.0,0.0,0.0,0.0,0.0
3,0,0.92643756,0.07356243,0.0,0.0,0.0,0.0,0.0,0.0,0.0
3,0,0.92643756,0.07356243,0.0,0.0,0.0,0.0,0.0,0.0,0.0
3,0,0.92643756,0.07356243,0.0,0.0,0.0,0.0,0.0,0.0,0.0
3,0,0.92643756,0.07356243,0.0,0.0,0.0,0.0,0.0,0.0,0.0
3,0,0.92643756,0.07356243,0.0,0.0,0.0,0.0,0.0,0.0,0.0
3,0,0.92643756,0.07356243,0.0,0.0,0.0,0.0,0.0,0.0,0.0
3,0,0.92643756,0.07356243,0.0,0.0,0.0,0.0,0.0,0.0,0.0
3,0,0.92643756,0.07356243,0.0,0.0,0.0,0.0,0.0,0.0,0.0
3,0,0.92643756,0.07356243,0.0,0.0,0.0,0.0,0.0,0.0,0.0
3,0,0.92643756,0.07356243,0.0,0.0,0.0,0.0,0.0,0.0,0.0
3,0,0.92643756,0.07356243,0.0,0.0,0.0,0.0,0.0,0.0,0.0
3,0,0.92643756,0.07356243,0.0,0.0,0.0,0.0,0.0,0.0,0.0
3,0,0.92643756,0.07356243,0.0,0.0,0.0,0.0,0.0,0.0,0.0
3,0,0.92643756,0.07356243,0.0,0.0,0.0,0.0,0.0,0.0,0.0
3,0,0.92643756,0.07356243,0.0,0.0,0.0,0.0,0.0,0.0,0.0
3,0,0.92643756,0.07356243,0.0,0.0,0.0,0.0,0.0,0.0,0.0
3,0,0.92643756,0.07356243,0.0,0.0,0.0,0.0,0.0,0.0,0.0
3,0,0.92643756,0.07356243,0.0,0.0,0.0,0.0,0.0,0.0,0.0
3,0,0.92643756,0.07356243,0.0,0.0,0.0,0.0,0.0,0.0,0.0
3,0,0.92643756,0.07356243,0.0,0.0,0.0,0.0,0.0,0.0,0.0
3,0,0.92643756,0.07356243,0.0,0.0,0.0,0.0,0.0,0.0,0.0
3,0,0.92643756,0.07356243,0.0,0.0,0.0,0.0,0.0,0.0,0.0
3,0,0.92643756,0.07356243,0.0,0.0,0.0,0.0,0.0,0.0,0.0
3,0,0.92643756,0.07356243,0.0,0.0,0.0,0.0,0.0,0.0,0.0
3,0,0.92643756,0.07356243,0.0,0.0,0.0,0.0,0.0,0.0,0.0
3,0,0.92643756,0.07356243,0.0,0.0,0.0,0.0,0.0,0.0,0.0
3,0,0.92643756,0.07356243,0.0,0.0,0.0,0.0,0.0,0.0,0.0
3,0,0.92643756,0.07356243,0.0,0.0,0.0,0.0,0.0,0.0,0.0
3,0,0.92643756,0.07356243,0.0,0.0,0.0,0.0,0.0,0.0,0.0
3,0,0.92643756,0.07356243,0.0,0.0,0.0,0.0,0.0,0.0,0.0
3,0,0.92643756,0.07356243,0.0,0.0,0.0,0.0,0.0,0.0,0.0
3,0,0.92643756,0.07356243,0.0,0.0,0.0,0.0,0.0,0.0,0.0
3,0,0.92643756,0.07356243,0.0,0.0,0.0,0.0,0.0,0.0,0.0
3,0,0.92643756,0.07356243,0.0,0.0,0.0,0.0,0.0,0.0,0.0
3,0,0.92643756,0.07356243,0.0,0.0,0.0,0.0,0.0,0.0,0.0
3,0,0.92643756,0.07356243,0.0,0.0,0.0,0.0,0.0,0.0,0.0
3,0,0.92643756,0.07356243,0.0,0.0,0.0,0.0,0.0,0.0,0.0
3,0,0.92643756,0.07356243,0.0,0.0,0.0,0.0,0.0,0.0,0.0
3,0,0.92643756,0.07356243,0.0,0.0,0.0,0.0,0.0,0.0,0.0
3,0,0.92643756,0.07356243,0.0,0.0,0.0,0.0,0.0,0.0,0.0
3,0,0.92643756,0.07356243,0.0,0.0,0.0,0.0,0.0,0.0,0.0
3,0,0.92643756,0.07356243,0.0,0.0,0.0,0.0,0.0,0.0,0.0
3,0,0.92643756,0.07356243,0.0,0.0,0.0,0.0,0.0,0.0,0.0
3,0,0.92643756,0.07356243,0.0,0.0,0.0,0.0,0.0,0.0,0.0
3,0,0.92643756,0.07356243,0.0,0.0,0.0,0.0,0.0,0.0,0.0
3,0,0.92643756,0.07356243,0.0,0.0,0.0,0.0,0.0,0.0,0.0
3,0,0.92643756,0.07356243,0.0,0.0,0.0,0.0,0.0,0.0,0.0
3,0,0.92643756,0.07356243,0.0,0.0,0.0,0.0,0.0,0.0,0.0
3,0,0.92643756,0.07356243,0.0,0.0,0.0,0.0,0.0,0.0,0.0
3,0,0.92643756,0.07356243,0.0,0.0,0.0,0.0,0.0,0.0,0.0
3,0,0.92643756,0.07356243,0.0,0.0,0.0,0.0,0.0,0.0,0.0
3,0,0.92643756,0.07356243,0.0,0.0,0.0,0.0,0.0,0.0,0.0
3,0,0.92643756,0.07356243,0.0,0.0,0.0,0.0,0.0,0.0,0.0
3,0,0.92643756,0.07356243,0.0,0.0,0.0,0.0,0.0,0.0,0.0
3,0,0.92643756,0.07356243,0.0,0.0,0.0,0.0,0.0,0.0,0.0
3,0,0.92643756,0.07356243,0.0,0.0,0.0,0.0,0.0,0.0,0.0
3,0,0.92643756,0.07356243,0.0,0.0,0.0,0.0,0.0,0.0,0.0
3,0,0.92643756,0.07356243,0.0,0.0,0.0,0.0,0.0,0.0,0.0
3,0,0.92643756,0.07356243,0.0,0.0,0.0,0.0,0.0,0.0,0.0
3,0,0.92643756,0.07356243,0.0,0.0,0.0,0.0,0.0,0.0,0.0
3,0,0.92643756,0.07356243,0.0,0.0,0.0,0.0,0.0,0.0,0.0
3,0,0.92643756,0.07356243,0.0,0.0,0.0,0.0,0.0,0.0,0.0
3,0,0.92643756,0.07356243,0.0,0.0,0.0,0.0,0.0,0.0,0.0
3,0,0.92643756,0.07356243,0.0,0.0,0.0,0.0,0.0,0.0,0.0
3,0,0.92643756,0.07356243,0.0,0.0,0.0,0.0,0.0,0.0,0.0
3,0,0.92643756,0.07356243,0.0,0.0,0.0,0.0,0.0,0.0,0.0
3,0,0.92643756,0.07356243,0.0,0.0,0.0,0.0,0.0,0.0,0.0
3,0,0.92643756,0.07356243,0.0,0.0,0.0,0.0,0.0,0.0,0.0
3,0,0.92643756,0.07356243,0.0,0.0,0.0,0.0,0.0,0.0,0.0
3,0,0.92643756,0.07356243,0.0,0.0,0.0,0.0,0.0,0.0,0.0
3,0,0.92643756,0.07356243,0.0,0.0,0.0,0.0,0.0,0.0,0.0
3,0,0.92643756,0.07356243,0.0,0.0,0.0,0.0,0.0,0.0,0.0
3,0,0.92643756,0.07356243,0.0,0.0,0.0,0.0,0.0,0.0,0.0
3,0,0.92643756,0.07356243,0.0,0.0,0.0,0.0,0.0,0.0,0.0
3,0,0.92643756,0.07356243,0.0,0.0,0.0,0.0,0.0,0.0,0.0
3,0,0.92643756,0.07356243,0.0,0.0,0.0,0.0,0.0,0.0,0.0
3,0,0.92643756,0.07356243,0.0,0.0,0.0,0.0,0.0,0.0,0.0
3,0,0.92643756,0.07356243,0.0,0.0,0.0,0.0,0.0,0.0,0.0
3,0,0.92643756,0.07356243,0.0,0.0,0.0,0.0,0.0,0.0,0.0
3,0,0.92643756,0.07356243,0.0,0.0,0.0,0.0,0.0,0.0,0.0
3,0,0.92643756,0.07356243,0.0,0.0,0.0,0.0,0.0,0.0,0.0
3,0,0.92643756,0.07356243,0.0,0.0,0.0,0.0,0.0,0.0,0.0
3,0,0.92643756,0.07356243,0.0,0.0,0.0,0.0,0.0,0.0,0.0
3,0,0.92643756,0.07356243,0.0,0.0,0.0,0.0,0.0,0.0,0.0
3,0,0.92643756,0.07356243,0.0,0.0,0.0,0.0,0.0,0.0,0.0
3,0,0.92643756,0.07356243,0.0,0.0,0.0,0.0,0.0,0.0,0.0
3,0,0.92643756,0.07356243,0.0,0.0,0.0,0.0,0.0,0.0,0.0
3,0,0.92643756,0.07356243,0.0,0.0,0.0,0.0,0.0,0.0,0.0
3,0,0.92643756,0.07356243,0.0,0.0,0.0,0.0,0.0,0.0,0.0
3,0,0.92643756,0.07356243,0.0,0.0,0.0,0.0,0.0,0.0,0.0
3,0,0.92643756,0.07356243,0.0,0.0,0.0,0.0,0.0,0.0,0.0
3,0,0.92643756,0.07356243,0.0,0.0,0.0,0.0,0.0,0.0,0.0
3,0,0.92643756,0.07356243,0.0,0.0,0.0,0.0,0.0,0.0,0.0
3,0,0.92643756,0.07356243,0.0,0.0,0.0,0.0,0.0,0.0,0.0
3,0,0.92643756,0.07356243,0.0,0.0,0.0,0.0,0.0,0.0,0.0
3,0,0.92643756,0.07356243,0.0,0.0,0.0,0.0,0.0,0.0,0.0
3,0,0.92643756,0.07356243,0.0,0.0,0.0,0.0,0.0,0.0,0.0
3,0,0.92643756,0.07356243,0.0,0.0,0.0,0.0,0.0,0.0,0.0
3,0,0.92643756,0.07356243,0.0,0.0,0.0,0.0,0.0,0.0,0.0
3,0,0.92643756,0.07356243,0.0,0.0,0.0,0.0,0.0,0.0,0.0
3,0,0.92643756,0.07356243,0.0,0.0,0.0,0.0,0.0,0.0,0.0
3,0,0.92643756,0.07356243,0.0,0.0,0.0,0.0,0.0,0.0,0.0
3,0,0.92643756,0.07356243,0.0,0.0,0.0,0.0,0.0,0.0,0.0
3,0,0.92643756,0.07356243,0.0,0.0,0.0,0.0,0.0,0.0,0.0
3,0,0.92643756,0.07356243,0.0,0.0,0.0,0.0,0.0,0.0,0.0
3,0,0.92643756,0.07356243,0.0,0.0,0.0,0.0,0.0,0.0,0.0
3,0,0.92643756,0.07356243,0.0,0.0,0.0,0.0,0.0,0.0,0.0
3,0,0.92643756,0.07356243,0.0,0.0,0.0,0.0,0.0,0.0,0.0
3,0,0.92643756,0.07356243,0.0,0.0,0.0,0.0,0.0,0.0,0.0
3,0,0.92643756,0.07356243,0.0,0.0,0.0,0.0,0.0,0.0,0.0
3,0,0.92643756,0.07356243,0.0,0.0,0.0,0.0,0.0,0.0,0.0
3,0,0.92643756,0.07356243,0.0,0.0,0.0,0.0,0.0,0.0,0.0
3,0,0.92643756,0.07356243,0.0,0.0,0.0,0.0,0.0,0.0,0.0
3,0,0.92643756,0.07356243,0.0,0.0,0.0,0.0,0.0,0.0,0.0
3,0,0.92643756,0.07356243,0.0,0.0,0.0,0.0,0.0,0.0,0.0
3,0,0.92643756,0.07356243,0.0,0.0,0.0,0.0,0.0,0.0,0.0
3,0,0.92643756,0.07356243,0.0,0.0,0.0,0.0,0.0,0.0,0.0
3,0,0.92643756,0.07356243,0.0,0.0,0.0,0.0,0.0,0.0,0.0
3,0,0.92643756,0.07356243,0.0,0.0,0.0,0.0,0.0,0.0,0.0
3,0,0.92643756,0.07356243,0.0,0.0,0.0,0.0,0.0,0.0,0.0
3,0,0.92643756,0.07356243,0.0,0.0,0.0,0.0,0.0,0.0,0.0
3,0,0.92643756,0.07356243,0.0,0.0,0.0,0.0,0.0,0.0,0.0
3,0,0.92643756,0.07356243,0.0,0.0,0.0,0.0,0.0,0.0,0.0
3,0,0.92643756,0.07356243,0.0,0.0,0.0,0.0,0.0,0.0,0.0
3,0,0.92643756,0.07356243,0.0,0.0,0.0,0.0,0.0,0.0,0.0
3,0,0.92643756,0.07356243,0.0,0.0,0.0,0.0,0.0,0.0,0.0
3,0,0.92643756,0.07356243,0.0,0.0,0.0,0.0,0.0,0.0,0.0
3,0,0.92643756,0.07356243,0.0,0.0,0.0,0.0,0.0,0.0,0.0
3,0,0.92643756,0.07356243,0.0,0.0,0.0,0.0,0.0,0.0,0.0
3,0,0.92643756,0.07356243,0.0,0.0,0.0,0.0,0.0,0.0,0.0
3,0,0.92643756,0.07356243,0.0,0.0,0.0,0.0,0.0,0.0,0.0
3,0,0.92643756,0.07356243,0.0,0.0,0.0,0.0,0.0,0.0,0.0
3,0,0.92643756,0.07356243,0.0,0.0,0.0,0.0,0.0,0.0,0.0
3,0,0.92643756,0.07356243,0.0,0.0,0.0,0.0,0.0,0.0,0.0
3,0,0.92643756,0.07356243,0.0,0.0,0.0,0.0,0.0,0.0,0.0
3,0,0.92643756,0.07356243,0.0,0.0,0.0,0.0,0.0,0.0,0.0
3,0,0.92643756,0.07356243,0.0,0.0,0.0,0.0,0.0,0.0,0.0
3,0,0.92643756,0.07356243,0.0,0.0,0.0,0.0,0.0,0.0,0.0
3,0,0.92643756,0.07356243,0.0,0.0,0.0,0.0,0.0,0.0,0.0
3,0,0.92643756,0.07356243,0.0,0.0,0.0,0.0,0.0,0.0,0.0
3,0,0.92643756,0.07356243,0.0,0.0,0.0,0.0,0.0,0.0,0.0
3,0,0.92643756,0.07356243,0.0,0.0,0.0,0.0,0.0,0.0,0.0
3,0,0.92643756,0.07356243,0.0,0.0,0.0,0.0,0.0,0.0,0.0
3,0,0.92643756,0.07356243,0.0,0.0,0.0,0.0,0.0,0.0,0.0
3,0,0.92643756,0.07356243,0.0,0.0,0.0,0.0,0.0,0.0,0.0
3,0,0.92643756,0.07356243,0.0,0.0,0.0,0.0,0.0,0.0,0.0
3,0,0.92643756,0.07356243,0.0,0.0,0.0,0.0,0.0,0.0,0.0
3,0,0.92643756,0.07356243,0.0,0.0,0.0,0.0,0.0,0.0,0.0
3,0,0.92643756,0.07356243,0.0,0.0,0.0,0.0,0.0,0.0,0.0
3,0,0.92643756,0.07356243,0.0,0.0,0.0,0.0,0.0,0.0,0.0
3,0,0.92643756,0.07356243,0.0,0.0,0.0,0.0,0.0,0.0,0.0
3,0,0.92643756,0.07356243,0.0,0.0,0.0,0.0,0.0,0.0,0.0
3,0,0.92643756,0.07356243,0.0,0.0,0.0,0.0,0.0,0.0,0.0
3,0,0.92643756,0.07356243,0.0,0.0,0.0,0.0,0.0,0.0,0.0
3,0,0.92643756,0.07356243,0.0,0.0,0.0,0.0,0.0,0.0,0.0
3,0,0.92643756,0.07356243,0.0,0.0,0.0,0.0,0.0,0.0,0.0
3,0,0.92643756,0.07356243,0.0,0.0,0.0,0.0,0.0,0.0,0.0
3,0,0.92643756,0.07356243,0.0,0.0,0.0,0.0,0.0,0.0,0.0
3,0,0.92643756,0.07356243,0.0,0.0,0.0,0.0,0.0,0.0,0.0
3,0,0.92643756,0.07356243,0.0,0.0,0.0,0.0,0.0,0.0,0.0
3,0,0.92643756,0.07356243,0.0,0.0,0.0,0.0,0.0,0.0,0.0
3,0,0.92643756,0.07356243,0.0,0.0,0.0,0.0,0.0,0.0,0.0
3,0,0.92643756,0.07356243,0.0,0.0,0.0,0.0,0.0,0.0,0.0
3,0,0.92643756,0.07356243,0.0,0.0,0.0,0.0,0.0,0.0,0.0
3,0,0.92643756,0.07356243,0.0,0.0,0.0,0.0,0.0,0.0,0.0
3,0,0.92643756,0.07356243,0.0,0.0,0.0,0.0,0.0,0.0,0.0
3,0,0.92643756,0.07356243,0.0,0.0,0.0,0.0,0.0,0.0,0.0
3,0,0.92643756,0.07356243,0.0,0.0,0.0,0.0,0.0,0.0,0.0
3,0,0.92643756,0.07356243,0.0,0.0,0.0,0.0,0.0,0.0,0.0
3,0,0.92643756,0.07356243,0.0,0.0,0.0,0.0,0.0,0.0,0.0
3,0,0.92643756,0.07356243,0.0,0.0,0.0,0.0,0.0,0.0,0.0
3,0,0.92643756,0.07356243,0.0,0.0,0.0,0.0,0.0,0.0,0.0
3,0,0.92643756,0.07356243,0.0,0.0,0.0,0.0,0.0,0.0,0.0
3,0,0.92643756,0.07356243,0.0,0.0,0.0,0.0,0.0,0.0,0.0
3,0,0.92643756,0.07356243,0.0,0.0,0.0,0.0,0.0,0.0,0.0
3,0,0.92643756,0.07356243,0.0,0.0,0.0,0.0,0.0,0.0,0.0
3,0,0.92643756,0.07356243,0.0,0.0,0.0,0.0,0.0,0.0,0.0
3,0,0.92643756,0.07356243,0.0,0.0,0.0,0.0,0.0,0.0,0.0
3,0,0.92643756,0.07356243,0.0,0.0,0.0,0.0,0.0,0.0,0.0
3,0,0.92643756,0.07356243,0.0,0.0,0.0,0.0,0.0,0.0,0.0
3,0,0.92643756,0.07356243,0.0,0.0,0.0,0.0,0.0,0.0,0.0
3,0,0.92643756,0.07356243,0.0,0.0,0.0,0.0,0.0,0.0,0.0
3,0,0.92643756,0.07356243,0.0,0.0,0.0,0.0,0.0,0.0,0.0
3,0,0.92643756,0.07356243,0.0,0.0,0.0,0.0,0.0,0.0,0.0
3,0,0.92643756,0.07356243,0.0,0.0,0.0,0.0,0.0,0.0,0.0
3,0,0.92643756,0.07356243,0.0,0.0,0.0,0.0,0.0,0.0,0.0
3,0,0.92643756,0.07356243,0.0,0.0,0.0,0.0,0.0,0.0,0.0
3,0,0.92643756,0.07356243,0.0,0.0,0.0,0.0,0.0,0.0,0.0
3,0,0.92643756,0.07356243,0.0,0.0,0.0,0.0,0.0,0.0,0.0
3,0,0.92643756,0.07356243,0.0,0.0,0.0,0.0,0.0,0.0,0.0
3,0,0.92643756,0.07356243,0.0,0.0,0.0,0.0,0.0,0.0,0.0
3,0,0.92643756,0.07356243,0.0,0.0,0.0,0.0,0.0,0.0,0.0
3,0,0.92643756,0.07356243,0.0,0.0,0.0,0.0,0.0,0.0,0.0
3,0,0.92643756,0.07356243,0.0,0.0,0.0,0.0,0.0,0.0,0.0
3,0,0.92643756,0.07356243,0.0,0.0,0.0,0.0,0.0,0.0,0.0
3,0,0.92643756,0.07356243,0.0,0.0,0.0,0.0,0.0,0.0,0.0
3,0,0.92643756,0.07356243,0.0,0.0,0.0,0.0,0.0,0.0,0.0
3,0,0.92643756,0.07356243,0.0,0.0,0.0,0.0,0.0,0.0,0.0
3,0,0.92643756,0.07356243,0.0,0.0,0.0,0.0,0.0,0.0,0.0
3,0,0.92643756,0.07356243,0.0,0.0,0.0,0.0,0.0,0.0,0.0
3,0,0.92643756,0.07356243,0.0,0.0,0.0,0.0,0.0,0.0,0.0
3,0,0.92643756,0.07356243,0.0,0.0,0.0,0.0,0.0,0.0,0.0
3,0,0.92643756,0.07356243,0.0,0.0,0.0,0.0,0.0,0.0,0.0
3,0,0.92643756,0.07356243,0.0,0.0,0.0,0.0,0.0,0.0,0.0
3,0,0.92643756,0.07356243,0.0,0.0,0.0,0.0,0.0,0.0,0.0
3,0,0.92643756,0.07356243,0.0,0.0,0.0,0.0,0.0,0.0,0.0
3,0,0.86726826,0.07356243,0.0,0.0,0.0,0.0,0.0,0.05916933,0.0
3,0,0.86726826,0.07356243,0.0,0.0,0.0,0.0,0.0,0.05916933,0.0
3,0,0.86726826,0.07356243,0.0,0.0,0.0,0.0,0.0,0.05916933,0.0
3,0,0.86726826,0.07356243,0.0,0.0,0.0,0.0,0.0,0.05916933,0.0
3,0,0.86726826,0.07356243,0.0,0.0,0.0,0.0,0.0,0.05916933,0.0
3,0,0.86726826,0.07356243,0.0,0.0,0.0,0.0,0.0,0.05916933,0.0
3,0,0.86726826,0.07356243,0.0,0.0,0.0,0.0,0.0,0.05916933,0.0
3,0,0.86726826,0.07356243,0.0,0.0,0.0,0.0,0.0,0.05916933,0.0
3,0,0.86726826,0.07356243,0.0,0.0,0.0,0.0,0.0,0.05916933,0.0
3,0,0.86726826,0.07356243,0.0,0.0,0.0,0.0,0.0,0.05916933,0.0
3,0,0.86726826,0.07356243,0.0,0.0,0.0,0.0,0.0,0.05916933,0.0
3,0,0.86726826,0.07356243,0.0,0.0,0.0,0.0,0.0,0.05916933,0.0
3,0,0.86726826,0.07356243,0.0,0.0,0.0,0.0,0.0,0.05916933,0.0
3,0,0.86726826,0.07356243,0.0,0.0,0.0,0.0,0.0,0.05916933,0.0
3,0,0.86726826,0.07356243,0.0,0.0,0.0,0.0,0.0,0.05916933,0.0
3,0,0.86726826,0.07356243,0.0,0.0,0.0,0.0,0.0,0.05916933,0.0
3,0,0.86726826,0.07356243,0.0,0.0,0.0,0.0,0.0,0.05916933,0.0
3,0,0.86726826,0.07356243,0.0,0.0,0.0,0.0,0.0,0.05916933,0.0
3,0,0.86726826,0.07356243,0.0,0.0,0.0,0.0,0.0,0.05916933,0.0
3,0,0.86726826,0.07356243,0.0,0.0,0.0,0.0,0.0,0.05916933,0.0
3,0,0.86726826,0.07356243,0.0,0.0,0.0,0.0,0.0,0.05916933,0.0
3,0,0.86726826,0.07356243,0.0,0.0,0.0,0.0,0.0,0.05916933,0.0
3,0,0.86726826,0.07356243,0.0,0.0,0.0,0.0,0.0,0.05916933,0.0
3,0,0.86726826,0.07356243,0.0,0.0,0.0,0.0,0.0,0.05916933,0.0
3,0,0.86726826,0.07356243,0.0,0.0,0.0,0.0,0.0,0.05916933,0.0
3,0,0.86726826,0.07356243,0.0,0.0,0.0,0.0,0.0,0.05916933,0.0
3,0,0.86726826,0.07356243,0.0,0.0,0.0,0.0,0.0,0.05916933,0.0
3,0,0.86726826,0.07356243,0.0,0.0,0.0,0.0,0.0,0.05916933,0.0
3,0,0.86726826,0.07356243,0.0,0.0,0.0,0.0,0.0,0.05916933,0.0
3,0,0.86726826,0.07356243,0.0,0.0,0.0,0.0,0.0,0.05916933,0.0
3,0,0.86726826,0.07356243,0.0,0.0,0.0,0.0,0.0,0.05916933,0.0
3,0,0.86726826,0.07356243,0.0,0.0,0.0,0.0,0.0,0.05916933,0.0
3,0,0.86726826,0.07356243,0.0,0.0,0.0,0.0,0.0,0.05916933,0.0
3,0,0.86726826,0.07356243,0.0,0.0,0.0,0.0,0.0,0.05916933,0.0
3,0,0.86726826,0.07356243,0.0,0.0,0.0,0.0,0.0,0.05916933,0.0
3,0,0.86726826,0.07356243,0.0,0.0,0.0,0.0,0.0,0.05916933,0.0
3,0,0.86726826,0.07356243,0.0,0.0,0.0,0.0,0.0,0.05916933,0.0
3,0,0.86726826,0.07356243,0.0,0.0,0.0,0.0,0.0,0.05916933,0.0
3,0,0.86726826,0.07356243,0.0,0.0,0.0,0.0,0.0,0.05916933,0.0
3,0,0.86726826,0.07356243,0.0,0.0,0.0,0.0,0.0,0.05916933,0.0
3,0,0.86726826,0.07356243,0.0,0.0,0.0,0.0,0.0,0.05916933,0.0
3,0,0.86726826,0.07356243,0.0,0.0,0.0,0.0,0.0,0.05916933,0.0
3,0,0.86726826,0.07356243,0.0,0.0,0.0,0.0,0.0,0.05916933,0.0
3,0,0.86726826,0.07356243,0.0,0.0,0.0,0.0,0.0,0.05916933,0.0
3,0,0.86726826,0.07356243,0.0,0.0,0.0,0.0,0.0,0.05916933,0.0
3,0,0.86726826,0.07356243,0.0,0.0,0.0,0.0,0.0,0.05916933,0.0
3,0,0.86726826,0.07356243,0.0,0.0,0.0,0.0,0.0,0.05916933,0.0
3,0,0.86726826,0.07356243,0.0,0.0,0.0,0.0,0.0,0.05916933,0.0
3,0,0.86726826,0.07356243,0.0,0.0,0.0,0.0,0.0,0.05916933,0.0
3,0,0.86726826,0.07356243,0.0,0.0,0.0,0.0,0.0,0.05916933,0.0
3,0,0.86726826,0.07356243,0.0,0.0,0.0,0.0,0.0,0.05916933,0.0
3,0,0.86726826,0.07356243,0.0,0.0,0.0,0.0,0.0,0.05916933,0.0
3,0,0.86726826,0.07356243,0.0,0.0,0.0,0.0,0.0,0.05916933,0.0
3,0,0.86726826,0.07356243,0.0,0.0,0.0,0.0,0.0,0.05916933,0.0
3,0,0.86726826,0.07356243,0.0,0.0,0.0,0.0,0.0,0.05916933,0.0
3,0,0.86726826,0.07356243,0.0,0.0,0.0,0.0,0.0,0.05916933,0.0
3,0,0.86726826,0.07356243,0.0,0.0,0.0,0.0,0.0,0.05916933,0.0
3,0,0.86726826,0.07356243,0.0,0.0,0.0,0.0,0.0,0.05916933,0.0
3,0,0.86726826,0.07356243,0.0,0.0,0.0,0.0,0.0,0.05916933,0.0
3,0,0.86726826,0.07356243,0.0,0.0,0.0,0.0,0.0,0.05916933,0.0
3,0,0.86726826,0.07356243,0.0,0.0,0.0,0.0,0.0,0.05916933,0.0
3,0,0.86726826,0.07356243,0.0,0.0,0.0,0.0,0.0,0.05916933,0.0
3,0,0.86726826,0.07356243,0.0,0.0,0.0,0.0,0.0,0.05916933,0.0
3,0,0.86726826,0.07356243,0.0,0.0,0.0,0.0,0.0,0.05916933,0.0
3,0,0.86726826,0.07356243,0.0,0.0,0.0,0.0,0.0,0.05916933,0.0
3,0,0.86726826,0.07356243,0.0,0.0,0.0,0.0,0.0,0.05916933,0.0
3,0,0.86726826,0.07356243,0.0,0.0,0.0,0.0,0.0,0.05916933,0.0
3,0,0.86726826,0.07356243,0.0,0.0,0.0,0.0,0.0,0.05916933,0.0
3,0,0.86726826,0.07356243,0.0,0.0,0.0,0.0,0.0,0.05916933,0.0
3,0,0.86726826,0.07356243,0.0,0.0,0.0,0.0,0.0,0.05916933,0.0
3,0,0.86726826,0.07356243,0.0,0.0,0.0,0.0,0.0,0.05916933,0.0
3,0,0.86726826,0.07356243,0.0,0.0,0.0,0.0,0.0,0.05916933,0.0
3,0,0.86726826,0.07356243,0.0,0.0,0.0,0.0,0.0,0.05916933,0.0
3,0,0.86726826,0.07356243,0.0,0.0,0.0,0.0,0.0,0.05916933,0.0
3,0,0.86726826,0.07356243,0.0,0.0,0.0,0.0,0.0,0.05916933,0.0
3,0,0.86726826,0.07356243,0.0,0.0,0.0,0.0,0.0,0.05916933,0.0
3,0,0.86726826,0.07356243,0.0,0.0,0.0,0.0,0.0,0.05916933,0.0
3,0,0.86726826,0.07356243,0.0,0.0,0.0,0.0,0.0,0.05916933,0.0
3,0,0.86726826,0.07356243,0.0,0.0,0.0,0.0,0.0,0.05916933,0.0
3,0,0.86726826,0.07356243,0.0,0.0,0.0,0.0,0.0,0.05916933,0.0
3,0,0.86726826,0.07356243,0.0,0.0,0.0,0.0,0.0,0.05916933,0.0
3,0,0.86726826,0.07356243,0.0,0.0,0.0,0.0,0.0,0.05916933,0.0
3,0,0.86726826,0.07356243,0.0,0.0,0.0,0.0,0.0,0.05916933,0.0
3,0,0.86726826,0.07356243,0.0,0.0,0.0,0.0,0.0,0.05916933,0.0
3,0,0.86726826,0.07356243,0.0,0.0,0.0,0.0,0.0,0.05916933,0.0
3,0,0.86726826,0.07356243,0.0,0.0,0.0,0.0,0.0,0.05916933,0.0
3,0,0.86726826,0.07356243,0.0,0.0,0.0,0.0,0.0,0.05916933,0.0
3,0,0.86726826,0.07356243,0.0,0.0,0.0,0.0,0.0,0.05916933,0.0
3,0,0.86726826,0.07356243,0.0,0.0,0.0,0.0,0.0,0.05916933,0.0
3,0,0.86726826,0.07356243,0.0,0.0,0.0,0.0,0.0,0.05916933,0.0
3,0,0.86726826,0.07356243,0.0,0.0,0.0,0.0,0.0,0.05916933,0.0
3,0,0.86726826,0.07356243,0.0,0.0,0.0,0.0,0.0,0.05916933,0.0
3,0,0.86726826,0.07356243,0.0,0.0,0.0,0.0,0.0,0.05916933,0.0
3,0,0.86726826,0.07356243,0.0,0.0,0.0,0.0,0.0,0.05916933,0.0
3,0,0.86726826,0.07356243,0.0,0.0,0.0,0.0,0.0,0.05916933,0.0
3,0,0.86726826,0.07356243,0.0,0.0,0.0,0.0,0.0,0.05916933,0.0
3,0,0.86726826,0.07356243,0.0,0.0,0.0,0.0,0.0,0.05916933,0.0
3,0,0.86726826,0.07356243,0.0,0.0,0.0,0.0,0.0,0.05916933,0.0
3,0,0.86726826,0.07356243,0.0,0.0,0.0,0.0,0.0,0.05916933,0.0
3,0,0.86726826,0.07356243,0.0,0.0,0.0,0.0,0.0,0.05916933,0.0
3,0,0.86726826,0.07356243,0.0,0.0,0.0,0.0,0.0,0.05916933,0.0
3,0,0.86726826,0.07356243,0.0,0.0,0.0,0.0,0.0,0.05916933,0.0
3,0,0.86726826,0.07356243,0.0,0.0,0.0,0.0,0.0,0.05916933,0.0
3,0,0.86726826,0.07356243,0.0,0.0,0.0,0.0,0.0,0.05916933,0.0
3,0,0.86726826,0.07356243,0.0,0.0,0.0,0.0,0.0,0.05916933,0.0
3,0,0.86726826,0.07356243,0.0,0.0,0.0,0.0,0.0,0.05916933,0.0
3,0,0.86726826,0.07356243,0.0,0.0,0.0,0.0,0.0,0.05916933,0.0
3,0,0.86726826,0.07356243,0.0,0.0,0.0,0.0,0.0,0.05916933,0.0
3,0,0.86726826,0.07356243,0.0,0.0,0.0,0.0,0.0,0.05916933,0.0
3,0,0.86726826,0.07356243,0.0,0.0,0.0,0.0,0.0,0.05916933,0.0
3,0,0.86726826,0.07356243,0.0,0.0,0.0,0.0,0.0,0.05916933,0.0
3,0,0.86726826,0.07356243,0.0,0.0,0.0,0.0,0.0,0.05916933,0.0
3,0,0.86726826,0.07356243,0.0,0.0,0.0,0.0,0.0,0.05916933,0.0
3,0,0.86726826,0.07356243,0.0,0.0,0.0,0.0,0.0,0.05916933,0.0
3,0,0.86726826,0.07356243,0.0,0.0,0.0,0.0,0.0,0.05916933,0.0
3,0,0.86726826,0.07356243,0.0,0.0,0.0,0.0,0.0,0.05916933,0.0
3,0,0.86726826,0.07356243,0.0,0.0,0.0,0.0,0.0,0.05916933,0.0
3,0,0.86726826,0.07356243,0.0,0.0,0.0,0.0,0.0,0.05916933,0.0
3,0,0.86726826,0.07356243,0.0,0.0,0.0,0.0,0.0,0.05916933,0.0
3,0,0.86726826,0.07356243,0.0,0.0,0.0,0.0,0.0,0.05916933,0.0
3,0,0.86726826,0.07356243,0.0,0.0,0.0,0.0,0.0,0.05916933,0.0
3,0,0.86726826,0.07356243,0.0,0.0,0.0,0.0,0.0,0.05916933,0.0
3,0,0.86726826,0.07356243,0.0,0.0,0.0,0.0,0.0,0.05916933,0.0
3,0,0.86726826,0.07356243,0.0,0.0,0.0,0.0,0.0,0.05916933,0.0
3,0,0.86726826,0.07356243,0.0,0.0,0.0,0.0,0.0,0.05916933,0.0
3,0,0.86726826,0.07356243,0.0,0.0,0.0,0.0,0.0,0.05916933,0.0
3,0,0.86726826,0.07356243,0.0,0.0,0.0,0.0,0.0,0.05916933,0.0
3,0,0.86726826,0.07356243,0.0,0.0,0.0,0.0,0.0,0.05916933,0.0
3,0,0.86726826,0.07356243,0.0,0.0,0.0,0.0,0.0,0.05916933,0.0
3,0,0.86726826,0.07356243,0.0,0.0,0.0,0.0,0.0,0.05916933,0.0
3,0,0.86726826,0.07356243,0.0,0.0,0.0,0.0,0.0,0.05916933,0.0
3,0,0.86726826,0.07356243,0.0,0.0,0.0,0.0,0.0,0.05916933,0.0
3,0,0.86726826,0.07356243,0.0,0.0,0.0,0.0,0.0,0.05916933,0.0
3,0,0.86726826,0.07356243,0.0,0.0,0.0,0.0,0.0,0.05916933,0.0
3,0,0.86726826,0.07356243,0.0,0.0,0.0,0.0,0.0,0.05916933,0.0
3,0,0.86726826,0.07356243,0.0,0.0,0.0,0.0,0.0,0.05916933,0.0
3,0,0.86726826,0.07356243,0.0,0.0,0.0,0.0,0.0,0.05916933,0.0
3,0,0.86726826,0.07356243,0.0,0.0,0.0,0.0,0.0,0.05916933,0.0
3,0,0.86726826,0.07356243,0.0,0.0,0.0,0.0,0.0,0.05916933,0.0
3,0,0.86726826,0.07356243,0.0,0.0,0.0,0.0,0.0,0.05916933,0.0
3,0,0.86726826,0.07356243,0.0,0.0,0.0,0.0,0.0,0.05916933,0.0
3,0,0.86726826,0.07356243,0.0,0.0,0.0,0.0,0.0,0.05916933,0.0
3,0,0.86726826,0.07356243,0.0,0.0,0.0,0.0,0.0,0.05916933,0.0
3,0,0.86726826,0.07356243,0.0,0.0,0.0,0.0,0.0,0.05916933,0.0
3,0,0.86726826,0.07356243,0.0,0.0,0.0,0.0,0.0,0.05916933,0.0
3,0,0.86726826,0.07356243,0.0,0.0,0.0,0.0,0.0,0.05916933,0.0
3,0,0.86726826,0.07356243,0.0,0.0,0.0,0.0,0.0,0.05916933,0.0
3,0,0.86726826,0.07356243,0.0,0.0,0.0,0.0,0.0,0.05916933,0.0
3,0,0.86726826,0.07356243,0.0,0.0,0.0,0.0,0.0,0.05916933,0.0
3,0,0.86726826,0.07356243,0.0,0.0,0.0,0.0,0.0,0.05916933,0.0
3,0,0.86726826,0.07356243,0.0,0.0,0.0,0.0,0.0,0.05916933,0.0
3,0,0.86726826,0.07356243,0.0,0.0,0.0,0.0,0.0,0.05916933,0.0
3,0,0.86726826,0.07356243,0.0,0.0,0.0,0.0,0.0,0.05916933,0.0
3,0,0.86726826,0.07356243,0.0,0.0,0.0,0.0,0.0,0.05916933,0.0
3,0,0.86726826,0.07356243,0.0,0.0,0.0,0.0,0.0,0.05916933,0.0
3,0,0.86726826,0.07356243,0.0,0.0,0.0,0.0,0.0,0.05916933,0.0
3,0,0.86726826,0.07356243,0.0,0.0,0.0,0.0,0.0,0.05916933,0.0
3,0,0.86726826,0.07356243,0.0,0.0,0.0,0.0,0.0,0.05916933,0.0
3,0,0.86726826,0.07356243,0.0,0.0,0.0,0.0,0.0,0.05916933,0.0
3,0,0.86726826,0.07356243,0.0,0.0,0.0,0.0,0.0,0.05916933,0.0
3,0,0.86726826,0.07356243,0.0,0.0,0.0,0.0,0.0,0.05916933,0.0
3,0,0.86726826,0.07356243,0.0,0.0,0.0,0.0,0.0,0.05916933,0.0
3,0,0.86726826,0.07356243,0.0,0.0,0.0,0.0,0.0,0.05916933,0.0
3,0,0.86726826,0.07356243,0.0,0.0,0.0,0.0,0.0,0.05916933,0.0
3,0,0.86726826,0.07356243,0.0,0.0,0.0,0.0,0.0,0.05916933,0.0
3,0,0.86726826,0.07356243,0.0,0.0,0.0,0.0,0.0,0.05916933,0.0
3,0,0.86726826,0.07356243,0.0,0.0,0.0,0.0,0.0,0.05916933,0.0
3,0,0.86726826,0.07356243,0.0,0.0,0.0,0.0,0.0,0.05916933,0.0
3,0,0.86726826,0.07356243,0.0,0.0,0.0,0.0,0.0,0.05916933,0.0
3,0,0.86726826,0.07356243,0.0,0.0,0.0,0.0,0.0,0.05916933,0.0
3,0,0.86726826,0.07356243,0.0,0.0,0.0,0.0,0.0,0.05916933,0.0
3,0,0.86726826,0.07356243,0.0,0.0,0.0,0.0,0.0,0.05916933,0.0
3,0,0.86726826,0.07356243,0.0,0.0,0.0,0.0,0.0,0.05916933,0.0
3,0,0.86726826,0.07356243,0.0,0.0,0.0,0.0,0.0,0.05916933,0.0
3,0,0.86726826,0.07356243,0.0,0.0,0.0,0.0,0.0,0.05916933,0.0
3,0,0.86726826,0.07356243,0.0,0.0,0.0,0.0,0.0,0.05916933,0.0
3,0,0.86726826,0.07356243,0.0,0.0,0.0,0.0,0.0,0.05916933,0.0
3,0,0.86726826,0.07356243,0.0,0.0,0.0,0.0,0.0,0.05916933,0.0
3,0,0.86726826,0.07356243,0.0,0.0,0.0,0.0,0.0,0.05916933,0.0
3,0,0.86726826,0.07356243,0.0,0.0,0.0,0.0,0.0,0.05916933,0.0
3,0,0.86726826,0.07356243,0.0,0.0,0.0,0.0,0.0,0.05916933,0.0
3,0,0.86726826,0.07356243,0.0,0.0,0.0,0.0,0.0,0.05916933,0.0
3,0,0.86726826,0.07356243,0.0,0.0,0.0,0.0,0.0,0.05916933,0.0
3,0,0.86726826,0.07356243,0.0,0.0,0.0,0.0,0.0,0.05916933,0.0
3,0,0.86726826,0.07356243,0.0,0.0,0.0,0.0,0.0,0.05916933,0.0
3,0,0.86726826,0.07356243,0.0,0.0,0.0,0.0,0.0,0.05916933,0.0
3,0,0.86726826,0.07356243,0.0,0.0,0.0,0.0,0.0,0.05916933,0.0
3,0,0.86726826,0.07356243,0.0,0.0,0.0,0.0,0.0,0.05916933,0.0
3,0,0.86726826,0.07356243,0.0,0.0,0.0,0.0,0.0,0.05916933,0.0
3,0,0.86726826,0.07356243,0.0,0.0,0.0,0.0,0.0,0.05916933,0.0
3,0,0.86726826,0.07356243,0.0,0.0,0.0,0.0,0.0,0.05916933,0.0
3,0,0.86726826,0.07356243,0.0,0.0,0.0,0.0,0.0,0.05916933,0.0
3,0,0.86726826,0.07356243,0.0,0.0,0.0,0.0,0.0,0.05916933,0.0
3,0,0.86726826,0.07356243,0.0,0.0,0.0,0.0,0.0,0.05916933,0.0
3,0,0.86726826,0.07356243,0.0,0.0,0.0,0.0,0.0,0.05916933,0.0
3,0,0.86726826,0.07356243,0.0,0.0,0.0,0.0,0.0,0.05916933,0.0
3,0,0.86726826,0.07356243,0.0,0.0,0.0,0.0,0.0,0.05916933,0.0
3,0,0.86726826,0.07356243,0.0,0.0,0.0,0.0,0.0,0.05916933,0.0
3,0,0.86726826,0.07356243,0.0,0.0,0.0,0.0,0.0,0.05916933,0.0
3,0,0.86726826,0.07356243,0.0,0.0,0.0,0.0,0.0,0.05916933,0.0
3,0,0.86726826,0.07356243,0.0,0.0,0.0,0.0,0.0,0.05916933,0.0
3,0,0.86726826,0.07356243,0.0,0.0,0.0,0.0,0.0,0.05916933,0.0
3,0,0.86726826,0.07356243,0.0,0.0,0.0,0.0,0.0,0.05916933,0.0
3,0,0.86726826,0.07356243,0.0,0.0,0.0,0.0,0.0,0.05916933,0.0
3,0,0.86726826,0.07356243,0.0,0.0,0.0,0.0,0.0,0.05916933,0.0
3,0,0.86726826,0.07356243,0.0,0.0,0.0,0.0,0.0,0.05916933,0.0
3,0,0.86726826,0.07356243,0.0,0.0,0.0,0.0,0.0,0.05916933,0.0
3,0,0.86726826,0.07356243,0.0,0.0,0.0,0.0,0.0,0.05916933,0.0
3,0,0.86726826,0.07356243,0.0,0.0,0.0,0.0,0.0,0.05916933,0.0
3,0,0.86726826,0.07356243,0.0,0.0,0.0,0.0,0.0,0.05916933,0.0
3,0,0.86726826,0.07356243,0.0,0.0,0.0,0.0,0.0,0.05916933,0.0
3,0,0.86726826,0.07356243,0.0,0.0,0.0,0.0,0.0,0.05916933,0.0
3,0,0.86726826,0.07356243,0.0,0.0,0.0,0.0,0.0,0.05916933,0.0
3,0,0.86726826,0.07356243,0.0,0.0,0.0,0.0,0.0,0.05916933,0.0
3,0,0.86726826,0.07356243,0.0,0.0,0.0,0.0,0.0,0.05916933,0.0
3,0,0.86726826,0.07356243,0.0,0.0,0.0,0.0,0.0,0.05916933,0.0
3,0,0.86726826,0.07356243,0.0,0.0,0.0,0.0,0.0,0.05916933,0.0
3,0,0.86726826,0.07356243,0.0,0.0,0.0,0.0,0.0,0.05916933,0.0
3,0,0.86726826,0.07356243,0.0,0.0,0.0,0.0,0.0,0.05916933,0.0
3,0,0.86726826,0.07356243,0.0,0.0,0.0,0.0,0.0,0.05916933,0.0
3,0,0.86726826,0.07356243,0.0,0.0,0.0,0.0,0.0,0.05916933,0.0
3,0,0.86726826,0.07356243,0.0,0.0,0.0,0.0,0.0,0.05916933,0.0
3,0,0.86726826,0.07356243,0.0,0.0,0.0,0.0,0.0,0.05916933,0.0
3,0,0.86726826,0.07356243,0.0,0.0,0.0,0.0,0.0,0.05916933,0.0
3,0,0.86726826,0.07356243,0.0,0.0,0.0,0.0,0.0,0.05916933,0.0
3,0,0.86726826,0.07356243,0.0,0.0,0.0,0.0,0.0,0.05916933,0.0
3,0,0.86726826,0.07356243,0.0,0.0,0.0,0.0,0.0,0.05916933,0.0
3,0,0.86726826,0.07356243,0.0,0.0,0.0,0.0,0.0,0.05916933,0.0
3,0,0.86726826,0.07356243,0.0,0.0,0.0,0.0,0.0,0.05916933,0.0
3,0,0.86726826,0.07356243,0.0,0.0,0.0,0.0,0.0,0.05916933,0.0
3,0,0.86726826,0.07356243,0.0,0.0,0.0,0.0,0.0,0.05916933,0.0
3,0,0.86726826,0.07356243,0.0,0.0,0.0,0.0,0.0,0.05916933,0.0
3,0,0.86726826,0.07356243,0.0,0.0,0.0,0.0,0.0,0.05916933,0.0
3,0,0.86726826,0.07356243,0.0,0.0,0.0,0.0,0.0,0.05916933,0.0
3,0,0.86726826,0.07356243,0.0,0.0,0.0,0.0,0.0,0.05916933,0.0
3,0,0.86726826,0.07356243,0.0,0.0,0.0,0.0,0.0,0.05916933,0.0
3,0,0.86726826,0.07356243,0.0,0.0,0.0,0.0,0.0,0.05916933,0.0
3,0,0.86726826,0.07356243,0.0,0.0,0.0,0.0,0.0,0.05916933,0.0
3,0,0.86726826,0.07356243,0.0,0.0,0.0,0.0,0.0,0.05916933,0.0
3,0,0.86726826,0.07356243,0.0,0.0,0.0,0.0,0.0,0.05916933,0.0
3,0,0.86726826,0.07356243,0.0,0.0,0.0,0.0,0.0,0.05916933,0.0
3,0,0.86726826,0.07356243,0.0,0.0,0.0,0.0,0.0,0.05916933,0.0
3,0,0.86726826,0.07356243,0.0,0.0,0.0,0.0,0.0,0.05916933,0.0
3,0,0.86726826,0.07356243,0.0,0.0,0.0,0.0,0.0,0.05916933,0.0
3,0,0.86726826,0.07356243,0.0,0.0,0.0,0.0,0.0,0.05916933,0.0
3,0,0.86726826,0.07356243,0.0,0.0,0.0,0.0,0.0,0.05916933,0.0
3,0,0.86726826,0.07356243,0.0,0.0,0.0,0.0,0.0,0.05916933,0.0
3,0,0.86726826,0.07356243,0.0,0.0,0.0,0.0,0.0,0.05916933,0.0
3,0,0.86726826,0.07356243,0.0,0.0,0.0,0.0,0.0,0.05916933,0.0
3,0,0.86726826,0.07356243,0.0,0.0,0.0,0.0,0.0,0.05916933,0.0
3,0,0.86726826,0.07356243,0.0,0.0,0.0,0.0,0.0,0.05916933,0.0
3,0,0.86726826,0.07356243,0.0,0.0,0.0,0.0,0.0,0.05916933,0.0
3,0,0.79617685,0.07356243,0.0,0.07109144,0.0,0.0,0.0,0.05916933,0.0
3,0,0.79617685,0.07356243,0.0,0.07109144,0.0,0.0,0.0,0.05916933,0.0
3,0,0.79617685,0.07356243,0.0,0.07109144,0.0,0.0,0.0,0.05916933,0.0
3,0,0.79617685,0.07356243,0.0,0.07109144,0.0,0.0,0.0,0.05916933,0.0
3,0,0.79617685,0.07356243,0.0,0.07109144,0.0,0.0,0.0,0.05916933,0.0
3,0,0.79617685,0.07356243,0.0,0.07109144,0.0,0.0,0.0,0.05916933,0.0
3,0,0.79617685,0.07356243,0.0,0.07109144,0.0,0.0,0.0,0.05916933,0.0
3,0,0.79617685,0.07356243,0.0,0.07109144,0.0,0.0,0.0,0.05916933,0.0
3,0,0.79617685,0.07356243,0.0,0.07109144,0.0,0.0,0.0,0.05916933,0.0
3,0,0.79617685,0.07356243,0.0,0.07109144,0.0,0.0,0.0,0.05916933,0.0
3,0,0.79617685,0.07356243,0.0,0.07109144,0.0,0.0,0.0,0.05916933,0.0
3,0,0.79617685,0.07356243,0.0,0.07109144,0.0,0.0,0.0,0.05916933,0.0
3,0,0.79617685,0.07356243,0.0,0.07109144,0.0,0.0,0.0,0.05916933,0.0
3,0,0.79617685,0.07356243,0.0,0.07109144,0.0,0.0,0.0,0.05916933,0.0
3,0,0.79617685,0.07356243,0.0,0.07109144,0.0,0.0,0.0,0.05916933,0.0
3,0,0.79617685,0.07356243,0.0,0.07109144,0.0,0.0,0.0,0.05916933,0.0
3,0,0.79617685,0.07356243,0.0,0.07109144,0.0,0.0,0.0,0.05916933,0.0
3,0,0.79617685,0.07356243,0.0,0.07109144,0.0,0.0,0.0,0.05916933,0.0
3,0,0.79617685,0.07356243,0.0,0.07109144,0.0,0.0,0.0,0.05916933,0.0
3,0,0.79617685,0.07356243,0.0,0.07109144,0.0,0.0,0.0,0.05916933,0.0
3,0,0.79617685,0.07356243,0.0,0.07109144,0.0,0.0,0.0,0.05916933,0.0
3,0,0.79617685,0.07356243,0.0,0.07109144,0.0,0.0,0.0,0.05916933,0.0
3,0,0.79617685,0.07356243,0.0,0.07109144,0.0,0.0,0.0,0.05916933,0.0
3,0,0.79617685,0.07356243,0.0,0.07109144,0.0,0.0,0.0,0.05916933,0.0
3,0,0.79617685,0.07356243,0.0,0.07109144,0.0,0.0,0.0,0.05916933,0.0
3,0,0.79617685,0.07356243,0.0,0.07109144,0.0,0.0,0.0,0.05916933,0.0
3,0,0.79617685,0.07356243,0.0,0.07109144,0.0,0.0,0.0,0.05916933,0.0
3,0,0.79617685,0.07356243,0.0,0.07109144,0.0,0.0,0.0,0.05916933,0.0
3,0,0.7961768,0.07356242,0.059169326,0.071091436,0.0,0.0,0.0,0.0,0.0
3,0,0.7961768,0.07356242,0.059169326,0.071091436,0.0,0.0,0.0,0.0,0.0
3,0,0.7961768,0.07356242,0.059169326,0.071091436,0.0,0.0,0.0,0.0,0.0
3,0,0.7961768,0.07356242,0.059169326,0.071091436,0.0,0.0,0.0,0.0,0.0
3,0,0.7961768,0.07356242,0.059169326,0.071091436,0.0,0.0,0.0,0.0,0.0
3,0,0.7961768,0.07356242,0.059169326,0.071091436,0.0,0.0,0.0,0.0,0.0
3,0,0.7961768,0.07356242,0.059169326,0.071091436,0.0,0.0,0.0,0.0,0.0
3,0,0.7961768,0.07356242,0.059169326,0.071091436,0.0,0.0,0.0,0.0,0.0
3,0,0.7961768,0.07356242,0.059169326,0.071091436,0.0,0.0,0.0,0.0,0.0
3,0,0.7961768,0.07356242,0.059169326,0.071091436,0.0,0.0,0.0,0.0,0.0
3,0,0.7961768,0.07356242,0.059169326,0.071091436,0.0,0.0,0.0,0.0,0.0
3,0,0.7961768,0.07356242,0.059169326,0.071091436,0.0,0.0,0.0,0.0,0.0
3,0,0.7961768,0.07356242,0.059169326,0.071091436,0.0,0.0,0.0,0.0,0.0
3,0,0.7961768,0.07356242,0.059169326,0.071091436,0.0,0.0,0.0,0.0,0.0
3,0,0.7961768,0.07356242,0.059169326,0.071091436,0.0,0.0,0.0,0.0,0.0
3,0,0.7961768,0.07356242,0.059169326,0.071091436,0.0,0.0,0.0,0.0,0.0
3,0,0.7961768,0.07356242,0.059169326,0.071091436,0.0,0.0,0.0,0.0,0.0
3,0,0.7961768,0.07356242,0.059169326,0.071091436,0.0,0.0,0.0,0.0,0.0
3,0,0.7961768,0.07356242,0.059169326,0.071091436,0.0,0.0,0.0,0.0,0.0
3,0,0.7961768,0.07356242,0.059169326,0.071091436,0.0,0.0,0.0,0.0,0.0
3,0,0.7961768,0.07356242,0.059169326,0.071091436,0.0,0.0,0.0,0.0,0.0
3,0,0.7961768,0.07356242,0.059169326,0.071091436,0.0,0.0,0.0,0.0,0.0
3,0,0.7961768,0.07356242,0.059169326,0.071091436,0.0,0.0,0.0,0.0,0.0
3,0,0.7961768,0.07356242,0.059169326,0.071091436,0.0,0.0,0.0,0.0,0.0
3,0,0.7961768,0.07356242,0.059169326,0.071091436,0.0,0.0,0.0,0.0,0.0
3,0,0.7961768,0.07356242,0.059169326,0.071091436,0.0,0.0,0.0,0.0,0.0
3,0,0.7961768,0.07356242,0.059169326,0.071091436,0.0,0.0,0.0,0.0,0.0
3,0,0.7961768,0.07356242,0.059169326,0.071091436,0.0,0.0,0.0,0.0,0.0
3,0,0.7961768,0.07356242,0.059169326,0.071091436,0.0,0.0,0.0,0.0,0.0
3,0,0.7961768,0.07356242,0.059169326,0.071091436,0.0,0.0,0.0,0.0,0.0
3,0,0.7961768,0.07356242,0.059169326,0.071091436,0.0,0.0,0.0,0.0,0.0
3,0,0.7961768,0.07356242,0.059169326,0.071091436,0.0,0.0,0.0,0.0,0.0
3,0,0.7961768,0.07356242,0.059169326,0.071091436,0.0,0.0,0.0,0.0,0.0
3,0,0.7961768,0.07356242,0.059169326,0.071091436,0.0,0.0,0.0,0.0,0.0
3,0,0.7961768,0.07356242,0.059169326,0.071091436,0.0,0.0,0.0,0.0,0.0
3,0,0.7961768,0.07356242,0.059169326,0.071091436,0.0,0.0,0.0,0.0,0.0
3,0,0.7961768,0.07356242,0.059169326,0.071091436,0.0,0.0,0.0,0.0,0.0
3,0,0.7961768,0.07356242,0.059169326,0.071091436,0.0,0.0,0.0,0.0,0.0
3,0,0.7961768,0.07356242,0.059169326,0.071091436,0.0,0.0,0.0,0.0,0.0
3,0,0.7961768,0.07356242,0.059169326,0.071091436,0.0,0.0,0.0,0.0,0.0
3,0,0.7961768,0.07356242,0.059169326,0.071091436,0.0,0.0,0.0,0.0,0.0
3,0,0.7961768,0.07356242,0.059169326,0.071091436,0.0,0.0,0.0,0.0,0.0
3,0,0.7961768,0.07356242,0.059169326,0.071091436,0.0,0.0,0.0,0.0,0.0
3,0,0.7961768,0.07356242,0.059169326,0.071091436,0.0,0.0,0.0,0.0,0.0
3,0,0.7961768,0.07356242,0.059169326,0.071091436,0.0,0.0,0.0,0.0,0.0
3,0,0.7961768,0.07356242,0.059169326,0.071091436,0.0,0.0,0.0,0.0,0.0
3,0,0.7961768,0.07356242,0.059169326,0.071091436,0.0,0.0,0.0,0.0,0.0
3,0,0.7961768,0.07356242,0.059169326,0.071091436,0.0,0.0,0.0,0.0,0.0
3,0,0.7961768,0.07356242,0.059169326,0.071091436,0.0,0.0,0.0,0.0,0.0
3,0,0.7961768,0.07356242,0.059169326,0.071091436,0.0,0.0,0.0,0.0,0.0
3,0,0.7961768,0.07356242,0.059169326,0.071091436,0.0,0.0,0.0,0.0,0.0
3,0,0.7961768,0.07356242,0.059169326,0.071091436,0.0,0.0,0.0,0.0,0.0
3,0,0.7961768,0.07356242,0.059169326,0.071091436,0.0,0.0,0.0,0.0,0.0
3,0,0.7961768,0.07356242,0.059169326,0.071091436,0.0,0.0,0.0,0.0,0.0
3,0,0.7961768,0.07356242,0.059169326,0.071091436,0.0,0.0,0.0,0.0,0.0
3,0,0.7961768,0.07356242,0.059169326,0.071091436,0.0,0.0,0.0,0.0,0.0
3,0,0.7961768,0.07356242,0.059169326,0.071091436,0.0,0.0,0.0,0.0,0.0
3,0,0.7961768,0.07356242,0.059169326,0.071091436,0.0,0.0,0.0,0.0,0.0
3,0,0.7961768,0.07356242,0.059169326,0.071091436,0.0,0.0,0.0,0.0,0.0
3,0,0.7961768,0.07356242,0.059169326,0.071091436,0.0,0.0,0.0,0.0,0.0
3,0,0.7961768,0.07356242,0.059169326,0.071091436,0.0,0.0,0.0,0.0,0.0
3,0,0.7961768,0.07356242,0.059169326,0.071091436,0.0,0.0,0.0,0.0,0.0
3,0,0.7961768,0.07356242,0.059169326,0.071091436,0.0,0.0,0.0,0.0,0.0
3,0,0.7961768,0.07356242,0.059169326,0.071091436,0.0,0.0,0.0,0.0,0.0
3,0,0.7961768,0.07356242,0.059169326,0.071091436,0.0,0.0,0.0,0.0,0.0
3,0,0.7961768,0.07356242,0.059169326,0.071091436,0.0,0.0,0.0,0.0,0.0
3,0,0.7961768,0.07356242,0.059169326,0.071091436,0.0,0.0,0.0,0.0,0.0
3,0,0.7961768,0.07356242,0.059169326,0.071091436,0.0,0.0,0.0,0.0,0.0
3,0,0.7961768,0.07356242,0.059169326,0.071091436,0.0,0.0,0.0,0.0,0.0
3,0,0.7961768,0.07356242,0.059169326,0.071091436,0.0,0.0,0.0,0.0,0.0
3,0,0.7961768,0.07356242,0.059169326,0.071091436,0.0,0.0,0.0,0.0,0.0
3,0,0.7961768,0.07356242,0.059169326,0.071091436,0.0,0.0,0.0,0.0,0.0
3,0,0.7961768,0.07356242,0.059169326,0.071091436,0.0,0.0,0.0,0.0,0.0
3,0,0.7961768,0.07356242,0.059169326,0.071091436,0.0,0.0,0.0,0.0,0.0
3,0,0.7961768,0.07356242,0.059169326,0.071091436,0.0,0.0,0.0,0.0,0.0
3,0,0.7961768,0.07356242,0.059169326,0.071091436,0.0,0.0,0.0,0.0,0.0
3,0,0.7961768,0.07356242,0.059169326,0.071091436,0.0,0.0,0.0,0.0,0.0
3,0,0.7961768,0.07356242,0.059169326,0.071091436,0.0,0.0,0.0,0.0,0.0
3,0,0.7961768,0.07356242,0.059169326,0.071091436,0.0,0.0,0.0,0.0,0.0
3,0,0.7961768,0.07356242,0.059169326,0.071091436,0.0,0.0,0.0,0.0,0.0
3,0,0.7961768,0.07356242,0.059169326,0.071091436,0.0,0.0,0.0,0.0,0.0
3,0,0.7961768,0.07356242,0.059169326,0.071091436,0.0,0.0,0.0,0.0,0.0
3,0,0.7961768,0.07356242,0.059169326,0.071091436,0.0,0.0,0.0,0.0,0.0
3,0,0.7961768,0.07356242,0.059169326,0.071091436,0.0,0.0,0.0,0.0,0.0
3,0,0.7961768,0.07356242,0.059169326,0.071091436,0.0,0.0,0.0,0.0,0.0
3,0,0.7961768,0.07356242,0.059169326,0.071091436,0.0,0.0,0.0,0.0,0.0
3,0,0.7961768,0.07356242,0.059169326,0.071091436,0.0,0.0,0.0,0.0,0.0
3,0,0.7961768,0.07356242,0.059169326,0.071091436,0.0,0.0,0.0,0.0,0.0
3,0,0.7961768,0.07356242,0.059169326,0.071091436,0.0,0.0,0.0,0.0,0.0
3,0,0.7961768,0.07356242,0.059169326,0.071091436,0.0,0.0,0.0,0.0,0.0
3,0,0.7961768,0.07356242,0.059169326,0.071091436,0.0,0.0,0.0,0.0,0.0
3,0,0.7961768,0.07356242,0.059169326,0.071091436,0.0,0.0,0.0,0.0,0.0
3,0,0.7961768,0.07356242,0.059169326,0.071091436,0.0,0.0,0.0,0.0,0.0
3,0,0.7961768,0.07356242,0.059169326,0.071091436,0.0,0.0,0.0,0.0,0.0
3,0,0.7961768,0.07356242,0.059169326,0.071091436,0.0,0.0,0.0,0.0,0.0
3,0,0.7961768,0.07356242,0.059169326,0.071091436,0.0,0.0,0.0,0.0,0.0
3,0,0.7961768,0.07356242,0.059169326,0.071091436,0.0,0.0,0.0,0.0,0.0
3,0,0.7961768,0.07356242,0.059169326,0.071091436,0.0,0.0,0.0,0.0,0.0
3,0,0.7961768,0.07356242,0.059169326,0.071091436,0.0,0.0,0.0,0.0,0.0
3,0,0.7961768,0.07356242,0.059169326,0.071091436,0.0,0.0,0.0,0.0,0.0
3,0,0.7961768,0.07356242,0.059169326,0.071091436,0.0,0.0,0.0,0.0,0.0
3,0,0.7961768,0.07356242,0.059169326,0.071091436,0.0,0.0,0.0,0.0,0.0
3,0,0.7961768,0.07356242,0.059169326,0.071091436,0.0,0.0,0.0,0.0,0.0
3,0,0.7961768,0.07356242,0.059169326,0.071091436,0.0,0.0,0.0,0.0,0.0
3,0,0.7961768,0.07356242,0.059169326,0.071091436,0.0,0.0,0.0,0.0,0.0
3,0,0.7961768,0.07356242,0.059169326,0.071091436,0.0,0.0,0.0,0.0,0.0
3,0,0.7961768,0.07356242,0.059169326,0.071091436,0.0,0.0,0.0,0.0,0.0
3,0,0.7961768,0.07356242,0.059169326,0.071091436,0.0,0.0,0.0,0.0,0.0
3,0,0.7961768,0.07356242,0.059169326,0.071091436,0.0,0.0,0.0,0.0,0.0
3,0,0.7961768,0.07356242,0.059169326,0.071091436,0.0,0.0,0.0,0.0,0.0
3,0,0.7961768,0.07356242,0.059169326,0.071091436,0.0,0.0,0.0,0.0,0.0
3,0,0.7961768,0.07356242,0.059169326,0.071091436,0.0,0.0,0.0,0.0,0.0
3,0,0.7961768,0.07356242,0.059169326,0.071091436,0.0,0.0,0.0,0.0,0.0
3,0,0.7961768,0.07356242,0.059169326,0.071091436,0.0,0.0,0.0,0.0,0.0
3,0,0.7961768,0.07356242,0.059169326,0.071091436,0.0,0.0,0.0,0.0,0.0
3,0,0.7961768,0.07356242,0.059169326,0.071091436,0.0,0.0,0.0,0.0,0.0
3,0,0.7961768,0.07356242,0.059169326,0.071091436,0.0,0.0,0.0,0.0,0.0
3,0,0.7961768,0.07356242,0.059169326,0.071091436,0.0,0.0,0.0,0.0,0.0
3,0,0.7961768,0.07356242,0.059169326,0.071091436,0.0,0.0,0.0,0.0,0.0
3,0,0.7961768,0.07356242,0.059169326,0.071091436,0.0,0.0,0.0,0.0,0.0
3,0,0.7961768,0.07356242,0.059169326,0.071091436,0.0,0.0,0.0,0.0,0.0
3,0,0.7961768,0.07356242,0.059169326,0.071091436,0.0,0.0,0.0,0.0,0.0
3,0,0.7961768,0.07356242,0.059169326,0.071091436,0.0,0.0,0.0,0.0,0.0
3,0,0.7961768,0.07356242,0.059169326,0.071091436,0.0,0.0,0.0,0.0,0.0
3,0,0.7961768,0.07356242,0.059169326,0.071091436,0.0,0.0,0.0,0.0,0.0
3,0,0.7961768,0.07356242,0.059169326,0.071091436,0.0,0.0,0.0,0.0,0.0
3,0,0.7961768,0.07356242,0.059169326,0.071091436,0.0,0.0,0.0,0.0,0.0
3,0,0.7961768,0.07356242,0.059169326,0.071091436,0.0,0.0,0.0,0.0,0.0
3,0,0.7961768,0.07356242,0.059169326,0.071091436,0.0,0.0,0.0,0.0,0.0
3,0,0.7961768,0.07356242,0.059169326,0.071091436,0.0,0.0,0.0,0.0,0.0
3,0,0.7961768,0.07356242,0.059169326,0.071091436,0.0,0.0,0.0,0.0,0.0
3,0,0.7961768,0.07356242,0.059169326,0.071091436,0.0,0.0,0.0,0.0,0.0
3,0,0.7961768,0.07356242,0.059169326,0.071091436,0.0,0.0,0.0,0.0,0.0
3,0,0.7961768,0.07356242,0.059169326,0.071091436,0.0,0.0,0.0,0.0,0.0
3,0,0.7961768,0.07356242,0.059169326,0.071091436,0.0,0.0,0.0,0.0,0.0
3,0,0.7961768,0.07356242,0.059169326,0.071091436,0.0,0.0,0.0,0.0,0.0
3,0,0.7961768,0.07356242,0.059169326,0.071091436,0.0,0.0,0.0,0.0,0.0
3,0,0.7961768,0.07356242,0.059169326,0.071091436,0.0,0.0,0.0,0.0,0.0
3,0,0.7961768,0.07356242,0.059169326,0.071091436,0.0,0.0,0.0,0.0,0.0
3,0,0.7961768,0.07356242,0.059169326,0.071091436,0.0,0.0,0.0,0.0,0.0
3,0,0.7961768,0.07356242,0.059169326,0.071091436,0.0,0.0,0.0,0.0,0.0
3,0,0.7961768,0.07356242,0.059169326,0.071091436,0.0,0.0,0.0,0.0,0.0
3,0,0.7961768,0.07356242,0.059169326,0.071091436,0.0,0.0,0.0,0.0,0.0
3,0,0.7961768,0.07356242,0.059169326,0.071091436,0.0,0.0,0.0,0.0,0.0
3,0,0.7961768,0.07356242,0.059169326,0.071091436,0.0,0.0,0.0,0.0,0.0
3,0,0.7961768,0.07356242,0.059169326,0.071091436,0.0,0.0,0.0,0.0,0.0
3,0,0.7961768,0.07356242,0.059169326,0.071091436,0.0,0.0,0.0,0.0,0.0
3,0,0.7961768,0.07356242,0.059169326,0.071091436,0.0,0.0,0.0,0.0,0.0
3,0,0.7961768,0.07356242,0.059169326,0.071091436,0.0,0.0,0.0,0.0,0.0
3,0,0.7961768,0.07356242,0.059169326,0.071091436,0.0,0.0,0.0,0.0,0.0
3,0,0.7961768,0.07356242,0.059169326,0.071091436,0.0,0.0,0.0,0.0,0.0
3,0,0.7961768,0.07356242,0.059169326,0.071091436,0.0,0.0,0.0,0.0,0.0
3,0,0.7961768,0.07356242,0.059169326,0.071091436,0.0,0.0,0.0,0.0,0.0
3,0,0.7961768,0.07356242,0.059169326,0.071091436,0.0,0.0,0.0,0.0,0.0
3,0,0.7961768,0.07356242,0.059169326,0.071091436,0.0,0.0,0.0,0.0,0.0
3,0,0.7961768,0.07356242,0.059169326,0.071091436,0.0,0.0,0.0,0.0,0.0
3,0,0.7961768,0.07356242,0.059169326,0.071091436,0.0,0.0,0.0,0.0,0.0
3,0,0.7961768,0.07356242,0.059169326,0.071091436,0.0,0.0,0.0,0.0,0.0
3,0,0.7961768,0.07356242,0.059169326,0.071091436,0.0,0.0,0.0,0.0,0.0
3,0,0.7961768,0.07356242,0.059169326,0.071091436,0.0,0.0,0.0,0.0,0.0
3,0,0.7961768,0.07356242,0.059169326,0.071091436,0.0,0.0,0.0,0.0,0.0
3,0,0.7961768,0.07356242,0.059169326,0.071091436,0.0,0.0,0.0,0.0,0.0
3,0,0.7961768,0.07356242,0.059169326,0.071091436,0.0,0.0,0.0,0.0,0.0
3,0,0.7961768,0.07356242,0.059169326,0.071091436,0.0,0.0,0.0,0.0,0.0
3,0,0.7961768,0.07356242,0.059169326,0.071091436,0.0,0.0,0.0,0.0,0.0
3,0,0.7961768,0.07356242,0.059169326,0.071091436,0.0,0.0,0.0,0.0,0.0
3,0,0.7961768,0.07356242,0.059169326,0.071091436,0.0,0.0,0.0,0.0,0.0
3,0,0.7961768,0.07356242,0.059169326,0.071091436,0.0,0.0,0.0,0.0,0.0
3,0,0.7961768,0.07356242,0.059169326,0.071091436,0.0,0.0,0.0,0.0,0.0
3,0,0.7961768,0.07356242,0.059169326,0.071091436,0.0,0.0,0.0,0.0,0.0
3,0,0.7961768,0.07356242,0.059169326,0.071091436,0.0,0.0,0.0,0.0,0.0
3,0,0.7961768,0.07356242,0.059169326,0.071091436,0.0,0.0,0.0,0.0,0.0
3,0,0.7961768,0.07356242,0.059169326,0.071091436,0.0,0.0,0.0,0.0,0.0
3,0,0.7961768,0.07356242,0.059169326,0.071091436,0.0,0.0,0.0,0.0,0.0
3,0,0.7961768,0.07356242,0.059169326,0.071091436,0.0,0.0,0.0,0.0,0.0
3,0,0.7961768,0.07356242,0.059169326,0.071091436,0.0,0.0,0.0,0.0,0.0
3,0,0.7961768,0.07356242,0.059169326,0.071091436,0.0,0.0,0.0,0.0,0.0
3,0,0.7961768,0.07356242,0.059169326,0.071091436,0.0,0.0,0.0,0.0,0.0
3,0,0.7961768,0.07356242,0.059169326,0.071091436,0.0,0.0,0.0,0.0,0.0
3,0,0.7961768,0.07356242,0.059169326,0.071091436,0.0,0.0,0.0,0.0,0.0
3,0,0.7961768,0.07356242,0.059169326,0.071091436,0.0,0.0,0.0,0.0,0.0
3,0,0.7961768,0.07356242,0.059169326,0.071091436,0.0,0.0,0.0,0.0,0.0
3,0,0.7961768,0.07356242,0.059169326,0.071091436,0.0,0.0,0.0,0.0,0.0
3,0,0.7961768,0.07356242,0.059169326,0.071091436,0.0,0.0,0.0,0.0,0.0
3,0,0.7961768,0.07356242,0.059169326,0.071091436,0.0,0.0,0.0,0.0,0.0
3,0,0.7961768,0.07356242,0.059169326,0.071091436,0.0,0.0,0.0,0.0,0.0
3,0,0.7961768,0.07356242,0.059169326,0.071091436,0.0,0.0,0.0,0.0,0.0
3,0,0.7961768,0.07356242,0.059169326,0.071091436,0.0,0.0,0.0,0.0,0.0
3,0,0.7961768,0.07356242,0.059169326,0.071091436,0.0,0.0,0.0,0.0,0.0
3,0,0.7961768,0.07356242,0.059169326,0.071091436,0.0,0.0,0.0,0.0,0.0
3,0,0.7961768,0.07356242,0.059169326,0.071091436,0.0,0.0,0.0,0.0,0.0
3,0,0.7961768,0.07356242,0.059169326,0.071091436,0.0,0.0,0.0,0.0,0.0
3,0,0.7961768,0.07356242,0.059169326,0.071091436,0.0,0.0,0.0,0.0,0.0
3,0,0.7961768,0.07356242,0.059169326,0.071091436,0.0,0.0,0.0,0.0,0.0
3,0,0.7961768,0.07356242,0.059169326,0.071091436,0.0,0.0,0.0,0.0,0.0
3,0,0.7961768,0.07356242,0.059169326,0.071091436,0.0,0.0,0.0,0.0,0.0
3,0,0.7961768,0.07356242,0.059169326,0.071091436,0.0,0.0,0.0,0.0,0.0
3,0,0.7961768,0.07356242,0.059169326,0.071091436,0.0,0.0,0.0,0.0,0.0
3,0,0.7961768,0.07356242,0.059169326,0.071091436,0.0,0.0,0.0,0.0,0.0
3,0,0.7961768,0.07356242,0.059169326,0.071091436,0.0,0.0,0.0,0.0,0.0
3,0,0.7961768,0.07356242,0.059169326,0.071091436,0.0,0.0,0.0,0.0,0.0
3,0,0.7961768,0.07356242,0.059169326,0.071091436,0.0,0.0,0.0,0.0,0.0
3,0,0.7961768,0.07356242,0.059169326,0.071091436,0.0,0.0,0.0,0.0,0.0
3,0,0.7961768,0.07356242,0.059169326,0.071091436,0.0,0.0,0.0,0.0,0.0
3,0,0.7961768,0.07356242,0.059169326,0.071091436,0.0,0.0,0.0,0.0,0.0
3,0,0.7961768,0.07356242,0.059169326,0.071091436,0.0,0.0,0.0,0.0,0.0
3,0,0.7961768,0.07356242,0.059169326,0.071091436,0.0,0.0,0.0,0.0,0.0
3,0,0.7961768,0.07356242,0.059169326,0.071091436,0.0,0.0,0.0,0.0,0.0
3,0,0.7961768,0.07356242,0.059169326,0.071091436,0.0,0.0,0.0,0.0,0.0
3,0,0.7961768,0.07356242,0.059169326,0.071091436,0.0,0.0,0.0,0.0,0.0
3,0,0.7961768,0.07356242,0.059169326,0.071091436,0.0,0.0,0.0,0.0,0.0
3,0,0.7961768,0.07356242,0.059169326,0.071091436,0.0,0.0,0.0,0.0,0.0
3,0,0.7961768,0.07356242,0.059169326,0.071091436,0.0,0.0,0.0,0.0,0.0
3,0,0.7961768,0.07356242,0.059169326,0.071091436,0.0,0.0,0.0,0.0,0.0
3,0,0.7961768,0.07356242,0.059169326,0.071091436,0.0,0.0,0.0,0.0,0.0
3,0,0.7961768,0.07356242,0.059169326,0.071091436,0.0,0.0,0.0,0.0,0.0
3,0,0.7961768,0.07356242,0.059169326,0.071091436,0.0,0.0,0.0,0.0,0.0
3,0,0.7961768,0.07356242,0.059169326,0.071091436,0.0,0.0,0.0,0.0,0.0
3,0,0.7961768,0.07356242,0.059169326,0.071091436,0.0,0.0,0.0,0.0,0.0
3,0,0.7961768,0.07356242,0.059169326,0.071091436,0.0,0.0,0.0,0.0,0.0
3,0,0.7961768,0.07356242,0.059169326,0.071091436,0.0,0.0,0.0,0.0,0.0
3,0,0.7961768,0.07356242,0.059169326,0.071091436,0.0,0.0,0.0,0.0,0.0
3,0,0.7961768,0.07356242,0.059169326,0.071091436,0.0,0.0,0.0,0.0,0.0
3,0,0.7961768,0.07356242,0.059169326,0.071091436,0.0,0.0,0.0,0.0,0.0
3,0,0.7961768,0.07356242,0.059169326,0.071091436,0.0,0.0,0.0,0.0,0.0
3,0,0.7961768,0.07356242,0.059169326,0.071091436,0.0,0.0,0.0,0.0,0.0
3,0,0.7961768,0.07356242,0.059169326,0.071091436,0.0,0.0,0.0,0.0,0.0
3,0,0.7961768,0.07356242,0.059169326,0.071091436,0.0,0.0,0.0,0.0,0.0
3,0,0.7961768,0.07356242,0.059169326,0.071091436,0.0,0.0,0.0,0.0,0.0
3,0,0.7961768,0.07356242,0.059169326,0.071091436,0.0,0.0,0.0,0.0,0.0
3,0,0.7961768,0.07356242,0.059169326,0.071091436,0.0,0.0,0.0,0.0,0.0
3,0,0.7961768,0.07356242,0.059169326,0.071091436,0.0,0.0,0.0,0.0,0.0
3,0,0.7961768,0.07356242,0.059169326,0.071091436,0.0,0.0,0.0,0.0,0.0
3,0,0.7961768,0.07356242,0.059169326,0.071091436,0.0,0.0,0.0,0.0,0.0
3,0,0.7961768,0.07356242,0.059169326,0.071091436,0.0,0.0,0.0,0.0,0.0
3,0,0.7961768,0.07356242,0.059169326,0.071091436,0.0,0.0,0.0,0.0,0.0
3,0,0.7961768,0.07356242,0.059169326,0.071091436,0.0,0.0,0.0,0.0,0.0
3,0,0.7961768,0.07356242,0.059169326,0.071091436,0.0,0.0,0.0,0.0,0.0
3,0,0.7961768,0.07356242,0.059169326,0.071091436,0.0,0.0,0.0,0.0,0.0
3,0,0.7961768,0.07356242,0.059169326,0.071091436,0.0,0.0,0.0,0.0,0.0
3,0,0.7961768,0.07356242,0.059169326,0.071091436,0.0,0.0,0.0,0.0,0.0
3,0,0.7961768,0.07356242,0.059169326,0.071091436,0.0,0.0,0.0,0.0,0.0
3,0,0.7961768,0.07356242,0.059169326,0.071091436,0.0,0.0,0.0,0.0,0.0
3,0,0.7961768,0.07356242,0.059169326,0.071091436,0.0,0.0,0.0,0.0,0.0
3,0,0.7961768,0.07356242,0.059169326,0.071091436,0.0,0.0,0.0,0.0,0.0
3,0,0.7961768,0.07356242,0.059169326,0.071091436,0.0,0.0,0.0,0.0,0.0
3,0,0.7961768,0.07356242,0.059169326,0.071091436,0.0,0.0,0.0,0.0,0.0
3,0,0.7961768,0.07356242,0.059169326,0.071091436,0.0,0.0,0.0,0.0,0.0
3,0,0.7961768,0.07356242,0.059169326,0.071091436,0.0,0.0,0.0,0.0,0.0
3,0,0.7961768,0.07356242,0.059169326,0.071091436,0.0,0.0,0.0,0.0,0.0
3,0,0.7961768,0.07356242,0.059169326,0.071091436,0.0,0.0,0.0,0.0,0.0
3,0,0.7961768,0.07356242,0.059169326,0.071091436,0.0,0.0,0.0,0.0,0.0
3,0,0.7961768,0.07356242,0.059169326,0.071091436,0.0,0.0,0.0,0.0,0.0
3,0,0.7961768,0.07356242,0.059169326,0.071091436,0.0,0.0,0.0,0.0,0.0
3,0,0.7961768,0.07356242,0.059169326,0.071091436,0.0,0.0,0.0,0.0,0.0
3,0,0.7961768,0.07356242,0.059169326,0.071091436,0.0,0.0,0.0,0.0,0.0
3,0,0.7961768,0.07356242,0.059169326,0.071091436,0.0,0.0,0.0,0.0,0.0
3,0,0.7961768,0.07356242,0.059169326,0.071091436,0.0,0.0,0.0,0.0,0.0
3,0,0.7961768,0.07356242,0.059169326,0.071091436,0.0,0.0,0.0,0.0,0.0
3,0,0.7961768,0.07356242,0.059169326,0.071091436,0.0,0.0,0.0,0.0,0.0
3,0,0.7961768,0.07356242,0.059169326,0.071091436,0.0,0.0,0.0,0.0,0.0
3,0,0.7961768,0.07356242,0.059169326,0.071091436,0.0,0.0,0.0,0.0,0.0
3,0,0.7961768,0.07356242,0.059169326,0.071091436,0.0,0.0,0.0,0.0,0.0
3,0,0.7961768,0.07356242,0.059169326,0.071091436,0.0,0.0,0.0,0.0,0.0
3,0,0.7961768,0.07356242,0.059169326,0.071091436,0.0,0.0,0.0,0.0,0.0
3,0,0.7961768,0.07356242,0.059169326,0.071091436,0.0,0.0,0.0,0.0,0.0
3,0,0.7961768,0.07356242,0.059169326,0.071091436,0.0,0.0,0.0,0.0,0.0
3,0,0.7961768,0.07356242,0.059169326,0.071091436,0.0,0.0,0.0,0.0,0.0
3,0,0.7961768,0.07356242,0.059169326,0.071091436,0.0,0.0,0.0,0.0,0.0
3,0,0.7961768,0.07356242,0.059169326,0.071091436,0.0,0.0,0.0,0.0,0.0
3,0,0.7961768,0.07356242,0.059169326,0.071091436,0.0,0.0,0.0,0.0,0.0
3,0,0.7961768,0.07356242,0.059169326,0.071091436,0.0,0.0,0.0,0.0,0.0
3,0,0.7961768,0.07356242,0.059169326,0.071091436,0.0,0.0,0.0,0.0,0.0
3,0,0.7961768,0.07356242,0.059169326,0.071091436,0.0,0.0,0.0,0.0,0.0
3,0,0.7961768,0.07356242,0.059169326,0.071091436,0.0,0.0,0.0,0.0,0.0
3,0,0.7961768,0.07356242,0.059169326,0.071091436,0.0,0.0,0.0,0.0,0.0
3,0,0.7961768,0.07356242,0.059169326,0.071091436,0.0,0.0,0.0,0.0,0.0
3,0,0.7961768,0.07356242,0.059169326,0.071091436,0.0,0.0,0.0,0.0,0.0
3,0,0.7961768,0.07356242,0.059169326,0.071091436,0.0,0.0,0.0,0.0,0.0
3,0,0.7961768,0.07356242,0.059169326,0.071091436,0.0,0.0,0.0,0.0,0.0
3,0,0.7961768,0.07356242,0.059169326,0.071091436,0.0,0.0,0.0,0.0,0.0
3,0,0.7961768,0.07356242,0.059169326,0.071091436,0.0,0.0,0.0,0.0,0.0
3,0,0.7961768,0.07356242,0.059169326,0.071091436,0.0,0.0,0.0,0.0,0.0
3,0,0.7961768,0.07356242,0.059169326,0.071091436,0.0,0.0,0.0,0.0,0.0
3,0,0.7961768,0.07356242,0.059169326,0.071091436,0.0,0.0,0.0,0.0,0.0
3,0,0.7961768,0.07356242,0.059169326,0.071091436,0.0,0.0,0.0,0.0,0.0
3,0,0.7961768,0.07356242,0.059169326,0.071091436,0.0,0.0,0.0,0.0,0.0
3,0,0.7961768,0.07356242,0.059169326,0.071091436,0.0,0.0,0.0,0.0,0.0
3,0,0.7961768,0.07356242,0.059169326,0.071091436,0.0,0.0,0.0,0.0,0.0
3,0,0.7961768,0.07356242,0.059169326,0.071091436,0.0,0.0,0.0,0.0,0.0
3,0,0.7961768,0.07356242,0.059169326,0.071091436,0.0,0.0,0.0,0.0,0.0
3,0,0.7961768,0.07356242,0.059169326,0.071091436,0.0,0.0,0.0,0.0,0.0
3,0,0.7961768,0.07356242,0.059169326,0.071091436,0.0,0.0,0.0,0.0,0.0
3,0,0.7961768,0.07356242,0.059169326,0.071091436,0.0,0.0,0.0,0.0,0.0
3,0,0.7961768,0.07356242,0.059169326,0.071091436,0.0,0.0,0.0,0.0,0.0
3,0,0.7961768,0.07356242,0.059169326,0.071091436,0.0,0.0,0.0,0.0,0.0
3,0,0.7961768,0.07356242,0.059169326,0.071091436,0.0,0.0,0.0,0.0,0.0
3,0,0.7961768,0.07356242,0.059169326,0.071091436,0.0,0.0,0.0,0.0,0.0
3,0,0.7961768,0.07356242,0.059169326,0.071091436,0.0,0.0,0.0,0.0,0.0
3,0,0.7961768,0.07356242,0.059169326,0.071091436,0.0,0.0,0.0,0.0,0.0
3,0,0.7961768,0.07356242,0.059169326,0.071091436,0.0,0.0,0.0,0.0,0.0
3,0,0.7961768,0.07356242,0.059169326,0.071091436,0.0,0.0,0.0,0.0,0.0
3,0,0.7961768,0.07356242,0.059169326,0.071091436,0.0,0.0,0.0,0.0,0.0
3,0,0.7961768,0.07356242,0.059169326,0.071091436,0.0,0.0,0.0,0.0,0.0
3,0,0.7961768,0.07356242,0.059169326,0.071091436,0.0,0.0,0.0,0.0,0.0
3,0,0.7961768,0.07356242,0.059169326,0.071091436,0.0,0.0,0.0,0.0,0.0
3,0,0.7961768,0.07356242,0.059169326,0.071091436,0.0,0.0,0.0,0.0,0.0
3,0,0.7961768,0.07356242,0.059169326,0.071091436,0.0,0.0,0.0,0.0,0.0
3,0,0.7961768,0.07356242,0.059169326,0.071091436,0.0,0.0,0.0,0.0,0.0
3,0,0.7961768,0.07356242,0.059169326,0.071091436,0.0,0.0,0.0,0.0,0.0
3,0,0.7961768,0.07356242,0.059169326,0.071091436,0.0,0.0,0.0,0.0,0.0
3,0,0.7961768,0.07356242,0.059169326,0.071091436,0.0,0.0,0.0,0.0,0.0
3,0,0.7961768,0.07356242,0.059169326,0.071091436,0.0,0.0,0.0,0.0,0.0
3,0,0.7961768,0.07356242,0.059169326,0.071091436,0.0,0.0,0.0,0.0,0.0
3,0,0.7961768,0.07356242,0.059169326,0.071091436,0.0,0.0,0.0,0.0,0.0
3,0,0.7961768,0.07356242,0.059169326,0.071091436,0.0,0.0,0.0,0.0,0.0
3,0,0.7961768,0.07356242,0.059169326,0.071091436,0.0,0.0,0.0,0.0,0.0
3,0,0.7961768,0.07356242,0.059169326,0.071091436,0.0,0.0,0.0,0.0,0.0
3,0,0.7961768,0.07356242,0.059169326,0.071091436,0.0,0.0,0.0,0.0,0.0
3,0,0.7961768,0.07356242,0.059169326,0.071091436,0.0,0.0,0.0,0.0,0.0
3,0,0.7961768,0.07356242,0.059169326,0.071091436,0.0,0.0,0.0,0.0,0.0
3,0,0.7961768,0.07356242,0.059169326,0.071091436,0.0,0.0,0.0,0.0,0.0
3,0,0.7961768,0.07356242,0.059169326,0.071091436,0.0,0.0,0.0,0.0,0.0
3,0,0.7961768,0.07356242,0.059169326,0.071091436,0.0,0.0,0.0,0.0,0.0
3,0,0.7961768,0.07356242,0.059169326,0.071091436,0.0,0.0,0.0,0.0,0.0
3,0,0.7961768,0.07356242,0.059169326,0.071091436,0.0,0.0,0.0,0.0,0.0
3,0,0.7961768,0.07356242,0.059169326,0.071091436,0.0,0.0,0.0,0.0,0.0
3,0,0.7961768,0.07356242,0.059169326,0.071091436,0.0,0.0,0.0,0.0,0.0
3,0,0.7961768,0.07356242,0.059169326,0.071091436,0.0,0.0,0.0,0.0,0.0
3,0,0.7961768,0.07356242,0.059169326,0.071091436,0.0,0.0,0.0,0.0,0.0
3,0,0.7961768,0.07356242,0.059169326,0.071091436,0.0,0.0,0.0,0.0,0.0
3,0,0.7961768,0.07356242,0.059169326,0.071091436,0.0,0.0,0.0,0.0,0.0
3,0,0.7961768,0.07356242,0.059169326,0.071091436,0.0,0.0,0.0,0.0,0.0
3,0,0.7961768,0.07356242,0.059169326,0.071091436,0.0,0.0,0.0,0.0,0.0
3,0,0.7961768,0.07356242,0.059169326,0.071091436,0.0,0.0,0.0,0.0,0.0
3,0,0.7961768,0.07356242,0.059169326,0.071091436,0.0,0.0,0.0,0.0,0.0
3,0,0.85534614,0.07356243,0.0,0.07109144,0.0,0.0,0.0,0.0,0.0
3,0,0.85534614,0.07356243,0.0,0.07109144,0.0,0.0,0.0,0.0,0.0
3,0,0.85534614,0.07356243,0.0,0.07109144,0.0,0.0,0.0,0.0,0.0
3,0,0.85534614,0.07356243,0.0,0.07109144,0.0,0.0,0.0,0.0,0.0
3,0,0.85534614,0.07356243,0.0,0.07109144,0.0,0.0,0.0,0.0,0.0
3,0,0.85534614,0.07356243,0.0,0.07109144,0.0,0.0,0.0,0.0,0.0
3,0,0.85534614,0.07356243,0.0,0.07109144,0.0,0.0,0.0,0.0,0.0
3,0,0.85534614,0.07356243,0.0,0.07109144,0.0,0.0,0.0,0.0,0.0
3,0,0.85534614,0.07356243,0.0,0.07109144,0.0,0.0,0.0,0.0,0.0
3,0,0.85534614,0.07356243,0.0,0.07109144,0.0,0.0,0.0,0.0,0.0
3,0,0.85534614,0.07356243,0.0,0.07109144,0.0,0.0,0.0,0.0,0.0
3,0,0.85534614,0.07356243,0.0,0.07109144,0.0,0.0,0.0,0.0,0.0
3,0,0.85534614,0.07356243,0.0,0.07109144,0.0,0.0,0.0,0.0,0.0
3,0,0.85534614,0.07356243,0.0,0.07109144,0.0,0.0,0.0,0.0,0.0
3,0,0.85534614,0.07356243,0.0,0.07109144,0.0,0.0,0.0,0.0,0.0
3,0,0.85534614,0.07356243,0.0,0.07109144,0.0,0.0,0.0,0.0,0.0
3,0,0.85534614,0.07356243,0.0,0.07109144,0.0,0.0,0.0,0.0,0.0
3,0,0.85534614,0.07356243,0.0,0.07109144,0.0,0.0,0.0,0.0,0.0
3,0,0.85534614,0.07356243,0.0,0.07109144,0.0,0.0,0.0,0.0,0.0
3,0,0.85534614,0.07356243,0.0,0.07109144,0.0,0.0,0.0,0.0,0.0
3,0,0.85534614,0.07356243,0.0,0.07109144,0.0,0.0,0.0,0.0,0.0
3,0,0.85534614,0.07356243,0.0,0.07109144,0.0,0.0,0.0,0.0,0.0
3,0,0.85534614,0.07356243,0.0,0.07109144,0.0,0.0,0.0,0.0,0.0
3,0,0.85534614,0.07356243,0.0,0.07109144,0.0,0.0,0.0,0.0,0.0
3,0,0.85534614,0.07356243,0.0,0.07109144,0.0,0.0,0.0,0.0,0.0
3,0,0.85534614,0.07356243,0.0,0.07109144,0.0,0.0,0.0,0.0,0.0
3,0,0.85534614,0.07356243,0.0,0.07109144,0.0,0.0,0.0,0.0,0.0
3,0,0.85534614,0.07356243,0.0,0.07109144,0.0,0.0,0.0,0.0,0.0
3,0,0.85534614,0.07356243,0.0,0.07109144,0.0,0.0,0.0,0.0,0.0
3,0,0.85534614,0.07356243,0.0,0.07109144,0.0,0.0,0.0,0.0,0.0
3,0,0.85534614,0.07356243,0.0,0.07109144,0.0,0.0,0.0,0.0,0.0
3,0,0.85534614,0.07356243,0.0,0.07109144,0.0,0.0,0.0,0.0,0.0
3,0,0.85534614,0.07356243,0.0,0.07109144,0.0,0.0,0.0,0.0,0.0
3,0,0.85534614,0.07356243,0.0,0.07109144,0.0,0.0,0.0,0.0,0.0
3,0,0.85534614,0.07356243,0.0,0.07109144,0.0,0.0,0.0,0.0,0.0
3,0,0.85534614,0.07356243,0.0,0.07109144,0.0,0.0,0.0,0.0,0.0
3,0,0.85534614,0.07356243,0.0,0.07109144,0.0,0.0,0.0,0.0,0.0
3,0,0.85534614,0.07356243,0.0,0.07109144,0.0,0.0,0.0,0.0,0.0
3,0,0.85534614,0.07356243,0.0,0.07109144,0.0,0.0,0.0,0.0,0.0
3,0,0.85534614,0.07356243,0.0,0.07109144,0.0,0.0,0.0,0.0,0.0
3,0,0.85534614,0.07356243,0.0,0.07109144,0.0,0.0,0.0,0.0,0.0
3,0,0.85534614,0.07356243,0.0,0.07109144,0.0,0.0,0.0,0.0,0.0
3,0,0.85534614,0.07356243,0.0,0.07109144,0.0,0.0,0.0,0.0,0.0
3,0,0.85534614,0.07356243,0.0,0.07109144,0.0,0.0,0.0,0.0,0.0
3,0,0.85534614,0.07356243,0.0,0.07109144,0.0,0.0,0.0,0.0,0.0
3,0,0.85534614,0.07356243,0.0,0.07109144,0.0,0.0,0.0,0.0,0.0
3,0,0.85534614,0.07356243,0.0,0.07109144,0.0,0.0,0.0,0.0,0.0
3,0,0.85534614,0.07356243,0.0,0.07109144,0.0,0.0,0.0,0.0,0.0
3,0,0.85534614,0.07356243,0.0,0.07109144,0.0,0.0,0.0,0.0,0.0
3,0,0.85534614,0.07356243,0.0,0.07109144,0.0,0.0,0.0,0.0,0.0
3,0,0.85534614,0.07356243,0.0,0.07109144,0.0,0.0,0.0,0.0,0.0
3,0,0.85534614,0.07356243,0.0,0.07109144,0.0,0.0,0.0,0.0,0.0
3,0,0.85534614,0.07356243,0.0,0.07109144,0.0,0.0,0.0,0.0,0.0
3,0,0.85534614,0.07356243,0.0,0.07109144,0.0,0.0,0.0,0.0,0.0
3,0,0.85534614,0.07356243,0.0,0.07109144,0.0,0.0,0.0,0.0,0.0
3,0,0.85534614,0.07356243,0.0,0.07109144,0.0,0.0,0.0,0.0,0.0
3,0,0.85534614,0.07356243,0.0,0.07109144,0.0,0.0,0.0,0.0,0.0
3,0,0.85534614,0.07356243,0.0,0.07109144,0.0,0.0,0.0,0.0,0.0
3,0,0.85534614,0.07356243,0.0,0.07109144,0.0,0.0,0.0,0.0,0.0
3,0,0.85534614,0.07356243,0.0,0.07109144,0.0,0.0,0.0,0.0,0.0
3,0,0.85534614,0.07356243,0.0,0.07109144,0.0,0.0,0.0,0.0,0.0
3,0,0.85534614,0.07356243,0.0,0.07109144,0.0,0.0,0.0,0.0,0.0
3,0,0.85534614,0.07356243,0.0,0.07109144,0.0,0.0,0.0,0.0,0.0
3,0,0.85534614,0.07356243,0.0,0.07109144,0.0,0.0,0.0,0.0,0.0
3,0,0.85534614,0.07356243,0.0,0.07109144,0.0,0.0,0.0,0.0,0.0
3,0,0.85534614,0.07356243,0.0,0.07109144,0.0,0.0,0.0,0.0,0.0
3,0,0.85534614,0.07356243,0.0,0.07109144,0.0,0.0,0.0,0.0,0.0
3,0,0.85534614,0.07356243,0.0,0.07109144,0.0,0.0,0.0,0.0,0.0
3,0,0.85534614,0.07356243,0.0,0.07109144,0.0,0.0,0.0,0.0,0.0
3,0,0.85534614,0.07356243,0.0,0.07109144,0.0,0.0,0.0,0.0,0.0
3,0,0.85534614,0.07356243,0.0,0.07109144,0.0,0.0,0.0,0.0,0.0
3,0,0.85534614,0.07356243,0.0,0.07109144,0.0,0.0,0.0,0.0,0.0
3,0,0.85534614,0.07356243,0.0,0.07109144,0.0,0.0,0.0,0.0,0.0
3,0,0.85534614,0.07356243,0.0,0.07109144,0.0,0.0,0.0,0.0,0.0
3,0,0.85534614,0.07356243,0.0,0.07109144,0.0,0.0,0.0,0.0,0.0
3,0,0.85534614,0.07356243,0.0,0.07109144,0.0,0.0,0.0,0.0,0.0
3,0,0.85534614,0.07356243,0.0,0.07109144,0.0,0.0,0.0,0.0,0.0
3,0,0.85534614,0.07356243,0.0,0.07109144,0.0,0.0,0.0,0.0,0.0
3,0,0.85534614,0.07356243,0.0,0.07109144,0.0,0.0,0.0,0.0,0.0
3,0,0.85534614,0.07356243,0.0,0.07109144,0.0,0.0,0.0,0.0,0.0
3,0,0.85534614,0.07356243,0.0,0.07109144,0.0,0.0,0.0,0.0,0.0
3,0,0.85534614,0.07356243,0.0,0.07109144,0.0,0.0,0.0,0.0,0.0
3,0,0.85534614,0.07356243,0.0,0.07109144,0.0,0.0,0.0,0.0,0.0
3,0,0.85534614,0.07356243,0.0,0.07109144,0.0,0.0,0.0,0.0,0.0
3,0,0.85534614,0.07356243,0.0,0.07109144,0.0,0.0,0.0,0.0,0.0
3,0,0.85534614,0.07356243,0.0,0.07109144,0.0,0.0,0.0,0.0,0.0
3,0,0.85534614,0.07356243,0.0,0.07109144,0.0,0.0,0.0,0.0,0.0
3,0,0.85534614,0.07356243,0.0,0.07109144,0.0,0.0,0.0,0.0,0.0
3,0,0.85534614,0.07356243,0.0,0.07109144,0.0,0.0,0.0,0.0,0.0
3,0,0.85534614,0.07356243,0.0,0.07109144,0.0,0.0,0.0,0.0,0.0
3,0,0.85534614,0.07356243,0.0,0.07109144,0.0,0.0,0.0,0.0,0.0
3,0,0.85534614,0.07356243,0.0,0.07109144,0.0,0.0,0.0,0.0,0.0
3,0,0.85534614,0.07356243,0.0,0.07109144,0.0,0.0,0.0,0.0,0.0
3,0,0.85534614,0.07356243,0.0,0.07109144,0.0,0.0,0.0,0.0,0.0
3,0,0.85534614,0.07356243,0.0,0.07109144,0.0,0.0,0.0,0.0,0.0
3,0,0.85534614,0.07356243,0.0,0.07109144,0.0,0.0,0.0,0.0,0.0
3,0,0.85534614,0.07356243,0.0,0.07109144,0.0,0.0,0.0,0.0,0.0
3,0,0.85534614,0.07356243,0.0,0.07109144,0.0,0.0,0.0,0.0,0.0
3,0,0.85534614,0.07356243,0.0,0.07109144,0.0,0.0,0.0,0.0,0.0
3,0,0.85534614,0.07356243,0.0,0.07109144,0.0,0.0,0.0,0.0,0.0
3,0,0.85534614,0.07356243,0.0,0.07109144,0.0,0.0,0.0,0.0,0.0
3,0,0.85534614,0.07356243,0.0,0.07109144,0.0,0.0,0.0,0.0,0.0
3,0,0.85534614,0.07356243,0.0,0.07109144,0.0,0.0,0.0,0.0,0.0
3,0,0.85534614,0.07356243,0.0,0.07109144,0.0,0.0,0.0,0.0,0.0
3,0,0.85534614,0.07356243,0.0,0.07109144,0.0,0.0,0.0,0.0,0.0
3,0,0.85534614,0.07356243,0.0,0.07109144,0.0,0.0,0.0,0.0,0.0
3,0,0.85534614,0.07356243,0.0,0.07109144,0.0,0.0,0.0,0.0,0.0
3,0,0.85534614,0.07356243,0.0,0.07109144,0.0,0.0,0.0,0.0,0.0
3,0,0.85534614,0.07356243,0.0,0.07109144,0.0,0.0,0.0,0.0,0.0
3,0,0.85534614,0.07356243,0.0,0.07109144,0.0,0.0,0.0,0.0,0.0
3,0,0.85534614,0.07356243,0.0,0.07109144,0.0,0.0,0.0,0.0,0.0
3,0,0.85534614,0.07356243,0.0,0.07109144,0.0,0.0,0.0,0.0,0.0
3,0,0.85534614,0.07356243,0.0,0.07109144,0.0,0.0,0.0,0.0,0.0
3,0,0.85534614,0.07356243,0.0,0.07109144,0.0,0.0,0.0,0.0,0.0
3,0,0.85534614,0.07356243,0.0,0.07109144,0.0,0.0,0.0,0.0,0.0
3,0,0.85534614,0.07356243,0.0,0.07109144,0.0,0.0,0.0,0.0,0.0
3,0,0.85534614,0.07356243,0.0,0.07109144,0.0,0.0,0.0,0.0,0.0
3,0,0.85534614,0.07356243,0.0,0.07109144,0.0,0.0,0.0,0.0,0.0
3,0,0.85534614,0.07356243,0.0,0.07109144,0.0,0.0,0.0,0.0,0.0
3,0,0.85534614,0.07356243,0.0,0.07109144,0.0,0.0,0.0,0.0,0.0
3,0,0.85534614,0.07356243,0.0,0.07109144,0.0,0.0,0.0,0.0,0.0
3,0,0.85534614,0.07356243,0.0,0.07109144,0.0,0.0,0.0,0.0,0.0
3,0,0.85534614,0.07356243,0.0,0.07109144,0.0,0.0,0.0,0.0,0.0
3,0,0.85534614,0.07356243,0.0,0.07109144,0.0,0.0,0.0,0.0,0.0
3,0,0.85534614,0.07356243,0.0,0.07109144,0.0,0.0,0.0,0.0,0.0
3,0,0.85534614,0.07356243,0.0,0.07109144,0.0,0.0,0.0,0.0,0.0
3,0,0.85534614,0.07356243,0.0,0.07109144,0.0,0.0,0.0,0.0,0.0
3,0,0.85534614,0.07356243,0.0,0.07109144,0.0,0.0,0.0,0.0,0.0
3,0,0.85534614,0.07356243,0.0,0.07109144,0.0,0.0,0.0,0.0,0.0
3,0,0.85534614,0.07356243,0.0,0.07109144,0.0,0.0,0.0,0.0,0.0
3,0,0.85534614,0.07356243,0.0,0.07109144,0.0,0.0,0.0,0.0,0.0
3,0,0.85534614,0.07356243,0.0,0.07109144,0.0,0.0,0.0,0.0,0.0
3,0,0.85534614,0.07356243,0.0,0.07109144,0.0,0.0,0.0,0.0,0.0
3,0,0.85534614,0.07356243,0.0,0.07109144,0.0,0.0,0.0,0.0,0.0
3,0,0.85534614,0.07356243,0.0,0.07109144,0.0,0.0,0.0,0.0,0.0
3,0,0.85534614,0.07356243,0.0,0.07109144,0.0,0.0,0.0,0.0,0.0
3,0,0.85534614,0.07356243,0.0,0.07109144,0.0,0.0,0.0,0.0,0.0
3,0,0.85534614,0.07356243,0.0,0.07109144,0.0,0.0,0.0,0.0,0.0
3,0,0.85534614,0.07356243,0.0,0.07109144,0.0,0.0,0.0,0.0,0.0
3,0,0.85534614,0.07356243,0.0,0.07109144,0.0,0.0,0.0,0.0,0.0
3,0,0.85534614,0.07356243,0.0,0.07109144,0.0,0.0,0.0,0.0,0.0
3,0,0.85534614,0.07356243,0.0,0.07109144,0.0,0.0,0.0,0.0,0.0
3,0,0.85534614,0.07356243,0.0,0.07109144,0.0,0.0,0.0,0.0,0.0
3,0,0.85534614,0.07356243,0.0,0.07109144,0.0,0.0,0.0,0.0,0.0
3,0,0.85534614,0.07356243,0.0,0.07109144,0.0,0.0,0.0,0.0,0.0
3,0,0.85534614,0.07356243,0.0,0.07109144,0.0,0.0,0.0,0.0,0.0
3,0,0.85534614,0.07356243,0.0,0.07109144,0.0,0.0,0.0,0.0,0.0
3,0,0.85534614,0.07356243,0.0,0.07109144,0.0,0.0,0.0,0.0,0.0
3,0,0.85534614,0.07356243,0.0,0.07109144,0.0,0.0,0.0,0.0,0.0
3,0,0.85534614,0.07356243,0.0,0.07109144,0.0,0.0,0.0,0.0,0.0
3,0,0.85534614,0.07356243,0.0,0.07109144,0.0,0.0,0.0,0.0,0.0
3,0,0.85534614,0.07356243,0.0,0.07109144,0.0,0.0,0.0,0.0,0.0
3,0,0.85534614,0.07356243,0.0,0.07109144,0.0,0.0,0.0,0.0,0.0
3,0,0.85534614,0.07356243,0.0,0.07109144,0.0,0.0,0.0,0.0,0.0
3,0,0.85534614,0.07356243,0.0,0.07109144,0.0,0.0,0.0,0.0,0.0
3,0,0.85534614,0.07356243,0.0,0.07109144,0.0,0.0,0.0,0.0,0.0
3,0,0.85534614,0.07356243,0.0,0.07109144,0.0,0.0,0.0,0.0,0.0
3,0,0.85534614,0.07356243,0.0,0.07109144,0.0,0.0,0.0,0.0,0.0
3,0,0.85534614,0.07356243,0.0,0.07109144,0.0,0.0,0.0,0.0,0.0
3,0,0.85534614,0.07356243,0.0,0.07109144,0.0,0.0,0.0,0.0,0.0
3,0,0.85534614,0.07356243,0.0,0.07109144,0.0,0.0,0.0,0.0,0.0
3,0,0.85534614,0.07356243,0.0,0.07109144,0.0,0.0,0.0,0.0,0.0
3,0,0.85534614,0.07356243,0.0,0.07109144,0.0,0.0,0.0,0.0,0.0
3,0,0.85534614,0.07356243,0.0,0.07109144,0.0,0.0,0.0,0.0,0.0
3,0,0.85534614,0.07356243,0.0,0.07109144,0.0,0.0,0.0,0.0,0.0
3,0,0.85534614,0.07356243,0.0,0.07109144,0.0,0.0,0.0,0.0,0.0
3,0,0.85534614,0.07356243,0.0,0.07109144,0.0,0.0,0.0,0.0,0.0
3,0,0.85534614,0.07356243,0.0,0.07109144,0.0,0.0,0.0,0.0,0.0
3,0,0.85534614,0.07356243,0.0,0.07109144,0.0,0.0,0.0,0.0,0.0
3,0,0.85534614,0.07356243,0.0,0.07109144,0.0,0.0,0.0,0.0,0.0
3,0,0.85534614,0.07356243,0.0,0.07109144,0.0,0.0,0.0,0.0,0.0
3,0,0.85534614,0.07356243,0.0,0.07109144,0.0,0.0,0.0,0.0,0.0
3,0,0.85534614,0.07356243,0.0,0.07109144,0.0,0.0,0.0,0.0,0.0
3,0,0.85534614,0.07356243,0.0,0.07109144,0.0,0.0,0.0,0.0,0.0
3,0,0.85534614,0.07356243,0.0,0.07109144,0.0,0.0,0.0,0.0,0.0
3,0,0.85534614,0.07356243,0.0,0.07109144,0.0,0.0,0.0,0.0,0.0
3,0,0.85534614,0.07356243,0.0,0.07109144,0.0,0.0,0.0,0.0,0.0
3,0,0.85534614,0.07356243,0.0,0.07109144,0.0,0.0,0.0,0.0,0.0
3,0,0.85534614,0.07356243,0.0,0.07109144,0.0,0.0,0.0,0.0,0.0
3,0,0.85534614,0.07356243,0.0,0.07109144,0.0,0.0,0.0,0.0,0.0
3,0,0.85534614,0.07356243,0.0,0.07109144,0.0,0.0,0.0,0.0,0.0
3,0,0.85534614,0.07356243,0.0,0.07109144,0.0,0.0,0.0,0.0,0.0
3,0,0.85534614,0.07356243,0.0,0.07109144,0.0,0.0,0.0,0.0,0.0
3,0,0.85534614,0.07356243,0.0,0.07109144,0.0,0.0,0.0,0.0,0.0
3,0,0.85534614,0.07356243,0.0,0.07109144,0.0,0.0,0.0,0.0,0.0
3,0,0.85534614,0.07356243,0.0,0.07109144,0.0,0.0,0.0,0.0,0.0
3,0,0.85534614,0.07356243,0.0,0.07109144,0.0,0.0,0.0,0.0,0.0
3,0,0.85534614,0.07356243,0.0,0.07109144,0.0,0.0,0.0,0.0,0.0
3,0,0.85534614,0.07356243,0.0,0.07109144,0.0,0.0,0.0,0.0,0.0
3,0,0.85534614,0.07356243,0.0,0.07109144,0.0,0.0,0.0,0.0,0.0
3,0,0.85534614,0.07356243,0.0,0.07109144,0.0,0.0,0.0,0.0,0.0
3,0,0.85534614,0.07356243,0.0,0.07109144,0.0,0.0,0.0,0.0,0.0
3,0,0.85534614,0.07356243,0.0,0.07109144,0.0,0.0,0.0,0.0,0.0
3,0,0.85534614,0.07356243,0.0,0.07109144,0.0,0.0,0.0,0.0,0.0
3,0,0.85534614,0.07356243,0.0,0.07109144,0.0,0.0,0.0,0.0,0.0
3,0,0.92643756,0.07356243,0.0,0.0,0.0,0.0,0.0,0.0,0.0
3,0,0.92643756,0.07356243,0.0,0.0,0.0,0.0,0.0,0.0,0.0
3,0,0.92643756,0.07356243,0.0,0.0,0.0,0.0,0.0,0.0,0.0
3,0,0.92643756,0.07356243,0.0,0.0,0.0,0.0,0.0,0.0,0.0
3,0,0.92643756,0.07356243,0.0,0.0,0.0,0.0,0.0,0.0,0.0
3,0,0.92643756,0.07356243,0.0,0.0,0.0,0.0,0.0,0.0,0.0
3,0,0.92643756,0.07356243,0.0,0.0,0.0,0.0,0.0,0.0,0.0
3,0,0.92643756,0.07356243,0.0,0.0,0.0,0.0,0.0,0.0,0.0
3,0,0.92643756,0.07356243,0.0,0.0,0.0,0.0,0.0,0.0,0.0
3,0,0.92643756,0.07356243,0.0,0.0,0.0,0.0,0.0,0.0,0.0
3,0,0.92643756,0.07356243,0.0,0.0,0.0,0.0,0.0,0.0,0.0
3,0,0.92643756,0.07356243,0.0,0.0,0.0,0.0,0.0,0.0,0.0
3,0,0.92643756,0.07356243,0.0,0.0,0.0,0.0,0.0,0.0,0.0
3,0,0.92643756,0.07356243,0.0,0.0,0.0,0.0,0.0,0.0,0.0
3,0,0.92643756,0.07356243,0.0,0.0,0.0,0.0,0.0,0.0,0.0
3,0,0.92643756,0.07356243,0.0,0.0,0.0,0.0,0.0,0.0,0.0
3,0,0.92643756,0.07356243,0.0,0.0,0.0,0.0,0.0,0.0,0.0
3,0,0.92643756,0.07356243,0.0,0.0,0.0,0.0,0.0,0.0,0.0
3,0,0.92643756,0.07356243,0.0,0.0,0.0,0.0,0.0,0.0,0.0
3,0,0.92643756,0.07356243,0.0,0.0,0.0,0.0,0.0,0.0,0.0
3,0,0.92643756,0.07356243,0.0,0.0,0.0,0.0,0.0,0.0,0.0
3,0,0.92643756,0.07356243,0.0,0.0,0.0,0.0,0.0,0.0,0.0
3,0,0.92643756,0.07356243,0.0,0.0,0.0,0.0,0.0,0.0,0.0
3,0,0.92643756,0.07356243,0.0,0.0,0.0,0.0,0.0,0.0,0.0
3,0,0.92643756,0.07356243,0.0,0.0,0.0,0.0,0.0,0.0,0.0
3,0,0.92643756,0.07356243,0.0,0.0,0.0,0.0,0.0,0.0,0.0
3,0,0.92643756,0.07356243,0.0,0.0,0.0,0.0,0.0,0.0,0.0
3,0,0.92643756,0.07356243,0.0,0.0,0.0,0.0,0.0,0.0,0.0
3,0,0.92643756,0.07356243,0.0,0.0,0.0,0.0,0.0,0.0,0.0
3,0,0.92643756,0.07356243,0.0,0.0,0.0,0.0,0.0,0.0,0.0
3,0,0.92643756,0.07356243,0.0,0.0,0.0,0.0,0.0,0.0,0.0
3,0,0.92643756,0.07356243,0.0,0.0,0.0,0.0,0.0,0.0,0.0
3,0,0.92643756,0.07356243,0.0,0.0,0.0,0.0,0.0,0.0,0.0
3,0,0.92643756,0.07356243,0.0,0.0,0.0,0.0,0.0,0.0,0.0
3,0,0.92643756,0.07356243,0.0,0.0,0.0,0.0,0.0,0.0,0.0
3,0,0.92643756,0.07356243,0.0,0.0,0.0,0.0,0.0,0.0,0.0
3,0,0.92643756,0.07356243,0.0,0.0,0.0,0.0,0.0,0.0,0.0
3,0,0.92643756,0.07356243,0.0,0.0,0.0,0.0,0.0,0.0,0.0
3,0,0.92643756,0.07356243,0.0,0.0,0.0,0.0,0.0,0.0,0.0
3,0,0.92643756,0.07356243,0.0,0.0,0.0,0.0,0.0,0.0,0.0
3,0,0.92643756,0.07356243,0.0,0.0,0.0,0.0,0.0,0.0,0.0
3,0,0.92643756,0.07356243,0.0,0.0,0.0,0.0,0.0,0.0,0.0
3,0,0.92643756,0.07356243,0.0,0.0,0.0,0.0,0.0,0.0,0.0
3,0,0.92643756,0.07356243,0.0,0.0,0.0,0.0,0.0,0.0,0.0
3,0,0.92643756,0.07356243,0.0,0.0,0.0,0.0,0.0,0.0,0.0
3,0,0.92643756,0.07356243,0.0,0.0,0.0,0.0,0.0,0.0,0.0
3,0,0.92643756,0.07356243,0.0,0.0,0.0,0.0,0.0,0.0,0.0
3,0,0.92643756,0.07356243,0.0,0.0,0.0,0.0,0.0,0.0,0.0
3,0,0.92643756,0.07356243,0.0,0.0,0.0,0.0,0.0,0.0,0.0
3,0,0.92643756,0.07356243,0.0,0.0,0.0,0.0,0.0,0.0,0.0
3,0,0.92643756,0.07356243,0.0,0.0,0.0,0.0,0.0,0.0,0.0
3,0,0.92643756,0.07356243,0.0,0.0,0.0,0.0,0.0,0.0,0.0
3,0,0.92643756,0.07356243,0.0,0.0,0.0,0.0,0.0,0.0,0.0
3,0,0.92643756,0.07356243,0.0,0.0,0.0,0.0,0.0,0.0,0.0
3,0,0.92643756,0.07356243,0.0,0.0,0.0,0.0,0.0,0.0,0.0
3,0,0.92643756,0.07356243,0.0,0.0,0.0,0.0,0.0,0.0,0.0
3,0,0.92643756,0.07356243,0.0,0.0,0.0,0.0,0.0,0.0,0.0
3,0,0.92643756,0.07356243,0.0,0.0,0.0,0.0,0.0,0.0,0.0
3,0,0.92643756,0.07356243,0.0,0.0,0.0,0.0,0.0,0.0,0.0
3,0,0.92643756,0.07356243,0.0,0.0,0.0,0.0,0.0,0.0,0.0
3,0,0.92643756,0.07356243,0.0,0.0,0.0,0.0,0.0,0.0,0.0
3,0,0.92643756,0.07356243,0.0,0.0,0.0,0.0,0.0,0.0,0.0
3,0,0.92643756,0.07356243,0.0,0.0,0.0,0.0,0.0,0.0,0.0
3,0,0.92643756,0.07356243,0.0,0.0,0.0,0.0,0.0,0.0,0.0
3,0,0.92643756,0.07356243,0.0,0.0,0.0,0.0,0.0,0.0,0.0
3,0,0.92643756,0.07356243,0.0,0.0,0.0,0.0,0.0,0.0,0.0
3,0,0.92643756,0.07356243,0.0,0.0,0.0,0.0,0.0,0.0,0.0
3,0,0.92643756,0.07356243,0.0,0.0,0.0,0.0,0.0,0.0,0.0
3,0,0.92643756,0.07356243,0.0,0.0,0.0,0.0,0.0,0.0,0.0
3,0,0.92643756,0.07356243,0.0,0.0,0.0,0.0,0.0,0.0,0.0
3,0,0.92643756,0.07356243,0.0,0.0,0.0,0.0,0.0,0.0,0.0
3,0,0.92643756,0.07356243,0.0,0.0,0.0,0.0,0.0,0.0,0.0
3,0,0.92643756,0.07356243,0.0,0.0,0.0,0.0,0.0,0.0,0.0
3,0,0.92643756,0.07356243,0.0,0.0,0.0,0.0,0.0,0.0,0.0
3,0,0.92643756,0.07356243,0.0,0.0,0.0,0.0,0.0,0.0,0.0
3,0,0.92643756,0.07356243,0.0,0.0,0.0,0.0,0.0,0.0,0.0
3,0,0.92643756,0.07356243,0.0,0.0,0.0,0.0,0.0,0.0,0.0
3,0,0.92643756,0.07356243,0.0,0.0,0.0,0.0,0.0,0.0,0.0
3,0,0.92643756,0.07356243,0.0,0.0,0.0,0.0,0.0,0.0,0.0
3,0,0.92643756,0.07356243,0.0,0.0,0.0,0.0,0.0,0.0,0.0
3,0,0.92643756,0.07356243,0.0,0.0,0.0,0.0,0.0,0.0,0.0
3,0,0.92643756,0.07356243,0.0,0.0,0.0,0.0,0.0,0.0,0.0
3,0,0.92643756,0.07356243,0.0,0.0,0.0,0.0,0.0,0.0,0.0
3,0,0.92643756,0.07356243,0.0,0.0,0.0,0.0,0.0,0.0,0.0
3,0,0.92643756,0.07356243,0.0,0.0,0.0,0.0,0.0,0.0,0.0
3,0,0.92643756,0.07356243,0.0,0.0,0.0,0.0,0.0,0.0,0.0
3,0,0.92643756,0.07356243,0.0,0.0,0.0,0.0,0.0,0.0,0.0
3,0,0.92643756,0.07356243,0.0,0.0,0.0,0.0,0.0,0.0,0.0
3,0,0.92643756,0.07356243,0.0,0.0,0.0,0.0,0.0,0.0,0.0
3,0,0.92643756,0.07356243,0.0,0.0,0.0,0.0,0.0,0.0,0.0
3,0,0.92643756,0.07356243,0.0,0.0,0.0,0.0,0.0,0.0,0.0
3,0,0.92643756,0.07356243,0.0,0.0,0.0,0.0,0.0,0.0,0.0
3,0,0.92643756,0.07356243,0.0,0.0,0.0,0.0,0.0,0.0,0.0
3,0,0.92643756,0.07356243,0.0,0.0,0.0,0.0,0.0,0.0,0.0
3,0,0.92643756,0.07356243,0.0,0.0,0.0,0.0,0.0,0.0,0.0
3,0,0.92643756,0.07356243,0.0,0.0,0.0,0.0,0.0,0.0,0.0
3,0,0.92643756,0.07356243,0.0,0.0,0.0,0.0,0.0,0.0,0.0
3,0,0.92643756,0.07356243,0.0,0.0,0.0,0.0,0.0,0.0,0.0
3,0,0.92643756,0.07356243,0.0,0.0,0.0,0.0,0.0,0.0,0.0
3,0,0.92643756,0.07356243,0.0,0.0,0.0,0.0,0.0,0.0,0.0
3,0,0.92643756,0.07356243,0.0,0.0,0.0,0.0,0.0,0.0,0.0
3,0,0.92643756,0.07356243,0.0,0.0,0.0,0.0,0.0,0.0,0.0
3,0,0.92643756,0.07356243,0.0,0.0,0.0,0.0,0.0,0.0,0.0
3,0,0.92643756,0.07356243,0.0,0.0,0.0,0.0,0.0,0.0,0.0
3,0,0.92643756,0.07356243,0.0,0.0,0.0,0.0,0.0,0.0,0.0
3,0,0.92643756,0.07356243,0.0,0.0,0.0,0.0,0.0,0.0,0.0
3,0,0.92643756,0.07356243,0.0,0.0,0.0,0.0,0.0,0.0,0.0
3,0,0.92643756,0.07356243,0.0,0.0,0.0,0.0,0.0,0.0,0.0
3,0,0.92643756,0.07356243,0.0,0.0,0.0,0.0,0.0,0.0,0.0
3,0,0.92643756,0.07356243,0.0,0.0,0.0,0.0,0.0,0.0,0.0
3,0,0.92643756,0.07356243,0.0,0.0,0.0,0.0,0.0,0.0,0.0
3,0,0.92643756,0.07356243,0.0,0.0,0.0,0.0,0.0,0.0,0.0
3,0,0.92643756,0.07356243,0.0,0.0,0.0,0.0,0.0,0.0,0.0
3,0,0.92643756,0.07356243,0.0,0.0,0.0,0.0,0.0,0.0,0.0
3,0,0.92643756,0.07356243,0.0,0.0,0.0,0.0,0.0,0.0,0.0
3,0,0.92643756,0.07356243,0.0,0.0,0.0,0.0,0.0,0.0,0.0
3,0,0.92643756,0.07356243,0.0,0.0,0.0,0.0,0.0,0.0,0.0
3,0,0.92643756,0.07356243,0.0,0.0,0.0,0.0,0.0,0.0,0.0
3,0,0.92643756,0.07356243,0.0,0.0,0.0,0.0,0.0,0.0,0.0
3,0,0.92643756,0.07356243,0.0,0.0,0.0,0.0,0.0,0.0,0.0
3,0,0.92643756,0.07356243,0.0,0.0,0.0,0.0,0.0,0.0,0.0
3,0,0.92643756,0.07356243,0.0,0.0,0.0,0.0,0.0,0.0,0.0
3,0,0.92643756,0.07356243,0.0,0.0,0.0,0.0,0.0,0.0,0.0
3,0,0.92643756,0.07356243,0.0,0.0,0.0,0.0,0.0,0.0,0.0
3,0,0.92643756,0.07356243,0.0,0.0,0.0,0.0,0.0,0.0,0.0
3,0,0.92643756,0.07356243,0.0,0.0,0.0,0.0,0.0,0.0,0.0
3,0,0.92643756,0.07356243,0.0,0.0,0.0,0.0,0.0,0.0,0.0
3,0,0.92643756,0.07356243,0.0,0.0,0.0,0.0,0.0,0.0,0.0
3,0,0.92643756,0.07356243,0.0,0.0,0.0,0.0,0.0,0.0,0.0
3,0,0.92643756,0.07356243,0.0,0.0,0.0,0.0,0.0,0.0,0.0
3,0,0.92643756,0.07356243,0.0,0.0,0.0,0.0,0.0,0.0,0.0
3,0,0.92643756,0.07356243,0.0,0.0,0.0,0.0,0.0,0.0,0.0
3,0,0.92643756,0.07356243,0.0,0.0,0.0,0.0,0.0,0.0,0.0
3,0,0.92643756,0.07356243,0.0,0.0,0.0,0.0,0.0,0.0,0.0
3,0,0.92643756,0.07356243,0.0,0.0,0.0,0.0,0.0,0.0,0.0
3,0,0.92643756,0.07356243,0.0,0.0,0.0,0.0,0.0,0.0,0.0
3,0,0.92643756,0.07356243,0.0,0.0,0.0,0.0,0.0,0.0,0.0
3,0,0.92643756,0.07356243,0.0,0.0,0.0,0.0,0.0,0.0,0.0
3,0,0.92643756,0.07356243,0.0,0.0,0.0,0.0,0.0,0.0,0.0
3,0,0.92643756,0.07356243,0.0,0.0,0.0,0.0,0.0,0.0,0.0
3,0,0.92643756,0.07356243,0.0,0.0,0.0,0.0,0.0,0.0,0.0
3,0,0.92643756,0.07356243,0.0,0.0,0.0,0.0,0.0,0.0,0.0
3,0,0.92643756,0.07356243,0.0,0.0,0.0,0.0,0.0,0.0,0.0
3,0,0.92643756,0.07356243,0.0,0.0,0.0,0.0,0.0,0.0,0.0
3,0,0.92643756,0.07356243,0.0,0.0,0.0,0.0,0.0,0.0,0.0
3,0,0.92643756,0.07356243,0.0,0.0,0.0,0.0,0.0,0.0,0.0
3,0,0.92643756,0.07356243,0.0,0.0,0.0,0.0,0.0,0.0,0.0
3,0,0.92643756,0.07356243,0.0,0.0,0.0,0.0,0.0,0.0,0.0
3,0,0.92643756,0.07356243,0.0,0.0,0.0,0.0,0.0,0.0,0.0
3,0,0.92643756,0.07356243,0.0,0.0,0.0,0.0,0.0,0.0,0.0
3,0,0.92643756,0.07356243,0.0,0.0,0.0,0.0,0.0,0.0,0.0
3,0,0.92643756,0.07356243,0.0,0.0,0.0,0.0,0.0,0.0,0.0
3,0,0.92643756,0.07356243,0.0,0.0,0.0,0.0,0.0,0.0,0.0
3,0,0.92643756,0.07356243,0.0,0.0,0.0,0.0,0.0,0.0,0.0
3,0,0.92643756,0.07356243,0.0,0.0,0.0,0.0,0.0,0.0,0.0
3,0,0.92643756,0.07356243,0.0,0.0,0.0,0.0,0.0,0.0,0.0
3,0,0.92643756,0.07356243,0.0,0.0,0.0,0.0,0.0,0.0,0.0
3,0,0.92643756,0.07356243,0.0,0.0,0.0,0.0,0.0,0.0,0.0
3,0,0.92643756,0.07356243,0.0,0.0,0.0,0.0,0.0,0.0,0.0
3,0,0.92643756,0.07356243,0.0,0.0,0.0,0.0,0.0,0.0,0.0
3,0,0.92643756,0.07356243,0.0,0.0,0.0,0.0,0.0,0.0,0.0
3,0,0.92643756,0.07356243,0.0,0.0,0.0,0.0,0.0,0.0,0.0
3,0,0.92643756,0.07356243,0.0,0.0,0.0,0.0,0.0,0.0,0.0
3,0,0.92643756,0.07356243,0.0,0.0,0.0,0.0,0.0,0.0,0.0
3,0,0.92643756,0.07356243,0.0,0.0,0.0,0.0,0.0,0.0,0.0
3,0,0.92643756,0.07356243,0.0,0.0,0.0,0.0,0.0,0.0,0.0
3,0,0.92643756,0.07356243,0.0,0.0,0.0,0.0,0.0,0.0,0.0
3,0,0.92643756,0.07356243,0.0,0.0,0.0,0.0,0.0,0.0,0.0
3,0,0.92643756,0.07356243,0.0,0.0,0.0,0.0,0.0,0.0,0.0
3,0,0.92643756,0.07356243,0.0,0.0,0.0,0.0,0.0,0.0,0.0
3,0,0.92643756,0.07356243,0.0,0.0,0.0,0.0,0.0,0.0,0.0
3,0,0.92643756,0.07356243,0.0,0.0,0.0,0.0,0.0,0.0,0.0
3,0,0.92643756,0.07356243,0.0,0.0,0.0,0.0,0.0,0.0,0.0
3,0,0.92643756,0.07356243,0.0,0.0,0.0,0.0,0.0,0.0,0.0
3,0,0.92643756,0.07356243,0.0,0.0,0.0,0.0,0.0,0.0,0.0
3,0,0.92643756,0.07356243,0.0,0.0,0.0,0.0,0.0,0.0,0.0
3,0,0.92643756,0.07356243,0.0,0.0,0.0,0.0,0.0,0.0,0.0
3,0,0.92643756,0.07356243,0.0,0.0,0.0,0.0,0.0,0.0,0.0
3,0,0.92643756,0.07356243,0.0,0.0,0.0,0.0,0.0,0.0,0.0
3,0,0.92643756,0.07356243,0.0,0.0,0.0,0.0,0.0,0.0,0.0
3,0,0.92643756,0.07356243,0.0,0.0,0.0,0.0,0.0,0.0,0.0
3,0,0.92643756,0.07356243,0.0,0.0,0.0,0.0,0.0,0.0,0.0
3,0,0.92643756,0.07356243,0.0,0.0,0.0,0.0,0.0,0.0,0.0
3,0,0.92643756,0.07356243,0.0,0.0,0.0,0.0,0.0,0.0,0.0
3,0,0.92643756,0.07356243,0.0,0.0,0.0,0.0,0.0,0.0,0.0
3,0,0.92643756,0.07356243,0.0,0.0,0.0,0.0,0.0,0.0,0.0
3,0,0.92643756,0.07356243,0.0,0.0,0.0,0.0,0.0,0.0,0.0
3,0,0.92643756,0.07356243,0.0,0.0,0.0,0.0,0.0,0.0,0.0
3,0,0.92643756,0.07356243,0.0,0.0,0.0,0.0,0.0,0.0,0.0
3,0,0.92643756,0.07356243,0.0,0.0,0.0,0.0,0.0,0.0,0.0
3,0,0.92643756,0.07356243,0.0,0.0,0.0,0.0,0.0,0.0,0.0
3,0,0.92643756,0.07356243,0.0,0.0,0.0,0.0,0.0,0.0,0.0
3,0,0.92643756,0.07356243,0.0,0.0,0.0,0.0,0.0,0.0,0.0
3,0,0.92643756,0.07356243,0.0,0.0,0.0,0.0,0.0,0.0,0.0
3,0,0.92643756,0.07356243,0.0,0.0,0.0,0.0,0.0,0.0,0.0
3,0,0.92643756,0.07356243,0.0,0.0,0.0,0.0,0.0,0.0,0.0
3,0,0.92643756,0.07356243,0.0,0.0,0.0,0.0,0.0,0.0,0.0
3,0,0.92643756,0.07356243,0.0,0.0,0.0,0.0,0.0,0.0,0.0
3,0,0.92643756,0.07356243,0.0,0.0,0.0,0.0,0.0,0.0,0.0
3,0,0.92643756,0.07356243,0.0,0.0,0.0,0.0,0.0,0.0,0.0
3,0,0.92643756,0.07356243,0.0,0.0,0.0,0.0,0.0,0.0,0.0
3,0,0.92643756,0.07356243,0.0,0.0,0.0,0.0,0.0,0.0,0.0
3,0,0.92643756,0.07356243,0.0,0.0,0.0,0.0,0.0,0.0,0.0
3,0,0.92643756,0.07356243,0.0,0.0,0.0,0.0,0.0,0.0,0.0
3,0,0.92643756,0.07356243,0.0,0.0,0.0,0.0,0.0,0.0,0.0
3,0,0.92643756,0.07356243,0.0,0.0,0.0,0.0,0.0,0.0,0.0
3,0,0.92643756,0.07356243,0.0,0.0,0.0,0.0,0.0,0.0,0.0
3,0,0.92643756,0.07356243,0.0,0.0,0.0,0.0,0.0,0.0,0.0
3,0,0.92643756,0.07356243,0.0,0.0,0.0,0.0,0.0,0.0,0.0
3,0,0.92643756,0.07356243,0.0,0.0,0.0,0.0,0.0,0.0,0.0
3,0,0.92643756,0.07356243,0.0,0.0,0.0,0.0,0.0,0.0,0.0
3,0,0.92643756,0.07356243,0.0,0.0,0.0,0.0,0.0,0.0,0.0
3,0,0.92643756,0.07356243,0.0,0.0,0.0,0.0,0.0,0.0,0.0
3,0,0.92643756,0.07356243,0.0,0.0,0.0,0.0,0.0,0.0,0.0
3,0,0.92643756,0.07356243,0.0,0.0,0.0,0.0,0.0,0.0,0.0
3,0,0.92643756,0.07356243,0.0,0.0,0.0,0.0,0.0,0.0,0.0
3,0,0.92643756,0.0,0.07356243,0.0,0.0,0.0,0.0,0.0,0.0
3,0,0.92643756,0.0,0.07356243,0.0,0.0,0.0,0.0,0.0,0.0
3,0,0.92643756,0.0,0.07356243,0.0,0.0,0.0,0.0,0.0,0.0
3,0,0.92643756,0.0,0.07356243,0.0,0.0,0.0,0.0,0.0,0.0
3,0,0.92643756,0.0,0.07356243,0.0,0.0,0.0,0.0,0.0,0.0
3,0,0.92643756,0.0,0.07356243,0.0,0.0,0.0,0.0,0.0,0.0
3,0,0.92643756,0.0,0.07356243,0.0,0.0,0.0,0.0,0.0,0.0
3,0,0.92643756,0.0,0.07356243,0.0,0.0,0.0,0.0,0.0,0.0
3,0,0.92643756,0.0,0.07356243,0.0,0.0,0.0,0.0,0.0,0.0
3,0,0.92643756,0.0,0.07356243,0.0,0.0,0.0,0.0,0.0,0.0
3,0,0.92643756,0.0,0.07356243,0.0,0.0,0.0,0.0,0.0,0.0
3,0,0.92643756,0.0,0.07356243,0.0,0.0,0.0,0.0,0.0,0.0
3,0,0.92643756,0.0,0.07356243,0.0,0.0,0.0,0.0,0.0,0.0
3,0,0.92643756,0.0,0.07356243,0.0,0.0,0.0,0.0,0.0,0.0
3,0,0.92643756,0.0,0.07356243,0.0,0.0,0.0,0.0,0.0,0.0
3,0,0.92643756,0.0,0.07356243,0.0,0.0,0.0,0.0,0.0,0.0
3,0,0.92643756,0.0,0.07356243,0.0,0.0,0.0,0.0,0.0,0.0
3,0,0.92643756,0.0,0.07356243,0.0,0.0,0.0,0.0,0.0,0.0
3,0,0.92643756,0.0,0.07356243,0.0,0.0,0.0,0.0,0.0,0.0
3,0,0.92643756,0.0,0.07356243,0.0,0.0,0.0,0.0,0.0,0.0
3,0,0.92643756,0.0,0.07356243,0.0,0.0,0.0,0.0,0.0,0.0
3,0,0.92643756,0.0,0.07356243,0.0,0.0,0.0,0.0,0.0,0.0
3,0,0.92643756,0.0,0.07356243,0.0,0.0,0.0,0.0,0.0,0.0
3,0,0.92643756,0.0,0.07356243,0.0,0.0,0.0,0.0,0.0,0.0
3,0,0.92643756,0.0,0.07356243,0.0,0.0,0.0,0.0,0.0,0.0
3,0,0.92643756,0.0,0.07356243,0.0,0.0,0.0,0.0,0.0,0.0
3,0,0.92643756,0.0,0.07356243,0.0,0.0,0.0,0.0,0.0,0.0
3,0,0.92643756,0.0,0.07356243,0.0,0.0,0.0,0.0,0.0,0.0
3,0,0.92643756,0.0,0.07356243,0.0,0.0,0.0,0.0,0.0,0.0
3,0,0.92643756,0.0,0.07356243,0.0,0.0,0.0,0.0,0.0,0.0
3,0,0.92643756,0.0,0.07356243,0.0,0.0,0.0,0.0,0.0,0.0
3,0,0.92643756,0.0,0.07356243,0.0,0.0,0.0,0.0,0.0,0.0
3,0,0.92643756,0.0,0.07356243,0.0,0.0,0.0,0.0,0.0,0.0
3,0,0.92643756,0.0,0.07356243,0.0,0.0,0.0,0.0,0.0,0.0
3,0,0.92643756,0.0,0.07356243,0.0,0.0,0.0,0.0,0.0,0.0
3,0,0.92643756,0.0,0.07356243,0.0,0.0,0.0,0.0,0.0,0.0
3,0,0.92643756,0.0,0.07356243,0.0,0.0,0.0,0.0,0.0,0.0
3,0,0.92643756,0.0,0.07356243,0.0,0.0,0.0,0.0,0.0,0.0
3,0,0.92643756,0.0,0.07356243,0.0,0.0,0.0,0.0,0.0,0.0
3,0,0.92643756,0.0,0.07356243,0.0,0.0,0.0,0.0,0.0,0.0
3,0,0.92643756,0.0,0.07356243,0.0,0.0,0.0,0.0,0.0,0.0
3,0,0.92643756,0.0,0.07356243,0.0,0.0,0.0,0.0,0.0,0.0
3,0,0.92643756,0.0,0.07356243,0.0,0.0,0.0,0.0,0.0,0.0
3,0,0.92643756,0.0,0.07356243,0.0,0.0,0.0,0.0,0.0,0.0
3,0,0.92643756,0.0,0.07356243,0.0,0.0,0.0,0.0,0.0,0.0
3,0,0.92643756,0.0,0.07356243,0.0,0.0,0.0,0.0,0.0,0.0
3,0,0.92643756,0.0,0.07356243,0.0,0.0,0.0,0.0,0.0,0.0
3,0,0.92643756,0.0,0.07356243,0.0,0.0,0.0,0.0,0.0,0.0
3,0,0.92643756,0.0,0.07356243,0.0,0.0,0.0,0.0,0.0,0.0
3,0,0.92643756,0.0,0.07356243,0.0,0.0,0.0,0.0,0.0,0.0
3,0,0.92643756,0.0,0.07356243,0.0,0.0,0.0,0.0,0.0,0.0
3,0,0.92643756,0.0,0.07356243,0.0,0.0,0.0,0.0,0.0,0.0
3,0,0.92643756,0.0,0.07356243,0.0,0.0,0.0,0.0,0.0,0.0
3,0,0.92643756,0.0,0.07356243,0.0,0.0,0.0,0.0,0.0,0.0
3,0,0.92643756,0.0,0.07356243,0.0,0.0,0.0,0.0,0.0,0.0
3,0,0.92643756,0.0,0.07356243,0.0,0.0,0.0,0.0,0.0,0.0
3,0,0.92643756,0.0,0.07356243,0.0,0.0,0.0,0.0,0.0,0.0
3,0,0.92643756,0.0,0.07356243,0.0,0.0,0.0,0.0,0.0,0.0
3,0,0.92643756,0.0,0.07356243,0.0,0.0,0.0,0.0,0.0,0.0
3,0,0.92643756,0.0,0.07356243,0.0,0.0,0.0,0.0,0.0,0.0
3,0,0.92643756,0.0,0.07356243,0.0,0.0,0.0,0.0,0.0,0.0
3,0,0.92643756,0.0,0.07356243,0.0,0.0,0.0,0.0,0.0,0.0
3,0,0.92643756,0.0,0.07356243,0.0,0.0,0.0,0.0,0.0,0.0
3,0,0.92643756,0.0,0.07356243,0.0,0.0,0.0,0.0,0.0,0.0
3,0,0.92643756,0.0,0.07356243,0.0,0.0,0.0,0.0,0.0,0.0
3,0,0.92643756,0.0,0.07356243,0.0,0.0,0.0,0.0,0.0,0.0
3,0,0.92643756,0.0,0.07356243,0.0,0.0,0.0,0.0,0.0,0.0
3,0,0.92643756,0.0,0.07356243,0.0,0.0,0.0,0.0,0.0,0.0
3,0,0.92643756,0.0,0.07356243,0.0,0.0,0.0,0.0,0.0,0.0
3,0,0.92643756,0.0,0.07356243,0.0,0.0,0.0,0.0,0.0,0.0
3,0,0.92643756,0.0,0.07356243,0.0,0.0,0.0,0.0,0.0,0.0
3,0,0.92643756,0.0,0.07356243,0.0,0.0,0.0,0.0,0.0,0.0
3,0,0.92643756,0.0,0.07356243,0.0,0.0,0.0,0.0,0.0,0.0
3,0,0.92643756,0.0,0.07356243,0.0,0.0,0.0,0.0,0.0,0.0
3,0,0.92643756,0.0,0.07356243,0.0,0.0,0.0,0.0,0.0,0.0
3,0,0.92643756,0.0,0.07356243,0.0,0.0,0.0,0.0,0.0,0.0
3,0,0.92643756,0.0,0.07356243,0.0,0.0,0.0,0.0,0.0,0.0
3,0,0.92643756,0.0,0.07356243,0.0,0.0,0.0,0.0,0.0,0.0
3,0,0.92643756,0.0,0.07356243,0.0,0.0,0.0,0.0,0.0,0.0
3,0,0.92643756,0.0,0.07356243,0.0,0.0,0.0,0.0,0.0,0.0
3,0,0.92643756,0.0,0.07356243,0.0,0.0,0.0,0.0,0.0,0.0
3,0,0.92643756,0.0,0.07356243,0.0,0.0,0.0,0.0,0.0,0.0
3,0,0.92643756,0.0,0.07356243,0.0,0.0,0.0,0.0,0.0,0.0
3,0,0.92643756,0.0,0.07356243,0.0,0.0,0.0,0.0,0.0,0.0
3,0,0.92643756,0.0,0.07356243,0.0,0.0,0.0,0.0,0.0,0.0
3,0,0.92643756,0.0,0.07356243,0.0,0.0,0.0,0.0,0.0,0.0
3,0,0.92643756,0.0,0.07356243,0.0,0.0,0.0,0.0,0.0,0.0
3,0,0.92643756,0.0,0.07356243,0.0,0.0,0.0,0.0,0.0,0.0
3,0,0.92643756,0.0,0.07356243,0.0,0.0,0.0,0.0,0.0,0.0
3,0,0.92643756,0.0,0.07356243,0.0,0.0,0.0,0.0,0.0,0.0
3,0,0.92643756,0.0,0.07356243,0.0,0.0,0.0,0.0,0.0,0.0
3,0,0.92643756,0.0,0.07356243,0.0,0.0,0.0,0.0,0.0,0.0
3,0,0.92643756,0.0,0.07356243,0.0,0.0,0.0,0.0,0.0,0.0
3,0,0.92643756,0.0,0.07356243,0.0,0.0,0.0,0.0,0.0,0.0
3,0,0.92643756,0.0,0.07356243,0.0,0.0,0.0,0.0,0.0,0.0
3,0,0.92643756,0.0,0.07356243,0.0,0.0,0.0,0.0,0.0,0.0
3,0,0.92643756,0.0,0.07356243,0.0,0.0,0.0,0.0,0.0,0.0
3,0,0.92643756,0.0,0.07356243,0.0,0.0,0.0,0.0,0.0,0.0
3,0,0.92643756,0.0,0.07356243,0.0,0.0,0.0,0.0,0.0,0.0
3,0,0.92643756,0.0,0.07356243,0.0,0.0,0.0,0.0,0.0,0.0
3,0,0.92643756,0.0,0.07356243,0.0,0.0,0.0,0.0,0.0,0.0
3,0,0.92643756,0.0,0.07356243,0.0,0.0,0.0,0.0,0.0,0.0
3,0,0.92643756,0.0,0.07356243,0.0,0.0,0.0,0.0,0.0,0.0
3,0,0.92643756,0.0,0.07356243,0.0,0.0,0.0,0.0,0.0,0.0
3,0,0.92643756,0.0,0.07356243,0.0,0.0,0.0,0.0,0.0,0.0
3,0,0.92643756,0.0,0.07356243,0.0,0.0,0.0,0.0,0.0,0.0
3,0,0.92643756,0.0,0.07356243,0.0,0.0,0.0,0.0,0.0,0.0
3,0,0.92643756,0.0,0.07356243,0.0,0.0,0.0,0.0,0.0,0.0
3,0,0.92643756,0.0,0.07356243,0.0,0.0,0.0,0.0,0.0,0.0
3,0,0.92643756,0.0,0.07356243,0.0,0.0,0.0,0.0,0.0,0.0
3,0,0.92643756,0.0,0.07356243,0.0,0.0,0.0,0.0,0.0,0.0
3,0,0.92643756,0.0,0.07356243,0.0,0.0,0.0,0.0,0.0,0.0
3,0,0.92643756,0.0,0.07356243,0.0,0.0,0.0,0.0,0.0,0.0
3,0,0.92643756,0.0,0.07356243,0.0,0.0,0.0,0.0,0.0,0.0
3,0,0.92643756,0.0,0.07356243,0.0,0.0,0.0,0.0,0.0,0.0
3,0,0.92643756,0.0,0.07356243,0.0,0.0,0.0,0.0,0.0,0.0
3,0,0.92643756,0.0,0.07356243,0.0,0.0,0.0,0.0,0.0,0.0
3,0,0.92643756,0.0,0.07356243,0.0,0.0,0.0,0.0,0.0,0.0
3,0,0.92643756,0.0,0.07356243,0.0,0.0,0.0,0.0,0.0,0.0
3,0,0.92643756,0.0,0.07356243,0.0,0.0,0.0,0.0,0.0,0.0
3,0,0.92643756,0.0,0.07356243,0.0,0.0,0.0,0.0,0.0,0.0
3,0,0.92643756,0.0,0.07356243,0.0,0.0,0.0,0.0,0.0,0.0
3,0,0.92643756,0.0,0.07356243,0.0,0.0,0.0,0.0,0.0,0.0
3,0,0.92643756,0.0,0.07356243,0.0,0.0,0.0,0.0,0.0,0.0
3,0,0.92643756,0.0,0.07356243,0.0,0.0,0.0,0.0,0.0,0.0
3,0,0.92643756,0.0,0.07356243,0.0,0.0,0.0,0.0,0.0,0.0
3,0,0.92643756,0.0,0.07356243,0.0,0.0,0.0,0.0,0.0,0.0
3,0,0.92643756,0.0,0.07356243,0.0,0.0,0.0,0.0,0.0,0.0
3,0,0.92643756,0.0,0.07356243,0.0,0.0,0.0,0.0,0.0,0.0
3,0,0.92643756,0.0,0.07356243,0.0,0.0,0.0,0.0,0.0,0.0
3,0,0.92643756,0.0,0.07356243,0.0,0.0,0.0,0.0,0.0,0.0
3,0,0.92643756,0.0,0.07356243,0.0,0.0,0.0,0.0,0.0,0.0
3,0,0.92643756,0.0,0.07356243,0.0,0.0,0.0,0.0,0.0,0.0
3,0,0.92643756,0.0,0.07356243,0.0,0.0,0.0,0.0,0.0,0.0
3,0,0.92643756,0.0,0.07356243,0.0,0.0,0.0,0.0,0.0,0.0
3,0,0.92643756,0.0,0.07356243,0.0,0.0,0.0,0.0,0.0,0.0
3,0,0.92643756,0.0,0.07356243,0.0,0.0,0.0,0.0,0.0,0.0
3,0,0.92643756,0.0,0.07356243,0.0,0.0,0.0,0.0,0.0,0.0
3,0,0.92643756,0.0,0.07356243,0.0,0.0,0.0,0.0,0.0,0.0
3,0,0.92643756,0.0,0.07356243,0.0,0.0,0.0,0.0,0.0,0.0
3,0,0.92643756,0.0,0.07356243,0.0,0.0,0.0,0.0,0.0,0.0
3,0,0.92643756,0.0,0.07356243,0.0,0.0,0.0,0.0,0.0,0.0
3,0,0.92643756,0.0,0.07356243,0.0,0.0,0.0,0.0,0.0,0.0
3,0,0.92643756,0.0,0.07356243,0.0,0.0,0.0,0.0,0.0,0.0
3,0,0.92643756,0.0,0.07356243,0.0,0.0,0.0,0.0,0.0,0.0
3,0,0.92643756,0.0,0.07356243,0.0,0.0,0.0,0.0,0.0,0.0
3,0,0.92643756,0.0,0.07356243,0.0,0.0,0.0,0.0,0.0,0.0
3,0,0.92643756,0.0,0.07356243,0.0,0.0,0.0,0.0,0.0,0.0
3,0,0.92643756,0.0,0.07356243,0.0,0.0,0.0,0.0,0.0,0.0
3,0,0.92643756,0.0,0.07356243,0.0,0.0,0.0,0.0,0.0,0.0
3,0,0.92643756,0.0,0.07356243,0.0,0.0,0.0,0.0,0.0,0.0
3,0,0.92643756,0.0,0.07356243,0.0,0.0,0.0,0.0,0.0,0.0
3,0,0.92643756,0.0,0.07356243,0.0,0.0,0.0,0.0,0.0,0.0
3,0,0.92643756,0.0,0.07356243,0.0,0.0,0.0,0.0,0.0,0.0
3,0,0.92643756,0.0,0.07356243,0.0,0.0,0.0,0.0,0.0,0.0
3,0,0.92643756,0.0,0.07356243,0.0,0.0,0.0,0.0,0.0,0.0
3,0,0.92643756,0.0,0.07356243,0.0,0.0,0.0,0.0,0.0,0.0
3,0,0.92643756,0.0,0.07356243,0.0,0.0,0.0,0.0,0.0,0.0
3,0,0.92643756,0.0,0.07356243,0.0,0.0,0.0,0.0,0.0,0.0
3,0,0.92643756,0.0,0.07356243,0.0,0.0,0.0,0.0,0.0,0.0
3,0,0.92643756,0.0,0.07356243,0.0,0.0,0.0,0.0,0.0,0.0
3,0,0.92643756,0.0,0.07356243,0.0,0.0,0.0,0.0,0.0,0.0
3,0,0.92643756,0.0,0.07356243,0.0,0.0,0.0,0.0,0.0,0.0
3,0,0.92643756,0.0,0.07356243,0.0,0.0,0.0,0.0,0.0,0.0
3,0,0.92643756,0.0,0.07356243,0.0,0.0,0.0,0.0,0.0,0.0
3,0,0.92643756,0.0,0.07356243,0.0,0.0,0.0,0.0,0.0,0.0
3,0,0.92643756,0.0,0.07356243,0.0,0.0,0.0,0.0,0.0,0.0
3,0,0.92643756,0.0,0.07356243,0.0,0.0,0.0,0.0,0.0,0.0
3,0,0.92643756,0.0,0.07356243,0.0,0.0,0.0,0.0,0.0,0.0
3,0,0.92643756,0.0,0.07356243,0.0,0.0,0.0,0.0,0.0,0.0
3,0,0.92643756,0.0,0.07356243,0.0,0.0,0.0,0.0,0.0,0.0
3,0,0.92643756,0.0,0.07356243,0.0,0.0,0.0,0.0,0.0,0.0
3,0,0.92643756,0.0,0.07356243,0.0,0.0,0.0,0.0,0.0,0.0
3,0,0.92643756,0.0,0.07356243,0.0,0.0,0.0,0.0,0.0,0.0
3,0,0.92643756,0.0,0.07356243,0.0,0.0,0.0,0.0,0.0,0.0
3,0,0.92643756,0.0,0.07356243,0.0,0.0,0.0,0.0,0.0,0.0
3,0,0.92643756,0.0,0.07356243,0.0,0.0,0.0,0.0,0.0,0.0
3,0,0.92643756,0.0,0.07356243,0.0,0.0,0.0,0.0,0.0,0.0
3,0,0.92643756,0.0,0.07356243,0.0,0.0,0.0,0.0,0.0,0.0
3,0,0.92643756,0.0,0.07356243,0.0,0.0,0.0,0.0,0.0,0.0
3,0,0.92643756,0.0,0.07356243,0.0,0.0,0.0,0.0,0.0,0.0
3,0,0.92643756,0.0,0.07356243,0.0,0.0,0.0,0.0,0.0,0.0
3,0,0.92643756,0.0,0.07356243,0.0,0.0,0.0,0.0,0.0,0.0
3,0,0.92643756,0.0,0.07356243,0.0,0.0,0.0,0.0,0.0,0.0
3,0,0.92643756,0.0,0.07356243,0.0,0.0,0.0,0.0,0.0,0.0
3,0,0.92643756,0.0,0.07356243,0.0,0.0,0.0,0.0,0.0,0.0
3,0,0.92643756,0.0,0.07356243,0.0,0.0,0.0,0.0,0.0,0.0
3,0,0.92643756,0.0,0.07356243,0.0,0.0,0.0,0.0,0.0,0.0
3,0,0.92643756,0.0,0.07356243,0.0,0.0,0.0,0.0,0.0,0.0
3,0,0.92643756,0.0,0.07356243,0.0,0.0,0.0,0.0,0.0,0.0
3,0,0.92643756,0.0,0.07356243,0.0,0.0,0.0,0.0,0.0,0.0
3,0,0.92643756,0.0,0.07356243,0.0,0.0,0.0,0.0,0.0,0.0
3,0,0.92643756,0.0,0.07356243,0.0,0.0,0.0,0.0,0.0,0.0
3,0,0.92643756,0.0,0.07356243,0.0,0.0,0.0,0.0,0.0,0.0
3,0,0.92643756,0.0,0.07356243,0.0,0.0,0.0,0.0,0.0,0.0
3,0,0.92643756,0.0,0.07356243,0.0,0.0,0.0,0.0,0.0,0.0
3,0,0.92643756,0.0,0.07356243,0.0,0.0,0.0,0.0,0.0,0.0
3,0,0.92643756,0.0,0.07356243,0.0,0.0,0.0,0.0,0.0,0.0
3,0,0.92643756,0.0,0.07356243,0.0,0.0,0.0,0.0,0.0,0.0
3,0,0.92643756,0.0,0.07356243,0.0,0.0,0.0,0.0,0.0,0.0
3,0,0.92643756,0.0,0.07356243,0.0,0.0,0.0,0.0,0.0,0.0
3,0,0.92643756,0.0,0.07356243,0.0,0.0,0.0,0.0,0.0,0.0
3,0,0.92643756,0.0,0.07356243,0.0,0.0,0.0,0.0,0.0,0.0
3,0,0.92643756,0.0,0.07356243,0.0,0.0,0.0,0.0,0.0,0.0
3,0,0.92643756,0.0,0.07356243,0.0,0.0,0.0,0.0,0.0,0.0
3,0,0.86726826,0.0,0.07356243,0.0,0.0,0.0,0.0,0.05916933,0.0
3,0,0.86726826,0.0,0.07356243,0.0,0.0,0.0,0.0,0.05916933,0.0
3,0,0.86726826,0.0,0.07356243,0.0,0.0,0.0,0.0,0.05916933,0.0
3,0,0.86726826,0.0,0.07356243,0.0,0.0,0.0,0.0,0.05916933,0.0
3,0,0.86726826,0.0,0.07356243,0.0,0.0,0.0,0.0,0.05916933,0.0
3,0,0.86726826,0.0,0.07356243,0.0,0.0,0.0,0.0,0.05916933,0.0
3,0,0.86726826,0.0,0.07356243,0.0,0.0,0.0,0.0,0.05916933,0.0
3,0,0.86726826,0.0,0.07356243,0.0,0.0,0.0,0.0,0.05916933,0.0
3,0,0.86726826,0.0,0.07356243,0.0,0.0,0.0,0.0,0.05916933,0.0
3,0,0.86726826,0.0,0.07356243,0.0,0.0,0.0,0.0,0.05916933,0.0
3,0,0.86726826,0.0,0.07356243,0.0,0.0,0.0,0.0,0.05916933,0.0
3,0,0.86726826,0.0,0.07356243,0.0,0.0,0.0,0.0,0.05916933,0.0
3,0,0.86726826,0.0,0.07356243,0.0,0.0,0.0,0.0,0.05916933,0.0
3,0,0.86726826,0.0,0.07356243,0.0,0.0,0.0,0.0,0.05916933,0.0
3,0,0.86726826,0.0,0.07356243,0.0,0.0,0.0,0.0,0.05916933,0.0
3,0,0.86726826,0.0,0.07356243,0.0,0.0,0.0,0.0,0.05916933,0.0
3,0,0.86726826,0.0,0.07356243,0.0,0.0,0.0,0.0,0.05916933,0.0
3,0,0.86726826,0.0,0.07356243,0.0,0.0,0.0,0.0,0.05916933,0.0
3,0,0.86726826,0.0,0.07356243,0.0,0.0,0.0,0.0,0.05916933,0.0
3,0,0.86726826,0.0,0.07356243,0.0,0.0,0.0,0.0,0.05916933,0.0
3,0,0.86726826,0.0,0.07356243,0.0,0.0,0.0,0.0,0.05916933,0.0
3,0,0.86726826,0.0,0.07356243,0.0,0.0,0.0,0.0,0.05916933,0.0
3,0,0.86726826,0.0,0.07356243,0.0,0.0,0.0,0.0,0.05916933,0.0
3,0,0.86726826,0.0,0.07356243,0.0,0.0,0.0,0.0,0.05916933,0.0
3,0,0.86726826,0.0,0.07356243,0.0,0.0,0.0,0.0,0.05916933,0.0
3,0,0.86726826,0.0,0.07356243,0.0,0.0,0.0,0.0,0.05916933,0.0
3,0,0.86726826,0.0,0.07356243,0.0,0.0,0.0,0.0,0.05916933,0.0
3,0,0.86726826,0.0,0.07356243,0.0,0.0,0.0,0.0,0.05916933,0.0
3,0,0.86726826,0.0,0.07356243,0.0,0.0,0.0,0.0,0.05916933,0.0
3,0,0.86726826,0.0,0.07356243,0.0,0.0,0.0,0.0,0.05916933,0.0
3,0,0.86726826,0.0,0.07356243,0.0,0.0,0.0,0.0,0.05916933,0.0
3,0,0.86726826,0.0,0.07356243,0.0,0.0,0.0,0.0,0.05916933,0.0
3,0,0.86726826,0.0,0.07356243,0.0,0.0,0.0,0.0,0.05916933,0.0
3,0,0.86726826,0.0,0.07356243,0.0,0.0,0.0,0.0,0.05916933,0.0
3,0,0.86726826,0.0,0.07356243,0.0,0.0,0.0,0.0,0.05916933,0.0
3,0,0.86726826,0.0,0.07356243,0.0,0.0,0.0,0.0,0.05916933,0.0
3,0,0.86726826,0.0,0.07356243,0.0,0.0,0.0,0.0,0.05916933,0.0
3,0,0.86726826,0.0,0.07356243,0.0,0.0,0.0,0.0,0.05916933,0.0
3,0,0.86726826,0.0,0.07356243,0.0,0.0,0.0,0.0,0.05916933,0.0
3,0,0.86726826,0.0,0.07356243,0.0,0.0,0.0,0.0,0.05916933,0.0
3,0,0.86726826,0.0,0.07356243,0.0,0.0,0.0,0.0,0.05916933,0.0
3,0,0.86726826,0.0,0.07356243,0.0,0.0,0.0,0.0,0.05916933,0.0
3,0,0.86726826,0.0,0.07356243,0.0,0.0,0.0,0.0,0.05916933,0.0
3,0,0.86726826,0.0,0.07356243,0.0,0.0,0.0,0.0,0.05916933,0.0
3,0,0.86726826,0.0,0.07356243,0.0,0.0,0.0,0.0,0.05916933,0.0
3,0,0.86726826,0.0,0.07356243,0.0,0.0,0.0,0.0,0.05916933,0.0
3,0,0.86726826,0.0,0.07356243,0.0,0.0,0.0,0.0,0.05916933,0.0
3,0,0.86726826,0.0,0.07356243,0.0,0.0,0.0,0.0,0.05916933,0.0
3,0,0.86726826,0.0,0.07356243,0.0,0.0,0.0,0.0,0.05916933,0.0
3,0,0.86726826,0.0,0.07356243,0.0,0.0,0.0,0.0,0.05916933,0.0
3,0,0.86726826,0.0,0.07356243,0.0,0.0,0.0,0.0,0.05916933,0.0
3,0,0.86726826,0.0,0.07356243,0.0,0.0,0.0,0.0,0.05916933,0.0
3,0,0.86726826,0.0,0.07356243,0.0,0.0,0.0,0.0,0.05916933,0.0
3,0,0.86726826,0.0,0.07356243,0.0,0.0,0.0,0.0,0.05916933,0.0
3,0,0.86726826,0.0,0.07356243,0.0,0.0,0.0,0.0,0.05916933,0.0
3,0,0.86726826,0.0,0.07356243,0.0,0.0,0.0,0.0,0.05916933,0.0
3,0,0.86726826,0.0,0.07356243,0.0,0.0,0.0,0.0,0.05916933,0.0
3,0,0.86726826,0.0,0.07356243,0.0,0.0,0.0,0.0,0.05916933,0.0
3,0,0.86726826,0.0,0.07356243,0.0,0.0,0.0,0.0,0.05916933,0.0
3,0,0.86726826,0.0,0.07356243,0.0,0.0,0.0,0.0,0.05916933,0.0
3,0,0.86726826,0.0,0.07356243,0.0,0.0,0.0,0.0,0.05916933,0.0
3,0,0.86726826,0.0,0.07356243,0.0,0.0,0.0,0.0,0.05916933,0.0
3,0,0.86726826,0.07356243,0.0,0.0,0.0,0.0,0.0,0.05916933,0.0
3,0,0.86726826,0.07356243,0.0,0.0,0.0,0.0,0.0,0.05916933,0.0
3,0,0.86726826,0.07356243,0.0,0.0,0.0,0.0,0.0,0.05916933,0.0
3,0,0.86726826,0.07356243,0.0,0.0,0.0,0.0,0.0,0.05916933,0.0
3,0,0.86726826,0.07356243,0.0,0.0,0.0,0.0,0.0,0.05916933,0.0
3,0,0.86726826,0.07356243,0.0,0.0,0.0,0.0,0.0,0.05916933,0.0
3,0,0.86726826,0.07356243,0.0,0.0,0.0,0.0,0.0,0.05916933,0.0
3,0,0.86726826,0.07356243,0.0,0.0,0.0,0.0,0.0,0.05916933,0.0
3,0,0.86726826,0.07356243,0.0,0.0,0.0,0.0,0.0,0.05916933,0.0
3,0,0.86726826,0.07356243,0.0,0.0,0.0,0.0,0.0,0.05916933,0.0
3,0,0.86726826,0.07356243,0.0,0.0,0.0,0.0,0.0,0.05916933,0.0
3,0,0.86726826,0.07356243,0.0,0.0,0.0,0.0,0.0,0.05916933,0.0
3,0,0.86726826,0.07356243,0.0,0.0,0.0,0.0,0.0,0.05916933,0.0
3,0,0.86726826,0.07356243,0.0,0.0,0.0,0.0,0.0,0.05916933,0.0
3,0,0.86726826,0.07356243,0.0,0.0,0.0,0.0,0.0,0.05916933,0.0
3,0,0.86726826,0.07356243,0.0,0.0,0.0,0.0,0.0,0.05916933,0.0
3,0,0.86726826,0.07356243,0.0,0.0,0.0,0.0,0.0,0.05916933,0.0
3,0,0.86726826,0.07356243,0.0,0.0,0.0,0.0,0.0,0.05916933,0.0
3,0,0.86726826,0.07356243,0.0,0.0,0.0,0.0,0.0,0.05916933,0.0
3,0,0.86726826,0.07356243,0.0,0.0,0.0,0.0,0.0,0.05916933,0.0
3,0,0.86726826,0.07356243,0.0,0.0,0.0,0.0,0.0,0.05916933,0.0
3,0,0.86726826,0.07356243,0.0,0.0,0.0,0.0,0.0,0.05916933,0.0
3,0,0.86726826,0.07356243,0.0,0.0,0.0,0.0,0.0,0.05916933,0.0
3,0,0.86726826,0.07356243,0.0,0.0,0.0,0.0,0.0,0.05916933,0.0
3,0,0.86726826,0.07356243,0.0,0.0,0.0,0.0,0.0,0.05916933,0.0
3,0,0.86726826,0.07356243,0.0,0.0,0.0,0.0,0.0,0.05916933,0.0
3,0,0.86726826,0.07356243,0.0,0.0,0.0,0.0,0.0,0.05916933,0.0
3,0,0.86726826,0.07356243,0.0,0.0,0.0,0.0,0.0,0.05916933,0.0
3,0,0.86726826,0.07356243,0.0,0.0,0.0,0.0,0.0,0.05916933,0.0
3,0,0.86726826,0.07356243,0.0,0.0,0.0,0.0,0.0,0.05916933,0.0
3,0,0.86726826,0.07356243,0.0,0.0,0.0,0.0,0.0,0.05916933,0.0
3,0,0.86726826,0.07356243,0.0,0.0,0.0,0.0,0.0,0.05916933,0.0
3,0,0.86726826,0.07356243,0.0,0.0,0.0,0.0,0.0,0.05916933,0.0
3,0,0.86726826,0.07356243,0.0,0.0,0.0,0.0,0.0,0.05916933,0.0
3,0,0.86726826,0.07356243,0.0,0.0,0.0,0.0,0.0,0.05916933,0.0
3,0,0.86726826,0.07356243,0.0,0.0,0.0,0.0,0.0,0.05916933,0.0
3,0,0.86726826,0.07356243,0.0,0.0,0.0,0.0,0.0,0.05916933,0.0
3,0,0.86726826,0.07356243,0.0,0.0,0.0,0.0,0.0,0.05916933,0.0
3,0,0.86726826,0.07356243,0.0,0.0,0.0,0.0,0.0,0.05916933,0.0
3,0,0.86726826,0.07356243,0.0,0.0,0.0,0.0,0.0,0.05916933,0.0
3,0,0.86726826,0.07356243,0.0,0.0,0.0,0.0,0.0,0.05916933,0.0
3,0,0.86726826,0.07356243,0.0,0.0,0.0,0.0,0.0,0.05916933,0.0
3,0,0.86726826,0.07356243,0.0,0.0,0.0,0.0,0.0,0.05916933,0.0
3,0,0.86726826,0.07356243,0.0,0.0,0.0,0.0,0.0,0.05916933,0.0
3,0,0.86726826,0.07356243,0.0,0.0,0.0,0.0,0.0,0.05916933,0.0
3,0,0.86726826,0.07356243,0.0,0.0,0.0,0.0,0.0,0.05916933,0.0
3,0,0.86726826,0.07356243,0.0,0.0,0.0,0.0,0.0,0.05916933,0.0
3,0,0.86726826,0.07356243,0.0,0.0,0.0,0.0,0.0,0.05916933,0.0
3,0,0.86726826,0.07356243,0.0,0.0,0.0,0.0,0.0,0.05916933,0.0
3,0,0.86726826,0.07356243,0.0,0.0,0.0,0.0,0.0,0.05916933,0.0
3,0,0.86726826,0.07356243,0.0,0.0,0.0,0.0,0.0,0.05916933,0.0
3,0,0.86726826,0.07356243,0.0,0.0,0.0,0.0,0.0,0.05916933,0.0
3,0,0.86726826,0.07356243,0.0,0.0,0.0,0.0,0.0,0.05916933,0.0
3,0,0.86726826,0.07356243,0.0,0.0,0.0,0.0,0.0,0.05916933,0.0
3,0,0.86726826,0.07356243,0.0,0.0,0.0,0.0,0.0,0.05916933,0.0
3,0,0.86726826,0.07356243,0.0,0.0,0.0,0.0,0.0,0.05916933,0.0
3,0,0.86726826,0.07356243,0.0,0.0,0.0,0.0,0.0,0.05916933,0.0
3,0,0.86726826,0.07356243,0.0,0.0,0.0,0.0,0.0,0.05916933,0.0
3,0,0.86726826,0.07356243,0.0,0.0,0.0,0.0,0.0,0.05916933,0.0
3,0,0.86726826,0.07356243,0.0,0.0,0.0,0.0,0.0,0.05916933,0.0
3,0,0.86726826,0.07356243,0.0,0.0,0.0,0.0,0.0,0.05916933,0.0
3,0,0.86726826,0.07356243,0.0,0.0,0.0,0.0,0.0,0.05916933,0.0
3,0,0.86726826,0.07356243,0.0,0.0,0.0,0.0,0.0,0.05916933,0.0
3,0,0.86726826,0.07356243,0.0,0.0,0.0,0.0,0.0,0.05916933,0.0
3,0,0.86726826,0.07356243,0.0,0.0,0.0,0.0,0.0,0.05916933,0.0
3,0,0.86726826,0.07356243,0.0,0.0,0.0,0.0,0.0,0.05916933,0.0
3,0,0.86726826,0.07356243,0.0,0.0,0.0,0.0,0.0,0.05916933,0.0
3,0,0.86726826,0.07356243,0.0,0.0,0.0,0.0,0.0,0.05916933,0.0
3,0,0.86726826,0.07356243,0.0,0.0,0.0,0.0,0.0,0.05916933,0.0
3,0,0.86726826,0.07356243,0.0,0.0,0.0,0.0,0.0,0.05916933,0.0
3,0,0.86726826,0.07356243,0.0,0.0,0.0,0.0,0.0,0.05916933,0.0
3,0,0.86726826,0.07356243,0.0,0.0,0.0,0.0,0.0,0.05916933,0.0
3,0,0.86726826,0.07356243,0.0,0.0,0.0,0.0,0.0,0.05916933,0.0
3,0,0.86726826,0.07356243,0.0,0.0,0.0,0.0,0.0,0.05916933,0.0
3,0,0.86726826,0.07356243,0.0,0.0,0.0,0.0,0.0,0.05916933,0.0
3,0,0.86726826,0.07356243,0.0,0.0,0.0,0.0,0.0,0.05916933,0.0
3,0,0.86726826,0.07356243,0.0,0.0,0.0,0.0,0.0,0.05916933,0.0
3,0,0.86726826,0.07356243,0.0,0.0,0.0,0.0,0.0,0.05916933,0.0
3,0,0.86726826,0.07356243,0.0,0.0,0.0,0.0,0.0,0.05916933,0.0
3,0,0.86726826,0.07356243,0.0,0.0,0.0,0.0,0.0,0.05916933,0.0
3,0,0.86726826,0.07356243,0.0,0.0,0.0,0.0,0.0,0.05916933,0.0
3,0,0.86726826,0.07356243,0.0,0.0,0.0,0.0,0.0,0.05916933,0.0
3,0,0.86726826,0.07356243,0.0,0.0,0.0,0.0,0.0,0.05916933,0.0
3,0,0.86726826,0.07356243,0.0,0.0,0.0,0.0,0.0,0.05916933,0.0
3,0,0.86726826,0.07356243,0.0,0.0,0.0,0.0,0.0,0.05916933,0.0
3,0,0.86726826,0.07356243,0.0,0.0,0.0,0.0,0.0,0.05916933,0.0
3,0,0.86726826,0.07356243,0.0,0.0,0.0,0.0,0.0,0.05916933,0.0
3,0,0.86726826,0.07356243,0.0,0.0,0.0,0.0,0.0,0.05916933,0.0
3,0,0.86726826,0.07356243,0.0,0.0,0.0,0.0,0.0,0.05916933,0.0
3,0,0.86726826,0.07356243,0.0,0.0,0.0,0.0,0.0,0.05916933,0.0
3,0,0.86726826,0.07356243,0.0,0.0,0.0,0.0,0.0,0.05916933,0.0
3,0,0.86726826,0.07356243,0.0,0.0,0.0,0.0,0.0,0.05916933,0.0
3,0,0.86726826,0.07356243,0.0,0.0,0.0,0.0,0.0,0.05916933,0.0
3,0,0.86726826,0.07356243,0.0,0.0,0.0,0.0,0.0,0.05916933,0.0
3,0,0.86726826,0.07356243,0.0,0.0,0.0,0.0,0.0,0.05916933,0.0
3,0,0.86726826,0.07356243,0.0,0.0,0.0,0.0,0.0,0.05916933,0.0
3,0,0.86726826,0.07356243,0.0,0.0,0.0,0.0,0.0,0.05916933,0.0
3,0,0.86726826,0.07356243,0.0,0.0,0.0,0.0,0.0,0.05916933,0.0
3,0,0.80255294,0.07356243,0.0,0.064715296,0.0,0.0,0.0,0.05916933,0.0
3,0,0.80255294,0.07356243,0.0,0.064715296,0.0,0.0,0.0,0.05916933,0.0
3,0,0.80255294,0.07356243,0.0,0.064715296,0.0,0.0,0.0,0.05916933,0.0
3,0,0.80255294,0.07356243,0.0,0.064715296,0.0,0.0,0.0,0.05916933,0.0
3,0,0.80255294,0.07356243,0.0,0.064715296,0.0,0.0,0.0,0.05916933,0.0
3,0,0.80255294,0.07356243,0.0,0.064715296,0.0,0.0,0.0,0.05916933,0.0
3,0,0.80255294,0.07356243,0.0,0.064715296,0.0,0.0,0.0,0.05916933,0.0
3,0,0.80255294,0.07356243,0.0,0.064715296,0.0,0.0,0.0,0.05916933,0.0
3,0,0.80255294,0.07356243,0.0,0.064715296,0.0,0.0,0.0,0.05916933,0.0
3,0,0.80255294,0.07356243,0.0,0.064715296,0.0,0.0,0.0,0.05916933,0.0
3,0,0.80255294,0.07356243,0.0,0.064715296,0.0,0.0,0.0,0.05916933,0.0
3,0,0.80255294,0.07356243,0.0,0.064715296,0.0,0.0,0.0,0.05916933,0.0
3,0,0.80255294,0.07356243,0.0,0.064715296,0.0,0.0,0.0,0.05916933,0.0
3,0,0.80255294,0.07356243,0.0,0.064715296,0.0,0.0,0.0,0.05916933,0.0
3,0,0.80255294,0.07356243,0.0,0.064715296,0.0,0.0,0.0,0.05916933,0.0
3,0,0.80255294,0.07356243,0.0,0.064715296,0.0,0.0,0.0,0.05916933,0.0
3,0,0.80255294,0.07356243,0.0,0.064715296,0.0,0.0,0.0,0.05916933,0.0
3,0,0.80255294,0.07356243,0.0,0.064715296,0.0,0.0,0.0,0.05916933,0.0
3,0,0.80255294,0.07356243,0.0,0.064715296,0.0,0.0,0.0,0.05916933,0.0
3,0,0.80255294,0.07356243,0.0,0.064715296,0.0,0.0,0.0,0.05916933,0.0
3,0,0.80255294,0.07356243,0.0,0.064715296,0.0,0.0,0.0,0.05916933,0.0
3,0,0.80255294,0.07356243,0.0,0.064715296,0.0,0.0,0.0,0.05916933,0.0
3,0,0.80255294,0.07356243,0.0,0.064715296,0.0,0.0,0.0,0.05916933,0.0
3,0,0.80255294,0.07356243,0.0,0.064715296,0.0,0.0,0.0,0.05916933,0.0
3,0,0.80255294,0.07356243,0.0,0.064715296,0.0,0.0,0.0,0.05916933,0.0
3,0,0.80255294,0.07356243,0.0,0.064715296,0.0,0.0,0.0,0.05916933,0.0
3,0,0.80255294,0.07356243,0.0,0.064715296,0.0,0.0,0.0,0.05916933,0.0
3,0,0.80255294,0.07356243,0.0,0.064715296,0.0,0.0,0.0,0.05916933,0.0
3,0,0.80255294,0.07356243,0.0,0.064715296,0.0,0.0,0.0,0.05916933,0.0
3,0,0.80255294,0.07356243,0.0,0.064715296,0.0,0.0,0.0,0.05916933,0.0
3,0,0.80255294,0.07356243,0.0,0.064715296,0.0,0.0,0.0,0.05916933,0.0
3,0,0.80255294,0.07356243,0.0,0.064715296,0.0,0.0,0.0,0.05916933,0.0
3,0,0.80255294,0.07356243,0.0,0.064715296,0.0,0.0,0.0,0.05916933,0.0
3,0,0.80255294,0.07356243,0.0,0.064715296,0.0,0.0,0.0,0.05916933,0.0
3,0,0.80255294,0.07356243,0.0,0.064715296,0.0,0.0,0.0,0.05916933,0.0
3,0,0.80255294,0.07356243,0.0,0.064715296,0.0,0.0,0.0,0.05916933,0.0
3,0,0.80255294,0.07356243,0.0,0.064715296,0.0,0.0,0.0,0.05916933,0.0
3,0,0.80255294,0.07356243,0.0,0.064715296,0.0,0.0,0.0,0.05916933,0.0
3,0,0.80255294,0.07356243,0.0,0.064715296,0.0,0.0,0.0,0.05916933,0.0
3,0,0.80255294,0.07356243,0.0,0.064715296,0.0,0.0,0.0,0.05916933,0.0
3,0,0.80255294,0.07356243,0.0,0.064715296,0.0,0.0,0.0,0.05916933,0.0
3,0,0.80255294,0.07356243,0.0,0.064715296,0.0,0.0,0.0,0.05916933,0.0
3,0,0.80255294,0.07356243,0.0,0.064715296,0.0,0.0,0.0,0.05916933,0.0
3,0,0.80255294,0.07356243,0.0,0.064715296,0.0,0.0,0.0,0.05916933,0.0
3,0,0.80255294,0.07356243,0.0,0.064715296,0.0,0.0,0.0,0.05916933,0.0
3,0,0.80255294,0.07356243,0.0,0.064715296,0.0,0.0,0.0,0.05916933,0.0
3,0,0.80255294,0.07356243,0.0,0.064715296,0.0,0.0,0.0,0.05916933,0.0
3,0,0.80255294,0.07356243,0.0,0.064715296,0.0,0.0,0.0,0.05916933,0.0
3,0,0.80255294,0.07356243,0.0,0.064715296,0.0,0.0,0.0,0.05916933,0.0
3,0,0.80255294,0.07356243,0.0,0.064715296,0.0,0.0,0.0,0.05916933,0.0
3,0,0.80255294,0.07356243,0.0,0.064715296,0.0,0.0,0.0,0.05916933,0.0
3,0,0.80255294,0.07356243,0.0,0.064715296,0.0,0.0,0.0,0.05916933,0.0
3,0,0.80255294,0.07356243,0.0,0.064715296,0.0,0.0,0.0,0.05916933,0.0
3,0,0.80255294,0.07356243,0.0,0.064715296,0.0,0.0,0.0,0.05916933,0.0
3,0,0.80255294,0.07356243,0.0,0.064715296,0.0,0.0,0.0,0.05916933,0.0
3,0,0.80255294,0.07356243,0.0,0.064715296,0.0,0.0,0.0,0.05916933,0.0
3,0,0.80255294,0.07356243,0.0,0.064715296,0.0,0.0,0.0,0.05916933,0.0
3,0,0.80255294,0.07356243,0.0,0.064715296,0.0,0.0,0.0,0.05916933,0.0
3,0,0.80255294,0.07356243,0.0,0.064715296,0.0,0.0,0.0,0.05916933,0.0
3,0,0.80255294,0.07356243,0.0,0.064715296,0.0,0.0,0.0,0.05916933,0.0
3,0,0.80255294,0.07356243,0.0,0.064715296,0.0,0.0,0.0,0.05916933,0.0
3,0,0.80255294,0.07356243,0.0,0.064715296,0.0,0.0,0.0,0.05916933,0.0
3,0,0.80255294,0.07356243,0.0,0.064715296,0.0,0.0,0.0,0.05916933,0.0
3,0,0.80255294,0.07356243,0.0,0.064715296,0.0,0.0,0.0,0.05916933,0.0
3,0,0.80255294,0.07356243,0.0,0.064715296,0.0,0.0,0.0,0.05916933,0.0
3,0,0.80255294,0.07356243,0.0,0.064715296,0.0,0.0,0.0,0.05916933,0.0
3,0,0.80255294,0.07356243,0.0,0.064715296,0.0,0.0,0.0,0.05916933,0.0
3,0,0.80255294,0.07356243,0.0,0.064715296,0.0,0.0,0.0,0.05916933,0.0
3,0,0.80255294,0.07356243,0.0,0.064715296,0.0,0.0,0.0,0.05916933,0.0
3,0,0.80255294,0.07356243,0.0,0.064715296,0.0,0.0,0.0,0.05916933,0.0
3,0,0.80255294,0.07356243,0.0,0.064715296,0.0,0.0,0.0,0.05916933,0.0
3,0,0.80255294,0.07356243,0.0,0.064715296,0.0,0.0,0.0,0.05916933,0.0
3,0,0.80255294,0.07356243,0.0,0.064715296,0.0,0.0,0.0,0.05916933,0.0
3,0,0.80255294,0.07356243,0.0,0.064715296,0.0,0.0,0.0,0.05916933,0.0
3,0,0.80255294,0.07356243,0.0,0.064715296,0.0,0.0,0.0,0.05916933,0.0
3,0,0.80255294,0.07356243,0.0,0.064715296,0.0,0.0,0.0,0.05916933,0.0
3,0,0.80255294,0.07356243,0.0,0.064715296,0.0,0.0,0.0,0.05916933,0.0
3,0,0.80255294,0.07356243,0.0,0.064715296,0.0,0.0,0.0,0.05916933,0.0
3,0,0.80255294,0.07356243,0.0,0.064715296,0.0,0.0,0.0,0.05916933,0.0
3,0,0.80255294,0.07356243,0.0,0.064715296,0.0,0.0,0.0,0.05916933,0.0
3,0,0.80255294,0.07356243,0.0,0.064715296,0.0,0.0,0.0,0.05916933,0.0
3,0,0.80255294,0.07356243,0.0,0.064715296,0.0,0.0,0.0,0.05916933,0.0
3,0,0.80255294,0.07356243,0.0,0.064715296,0.0,0.0,0.0,0.05916933,0.0
3,0,0.80255294,0.07356243,0.0,0.064715296,0.0,0.0,0.0,0.05916933,0.0
3,0,0.80255294,0.07356243,0.0,0.064715296,0.0,0.0,0.0,0.05916933,0.0
3,0,0.80255294,0.07356243,0.0,0.064715296,0.0,0.0,0.0,0.05916933,0.0
3,0,0.80255294,0.07356243,0.0,0.064715296,0.0,0.0,0.0,0.05916933,0.0
3,0,0.80255294,0.07356243,0.0,0.064715296,0.0,0.0,0.0,0.05916933,0.0
3,0,0.80255294,0.07356243,0.0,0.064715296,0.0,0.0,0.0,0.05916933,0.0
3,0,0.80255294,0.07356243,0.0,0.064715296,0.0,0.0,0.0,0.05916933,0.0
3,0,0.80255294,0.07356243,0.0,0.064715296,0.0,0.0,0.0,0.05916933,0.0
3,0,0.80255294,0.07356243,0.0,0.064715296,0.0,0.0,0.0,0.05916933,0.0
3,0,0.80255294,0.07356243,0.0,0.064715296,0.0,0.0,0.0,0.05916933,0.0
3,0,0.80255294,0.07356243,0.0,0.064715296,0.0,0.0,0.0,0.05916933,0.0
3,0,0.80255294,0.07356243,0.0,0.064715296,0.0,0.0,0.0,0.05916933,0.0
3,0,0.80255294,0.07356243,0.0,0.064715296,0.0,0.0,0.0,0.05916933,0.0
3,0,0.80255294,0.07356243,0.0,0.064715296,0.0,0.0,0.0,0.05916933,0.0
3,0,0.80255294,0.07356243,0.0,0.064715296,0.0,0.0,0.0,0.05916933,0.0
3,0,0.80255294,0.07356243,0.0,0.064715296,0.0,0.0,0.0,0.05916933,0.0
3,0,0.80255294,0.07356243,0.0,0.064715296,0.0,0.0,0.0,0.05916933,0.0
3,0,0.80255294,0.07356243,0.0,0.064715296,0.0,0.0,0.0,0.05916933,0.0
3,0,0.80255294,0.07356243,0.0,0.064715296,0.0,0.0,0.0,0.05916933,0.0
3,0,0.80255294,0.07356243,0.0,0.064715296,0.0,0.0,0.0,0.05916933,0.0
3,0,0.80255294,0.07356243,0.0,0.064715296,0.0,0.0,0.0,0.05916933,0.0
3,0,0.80255294,0.07356243,0.0,0.064715296,0.0,0.0,0.0,0.05916933,0.0
3,0,0.80255294,0.07356243,0.0,0.064715296,0.0,0.0,0.0,0.05916933,0.0
3,0,0.80255294,0.07356243,0.0,0.064715296,0.0,0.0,0.0,0.05916933,0.0
3,0,0.80255294,0.07356243,0.0,0.064715296,0.0,0.0,0.0,0.05916933,0.0
3,0,0.80255294,0.07356243,0.0,0.064715296,0.0,0.0,0.0,0.05916933,0.0
3,0,0.80255294,0.07356243,0.0,0.064715296,0.0,0.0,0.0,0.05916933,0.0
3,0,0.80255294,0.07356243,0.0,0.064715296,0.0,0.0,0.0,0.05916933,0.0
3,0,0.80255294,0.07356243,0.0,0.064715296,0.0,0.0,0.0,0.05916933,0.0
3,0,0.80255294,0.07356243,0.0,0.064715296,0.0,0.0,0.0,0.05916933,0.0
3,0,0.80255294,0.07356243,0.0,0.064715296,0.0,0.0,0.0,0.05916933,0.0
3,0,0.80255294,0.07356243,0.0,0.064715296,0.0,0.0,0.0,0.05916933,0.0
3,0,0.80255294,0.07356243,0.0,0.064715296,0.0,0.0,0.0,0.05916933,0.0
3,0,0.80255294,0.07356243,0.0,0.064715296,0.0,0.0,0.0,0.05916933,0.0
3,0,0.80255294,0.07356243,0.0,0.064715296,0.0,0.0,0.0,0.05916933,0.0
3,0,0.80255294,0.07356243,0.0,0.064715296,0.0,0.0,0.0,0.05916933,0.0
3,0,0.80255294,0.07356243,0.0,0.064715296,0.0,0.0,0.0,0.05916933,0.0
3,0,0.80255294,0.07356243,0.05916933,0.064715296,0.0,0.0,0.0,0.0,0.0
3,0,0.80255294,0.07356243,0.05916933,0.064715296,0.0,0.0,0.0,0.0,0.0
3,0,0.80255294,0.07356243,0.05916933,0.064715296,0.0,0.0,0.0,0.0,0.0
3,0,0.80255294,0.07356243,0.05916933,0.064715296,0.0,0.0,0.0,0.0,0.0
3,0,0.80255294,0.07356243,0.05916933,0.064715296,0.0,0.0,0.0,0.0,0.0
3,0,0.80255294,0.07356243,0.05916933,0.064715296,0.0,0.0,0.0,0.0,0.0
3,0,0.80255294,0.07356243,0.05916933,0.064715296,0.0,0.0,0.0,0.0,0.0
3,0,0.80255294,0.07356243,0.05916933,0.064715296,0.0,0.0,0.0,0.0,0.0
3,0,0.80255294,0.07356243,0.05916933,0.064715296,0.0,0.0,0.0,0.0,0.0
3,0,0.80255294,0.07356243,0.05916933,0.064715296,0.0,0.0,0.0,0.0,0.0
3,0,0.80255294,0.07356243,0.05916933,0.064715296,0.0,0.0,0.0,0.0,0.0
3,0,0.80255294,0.07356243,0.05916933,0.064715296,0.0,0.0,0.0,0.0,0.0
3,0,0.80255294,0.07356243,0.05916933,0.064715296,0.0,0.0,0.0,0.0,0.0
3,0,0.80255294,0.07356243,0.05916933,0.064715296,0.0,0.0,0.0,0.0,0.0
3,0,0.80255294,0.07356243,0.05916933,0.064715296,0.0,0.0,0.0,0.0,0.0
3,0,0.80255294,0.07356243,0.05916933,0.064715296,0.0,0.0,0.0,0.0,0.0
3,0,0.80255294,0.07356243,0.05916933,0.064715296,0.0,0.0,0.0,0.0,0.0
3,0,0.80255294,0.07356243,0.05916933,0.064715296,0.0,0.0,0.0,0.0,0.0
3,0,0.80255294,0.07356243,0.05916933,0.064715296,0.0,0.0,0.0,0.0,0.0
3,0,0.80255294,0.07356243,0.05916933,0.064715296,0.0,0.0,0.0,0.0,0.0
3,0,0.80255294,0.07356243,0.05916933,0.064715296,0.0,0.0,0.0,0.0,0.0
3,0,0.80255294,0.07356243,0.05916933,0.064715296,0.0,0.0,0.0,0.0,0.0
3,0,0.80255294,0.07356243,0.05916933,0.064715296,0.0,0.0,0.0,0.0,0.0
3,0,0.80255294,0.07356243,0.05916933,0.064715296,0.0,0.0,0.0,0.0,0.0
3,0,0.86726826,0.07356243,0.05916933,0.0,0.0,0.0,0.0,0.0,0.0
3,0,0.86726826,0.07356243,0.05916933,0.0,0.0,0.0,0.0,0.0,0.0
3,0,0.86726826,0.07356243,0.05916933,0.0,0.0,0.0,0.0,0.0,0.0
3,0,0.86726826,0.07356243,0.05916933,0.0,0.0,0.0,0.0,0.0,0.0
3,0,0.86726826,0.07356243,0.05916933,0.0,0.0,0.0,0.0,0.0,0.0
3,0,0.86726826,0.07356243,0.05916933,0.0,0.0,0.0,0.0,0.0,0.0
3,0,0.86726826,0.07356243,0.05916933,0.0,0.0,0.0,0.0,0.0,0.0
3,0,0.86726826,0.07356243,0.05916933,0.0,0.0,0.0,0.0,0.0,0.0
3,0,0.86726826,0.07356243,0.05916933,0.0,0.0,0.0,0.0,0.0,0.0
3,0,0.86726826,0.07356243,0.05916933,0.0,0.0,0.0,0.0,0.0,0.0
3,0,0.86726826,0.07356243,0.05916933,0.0,0.0,0.0,0.0,0.0,0.0
3,0,0.86726826,0.07356243,0.05916933,0.0,0.0,0.0,0.0,0.0,0.0
3,0,0.86726826,0.07356243,0.05916933,0.0,0.0,0.0,0.0,0.0,0.0
3,0,0.86726826,0.07356243,0.05916933,0.0,0.0,0.0,0.0,0.0,0.0
3,0,0.86726826,0.07356243,0.05916933,0.0,0.0,0.0,0.0,0.0,0.0
3,0,0.86726826,0.07356243,0.05916933,0.0,0.0,0.0,0.0,0.0,0.0
3,0,0.86726826,0.07356243,0.05916933,0.0,0.0,0.0,0.0,0.0,0.0
3,0,0.86726826,0.07356243,0.05916933,0.0,0.0,0.0,0.0,0.0,0.0
3,0,0.86726826,0.07356243,0.05916933,0.0,0.0,0.0,0.0,0.0,0.0
3,0,0.86726826,0.07356243,0.05916933,0.0,0.0,0.0,0.0,0.0,0.0
3,0,0.86726826,0.07356243,0.05916933,0.0,0.0,0.0,0.0,0.0,0.0
3,0,0.86726826,0.07356243,0.05916933,0.0,0.0,0.0,0.0,0.0,0.0
3,0,0.86726826,0.07356243,0.05916933,0.0,0.0,0.0,0.0,0.0,0.0
3,0,0.86726826,0.07356243,0.05916933,0.0,0.0,0.0,0.0,0.0,0.0
3,0,0.86726826,0.07356243,0.05916933,0.0,0.0,0.0,0.0,0.0,0.0
3,0,0.86726826,0.07356243,0.05916933,0.0,0.0,0.0,0.0,0.0,0.0
3,0,0.86726826,0.07356243,0.05916933,0.0,0.0,0.0,0.0,0.0,0.0
3,0,0.86726826,0.07356243,0.05916933,0.0,0.0,0.0,0.0,0.0,0.0
3,0,0.86726826,0.07356243,0.05916933,0.0,0.0,0.0,0.0,0.0,0.0
3,0,0.86726826,0.07356243,0.05916933,0.0,0.0,0.0,0.0,0.0,0.0
3,0,0.86726826,0.07356243,0.05916933,0.0,0.0,0.0,0.0,0.0,0.0
3,0,0.86726826,0.07356243,0.05916933,0.0,0.0,0.0,0.0,0.0,0.0
3,0,0.86726826,0.07356243,0.05916933,0.0,0.0,0.0,0.0,0.0,0.0
3,0,0.86726826,0.07356243,0.05916933,0.0,0.0,0.0,0.0,0.0,0.0
3,0,0.86726826,0.07356243,0.05916933,0.0,0.0,0.0,0.0,0.0,0.0
3,0,0.86726826,0.07356243,0.05916933,0.0,0.0,0.0,0.0,0.0,0.0
3,0,0.86726826,0.07356243,0.05916933,0.0,0.0,0.0,0.0,0.0,0.0
3,0,0.86726826,0.07356243,0.05916933,0.0,0.0,0.0,0.0,0.0,0.0
3,0,0.86726826,0.07356243,0.05916933,0.0,0.0,0.0,0.0,0.0,0.0
3,0,0.86726826,0.07356243,0.05916933,0.0,0.0,0.0,0.0,0.0,0.0
3,0,0.86726826,0.07356243,0.05916933,0.0,0.0,0.0,0.0,0.0,0.0
3,0,0.86726826,0.07356243,0.05916933,0.0,0.0,0.0,0.0,0.0,0.0
3,0,0.86726826,0.07356243,0.05916933,0.0,0.0,0.0,0.0,0.0,0.0
3,0,0.86726826,0.07356243,0.05916933,0.0,0.0,0.0,0.0,0.0,0.0
3,0,0.86726826,0.07356243,0.05916933,0.0,0.0,0.0,0.0,0.0,0.0
3,0,0.86726826,0.07356243,0.05916933,0.0,0.0,0.0,0.0,0.0,0.0
3,0,0.86726826,0.07356243,0.05916933,0.0,0.0,0.0,0.0,0.0,0.0
3,0,0.86726826,0.07356243,0.05916933,0.0,0.0,0.0,0.0,0.0,0.0
3,0,0.86726826,0.07356243,0.05916933,0.0,0.0,0.0,0.0,0.0,0.0
3,0,0.86726826,0.07356243,0.05916933,0.0,0.0,0.0,0.0,0.0,0.0
3,0,0.86726826,0.07356243,0.05916933,0.0,0.0,0.0,0.0,0.0,0.0
3,0,0.86726826,0.07356243,0.05916933,0.0,0.0,0.0,0.0,0.0,0.0
3,0,0.86726826,0.07356243,0.05916933,0.0,0.0,0.0,0.0,0.0,0.0
3,0,0.86726826,0.07356243,0.05916933,0.0,0.0,0.0,0.0,0.0,0.0
3,0,0.86726826,0.07356243,0.05916933,0.0,0.0,0.0,0.0,0.0,0.0
3,0,0.86726826,0.07356243,0.05916933,0.0,0.0,0.0,0.0,0.0,0.0
3,0,0.86726826,0.07356243,0.05916933,0.0,0.0,0.0,0.0,0.0,0.0
3,0,0.86726826,0.07356243,0.05916933,0.0,0.0,0.0,0.0,0.0,0.0
3,0,0.86726826,0.07356243,0.05916933,0.0,0.0,0.0,0.0,0.0,0.0
3,0,0.86726826,0.07356243,0.05916933,0.0,0.0,0.0,0.0,0.0,0.0
3,0,0.86726826,0.07356243,0.05916933,0.0,0.0,0.0,0.0,0.0,0.0
3,0,0.86726826,0.07356243,0.05916933,0.0,0.0,0.0,0.0,0.0,0.0
3,0,0.86726826,0.07356243,0.05916933,0.0,0.0,0.0,0.0,0.0,0.0
3,0,0.86726826,0.07356243,0.05916933,0.0,0.0,0.0,0.0,0.0,0.0
3,0,0.86726826,0.07356243,0.05916933,0.0,0.0,0.0,0.0,0.0,0.0
3,0,0.86726826,0.07356243,0.05916933,0.0,0.0,0.0,0.0,0.0,0.0
3,0,0.86726826,0.07356243,0.05916933,0.0,0.0,0.0,0.0,0.0,0.0
3,0,0.86726826,0.07356243,0.05916933,0.0,0.0,0.0,0.0,0.0,0.0
3,0,0.86726826,0.07356243,0.05916933,0.0,0.0,0.0,0.0,0.0,0.0
3,0,0.86726826,0.07356243,0.05916933,0.0,0.0,0.0,0.0,0.0,0.0
3,0,0.86726826,0.07356243,0.05916933,0.0,0.0,0.0,0.0,0.0,0.0
3,0,0.86726826,0.07356243,0.05916933,0.0,0.0,0.0,0.0,0.0,0.0
3,0,0.86726826,0.07356243,0.05916933,0.0,0.0,0.0,0.0,0.0,0.0
3,0,0.86726826,0.07356243,0.05916933,0.0,0.0,0.0,0.0,0.0,0.0
3,0,0.86726826,0.07356243,0.05916933,0.0,0.0,0.0,0.0,0.0,0.0
3,0,0.86726826,0.07356243,0.05916933,0.0,0.0,0.0,0.0,0.0,0.0
3,0,0.86726826,0.07356243,0.05916933,0.0,0.0,0.0,0.0,0.0,0.0
3,0,0.86726826,0.07356243,0.05916933,0.0,0.0,0.0,0.0,0.0,0.0
3,0,0.86726826,0.07356243,0.05916933,0.0,0.0,0.0,0.0,0.0,0.0
3,0,0.86726826,0.07356243,0.05916933,0.0,0.0,0.0,0.0,0.0,0.0
3,0,0.8049027,0.07356242,0.121534884,0.0,0.0,0.0,0.0,0.0,0.0
3,0,0.8049027,0.07356242,0.121534884,0.0,0.0,0.0,0.0,0.0,0.0
3,0,0.8049027,0.07356242,0.121534884,0.0,0.0,0.0,0.0,0.0,0.0
3,0,0.8049027,0.07356242,0.121534884,0.0,0.0,0.0,0.0,0.0,0.0
3,0,0.8049027,0.07356242,0.121534884,0.0,0.0,0.0,0.0,0.0,0.0
3,0,0.8049027,0.07356242,0.121534884,0.0,0.0,0.0,0.0,0.0,0.0
3,0,0.8049027,0.07356242,0.121534884,0.0,0.0,0.0,0.0,0.0,0.0
3,0,0.8049027,0.07356242,0.121534884,0.0,0.0,0.0,0.0,0.0,0.0
3,0,0.8049027,0.07356242,0.121534884,0.0,0.0,0.0,0.0,0.0,0.0
3,0,0.8049027,0.07356242,0.121534884,0.0,0.0,0.0,0.0,0.0,0.0
3,0,0.8049027,0.07356242,0.121534884,0.0,0.0,0.0,0.0,0.0,0.0
3,0,0.73381126,0.07356242,0.121534884,0.071091436,0.0,0.0,0.0,0.0,0.0
3,0,0.73381126,0.07356242,0.121534884,0.071091436,0.0,0.0,0.0,0.0,0.0
3,0,0.73381126,0.07356242,0.121534884,0.071091436,0.0,0.0,0.0,0.0,0.0
3,0,0.73381126,0.07356242,0.121534884,0.071091436,0.0,0.0,0.0,0.0,0.0
3,0,0.73381126,0.07356242,0.121534884,0.071091436,0.0,0.0,0.0,0.0,0.0
3,0,0.73381126,0.07356242,0.121534884,0.071091436,0.0,0.0,0.0,0.0,0.0
3,0,0.73381126,0.07356242,0.121534884,0.071091436,0.0,0.0,0.0,0.0,0.0
3,0,0.73381126,0.07356242,0.121534884,0.071091436,0.0,0.0,0.0,0.0,0.0
3,0,0.73381126,0.07356242,0.121534884,0.071091436,0.0,0.0,0.0,0.0,0.0
3,0,0.73381126,0.07356242,0.121534884,0.071091436,0.0,0.0,0.0,0.0,0.0
3,0,0.73381126,0.07356242,0.121534884,0.071091436,0.0,0.0,0.0,0.0,0.0
3,0,0.73381126,0.07356242,0.121534884,0.071091436,0.0,0.0,0.0,0.0,0.0
3,0,0.73381126,0.07356242,0.121534884,0.071091436,0.0,0.0,0.0,0.0,0.0
3,0,0.73381126,0.07356242,0.121534884,0.071091436,0.0,0.0,0.0,0.0,0.0
3,0,0.73381126,0.07356242,0.121534884,0.071091436,0.0,0.0,0.0,0.0,0.0
3,0,0.73381126,0.07356242,0.121534884,0.071091436,0.0,0.0,0.0,0.0,0.0
3,0,0.73381126,0.07356242,0.121534884,0.071091436,0.0,0.0,0.0,0.0,0.0
4,0,0.6785276,0.07356243,0.17681858,0.07109144,0.0,0.0,0.0,0.0,0.0
4,0,0.6785276,0.07356243,0.17681858,0.07109144,0.0,0.0,0.0,0.0,0.0
4,0,0.6785276,0.07356243,0.17681858,0.07109144,0.0,0.0,0.0,0.0,0.0
4,0,0.6785276,0.07356243,0.17681858,0.07109144,0.0,0.0,0.0,0.0,0.0
4,0,0.6785276,0.07356243,0.17681858,0.07109144,0.0,0.0,0.0,0.0,0.0
4,0,0.6785276,0.07356243,0.17681858,0.07109144,0.0,0.0,0.0,0.0,0.0
4,0,0.6785276,0.07356243,0.17681858,0.07109144,0.0,0.0,0.0,0.0,0.0
4,0,0.6785276,0.07356243,0.17681858,0.07109144,0.0,0.0,0.0,0.0,0.0
4,0,0.6785276,0.07356243,0.17681858,0.07109144,0.0,0.0,0.0,0.0,0.0
4,0,0.6785276,0.07356243,0.17681858,0.07109144,0.0,0.0,0.0,0.0,0.0
4,0,0.6785276,0.07356243,0.17681858,0.07109144,0.0,0.0,0.0,0.0,0.0
4,0,0.6785276,0.07356243,0.17681858,0.07109144,0.0,0.0,0.0,0.0,0.0
4,0,0.6785276,0.07356243,0.17681858,0.07109144,0.0,0.0,0.0,0.0,0.0
4,0,0.6785276,0.07356243,0.17681858,0.07109144,0.0,0.0,0.0,0.0,0.0
4,0,0.6785276,0.07356243,0.17681858,0.07109144,0.0,0.0,0.0,0.0,0.0
4,0,0.6785276,0.07356243,0.17681858,0.07109144,0.0,0.0,0.0,0.0,0.0
4,0,0.6785276,0.07356243,0.17681858,0.07109144,0.0,0.0,0.0,0.0,0.0
4,0,0.6785276,0.07356243,0.17681858,0.07109144,0.0,0.0,0.0,0.0,0.0
4,0,0.6785276,0.07356243,0.17681858,0.07109144,0.0,0.0,0.0,0.0,0.0
4,0,0.6785276,0.07356243,0.17681858,0.07109144,0.0,0.0,0.0,0.0,0.0
4,0,0.62042254,0.07356242,0.23492359,0.071091436,0.0,0.0,0.0,0.0,0.0
4,0,0.62042254,0.07356242,0.23492359,0.071091436,0.0,0.0,0.0,0.0,0.0
4,0,0.62042254,0.07356242,0.23492359,0.071091436,0.0,0.0,0.0,0.0,0.0
4,0,0.62042254,0.07356242,0.23492359,0.071091436,0.0,0.0,0.0,0.0,0.0
4,0,0.62042254,0.07356242,0.23492359,0.071091436,0.0,0.0,0.0,0.0,0.0
4,0,0.62042254,0.07356242,0.23492359,0.071091436,0.0,0.0,0.0,0.0,0.0
4,0,0.62042254,0.07356242,0.23492359,0.071091436,0.0,0.0,0.0,0.0,0.0
4,0,0.62042254,0.07356242,0.23492359,0.071091436,0.0,0.0,0.0,0.0,0.0
4,0,0.62042254,0.07356242,0.23492359,0.071091436,0.0,0.0,0.0,0.0,0.0
4,0,0.62042254,0.07356242,0.23492359,0.071091436,0.0,0.0,0.0,0.0,0.0
4,0,0.62042254,0.07356242,0.23492359,0.071091436,0.0,0.0,0.0,0.0,0.0
4,0,0.62042254,0.07356242,0.23492359,0.071091436,0.0,0.0,0.0,0.0,0.0
4,0,0.62042254,0.07356242,0.23492359,0.071091436,0.0,0.0,0.0,0.0,0.0
4,0,0.62042254,0.07356242,0.23492359,0.071091436,0.0,0.0,0.0,0.0,0.0
4,0,0.62042254,0.07356242,0.23492359,0.071091436,0.0,0.0,0.0,0.0,0.0
4,0,0.62042254,0.07356242,0.23492359,0.071091436,0.0,0.0,0.0,0.0,0.0
4,0,0.62042254,0.07356242,0.23492359,0.071091436,0.0,0.0,0.0,0.0,0.0
4,0,0.62042254,0.07356242,0.23492359,0.071091436,0.0,0.0,0.0,0.0,0.0
4,0,0.62042254,0.07356242,0.23492359,0.071091436,0.0,0.0,0.0,0.0,0.0
4,0,0.62042254,0.07356242,0.23492359,0.071091436,0.0,0.0,0.0,0.0,0.0
4,0,0.62042254,0.07356242,0.23492359,0.071091436,0.0,0.0,0.0,0.0,0.0
4,0,0.62042254,0.07356242,0.23492359,0.071091436,0.0,0.0,0.0,0.0,0.0
4,0,0.62042254,0.07356242,0.23492359,0.071091436,0.0,0.0,0.0,0.0,0.0
4,0,0.62042254,0.07356242,0.23492359,0.071091436,0.0,0.0,0.0,0.0,0.0
4,0,0.62042254,0.07356242,0.23492359,0.071091436,0.0,0.0,0.0,0.0,0.0
4,0,0.564751,0.07356243,0.29059508,0.07109144,0.0,0.0,0.0,0.0,0.0
4,0,0.564751,0.07356243,0.29059508,0.07109144,0.0,0.0,0.0,0.0,0.0
4,0,0.564751,0.07356243,0.29059508,0.07109144,0.0,0.0,0.0,0.0,0.0
4,0,0.564751,0.07356243,0.29059508,0.07109144,0.0,0.0,0.0,0.0,0.0
4,0,0.564751,0.07356243,0.29059508,0.07109144,0.0,0.0,0.0,0.0,0.0
4,0,0.564751,0.07356243,0.29059508,0.07109144,0.0,0.0,0.0,0.0,0.0
4,0,0.564751,0.07356243,0.29059508,0.07109144,0.0,0.0,0.0,0.0,0.0
4,0,0.5088447,0.07356243,0.34650147,0.07109144,0.0,0.0,0.0,0.0,0.0
4,0,0.5088447,0.07356243,0.34650147,0.07109144,0.0,0.0,0.0,0.0,0.0
4,0,0.5088447,0.07356243,0.34650147,0.07109144,0.0,0.0,0.0,0.0,0.0
4,0,0.5088447,0.07356243,0.34650147,0.07109144,0.0,0.0,0.0,0.0,0.0
4,0,0.5088447,0.07356243,0.34650147,0.07109144,0.0,0.0,0.0,0.0,0.0
4,0,0.5088447,0.07356243,0.34650147,0.07109144,0.0,0.0,0.0,0.0,0.0
4,0,0.5088447,0.07356243,0.34650147,0.07109144,0.0,0.0,0.0,0.0,0.0
4,0,0.5088447,0.07356243,0.34650147,0.07109144,0.0,0.0,0.0,0.0,0.0
4,0,0.4422172,0.07356242,0.4131289,0.071091436,0.0,0.0,0.0,0.0,0.0
4,0,0.4422172,0.07356242,0.4131289,0.071091436,0.0,0.0,0.0,0.0,0.0
4,0,0.4422172,0.07356242,0.4131289,0.071091436,0.0,0.0,0.0,0.0,0.0
4,0,0.4422172,0.07356242,0.4131289,0.071091436,0.0,0.0,0.0,0.0,0.0
4,0,0.4422172,0.07356242,0.4131289,0.071091436,0.0,0.0,0.0,0.0,0.0
4,0,0.4422172,0.07356242,0.4131289,0.071091436,0.0,0.0,0.0,0.0,0.0
4,0,0.4422172,0.07356242,0.4131289,0.071091436,0.0,0.0,0.0,0.0,0.0
4,0,0.4422172,0.07356242,0.4131289,0.071091436,0.0,0.0,0.0,0.0,0.0
4,0,0.4422172,0.07356242,0.4131289,0.071091436,0.0,0.0,0.0,0.0,0.0
4,0,0.4422172,0.07356242,0.4131289,0.071091436,0.0,0.0,0.0,0.0,0.0
4,0,0.4422172,0.07356242,0.4131289,0.071091436,0.0,0.0,0.0,0.0,0.0
4,0,0.4422172,0.07356242,0.4131289,0.071091436,0.0,0.0,0.0,0.0,0.0
4,0,0.4422172,0.07356242,0.4131289,0.071091436,0.0,0.0,0.0,0.0,0.0
4,0,0.4422172,0.07356242,0.4131289,0.071091436,0.0,0.0,0.0,0.0,0.0
4,0,0.4422172,0.07356242,0.4131289,0.071091436,0.0,0.0,0.0,0.0,0.0
4,0,0.4422172,0.07356242,0.4131289,0.071091436,0.0,0.0,0.0,0.0,0.0
4,0,0.4422172,0.07356242,0.4131289,0.071091436,0.0,0.0,0.0,0.0,0.0
4,0,0.4422172,0.07356242,0.4131289,0.071091436,0.0,0.0,0.0,0.0,0.0
4,0,0.4422172,0.07356242,0.4131289,0.071091436,0.0,0.0,0.0,0.0,0.0
4,0,0.4422172,0.07356242,0.4131289,0.071091436,0.0,0.0,0.0,0.0,0.0
4,0,0.4422172,0.07356242,0.4131289,0.071091436,0.0,0.0,0.0,0.0,0.0
4,0,0.4422172,0.07356242,0.4131289,0.071091436,0.0,0.0,0.0,0.0,0.0
4,0,0.4422172,0.07356242,0.4131289,0.071091436,0.0,0.0,0.0,0.0,0.0
4,0,0.4422172,0.07356242,0.4131289,0.071091436,0.0,0.0,0.0,0.0,0.0
4,2,0.38445976,0.07356242,0.4131289,0.1288489,0.0,0.0,0.0,0.0,0.0
4,2,0.38445976,0.07356242,0.4131289,0.1288489,0.0,0.0,0.0,0.0,0.0
4,2,0.38445976,0.07356242,0.4131289,0.1288489,0.0,0.0,0.0,0.0,0.0
4,2,0.3844598,0.07356243,0.48422036,0.057757452,0.0,0.0,0.0,0.0,0.0
4,2,0.3844598,0.07356243,0.48422036,0.057757452,0.0,0.0,0.0,0.0,0.0
4,2,0.3844598,0.07356243,0.48422036,0.057757452,0.0,0.0,0.0,0.0,0.0
4,2,0.3844598,0.07356243,0.48422036,0.057757452,0.0,0.0,0.0,0.0,0.0
4,2,0.3844598,0.07356243,0.48422036,0.057757452,0.0,0.0,0.0,0.0,0.0
4,2,0.3844598,0.07356243,0.48422036,0.057757452,0.0,0.0,0.0,0.0,0.0
4,2,0.3844598,0.07356243,0.48422036,0.057757452,0.0,0.0,0.0,0.0,0.0
4,2,0.3844598,0.07356243,0.48422036,0.057757452,0.0,0.0,0.0,0.0,0.0
4,2,0.3844598,0.07356243,0.48422036,0.057757452,0.0,0.0,0.0,0.0,0.0
4,2,0.3844598,0.07356243,0.48422036,0.057757452,0.0,0.0,0.0,0.0,0.0
4,2,0.3844598,0.07356243,0.48422036,0.057757452,0.0,0.0,0.0,0.0,0.0
4,2,0.3844598,0.07356243,0.48422036,0.057757452,0.0,0.0,0.0,0.0,0.0
4,2,0.3844598,0.07356243,0.48422036,0.057757452,0.0,0.0,0.0,0.0,0.0
4,2,0.3844598,0.07356243,0.48422036,0.057757452,0.0,0.0,0.0,0.0,0.0
4,2,0.3844598,0.07356243,0.48422036,0.057757452,0.0,0.0,0.0,0.0,0.0
4,2,0.3844598,0.07356243,0.48422036,0.057757452,0.0,0.0,0.0,0.0,0.0
4,2,0.3844598,0.07356243,0.48422036,0.057757452,0.0,0.0,0.0,0.0,0.0
4,2,0.3844598,0.07356243,0.48422036,0.057757452,0.0,0.0,0.0,0.0,0.0
4,2,0.31167597,0.07356242,0.55700415,0.05775745,0.0,0.0,0.0,0.0,0.0
4,2,0.31167597,0.07356242,0.55700415,0.05775745,0.0,0.0,0.0,0.0,0.0
4,2,0.31167597,0.07356242,0.55700415,0.05775745,0.0,0.0,0.0,0.0,0.0
4,2,0.31167597,0.07356243,0.6147616,0.0,0.0,0.0,0.0,0.0,0.0
4,2,0.31167597,0.07356243,0.6147616,0.0,0.0,0.0,0.0,0.0,0.0
4,2,0.31167597,0.07356243,0.6147616,0.0,0.0,0.0,0.0,0.0,0.0
4,2,0.31167597,0.07356243,0.6147616,0.0,0.0,0.0,0.0,0.0,0.0
4,2,0.31167597,0.07356243,0.6147616,0.0,0.0,0.0,0.0,0.0,0.0
4,2,0.31167597,0.07356243,0.6147616,0.0,0.0,0.0,0.0,0.0,0.0
4,2,0.24249823,0.07356242,0.68393934,0.0,0.0,0.0,0.0,0.0,0.0
4,2,0.24249823,0.07356242,0.68393934,0.0,0.0,0.0,0.0,0.0,0.0
4,2,0.24249823,0.07356242,0.68393934,0.0,0.0,0.0,0.0,0.0,0.0
4,2,0.24249823,0.07356242,0.68393934,0.0,0.0,0.0,0.0,0.0,0.0
4,2,0.24249823,0.07356242,0.68393934,0.0,0.0,0.0,0.0,0.0,0.0
4,2,0.24249823,0.07356242,0.68393934,0.0,0.0,0.0,0.0,0.0,0.0
4,2,0.24249823,0.07356242,0.68393934,0.0,0.0,0.0,0.0,0.0,0.0
4,2,0.24249823,0.07356242,0.68393934,0.0,0.0,0.0,0.0,0.0,0.0
4,2,0.24249823,0.07356242,0.68393934,0.0,0.0,0.0,0.0,0.0,0.0
4,2,0.24249823,0.07356242,0.68393934,0.0,0.0,0.0,0.0,0.0,0.0
4,2,0.24249823,0.07356242,0.68393934,0.0,0.0,0.0,0.0,0.0,0.0
4,2,0.24249823,0.07356242,0.68393934,0.0,0.0,0.0,0.0,0.0,0.0
4,2,0.24249823,0.07356242,0.68393934,0.0,0.0,0.0,0.0,0.0,0.0
4,2,0.24249825,0.0,0.7575018,0.0,0.0,0.0,0.0,0.0,0.0
4,2,0.24249825,0.0,0.7575018,0.0,0.0,0.0,0.0,0.0,0.0
4,2,0.24249825,0.0,0.7575018,0.0,0.0,0.0,0.0,0.0,0.0
4,2,0.24249825,0.0,0.7575018,0.0,0.0,0.0,0.0,0.0,0.0
4,2,0.24249825,0.0,0.7575018,0.0,0.0,0.0,0.0,0.0,0.0
4,2,0.24249825,0.0,0.7575018,0.0,0.0,0.0,0.0,0.0,0.0
4,2,0.24249825,0.0,0.7575018,0.0,0.0,0.0,0.0,0.0,0.0
4,2,0.24249825,0.0,0.7575018,0.0,0.0,0.0,0.0,0.0,0.0
4,2,0.24249825,0.0,0.7575018,0.0,0.0,0.0,0.0,0.0,0.0
4,2,0.24249825,0.0,0.7575018,0.0,0.0,0.0,0.0,0.0,0.0
4,2,0.24249825,0.0,0.7575018,0.0,0.0,0.0,0.0,0.0,0.0
4,2,0.24249825,0.0,0.7575018,0.0,0.0,0.0,0.0,0.0,0.0
4,2,0.24249825,0.0,0.7575018,0.0,0.0,0.0,0.0,0.0,0.0
4,2,0.24249825,0.0,0.7575018,0.0,0.0,0.0,0.0,0.0,0.0
4,2,0.24249825,0.0,0.7575018,0.0,0.0,0.0,0.0,0.0,0.0
4,2,0.24249825,0.0,0.7575018,0.0,0.0,0.0,0.0,0.0,0.0
4,2,0.24249825,0.0,0.7575018,0.0,0.0,0.0,0.0,0.0,0.0
4,2,0.24249825,0.0,0.7575018,0.0,0.0,0.0,0.0,0.0,0.0
4,2,0.24249825,0.0,0.7575018,0.0,0.0,0.0,0.0,0.0,0.0
4,2,0.24249825,0.0,0.7575018,0.0,0.0,0.0,0.0,0.0,0.0
4,2,0.24249825,0.0,0.7575018,0.0,0.0,0.0,0.0,0.0,0.0
4,2,0.18353172,0.0,0.8164683,0.0,0.0,0.0,0.0,0.0,0.0
4,2,0.18353172,0.0,0.8164683,0.0,0.0,0.0,0.0,0.0,0.0
4,2,0.18353172,0.0,0.8164683,0.0,0.0,0.0,0.0,0.0,0.0
4,2,0.18353172,0.0,0.8164683,0.0,0.0,0.0,0.0,0.0,0.0
4,2,0.18353172,0.0,0.8164683,0.0,0.0,0.0,0.0,0.0,0.0
4,2,0.18353172,0.0,0.8164683,0.0,0.0,0.0,0.0,0.0,0.0
4,2,0.18353172,0.0,0.8164683,0.0,0.0,0.0,0.0,0.0,0.0
4,2,0.18353172,0.0,0.8164683,0.0,0.0,0.0,0.0,0.0,0.0
4,2,0.18353172,0.0,0.8164683,0.0,0.0,0.0,0.0,0.0,0.0
4,2,0.18353172,0.0,0.8164683,0.0,0.0,0.0,0.0,0.0,0.0
4,2,0.18353172,0.0,0.8164683,0.0,0.0,0.0,0.0,0.0,0.0
4,2,0.18353172,0.0,0.8164683,0.0,0.0,0.0,0.0,0.0,0.0
4,2,0.18353172,0.0,0.8164683,0.0,0.0,0.0,0.0,0.0,0.0
4,2,0.18353172,0.0,0.8164683,0.0,0.0,0.0,0.0,0.0,0.0
4,2,0.18353172,0.0,0.8164683,0.0,0.0,0.0,0.0,0.0,0.0
4,2,0.18353172,0.0,0.8164683,0.0,0.0,0.0,0.0,0.0,0.0
4,2,0.18353172,0.0,0.8164683,0.0,0.0,0.0,0.0,0.0,0.0
4,2,0.18353172,0.0,0.8164683,0.0,0.0,0.0,0.0,0.0,0.0
4,2,0.18353172,0.0,0.8164683,0.0,0.0,0.0,0.0,0.0,0.0
4,2,0.18353172,0.0,0.8164683,0.0,0.0,0.0,0.0,0.0,0.0
4,2,0.18353172,0.0,0.8164683,0.0,0.0,0.0,0.0,0.0,0.0
4,2,0.18353172,0.0,0.8164683,0.0,0.0,0.0,0.0,0.0,0.0
4,2,0.18353172,0.0,0.8164683,0.0,0.0,0.0,0.0,0.0,0.0
4,2,0.18353172,0.0,0.8164683,0.0,0.0,0.0,0.0,0.0,0.0
4,2,0.18353172,0.0,0.8164683,0.0,0.0,0.0,0.0,0.0,0.0
4,2,0.18353172,0.0,0.8164683,0.0,0.0,0.0,0.0,0.0,0.0
4,2,0.18353172,0.0,0.8164683,0.0,0.0,0.0,0.0,0.0,0.0
4,2,0.18353172,0.0,0.8164683,0.0,0.0,0.0,0.0,0.0,0.0
4,2,0.18353172,0.0,0.8164683,0.0,0.0,0.0,0.0,0.0,0.0
4,2,0.18353172,0.0,0.8164683,0.0,0.0,0.0,0.0,0.0,0.0
4,2,0.18353172,0.0,0.8164683,0.0,0.0,0.0,0.0,0.0,0.0
4,2,0.18353172,0.0,0.8164683,0.0,0.0,0.0,0.0,0.0,0.0
4,2,0.12719533,0.0,0.8728047,0.0,0.0,0.0,0.0,0.0,0.0
4,2,0.12719533,0.0,0.8728047,0.0,0.0,0.0,0.0,0.0,0.0
4,2,0.12719533,0.0,0.8728047,0.0,0.0,0.0,0.0,0.0,0.0
4,2,0.12719533,0.0,0.8728047,0.0,0.0,0.0,0.0,0.0,0.0
4,2,0.12719533,0.0,0.8728047,0.0,0.0,0.0,0.0,0.0,0.0
4,2,0.12719533,0.0,0.8728047,0.0,0.0,0.0,0.0,0.0,0.0
4,2,0.12719533,0.0,0.8728047,0.0,0.0,0.0,0.0,0.0,0.0
4,2,0.12719533,0.0,0.8728047,0.0,0.0,0.0,0.0,0.0,0.0
4,2,0.12719533,0.0,0.8728047,0.0,0.0,0.0,0.0,0.0,0.0
4,2,0.12719533,0.0,0.8728047,0.0,0.0,0.0,0.0,0.0,0.0
4,2,0.12719533,0.0,0.8728047,0.0,0.0,0.0,0.0,0.0,0.0
4,2,0.12719533,0.0,0.8728047,0.0,0.0,0.0,0.0,0.0,0.0
4,2,0.12719533,0.0,0.8728047,0.0,0.0,0.0,0.0,0.0,0.0
4,2,0.12719533,0.0,0.8728047,0.0,0.0,0.0,0.0,0.0,0.0
4,2,0.12719533,0.0,0.8728047,0.0,0.0,0.0,0.0,0.0,0.0
4,2,0.12719533,0.0,0.8728047,0.0,0.0,0.0,0.0,0.0,0.0
4,2,0.12719533,0.0,0.8728047,0.0,0.0,0.0,0.0,0.0,0.0
4,2,0.12719533,0.0,0.8728047,0.0,0.0,0.0,0.0,0.0,0.0
4,2,0.12719533,0.0,0.8728047,0.0,0.0,0.0,0.0,0.0,0.0
4,2,0.12719533,0.0,0.8728047,0.0,0.0,0.0,0.0,0.0,0.0
4,2,0.12719533,0.0,0.8728047,0.0,0.0,0.0,0.0,0.0,0.0
4,2,0.12719533,0.0,0.8728047,0.0,0.0,0.0,0.0,0.0,0.0
4,2,0.12719533,0.0,0.8728047,0.0,0.0,0.0,0.0,0.0,0.0
4,2,0.12719533,0.0,0.8728047,0.0,0.0,0.0,0.0,0.0,0.0
4,2,0.12719533,0.0,0.8728047,0.0,0.0,0.0,0.0,0.0,0.0
4,2,0.12719533,0.0,0.8728047,0.0,0.0,0.0,0.0,0.0,0.0
4,2,0.12719533,0.0,0.8728047,0.0,0.0,0.0,0.0,0.0,0.0
4,2,0.12719533,0.0,0.8728047,0.0,0.0,0.0,0.0,0.0,0.0
4,2,0.12719533,0.0,0.8728047,0.0,0.0,0.0,0.0,0.0,0.0
4,2,0.12719533,0.0,0.8728047,0.0,0.0,0.0,0.0,0.0,0.0
4,2,0.12719533,0.0,0.8728047,0.0,0.0,0.0,0.0,0.0,0.0
4,2,0.12719533,0.0,0.8728047,0.0,0.0,0.0,0.0,0.0,0.0
4,2,0.12719533,0.0,0.8728047,0.0,0.0,0.0,0.0,0.0,0.0
4,2,0.12719533,0.0,0.8728047,0.0,0.0,0.0,0.0,0.0,0.0
4,2,0.12719533,0.0,0.8728047,0.0,0.0,0.0,0.0,0.0,0.0
4,2,0.12719533,0.0,0.8728047,0.0,0.0,0.0,0.0,0.0,0.0
4,2,0.12719533,0.0,0.8728047,0.0,0.0,0.0,0.0,0.0,0.0
4,2,0.12719533,0.0,0.8728047,0.0,0.0,0.0,0.0,0.0,0.0
4,2,0.12719533,0.0,0.8728047,0.0,0.0,0.0,0.0,0.0,0.0
4,2,0.12719533,0.0,0.8728047,0.0,0.0,0.0,0.0,0.0,0.0
4,2,0.12719533,0.0,0.8728047,0.0,0.0,0.0,0.0,0.0,0.0
4,2,0.12719533,0.0,0.8728047,0.0,0.0,0.0,0.0,0.0,0.0
4,2,0.12719533,0.0,0.8728047,0.0,0.0,0.0,0.0,0.0,0.0
4,2,0.12719533,0.0,0.8728047,0.0,0.0,0.0,0.0,0.0,0.0
4,2,0.12719533,0.0,0.8728047,0.0,0.0,0.0,0.0,0.0,0.0
4,2,0.12719533,0.0,0.8728047,0.0,0.0,0.0,0.0,0.0,0.0
4,2,0.12719533,0.0,0.8728047,0.0,0.0,0.0,0.0,0.0,0.0
4,2,0.12719533,0.0,0.8728047,0.0,0.0,0.0,0.0,0.0,0.0
4,2,0.12719533,0.0,0.8728047,0.0,0.0,0.0,0.0,0.0,0.0
4,2,0.12719533,0.0,0.8728047,0.0,0.0,0.0,0.0,0.0,0.0
4,2,0.12719533,0.0,0.8728047,0.0,0.0,0.0,0.0,0.0,0.0
4,2,0.12719533,0.0,0.8728047,0.0,0.0,0.0,0.0,0.0,0.0
4,2,0.12719533,0.0,0.8728047,0.0,0.0,0.0,0.0,0.0,0.0
4,2,0.12719533,0.0,0.8728047,0.0,0.0,0.0,0.0,0.0,0.0
4,2,0.12719533,0.0,0.8728047,0.0,0.0,0.0,0.0,0.0,0.0
4,2,0.12719533,0.0,0.8728047,0.0,0.0,0.0,0.0,0.0,0.0
4,2,0.12719533,0.0,0.8728047,0.0,0.0,0.0,0.0,0.0,0.0
4,2,0.12719533,0.0,0.8728047,0.0,0.0,0.0,0.0,0.0,0.0
4,2,0.12719533,0.0,0.8728047,0.0,0.0,0.0,0.0,0.0,0.0
4,2,0.12719533,0.0,0.8728047,0.0,0.0,0.0,0.0,0.0,0.0
4,2,0.12719533,0.0,0.8728047,0.0,0.0,0.0,0.0,0.0,0.0
4,2,0.12719533,0.0,0.8728047,0.0,0.0,0.0,0.0,0.0,0.0
4,2,0.12719533,0.0,0.8728047,0.0,0.0,0.0,0.0,0.0,0.0
4,2,0.12719533,0.0,0.8728047,0.0,0.0,0.0,0.0,0.0,0.0
4,2,0.12719533,0.0,0.8728047,0.0,0.0,0.0,0.0,0.0,0.0
4,2,0.12719533,0.0,0.8728047,0.0,0.0,0.0,0.0,0.0,0.0
4,2,0.12719533,0.0,0.8728047,0.0,0.0,0.0,0.0,0.0,0.0
4,2,0.12719533,0.0,0.8728047,0.0,0.0,0.0,0.0,0.0,0.0
4,2,0.12719533,0.0,0.8728047,0.0,0.0,0.0,0.0,0.0,0.0
4,2,0.12719533,0.0,0.8728047,0.0,0.0,0.0,0.0,0.0,0.0
4,2,0.12719533,0.0,0.8728047,0.0,0.0,0.0,0.0,0.0,0.0
4,2,0.12719533,0.0,0.8728047,0.0,0.0,0.0,0.0,0.0,0.0
4,2,0.12719533,0.0,0.8728047,0.0,0.0,0.0,0.0,0.0,0.0
4,2,0.12719533,0.0,0.8728047,0.0,0.0,0.0,0.0,0.0,0.0
4,2,0.12719533,0.0,0.8728047,0.0,0.0,0.0,0.0,0.0,0.0
4,2,0.12719533,0.0,0.8728047,0.0,0.0,0.0,0.0,0.0,0.0
4,2,0.12719533,0.0,0.8728047,0.0,0.0,0.0,0.0,0.0,0.0
4,2,0.12719533,0.0,0.8728047,0.0,0.0,0.0,0.0,0.0,0.0
4,2,0.12719533,0.0,0.8728047,0.0,0.0,0.0,0.0,0.0,0.0
4,2,0.12719533,0.0,0.8728047,0.0,0.0,0.0,0.0,0.0,0.0
4,2,0.12719533,0.0,0.8728047,0.0,0.0,0.0,0.0,0.0,0.0
4,2,0.12719533,0.0,0.8728047,0.0,0.0,0.0,0.0,0.0,0.0
4,2,0.12719533,0.0,0.8728047,0.0,0.0,0.0,0.0,0.0,0.0
4,2,0.12719533,0.0,0.8728047,0.0,0.0,0.0,0.0,0.0,0.0
4,2,0.12719533,0.0,0.8728047,0.0,0.0,0.0,0.0,0.0,0.0
4,2,0.12719533,0.0,0.8728047,0.0,0.0,0.0,0.0,0.0,0.0
4,2,0.12719533,0.0,0.8728047,0.0,0.0,0.0,0.0,0.0,0.0
4,2,0.12719533,0.0,0.8728047,0.0,0.0,0.0,0.0,0.0,0.0
4,2,0.12719533,0.0,0.8728047,0.0,0.0,0.0,0.0,0.0,0.0
4,2,0.12719533,0.0,0.8728047,0.0,0.0,0.0,0.0,0.0,0.0
4,2,0.12719533,0.0,0.8728047,0.0,0.0,0.0,0.0,0.0,0.0
4,2,0.12719533,0.0,0.8728047,0.0,0.0,0.0,0.0,0.0,0.0
4,2,0.12719533,0.0,0.8728047,0.0,0.0,0.0,0.0,0.0,0.0
4,2,0.12719533,0.0,0.8728047,0.0,0.0,0.0,0.0,0.0,0.0
4,2,0.12719533,0.0,0.8728047,0.0,0.0,0.0,0.0,0.0,0.0
4,2,0.12719533,0.0,0.8728047,0.0,0.0,0.0,0.0,0.0,0.0
4,2,0.12719533,0.0,0.8728047,0.0,0.0,0.0,0.0,0.0,0.0
4,2,0.12719533,0.0,0.8728047,0.0,0.0,0.0,0.0,0.0,0.0
4,2,0.12719533,0.0,0.8728047,0.0,0.0,0.0,0.0,0.0,0.0
4,2,0.12719533,0.0,0.8728047,0.0,0.0,0.0,0.0,0.0,0.0
4,2,0.12719533,0.0,0.8728047,0.0,0.0,0.0,0.0,0.0,0.0
4,2,0.12719533,0.0,0.8728047,0.0,0.0,0.0,0.0,0.0,0.0
4,2,0.12719533,0.0,0.8728047,0.0,0.0,0.0,0.0,0.0,0.0
4,2,0.12719533,0.0,0.8728047,0.0,0.0,0.0,0.0,0.0,0.0
4,2,0.12719533,0.0,0.8728047,0.0,0.0,0.0,0.0,0.0,0.0
4,2,0.12719533,0.0,0.8728047,0.0,0.0,0.0,0.0,0.0,0.0
4,2,0.12719533,0.0,0.8728047,0.0,0.0,0.0,0.0,0.0,0.0
4,2,0.12719533,0.0,0.8728047,0.0,0.0,0.0,0.0,0.0,0.0
4,2,0.12719533,0.0,0.8728047,0.0,0.0,0.0,0.0,0.0,0.0
4,2,0.12719533,0.0,0.8728047,0.0,0.0,0.0,0.0,0.0,0.0
4,2,0.12719533,0.0,0.8728047,0.0,0.0,0.0,0.0,0.0,0.0
4,2,0.12719533,0.0,0.8728047,0.0,0.0,0.0,0.0,0.0,0.0
4,2,0.12719533,0.0,0.8728047,0.0,0.0,0.0,0.0,0.0,0.0
4,2,0.12719533,0.0,0.8728047,0.0,0.0,0.0,0.0,0.0,0.0
4,2,0.12719533,0.0,0.8728047,0.0,0.0,0.0,0.0,0.0,0.0
4,2,0.12719533,0.0,0.8728047,0.0,0.0,0.0,0.0,0.0,0.0
4,2,0.12719533,0.0,0.8728047,0.0,0.0,0.0,0.0,0.0,0.0
4,2,0.12719533,0.0,0.8728047,0.0,0.0,0.0,0.0,0.0,0.0
4,2,0.12719533,0.0,0.8728047,0.0,0.0,0.0,0.0,0.0,0.0
4,2,0.12719533,0.0,0.8728047,0.0,0.0,0.0,0.0,0.0,0.0
4,2,0.12719533,0.0,0.8728047,0.0,0.0,0.0,0.0,0.0,0.0
4,2,0.12719533,0.0,0.8728047,0.0,0.0,0.0,0.0,0.0,0.0
4,2,0.12719533,0.0,0.8728047,0.0,0.0,0.0,0.0,0.0,0.0
4,2,0.12719533,0.0,0.8728047,0.0,0.0,0.0,0.0,0.0,0.0
4,2,0.12719533,0.0,0.8728047,0.0,0.0,0.0,0.0,0.0,0.0
4,2,0.12719533,0.0,0.8728047,0.0,0.0,0.0,0.0,0.0,0.0
4,2,0.12719533,0.0,0.8728047,0.0,0.0,0.0,0.0,0.0,0.0
4,2,0.12719533,0.0,0.8728047,0.0,0.0,0.0,0.0,0.0,0.0
4,2,0.12719533,0.0,0.8728047,0.0,0.0,0.0,0.0,0.0,0.0
4,2,0.12719533,0.0,0.8728047,0.0,0.0,0.0,0.0,0.0,0.0
4,2,0.12719533,0.0,0.8728047,0.0,0.0,0.0,0.0,0.0,0.0
4,2,0.12719533,0.0,0.8728047,0.0,0.0,0.0,0.0,0.0,0.0
4,2,0.12719533,0.0,0.8728047,0.0,0.0,0.0,0.0,0.0,0.0
4,2,0.12719533,0.0,0.8728047,0.0,0.0,0.0,0.0,0.0,0.0
4,2,0.12719533,0.0,0.8728047,0.0,0.0,0.0,0.0,0.0,0.0
4,2,0.12719533,0.0,0.8728047,0.0,0.0,0.0,0.0,0.0,0.0
4,2,0.12719533,0.0,0.8728047,0.0,0.0,0.0,0.0,0.0,0.0
4,2,0.12719533,0.0,0.8728047,0.0,0.0,0.0,0.0,0.0,0.0
4,2,0.12719533,0.0,0.8728047,0.0,0.0,0.0,0.0,0.0,0.0
4,2,0.12719533,0.0,0.8728047,0.0,0.0,0.0,0.0,0.0,0.0
4,2,0.12719533,0.0,0.8728047,0.0,0.0,0.0,0.0,0.0,0.0
4,2,0.12719533,0.0,0.8728047,0.0,0.0,0.0,0.0,0.0,0.0
4,2,0.12719533,0.0,0.8728047,0.0,0.0,0.0,0.0,0.0,0.0
4,2,0.12719533,0.0,0.8728047,0.0,0.0,0.0,0.0,0.0,0.0
4,2,0.12719533,0.0,0.8728047,0.0,0.0,0.0,0.0,0.0,0.0
4,2,0.12719533,0.0,0.8728047,0.0,0.0,0.0,0.0,0.0,0.0
4,2,0.12719533,0.0,0.8728047,0.0,0.0,0.0,0.0,0.0,0.0
4,2,0.12719533,0.0,0.8728047,0.0,0.0,0.0,0.0,0.0,0.0
4,2,0.12719533,0.0,0.8728047,0.0,0.0,0.0,0.0,0.0,0.0
4,2,0.12719533,0.0,0.8728047,0.0,0.0,0.0,0.0,0.0,0.0
4,2,0.12719533,0.0,0.8728047,0.0,0.0,0.0,0.0,0.0,0.0
4,2,0.12719533,0.0,0.8728047,0.0,0.0,0.0,0.0,0.0,0.0
4,2,0.12719533,0.0,0.8728047,0.0,0.0,0.0,0.0,0.0,0.0
4,2,0.12719533,0.0,0.8728047,0.0,0.0,0.0,0.0,0.0,0.0
4,2,0.12719533,0.0,0.8728047,0.0,0.0,0.0,0.0,0.0,0.0
4,2,0.12719533,0.0,0.8728047,0.0,0.0,0.0,0.0,0.0,0.0
4,2,0.12719533,0.0,0.8728047,0.0,0.0,0.0,0.0,0.0,0.0
4,2,0.12719533,0.0,0.8728047,0.0,0.0,0.0,0.0,0.0,0.0
4,2,0.12719533,0.0,0.8728047,0.0,0.0,0.0,0.0,0.0,0.0
4,2,0.12719533,0.0,0.8728047,0.0,0.0,0.0,0.0,0.0,0.0
4,2,0.12719533,0.0,0.8728047,0.0,0.0,0.0,0.0,0.0,0.0
4,2,0.12719533,0.0,0.8728047,0.0,0.0,0.0,0.0,0.0,0.0
4,2,0.12719533,0.0,0.8728047,0.0,0.0,0.0,0.0,0.0,0.0
4,2,0.12719533,0.0,0.8728047,0.0,0.0,0.0,0.0,0.0,0.0
4,2,0.12719533,0.0,0.8728047,0.0,0.0,0.0,0.0,0.0,0.0
4,2,0.12719533,0.0,0.8728047,0.0,0.0,0.0,0.0,0.0,0.0
4,2,0.12719533,0.0,0.8728047,0.0,0.0,0.0,0.0,0.0,0.0
4,2,0.12719533,0.0,0.8728047,0.0,0.0,0.0,0.0,0.0,0.0
4,2,0.12719533,0.0,0.8728047,0.0,0.0,0.0,0.0,0.0,0.0
4,2,0.12719533,0.0,0.8728047,0.0,0.0,0.0,0.0,0.0,0.0
4,2,0.12719533,0.0,0.8728047,0.0,0.0,0.0,0.0,0.0,0.0
4,2,0.12719533,0.0,0.8728047,0.0,0.0,0.0,0.0,0.0,0.0
4,2,0.12719533,0.0,0.8728047,0.0,0.0,0.0,0.0,0.0,0.0
4,2,0.12719533,0.0,0.8728047,0.0,0.0,0.0,0.0,0.0,0.0
4,2,0.12719533,0.0,0.8728047,0.0,0.0,0.0,0.0,0.0,0.0
4,2,0.12719533,0.0,0.8728047,0.0,0.0,0.0,0.0,0.0,0.0
4,2,0.12719533,0.0,0.8728047,0.0,0.0,0.0,0.0,0.0,0.0
4,2,0.12719533,0.0,0.8728047,0.0,0.0,0.0,0.0,0.0,0.0
4,2,0.12719533,0.0,0.8728047,0.0,0.0,0.0,0.0,0.0,0.0
4,2,0.12719533,0.0,0.8728047,0.0,0.0,0.0,0.0,0.0,0.0
4,2,0.12719533,0.0,0.8728047,0.0,0.0,0.0,0.0,0.0,0.0
4,2,0.12719533,0.0,0.8728047,0.0,0.0,0.0,0.0,0.0,0.0
4,2,0.12719533,0.0,0.8728047,0.0,0.0,0.0,0.0,0.0,0.0
4,2,0.12719533,0.0,0.8728047,0.0,0.0,0.0,0.0,0.0,0.0
4,2,0.12719533,0.0,0.8728047,0.0,0.0,0.0,0.0,0.0,0.0
4,2,0.12719533,0.0,0.8728047,0.0,0.0,0.0,0.0,0.0,0.0
4,2,0.12719533,0.0,0.8728047,0.0,0.0,0.0,0.0,0.0,0.0
4,2,0.12719533,0.0,0.8728047,0.0,0.0,0.0,0.0,0.0,0.0
4,2,0.12719533,0.0,0.8728047,0.0,0.0,0.0,0.0,0.0,0.0
4,2,0.12719533,0.0,0.8728047,0.0,0.0,0.0,0.0,0.0,0.0
4,2,0.12719533,0.0,0.8728047,0.0,0.0,0.0,0.0,0.0,0.0
4,2,0.12719533,0.0,0.8728047,0.0,0.0,0.0,0.0,0.0,0.0
4,2,0.12719533,0.0,0.8728047,0.0,0.0,0.0,0.0,0.0,0.0
4,2,0.12719533,0.0,0.8728047,0.0,0.0,0.0,0.0,0.0,0.0
4,2,0.12719533,0.0,0.8728047,0.0,0.0,0.0,0.0,0.0,0.0
4,2,0.12719533,0.0,0.8728047,0.0,0.0,0.0,0.0,0.0,0.0
4,2,0.12719533,0.0,0.8728047,0.0,0.0,0.0,0.0,0.0,0.0
4,2,0.12719533,0.0,0.8728047,0.0,0.0,0.0,0.0,0.0,0.0
4,2,0.12719533,0.0,0.8728047,0.0,0.0,0.0,0.0,0.0,0.0
4,2,0.12719533,0.0,0.8728047,0.0,0.0,0.0,0.0,0.0,0.0
4,2,0.12719533,0.0,0.8728047,0.0,0.0,0.0,0.0,0.0,0.0
4,2,0.12719533,0.0,0.8728047,0.0,0.0,0.0,0.0,0.0,0.0
4,2,0.12719533,0.0,0.8728047,0.0,0.0,0.0,0.0,0.0,0.0
4,2,0.12719533,0.0,0.8728047,0.0,0.0,0.0,0.0,0.0,0.0
4,2,0.12719533,0.0,0.8728047,0.0,0.0,0.0,0.0,0.0,0.0
4,2,0.12719533,0.0,0.8728047,0.0,0.0,0.0,0.0,0.0,0.0
4,2,0.12719533,0.0,0.8728047,0.0,0.0,0.0,0.0,0.0,0.0
4,2,0.12719533,0.0,0.8728047,0.0,0.0,0.0,0.0,0.0,0.0
4,2,0.12719533,0.0,0.8728047,0.0,0.0,0.0,0.0,0.0,0.0
4,2,0.12719533,0.0,0.8728047,0.0,0.0,0.0,0.0,0.0,0.0
4,2,0.12719533,0.0,0.8728047,0.0,0.0,0.0,0.0,0.0,0.0
4,2,0.12719533,0.0,0.8728047,0.0,0.0,0.0,0.0,0.0,0.0
4,2,0.12719533,0.0,0.8728047,0.0,0.0,0.0,0.0,0.0,0.0
4,2,0.12719533,0.0,0.8728047,0.0,0.0,0.0,0.0,0.0,0.0
4,2,0.12719533,0.0,0.8728047,0.0,0.0,0.0,0.0,0.0,0.0
4,2,0.12719533,0.0,0.8728047,0.0,0.0,0.0,0.0,0.0,0.0
4,2,0.12719533,0.0,0.8728047,0.0,0.0,0.0,0.0,0.0,0.0
4,2,0.12719533,0.0,0.8728047,0.0,0.0,0.0,0.0,0.0,0.0
4,2,0.12719533,0.0,0.8728047,0.0,0.0,0.0,0.0,0.0,0.0
4,2,0.12719533,0.0,0.8728047,0.0,0.0,0.0,0.0,0.0,0.0
4,2,0.12719533,0.0,0.8728047,0.0,0.0,0.0,0.0,0.0,0.0
4,2,0.12719533,0.0,0.8728047,0.0,0.0,0.0,0.0,0.0,0.0
4,2,0.12719533,0.0,0.8728047,0.0,0.0,0.0,0.0,0.0,0.0
4,2,0.12719533,0.0,0.8728047,0.0,0.0,0.0,0.0,0.0,0.0
4,2,0.12719533,0.0,0.8728047,0.0,0.0,0.0,0.0,0.0,0.0
4,2,0.12719533,0.0,0.8728047,0.0,0.0,0.0,0.0,0.0,0.0
4,2,0.12719533,0.0,0.8728047,0.0,0.0,0.0,0.0,0.0,0.0
4,2,0.12719533,0.0,0.8728047,0.0,0.0,0.0,0.0,0.0,0.0
4,2,0.12719533,0.0,0.8728047,0.0,0.0,0.0,0.0,0.0,0.0
4,2,0.12719533,0.0,0.8728047,0.0,0.0,0.0,0.0,0.0,0.0
4,2,0.12719533,0.0,0.8728047,0.0,0.0,0.0,0.0,0.0,0.0
4,2,0.12719533,0.0,0.8728047,0.0,0.0,0.0,0.0,0.0,0.0
4,2,0.12719533,0.0,0.8728047,0.0,0.0,0.0,0.0,0.0,0.0
4,2,0.12719533,0.0,0.8728047,0.0,0.0,0.0,0.0,0.0,0.0
4,2,0.12719533,0.0,0.8728047,0.0,0.0,0.0,0.0,0.0,0.0
4,2,0.12719533,0.0,0.8728047,0.0,0.0,0.0,0.0,0.0,0.0
4,2,0.12719533,0.0,0.8728047,0.0,0.0,0.0,0.0,0.0,0.0
4,2,0.12719533,0.0,0.8728047,0.0,0.0,0.0,0.0,0.0,0.0
4,2,0.12719533,0.0,0.8728047,0.0,0.0,0.0,0.0,0.0,0.0
4,2,0.12719533,0.0,0.8728047,0.0,0.0,0.0,0.0,0.0,0.0
4,2,0.12719533,0.0,0.8728047,0.0,0.0,0.0,0.0,0.0,0.0
4,2,0.12719533,0.0,0.8728047,0.0,0.0,0.0,0.0,0.0,0.0
4,2,0.12719533,0.0,0.8728047,0.0,0.0,0.0,0.0,0.0,0.0
4,2,0.12719533,0.0,0.8728047,0.0,0.0,0.0,0.0,0.0,0.0
4,2,0.12719533,0.0,0.8728047,0.0,0.0,0.0,0.0,0.0,0.0
4,2,0.12719533,0.0,0.8728047,0.0,0.0,0.0,0.0,0.0,0.0
4,2,0.12719533,0.0,0.8728047,0.0,0.0,0.0,0.0,0.0,0.0
4,2,0.12719533,0.0,0.8728047,0.0,0.0,0.0,0.0,0.0,0.0
4,2,0.12719533,0.0,0.8728047,0.0,0.0,0.0,0.0,0.0,0.0
4,2,0.12719533,0.0,0.8728047,0.0,0.0,0.0,0.0,0.0,0.0
4,2,0.12719533,0.0,0.8728047,0.0,0.0,0.0,0.0,0.0,0.0
4,2,0.12719533,0.0,0.8728047,0.0,0.0,0.0,0.0,0.0,0.0
4,2,0.12719533,0.0,0.8728047,0.0,0.0,0.0,0.0,0.0,0.0
4,2,0.12719533,0.0,0.8728047,0.0,0.0,0.0,0.0,0.0,0.0
4,2,0.12719533,0.0,0.8728047,0.0,0.0,0.0,0.0,0.0,0.0
4,2,0.12719533,0.0,0.8728047,0.0,0.0,0.0,0.0,0.0,0.0
4,2,0.12719533,0.0,0.8728047,0.0,0.0,0.0,0.0,0.0,0.0
4,2,0.12719533,0.0,0.8728047,0.0,0.0,0.0,0.0,0.0,0.0
4,2,0.12719533,0.0,0.8728047,0.0,0.0,0.0,0.0,0.0,0.0
4,2,0.12719533,0.0,0.8728047,0.0,0.0,0.0,0.0,0.0,0.0
4,2,0.12719533,0.0,0.8728047,0.0,0.0,0.0,0.0,0.0,0.0
4,2,0.12719533,0.0,0.8728047,0.0,0.0,0.0,0.0,0.0,0.0
4,2,0.12719533,0.0,0.8728047,0.0,0.0,0.0,0.0,0.0,0.0
4,2,0.12719533,0.0,0.8728047,0.0,0.0,0.0,0.0,0.0,0.0
4,2,0.12719533,0.0,0.8728047,0.0,0.0,0.0,0.0,0.0,0.0
4,2,0.12719533,0.0,0.8728047,0.0,0.0,0.0,0.0,0.0,0.0
4,2,0.12719533,0.0,0.8728047,0.0,0.0,0.0,0.0,0.0,0.0
4,2,0.12719533,0.0,0.8728047,0.0,0.0,0.0,0.0,0.0,0.0
4,2,0.12719533,0.0,0.8728047,0.0,0.0,0.0,0.0,0.0,0.0
4,2,0.12719533,0.0,0.8728047,0.0,0.0,0.0,0.0,0.0,0.0
4,2,0.12719533,0.0,0.8728047,0.0,0.0,0.0,0.0,0.0,0.0
4,2,0.12719533,0.0,0.8728047,0.0,0.0,0.0,0.0,0.0,0.0
4,2,0.12719533,0.0,0.8728047,0.0,0.0,0.0,0.0,0.0,0.0
4,2,0.12719533,0.0,0.8728047,0.0,0.0,0.0,0.0,0.0,0.0
4,2,0.12719533,0.0,0.8728047,0.0,0.0,0.0,0.0,0.0,0.0
4,2,0.12719533,0.0,0.8728047,0.0,0.0,0.0,0.0,0.0,0.0
4,2,0.12719533,0.0,0.8728047,0.0,0.0,0.0,0.0,0.0,0.0
4,2,0.12719533,0.0,0.8728047,0.0,0.0,0.0,0.0,0.0,0.0
4,2,0.12719533,0.0,0.8728047,0.0,0.0,0.0,0.0,0.0,0.0
4,2,0.12719533,0.0,0.8728047,0.0,0.0,0.0,0.0,0.0,0.0
4,2,0.12719533,0.0,0.8728047,0.0,0.0,0.0,0.0,0.0,0.0
4,2,0.12719533,0.0,0.8728047,0.0,0.0,0.0,0.0,0.0,0.0
4,2,0.12719533,0.0,0.8728047,0.0,0.0,0.0,0.0,0.0,0.0
4,2,0.12719533,0.0,0.8728047,0.0,0.0,0.0,0.0,0.0,0.0
4,2,0.12719533,0.0,0.8728047,0.0,0.0,0.0,0.0,0.0,0.0
4,2,0.12719533,0.0,0.8728047,0.0,0.0,0.0,0.0,0.0,0.0
4,2,0.12719533,0.0,0.8728047,0.0,0.0,0.0,0.0,0.0,0.0
4,2,0.12719533,0.0,0.8728047,0.0,0.0,0.0,0.0,0.0,0.0
4,2,0.062480014,0.0,0.93751997,0.0,0.0,0.0,0.0,0.0,0.0
4,2,0.062480014,0.0,0.93751997,0.0,0.0,0.0,0.0,0.0,0.0
4,2,0.062480014,0.0,0.93751997,0.0,0.0,0.0,0.0,0.0,0.0
4,2,0.062480014,0.0,0.93751997,0.0,0.0,0.0,0.0,0.0,0.0
4,2,0.062480014,0.0,0.93751997,0.0,0.0,0.0,0.0,0.0,0.0
4,2,0.062480014,0.0,0.93751997,0.0,0.0,0.0,0.0,0.0,0.0
4,2,0.062480014,0.0,0.93751997,0.0,0.0,0.0,0.0,0.0,0.0
4,2,0.062480014,0.0,0.93751997,0.0,0.0,0.0,0.0,0.0,0.0
4,2,0.062480014,0.0,0.93751997,0.0,0.0,0.0,0.0,0.0,0.0
4,2,0.062480014,0.0,0.93751997,0.0,0.0,0.0,0.0,0.0,0.0
4,2,0.062480014,0.0,0.93751997,0.0,0.0,0.0,0.0,0.0,0.0
4,2,0.062480014,0.0,0.93751997,0.0,0.0,0.0,0.0,0.0,0.0
4,2,0.062480014,0.0,0.93751997,0.0,0.0,0.0,0.0,0.0,0.0
4,2,0.062480014,0.0,0.93751997,0.0,0.0,0.0,0.0,0.0,0.0
4,2,0.062480014,0.0,0.93751997,0.0,0.0,0.0,0.0,0.0,0.0
4,2,0.062480014,0.0,0.93751997,0.0,0.0,0.0,0.0,0.0,0.0
4,2,0.062480014,0.0,0.93751997,0.0,0.0,0.0,0.0,0.0,0.0
4,2,0.062480014,0.0,0.93751997,0.0,0.0,0.0,0.0,0.0,0.0
4,2,0.062480014,0.0,0.93751997,0.0,0.0,0.0,0.0,0.0,0.0
4,2,0.062480014,0.0,0.93751997,0.0,0.0,0.0,0.0,0.0,0.0
4,2,0.062480014,0.0,0.93751997,0.0,0.0,0.0,0.0,0.0,0.0
4,2,0.062480014,0.0,0.93751997,0.0,0.0,0.0,0.0,0.0,0.0
4,2,0.062480014,0.0,0.93751997,0.0,0.0,0.0,0.0,0.0,0.0
4,2,0.062480014,0.0,0.93751997,0.0,0.0,0.0,0.0,0.0,0.0
4,2,0.062480014,0.0,0.93751997,0.0,0.0,0.0,0.0,0.0,0.0
4,2,0.062480014,0.0,0.93751997,0.0,0.0,0.0,0.0,0.0,0.0
4,2,0.062480014,0.0,0.93751997,0.0,0.0,0.0,0.0,0.0,0.0
4,2,0.062480014,0.0,0.93751997,0.0,0.0,0.0,0.0,0.0,0.0
4,2,0.062480014,0.0,0.93751997,0.0,0.0,0.0,0.0,0.0,0.0
4,2,0.062480014,0.0,0.93751997,0.0,0.0,0.0,0.0,0.0,0.0
4,2,0.062480014,0.0,0.93751997,0.0,0.0,0.0,0.0,0.0,0.0
4,2,0.062480014,0.0,0.93751997,0.0,0.0,0.0,0.0,0.0,0.0
4,2,0.062480014,0.0,0.93751997,0.0,0.0,0.0,0.0,0.0,0.0
4,2,0.062480014,0.0,0.93751997,0.0,0.0,0.0,0.0,0.0,0.0
4,2,0.062480014,0.0,0.93751997,0.0,0.0,0.0,0.0,0.0,0.0
4,2,0.062480014,0.0,0.93751997,0.0,0.0,0.0,0.0,0.0,0.0
4,2,0.062480014,0.0,0.93751997,0.0,0.0,0.0,0.0,0.0,0.0
4,2,0.062480014,0.0,0.93751997,0.0,0.0,0.0,0.0,0.0,0.0
4,2,0.062480014,0.0,0.93751997,0.0,0.0,0.0,0.0,0.0,0.0
4,2,0.062480014,0.0,0.93751997,0.0,0.0,0.0,0.0,0.0,0.0
4,2,0.062480014,0.0,0.93751997,0.0,0.0,0.0,0.0,0.0,0.0
4,2,0.062480014,0.0,0.93751997,0.0,0.0,0.0,0.0,0.0,0.0
4,2,0.062480014,0.0,0.93751997,0.0,0.0,0.0,0.0,0.0,0.0
4,2,0.062480014,0.0,0.93751997,0.0,0.0,0.0,0.0,0.0,0.0
4,2,0.062480014,0.0,0.93751997,0.0,0.0,0.0,0.0,0.0,0.0
4,2,0.062480014,0.0,0.93751997,0.0,0.0,0.0,0.0,0.0,0.0
4,2,0.062480014,0.0,0.93751997,0.0,0.0,0.0,0.0,0.0,0.0
4,2,0.062480014,0.0,0.93751997,0.0,0.0,0.0,0.0,0.0,0.0
4,2,0.062480014,0.0,0.93751997,0.0,0.0,0.0,0.0,0.0,0.0
4,2,0.062480014,0.0,0.93751997,0.0,0.0,0.0,0.0,0.0,0.0
4,2,0.062480014,0.0,0.93751997,0.0,0.0,0.0,0.0,0.0,0.0
4,2,0.062480014,0.0,0.93751997,0.0,0.0,0.0,0.0,0.0,0.0
4,2,0.062480014,0.0,0.93751997,0.0,0.0,0.0,0.0,0.0,0.0
4,2,0.062480014,0.0,0.93751997,0.0,0.0,0.0,0.0,0.0,0.0
4,2,0.062480014,0.0,0.93751997,0.0,0.0,0.0,0.0,0.0,0.0
4,2,0.062480014,0.0,0.93751997,0.0,0.0,0.0,0.0,0.0,0.0
4,2,0.062480014,0.0,0.93751997,0.0,0.0,0.0,0.0,0.0,0.0
4,2,0.062480014,0.0,0.93751997,0.0,0.0,0.0,0.0,0.0,0.0
4,2,0.062480014,0.0,0.93751997,0.0,0.0,0.0,0.0,0.0,0.0
4,2,0.062480014,0.0,0.93751997,0.0,0.0,0.0,0.0,0.0,0.0
4,2,0.062480014,0.0,0.93751997,0.0,0.0,0.0,0.0,0.0,0.0
4,2,0.062480014,0.0,0.93751997,0.0,0.0,0.0,0.0,0.0,0.0
4,2,0.062480014,0.0,0.93751997,0.0,0.0,0.0,0.0,0.0,0.0
4,2,0.062480014,0.0,0.93751997,0.0,0.0,0.0,0.0,0.0,0.0
4,2,0.062480014,0.0,0.93751997,0.0,0.0,0.0,0.0,0.0,0.0
4,2,0.062480014,0.0,0.93751997,0.0,0.0,0.0,0.0,0.0,0.0
4,2,0.062480014,0.0,0.93751997,0.0,0.0,0.0,0.0,0.0,0.0
4,2,0.062480014,0.0,0.93751997,0.0,0.0,0.0,0.0,0.0,0.0
4,2,0.062480014,0.0,0.93751997,0.0,0.0,0.0,0.0,0.0,0.0
4,2,0.062480014,0.0,0.93751997,0.0,0.0,0.0,0.0,0.0,0.0
4,2,0.062480014,0.0,0.93751997,0.0,0.0,0.0,0.0,0.0,0.0
4,2,0.062480014,0.0,0.93751997,0.0,0.0,0.0,0.0,0.0,0.0
4,2,0.062480014,0.0,0.93751997,0.0,0.0,0.0,0.0,0.0,0.0
4,2,0.062480014,0.0,0.93751997,0.0,0.0,0.0,0.0,0.0,0.0
4,2,0.062480014,0.0,0.93751997,0.0,0.0,0.0,0.0,0.0,0.0
4,2,0.062480014,0.0,0.93751997,0.0,0.0,0.0,0.0,0.0,0.0
4,2,0.062480014,0.0,0.93751997,0.0,0.0,0.0,0.0,0.0,0.0
4,2,0.062480014,0.0,0.93751997,0.0,0.0,0.0,0.0,0.0,0.0
4,2,0.062480014,0.0,0.93751997,0.0,0.0,0.0,0.0,0.0,0.0
4,2,0.062480014,0.0,0.93751997,0.0,0.0,0.0,0.0,0.0,0.0
4,2,0.062480014,0.0,0.93751997,0.0,0.0,0.0,0.0,0.0,0.0
4,2,0.062480014,0.0,0.93751997,0.0,0.0,0.0,0.0,0.0,0.0
4,2,0.062480014,0.0,0.93751997,0.0,0.0,0.0,0.0,0.0,0.0
4,2,0.062480014,0.0,0.93751997,0.0,0.0,0.0,0.0,0.0,0.0
4,2,0.062480014,0.0,0.93751997,0.0,0.0,0.0,0.0,0.0,0.0
4,2,0.062480014,0.0,0.93751997,0.0,0.0,0.0,0.0,0.0,0.0
4,2,0.062480014,0.0,0.93751997,0.0,0.0,0.0,0.0,0.0,0.0
4,2,0.062480014,0.0,0.93751997,0.0,0.0,0.0,0.0,0.0,0.0
4,2,0.062480014,0.0,0.93751997,0.0,0.0,0.0,0.0,0.0,0.0
4,2,0.062480014,0.0,0.93751997,0.0,0.0,0.0,0.0,0.0,0.0
4,2,0.062480014,0.0,0.93751997,0.0,0.0,0.0,0.0,0.0,0.0
4,2,0.062480014,0.0,0.93751997,0.0,0.0,0.0,0.0,0.0,0.0
4,2,0.062480014,0.0,0.93751997,0.0,0.0,0.0,0.0,0.0,0.0
4,2,0.062480014,0.0,0.93751997,0.0,0.0,0.0,0.0,0.0,0.0
4,2,0.062480014,0.0,0.93751997,0.0,0.0,0.0,0.0,0.0,0.0
4,2,0.062480014,0.0,0.93751997,0.0,0.0,0.0,0.0,0.0,0.0
4,2,0.062480014,0.0,0.93751997,0.0,0.0,0.0,0.0,0.0,0.0
4,2,0.062480014,0.0,0.93751997,0.0,0.0,0.0,0.0,0.0,0.0
4,2,0.062480014,0.0,0.93751997,0.0,0.0,0.0,0.0,0.0,0.0
4,2,0.062480014,0.0,0.93751997,0.0,0.0,0.0,0.0,0.0,0.0
4,2,0.062480014,0.0,0.93751997,0.0,0.0,0.0,0.0,0.0,0.0
4,2,0.062480014,0.0,0.93751997,0.0,0.0,0.0,0.0,0.0,0.0
4,2,0.062480014,0.0,0.93751997,0.0,0.0,0.0,0.0,0.0,0.0
4,2,0.062480014,0.0,0.93751997,0.0,0.0,0.0,0.0,0.0,0.0
4,2,0.062480014,0.0,0.93751997,0.0,0.0,0.0,0.0,0.0,0.0
4,2,0.062480014,0.0,0.93751997,0.0,0.0,0.0,0.0,0.0,0.0
4,2,0.062480014,0.0,0.93751997,0.0,0.0,0.0,0.0,0.0,0.0
4,2,0.062480014,0.0,0.93751997,0.0,0.0,0.0,0.0,0.0,0.0
4,2,0.062480014,0.0,0.93751997,0.0,0.0,0.0,0.0,0.0,0.0
4,2,0.062480014,0.0,0.93751997,0.0,0.0,0.0,0.0,0.0,0.0
4,2,0.062480014,0.0,0.93751997,0.0,0.0,0.0,0.0,0.0,0.0
4,2,0.062480014,0.0,0.93751997,0.0,0.0,0.0,0.0,0.0,0.0
4,2,0.062480014,0.0,0.93751997,0.0,0.0,0.0,0.0,0.0,0.0
4,2,0.062480014,0.0,0.93751997,0.0,0.0,0.0,0.0,0.0,0.0
4,2,0.062480014,0.0,0.93751997,0.0,0.0,0.0,0.0,0.0,0.0
4,2,0.062480014,0.0,0.93751997,0.0,0.0,0.0,0.0,0.0,0.0
4,2,0.062480014,0.0,0.93751997,0.0,0.0,0.0,0.0,0.0,0.0
4,2,0.062480014,0.0,0.93751997,0.0,0.0,0.0,0.0,0.0,0.0
4,2,0.062480014,0.0,0.93751997,0.0,0.0,0.0,0.0,0.0,0.0
4,2,0.062480014,0.0,0.93751997,0.0,0.0,0.0,0.0,0.0,0.0
4,2,0.062480014,0.0,0.93751997,0.0,0.0,0.0,0.0,0.0,0.0
4,2,0.062480014,0.0,0.93751997,0.0,0.0,0.0,0.0,0.0,0.0
4,2,0.062480014,0.0,0.93751997,0.0,0.0,0.0,0.0,0.0,0.0
4,2,0.062480014,0.0,0.93751997,0.0,0.0,0.0,0.0,0.0,0.0
4,2,0.062480014,0.0,0.93751997,0.0,0.0,0.0,0.0,0.0,0.0
4,2,0.062480014,0.0,0.93751997,0.0,0.0,0.0,0.0,0.0,0.0
4,2,0.062480014,0.0,0.93751997,0.0,0.0,0.0,0.0,0.0,0.0
4,2,0.062480014,0.0,0.93751997,0.0,0.0,0.0,0.0,0.0,0.0
4,2,0.062480014,0.0,0.93751997,0.0,0.0,0.0,0.0,0.0,0.0
4,2,0.062480014,0.0,0.93751997,0.0,0.0,0.0,0.0,0.0,0.0
4,2,0.062480014,0.0,0.93751997,0.0,0.0,0.0,0.0,0.0,0.0
4,2,0.062480014,0.0,0.93751997,0.0,0.0,0.0,0.0,0.0,0.0
4,2,0.062480014,0.0,0.93751997,0.0,0.0,0.0,0.0,0.0,0.0
4,2,0.062480014,0.0,0.93751997,0.0,0.0,0.0,0.0,0.0,0.0
4,2,0.062480014,0.0,0.93751997,0.0,0.0,0.0,0.0,0.0,0.0
4,2,0.062480014,0.0,0.93751997,0.0,0.0,0.0,0.0,0.0,0.0
4,2,0.062480014,0.0,0.93751997,0.0,0.0,0.0,0.0,0.0,0.0
4,2,0.062480014,0.0,0.93751997,0.0,0.0,0.0,0.0,0.0,0.0
4,2,0.062480014,0.0,0.93751997,0.0,0.0,0.0,0.0,0.0,0.0
4,2,0.062480014,0.0,0.93751997,0.0,0.0,0.0,0.0,0.0,0.0
4,2,0.062480014,0.0,0.93751997,0.0,0.0,0.0,0.0,0.0,0.0
4,2,0.062480014,0.0,0.93751997,0.0,0.0,0.0,0.0,0.0,0.0
4,2,0.062480014,0.0,0.93751997,0.0,0.0,0.0,0.0,0.0,0.0
4,2,0.062480014,0.0,0.93751997,0.0,0.0,0.0,0.0,0.0,0.0
4,2,0.062480014,0.0,0.93751997,0.0,0.0,0.0,0.0,0.0,0.0
4,2,0.062480014,0.0,0.93751997,0.0,0.0,0.0,0.0,0.0,0.0
4,2,0.062480014,0.0,0.93751997,0.0,0.0,0.0,0.0,0.0,0.0
4,2,0.062480014,0.0,0.93751997,0.0,0.0,0.0,0.0,0.0,0.0
4,2,0.062480014,0.0,0.93751997,0.0,0.0,0.0,0.0,0.0,0.0
4,2,0.062480014,0.0,0.93751997,0.0,0.0,0.0,0.0,0.0,0.0
4,2,0.062480014,0.0,0.93751997,0.0,0.0,0.0,0.0,0.0,0.0
4,2,0.062480014,0.0,0.93751997,0.0,0.0,0.0,0.0,0.0,0.0
4,2,0.062480014,0.0,0.93751997,0.0,0.0,0.0,0.0,0.0,0.0
4,2,0.062480014,0.0,0.93751997,0.0,0.0,0.0,0.0,0.0,0.0
4,2,0.062480014,0.0,0.93751997,0.0,0.0,0.0,0.0,0.0,0.0
4,2,0.062480014,0.0,0.93751997,0.0,0.0,0.0,0.0,0.0,0.0
4,2,0.062480014,0.0,0.93751997,0.0,0.0,0.0,0.0,0.0,0.0
4,2,0.062480014,0.0,0.93751997,0.0,0.0,0.0,0.0,0.0,0.0
4,2,0.062480014,0.0,0.93751997,0.0,0.0,0.0,0.0,0.0,0.0
4,2,0.062480014,0.0,0.93751997,0.0,0.0,0.0,0.0,0.0,0.0
4,2,0.062480014,0.0,0.93751997,0.0,0.0,0.0,0.0,0.0,0.0
4,2,0.062480014,0.0,0.93751997,0.0,0.0,0.0,0.0,0.0,0.0
4,2,0.062480014,0.0,0.93751997,0.0,0.0,0.0,0.0,0.0,0.0
4,2,0.062480014,0.0,0.93751997,0.0,0.0,0.0,0.0,0.0,0.0
4,2,0.062480014,0.0,0.93751997,0.0,0.0,0.0,0.0,0.0,0.0
4,2,0.062480014,0.0,0.93751997,0.0,0.0,0.0,0.0,0.0,0.0
4,2,0.062480014,0.0,0.93751997,0.0,0.0,0.0,0.0,0.0,0.0
4,2,0.062480014,0.0,0.93751997,0.0,0.0,0.0,0.0,0.0,0.0
4,2,0.062480014,0.0,0.93751997,0.0,0.0,0.0,0.0,0.0,0.0
4,2,0.062480014,0.0,0.93751997,0.0,0.0,0.0,0.0,0.0,0.0
4,2,0.062480014,0.0,0.93751997,0.0,0.0,0.0,0.0,0.0,0.0
4,2,0.062480014,0.0,0.93751997,0.0,0.0,0.0,0.0,0.0,0.0
4,2,0.062480014,0.0,0.93751997,0.0,0.0,0.0,0.0,0.0,0.0
4,2,0.062480014,0.0,0.93751997,0.0,0.0,0.0,0.0,0.0,0.0
4,2,0.062480014,0.0,0.93751997,0.0,0.0,0.0,0.0,0.0,0.0
4,2,0.062480014,0.0,0.93751997,0.0,0.0,0.0,0.0,0.0,0.0
4,2,0.062480014,0.0,0.93751997,0.0,0.0,0.0,0.0,0.0,0.0
4,2,0.062480014,0.0,0.93751997,0.0,0.0,0.0,0.0,0.0,0.0
4,2,0.062480014,0.0,0.93751997,0.0,0.0,0.0,0.0,0.0,0.0
4,2,0.062480014,0.0,0.93751997,0.0,0.0,0.0,0.0,0.0,0.0
4,2,0.062480014,0.0,0.93751997,0.0,0.0,0.0,0.0,0.0,0.0
4,2,0.062480014,0.0,0.93751997,0.0,0.0,0.0,0.0,0.0,0.0
4,2,0.062480014,0.0,0.93751997,0.0,0.0,0.0,0.0,0.0,0.0
4,2,0.062480014,0.0,0.93751997,0.0,0.0,0.0,0.0,0.0,0.0
4,2,0.062480014,0.0,0.93751997,0.0,0.0,0.0,0.0,0.0,0.0
4,2,0.062480014,0.0,0.93751997,0.0,0.0,0.0,0.0,0.0,0.0
4,2,0.062480014,0.0,0.93751997,0.0,0.0,0.0,0.0,0.0,0.0
4,2,0.062480014,0.0,0.93751997,0.0,0.0,0.0,0.0,0.0,0.0
4,2,0.062480014,0.0,0.93751997,0.0,0.0,0.0,0.0,0.0,0.0
4,2,0.062480014,0.0,0.93751997,0.0,0.0,0.0,0.0,0.0,0.0
4,2,0.062480014,0.0,0.93751997,0.0,0.0,0.0,0.0,0.0,0.0
4,2,0.062480014,0.0,0.93751997,0.0,0.0,0.0,0.0,0.0,0.0
4,2,0.062480014,0.0,0.93751997,0.0,0.0,0.0,0.0,0.0,0.0
4,2,0.062480014,0.0,0.93751997,0.0,0.0,0.0,0.0,0.0,0.0
4,2,0.062480014,0.0,0.93751997,0.0,0.0,0.0,0.0,0.0,0.0
4,2,0.062480014,0.0,0.93751997,0.0,0.0,0.0,0.0,0.0,0.0
4,2,0.062480014,0.0,0.93751997,0.0,0.0,0.0,0.0,0.0,0.0
4,2,0.062480014,0.0,0.93751997,0.0,0.0,0.0,0.0,0.0,0.0
4,2,0.062480014,0.0,0.93751997,0.0,0.0,0.0,0.0,0.0,0.0
4,2,0.062480014,0.0,0.93751997,0.0,0.0,0.0,0.0,0.0,0.0
4,2,0.062480014,0.0,0.93751997,0.0,0.0,0.0,0.0,0.0,0.0
4,2,0.062480014,0.0,0.93751997,0.0,0.0,0.0,0.0,0.0,0.0
4,2,0.062480014,0.0,0.93751997,0.0,0.0,0.0,0.0,0.0,0.0
4,2,0.062480014,0.0,0.93751997,0.0,0.0,0.0,0.0,0.0,0.0
4,2,0.062480014,0.0,0.93751997,0.0,0.0,0.0,0.0,0.0,0.0
4,2,0.062480014,0.0,0.93751997,0.0,0.0,0.0,0.0,0.0,0.0
4,2,0.062480014,0.0,0.93751997,0.0,0.0,0.0,0.0,0.0,0.0
4,2,0.062480014,0.0,0.93751997,0.0,0.0,0.0,0.0,0.0,0.0
4,2,0.062480014,0.0,0.93751997,0.0,0.0,0.0,0.0,0.0,0.0
4,2,0.062480014,0.0,0.93751997,0.0,0.0,0.0,0.0,0.0,0.0
4,2,0.062480014,0.0,0.93751997,0.0,0.0,0.0,0.0,0.0,0.0
4,2,0.062480014,0.0,0.93751997,0.0,0.0,0.0,0.0,0.0,0.0
4,2,0.062480014,0.0,0.93751997,0.0,0.0,0.0,0.0,0.0,0.0
4,2,0.062480014,0.0,0.93751997,0.0,0.0,0.0,0.0,0.0,0.0
4,2,0.062480014,0.0,0.93751997,0.0,0.0,0.0,0.0,0.0,0.0
4,2,0.062480014,0.0,0.93751997,0.0,0.0,0.0,0.0,0.0,0.0
4,2,0.062480014,0.0,0.93751997,0.0,0.0,0.0,0.0,0.0,0.0
4,2,0.062480014,0.0,0.93751997,0.0,0.0,0.0,0.0,0.0,0.0
4,2,0.062480014,0.0,0.93751997,0.0,0.0,0.0,0.0,0.0,0.0
4,2,0.062480014,0.0,0.93751997,0.0,0.0,0.0,0.0,0.0,0.0
4,2,0.062480014,0.0,0.93751997,0.0,0.0,0.0,0.0,0.0,0.0
4,2,0.062480014,0.0,0.93751997,0.0,0.0,0.0,0.0,0.0,0.0
4,2,0.062480014,0.0,0.93751997,0.0,0.0,0.0,0.0,0.0,0.0
4,2,0.062480014,0.0,0.93751997,0.0,0.0,0.0,0.0,0.0,0.0
4,2,0.062480014,0.0,0.93751997,0.0,0.0,0.0,0.0,0.0,0.0
4,2,0.062480014,0.0,0.93751997,0.0,0.0,0.0,0.0,0.0,0.0
4,2,0.062480014,0.0,0.93751997,0.0,0.0,0.0,0.0,0.0,0.0
4,2,0.062480014,0.0,0.93751997,0.0,0.0,0.0,0.0,0.0,0.0
4,2,0.062480014,0.0,0.93751997,0.0,0.0,0.0,0.0,0.0,0.0
4,2,0.062480014,0.0,0.93751997,0.0,0.0,0.0,0.0,0.0,0.0
4,2,0.062480014,0.0,0.93751997,0.0,0.0,0.0,0.0,0.0,0.0
4,2,0.062480014,0.0,0.93751997,0.0,0.0,0.0,0.0,0.0,0.0
4,2,0.062480014,0.0,0.93751997,0.0,0.0,0.0,0.0,0.0,0.0
4,2,0.062480014,0.0,0.93751997,0.0,0.0,0.0,0.0,0.0,0.0
4,2,0.062480014,0.0,0.93751997,0.0,0.0,0.0,0.0,0.0,0.0
4,2,0.062480014,0.0,0.93751997,0.0,0.0,0.0,0.0,0.0,0.0
4,2,0.062480014,0.0,0.93751997,0.0,0.0,0.0,0.0,0.0,0.0
4,2,0.062480014,0.0,0.93751997,0.0,0.0,0.0,0.0,0.0,0.0
4,2,0.062480014,0.0,0.93751997,0.0,0.0,0.0,0.0,0.0,0.0
4,2,0.062480014,0.0,0.93751997,0.0,0.0,0.0,0.0,0.0,0.0
4,2,0.062480014,0.0,0.93751997,0.0,0.0,0.0,0.0,0.0,0.0
4,2,0.062480014,0.0,0.93751997,0.0,0.0,0.0,0.0,0.0,0.0
4,2,0.062480014,0.0,0.93751997,0.0,0.0,0.0,0.0,0.0,0.0
4,2,0.062480014,0.0,0.93751997,0.0,0.0,0.0,0.0,0.0,0.0
4,2,0.062480014,0.0,0.93751997,0.0,0.0,0.0,0.0,0.0,0.0
4,2,0.062480014,0.0,0.93751997,0.0,0.0,0.0,0.0,0.0,0.0
4,2,0.062480014,0.0,0.93751997,0.0,0.0,0.0,0.0,0.0,0.0
4,2,0.062480014,0.0,0.93751997,0.0,0.0,0.0,0.0,0.0,0.0
4,2,0.062480014,0.0,0.93751997,0.0,0.0,0.0,0.0,0.0,0.0
4,2,0.062480014,0.0,0.93751997,0.0,0.0,0.0,0.0,0.0,0.0
4,2,0.062480014,0.0,0.93751997,0.0,0.0,0.0,0.0,0.0,0.0
4,2,0.062480014,0.0,0.93751997,0.0,0.0,0.0,0.0,0.0,0.0
4,2,0.062480014,0.0,0.93751997,0.0,0.0,0.0,0.0,0.0,0.0
4,2,0.062480014,0.0,0.93751997,0.0,0.0,0.0,0.0,0.0,0.0
4,2,0.062480014,0.0,0.93751997,0.0,0.0,0.0,0.0,0.0,0.0
4,2,0.062480014,0.0,0.93751997,0.0,0.0,0.0,0.0,0.0,0.0
4,2,0.062480014,0.0,0.93751997,0.0,0.0,0.0,0.0,0.0,0.0
4,2,0.062480014,0.0,0.93751997,0.0,0.0,0.0,0.0,0.0,0.0
4,2,0.062480014,0.0,0.93751997,0.0,0.0,0.0,0.0,0.0,0.0
4,2,0.062480014,0.0,0.93751997,0.0,0.0,0.0,0.0,0.0,0.0
4,2,0.062480014,0.0,0.93751997,0.0,0.0,0.0,0.0,0.0,0.0
4,2,0.062480014,0.0,0.93751997,0.0,0.0,0.0,0.0,0.0,0.0
4,2,0.062480014,0.0,0.93751997,0.0,0.0,0.0,0.0,0.0,0.0
4,2,0.062480014,0.0,0.93751997,0.0,0.0,0.0,0.0,0.0,0.0
4,2,0.062480014,0.0,0.93751997,0.0,0.0,0.0,0.0,0.0,0.0
4,2,0.062480014,0.0,0.93751997,0.0,0.0,0.0,0.0,0.0,0.0
4,2,0.062480014,0.0,0.93751997,0.0,0.0,0.0,0.0,0.0,0.0
4,2,0.062480014,0.0,0.93751997,0.0,0.0,0.0,0.0,0.0,0.0
4,2,0.062480014,0.0,0.93751997,0.0,0.0,0.0,0.0,0.0,0.0
4,2,0.062480014,0.0,0.93751997,0.0,0.0,0.0,0.0,0.0,0.0
4,2,0.062480014,0.0,0.93751997,0.0,0.0,0.0,0.0,0.0,0.0
4,2,0.062480014,0.0,0.93751997,0.0,0.0,0.0,0.0,0.0,0.0
4,2,0.062480014,0.0,0.93751997,0.0,0.0,0.0,0.0,0.0,0.0
4,2,0.062480014,0.0,0.93751997,0.0,0.0,0.0,0.0,0.0,0.0
4,2,0.062480014,0.0,0.93751997,0.0,0.0,0.0,0.0,0.0,0.0
4,2,0.062480014,0.0,0.93751997,0.0,0.0,0.0,0.0,0.0,0.0
4,2,0.062480014,0.0,0.93751997,0.0,0.0,0.0,0.0,0.0,0.0
4,2,0.062480014,0.0,0.93751997,0.0,0.0,0.0,0.0,0.0,0.0
4,2,0.062480014,0.0,0.93751997,0.0,0.0,0.0,0.0,0.0,0.0
4,2,0.062480014,0.0,0.93751997,0.0,0.0,0.0,0.0,0.0,0.0
4,2,0.062480014,0.0,0.93751997,0.0,0.0,0.0,0.0,0.0,0.0
4,2,0.062480014,0.0,0.93751997,0.0,0.0,0.0,0.0,0.0,0.0
4,2,0.062480014,0.0,0.93751997,0.0,0.0,0.0,0.0,0.0,0.0
4,2,0.062480014,0.0,0.93751997,0.0,0.0,0.0,0.0,0.0,0.0
4,2,0.062480014,0.0,0.93751997,0.0,0.0,0.0,0.0,0.0,0.0
4,2,0.062480014,0.0,0.93751997,0.0,0.0,0.0,0.0,0.0,0.0
4,2,0.062480014,0.0,0.93751997,0.0,0.0,0.0,0.0,0.0,0.0
4,2,0.062480014,0.0,0.93751997,0.0,0.0,0.0,0.0,0.0,0.0
4,2,0.062480014,0.0,0.93751997,0.0,0.0,0.0,0.0,0.0,0.0
4,2,0.062480014,0.0,0.93751997,0.0,0.0,0.0,0.0,0.0,0.0
4,2,0.062480014,0.0,0.93751997,0.0,0.0,0.0,0.0,0.0,0.0
4,2,0.062480014,0.0,0.93751997,0.0,0.0,0.0,0.0,0.0,0.0
4,2,0.062480014,0.0,0.93751997,0.0,0.0,0.0,0.0,0.0,0.0
4,2,0.062480014,0.0,0.93751997,0.0,0.0,0.0,0.0,0.0,0.0
4,2,0.062480014,0.0,0.93751997,0.0,0.0,0.0,0.0,0.0,0.0
4,2,0.062480014,0.0,0.93751997,0.0,0.0,0.0,0.0,0.0,0.0
4,2,0.062480014,0.0,0.93751997,0.0,0.0,0.0,0.0,0.0,0.0
4,2,0.062480014,0.0,0.93751997,0.0,0.0,0.0,0.0,0.0,0.0
4,2,0.062480014,0.0,0.93751997,0.0,0.0,0.0,0.0,0.0,0.0
4,2,0.062480014,0.0,0.93751997,0.0,0.0,0.0,0.0,0.0,0.0
4,2,0.062480014,0.0,0.93751997,0.0,0.0,0.0,0.0,0.0,0.0
4,2,0.062480014,0.0,0.93751997,0.0,0.0,0.0,0.0,0.0,0.0
4,2,0.062480014,0.0,0.93751997,0.0,0.0,0.0,0.0,0.0,0.0
4,2,0.062480014,0.0,0.93751997,0.0,0.0,0.0,0.0,0.0,0.0
4,2,0.062480014,0.0,0.93751997,0.0,0.0,0.0,0.0,0.0,0.0
4,2,0.062480014,0.0,0.93751997,0.0,0.0,0.0,0.0,0.0,0.0
4,2,0.062480014,0.0,0.93751997,0.0,0.0,0.0,0.0,0.0,0.0
4,2,0.062480014,0.0,0.93751997,0.0,0.0,0.0,0.0,0.0,0.0
4,2,0.062480014,0.0,0.93751997,0.0,0.0,0.0,0.0,0.0,0.0
4,2,0.062480014,0.0,0.93751997,0.0,0.0,0.0,0.0,0.0,0.0
4,2,0.062480014,0.0,0.93751997,0.0,0.0,0.0,0.0,0.0,0.0
4,2,0.062480014,0.0,0.93751997,0.0,0.0,0.0,0.0,0.0,0.0
4,2,0.062480014,0.0,0.93751997,0.0,0.0,0.0,0.0,0.0,0.0
4,2,0.062480014,0.0,0.93751997,0.0,0.0,0.0,0.0,0.0,0.0
4,2,0.062480014,0.0,0.93751997,0.0,0.0,0.0,0.0,0.0,0.0
4,2,0.062480014,0.0,0.93751997,0.0,0.0,0.0,0.0,0.0,0.0
4,2,0.062480014,0.0,0.93751997,0.0,0.0,0.0,0.0,0.0,0.0
4,2,0.062480014,0.0,0.93751997,0.0,0.0,0.0,0.0,0.0,0.0
4,2,0.062480014,0.0,0.93751997,0.0,0.0,0.0,0.0,0.0,0.0
4,2,0.062480014,0.0,0.93751997,0.0,0.0,0.0,0.0,0.0,0.0
4,2,0.062480014,0.0,0.93751997,0.0,0.0,0.0,0.0,0.0,0.0
4,2,0.062480014,0.0,0.93751997,0.0,0.0,0.0,0.0,0.0,0.0
4,2,0.062480014,0.0,0.93751997,0.0,0.0,0.0,0.0,0.0,0.0
4,2,0.062480014,0.0,0.93751997,0.0,0.0,0.0,0.0,0.0,0.0
4,2,0.062480014,0.0,0.93751997,0.0,0.0,0.0,0.0,0.0,0.0
4,2,0.062480014,0.0,0.93751997,0.0,0.0,0.0,0.0,0.0,0.0
4,2,0.062480014,0.0,0.93751997,0.0,0.0,0.0,0.0,0.0,0.0
4,2,0.062480014,0.0,0.93751997,0.0,0.0,0.0,0.0,0.0,0.0
4,2,0.062480014,0.0,0.93751997,0.0,0.0,0.0,0.0,0.0,0.0
4,2,0.062480014,0.0,0.93751997,0.0,0.0,0.0,0.0,0.0,0.0
4,2,0.062480014,0.0,0.93751997,0.0,0.0,0.0,0.0,0.0,0.0
4,2,0.062480014,0.0,0.93751997,0.0,0.0,0.0,0.0,0.0,0.0
4,2,0.062480014,0.0,0.93751997,0.0,0.0,0.0,0.0,0.0,0.0
4,2,0.062480014,0.0,0.93751997,0.0,0.0,0.0,0.0,0.0,0.0
4,2,0.062480014,0.0,0.93751997,0.0,0.0,0.0,0.0,0.0,0.0
4,2,0.062480014,0.0,0.93751997,0.0,0.0,0.0,0.0,0.0,0.0
4,2,0.062480014,0.0,0.93751997,0.0,0.0,0.0,0.0,0.0,0.0
4,2,0.062480014,0.0,0.93751997,0.0,0.0,0.0,0.0,0.0,0.0
4,2,0.062480014,0.0,0.93751997,0.0,0.0,0.0,0.0,0.0,0.0
4,2,0.062480014,0.0,0.93751997,0.0,0.0,0.0,0.0,0.0,0.0
4,2,0.062480014,0.0,0.93751997,0.0,0.0,0.0,0.0,0.0,0.0
4,2,0.062480014,0.0,0.93751997,0.0,0.0,0.0,0.0,0.0,0.0
4,2,0.062480014,0.0,0.93751997,0.0,0.0,0.0,0.0,0.0,0.0
4,2,0.062480014,0.0,0.93751997,0.0,0.0,0.0,0.0,0.0,0.0
4,2,0.062480014,0.0,0.93751997,0.0,0.0,0.0,0.0,0.0,0.0
4,2,0.062480014,0.0,0.93751997,0.0,0.0,0.0,0.0,0.0,0.0
4,2,0.062480014,0.0,0.93751997,0.0,0.0,0.0,0.0,0.0,0.0
4,2,0.062480014,0.0,0.93751997,0.0,0.0,0.0,0.0,0.0,0.0
4,2,0.062480014,0.0,0.93751997,0.0,0.0,0.0,0.0,0.0,0.0
4,2,0.062480014,0.0,0.93751997,0.0,0.0,0.0,0.0,0.0,0.0
4,2,0.062480014,0.0,0.93751997,0.0,0.0,0.0,0.0,0.0,0.0
4,2,0.062480014,0.0,0.93751997,0.0,0.0,0.0,0.0,0.0,0.0
4,2,0.062480014,0.0,0.93751997,0.0,0.0,0.0,0.0,0.0,0.0
4,2,0.062480014,0.0,0.93751997,0.0,0.0,0.0,0.0,0.0,0.0
4,2,0.062480014,0.0,0.93751997,0.0,0.0,0.0,0.0,0.0,0.0
4,2,0.062480014,0.0,0.93751997,0.0,0.0,0.0,0.0,0.0,0.0
4,2,0.062480014,0.0,0.93751997,0.0,0.0,0.0,0.0,0.0,0.0
4,2,0.062480014,0.0,0.93751997,0.0,0.0,0.0,0.0,0.0,0.0
4,2,0.062480014,0.0,0.93751997,0.0,0.0,0.0,0.0,0.0,0.0
4,2,0.062480014,0.0,0.93751997,0.0,0.0,0.0,0.0,0.0,0.0
4,2,0.062480014,0.0,0.93751997,0.0,0.0,0.0,0.0,0.0,0.0
4,2,0.062480014,0.0,0.93751997,0.0,0.0,0.0,0.0,0.0,0.0
4,2,0.062480014,0.0,0.93751997,0.0,0.0,0.0,0.0,0.0,0.0
4,2,0.062480014,0.0,0.93751997,0.0,0.0,0.0,0.0,0.0,0.0
4,2,0.062480014,0.0,0.93751997,0.0,0.0,0.0,0.0,0.0,0.0
4,2,0.062480014,0.0,0.93751997,0.0,0.0,0.0,0.0,0.0,0.0
4,2,0.062480014,0.0,0.93751997,0.0,0.0,0.0,0.0,0.0,0.0
4,2,0.062480014,0.0,0.93751997,0.0,0.0,0.0,0.0,0.0,0.0
4,2,0.062480014,0.0,0.93751997,0.0,0.0,0.0,0.0,0.0,0.0
4,2,0.062480014,0.0,0.93751997,0.0,0.0,0.0,0.0,0.0,0.0
4,2,0.062480014,0.0,0.93751997,0.0,0.0,0.0,0.0,0.0,0.0
4,2,0.062480014,0.0,0.93751997,0.0,0.0,0.0,0.0,0.0,0.0
4,2,0.062480014,0.0,0.93751997,0.0,0.0,0.0,0.0,0.0,0.0
4,2,0.062480014,0.0,0.93751997,0.0,0.0,0.0,0.0,0.0,0.0
4,2,0.062480014,0.0,0.93751997,0.0,0.0,0.0,0.0,0.0,0.0
4,2,0.062480014,0.0,0.93751997,0.0,0.0,0.0,0.0,0.0,0.0
4,2,0.062480014,0.0,0.93751997,0.0,0.0,0.0,0.0,0.0,0.0
4,2,0.062480014,0.0,0.93751997,0.0,0.0,0.0,0.0,0.0,0.0
4,2,0.062480014,0.0,0.93751997,0.0,0.0,0.0,0.0,0.0,0.0
4,2,0.062480014,0.0,0.93751997,0.0,0.0,0.0,0.0,0.0,0.0
4,2,0.062480014,0.0,0.93751997,0.0,0.0,0.0,0.0,0.0,0.0
4,2,0.062480014,0.0,0.93751997,0.0,0.0,0.0,0.0,0.0,0.0
4,2,0.062480014,0.0,0.93751997,0.0,0.0,0.0,0.0,0.0,0.0
4,2,0.062480014,0.0,0.93751997,0.0,0.0,0.0,0.0,0.0,0.0
4,2,0.062480014,0.0,0.93751997,0.0,0.0,0.0,0.0,0.0,0.0
4,2,0.062480014,0.0,0.93751997,0.0,0.0,0.0,0.0,0.0,0.0
4,2,0.062480014,0.0,0.93751997,0.0,0.0,0.0,0.0,0.0,0.0
4,2,0.062480014,0.0,0.93751997,0.0,0.0,0.0,0.0,0.0,0.0
4,2,0.062480014,0.0,0.93751997,0.0,0.0,0.0,0.0,0.0,0.0
4,2,0.062480014,0.0,0.93751997,0.0,0.0,0.0,0.0,0.0,0.0
4,2,0.062480014,0.0,0.93751997,0.0,0.0,0.0,0.0,0.0,0.0
4,2,0.062480014,0.0,0.93751997,0.0,0.0,0.0,0.0,0.0,0.0
4,2,0.062480014,0.0,0.93751997,0.0,0.0,0.0,0.0,0.0,0.0
4,2,0.062480014,0.0,0.93751997,0.0,0.0,0.0,0.0,0.0,0.0
4,2,0.062480014,0.0,0.93751997,0.0,0.0,0.0,0.0,0.0,0.0
4,2,0.062480014,0.0,0.93751997,0.0,0.0,0.0,0.0,0.0,0.0
4,2,0.062480014,0.0,0.93751997,0.0,0.0,0.0,0.0,0.0,0.0
4,2,0.062480014,0.0,0.93751997,0.0,0.0,0.0,0.0,0.0,0.0
4,2,0.062480014,0.0,0.93751997,0.0,0.0,0.0,0.0,0.0,0.0
4,2,0.062480014,0.0,0.93751997,0.0,0.0,0.0,0.0,0.0,0.0
4,2,0.062480014,0.0,0.93751997,0.0,0.0,0.0,0.0,0.0,0.0
4,2,0.062480014,0.0,0.93751997,0.0,0.0,0.0,0.0,0.0,0.0
4,2,0.062480014,0.0,0.93751997,0.0,0.0,0.0,0.0,0.0,0.0
4,2,0.062480014,0.0,0.93751997,0.0,0.0,0.0,0.0,0.0,0.0
4,2,0.062480014,0.0,0.93751997,0.0,0.0,0.0,0.0,0.0,0.0
4,2,0.062480014,0.0,0.93751997,0.0,0.0,0.0,0.0,0.0,0.0
4,2,0.062480014,0.0,0.93751997,0.0,0.0,0.0,0.0,0.0,0.0
4,2,0.062480014,0.0,0.93751997,0.0,0.0,0.0,0.0,0.0,0.0
4,2,0.062480014,0.0,0.93751997,0.0,0.0,0.0,0.0,0.0,0.0
4,2,0.062480014,0.0,0.93751997,0.0,0.0,0.0,0.0,0.0,0.0
4,2,0.062480014,0.0,0.93751997,0.0,0.0,0.0,0.0,0.0,0.0
4,2,0.062480014,0.0,0.93751997,0.0,0.0,0.0,0.0,0.0,0.0
4,2,0.062480014,0.0,0.93751997,0.0,0.0,0.0,0.0,0.0,0.0
4,2,0.062480014,0.0,0.93751997,0.0,0.0,0.0,0.0,0.0,0.0
4,2,0.062480014,0.0,0.93751997,0.0,0.0,0.0,0.0,0.0,0.0
4,2,0.062480014,0.0,0.93751997,0.0,0.0,0.0,0.0,0.0,0.0
4,2,0.13526383,0.0,0.8647362,0.0,0.0,0.0,0.0,0.0,0.0
4,2,0.13526383,0.0,0.8647362,0.0,0.0,0.0,0.0,0.0,0.0
4,2,0.13526383,0.0,0.8647362,0.0,0.0,0.0,0.0,0.0,0.0
4,2,0.13526383,0.0,0.8647362,0.0,0.0,0.0,0.0,0.0,0.0
4,2,0.13526383,0.0,0.8647362,0.0,0.0,0.0,0.0,0.0,0.0
4,2,0.13526383,0.0,0.8647362,0.0,0.0,0.0,0.0,0.0,0.0
4,2,0.13526383,0.0,0.8647362,0.0,0.0,0.0,0.0,0.0,0.0
4,2,0.13526383,0.0,0.8647362,0.0,0.0,0.0,0.0,0.0,0.0
4,2,0.13526383,0.0,0.8647362,0.0,0.0,0.0,0.0,0.0,0.0
4,2,0.13526383,0.0,0.8647362,0.0,0.0,0.0,0.0,0.0,0.0
4,2,0.13526383,0.0,0.8647362,0.0,0.0,0.0,0.0,0.0,0.0
4,2,0.13526383,0.0,0.8647362,0.0,0.0,0.0,0.0,0.0,0.0
4,2,0.13526383,0.0,0.8647362,0.0,0.0,0.0,0.0,0.0,0.0
4,2,0.13526383,0.0,0.8647362,0.0,0.0,0.0,0.0,0.0,0.0
4,2,0.13526383,0.0,0.8647362,0.0,0.0,0.0,0.0,0.0,0.0
4,2,0.13526383,0.0,0.8647362,0.0,0.0,0.0,0.0,0.0,0.0
4,2,0.13526383,0.0,0.8647362,0.0,0.0,0.0,0.0,0.0,0.0
4,2,0.13526383,0.0,0.8647362,0.0,0.0,0.0,0.0,0.0,0.0
4,2,0.13526383,0.0,0.8647362,0.0,0.0,0.0,0.0,0.0,0.0
4,2,0.13526383,0.0,0.8647362,0.0,0.0,0.0,0.0,0.0,0.0
4,2,0.13526383,0.0,0.8647362,0.0,0.0,0.0,0.0,0.0,0.0
4,2,0.13526383,0.0,0.8647362,0.0,0.0,0.0,0.0,0.0,0.0
4,2,0.13526383,0.0,0.8647362,0.0,0.0,0.0,0.0,0.0,0.0
4,2,0.13526383,0.0,0.8647362,0.0,0.0,0.0,0.0,0.0,0.0
4,2,0.13526383,0.0,0.8647362,0.0,0.0,0.0,0.0,0.0,0.0
4,2,0.13526383,0.0,0.8647362,0.0,0.0,0.0,0.0,0.0,0.0
4,2,0.13526383,0.0,0.8647362,0.0,0.0,0.0,0.0,0.0,0.0
4,2,0.13526383,0.0,0.8647362,0.0,0.0,0.0,0.0,0.0,0.0
4,2,0.13526383,0.0,0.8647362,0.0,0.0,0.0,0.0,0.0,0.0
4,2,0.13526383,0.0,0.8647362,0.0,0.0,0.0,0.0,0.0,0.0
4,2,0.13526383,0.0,0.8647362,0.0,0.0,0.0,0.0,0.0,0.0
4,2,0.13526383,0.0,0.8647362,0.0,0.0,0.0,0.0,0.0,0.0
4,2,0.13526383,0.0,0.8647362,0.0,0.0,0.0,0.0,0.0,0.0
4,2,0.13526383,0.0,0.8647362,0.0,0.0,0.0,0.0,0.0,0.0
4,2,0.13526383,0.0,0.8647362,0.0,0.0,0.0,0.0,0.0,0.0
4,2,0.13526383,0.0,0.8647362,0.0,0.0,0.0,0.0,0.0,0.0
4,2,0.13526383,0.0,0.8647362,0.0,0.0,0.0,0.0,0.0,0.0
4,2,0.13526383,0.0,0.8647362,0.0,0.0,0.0,0.0,0.0,0.0
4,2,0.13526383,0.0,0.8647362,0.0,0.0,0.0,0.0,0.0,0.0
4,2,0.13526383,0.0,0.8647362,0.0,0.0,0.0,0.0,0.0,0.0
4,2,0.13526383,0.0,0.8647362,0.0,0.0,0.0,0.0,0.0,0.0
4,2,0.13526383,0.0,0.8647362,0.0,0.0,0.0,0.0,0.0,0.0
4,2,0.13526383,0.0,0.8647362,0.0,0.0,0.0,0.0,0.0,0.0
4,2,0.13526383,0.0,0.8647362,0.0,0.0,0.0,0.0,0.0,0.0
4,2,0.13526383,0.0,0.8647362,0.0,0.0,0.0,0.0,0.0,0.0
4,2,0.13526383,0.0,0.8647362,0.0,0.0,0.0,0.0,0.0,0.0
4,2,0.13526383,0.0,0.8647362,0.0,0.0,0.0,0.0,0.0,0.0
4,2,0.13526383,0.0,0.8647362,0.0,0.0,0.0,0.0,0.0,0.0
4,2,0.13526383,0.0,0.8647362,0.0,0.0,0.0,0.0,0.0,0.0
4,2,0.13526383,0.0,0.8647362,0.0,0.0,0.0,0.0,0.0,0.0
4,2,0.13526383,0.0,0.8647362,0.0,0.0,0.0,0.0,0.0,0.0
4,2,0.13526383,0.0,0.8647362,0.0,0.0,0.0,0.0,0.0,0.0
4,2,0.13526383,0.0,0.8647362,0.0,0.0,0.0,0.0,0.0,0.0
4,2,0.13526383,0.0,0.8647362,0.0,0.0,0.0,0.0,0.0,0.0
4,2,0.13526383,0.0,0.8647362,0.0,0.0,0.0,0.0,0.0,0.0
4,2,0.13526383,0.0,0.8647362,0.0,0.0,0.0,0.0,0.0,0.0
4,2,0.13526383,0.0,0.8647362,0.0,0.0,0.0,0.0,0.0,0.0
4,2,0.13526383,0.0,0.8647362,0.0,0.0,0.0,0.0,0.0,0.0
4,2,0.13526383,0.0,0.8647362,0.0,0.0,0.0,0.0,0.0,0.0
4,2,0.13526383,0.0,0.8647362,0.0,0.0,0.0,0.0,0.0,0.0
4,2,0.13526383,0.0,0.8647362,0.0,0.0,0.0,0.0,0.0,0.0
4,2,0.13526383,0.0,0.8647362,0.0,0.0,0.0,0.0,0.0,0.0
4,2,0.13526383,0.0,0.8647362,0.0,0.0,0.0,0.0,0.0,0.0
4,2,0.13526383,0.0,0.8647362,0.0,0.0,0.0,0.0,0.0,0.0
4,2,0.13526383,0.0,0.8647362,0.0,0.0,0.0,0.0,0.0,0.0
4,2,0.13526383,0.0,0.8647362,0.0,0.0,0.0,0.0,0.0,0.0
4,2,0.13526383,0.0,0.8647362,0.0,0.0,0.0,0.0,0.0,0.0
4,2,0.13526383,0.0,0.8647362,0.0,0.0,0.0,0.0,0.0,0.0
4,2,0.13526383,0.0,0.8647362,0.0,0.0,0.0,0.0,0.0,0.0
4,2,0.13526383,0.0,0.8647362,0.0,0.0,0.0,0.0,0.0,0.0
4,2,0.13526383,0.0,0.8647362,0.0,0.0,0.0,0.0,0.0,0.0
4,2,0.13526383,0.0,0.8647362,0.0,0.0,0.0,0.0,0.0,0.0
4,2,0.13526383,0.0,0.8647362,0.0,0.0,0.0,0.0,0.0,0.0
4,2,0.13526383,0.0,0.8647362,0.0,0.0,0.0,0.0,0.0,0.0
4,2,0.13526383,0.0,0.8647362,0.0,0.0,0.0,0.0,0.0,0.0
4,2,0.13526383,0.0,0.8647362,0.0,0.0,0.0,0.0,0.0,0.0
4,2,0.13526383,0.0,0.8647362,0.0,0.0,0.0,0.0,0.0,0.0
4,2,0.13526383,0.0,0.8647362,0.0,0.0,0.0,0.0,0.0,0.0
4,2,0.13526383,0.0,0.8647362,0.0,0.0,0.0,0.0,0.0,0.0
4,2,0.13526383,0.0,0.8647362,0.0,0.0,0.0,0.0,0.0,0.0
4,2,0.13526383,0.0,0.8647362,0.0,0.0,0.0,0.0,0.0,0.0
4,2,0.13526383,0.0,0.8647362,0.0,0.0,0.0,0.0,0.0,0.0
4,2,0.13526383,0.0,0.8647362,0.0,0.0,0.0,0.0,0.0,0.0
4,2,0.13526383,0.0,0.8647362,0.0,0.0,0.0,0.0,0.0,0.0
4,2,0.13526383,0.0,0.8647362,0.0,0.0,0.0,0.0,0.0,0.0
4,2,0.13526383,0.0,0.8647362,0.0,0.0,0.0,0.0,0.0,0.0
4,2,0.13526383,0.0,0.8647362,0.0,0.0,0.0,0.0,0.0,0.0
4,2,0.13526383,0.0,0.8647362,0.0,0.0,0.0,0.0,0.0,0.0
4,2,0.13526383,0.0,0.8647362,0.0,0.0,0.0,0.0,0.0,0.0
4,2,0.13526383,0.0,0.8647362,0.0,0.0,0.0,0.0,0.0,0.0
4,2,0.13526383,0.0,0.8647362,0.0,0.0,0.0,0.0,0.0,0.0
4,2,0.13526383,0.0,0.8647362,0.0,0.0,0.0,0.0,0.0,0.0
4,2,0.13526383,0.0,0.8647362,0.0,0.0,0.0,0.0,0.0,0.0
4,2,0.13526383,0.0,0.8647362,0.0,0.0,0.0,0.0,0.0,0.0
4,2,0.13526383,0.0,0.8647362,0.0,0.0,0.0,0.0,0.0,0.0
4,2,0.13526383,0.0,0.8647362,0.0,0.0,0.0,0.0,0.0,0.0
4,2,0.13526383,0.0,0.8647362,0.0,0.0,0.0,0.0,0.0,0.0
4,2,0.13526383,0.0,0.8647362,0.0,0.0,0.0,0.0,0.0,0.0
4,2,0.13526383,0.0,0.8647362,0.0,0.0,0.0,0.0,0.0,0.0
4,2,0.13526383,0.0,0.8647362,0.0,0.0,0.0,0.0,0.0,0.0
4,2,0.13526383,0.0,0.8647362,0.0,0.0,0.0,0.0,0.0,0.0
4,2,0.13526383,0.0,0.8647362,0.0,0.0,0.0,0.0,0.0,0.0
4,2,0.13526383,0.0,0.8647362,0.0,0.0,0.0,0.0,0.0,0.0
4,2,0.13526383,0.0,0.8647362,0.0,0.0,0.0,0.0,0.0,0.0
4,2,0.13526383,0.0,0.8647362,0.0,0.0,0.0,0.0,0.0,0.0
4,2,0.13526383,0.0,0.8647362,0.0,0.0,0.0,0.0,0.0,0.0
4,2,0.13526383,0.0,0.8647362,0.0,0.0,0.0,0.0,0.0,0.0
4,2,0.13526383,0.0,0.8647362,0.0,0.0,0.0,0.0,0.0,0.0
4,2,0.13526383,0.0,0.8647362,0.0,0.0,0.0,0.0,0.0,0.0
4,2,0.13526383,0.0,0.8647362,0.0,0.0,0.0,0.0,0.0,0.0
4,2,0.13526383,0.0,0.8647362,0.0,0.0,0.0,0.0,0.0,0.0
4,2,0.13526383,0.0,0.8647362,0.0,0.0,0.0,0.0,0.0,0.0
4,2,0.13526383,0.0,0.8647362,0.0,0.0,0.0,0.0,0.0,0.0
4,2,0.13526383,0.0,0.8647362,0.0,0.0,0.0,0.0,0.0,0.0
4,2,0.13526383,0.0,0.8647362,0.0,0.0,0.0,0.0,0.0,0.0
4,2,0.13526383,0.0,0.8647362,0.0,0.0,0.0,0.0,0.0,0.0
4,2,0.13526383,0.0,0.8647362,0.0,0.0,0.0,0.0,0.0,0.0
4,2,0.13526383,0.0,0.8647362,0.0,0.0,0.0,0.0,0.0,0.0
4,2,0.13526383,0.0,0.8647362,0.0,0.0,0.0,0.0,0.0,0.0
4,2,0.13526383,0.0,0.8647362,0.0,0.0,0.0,0.0,0.0,0.0
4,2,0.13526383,0.0,0.8647362,0.0,0.0,0.0,0.0,0.0,0.0
4,2,0.13526383,0.0,0.8647362,0.0,0.0,0.0,0.0,0.0,0.0
4,2,0.13526383,0.0,0.8647362,0.0,0.0,0.0,0.0,0.0,0.0
4,2,0.13526383,0.0,0.8647362,0.0,0.0,0.0,0.0,0.0,0.0
4,2,0.13526383,0.0,0.8647362,0.0,0.0,0.0,0.0,0.0,0.0
4,2,0.13526383,0.0,0.8647362,0.0,0.0,0.0,0.0,0.0,0.0
4,2,0.13526383,0.0,0.8647362,0.0,0.0,0.0,0.0,0.0,0.0
4,2,0.13526383,0.0,0.8647362,0.0,0.0,0.0,0.0,0.0,0.0
4,2,0.13526383,0.0,0.8647362,0.0,0.0,0.0,0.0,0.0,0.0
4,2,0.13526383,0.0,0.8647362,0.0,0.0,0.0,0.0,0.0,0.0
4,2,0.13526383,0.0,0.8647362,0.0,0.0,0.0,0.0,0.0,0.0
4,2,0.13526383,0.0,0.8647362,0.0,0.0,0.0,0.0,0.0,0.0
4,2,0.13526383,0.0,0.8647362,0.0,0.0,0.0,0.0,0.0,0.0
4,2,0.13526383,0.0,0.8647362,0.0,0.0,0.0,0.0,0.0,0.0
4,2,0.13526383,0.0,0.8647362,0.0,0.0,0.0,0.0,0.0,0.0
4,2,0.13526383,0.0,0.8647362,0.0,0.0,0.0,0.0,0.0,0.0
4,2,0.13526383,0.0,0.8647362,0.0,0.0,0.0,0.0,0.0,0.0
4,2,0.13526383,0.0,0.8647362,0.0,0.0,0.0,0.0,0.0,0.0
4,2,0.13526383,0.0,0.8647362,0.0,0.0,0.0,0.0,0.0,0.0
4,2,0.13526383,0.0,0.8647362,0.0,0.0,0.0,0.0,0.0,0.0
4,2,0.13526383,0.0,0.8647362,0.0,0.0,0.0,0.0,0.0,0.0
4,2,0.13526383,0.0,0.8647362,0.0,0.0,0.0,0.0,0.0,0.0
4,2,0.13526383,0.0,0.8647362,0.0,0.0,0.0,0.0,0.0,0.0
4,2,0.13526383,0.0,0.8647362,0.0,0.0,0.0,0.0,0.0,0.0
4,2,0.13526383,0.0,0.8647362,0.0,0.0,0.0,0.0,0.0,0.0
4,2,0.13526383,0.0,0.8647362,0.0,0.0,0.0,0.0,0.0,0.0
4,2,0.062480014,0.0,0.93751997,0.0,0.0,0.0,0.0,0.0,0.0
4,2,0.062480014,0.0,0.93751997,0.0,0.0,0.0,0.0,0.0,0.0
4,2,0.062480014,0.0,0.93751997,0.0,0.0,0.0,0.0,0.0,0.0
4,2,0.062480014,0.0,0.93751997,0.0,0.0,0.0,0.0,0.0,0.0
4,2,0.062480014,0.0,0.93751997,0.0,0.0,0.0,0.0,0.0,0.0
4,2,0.062480014,0.0,0.93751997,0.0,0.0,0.0,0.0,0.0,0.0
4,2,0.062480014,0.0,0.93751997,0.0,0.0,0.0,0.0,0.0,0.0
4,2,0.062480014,0.0,0.93751997,0.0,0.0,0.0,0.0,0.0,0.0
4,2,0.062480014,0.0,0.93751997,0.0,0.0,0.0,0.0,0.0,0.0
4,2,0.062480014,0.0,0.93751997,0.0,0.0,0.0,0.0,0.0,0.0
4,2,0.062480014,0.0,0.93751997,0.0,0.0,0.0,0.0,0.0,0.0
4,2,0.062480014,0.0,0.93751997,0.0,0.0,0.0,0.0,0.0,0.0
4,2,0.062480014,0.0,0.93751997,0.0,0.0,0.0,0.0,0.0,0.0
4,2,0.062480014,0.0,0.93751997,0.0,0.0,0.0,0.0,0.0,0.0
4,2,0.12719533,0.0,0.8728047,0.0,0.0,0.0,0.0,0.0,0.0
4,2,0.12719533,0.0,0.8728047,0.0,0.0,0.0,0.0,0.0,0.0
4,2,0.12719533,0.0,0.8728047,0.0,0.0,0.0,0.0,0.0,0.0
4,2,0.12719533,0.0,0.8728047,0.0,0.0,0.0,0.0,0.0,0.0
4,2,0.12719533,0.0,0.8728047,0.0,0.0,0.0,0.0,0.0,0.0
4,2,0.12719533,0.0,0.8728047,0.0,0.0,0.0,0.0,0.0,0.0
4,2,0.12719533,0.0,0.8728047,0.0,0.0,0.0,0.0,0.0,0.0
4,2,0.12719533,0.0,0.8728047,0.0,0.0,0.0,0.0,0.0,0.0
4,2,0.12719533,0.0,0.8728047,0.0,0.0,0.0,0.0,0.0,0.0
4,2,0.12719533,0.0,0.8728047,0.0,0.0,0.0,0.0,0.0,0.0
4,2,0.12719533,0.0,0.8728047,0.0,0.0,0.0,0.0,0.0,0.0
4,2,0.12719533,0.0,0.8728047,0.0,0.0,0.0,0.0,0.0,0.0
4,2,0.12719533,0.0,0.8728047,0.0,0.0,0.0,0.0,0.0,0.0
4,2,0.12719533,0.0,0.8728047,0.0,0.0,0.0,0.0,0.0,0.0
4,2,0.12719533,0.0,0.8728047,0.0,0.0,0.0,0.0,0.0,0.0
4,2,0.12719533,0.0,0.8728047,0.0,0.0,0.0,0.0,0.0,0.0
4,2,0.12719533,0.0,0.8728047,0.0,0.0,0.0,0.0,0.0,0.0
4,2,0.12719533,0.0,0.8728047,0.0,0.0,0.0,0.0,0.0,0.0
4,2,0.12719533,0.0,0.8728047,0.0,0.0,0.0,0.0,0.0,0.0
4,2,0.12719533,0.0,0.8728047,0.0,0.0,0.0,0.0,0.0,0.0
4,2,0.12719533,0.0,0.8728047,0.0,0.0,0.0,0.0,0.0,0.0
4,2,0.12719533,0.0,0.8728047,0.0,0.0,0.0,0.0,0.0,0.0
4,2,0.12719533,0.0,0.8728047,0.0,0.0,0.0,0.0,0.0,0.0
4,2,0.12719533,0.0,0.8728047,0.0,0.0,0.0,0.0,0.0,0.0
4,2,0.12719533,0.0,0.8728047,0.0,0.0,0.0,0.0,0.0,0.0
4,2,0.12719533,0.0,0.8728047,0.0,0.0,0.0,0.0,0.0,0.0
4,2,0.12719533,0.0,0.8728047,0.0,0.0,0.0,0.0,0.0,0.0
4,2,0.12719533,0.0,0.8728047,0.0,0.0,0.0,0.0,0.0,0.0
4,2,0.12719533,0.0,0.8728047,0.0,0.0,0.0,0.0,0.0,0.0
4,2,0.12719533,0.0,0.8728047,0.0,0.0,0.0,0.0,0.0,0.0
4,2,0.12719533,0.0,0.8728047,0.0,0.0,0.0,0.0,0.0,0.0
4,2,0.12719533,0.0,0.8728047,0.0,0.0,0.0,0.0,0.0,0.0
4,2,0.12719533,0.0,0.8728047,0.0,0.0,0.0,0.0,0.0,0.0
4,2,0.12719533,0.0,0.8728047,0.0,0.0,0.0,0.0,0.0,0.0
4,2,0.12719533,0.0,0.8728047,0.0,0.0,0.0,0.0,0.0,0.0
4,2,0.12719533,0.0,0.8728047,0.0,0.0,0.0,0.0,0.0,0.0
4,2,0.12719533,0.0,0.8728047,0.0,0.0,0.0,0.0,0.0,0.0
4,2,0.12719533,0.0,0.8728047,0.0,0.0,0.0,0.0,0.0,0.0
4,2,0.12719533,0.0,0.8728047,0.0,0.0,0.0,0.0,0.0,0.0
4,2,0.12719533,0.0,0.8728047,0.0,0.0,0.0,0.0,0.0,0.0
4,2,0.12719533,0.0,0.8728047,0.0,0.0,0.0,0.0,0.0,0.0
4,2,0.12719533,0.0,0.8728047,0.0,0.0,0.0,0.0,0.0,0.0
4,2,0.12719533,0.0,0.8728047,0.0,0.0,0.0,0.0,0.0,0.0
4,2,0.12719533,0.0,0.8728047,0.0,0.0,0.0,0.0,0.0,0.0
4,2,0.12719533,0.0,0.8728047,0.0,0.0,0.0,0.0,0.0,0.0
4,2,0.12719533,0.0,0.8728047,0.0,0.0,0.0,0.0,0.0,0.0
4,2,0.12719533,0.0,0.8728047,0.0,0.0,0.0,0.0,0.0,0.0
4,2,0.12719533,0.0,0.8728047,0.0,0.0,0.0,0.0,0.0,0.0
4,2,0.12719533,0.0,0.8728047,0.0,0.0,0.0,0.0,0.0,0.0
4,2,0.12719533,0.0,0.8728047,0.0,0.0,0.0,0.0,0.0,0.0
4,2,0.12719533,0.0,0.8728047,0.0,0.0,0.0,0.0,0.0,0.0
4,2,0.12719533,0.0,0.8728047,0.0,0.0,0.0,0.0,0.0,0.0
4,2,0.12719533,0.0,0.8728047,0.0,0.0,0.0,0.0,0.0,0.0
4,2,0.12719533,0.0,0.8728047,0.0,0.0,0.0,0.0,0.0,0.0
4,2,0.12719533,0.0,0.8728047,0.0,0.0,0.0,0.0,0.0,0.0
4,2,0.12719533,0.0,0.8728047,0.0,0.0,0.0,0.0,0.0,0.0
4,2,0.12719533,0.0,0.8728047,0.0,0.0,0.0,0.0,0.0,0.0
4,2,0.12719533,0.0,0.8728047,0.0,0.0,0.0,0.0,0.0,0.0
4,2,0.12719533,0.0,0.8728047,0.0,0.0,0.0,0.0,0.0,0.0
4,2,0.12719533,0.0,0.8728047,0.0,0.0,0.0,0.0,0.0,0.0
4,2,0.12719533,0.0,0.8728047,0.0,0.0,0.0,0.0,0.0,0.0
4,2,0.12719533,0.0,0.8728047,0.0,0.0,0.0,0.0,0.0,0.0
4,2,0.12719533,0.0,0.8728047,0.0,0.0,0.0,0.0,0.0,0.0
4,2,0.12719533,0.0,0.8728047,0.0,0.0,0.0,0.0,0.0,0.0
4,2,0.12719533,0.0,0.8728047,0.0,0.0,0.0,0.0,0.0,0.0
4,2,0.12719533,0.0,0.8728047,0.0,0.0,0.0,0.0,0.0,0.0
4,2,0.12719533,0.0,0.8728047,0.0,0.0,0.0,0.0,0.0,0.0
4,2,0.12719533,0.0,0.8728047,0.0,0.0,0.0,0.0,0.0,0.0
4,2,0.12719533,0.0,0.8728047,0.0,0.0,0.0,0.0,0.0,0.0
4,2,0.12719533,0.0,0.8728047,0.0,0.0,0.0,0.0,0.0,0.0
4,2,0.12719533,0.0,0.8728047,0.0,0.0,0.0,0.0,0.0,0.0
4,2,0.12719533,0.0,0.8728047,0.0,0.0,0.0,0.0,0.0,0.0
4,2,0.12719533,0.0,0.8728047,0.0,0.0,0.0,0.0,0.0,0.0
4,2,0.12719533,0.0,0.8728047,0.0,0.0,0.0,0.0,0.0,0.0
4,2,0.12719533,0.0,0.8728047,0.0,0.0,0.0,0.0,0.0,0.0
4,2,0.12719533,0.0,0.8728047,0.0,0.0,0.0,0.0,0.0,0.0
4,2,0.12719533,0.0,0.8728047,0.0,0.0,0.0,0.0,0.0,0.0
4,2,0.12719533,0.0,0.8728047,0.0,0.0,0.0,0.0,0.0,0.0
4,2,0.12719533,0.0,0.8728047,0.0,0.0,0.0,0.0,0.0,0.0
4,2,0.12719533,0.0,0.8728047,0.0,0.0,0.0,0.0,0.0,0.0
4,2,0.12719533,0.0,0.8728047,0.0,0.0,0.0,0.0,0.0,0.0
4,2,0.12719533,0.0,0.8728047,0.0,0.0,0.0,0.0,0.0,0.0
4,2,0.12719533,0.0,0.8728047,0.0,0.0,0.0,0.0,0.0,0.0
4,2,0.12719533,0.0,0.8728047,0.0,0.0,0.0,0.0,0.0,0.0
4,2,0.12719533,0.0,0.8728047,0.0,0.0,0.0,0.0,0.0,0.0
4,2,0.12719533,0.0,0.8728047,0.0,0.0,0.0,0.0,0.0,0.0
4,2,0.12719533,0.0,0.8728047,0.0,0.0,0.0,0.0,0.0,0.0
4,2,0.12719533,0.0,0.8728047,0.0,0.0,0.0,0.0,0.0,0.0
4,2,0.12719533,0.0,0.8728047,0.0,0.0,0.0,0.0,0.0,0.0
4,2,0.12719533,0.0,0.8728047,0.0,0.0,0.0,0.0,0.0,0.0
4,2,0.12719533,0.0,0.8728047,0.0,0.0,0.0,0.0,0.0,0.0
4,2,0.12719533,0.0,0.8728047,0.0,0.0,0.0,0.0,0.0,0.0
4,2,0.12719533,0.0,0.8728047,0.0,0.0,0.0,0.0,0.0,0.0
4,2,0.12719533,0.0,0.8728047,0.0,0.0,0.0,0.0,0.0,0.0
4,2,0.12719533,0.0,0.8728047,0.0,0.0,0.0,0.0,0.0,0.0
4,2,0.12719533,0.0,0.8728047,0.0,0.0,0.0,0.0,0.0,0.0
4,2,0.12719533,0.0,0.8728047,0.0,0.0,0.0,0.0,0.0,0.0
4,2,0.12719533,0.0,0.8728047,0.0,0.0,0.0,0.0,0.0,0.0
4,2,0.12719533,0.0,0.8728047,0.0,0.0,0.0,0.0,0.0,0.0
4,2,0.12719533,0.0,0.8728047,0.0,0.0,0.0,0.0,0.0,0.0
4,2,0.12719533,0.0,0.8728047,0.0,0.0,0.0,0.0,0.0,0.0
4,2,0.12719533,0.0,0.8728047,0.0,0.0,0.0,0.0,0.0,0.0
4,2,0.12719533,0.0,0.8728047,0.0,0.0,0.0,0.0,0.0,0.0
4,2,0.12719533,0.0,0.8728047,0.0,0.0,0.0,0.0,0.0,0.0
4,2,0.12719533,0.0,0.8728047,0.0,0.0,0.0,0.0,0.0,0.0
4,2,0.12719533,0.0,0.8728047,0.0,0.0,0.0,0.0,0.0,0.0
4,2,0.12719533,0.0,0.8728047,0.0,0.0,0.0,0.0,0.0,0.0
4,2,0.12719533,0.0,0.8728047,0.0,0.0,0.0,0.0,0.0,0.0
4,2,0.12719533,0.0,0.8728047,0.0,0.0,0.0,0.0,0.0,0.0
4,2,0.12719533,0.0,0.8728047,0.0,0.0,0.0,0.0,0.0,0.0
4,2,0.12719533,0.0,0.8728047,0.0,0.0,0.0,0.0,0.0,0.0
4,2,0.12719533,0.0,0.8728047,0.0,0.0,0.0,0.0,0.0,0.0
4,2,0.12719533,0.0,0.8728047,0.0,0.0,0.0,0.0,0.0,0.0
4,2,0.12719533,0.0,0.8728047,0.0,0.0,0.0,0.0,0.0,0.0
4,2,0.12719533,0.0,0.8728047,0.0,0.0,0.0,0.0,0.0,0.0
4,2,0.12719533,0.0,0.8728047,0.0,0.0,0.0,0.0,0.0,0.0
4,2,0.12719533,0.0,0.8728047,0.0,0.0,0.0,0.0,0.0,0.0
4,2,0.12719533,0.0,0.8728047,0.0,0.0,0.0,0.0,0.0,0.0
4,2,0.12719533,0.0,0.8728047,0.0,0.0,0.0,0.0,0.0,0.0
4,2,0.12719533,0.0,0.8728047,0.0,0.0,0.0,0.0,0.0,0.0
4,2,0.12719533,0.0,0.8728047,0.0,0.0,0.0,0.0,0.0,0.0
4,2,0.12719533,0.0,0.8728047,0.0,0.0,0.0,0.0,0.0,0.0
4,2,0.12719533,0.0,0.8728047,0.0,0.0,0.0,0.0,0.0,0.0
4,2,0.12719533,0.0,0.8728047,0.0,0.0,0.0,0.0,0.0,0.0
4,2,0.12719533,0.0,0.8728047,0.0,0.0,0.0,0.0,0.0,0.0
4,2,0.12719533,0.0,0.8728047,0.0,0.0,0.0,0.0,0.0,0.0
4,2,0.12719533,0.0,0.8728047,0.0,0.0,0.0,0.0,0.0,0.0
4,2,0.12719533,0.0,0.8728047,0.0,0.0,0.0,0.0,0.0,0.0
4,2,0.12719533,0.0,0.8728047,0.0,0.0,0.0,0.0,0.0,0.0
4,2,0.12719533,0.0,0.8728047,0.0,0.0,0.0,0.0,0.0,0.0
4,2,0.12719533,0.0,0.8728047,0.0,0.0,0.0,0.0,0.0,0.0
4,2,0.12719533,0.0,0.8728047,0.0,0.0,0.0,0.0,0.0,0.0
4,2,0.12719533,0.0,0.8728047,0.0,0.0,0.0,0.0,0.0,0.0
4,2,0.12719533,0.0,0.8728047,0.0,0.0,0.0,0.0,0.0,0.0
4,2,0.12719533,0.0,0.8728047,0.0,0.0,0.0,0.0,0.0,0.0
4,2,0.12719533,0.0,0.8728047,0.0,0.0,0.0,0.0,0.0,0.0
4,2,0.12719533,0.0,0.8728047,0.0,0.0,0.0,0.0,0.0,0.0
4,2,0.12719533,0.0,0.8728047,0.0,0.0,0.0,0.0,0.0,0.0
4,2,0.12719533,0.0,0.8728047,0.0,0.0,0.0,0.0,0.0,0.0
4,2,0.12719533,0.0,0.8728047,0.0,0.0,0.0,0.0,0.0,0.0
4,2,0.12719533,0.0,0.8728047,0.0,0.0,0.0,0.0,0.0,0.0
4,2,0.12719533,0.0,0.8728047,0.0,0.0,0.0,0.0,0.0,0.0
4,2,0.12719533,0.0,0.8728047,0.0,0.0,0.0,0.0,0.0,0.0
4,2,0.12719533,0.0,0.8728047,0.0,0.0,0.0,0.0,0.0,0.0
4,2,0.12719533,0.0,0.8728047,0.0,0.0,0.0,0.0,0.0,0.0
4,2,0.12719533,0.0,0.8728047,0.0,0.0,0.0,0.0,0.0,0.0
4,2,0.12719533,0.0,0.8728047,0.0,0.0,0.0,0.0,0.0,0.0
4,2,0.12719533,0.0,0.8728047,0.0,0.0,0.0,0.0,0.0,0.0
4,2,0.12719533,0.0,0.8728047,0.0,0.0,0.0,0.0,0.0,0.0
4,2,0.12719533,0.0,0.8728047,0.0,0.0,0.0,0.0,0.0,0.0
4,2,0.12719533,0.0,0.8728047,0.0,0.0,0.0,0.0,0.0,0.0
4,2,0.12719533,0.0,0.8728047,0.0,0.0,0.0,0.0,0.0,0.0
4,2,0.12719533,0.0,0.8728047,0.0,0.0,0.0,0.0,0.0,0.0
4,2,0.12719533,0.0,0.8728047,0.0,0.0,0.0,0.0,0.0,0.0
4,2,0.12719533,0.0,0.8728047,0.0,0.0,0.0,0.0,0.0,0.0
4,2,0.12719533,0.0,0.8728047,0.0,0.0,0.0,0.0,0.0,0.0
4,2,0.12719533,0.0,0.8728047,0.0,0.0,0.0,0.0,0.0,0.0
4,2,0.12719533,0.0,0.8728047,0.0,0.0,0.0,0.0,0.0,0.0
4,2,0.12719533,0.0,0.8728047,0.0,0.0,0.0,0.0,0.0,0.0
4,2,0.12719533,0.0,0.8728047,0.0,0.0,0.0,0.0,0.0,0.0
4,2,0.12719533,0.0,0.8728047,0.0,0.0,0.0,0.0,0.0,0.0
4,2,0.12719533,0.0,0.8728047,0.0,0.0,0.0,0.0,0.0,0.0
4,2,0.12719533,0.0,0.8728047,0.0,0.0,0.0,0.0,0.0,0.0
4,2,0.12719533,0.0,0.8728047,0.0,0.0,0.0,0.0,0.0,0.0
4,2,0.12719533,0.0,0.8728047,0.0,0.0,0.0,0.0,0.0,0.0
4,2,0.12719533,0.0,0.8728047,0.0,0.0,0.0,0.0,0.0,0.0
4,2,0.12719533,0.0,0.8728047,0.0,0.0,0.0,0.0,0.0,0.0
4,2,0.12719533,0.0,0.8728047,0.0,0.0,0.0,0.0,0.0,0.0
4,2,0.12719533,0.0,0.8728047,0.0,0.0,0.0,0.0,0.0,0.0
4,2,0.12719533,0.0,0.8728047,0.0,0.0,0.0,0.0,0.0,0.0
4,2,0.12719533,0.0,0.8728047,0.0,0.0,0.0,0.0,0.0,0.0
4,2,0.12719533,0.0,0.8728047,0.0,0.0,0.0,0.0,0.0,0.0
4,2,0.12719533,0.0,0.8728047,0.0,0.0,0.0,0.0,0.0,0.0
4,2,0.12719533,0.0,0.8728047,0.0,0.0,0.0,0.0,0.0,0.0
4,2,0.12719533,0.0,0.8728047,0.0,0.0,0.0,0.0,0.0,0.0
4,2,0.12719533,0.0,0.8728047,0.0,0.0,0.0,0.0,0.0,0.0
4,2,0.12719533,0.0,0.8728047,0.0,0.0,0.0,0.0,0.0,0.0
4,2,0.12719533,0.0,0.8728047,0.0,0.0,0.0,0.0,0.0,0.0
4,2,0.12719533,0.0,0.8728047,0.0,0.0,0.0,0.0,0.0,0.0
4,2,0.12719533,0.0,0.8728047,0.0,0.0,0.0,0.0,0.0,0.0
4,2,0.12719533,0.0,0.8728047,0.0,0.0,0.0,0.0,0.0,0.0
4,2,0.12719533,0.0,0.8728047,0.0,0.0,0.0,0.0,0.0,0.0
4,2,0.12719533,0.0,0.8728047,0.0,0.0,0.0,0.0,0.0,0.0
4,2,0.12719533,0.0,0.8728047,0.0,0.0,0.0,0.0,0.0,0.0
4,2,0.12719533,0.0,0.8728047,0.0,0.0,0.0,0.0,0.0,0.0
4,2,0.12719533,0.0,0.8728047,0.0,0.0,0.0,0.0,0.0,0.0
4,2,0.12719533,0.0,0.8728047,0.0,0.0,0.0,0.0,0.0,0.0
4,2,0.12719533,0.0,0.8728047,0.0,0.0,0.0,0.0,0.0,0.0
4,2,0.12719533,0.0,0.8728047,0.0,0.0,0.0,0.0,0.0,0.0
4,2,0.12719533,0.0,0.8728047,0.0,0.0,0.0,0.0,0.0,0.0
4,2,0.12719533,0.0,0.8728047,0.0,0.0,0.0,0.0,0.0,0.0
4,2,0.12719533,0.0,0.8728047,0.0,0.0,0.0,0.0,0.0,0.0
4,2,0.12719533,0.0,0.8728047,0.0,0.0,0.0,0.0,0.0,0.0
4,2,0.12719533,0.0,0.8728047,0.0,0.0,0.0,0.0,0.0,0.0
4,2,0.12719533,0.0,0.8728047,0.0,0.0,0.0,0.0,0.0,0.0
4,2,0.12719533,0.0,0.8728047,0.0,0.0,0.0,0.0,0.0,0.0
4,2,0.12719533,0.0,0.8728047,0.0,0.0,0.0,0.0,0.0,0.0
4,2,0.12719533,0.0,0.8728047,0.0,0.0,0.0,0.0,0.0,0.0
4,2,0.12719533,0.0,0.8728047,0.0,0.0,0.0,0.0,0.0,0.0
4,2,0.12719533,0.0,0.8728047,0.0,0.0,0.0,0.0,0.0,0.0
4,2,0.12719533,0.0,0.8728047,0.0,0.0,0.0,0.0,0.0,0.0
4,2,0.12719533,0.0,0.8728047,0.0,0.0,0.0,0.0,0.0,0.0
4,2,0.12719533,0.0,0.8728047,0.0,0.0,0.0,0.0,0.0,0.0
4,2,0.12719533,0.0,0.8728047,0.0,0.0,0.0,0.0,0.0,0.0
4,2,0.12719533,0.0,0.8728047,0.0,0.0,0.0,0.0,0.0,0.0
4,2,0.12719533,0.0,0.8728047,0.0,0.0,0.0,0.0,0.0,0.0
4,2,0.12719533,0.0,0.8728047,0.0,0.0,0.0,0.0,0.0,0.0
4,2,0.12719533,0.0,0.8728047,0.0,0.0,0.0,0.0,0.0,0.0
4,2,0.12719533,0.0,0.8728047,0.0,0.0,0.0,0.0,0.0,0.0
4,2,0.12719533,0.0,0.8728047,0.0,0.0,0.0,0.0,0.0,0.0
4,2,0.12719533,0.0,0.8728047,0.0,0.0,0.0,0.0,0.0,0.0
4,2,0.12719533,0.0,0.8728047,0.0,0.0,0.0,0.0,0.0,0.0
4,2,0.12719533,0.0,0.8728047,0.0,0.0,0.0,0.0,0.0,0.0
4,2,0.12719533,0.0,0.8728047,0.0,0.0,0.0,0.0,0.0,0.0
4,2,0.12719533,0.0,0.8728047,0.0,0.0,0.0,0.0,0.0,0.0
4,2,0.12719533,0.0,0.8728047,0.0,0.0,0.0,0.0,0.0,0.0
4,2,0.12719533,0.0,0.8728047,0.0,0.0,0.0,0.0,0.0,0.0
4,2,0.12719533,0.0,0.8728047,0.0,0.0,0.0,0.0,0.0,0.0
4,2,0.12719533,0.0,0.8728047,0.0,0.0,0.0,0.0,0.0,0.0
4,2,0.12719533,0.0,0.8728047,0.0,0.0,0.0,0.0,0.0,0.0
4,2,0.12719533,0.0,0.8728047,0.0,0.0,0.0,0.0,0.0,0.0
4,2,0.12719533,0.0,0.8728047,0.0,0.0,0.0,0.0,0.0,0.0
4,2,0.12719533,0.0,0.8728047,0.0,0.0,0.0,0.0,0.0,0.0
4,2,0.12719533,0.0,0.8728047,0.0,0.0,0.0,0.0,0.0,0.0
4,2,0.12719531,0.0,0.81363535,0.0,0.0,0.0,0.0,0.05916933,0.0
4,2,0.12719531,0.0,0.81363535,0.0,0.0,0.0,0.0,0.05916933,0.0
4,2,0.12719531,0.0,0.81363535,0.0,0.0,0.0,0.0,0.05916933,0.0
4,2,0.12719531,0.0,0.81363535,0.0,0.0,0.0,0.0,0.05916933,0.0
4,2,0.12719531,0.0,0.81363535,0.0,0.0,0.0,0.0,0.05916933,0.0
4,2,0.12719531,0.0,0.81363535,0.0,0.0,0.0,0.0,0.05916933,0.0
4,2,0.12719531,0.0,0.81363535,0.0,0.0,0.0,0.0,0.05916933,0.0
4,2,0.12719531,0.0,0.81363535,0.0,0.0,0.0,0.0,0.05916933,0.0
4,2,0.12719531,0.0,0.81363535,0.0,0.0,0.0,0.0,0.05916933,0.0
4,2,0.12719531,0.0,0.81363535,0.0,0.0,0.0,0.0,0.05916933,0.0
4,2,0.12719531,0.0,0.81363535,0.0,0.0,0.0,0.0,0.05916933,0.0
4,2,0.12719531,0.0,0.81363535,0.0,0.0,0.0,0.0,0.05916933,0.0
4,2,0.12719531,0.0,0.81363535,0.0,0.0,0.0,0.0,0.05916933,0.0
4,2,0.12719531,0.0,0.81363535,0.0,0.0,0.0,0.0,0.05916933,0.0
4,2,0.12719531,0.0,0.81363535,0.0,0.0,0.0,0.0,0.05916933,0.0
4,2,0.12719531,0.0,0.81363535,0.0,0.0,0.0,0.0,0.05916933,0.0
4,2,0.12719531,0.0,0.81363535,0.0,0.0,0.0,0.0,0.05916933,0.0
4,2,0.12719531,0.0,0.81363535,0.0,0.0,0.0,0.0,0.05916933,0.0
4,2,0.12719531,0.0,0.81363535,0.0,0.0,0.0,0.0,0.05916933,0.0
4,2,0.12719531,0.0,0.81363535,0.0,0.0,0.0,0.0,0.05916933,0.0
4,2,0.12719531,0.0,0.81363535,0.0,0.0,0.0,0.0,0.05916933,0.0
4,2,0.12719531,0.0,0.81363535,0.0,0.0,0.0,0.0,0.05916933,0.0
4,2,0.12719531,0.0,0.81363535,0.0,0.0,0.0,0.0,0.05916933,0.0
4,2,0.12719531,0.0,0.81363535,0.0,0.0,0.0,0.0,0.05916933,0.0
4,2,0.12719531,0.0,0.81363535,0.0,0.0,0.0,0.0,0.05916933,0.0
4,2,0.12719531,0.0,0.81363535,0.0,0.0,0.0,0.0,0.05916933,0.0
4,2,0.12719531,0.0,0.81363535,0.0,0.0,0.0,0.0,0.05916933,0.0
4,2,0.12719531,0.0,0.81363535,0.0,0.0,0.0,0.0,0.05916933,0.0
4,2,0.12719531,0.0,0.81363535,0.0,0.0,0.0,0.0,0.05916933,0.0
4,2,0.12719531,0.0,0.81363535,0.0,0.0,0.0,0.0,0.05916933,0.0
4,2,0.12719531,0.0,0.81363535,0.0,0.0,0.0,0.0,0.05916933,0.0
4,2,0.12719531,0.0,0.81363535,0.0,0.0,0.0,0.0,0.05916933,0.0
4,2,0.12719531,0.0,0.81363535,0.0,0.0,0.0,0.0,0.05916933,0.0
4,2,0.12719531,0.0,0.81363535,0.0,0.0,0.0,0.0,0.05916933,0.0
4,2,0.12719531,0.0,0.81363535,0.0,0.0,0.0,0.0,0.05916933,0.0
4,2,0.12719531,0.0,0.81363535,0.0,0.0,0.0,0.0,0.05916933,0.0
4,2,0.12719531,0.0,0.81363535,0.0,0.0,0.0,0.0,0.05916933,0.0
4,2,0.12719531,0.0,0.81363535,0.0,0.0,0.0,0.0,0.05916933,0.0
4,2,0.12719531,0.0,0.81363535,0.0,0.0,0.0,0.0,0.05916933,0.0
4,2,0.12719531,0.0,0.81363535,0.0,0.0,0.0,0.0,0.05916933,0.0
4,2,0.12719531,0.0,0.81363535,0.0,0.0,0.0,0.0,0.05916933,0.0
4,2,0.12719531,0.0,0.81363535,0.0,0.0,0.0,0.0,0.05916933,0.0
4,2,0.12719531,0.0,0.81363535,0.0,0.0,0.0,0.0,0.05916933,0.0
4,2,0.12719531,0.0,0.81363535,0.0,0.0,0.0,0.0,0.05916933,0.0
4,2,0.12719531,0.0,0.81363535,0.0,0.0,0.0,0.0,0.05916933,0.0
4,2,0.12719531,0.0,0.81363535,0.0,0.0,0.0,0.0,0.05916933,0.0
4,2,0.12719531,0.0,0.81363535,0.0,0.0,0.0,0.0,0.05916933,0.0
4,2,0.12719531,0.0,0.81363535,0.0,0.0,0.0,0.0,0.05916933,0.0
4,2,0.12719531,0.0,0.81363535,0.0,0.0,0.0,0.0,0.05916933,0.0
4,2,0.12719531,0.0,0.81363535,0.0,0.0,0.0,0.0,0.05916933,0.0
4,2,0.12719531,0.0,0.81363535,0.0,0.0,0.0,0.0,0.05916933,0.0
4,2,0.12719531,0.0,0.81363535,0.0,0.0,0.0,0.0,0.05916933,0.0
4,2,0.12719531,0.0,0.81363535,0.0,0.0,0.0,0.0,0.05916933,0.0
4,2,0.12719531,0.0,0.81363535,0.0,0.0,0.0,0.0,0.05916933,0.0
4,2,0.12719531,0.0,0.81363535,0.0,0.0,0.0,0.0,0.05916933,0.0
4,2,0.12719531,0.0,0.81363535,0.0,0.0,0.0,0.0,0.05916933,0.0
4,2,0.12719531,0.0,0.81363535,0.0,0.0,0.0,0.0,0.05916933,0.0
4,2,0.12719531,0.0,0.81363535,0.0,0.0,0.0,0.0,0.05916933,0.0
4,2,0.12719531,0.0,0.81363535,0.0,0.0,0.0,0.0,0.05916933,0.0
4,2,0.12719531,0.0,0.81363535,0.0,0.0,0.0,0.0,0.05916933,0.0
4,2,0.12719531,0.0,0.81363535,0.0,0.0,0.0,0.0,0.05916933,0.0
4,2,0.12719531,0.0,0.81363535,0.0,0.0,0.0,0.0,0.05916933,0.0
4,2,0.12719531,0.0,0.81363535,0.0,0.0,0.0,0.0,0.05916933,0.0
4,2,0.12719531,0.0,0.81363535,0.0,0.0,0.0,0.0,0.05916933,0.0
4,2,0.12719531,0.0,0.81363535,0.0,0.0,0.0,0.0,0.05916933,0.0
4,2,0.12719531,0.0,0.81363535,0.0,0.0,0.0,0.0,0.05916933,0.0
4,2,0.12719531,0.0,0.81363535,0.0,0.0,0.0,0.0,0.05916933,0.0
4,2,0.12719531,0.0,0.81363535,0.0,0.0,0.0,0.0,0.05916933,0.0
4,2,0.12719531,0.0,0.81363535,0.0,0.0,0.0,0.0,0.05916933,0.0
4,2,0.12719531,0.0,0.81363535,0.0,0.0,0.0,0.0,0.05916933,0.0
4,2,0.12719531,0.0,0.81363535,0.0,0.0,0.0,0.0,0.05916933,0.0
4,2,0.12719531,0.0,0.81363535,0.0,0.0,0.0,0.0,0.05916933,0.0
4,2,0.12719531,0.0,0.81363535,0.0,0.0,0.0,0.0,0.05916933,0.0
4,2,0.12719531,0.0,0.81363535,0.0,0.0,0.0,0.0,0.05916933,0.0
4,2,0.12719531,0.0,0.81363535,0.0,0.0,0.0,0.0,0.05916933,0.0
4,2,0.12719531,0.0,0.81363535,0.0,0.0,0.0,0.0,0.05916933,0.0
4,2,0.12719531,0.0,0.81363535,0.0,0.0,0.0,0.0,0.05916933,0.0
4,2,0.12719531,0.0,0.81363535,0.0,0.0,0.0,0.0,0.05916933,0.0
4,2,0.12719531,0.0,0.81363535,0.0,0.0,0.0,0.0,0.05916933,0.0
4,2,0.12719531,0.0,0.81363535,0.0,0.0,0.0,0.0,0.05916933,0.0
4,2,0.12719531,0.0,0.81363535,0.0,0.0,0.0,0.0,0.05916933,0.0
4,2,0.12719531,0.0,0.81363535,0.0,0.0,0.0,0.0,0.05916933,0.0
4,2,0.12719531,0.0,0.81363535,0.0,0.0,0.0,0.0,0.05916933,0.0
4,2,0.12719531,0.0,0.81363535,0.0,0.0,0.0,0.0,0.05916933,0.0
4,2,0.12719531,0.0,0.81363535,0.0,0.0,0.0,0.0,0.05916933,0.0
4,2,0.12719531,0.0,0.81363535,0.0,0.0,0.0,0.0,0.05916933,0.0
4,2,0.12719531,0.0,0.81363535,0.0,0.0,0.0,0.0,0.05916933,0.0
4,2,0.12719531,0.0,0.81363535,0.0,0.0,0.0,0.0,0.05916933,0.0
4,2,0.12719531,0.0,0.81363535,0.0,0.0,0.0,0.0,0.05916933,0.0
4,2,0.12719531,0.0,0.81363535,0.0,0.0,0.0,0.0,0.05916933,0.0
4,2,0.12719531,0.0,0.81363535,0.0,0.0,0.0,0.0,0.05916933,0.0
4,2,0.12719531,0.0,0.81363535,0.0,0.0,0.0,0.0,0.05916933,0.0
4,2,0.12719531,0.0,0.81363535,0.0,0.0,0.0,0.0,0.05916933,0.0
4,2,0.12719531,0.0,0.81363535,0.0,0.0,0.0,0.0,0.05916933,0.0
4,2,0.12719531,0.0,0.81363535,0.0,0.0,0.0,0.0,0.05916933,0.0
4,2,0.12719531,0.0,0.81363535,0.0,0.0,0.0,0.0,0.05916933,0.0
4,2,0.12719531,0.0,0.81363535,0.0,0.0,0.0,0.0,0.05916933,0.0
4,2,0.12719531,0.0,0.81363535,0.0,0.0,0.0,0.0,0.05916933,0.0
4,2,0.12719531,0.0,0.81363535,0.0,0.0,0.0,0.0,0.05916933,0.0
4,2,0.12719531,0.0,0.81363535,0.0,0.0,0.0,0.0,0.05916933,0.0
4,2,0.12719531,0.0,0.81363535,0.0,0.0,0.0,0.0,0.05916933,0.0
4,2,0.12719531,0.0,0.81363535,0.0,0.0,0.0,0.0,0.05916933,0.0
4,2,0.12719531,0.0,0.81363535,0.0,0.0,0.0,0.0,0.05916933,0.0
4,2,0.12719531,0.0,0.81363535,0.0,0.0,0.0,0.0,0.05916933,0.0
4,2,0.12719531,0.0,0.81363535,0.0,0.0,0.0,0.0,0.05916933,0.0
4,2,0.12719531,0.0,0.81363535,0.0,0.0,0.0,0.0,0.05916933,0.0
4,2,0.12719531,0.0,0.81363535,0.0,0.0,0.0,0.0,0.05916933,0.0
4,2,0.12719531,0.0,0.81363535,0.0,0.0,0.0,0.0,0.05916933,0.0
4,2,0.12719531,0.0,0.81363535,0.0,0.0,0.0,0.0,0.05916933,0.0
4,2,0.12719531,0.0,0.81363535,0.0,0.0,0.0,0.0,0.05916933,0.0
4,2,0.12719531,0.0,0.81363535,0.0,0.0,0.0,0.0,0.05916933,0.0
4,2,0.12719531,0.0,0.81363535,0.0,0.0,0.0,0.0,0.05916933,0.0
4,2,0.12719531,0.0,0.81363535,0.0,0.0,0.0,0.0,0.05916933,0.0
4,2,0.12719531,0.0,0.81363535,0.0,0.0,0.0,0.0,0.05916933,0.0
4,2,0.12719531,0.0,0.81363535,0.0,0.0,0.0,0.0,0.05916933,0.0
4,2,0.12719531,0.0,0.81363535,0.0,0.0,0.0,0.0,0.05916933,0.0
4,2,0.12719531,0.0,0.81363535,0.0,0.0,0.0,0.0,0.05916933,0.0
4,2,0.12719531,0.0,0.81363535,0.0,0.0,0.0,0.0,0.05916933,0.0
4,2,0.12719531,0.0,0.81363535,0.0,0.0,0.0,0.0,0.05916933,0.0
4,2,0.12719531,0.0,0.81363535,0.0,0.0,0.0,0.0,0.05916933,0.0
4,2,0.12719531,0.0,0.81363535,0.0,0.0,0.0,0.0,0.05916933,0.0
4,2,0.12719531,0.0,0.81363535,0.0,0.0,0.0,0.0,0.05916933,0.0
4,2,0.12719531,0.0,0.81363535,0.0,0.0,0.0,0.0,0.05916933,0.0
4,2,0.12719531,0.0,0.81363535,0.0,0.0,0.0,0.0,0.05916933,0.0
4,2,0.12719531,0.0,0.81363535,0.0,0.0,0.0,0.0,0.05916933,0.0
4,2,0.12719531,0.0,0.81363535,0.0,0.0,0.0,0.0,0.05916933,0.0
4,2,0.12719531,0.0,0.81363535,0.0,0.0,0.0,0.0,0.05916933,0.0
4,2,0.12719531,0.0,0.81363535,0.0,0.0,0.0,0.0,0.05916933,0.0
4,2,0.12719531,0.0,0.81363535,0.0,0.0,0.0,0.0,0.05916933,0.0
4,2,0.12719531,0.0,0.81363535,0.0,0.0,0.0,0.0,0.05916933,0.0
4,2,0.12719531,0.0,0.81363535,0.0,0.0,0.0,0.0,0.05916933,0.0
4,2,0.12719531,0.0,0.81363535,0.0,0.0,0.0,0.0,0.05916933,0.0
4,2,0.12719531,0.0,0.81363535,0.0,0.0,0.0,0.0,0.05916933,0.0
4,2,0.12719531,0.0,0.81363535,0.0,0.0,0.0,0.0,0.05916933,0.0
4,2,0.12719531,0.0,0.81363535,0.0,0.0,0.0,0.0,0.05916933,0.0
4,2,0.12719531,0.0,0.81363535,0.0,0.0,0.0,0.0,0.05916933,0.0
4,2,0.12719531,0.0,0.81363535,0.0,0.0,0.0,0.0,0.05916933,0.0
4,2,0.12719531,0.0,0.81363535,0.0,0.0,0.0,0.0,0.05916933,0.0
4,2,0.12719531,0.0,0.81363535,0.0,0.0,0.0,0.0,0.05916933,0.0
4,2,0.12719531,0.0,0.81363535,0.0,0.0,0.0,0.0,0.05916933,0.0
4,2,0.12719531,0.0,0.81363535,0.0,0.0,0.0,0.0,0.05916933,0.0
4,2,0.12719531,0.0,0.81363535,0.0,0.0,0.0,0.0,0.05916933,0.0
4,2,0.12719531,0.0,0.81363535,0.0,0.0,0.0,0.0,0.05916933,0.0
4,2,0.12719531,0.0,0.81363535,0.0,0.0,0.0,0.0,0.05916933,0.0
4,2,0.12719531,0.0,0.81363535,0.0,0.0,0.0,0.0,0.05916933,0.0
4,2,0.12719531,0.0,0.81363535,0.0,0.0,0.0,0.0,0.05916933,0.0
4,2,0.12719531,0.0,0.81363535,0.0,0.0,0.0,0.0,0.05916933,0.0
4,2,0.12719531,0.0,0.81363535,0.0,0.0,0.0,0.0,0.05916933,0.0
4,2,0.12719531,0.0,0.81363535,0.0,0.0,0.0,0.0,0.05916933,0.0
4,2,0.12719531,0.0,0.81363535,0.0,0.0,0.0,0.0,0.05916933,0.0
4,2,0.12719531,0.0,0.81363535,0.0,0.0,0.0,0.0,0.05916933,0.0
4,2,0.12719531,0.0,0.81363535,0.0,0.0,0.0,0.0,0.05916933,0.0
4,2,0.12719531,0.0,0.81363535,0.0,0.0,0.0,0.0,0.05916933,0.0
4,2,0.12719531,0.0,0.81363535,0.0,0.0,0.0,0.0,0.05916933,0.0
4,2,0.12719531,0.0,0.81363535,0.0,0.0,0.0,0.0,0.05916933,0.0
4,2,0.12719531,0.0,0.81363535,0.0,0.0,0.0,0.0,0.05916933,0.0
4,2,0.12719531,0.0,0.81363535,0.0,0.0,0.0,0.0,0.05916933,0.0
4,2,0.12719531,0.0,0.81363535,0.0,0.0,0.0,0.0,0.05916933,0.0
4,2,0.12719531,0.0,0.81363535,0.0,0.0,0.0,0.0,0.05916933,0.0
4,2,0.12719531,0.0,0.81363535,0.0,0.0,0.0,0.0,0.05916933,0.0
4,2,0.064715296,0.062480014,0.81363535,0.0,0.0,0.0,0.0,0.05916933,0.0
4,2,0.064715296,0.062480014,0.81363535,0.0,0.0,0.0,0.0,0.05916933,0.0
4,2,0.064715296,0.062480014,0.81363535,0.0,0.0,0.0,0.0,0.05916933,0.0
4,2,0.064715296,0.062480014,0.81363535,0.0,0.0,0.0,0.0,0.05916933,0.0
4,2,0.064715296,0.062480014,0.81363535,0.0,0.0,0.0,0.0,0.05916933,0.0
4,2,0.064715296,0.062480014,0.81363535,0.0,0.0,0.0,0.0,0.05916933,0.0
4,2,0.064715296,0.062480014,0.81363535,0.0,0.0,0.0,0.0,0.05916933,0.0
4,2,0.064715296,0.062480014,0.81363535,0.0,0.0,0.0,0.0,0.05916933,0.0
4,2,0.064715296,0.062480014,0.81363535,0.0,0.0,0.0,0.0,0.05916933,0.0
4,2,0.13749912,0.062480014,0.7408516,0.0,0.0,0.0,0.0,0.05916933,0.0
4,2,0.13749912,0.062480014,0.7408516,0.0,0.0,0.0,0.0,0.05916933,0.0
4,2,0.13749912,0.062480014,0.7408516,0.0,0.0,0.0,0.0,0.05916933,0.0
4,2,0.13749912,0.062480014,0.7408516,0.0,0.0,0.0,0.0,0.05916933,0.0
4,2,0.13749912,0.062480014,0.7408516,0.0,0.0,0.0,0.0,0.05916933,0.0
4,2,0.13749912,0.062480014,0.7408516,0.0,0.0,0.0,0.0,0.05916933,0.0
4,2,0.13749912,0.062480014,0.7408516,0.0,0.0,0.0,0.0,0.05916933,0.0
4,2,0.13749912,0.062480014,0.7408516,0.0,0.0,0.0,0.0,0.05916933,0.0
4,2,0.13749912,0.062480014,0.7408516,0.0,0.0,0.0,0.0,0.05916933,0.0
4,2,0.13749912,0.062480014,0.7408516,0.0,0.0,0.0,0.0,0.05916933,0.0
4,2,0.13749912,0.062480014,0.7408516,0.0,0.0,0.0,0.0,0.05916933,0.0
4,2,0.13749912,0.062480014,0.7408516,0.0,0.0,0.0,0.0,0.05916933,0.0
4,2,0.13749912,0.062480014,0.7408516,0.0,0.0,0.0,0.0,0.05916933,0.0
4,2,0.13749912,0.062480014,0.7408516,0.0,0.0,0.0,0.0,0.05916933,0.0
4,2,0.13749912,0.062480014,0.7408516,0.0,0.0,0.0,0.0,0.05916933,0.0
4,2,0.13749912,0.062480014,0.7408516,0.0,0.0,0.0,0.0,0.05916933,0.0
4,2,0.13749912,0.062480014,0.7408516,0.0,0.0,0.0,0.0,0.05916933,0.0
4,2,0.13749912,0.062480014,0.7408516,0.0,0.0,0.0,0.0,0.05916933,0.0
4,2,0.13749912,0.062480014,0.7408516,0.0,0.0,0.0,0.0,0.05916933,0.0
4,2,0.13749912,0.062480014,0.7408516,0.0,0.0,0.0,0.0,0.05916933,0.0
4,2,0.13749912,0.062480014,0.7408516,0.0,0.0,0.0,0.0,0.05916933,0.0
4,2,0.13749912,0.062480014,0.7408516,0.0,0.0,0.0,0.0,0.05916933,0.0
4,2,0.13749912,0.062480014,0.7408516,0.0,0.0,0.0,0.0,0.05916933,0.0
4,2,0.13749912,0.062480014,0.7408516,0.0,0.0,0.0,0.0,0.05916933,0.0
4,2,0.13749912,0.062480014,0.7408516,0.0,0.0,0.0,0.0,0.05916933,0.0
4,2,0.13749912,0.062480014,0.7408516,0.0,0.0,0.0,0.0,0.05916933,0.0
4,2,0.13749912,0.062480014,0.7408516,0.0,0.0,0.0,0.0,0.05916933,0.0
4,2,0.13749912,0.062480014,0.7408516,0.0,0.0,0.0,0.0,0.05916933,0.0
4,2,0.13749912,0.062480014,0.7408516,0.0,0.0,0.0,0.0,0.05916933,0.0
4,2,0.13749912,0.062480014,0.7408516,0.0,0.0,0.0,0.0,0.05916933,0.0
4,2,0.13749912,0.062480014,0.7408516,0.0,0.0,0.0,0.0,0.05916933,0.0
4,2,0.13749912,0.062480014,0.7408516,0.0,0.0,0.0,0.0,0.05916933,0.0
4,2,0.13749912,0.062480014,0.7408516,0.0,0.0,0.0,0.0,0.05916933,0.0
4,2,0.13749912,0.062480014,0.7408516,0.0,0.0,0.0,0.0,0.05916933,0.0
4,2,0.13749912,0.062480014,0.7408516,0.0,0.0,0.0,0.0,0.05916933,0.0
4,2,0.13749912,0.062480014,0.7408516,0.0,0.0,0.0,0.0,0.05916933,0.0
4,2,0.13749912,0.062480014,0.7408516,0.0,0.0,0.0,0.0,0.05916933,0.0
4,2,0.13749912,0.062480014,0.7408516,0.0,0.0,0.0,0.0,0.05916933,0.0
4,2,0.13749912,0.062480014,0.7408516,0.0,0.0,0.0,0.0,0.05916933,0.0
4,2,0.07278383,0.12719531,0.7408516,0.0,0.0,0.0,0.0,0.05916933,0.0
4,2,0.07278383,0.12719531,0.7408516,0.0,0.0,0.0,0.0,0.05916933,0.0
4,2,0.07278383,0.12719531,0.7408516,0.0,0.0,0.0,0.0,0.05916933,0.0
4,2,0.07278383,0.12719531,0.7408516,0.0,0.0,0.0,0.0,0.05916933,0.0
4,2,0.07278383,0.12719531,0.7408516,0.0,0.0,0.0,0.0,0.05916933,0.0
4,2,0.07278383,0.12719531,0.7408516,0.0,0.0,0.0,0.0,0.05916933,0.0
4,2,0.07278383,0.12719531,0.7408516,0.0,0.0,0.0,0.0,0.05916933,0.0
4,2,0.07278383,0.12719531,0.7408516,0.0,0.0,0.0,0.0,0.05916933,0.0
4,2,0.07278383,0.12719531,0.7408516,0.0,0.0,0.0,0.0,0.05916933,0.0
4,2,0.07278383,0.12719531,0.7408516,0.0,0.0,0.0,0.0,0.05916933,0.0
4,2,0.07278383,0.12719531,0.7408516,0.0,0.0,0.0,0.0,0.05916933,0.0
4,2,0.07278383,0.12719531,0.7408516,0.0,0.0,0.0,0.0,0.05916933,0.0
4,2,0.07278383,0.12719531,0.7408516,0.0,0.0,0.0,0.0,0.05916933,0.0
4,2,0.07278383,0.12719531,0.7408516,0.0,0.0,0.0,0.0,0.05916933,0.0
4,2,0.07278383,0.12719531,0.7408516,0.0,0.0,0.0,0.0,0.05916933,0.0
4,2,0.07278383,0.12719531,0.7408516,0.0,0.0,0.0,0.0,0.05916933,0.0
4,2,0.07278383,0.12719531,0.7408516,0.0,0.0,0.0,0.0,0.05916933,0.0
4,2,0.07278383,0.12719531,0.7408516,0.0,0.0,0.0,0.0,0.05916933,0.0
4,2,0.07278383,0.12719531,0.7408516,0.0,0.0,0.0,0.0,0.05916933,0.0
4,2,0.07278383,0.12719531,0.7408516,0.0,0.0,0.0,0.0,0.05916933,0.0
4,2,0.07278383,0.12719531,0.7408516,0.0,0.0,0.0,0.0,0.05916933,0.0
4,2,0.07278383,0.12719531,0.7408516,0.0,0.0,0.0,0.0,0.05916933,0.0
4,2,0.07278383,0.12719531,0.7408516,0.0,0.0,0.0,0.0,0.05916933,0.0
4,2,0.07278383,0.12719531,0.7408516,0.0,0.0,0.0,0.0,0.05916933,0.0
4,2,0.07278383,0.12719531,0.7408516,0.0,0.0,0.0,0.0,0.05916933,0.0
4,2,0.07278383,0.12719531,0.7408516,0.0,0.0,0.0,0.0,0.05916933,0.0
4,2,0.07278383,0.12719531,0.7408516,0.0,0.0,0.0,0.0,0.05916933,0.0
4,2,0.07278383,0.12719531,0.7408516,0.0,0.0,0.0,0.0,0.05916933,0.0
4,2,0.07278383,0.12719531,0.7408516,0.0,0.0,0.0,0.0,0.05916933,0.0
4,2,0.07278383,0.12719531,0.7408516,0.0,0.0,0.0,0.0,0.05916933,0.0
4,2,0.07278383,0.12719531,0.7408516,0.0,0.0,0.0,0.0,0.05916933,0.0
4,2,0.07278383,0.12719531,0.7408516,0.0,0.0,0.0,0.0,0.05916933,0.0
4,2,0.07278383,0.12719531,0.7408516,0.0,0.0,0.0,0.0,0.05916933,0.0
4,2,0.07278383,0.12719531,0.7408516,0.0,0.0,0.0,0.0,0.05916933,0.0
4,2,0.07278383,0.12719531,0.7408516,0.0,0.0,0.0,0.0,0.05916933,0.0
4,2,0.07278383,0.12719531,0.7408516,0.0,0.0,0.0,0.0,0.05916933,0.0
4,2,0.07278383,0.12719531,0.7408516,0.0,0.0,0.0,0.0,0.05916933,0.0
4,2,0.07278383,0.12719531,0.7408516,0.0,0.0,0.0,0.0,0.05916933,0.0
4,2,0.07278383,0.12719531,0.7408516,0.0,0.0,0.0,0.0,0.05916933,0.0
4,2,0.07278383,0.12719531,0.7408516,0.0,0.0,0.0,0.0,0.05916933,0.0
4,2,0.07278383,0.12719531,0.7408516,0.0,0.0,0.0,0.0,0.05916933,0.0
4,2,0.07278383,0.12719531,0.7408516,0.0,0.0,0.0,0.0,0.05916933,0.0
4,2,0.07278383,0.12719531,0.7408516,0.0,0.0,0.0,0.0,0.05916933,0.0
4,2,0.07278383,0.12719531,0.7408516,0.0,0.0,0.0,0.0,0.05916933,0.0
4,2,0.07278383,0.12719531,0.7408516,0.0,0.0,0.0,0.0,0.05916933,0.0
4,2,0.07278383,0.12719531,0.7408516,0.0,0.0,0.0,0.0,0.05916933,0.0
4,2,0.07278383,0.12719531,0.7408516,0.0,0.0,0.0,0.0,0.05916933,0.0
4,2,0.07278383,0.12719531,0.7408516,0.0,0.0,0.0,0.0,0.05916933,0.0
4,2,0.07278383,0.12719531,0.7408516,0.0,0.0,0.0,0.0,0.05916933,0.0
4,2,0.07278383,0.12719531,0.7408516,0.0,0.0,0.0,0.0,0.05916933,0.0
4,2,0.07278383,0.12719531,0.7408516,0.0,0.0,0.0,0.0,0.05916933,0.0
4,2,0.07278383,0.12719531,0.7408516,0.0,0.0,0.0,0.0,0.05916933,0.0
4,2,0.07278383,0.12719531,0.7408516,0.0,0.0,0.0,0.0,0.05916933,0.0
4,2,0.07278383,0.12719531,0.7408516,0.0,0.0,0.0,0.0,0.05916933,0.0
4,2,0.07278383,0.12719531,0.7408516,0.0,0.0,0.0,0.0,0.05916933,0.0
4,2,0.07278383,0.12719531,0.7408516,0.0,0.0,0.0,0.0,0.05916933,0.0
4,2,0.07278383,0.12719531,0.7408516,0.0,0.0,0.0,0.0,0.05916933,0.0
4,2,0.07278383,0.12719531,0.7408516,0.0,0.0,0.0,0.0,0.05916933,0.0
4,2,0.07278383,0.12719531,0.7408516,0.0,0.0,0.0,0.0,0.05916933,0.0
4,2,0.07278383,0.12719531,0.7408516,0.0,0.0,0.0,0.0,0.05916933,0.0
4,2,0.07278383,0.12719531,0.7408516,0.0,0.0,0.0,0.0,0.05916933,0.0
4,2,0.07278383,0.12719531,0.7408516,0.0,0.0,0.0,0.0,0.05916933,0.0
4,2,0.07278383,0.12719531,0.7408516,0.0,0.0,0.0,0.0,0.05916933,0.0
4,2,0.07278383,0.12719531,0.7408516,0.0,0.0,0.0,0.0,0.05916933,0.0
4,2,0.07278383,0.12719531,0.7408516,0.0,0.0,0.0,0.0,0.05916933,0.0
4,2,0.07278383,0.12719531,0.7408516,0.0,0.0,0.0,0.0,0.05916933,0.0
4,2,0.07278383,0.12719531,0.7408516,0.0,0.0,0.0,0.0,0.05916933,0.0
4,2,0.07278383,0.12719531,0.7408516,0.0,0.0,0.0,0.0,0.05916933,0.0
4,2,0.07278383,0.12719531,0.7408516,0.0,0.0,0.0,0.0,0.05916933,0.0
4,2,0.07278383,0.12719531,0.7408516,0.0,0.0,0.0,0.0,0.05916933,0.0
4,2,0.07278383,0.12719531,0.7408516,0.0,0.0,0.0,0.0,0.05916933,0.0
4,2,0.07278383,0.12719531,0.7408516,0.0,0.0,0.0,0.0,0.05916933,0.0
4,2,0.07278383,0.12719531,0.7408516,0.0,0.0,0.0,0.0,0.05916933,0.0
4,2,0.07278383,0.12719531,0.7408516,0.0,0.0,0.0,0.0,0.05916933,0.0
4,2,0.07278383,0.12719531,0.7408516,0.0,0.0,0.0,0.0,0.05916933,0.0
4,2,0.07278383,0.12719531,0.7408516,0.0,0.0,0.0,0.0,0.05916933,0.0
4,2,0.07278383,0.12719531,0.7408516,0.0,0.0,0.0,0.0,0.05916933,0.0
4,2,0.07278383,0.12719531,0.7408516,0.0,0.0,0.0,0.0,0.05916933,0.0
4,2,0.07278383,0.12719531,0.7408516,0.0,0.0,0.0,0.0,0.05916933,0.0
4,2,0.07278383,0.12719531,0.7408516,0.0,0.0,0.0,0.0,0.05916933,0.0
4,2,0.07278383,0.12719531,0.7408516,0.0,0.0,0.0,0.0,0.05916933,0.0
4,2,0.07278383,0.12719531,0.7408516,0.0,0.0,0.0,0.0,0.05916933,0.0
4,2,0.07278383,0.12719531,0.7408516,0.0,0.0,0.0,0.0,0.05916933,0.0
4,2,0.07278383,0.12719531,0.7408516,0.0,0.0,0.0,0.0,0.05916933,0.0
4,2,0.07278383,0.12719531,0.7408516,0.0,0.0,0.0,0.0,0.05916933,0.0
4,2,0.07278383,0.12719531,0.7408516,0.0,0.0,0.0,0.0,0.05916933,0.0
4,2,0.07278383,0.12719531,0.7408516,0.0,0.0,0.0,0.0,0.05916933,0.0
4,2,0.07278383,0.12719531,0.7408516,0.0,0.0,0.0,0.0,0.05916933,0.0
4,2,0.07278383,0.12719531,0.7408516,0.0,0.0,0.0,0.0,0.05916933,0.0
4,2,0.07278383,0.12719531,0.7408516,0.0,0.0,0.0,0.0,0.05916933,0.0
4,2,0.07278383,0.12719531,0.7408516,0.0,0.0,0.0,0.0,0.05916933,0.0
4,2,0.07278383,0.12719531,0.7408516,0.0,0.0,0.0,0.0,0.05916933,0.0
4,2,0.07278383,0.12719531,0.7408516,0.0,0.0,0.0,0.0,0.05916933,0.0
4,2,0.07278383,0.12719531,0.7408516,0.0,0.0,0.0,0.0,0.05916933,0.0
4,2,0.07278383,0.12719531,0.7408516,0.0,0.0,0.0,0.0,0.05916933,0.0
4,2,0.07278383,0.12719531,0.7408516,0.0,0.0,0.0,0.0,0.05916933,0.0
4,2,0.07278383,0.12719531,0.7408516,0.0,0.0,0.0,0.0,0.05916933,0.0
4,2,0.07278383,0.12719531,0.7408516,0.0,0.0,0.0,0.0,0.05916933,0.0
4,2,0.07278383,0.12719531,0.7408516,0.0,0.0,0.0,0.0,0.05916933,0.0
4,2,0.07278383,0.12719531,0.7408516,0.0,0.0,0.0,0.0,0.05916933,0.0
4,2,0.07278383,0.12719531,0.7408516,0.0,0.0,0.0,0.0,0.05916933,0.0
4,2,0.07278383,0.12719531,0.7408516,0.0,0.0,0.0,0.0,0.05916933,0.0
4,2,0.07278383,0.12719531,0.7408516,0.0,0.0,0.0,0.0,0.05916933,0.0
4,2,0.07278383,0.12719531,0.7408516,0.0,0.0,0.0,0.0,0.05916933,0.0
4,2,0.07278383,0.12719531,0.7408516,0.0,0.0,0.0,0.0,0.05916933,0.0
4,2,0.07278383,0.12719531,0.7408516,0.0,0.0,0.0,0.0,0.05916933,0.0
4,2,0.07278383,0.12719531,0.7408516,0.0,0.0,0.0,0.0,0.05916933,0.0
4,2,0.07278383,0.12719531,0.7408516,0.0,0.0,0.0,0.0,0.05916933,0.0
4,2,0.07278383,0.12719531,0.7408516,0.0,0.0,0.0,0.0,0.05916933,0.0
4,2,0.07278383,0.12719531,0.7408516,0.0,0.0,0.0,0.0,0.05916933,0.0
4,2,0.07278383,0.12719531,0.7408516,0.0,0.0,0.0,0.0,0.05916933,0.0
4,2,0.07278383,0.12719531,0.7408516,0.0,0.0,0.0,0.0,0.05916933,0.0
4,2,0.07278383,0.12719531,0.7408516,0.0,0.0,0.0,0.0,0.05916933,0.0
4,2,0.07278383,0.12719531,0.7408516,0.0,0.0,0.0,0.0,0.05916933,0.0
4,2,0.07278383,0.12719531,0.7408516,0.0,0.0,0.0,0.0,0.05916933,0.0
4,2,0.07278383,0.12719531,0.7408516,0.0,0.0,0.0,0.0,0.05916933,0.0
4,2,0.07278383,0.12719531,0.7408516,0.0,0.0,0.0,0.0,0.05916933,0.0
4,2,0.07278383,0.12719531,0.7408516,0.0,0.0,0.0,0.0,0.05916933,0.0
4,2,0.07278383,0.12719531,0.7408516,0.0,0.0,0.0,0.0,0.05916933,0.0
4,2,0.07278383,0.12719531,0.7408516,0.0,0.0,0.0,0.0,0.05916933,0.0
4,2,0.07278383,0.12719531,0.7408516,0.0,0.0,0.0,0.0,0.05916933,0.0
4,2,0.07278383,0.12719531,0.7408516,0.0,0.0,0.0,0.0,0.05916933,0.0
4,2,0.07278383,0.12719531,0.7408516,0.0,0.0,0.0,0.0,0.05916933,0.0
4,2,0.07278383,0.12719531,0.7408516,0.0,0.0,0.0,0.0,0.05916933,0.0
4,2,0.07278383,0.12719531,0.7408516,0.0,0.0,0.0,0.0,0.05916933,0.0
4,2,0.07278383,0.12719531,0.7408516,0.0,0.0,0.0,0.0,0.05916933,0.0
4,2,0.07278383,0.12719531,0.7408516,0.0,0.0,0.0,0.0,0.05916933,0.0
4,2,0.07278383,0.12719531,0.7408516,0.0,0.0,0.0,0.0,0.05916933,0.0
4,2,0.07278383,0.12719531,0.7408516,0.0,0.0,0.0,0.0,0.05916933,0.0
4,2,0.07278383,0.12719531,0.7408516,0.0,0.0,0.0,0.0,0.05916933,0.0
4,2,0.07278383,0.12719531,0.7408516,0.0,0.0,0.0,0.0,0.05916933,0.0
4,2,0.07278383,0.12719531,0.7408516,0.0,0.0,0.0,0.0,0.05916933,0.0
4,2,0.07278383,0.12719531,0.7408516,0.0,0.0,0.0,0.0,0.05916933,0.0
4,2,0.07278383,0.12719531,0.7408516,0.0,0.0,0.0,0.0,0.05916933,0.0
4,2,0.07278383,0.12719531,0.7408516,0.0,0.0,0.0,0.0,0.05916933,0.0
4,2,0.07278383,0.12719531,0.7408516,0.0,0.0,0.0,0.0,0.05916933,0.0
4,2,0.07278383,0.12719531,0.7408516,0.0,0.0,0.0,0.0,0.05916933,0.0
4,2,0.07278383,0.12719531,0.7408516,0.0,0.0,0.0,0.0,0.05916933,0.0
4,2,0.07278383,0.12719531,0.7408516,0.0,0.0,0.0,0.0,0.05916933,0.0
4,2,0.07278383,0.12719531,0.7408516,0.0,0.0,0.0,0.0,0.05916933,0.0
4,2,0.07278383,0.12719531,0.7408516,0.0,0.0,0.0,0.0,0.05916933,0.0
4,2,0.07278383,0.12719531,0.7408516,0.0,0.0,0.0,0.0,0.05916933,0.0
4,2,0.07278383,0.12719531,0.7408516,0.0,0.0,0.0,0.0,0.05916933,0.0
4,2,0.07278383,0.12719531,0.7408516,0.0,0.0,0.0,0.0,0.05916933,0.0
4,2,0.13749912,0.062480014,0.7408516,0.0,0.0,0.0,0.0,0.05916933,0.0
4,2,0.13749912,0.062480014,0.7408516,0.0,0.0,0.0,0.0,0.05916933,0.0
4,2,0.13749912,0.062480014,0.7408516,0.0,0.0,0.0,0.0,0.05916933,0.0
4,2,0.13749912,0.062480014,0.7408516,0.0,0.0,0.0,0.0,0.05916933,0.0
4,2,0.13749912,0.062480014,0.7408516,0.0,0.0,0.0,0.0,0.05916933,0.0
4,2,0.13749912,0.062480014,0.7408516,0.0,0.0,0.0,0.0,0.05916933,0.0
4,2,0.13749912,0.062480014,0.7408516,0.0,0.0,0.0,0.0,0.05916933,0.0
4,2,0.13749912,0.062480014,0.7408516,0.0,0.0,0.0,0.0,0.05916933,0.0
4,2,0.13749912,0.062480014,0.7408516,0.0,0.0,0.0,0.0,0.05916933,0.0
4,2,0.13749912,0.062480014,0.7408516,0.0,0.0,0.0,0.0,0.05916933,0.0
4,2,0.13749912,0.062480014,0.7408516,0.0,0.0,0.0,0.0,0.05916933,0.0
4,2,0.13749912,0.062480014,0.7408516,0.0,0.0,0.0,0.0,0.05916933,0.0
4,2,0.13749912,0.062480014,0.7408516,0.0,0.0,0.0,0.0,0.05916933,0.0
4,2,0.13749912,0.062480014,0.7408516,0.0,0.0,0.0,0.0,0.05916933,0.0
4,2,0.13749912,0.062480014,0.7408516,0.0,0.0,0.0,0.0,0.05916933,0.0
4,2,0.13749912,0.062480014,0.7408516,0.0,0.0,0.0,0.0,0.05916933,0.0
4,2,0.13749912,0.062480014,0.7408516,0.0,0.0,0.0,0.0,0.05916933,0.0
4,2,0.13749912,0.062480014,0.7408516,0.0,0.0,0.0,0.0,0.05916933,0.0
4,2,0.13749912,0.062480014,0.7408516,0.0,0.0,0.0,0.0,0.05916933,0.0
4,2,0.13749912,0.062480014,0.7408516,0.0,0.0,0.0,0.0,0.05916933,0.0
4,2,0.13749912,0.062480014,0.7408516,0.0,0.0,0.0,0.0,0.05916933,0.0
4,2,0.13749912,0.062480014,0.7408516,0.0,0.0,0.0,0.0,0.05916933,0.0
4,2,0.13749912,0.062480014,0.7408516,0.0,0.0,0.0,0.0,0.05916933,0.0
4,2,0.13749912,0.062480014,0.7408516,0.0,0.0,0.0,0.0,0.05916933,0.0
4,2,0.13749912,0.062480014,0.7408516,0.0,0.0,0.0,0.0,0.05916933,0.0
4,2,0.13749912,0.062480014,0.7408516,0.0,0.0,0.0,0.0,0.05916933,0.0
4,2,0.13749912,0.062480014,0.7408516,0.0,0.0,0.0,0.0,0.05916933,0.0
4,2,0.13749912,0.062480014,0.7408516,0.0,0.0,0.0,0.0,0.05916933,0.0
4,2,0.13749912,0.062480014,0.7408516,0.0,0.0,0.0,0.0,0.05916933,0.0
4,2,0.13749912,0.062480014,0.7408516,0.0,0.0,0.0,0.0,0.05916933,0.0
4,2,0.13749912,0.062480014,0.7408516,0.0,0.0,0.0,0.0,0.05916933,0.0
4,2,0.13749912,0.062480014,0.7408516,0.0,0.0,0.0,0.0,0.05916933,0.0
4,2,0.13749912,0.062480014,0.7408516,0.0,0.0,0.0,0.0,0.05916933,0.0
4,2,0.13749912,0.062480014,0.7408516,0.0,0.0,0.0,0.0,0.05916933,0.0
4,2,0.13749912,0.062480014,0.7408516,0.0,0.0,0.0,0.0,0.05916933,0.0
4,2,0.13749912,0.062480014,0.7408516,0.0,0.0,0.0,0.0,0.05916933,0.0
4,2,0.13749912,0.062480014,0.7408516,0.0,0.0,0.0,0.0,0.05916933,0.0
4,2,0.13749912,0.062480014,0.7408516,0.0,0.0,0.0,0.0,0.05916933,0.0
4,2,0.13749912,0.062480014,0.7408516,0.0,0.0,0.0,0.0,0.05916933,0.0
4,2,0.13749912,0.062480014,0.7408516,0.0,0.0,0.0,0.0,0.05916933,0.0
4,2,0.13749912,0.062480014,0.7408516,0.0,0.0,0.0,0.0,0.05916933,0.0
4,2,0.13749912,0.062480014,0.7408516,0.0,0.0,0.0,0.0,0.05916933,0.0
4,2,0.13749912,0.062480014,0.7408516,0.0,0.0,0.0,0.0,0.05916933,0.0
4,2,0.13749912,0.062480014,0.7408516,0.0,0.0,0.0,0.0,0.05916933,0.0
4,2,0.13749912,0.062480014,0.7408516,0.0,0.0,0.0,0.0,0.05916933,0.0
4,2,0.13749912,0.062480014,0.7408516,0.0,0.0,0.0,0.0,0.05916933,0.0
4,2,0.13749912,0.062480014,0.7408516,0.0,0.0,0.0,0.0,0.05916933,0.0
4,2,0.13749912,0.062480014,0.7408516,0.0,0.0,0.0,0.0,0.05916933,0.0
4,2,0.13749912,0.062480014,0.7408516,0.0,0.0,0.0,0.0,0.05916933,0.0
4,2,0.13749912,0.062480014,0.7408516,0.0,0.0,0.0,0.0,0.05916933,0.0
4,2,0.13749912,0.062480014,0.7408516,0.0,0.0,0.0,0.0,0.05916933,0.0
4,2,0.13749912,0.062480014,0.7408516,0.0,0.0,0.0,0.0,0.05916933,0.0
4,2,0.13749912,0.062480014,0.7408516,0.0,0.0,0.0,0.0,0.05916933,0.0
4,2,0.13749912,0.062480014,0.7408516,0.0,0.0,0.0,0.0,0.05916933,0.0
4,2,0.13749912,0.062480014,0.7408516,0.0,0.0,0.0,0.0,0.05916933,0.0
4,2,0.13749912,0.062480014,0.7408516,0.0,0.0,0.0,0.0,0.05916933,0.0
4,2,0.13749912,0.062480014,0.7408516,0.0,0.0,0.0,0.0,0.05916933,0.0
4,2,0.13749912,0.062480014,0.7408516,0.0,0.0,0.0,0.0,0.05916933,0.0
4,2,0.13749912,0.062480014,0.7408516,0.0,0.0,0.0,0.0,0.05916933,0.0
4,2,0.13749912,0.062480014,0.7408516,0.0,0.0,0.0,0.0,0.05916933,0.0
4,2,0.13749912,0.062480014,0.7408516,0.0,0.0,0.0,0.0,0.05916933,0.0
4,2,0.13749912,0.062480014,0.7408516,0.0,0.0,0.0,0.0,0.05916933,0.0
4,2,0.13749912,0.062480014,0.7408516,0.0,0.0,0.0,0.0,0.05916933,0.0
4,2,0.13749912,0.062480014,0.7408516,0.0,0.0,0.0,0.0,0.05916933,0.0
4,2,0.19997914,0.0,0.7408516,0.0,0.0,0.0,0.0,0.05916933,0.0
4,2,0.19997914,0.0,0.7408516,0.0,0.0,0.0,0.0,0.05916933,0.0
4,2,0.19997914,0.0,0.7408516,0.0,0.0,0.0,0.0,0.05916933,0.0
4,2,0.19997914,0.0,0.7408516,0.0,0.0,0.0,0.0,0.05916933,0.0
4,2,0.19997914,0.0,0.7408516,0.0,0.0,0.0,0.0,0.05916933,0.0
4,2,0.19997914,0.0,0.7408516,0.0,0.0,0.0,0.0,0.05916933,0.0
4,2,0.19997914,0.0,0.7408516,0.0,0.0,0.0,0.0,0.05916933,0.0
4,2,0.19997914,0.0,0.7408516,0.0,0.0,0.0,0.0,0.05916933,0.0
4,2,0.19997914,0.0,0.7408516,0.0,0.0,0.0,0.0,0.05916933,0.0
4,2,0.19997914,0.0,0.7408516,0.0,0.0,0.0,0.0,0.05916933,0.0
4,2,0.19997914,0.0,0.7408516,0.0,0.0,0.0,0.0,0.05916933,0.0
4,2,0.19997914,0.0,0.7408516,0.0,0.0,0.0,0.0,0.05916933,0.0
4,2,0.12719531,0.0,0.81363535,0.0,0.0,0.0,0.0,0.05916933,0.0
4,2,0.12719531,0.0,0.81363535,0.0,0.0,0.0,0.0,0.05916933,0.0
4,2,0.12719531,0.0,0.81363535,0.0,0.0,0.0,0.0,0.05916933,0.0
4,2,0.12719531,0.0,0.81363535,0.0,0.0,0.0,0.0,0.05916933,0.0
4,2,0.12719531,0.0,0.81363535,0.0,0.0,0.0,0.0,0.05916933,0.0
4,2,0.12719531,0.0,0.81363535,0.0,0.0,0.0,0.0,0.05916933,0.0
4,2,0.12719531,0.0,0.81363535,0.0,0.0,0.0,0.0,0.05916933,0.0
4,2,0.12719531,0.0,0.81363535,0.0,0.0,0.0,0.0,0.05916933,0.0
4,2,0.12719531,0.0,0.81363535,0.0,0.0,0.0,0.0,0.05916933,0.0
4,2,0.12719531,0.0,0.81363535,0.0,0.0,0.0,0.0,0.05916933,0.0
4,2,0.12719531,0.0,0.81363535,0.0,0.0,0.0,0.0,0.05916933,0.0
4,2,0.12719531,0.0,0.81363535,0.0,0.0,0.0,0.0,0.05916933,0.0
4,2,0.12719531,0.0,0.81363535,0.0,0.0,0.0,0.0,0.05916933,0.0
4,2,0.12719531,0.0,0.81363535,0.0,0.0,0.0,0.0,0.05916933,0.0
4,2,0.12719531,0.0,0.81363535,0.0,0.0,0.0,0.0,0.05916933,0.0
4,2,0.12719531,0.0,0.81363535,0.0,0.0,0.0,0.0,0.05916933,0.0
4,2,0.12719531,0.0,0.81363535,0.0,0.0,0.0,0.0,0.05916933,0.0
4,2,0.12719531,0.0,0.81363535,0.0,0.0,0.0,0.0,0.05916933,0.0
4,2,0.12719531,0.0,0.81363535,0.0,0.0,0.0,0.0,0.05916933,0.0
4,2,0.12719531,0.0,0.81363535,0.0,0.0,0.0,0.0,0.05916933,0.0
4,2,0.12719531,0.0,0.81363535,0.0,0.0,0.0,0.0,0.05916933,0.0
4,2,0.12719531,0.0,0.81363535,0.0,0.0,0.0,0.0,0.05916933,0.0
4,2,0.12719531,0.0,0.81363535,0.0,0.0,0.0,0.0,0.05916933,0.0
4,2,0.12719531,0.0,0.81363535,0.0,0.0,0.0,0.0,0.05916933,0.0
4,2,0.12719531,0.0,0.81363535,0.0,0.0,0.0,0.0,0.05916933,0.0
4,2,0.12719531,0.0,0.81363535,0.0,0.0,0.0,0.0,0.05916933,0.0
4,2,0.12719531,0.0,0.81363535,0.0,0.0,0.0,0.0,0.05916933,0.0
4,2,0.12719531,0.0,0.81363535,0.0,0.0,0.0,0.0,0.05916933,0.0
4,2,0.12719531,0.0,0.81363535,0.0,0.0,0.0,0.0,0.05916933,0.0
4,2,0.12719531,0.0,0.81363535,0.0,0.0,0.0,0.0,0.05916933,0.0
4,2,0.12719531,0.0,0.81363535,0.0,0.0,0.0,0.0,0.05916933,0.0
4,2,0.12719531,0.0,0.81363535,0.0,0.0,0.0,0.0,0.05916933,0.0
4,2,0.12719531,0.0,0.81363535,0.0,0.0,0.0,0.0,0.05916933,0.0
4,2,0.12719531,0.0,0.81363535,0.0,0.0,0.0,0.0,0.05916933,0.0
4,2,0.12719531,0.0,0.81363535,0.0,0.0,0.0,0.0,0.05916933,0.0
4,2,0.12719531,0.0,0.81363535,0.0,0.0,0.0,0.0,0.05916933,0.0
4,2,0.12719531,0.0,0.81363535,0.0,0.0,0.0,0.0,0.05916933,0.0
4,2,0.12719531,0.0,0.81363535,0.0,0.0,0.0,0.0,0.05916933,0.0
4,2,0.12719531,0.0,0.81363535,0.0,0.0,0.0,0.0,0.05916933,0.0
4,2,0.12719531,0.0,0.81363535,0.0,0.0,0.0,0.0,0.05916933,0.0
4,2,0.12719531,0.0,0.81363535,0.0,0.0,0.0,0.0,0.05916933,0.0
4,2,0.12719531,0.0,0.81363535,0.0,0.0,0.0,0.0,0.05916933,0.0
4,2,0.12719531,0.0,0.81363535,0.0,0.0,0.0,0.0,0.05916933,0.0
4,2,0.12719531,0.0,0.81363535,0.0,0.0,0.0,0.0,0.05916933,0.0
4,2,0.12719531,0.0,0.81363535,0.0,0.0,0.0,0.0,0.05916933,0.0
4,2,0.12719531,0.0,0.81363535,0.0,0.0,0.0,0.0,0.05916933,0.0
4,2,0.12719531,0.0,0.81363535,0.0,0.0,0.0,0.0,0.05916933,0.0
4,2,0.12719531,0.0,0.81363535,0.0,0.0,0.0,0.0,0.05916933,0.0
4,2,0.12719531,0.0,0.81363535,0.0,0.0,0.0,0.0,0.05916933,0.0
4,2,0.12719531,0.0,0.81363535,0.0,0.0,0.0,0.0,0.05916933,0.0
4,2,0.12719531,0.0,0.81363535,0.0,0.0,0.0,0.0,0.05916933,0.0
4,2,0.12719531,0.0,0.81363535,0.0,0.0,0.0,0.0,0.05916933,0.0
4,2,0.12719531,0.0,0.81363535,0.0,0.0,0.0,0.0,0.05916933,0.0
4,2,0.12719531,0.0,0.81363535,0.0,0.0,0.0,0.0,0.05916933,0.0
4,2,0.12719531,0.0,0.81363535,0.0,0.0,0.0,0.0,0.05916933,0.0
4,2,0.12719531,0.0,0.81363535,0.0,0.0,0.0,0.0,0.05916933,0.0
4,2,0.12719531,0.0,0.81363535,0.0,0.0,0.0,0.0,0.05916933,0.0
4,2,0.12719531,0.0,0.81363535,0.0,0.0,0.0,0.0,0.05916933,0.0
4,2,0.12719531,0.0,0.81363535,0.0,0.0,0.0,0.0,0.05916933,0.0
4,2,0.12719531,0.0,0.81363535,0.0,0.0,0.0,0.0,0.05916933,0.0
4,2,0.12719531,0.0,0.81363535,0.0,0.0,0.0,0.0,0.05916933,0.0
4,2,0.12719531,0.0,0.81363535,0.0,0.0,0.0,0.0,0.05916933,0.0
4,2,0.12719531,0.0,0.81363535,0.0,0.0,0.0,0.0,0.05916933,0.0
4,2,0.12719531,0.0,0.81363535,0.0,0.0,0.0,0.0,0.05916933,0.0
4,2,0.12719531,0.0,0.81363535,0.0,0.0,0.0,0.0,0.05916933,0.0
4,2,0.12719531,0.0,0.81363535,0.0,0.0,0.0,0.0,0.05916933,0.0
4,2,0.12719531,0.0,0.81363535,0.0,0.0,0.0,0.0,0.05916933,0.0
4,2,0.12719531,0.0,0.81363535,0.0,0.0,0.0,0.0,0.05916933,0.0
4,2,0.12719531,0.0,0.81363535,0.0,0.0,0.0,0.0,0.05916933,0.0
4,2,0.12719531,0.0,0.81363535,0.0,0.0,0.0,0.0,0.05916933,0.0
4,2,0.12719531,0.0,0.81363535,0.0,0.0,0.0,0.0,0.05916933,0.0
4,2,0.12719531,0.0,0.81363535,0.0,0.0,0.0,0.0,0.05916933,0.0
4,2,0.12719531,0.0,0.81363535,0.0,0.0,0.0,0.0,0.05916933,0.0
4,2,0.12719531,0.0,0.81363535,0.0,0.0,0.0,0.0,0.05916933,0.0
4,2,0.12719531,0.0,0.81363535,0.0,0.0,0.0,0.0,0.05916933,0.0
4,2,0.12719531,0.0,0.81363535,0.0,0.0,0.0,0.0,0.05916933,0.0
4,2,0.12719533,0.0,0.8728047,0.0,0.0,0.0,0.0,0.0,0.0
4,2,0.12719533,0.0,0.8728047,0.0,0.0,0.0,0.0,0.0,0.0
4,2,0.12719533,0.0,0.8728047,0.0,0.0,0.0,0.0,0.0,0.0
4,2,0.12719533,0.0,0.8728047,0.0,0.0,0.0,0.0,0.0,0.0
4,2,0.12719533,0.0,0.8728047,0.0,0.0,0.0,0.0,0.0,0.0
4,2,0.12719533,0.0,0.8728047,0.0,0.0,0.0,0.0,0.0,0.0
4,2,0.12719533,0.0,0.8728047,0.0,0.0,0.0,0.0,0.0,0.0
4,2,0.12719533,0.0,0.8728047,0.0,0.0,0.0,0.0,0.0,0.0
4,2,0.12719533,0.0,0.8728047,0.0,0.0,0.0,0.0,0.0,0.0
4,2,0.12719533,0.0,0.8728047,0.0,0.0,0.0,0.0,0.0,0.0
4,2,0.12719533,0.0,0.8728047,0.0,0.0,0.0,0.0,0.0,0.0
4,2,0.12719533,0.0,0.8728047,0.0,0.0,0.0,0.0,0.0,0.0
4,2,0.12719533,0.0,0.8728047,0.0,0.0,0.0,0.0,0.0,0.0
4,2,0.12719533,0.0,0.8728047,0.0,0.0,0.0,0.0,0.0,0.0
4,2,0.12719533,0.0,0.8728047,0.0,0.0,0.0,0.0,0.0,0.0
4,2,0.12719533,0.0,0.8728047,0.0,0.0,0.0,0.0,0.0,0.0
4,2,0.12719533,0.0,0.8728047,0.0,0.0,0.0,0.0,0.0,0.0
4,2,0.12719533,0.0,0.8728047,0.0,0.0,0.0,0.0,0.0,0.0
4,2,0.12719533,0.0,0.8728047,0.0,0.0,0.0,0.0,0.0,0.0
4,2,0.12719533,0.0,0.8728047,0.0,0.0,0.0,0.0,0.0,0.0
4,2,0.12719533,0.0,0.8728047,0.0,0.0,0.0,0.0,0.0,0.0
4,2,0.12719533,0.0,0.8728047,0.0,0.0,0.0,0.0,0.0,0.0
4,2,0.12719533,0.0,0.8728047,0.0,0.0,0.0,0.0,0.0,0.0
4,2,0.12719533,0.0,0.8728047,0.0,0.0,0.0,0.0,0.0,0.0
4,2,0.12719533,0.0,0.8728047,0.0,0.0,0.0,0.0,0.0,0.0
4,2,0.12719533,0.0,0.8728047,0.0,0.0,0.0,0.0,0.0,0.0
4,2,0.12719533,0.0,0.8728047,0.0,0.0,0.0,0.0,0.0,0.0
4,2,0.12719533,0.0,0.8728047,0.0,0.0,0.0,0.0,0.0,0.0
4,2,0.12719533,0.0,0.8728047,0.0,0.0,0.0,0.0,0.0,0.0
4,2,0.12719533,0.0,0.8728047,0.0,0.0,0.0,0.0,0.0,0.0
4,2,0.12719533,0.0,0.8728047,0.0,0.0,0.0,0.0,0.0,0.0
4,2,0.12719533,0.0,0.8728047,0.0,0.0,0.0,0.0,0.0,0.0
4,2,0.12719533,0.0,0.8728047,0.0,0.0,0.0,0.0,0.0,0.0
4,2,0.12719533,0.0,0.8728047,0.0,0.0,0.0,0.0,0.0,0.0
4,2,0.12719533,0.0,0.8728047,0.0,0.0,0.0,0.0,0.0,0.0
4,2,0.12719533,0.0,0.8728047,0.0,0.0,0.0,0.0,0.0,0.0
4,2,0.12719533,0.0,0.8728047,0.0,0.0,0.0,0.0,0.0,0.0
4,2,0.12719533,0.0,0.8728047,0.0,0.0,0.0,0.0,0.0,0.0
4,2,0.12719533,0.0,0.8728047,0.0,0.0,0.0,0.0,0.0,0.0
4,2,0.12719533,0.0,0.8728047,0.0,0.0,0.0,0.0,0.0,0.0
4,2,0.12719533,0.0,0.8728047,0.0,0.0,0.0,0.0,0.0,0.0
4,2,0.12719533,0.0,0.8728047,0.0,0.0,0.0,0.0,0.0,0.0
4,2,0.12719533,0.0,0.8728047,0.0,0.0,0.0,0.0,0.0,0.0
4,2,0.12719533,0.0,0.8728047,0.0,0.0,0.0,0.0,0.0,0.0
4,2,0.12719533,0.0,0.8728047,0.0,0.0,0.0,0.0,0.0,0.0
4,2,0.12719533,0.0,0.8728047,0.0,0.0,0.0,0.0,0.0,0.0
4,2,0.12719533,0.0,0.8728047,0.0,0.0,0.0,0.0,0.0,0.0
4,2,0.12719533,0.0,0.8728047,0.0,0.0,0.0,0.0,0.0,0.0
4,2,0.12719533,0.0,0.8728047,0.0,0.0,0.0,0.0,0.0,0.0
4,2,0.12719533,0.0,0.8728047,0.0,0.0,0.0,0.0,0.0,0.0
4,2,0.12719533,0.0,0.8728047,0.0,0.0,0.0,0.0,0.0,0.0
4,2,0.12719533,0.0,0.8728047,0.0,0.0,0.0,0.0,0.0,0.0
4,2,0.12719533,0.0,0.8728047,0.0,0.0,0.0,0.0,0.0,0.0
4,2,0.12719533,0.0,0.8728047,0.0,0.0,0.0,0.0,0.0,0.0
4,2,0.12719533,0.0,0.8728047,0.0,0.0,0.0,0.0,0.0,0.0
4,2,0.12719533,0.0,0.8728047,0.0,0.0,0.0,0.0,0.0,0.0
4,2,0.12719533,0.0,0.8728047,0.0,0.0,0.0,0.0,0.0,0.0
4,2,0.12719533,0.0,0.8728047,0.0,0.0,0.0,0.0,0.0,0.0
4,2,0.12719533,0.0,0.8728047,0.0,0.0,0.0,0.0,0.0,0.0
4,2,0.12719533,0.0,0.8728047,0.0,0.0,0.0,0.0,0.0,0.0
4,2,0.12719533,0.0,0.8728047,0.0,0.0,0.0,0.0,0.0,0.0
4,2,0.12719533,0.0,0.8728047,0.0,0.0,0.0,0.0,0.0,0.0
4,2,0.12719533,0.0,0.8728047,0.0,0.0,0.0,0.0,0.0,0.0
4,2,0.12719533,0.0,0.8728047,0.0,0.0,0.0,0.0,0.0,0.0
4,2,0.12719533,0.0,0.8728047,0.0,0.0,0.0,0.0,0.0,0.0
4,2,0.12719533,0.0,0.8728047,0.0,0.0,0.0,0.0,0.0,0.0
4,2,0.12719533,0.0,0.8728047,0.0,0.0,0.0,0.0,0.0,0.0
4,2,0.12719533,0.0,0.8728047,0.0,0.0,0.0,0.0,0.0,0.0
4,2,0.12719533,0.0,0.8728047,0.0,0.0,0.0,0.0,0.0,0.0
4,2,0.12719533,0.0,0.8728047,0.0,0.0,0.0,0.0,0.0,0.0
4,2,0.12719533,0.0,0.8728047,0.0,0.0,0.0,0.0,0.0,0.0
4,2,0.12719533,0.0,0.8728047,0.0,0.0,0.0,0.0,0.0,0.0
4,2,0.12719533,0.0,0.8728047,0.0,0.0,0.0,0.0,0.0,0.0
4,2,0.12719533,0.0,0.8728047,0.0,0.0,0.0,0.0,0.0,0.0
4,2,0.12719533,0.0,0.8728047,0.0,0.0,0.0,0.0,0.0,0.0
4,2,0.12719533,0.0,0.8728047,0.0,0.0,0.0,0.0,0.0,0.0
4,2,0.12719533,0.0,0.8728047,0.0,0.0,0.0,0.0,0.0,0.0
4,2,0.12719533,0.0,0.8728047,0.0,0.0,0.0,0.0,0.0,0.0
4,2,0.12719533,0.0,0.8728047,0.0,0.0,0.0,0.0,0.0,0.0
4,2,0.12719533,0.0,0.8728047,0.0,0.0,0.0,0.0,0.0,0.0
4,2,0.12719533,0.0,0.8728047,0.0,0.0,0.0,0.0,0.0,0.0
4,2,0.12719533,0.0,0.8728047,0.0,0.0,0.0,0.0,0.0,0.0
4,2,0.12719533,0.0,0.8728047,0.0,0.0,0.0,0.0,0.0,0.0
4,2,0.12719533,0.0,0.8728047,0.0,0.0,0.0,0.0,0.0,0.0
4,2,0.12719533,0.0,0.8728047,0.0,0.0,0.0,0.0,0.0,0.0
4,2,0.12719533,0.0,0.8728047,0.0,0.0,0.0,0.0,0.0,0.0
4,2,0.12719533,0.0,0.8728047,0.0,0.0,0.0,0.0,0.0,0.0
4,2,0.12719533,0.0,0.8728047,0.0,0.0,0.0,0.0,0.0,0.0
4,2,0.12719533,0.0,0.8728047,0.0,0.0,0.0,0.0,0.0,0.0
4,2,0.12719533,0.0,0.8728047,0.0,0.0,0.0,0.0,0.0,0.0
4,2,0.12719533,0.0,0.8728047,0.0,0.0,0.0,0.0,0.0,0.0
4,2,0.12719533,0.0,0.8728047,0.0,0.0,0.0,0.0,0.0,0.0
4,2,0.12719533,0.0,0.8728047,0.0,0.0,0.0,0.0,0.0,0.0
4,2,0.12719533,0.0,0.8728047,0.0,0.0,0.0,0.0,0.0,0.0
4,2,0.12719533,0.0,0.8728047,0.0,0.0,0.0,0.0,0.0,0.0
4,2,0.12719533,0.0,0.8728047,0.0,0.0,0.0,0.0,0.0,0.0
4,2,0.12719533,0.0,0.8728047,0.0,0.0,0.0,0.0,0.0,0.0
4,2,0.12719533,0.0,0.8728047,0.0,0.0,0.0,0.0,0.0,0.0
4,2,0.12719533,0.0,0.8728047,0.0,0.0,0.0,0.0,0.0,0.0
4,2,0.12719533,0.0,0.8728047,0.0,0.0,0.0,0.0,0.0,0.0
4,2,0.12719533,0.0,0.8728047,0.0,0.0,0.0,0.0,0.0,0.0
4,2,0.12719533,0.0,0.8728047,0.0,0.0,0.0,0.0,0.0,0.0
4,2,0.12719533,0.0,0.8728047,0.0,0.0,0.0,0.0,0.0,0.0
4,2,0.12719533,0.0,0.8728047,0.0,0.0,0.0,0.0,0.0,0.0
4,2,0.12719533,0.0,0.8728047,0.0,0.0,0.0,0.0,0.0,0.0
4,2,0.12719533,0.0,0.8728047,0.0,0.0,0.0,0.0,0.0,0.0
4,2,0.12719533,0.0,0.8728047,0.0,0.0,0.0,0.0,0.0,0.0
4,2,0.12719533,0.0,0.8728047,0.0,0.0,0.0,0.0,0.0,0.0
4,2,0.12719533,0.0,0.8728047,0.0,0.0,0.0,0.0,0.0,0.0
4,2,0.12719533,0.0,0.8728047,0.0,0.0,0.0,0.0,0.0,0.0
4,2,0.12719533,0.0,0.8728047,0.0,0.0,0.0,0.0,0.0,0.0
4,2,0.12719533,0.0,0.8728047,0.0,0.0,0.0,0.0,0.0,0.0
4,2,0.12719533,0.0,0.8728047,0.0,0.0,0.0,0.0,0.0,0.0
4,2,0.12719533,0.0,0.8728047,0.0,0.0,0.0,0.0,0.0,0.0
4,2,0.12719533,0.0,0.8728047,0.0,0.0,0.0,0.0,0.0,0.0
4,2,0.12719533,0.0,0.8728047,0.0,0.0,0.0,0.0,0.0,0.0
4,2,0.12719533,0.0,0.8728047,0.0,0.0,0.0,0.0,0.0,0.0
4,2,0.12719533,0.0,0.8728047,0.0,0.0,0.0,0.0,0.0,0.0
4,2,0.12719533,0.0,0.8728047,0.0,0.0,0.0,0.0,0.0,0.0
4,2,0.12719533,0.0,0.8728047,0.0,0.0,0.0,0.0,0.0,0.0
4,2,0.12719533,0.0,0.8728047,0.0,0.0,0.0,0.0,0.0,0.0
4,2,0.12719533,0.0,0.8728047,0.0,0.0,0.0,0.0,0.0,0.0
4,2,0.12719533,0.0,0.8728047,0.0,0.0,0.0,0.0,0.0,0.0
4,2,0.12719533,0.0,0.8728047,0.0,0.0,0.0,0.0,0.0,0.0
4,2,0.12719533,0.0,0.8728047,0.0,0.0,0.0,0.0,0.0,0.0
4,2,0.12719533,0.0,0.8728047,0.0,0.0,0.0,0.0,0.0,0.0
4,2,0.12719533,0.0,0.8728047,0.0,0.0,0.0,0.0,0.0,0.0
4,2,0.12719533,0.0,0.8728047,0.0,0.0,0.0,0.0,0.0,0.0
4,2,0.12719533,0.0,0.8728047,0.0,0.0,0.0,0.0,0.0,0.0
4,2,0.12719533,0.0,0.8728047,0.0,0.0,0.0,0.0,0.0,0.0
4,2,0.12719533,0.0,0.8728047,0.0,0.0,0.0,0.0,0.0,0.0
4,2,0.12719533,0.0,0.8728047,0.0,0.0,0.0,0.0,0.0,0.0
4,2,0.12719533,0.0,0.8728047,0.0,0.0,0.0,0.0,0.0,0.0
4,2,0.12719533,0.0,0.8728047,0.0,0.0,0.0,0.0,0.0,0.0
4,2,0.12719533,0.0,0.8728047,0.0,0.0,0.0,0.0,0.0,0.0
4,2,0.12719533,0.0,0.8728047,0.0,0.0,0.0,0.0,0.0,0.0
4,2,0.062480014,0.0,0.93751997,0.0,0.0,0.0,0.0,0.0,0.0
4,2,0.062480014,0.0,0.93751997,0.0,0.0,0.0,0.0,0.0,0.0
4,2,0.062480014,0.0,0.93751997,0.0,0.0,0.0,0.0,0.0,0.0
4,2,0.062480014,0.0,0.93751997,0.0,0.0,0.0,0.0,0.0,0.0
4,2,0.062480014,0.0,0.93751997,0.0,0.0,0.0,0.0,0.0,0.0
4,2,0.062480014,0.0,0.93751997,0.0,0.0,0.0,0.0,0.0,0.0
4,2,0.062480014,0.0,0.93751997,0.0,0.0,0.0,0.0,0.0,0.0
4,2,0.062480014,0.0,0.93751997,0.0,0.0,0.0,0.0,0.0,0.0
4,2,0.062480014,0.0,0.93751997,0.0,0.0,0.0,0.0,0.0,0.0
4,2,0.062480014,0.0,0.93751997,0.0,0.0,0.0,0.0,0.0,0.0
4,2,0.062480014,0.0,0.93751997,0.0,0.0,0.0,0.0,0.0,0.0
4,2,0.062480014,0.0,0.93751997,0.0,0.0,0.0,0.0,0.0,0.0
4,2,0.062480014,0.0,0.93751997,0.0,0.0,0.0,0.0,0.0,0.0
4,2,0.062480014,0.0,0.93751997,0.0,0.0,0.0,0.0,0.0,0.0
4,2,0.062480014,0.0,0.93751997,0.0,0.0,0.0,0.0,0.0,0.0
4,2,0.062480014,0.0,0.93751997,0.0,0.0,0.0,0.0,0.0,0.0
4,2,0.062480014,0.0,0.93751997,0.0,0.0,0.0,0.0,0.0,0.0
4,2,0.062480014,0.0,0.93751997,0.0,0.0,0.0,0.0,0.0,0.0
4,2,0.062480014,0.0,0.93751997,0.0,0.0,0.0,0.0,0.0,0.0
4,2,0.062480014,0.0,0.93751997,0.0,0.0,0.0,0.0,0.0,0.0
4,2,0.062480014,0.0,0.93751997,0.0,0.0,0.0,0.0,0.0,0.0
4,2,0.062480014,0.0,0.93751997,0.0,0.0,0.0,0.0,0.0,0.0
4,2,0.062480014,0.0,0.93751997,0.0,0.0,0.0,0.0,0.0,0.0
4,2,0.062480014,0.0,0.93751997,0.0,0.0,0.0,0.0,0.0,0.0
4,2,0.062480014,0.0,0.93751997,0.0,0.0,0.0,0.0,0.0,0.0
4,2,0.062480014,0.0,0.93751997,0.0,0.0,0.0,0.0,0.0,0.0
4,2,0.062480014,0.0,0.93751997,0.0,0.0,0.0,0.0,0.0,0.0
4,2,0.062480014,0.0,0.93751997,0.0,0.0,0.0,0.0,0.0,0.0
4,2,0.062480014,0.0,0.93751997,0.0,0.0,0.0,0.0,0.0,0.0
4,2,0.062480014,0.0,0.93751997,0.0,0.0,0.0,0.0,0.0,0.0
4,2,0.062480014,0.0,0.93751997,0.0,0.0,0.0,0.0,0.0,0.0
4,2,0.062480014,0.0,0.93751997,0.0,0.0,0.0,0.0,0.0,0.0
4,2,0.062480014,0.0,0.93751997,0.0,0.0,0.0,0.0,0.0,0.0
4,2,0.062480014,0.0,0.93751997,0.0,0.0,0.0,0.0,0.0,0.0
4,2,0.062480014,0.0,0.93751997,0.0,0.0,0.0,0.0,0.0,0.0
4,2,0.062480014,0.0,0.93751997,0.0,0.0,0.0,0.0,0.0,0.0
4,2,0.062480014,0.0,0.93751997,0.0,0.0,0.0,0.0,0.0,0.0
4,2,0.062480014,0.0,0.93751997,0.0,0.0,0.0,0.0,0.0,0.0
4,2,0.062480014,0.0,0.93751997,0.0,0.0,0.0,0.0,0.0,0.0
4,2,0.062480014,0.0,0.93751997,0.0,0.0,0.0,0.0,0.0,0.0
4,2,0.062480014,0.0,0.93751997,0.0,0.0,0.0,0.0,0.0,0.0
4,2,0.062480014,0.0,0.93751997,0.0,0.0,0.0,0.0,0.0,0.0
4,2,0.062480014,0.0,0.93751997,0.0,0.0,0.0,0.0,0.0,0.0
4,2,0.062480014,0.0,0.93751997,0.0,0.0,0.0,0.0,0.0,0.0
4,2,0.062480014,0.0,0.93751997,0.0,0.0,0.0,0.0,0.0,0.0
4,2,0.062480014,0.0,0.93751997,0.0,0.0,0.0,0.0,0.0,0.0
4,2,0.062480014,0.0,0.93751997,0.0,0.0,0.0,0.0,0.0,0.0
4,2,0.062480014,0.0,0.93751997,0.0,0.0,0.0,0.0,0.0,0.0
4,2,0.062480014,0.0,0.93751997,0.0,0.0,0.0,0.0,0.0,0.0
4,2,0.062480014,0.0,0.93751997,0.0,0.0,0.0,0.0,0.0,0.0
4,2,0.062480014,0.0,0.93751997,0.0,0.0,0.0,0.0,0.0,0.0
4,2,0.062480014,0.0,0.93751997,0.0,0.0,0.0,0.0,0.0,0.0
4,2,0.062480014,0.0,0.93751997,0.0,0.0,0.0,0.0,0.0,0.0
4,2,0.062480014,0.0,0.93751997,0.0,0.0,0.0,0.0,0.0,0.0
4,2,0.062480014,0.0,0.93751997,0.0,0.0,0.0,0.0,0.0,0.0
4,2,0.062480014,0.0,0.93751997,0.0,0.0,0.0,0.0,0.0,0.0
4,2,0.062480014,0.0,0.93751997,0.0,0.0,0.0,0.0,0.0,0.0
4,2,0.062480014,0.0,0.93751997,0.0,0.0,0.0,0.0,0.0,0.0
4,2,0.062480014,0.0,0.93751997,0.0,0.0,0.0,0.0,0.0,0.0
4,2,0.062480014,0.0,0.93751997,0.0,0.0,0.0,0.0,0.0,0.0
4,2,0.062480014,0.0,0.93751997,0.0,0.0,0.0,0.0,0.0,0.0
4,2,0.062480014,0.0,0.93751997,0.0,0.0,0.0,0.0,0.0,0.0
4,2,0.062480014,0.0,0.93751997,0.0,0.0,0.0,0.0,0.0,0.0
4,2,0.062480014,0.0,0.93751997,0.0,0.0,0.0,0.0,0.0,0.0
4,2,0.062480014,0.0,0.93751997,0.0,0.0,0.0,0.0,0.0,0.0
4,2,0.062480014,0.0,0.93751997,0.0,0.0,0.0,0.0,0.0,0.0
4,2,0.062480014,0.0,0.93751997,0.0,0.0,0.0,0.0,0.0,0.0
4,2,0.062480014,0.0,0.93751997,0.0,0.0,0.0,0.0,0.0,0.0
4,2,0.062480014,0.0,0.93751997,0.0,0.0,0.0,0.0,0.0,0.0
4,2,0.062480014,0.0,0.93751997,0.0,0.0,0.0,0.0,0.0,0.0
4,2,0.062480014,0.0,0.93751997,0.0,0.0,0.0,0.0,0.0,0.0
4,2,0.062480014,0.0,0.93751997,0.0,0.0,0.0,0.0,0.0,0.0
4,2,0.062480014,0.0,0.93751997,0.0,0.0,0.0,0.0,0.0,0.0
4,2,0.062480014,0.0,0.93751997,0.0,0.0,0.0,0.0,0.0,0.0
4,2,0.062480014,0.0,0.93751997,0.0,0.0,0.0,0.0,0.0,0.0
4,2,0.062480014,0.0,0.93751997,0.0,0.0,0.0,0.0,0.0,0.0
4,2,0.062480014,0.0,0.93751997,0.0,0.0,0.0,0.0,0.0,0.0
4,2,0.062480014,0.0,0.93751997,0.0,0.0,0.0,0.0,0.0,0.0
4,2,0.062480014,0.0,0.93751997,0.0,0.0,0.0,0.0,0.0,0.0
4,2,0.062480014,0.0,0.93751997,0.0,0.0,0.0,0.0,0.0,0.0
4,2,0.062480014,0.0,0.93751997,0.0,0.0,0.0,0.0,0.0,0.0
4,2,0.062480014,0.0,0.93751997,0.0,0.0,0.0,0.0,0.0,0.0
4,2,0.062480014,0.0,0.93751997,0.0,0.0,0.0,0.0,0.0,0.0
4,2,0.062480014,0.0,0.93751997,0.0,0.0,0.0,0.0,0.0,0.0
4,2,0.062480014,0.0,0.93751997,0.0,0.0,0.0,0.0,0.0,0.0
4,2,0.062480014,0.0,0.93751997,0.0,0.0,0.0,0.0,0.0,0.0
4,2,0.062480014,0.0,0.93751997,0.0,0.0,0.0,0.0,0.0,0.0
4,2,0.062480014,0.0,0.93751997,0.0,0.0,0.0,0.0,0.0,0.0
4,2,0.062480014,0.0,0.93751997,0.0,0.0,0.0,0.0,0.0,0.0
4,2,0.062480014,0.0,0.93751997,0.0,0.0,0.0,0.0,0.0,0.0
4,2,0.062480014,0.0,0.93751997,0.0,0.0,0.0,0.0,0.0,0.0
4,2,0.062480014,0.0,0.93751997,0.0,0.0,0.0,0.0,0.0,0.0
4,2,0.062480014,0.0,0.93751997,0.0,0.0,0.0,0.0,0.0,0.0
4,2,0.062480014,0.0,0.93751997,0.0,0.0,0.0,0.0,0.0,0.0
4,2,0.062480014,0.0,0.93751997,0.0,0.0,0.0,0.0,0.0,0.0
4,2,0.062480014,0.0,0.93751997,0.0,0.0,0.0,0.0,0.0,0.0
4,2,0.062480014,0.0,0.93751997,0.0,0.0,0.0,0.0,0.0,0.0
4,2,0.062480014,0.0,0.93751997,0.0,0.0,0.0,0.0,0.0,0.0
4,2,0.062480014,0.0,0.93751997,0.0,0.0,0.0,0.0,0.0,0.0
4,2,0.062480014,0.0,0.93751997,0.0,0.0,0.0,0.0,0.0,0.0
4,2,0.062480014,0.0,0.93751997,0.0,0.0,0.0,0.0,0.0,0.0
4,2,0.062480014,0.0,0.93751997,0.0,0.0,0.0,0.0,0.0,0.0
4,2,0.062480014,0.0,0.93751997,0.0,0.0,0.0,0.0,0.0,0.0
4,2,0.062480014,0.0,0.93751997,0.0,0.0,0.0,0.0,0.0,0.0
4,2,0.062480014,0.0,0.93751997,0.0,0.0,0.0,0.0,0.0,0.0
4,2,0.062480014,0.0,0.93751997,0.0,0.0,0.0,0.0,0.0,0.0
4,2,0.062480014,0.0,0.93751997,0.0,0.0,0.0,0.0,0.0,0.0
4,2,0.062480014,0.0,0.93751997,0.0,0.0,0.0,0.0,0.0,0.0
4,2,0.062480014,0.0,0.93751997,0.0,0.0,0.0,0.0,0.0,0.0
4,2,0.062480014,0.0,0.93751997,0.0,0.0,0.0,0.0,0.0,0.0
4,2,0.062480014,0.0,0.93751997,0.0,0.0,0.0,0.0,0.0,0.0
4,2,0.062480014,0.0,0.93751997,0.0,0.0,0.0,0.0,0.0,0.0
4,2,0.062480014,0.0,0.93751997,0.0,0.0,0.0,0.0,0.0,0.0
4,2,0.062480014,0.0,0.93751997,0.0,0.0,0.0,0.0,0.0,0.0
4,2,0.062480014,0.0,0.93751997,0.0,0.0,0.0,0.0,0.0,0.0
4,2,0.062480014,0.0,0.93751997,0.0,0.0,0.0,0.0,0.0,0.0
4,2,0.062480014,0.0,0.93751997,0.0,0.0,0.0,0.0,0.0,0.0
4,2,0.062480014,0.0,0.93751997,0.0,0.0,0.0,0.0,0.0,0.0
4,2,0.062480014,0.0,0.93751997,0.0,0.0,0.0,0.0,0.0,0.0
4,2,0.062480014,0.0,0.93751997,0.0,0.0,0.0,0.0,0.0,0.0
4,2,0.062480014,0.0,0.93751997,0.0,0.0,0.0,0.0,0.0,0.0
4,2,0.062480014,0.0,0.93751997,0.0,0.0,0.0,0.0,0.0,0.0
4,2,0.062480014,0.0,0.93751997,0.0,0.0,0.0,0.0,0.0,0.0
4,2,0.062480014,0.0,0.93751997,0.0,0.0,0.0,0.0,0.0,0.0
4,2,0.062480014,0.0,0.93751997,0.0,0.0,0.0,0.0,0.0,0.0
4,2,0.062480014,0.0,0.93751997,0.0,0.0,0.0,0.0,0.0,0.0
4,2,0.062480014,0.0,0.93751997,0.0,0.0,0.0,0.0,0.0,0.0
4,2,0.062480014,0.0,0.93751997,0.0,0.0,0.0,0.0,0.0,0.0
4,2,0.062480014,0.0,0.93751997,0.0,0.0,0.0,0.0,0.0,0.0
4,2,0.062480014,0.0,0.93751997,0.0,0.0,0.0,0.0,0.0,0.0
4,2,0.062480014,0.0,0.93751997,0.0,0.0,0.0,0.0,0.0,0.0
4,2,0.062480014,0.0,0.93751997,0.0,0.0,0.0,0.0,0.0,0.0
4,2,0.062480014,0.0,0.93751997,0.0,0.0,0.0,0.0,0.0,0.0
4,2,0.062480014,0.0,0.93751997,0.0,0.0,0.0,0.0,0.0,0.0
4,2,0.062480014,0.0,0.93751997,0.0,0.0,0.0,0.0,0.0,0.0
4,2,0.062480014,0.0,0.93751997,0.0,0.0,0.0,0.0,0.0,0.0
4,2,0.062480014,0.0,0.93751997,0.0,0.0,0.0,0.0,0.0,0.0
4,2,0.062480014,0.0,0.93751997,0.0,0.0,0.0,0.0,0.0,0.0
4,2,0.062480014,0.0,0.93751997,0.0,0.0,0.0,0.0,0.0,0.0
4,2,0.062480014,0.0,0.93751997,0.0,0.0,0.0,0.0,0.0,0.0
4,2,0.062480014,0.0,0.93751997,0.0,0.0,0.0,0.0,0.0,0.0
4,2,0.062480014,0.0,0.93751997,0.0,0.0,0.0,0.0,0.0,0.0
4,2,0.062480014,0.0,0.93751997,0.0,0.0,0.0,0.0,0.0,0.0
4,2,0.062480014,0.0,0.93751997,0.0,0.0,0.0,0.0,0.0,0.0
4,2,0.062480014,0.0,0.93751997,0.0,0.0,0.0,0.0,0.0,0.0
4,2,0.062480014,0.0,0.93751997,0.0,0.0,0.0,0.0,0.0,0.0
4,2,0.062480014,0.0,0.93751997,0.0,0.0,0.0,0.0,0.0,0.0
4,2,0.062480014,0.0,0.93751997,0.0,0.0,0.0,0.0,0.0,0.0
4,2,0.062480014,0.0,0.93751997,0.0,0.0,0.0,0.0,0.0,0.0
4,2,0.062480014,0.0,0.93751997,0.0,0.0,0.0,0.0,0.0,0.0
4,2,0.062480014,0.0,0.93751997,0.0,0.0,0.0,0.0,0.0,0.0
4,2,0.062480014,0.0,0.93751997,0.0,0.0,0.0,0.0,0.0,0.0
4,2,0.062480014,0.0,0.93751997,0.0,0.0,0.0,0.0,0.0,0.0
4,2,0.062480014,0.0,0.93751997,0.0,0.0,0.0,0.0,0.0,0.0
4,2,0.062480014,0.0,0.93751997,0.0,0.0,0.0,0.0,0.0,0.0
4,2,0.062480014,0.0,0.93751997,0.0,0.0,0.0,0.0,0.0,0.0
4,2,0.062480014,0.0,0.93751997,0.0,0.0,0.0,0.0,0.0,0.0
4,2,0.062480014,0.0,0.93751997,0.0,0.0,0.0,0.0,0.0,0.0
4,2,0.062480014,0.0,0.93751997,0.0,0.0,0.0,0.0,0.0,0.0
4,2,0.062480014,0.0,0.93751997,0.0,0.0,0.0,0.0,0.0,0.0
4,2,0.062480014,0.0,0.93751997,0.0,0.0,0.0,0.0,0.0,0.0
4,2,0.062480014,0.0,0.93751997,0.0,0.0,0.0,0.0,0.0,0.0
4,2,0.062480014,0.0,0.93751997,0.0,0.0,0.0,0.0,0.0,0.0
4,2,0.062480014,0.0,0.93751997,0.0,0.0,0.0,0.0,0.0,0.0
4,2,0.062480014,0.0,0.93751997,0.0,0.0,0.0,0.0,0.0,0.0
4,2,0.062480014,0.0,0.93751997,0.0,0.0,0.0,0.0,0.0,0.0
4,2,0.062480014,0.0,0.93751997,0.0,0.0,0.0,0.0,0.0,0.0
4,2,0.062480014,0.0,0.93751997,0.0,0.0,0.0,0.0,0.0,0.0
4,2,0.062480014,0.0,0.93751997,0.0,0.0,0.0,0.0,0.0,0.0
4,2,0.062480014,0.0,0.93751997,0.0,0.0,0.0,0.0,0.0,0.0
4,2,0.062480014,0.0,0.93751997,0.0,0.0,0.0,0.0,0.0,0.0
4,2,0.062480014,0.0,0.93751997,0.0,0.0,0.0,0.0,0.0,0.0
4,2,0.062480014,0.0,0.93751997,0.0,0.0,0.0,0.0,0.0,0.0
4,2,0.062480014,0.0,0.93751997,0.0,0.0,0.0,0.0,0.0,0.0
4,2,0.062480014,0.0,0.93751997,0.0,0.0,0.0,0.0,0.0,0.0
4,2,0.062480014,0.0,0.93751997,0.0,0.0,0.0,0.0,0.0,0.0
4,2,0.062480014,0.0,0.93751997,0.0,0.0,0.0,0.0,0.0,0.0
4,2,0.062480014,0.0,0.93751997,0.0,0.0,0.0,0.0,0.0,0.0
4,2,0.062480014,0.0,0.93751997,0.0,0.0,0.0,0.0,0.0,0.0
4,2,0.062480014,0.0,0.93751997,0.0,0.0,0.0,0.0,0.0,0.0
4,2,0.062480014,0.0,0.93751997,0.0,0.0,0.0,0.0,0.0,0.0
4,2,0.062480014,0.0,0.93751997,0.0,0.0,0.0,0.0,0.0,0.0
4,2,0.062480014,0.0,0.93751997,0.0,0.0,0.0,0.0,0.0,0.0
4,2,0.062480014,0.0,0.93751997,0.0,0.0,0.0,0.0,0.0,0.0
4,2,0.062480014,0.0,0.93751997,0.0,0.0,0.0,0.0,0.0,0.0
4,2,0.062480014,0.0,0.93751997,0.0,0.0,0.0,0.0,0.0,0.0
4,2,0.062480014,0.0,0.93751997,0.0,0.0,0.0,0.0,0.0,0.0
4,2,0.062480014,0.0,0.93751997,0.0,0.0,0.0,0.0,0.0,0.0
4,2,0.062480014,0.0,0.93751997,0.0,0.0,0.0,0.0,0.0,0.0
4,2,0.062480014,0.0,0.93751997,0.0,0.0,0.0,0.0,0.0,0.0
4,2,0.062480014,0.0,0.93751997,0.0,0.0,0.0,0.0,0.0,0.0
4,2,0.062480014,0.0,0.93751997,0.0,0.0,0.0,0.0,0.0,0.0
4,2,0.118816406,0.0,0.88118356,0.0,0.0,0.0,0.0,0.0,0.0
4,2,0.118816406,0.0,0.88118356,0.0,0.0,0.0,0.0,0.0,0.0
4,2,0.118816406,0.0,0.88118356,0.0,0.0,0.0,0.0,0.0,0.0
4,2,0.118816406,0.0,0.88118356,0.0,0.0,0.0,0.0,0.0,0.0
4,2,0.118816406,0.0,0.88118356,0.0,0.0,0.0,0.0,0.0,0.0
4,2,0.118816406,0.0,0.88118356,0.0,0.0,0.0,0.0,0.0,0.0
4,2,0.118816406,0.0,0.88118356,0.0,0.0,0.0,0.0,0.0,0.0
4,2,0.118816406,0.0,0.88118356,0.0,0.0,0.0,0.0,0.0,0.0
4,2,0.118816406,0.0,0.88118356,0.0,0.0,0.0,0.0,0.0,0.0
4,2,0.118816406,0.0,0.88118356,0.0,0.0,0.0,0.0,0.0,0.0
4,2,0.118816406,0.0,0.88118356,0.0,0.0,0.0,0.0,0.0,0.0
4,2,0.118816406,0.0,0.88118356,0.0,0.0,0.0,0.0,0.0,0.0
4,2,0.118816406,0.0,0.88118356,0.0,0.0,0.0,0.0,0.0,0.0
4,2,0.118816406,0.0,0.88118356,0.0,0.0,0.0,0.0,0.0,0.0
4,2,0.118816406,0.0,0.88118356,0.0,0.0,0.0,0.0,0.0,0.0
4,2,0.118816406,0.0,0.88118356,0.0,0.0,0.0,0.0,0.0,0.0
4,2,0.118816406,0.0,0.88118356,0.0,0.0,0.0,0.0,0.0,0.0
4,2,0.118816406,0.0,0.88118356,0.0,0.0,0.0,0.0,0.0,0.0
4,2,0.118816406,0.0,0.88118356,0.0,0.0,0.0,0.0,0.0,0.0
4,2,0.118816406,0.0,0.88118356,0.0,0.0,0.0,0.0,0.0,0.0
4,2,0.118816406,0.0,0.88118356,0.0,0.0,0.0,0.0,0.0,0.0
4,2,0.118816406,0.0,0.88118356,0.0,0.0,0.0,0.0,0.0,0.0
4,2,0.118816406,0.0,0.88118356,0.0,0.0,0.0,0.0,0.0,0.0
4,2,0.118816406,0.0,0.88118356,0.0,0.0,0.0,0.0,0.0,0.0
4,2,0.118816406,0.0,0.88118356,0.0,0.0,0.0,0.0,0.0,0.0
4,2,0.118816406,0.0,0.88118356,0.0,0.0,0.0,0.0,0.0,0.0
4,2,0.118816406,0.0,0.88118356,0.0,0.0,0.0,0.0,0.0,0.0
4,2,0.118816406,0.0,0.88118356,0.0,0.0,0.0,0.0,0.0,0.0
4,2,0.118816406,0.0,0.88118356,0.0,0.0,0.0,0.0,0.0,0.0
4,2,0.118816406,0.0,0.88118356,0.0,0.0,0.0,0.0,0.0,0.0
4,2,0.118816406,0.0,0.88118356,0.0,0.0,0.0,0.0,0.0,0.0
4,2,0.118816406,0.0,0.88118356,0.0,0.0,0.0,0.0,0.0,0.0
4,2,0.118816406,0.0,0.88118356,0.0,0.0,0.0,0.0,0.0,0.0
4,2,0.118816406,0.0,0.88118356,0.0,0.0,0.0,0.0,0.0,0.0
4,2,0.118816406,0.0,0.88118356,0.0,0.0,0.0,0.0,0.0,0.0
4,2,0.118816406,0.0,0.88118356,0.0,0.0,0.0,0.0,0.0,0.0
4,2,0.118816406,0.0,0.88118356,0.0,0.0,0.0,0.0,0.0,0.0
4,2,0.118816406,0.0,0.88118356,0.0,0.0,0.0,0.0,0.0,0.0
4,2,0.118816406,0.0,0.88118356,0.0,0.0,0.0,0.0,0.0,0.0
4,2,0.118816406,0.0,0.88118356,0.0,0.0,0.0,0.0,0.0,0.0
4,2,0.118816406,0.0,0.88118356,0.0,0.0,0.0,0.0,0.0,0.0
4,2,0.118816406,0.0,0.88118356,0.0,0.0,0.0,0.0,0.0,0.0
4,2,0.118816406,0.0,0.88118356,0.0,0.0,0.0,0.0,0.0,0.0
4,2,0.118816406,0.0,0.88118356,0.0,0.0,0.0,0.0,0.0,0.0
4,2,0.118816406,0.0,0.88118356,0.0,0.0,0.0,0.0,0.0,0.0
4,2,0.118816406,0.0,0.88118356,0.0,0.0,0.0,0.0,0.0,0.0
4,2,0.118816406,0.0,0.88118356,0.0,0.0,0.0,0.0,0.0,0.0
4,2,0.118816406,0.0,0.88118356,0.0,0.0,0.0,0.0,0.0,0.0
4,2,0.118816406,0.0,0.88118356,0.0,0.0,0.0,0.0,0.0,0.0
4,2,0.118816406,0.0,0.88118356,0.0,0.0,0.0,0.0,0.0,0.0
4,2,0.118816406,0.0,0.88118356,0.0,0.0,0.0,0.0,0.0,0.0
4,2,0.118816406,0.0,0.88118356,0.0,0.0,0.0,0.0,0.0,0.0
4,2,0.118816406,0.0,0.88118356,0.0,0.0,0.0,0.0,0.0,0.0
4,2,0.118816406,0.0,0.88118356,0.0,0.0,0.0,0.0,0.0,0.0
4,2,0.118816406,0.0,0.88118356,0.0,0.0,0.0,0.0,0.0,0.0
4,2,0.118816406,0.0,0.88118356,0.0,0.0,0.0,0.0,0.0,0.0
4,2,0.118816406,0.0,0.88118356,0.0,0.0,0.0,0.0,0.0,0.0
4,2,0.118816406,0.0,0.88118356,0.0,0.0,0.0,0.0,0.0,0.0
4,2,0.118816406,0.0,0.88118356,0.0,0.0,0.0,0.0,0.0,0.0
4,2,0.118816406,0.0,0.88118356,0.0,0.0,0.0,0.0,0.0,0.0
4,2,0.118816406,0.0,0.88118356,0.0,0.0,0.0,0.0,0.0,0.0
4,2,0.118816406,0.0,0.88118356,0.0,0.0,0.0,0.0,0.0,0.0
4,2,0.118816406,0.0,0.88118356,0.0,0.0,0.0,0.0,0.0,0.0
4,2,0.118816406,0.0,0.88118356,0.0,0.0,0.0,0.0,0.0,0.0
4,2,0.118816406,0.0,0.88118356,0.0,0.0,0.0,0.0,0.0,0.0
4,2,0.118816406,0.0,0.88118356,0.0,0.0,0.0,0.0,0.0,0.0
4,2,0.118816406,0.0,0.88118356,0.0,0.0,0.0,0.0,0.0,0.0
4,2,0.118816406,0.0,0.88118356,0.0,0.0,0.0,0.0,0.0,0.0
4,2,0.118816406,0.0,0.88118356,0.0,0.0,0.0,0.0,0.0,0.0
4,2,0.118816406,0.0,0.88118356,0.0,0.0,0.0,0.0,0.0,0.0
4,2,0.118816406,0.0,0.88118356,0.0,0.0,0.0,0.0,0.0,0.0
4,2,0.118816406,0.0,0.88118356,0.0,0.0,0.0,0.0,0.0,0.0
4,2,0.118816406,0.0,0.88118356,0.0,0.0,0.0,0.0,0.0,0.0
4,2,0.118816406,0.0,0.88118356,0.0,0.0,0.0,0.0,0.0,0.0
4,2,0.118816406,0.0,0.88118356,0.0,0.0,0.0,0.0,0.0,0.0
4,2,0.118816406,0.0,0.88118356,0.0,0.0,0.0,0.0,0.0,0.0
4,2,0.118816406,0.0,0.88118356,0.0,0.0,0.0,0.0,0.0,0.0
4,2,0.118816406,0.0,0.88118356,0.0,0.0,0.0,0.0,0.0,0.0
4,2,0.118816406,0.0,0.88118356,0.0,0.0,0.0,0.0,0.0,0.0
4,2,0.118816406,0.0,0.88118356,0.0,0.0,0.0,0.0,0.0,0.0
4,2,0.118816406,0.0,0.88118356,0.0,0.0,0.0,0.0,0.0,0.0
4,2,0.118816406,0.0,0.88118356,0.0,0.0,0.0,0.0,0.0,0.0
4,2,0.118816406,0.0,0.88118356,0.0,0.0,0.0,0.0,0.0,0.0
4,2,0.118816406,0.0,0.88118356,0.0,0.0,0.0,0.0,0.0,0.0
4,2,0.118816406,0.0,0.88118356,0.0,0.0,0.0,0.0,0.0,0.0
4,2,0.118816406,0.0,0.88118356,0.0,0.0,0.0,0.0,0.0,0.0
4,2,0.118816406,0.0,0.88118356,0.0,0.0,0.0,0.0,0.0,0.0
4,2,0.118816406,0.0,0.88118356,0.0,0.0,0.0,0.0,0.0,0.0
4,2,0.118816406,0.0,0.88118356,0.0,0.0,0.0,0.0,0.0,0.0
4,2,0.118816406,0.0,0.88118356,0.0,0.0,0.0,0.0,0.0,0.0
4,2,0.118816406,0.0,0.88118356,0.0,0.0,0.0,0.0,0.0,0.0
4,2,0.118816406,0.0,0.88118356,0.0,0.0,0.0,0.0,0.0,0.0
4,2,0.118816406,0.0,0.88118356,0.0,0.0,0.0,0.0,0.0,0.0
4,2,0.118816406,0.0,0.88118356,0.0,0.0,0.0,0.0,0.0,0.0
4,2,0.118816406,0.0,0.88118356,0.0,0.0,0.0,0.0,0.0,0.0
4,2,0.118816406,0.0,0.88118356,0.0,0.0,0.0,0.0,0.0,0.0
4,2,0.118816406,0.0,0.88118356,0.0,0.0,0.0,0.0,0.0,0.0
4,2,0.118816406,0.0,0.88118356,0.0,0.0,0.0,0.0,0.0,0.0
4,2,0.118816406,0.0,0.88118356,0.0,0.0,0.0,0.0,0.0,0.0
4,2,0.118816406,0.0,0.88118356,0.0,0.0,0.0,0.0,0.0,0.0
4,2,0.118816406,0.0,0.88118356,0.0,0.0,0.0,0.0,0.0,0.0
4,2,0.118816406,0.0,0.88118356,0.0,0.0,0.0,0.0,0.0,0.0
4,2,0.118816406,0.0,0.88118356,0.0,0.0,0.0,0.0,0.0,0.0
4,2,0.118816406,0.0,0.88118356,0.0,0.0,0.0,0.0,0.0,0.0
4,2,0.118816406,0.0,0.88118356,0.0,0.0,0.0,0.0,0.0,0.0
4,2,0.118816406,0.0,0.88118356,0.0,0.0,0.0,0.0,0.0,0.0
4,2,0.118816406,0.0,0.88118356,0.0,0.0,0.0,0.0,0.0,0.0
4,2,0.118816406,0.0,0.88118356,0.0,0.0,0.0,0.0,0.0,0.0
4,2,0.118816406,0.0,0.88118356,0.0,0.0,0.0,0.0,0.0,0.0
4,2,0.118816406,0.0,0.88118356,0.0,0.0,0.0,0.0,0.0,0.0
4,2,0.118816406,0.0,0.88118356,0.0,0.0,0.0,0.0,0.0,0.0
4,2,0.118816406,0.0,0.88118356,0.0,0.0,0.0,0.0,0.0,0.0
4,2,0.118816406,0.0,0.88118356,0.0,0.0,0.0,0.0,0.0,0.0
4,2,0.118816406,0.0,0.88118356,0.0,0.0,0.0,0.0,0.0,0.0
4,2,0.118816406,0.0,0.88118356,0.0,0.0,0.0,0.0,0.0,0.0
4,2,0.118816406,0.0,0.88118356,0.0,0.0,0.0,0.0,0.0,0.0
4,2,0.118816406,0.0,0.88118356,0.0,0.0,0.0,0.0,0.0,0.0
4,2,0.118816406,0.0,0.88118356,0.0,0.0,0.0,0.0,0.0,0.0
4,2,0.118816406,0.0,0.88118356,0.0,0.0,0.0,0.0,0.0,0.0
4,2,0.118816406,0.0,0.88118356,0.0,0.0,0.0,0.0,0.0,0.0
4,2,0.118816406,0.0,0.88118356,0.0,0.0,0.0,0.0,0.0,0.0
4,2,0.118816406,0.0,0.88118356,0.0,0.0,0.0,0.0,0.0,0.0
4,2,0.118816406,0.0,0.88118356,0.0,0.0,0.0,0.0,0.0,0.0
4,2,0.118816406,0.0,0.88118356,0.0,0.0,0.0,0.0,0.0,0.0
4,2,0.118816406,0.0,0.88118356,0.0,0.0,0.0,0.0,0.0,0.0
4,2,0.118816406,0.0,0.88118356,0.0,0.0,0.0,0.0,0.0,0.0
4,2,0.118816406,0.0,0.88118356,0.0,0.0,0.0,0.0,0.0,0.0
4,2,0.118816406,0.0,0.88118356,0.0,0.0,0.0,0.0,0.0,0.0
4,2,0.118816406,0.0,0.88118356,0.0,0.0,0.0,0.0,0.0,0.0
4,2,0.118816406,0.0,0.88118356,0.0,0.0,0.0,0.0,0.0,0.0
4,2,0.118816406,0.0,0.88118356,0.0,0.0,0.0,0.0,0.0,0.0
4,2,0.118816406,0.0,0.88118356,0.0,0.0,0.0,0.0,0.0,0.0
4,2,0.118816406,0.0,0.88118356,0.0,0.0,0.0,0.0,0.0,0.0
4,2,0.118816406,0.0,0.88118356,0.0,0.0,0.0,0.0,0.0,0.0
4,2,0.118816406,0.0,0.88118356,0.0,0.0,0.0,0.0,0.0,0.0
4,2,0.118816406,0.0,0.88118356,0.0,0.0,0.0,0.0,0.0,0.0
4,2,0.118816406,0.0,0.88118356,0.0,0.0,0.0,0.0,0.0,0.0
4,2,0.118816406,0.0,0.88118356,0.0,0.0,0.0,0.0,0.0,0.0
4,2,0.118816406,0.0,0.88118356,0.0,0.0,0.0,0.0,0.0,0.0
4,2,0.118816406,0.0,0.88118356,0.0,0.0,0.0,0.0,0.0,0.0
4,2,0.118816406,0.0,0.88118356,0.0,0.0,0.0,0.0,0.0,0.0
4,2,0.118816406,0.0,0.88118356,0.0,0.0,0.0,0.0,0.0,0.0
4,2,0.118816406,0.0,0.88118356,0.0,0.0,0.0,0.0,0.0,0.0
4,2,0.118816406,0.0,0.88118356,0.0,0.0,0.0,0.0,0.0,0.0
4,2,0.118816406,0.0,0.88118356,0.0,0.0,0.0,0.0,0.0,0.0
4,2,0.118816406,0.0,0.88118356,0.0,0.0,0.0,0.0,0.0,0.0
4,2,0.118816406,0.0,0.88118356,0.0,0.0,0.0,0.0,0.0,0.0
4,2,0.118816406,0.0,0.88118356,0.0,0.0,0.0,0.0,0.0,0.0
4,2,0.118816406,0.0,0.88118356,0.0,0.0,0.0,0.0,0.0,0.0
4,2,0.118816406,0.0,0.88118356,0.0,0.0,0.0,0.0,0.0,0.0
4,2,0.118816406,0.0,0.88118356,0.0,0.0,0.0,0.0,0.0,0.0
4,2,0.118816406,0.0,0.88118356,0.0,0.0,0.0,0.0,0.0,0.0
4,2,0.118816406,0.0,0.88118356,0.0,0.0,0.0,0.0,0.0,0.0
4,2,0.19160023,0.0,0.80839974,0.0,0.0,0.0,0.0,0.0,0.0
4,2,0.19160023,0.0,0.80839974,0.0,0.0,0.0,0.0,0.0,0.0
4,2,0.19160023,0.0,0.80839974,0.0,0.0,0.0,0.0,0.0,0.0
4,2,0.19160023,0.0,0.80839974,0.0,0.0,0.0,0.0,0.0,0.0
4,2,0.19160023,0.0,0.80839974,0.0,0.0,0.0,0.0,0.0,0.0
4,2,0.19160023,0.0,0.80839974,0.0,0.0,0.0,0.0,0.0,0.0
4,2,0.19160023,0.0,0.80839974,0.0,0.0,0.0,0.0,0.0,0.0
4,2,0.19160023,0.0,0.80839974,0.0,0.0,0.0,0.0,0.0,0.0
4,2,0.19160023,0.0,0.80839974,0.0,0.0,0.0,0.0,0.0,0.0
4,2,0.19160023,0.0,0.80839974,0.0,0.0,0.0,0.0,0.0,0.0
4,2,0.19160023,0.0,0.80839974,0.0,0.0,0.0,0.0,0.0,0.0
4,2,0.19160023,0.0,0.80839974,0.0,0.0,0.0,0.0,0.0,0.0
4,2,0.19160023,0.0,0.80839974,0.0,0.0,0.0,0.0,0.0,0.0
4,2,0.19160023,0.0,0.80839974,0.0,0.0,0.0,0.0,0.0,0.0
4,2,0.19160023,0.0,0.80839974,0.0,0.0,0.0,0.0,0.0,0.0
4,2,0.19160023,0.0,0.80839974,0.0,0.0,0.0,0.0,0.0,0.0
4,2,0.19160023,0.0,0.80839974,0.0,0.0,0.0,0.0,0.0,0.0
4,2,0.19160023,0.0,0.80839974,0.0,0.0,0.0,0.0,0.0,0.0
4,2,0.19160023,0.0,0.80839974,0.0,0.0,0.0,0.0,0.0,0.0
4,2,0.19160023,0.0,0.80839974,0.0,0.0,0.0,0.0,0.0,0.0
4,2,0.19160023,0.0,0.80839974,0.0,0.0,0.0,0.0,0.0,0.0
4,2,0.19160023,0.0,0.80839974,0.0,0.0,0.0,0.0,0.0,0.0
4,2,0.19160023,0.0,0.80839974,0.0,0.0,0.0,0.0,0.0,0.0
4,2,0.19160023,0.0,0.80839974,0.0,0.0,0.0,0.0,0.0,0.0
4,2,0.19160023,0.0,0.80839974,0.0,0.0,0.0,0.0,0.0,0.0
4,2,0.19160023,0.0,0.80839974,0.0,0.0,0.0,0.0,0.0,0.0
4,2,0.19160023,0.0,0.80839974,0.0,0.0,0.0,0.0,0.0,0.0
4,2,0.19160023,0.0,0.80839974,0.0,0.0,0.0,0.0,0.0,0.0
4,2,0.19160023,0.0,0.80839974,0.0,0.0,0.0,0.0,0.0,0.0
4,2,0.19160023,0.0,0.80839974,0.0,0.0,0.0,0.0,0.0,0.0
4,2,0.19160023,0.0,0.80839974,0.0,0.0,0.0,0.0,0.0,0.0
4,2,0.19160023,0.0,0.80839974,0.0,0.0,0.0,0.0,0.0,0.0
4,2,0.19160023,0.0,0.80839974,0.0,0.0,0.0,0.0,0.0,0.0
4,2,0.19160023,0.0,0.80839974,0.0,0.0,0.0,0.0,0.0,0.0
4,2,0.19160023,0.0,0.80839974,0.0,0.0,0.0,0.0,0.0,0.0
4,2,0.19160023,0.0,0.80839974,0.0,0.0,0.0,0.0,0.0,0.0
4,2,0.19160023,0.0,0.80839974,0.0,0.0,0.0,0.0,0.0,0.0
4,2,0.19160023,0.0,0.80839974,0.0,0.0,0.0,0.0,0.0,0.0
4,2,0.19160023,0.0,0.80839974,0.0,0.0,0.0,0.0,0.0,0.0
4,2,0.19160023,0.0,0.80839974,0.0,0.0,0.0,0.0,0.0,0.0
4,2,0.19160023,0.0,0.80839974,0.0,0.0,0.0,0.0,0.0,0.0
4,2,0.19160023,0.0,0.80839974,0.0,0.0,0.0,0.0,0.0,0.0
4,2,0.19160023,0.0,0.80839974,0.0,0.0,0.0,0.0,0.0,0.0
4,2,0.19160023,0.0,0.80839974,0.0,0.0,0.0,0.0,0.0,0.0
4,2,0.19160023,0.0,0.80839974,0.0,0.0,0.0,0.0,0.0,0.0
4,2,0.19160023,0.0,0.80839974,0.0,0.0,0.0,0.0,0.0,0.0
4,2,0.19160023,0.0,0.80839974,0.0,0.0,0.0,0.0,0.0,0.0
4,2,0.19160023,0.0,0.80839974,0.0,0.0,0.0,0.0,0.0,0.0
4,2,0.19160023,0.0,0.80839974,0.0,0.0,0.0,0.0,0.0,0.0
4,2,0.19160023,0.0,0.80839974,0.0,0.0,0.0,0.0,0.0,0.0
4,2,0.19160023,0.0,0.80839974,0.0,0.0,0.0,0.0,0.0,0.0
4,2,0.19160023,0.0,0.80839974,0.0,0.0,0.0,0.0,0.0,0.0
4,2,0.19160023,0.0,0.80839974,0.0,0.0,0.0,0.0,0.0,0.0
4,2,0.19160023,0.0,0.80839974,0.0,0.0,0.0,0.0,0.0,0.0
4,2,0.19160023,0.0,0.80839974,0.0,0.0,0.0,0.0,0.0,0.0
4,2,0.19160023,0.0,0.80839974,0.0,0.0,0.0,0.0,0.0,0.0
4,2,0.19160023,0.0,0.80839974,0.0,0.0,0.0,0.0,0.0,0.0
4,2,0.19160023,0.0,0.80839974,0.0,0.0,0.0,0.0,0.0,0.0
4,2,0.19160023,0.0,0.80839974,0.0,0.0,0.0,0.0,0.0,0.0
4,2,0.19160023,0.0,0.80839974,0.0,0.0,0.0,0.0,0.0,0.0
4,2,0.19160023,0.0,0.80839974,0.0,0.0,0.0,0.0,0.0,0.0
4,2,0.19160023,0.0,0.80839974,0.0,0.0,0.0,0.0,0.0,0.0
4,2,0.19160023,0.0,0.80839974,0.0,0.0,0.0,0.0,0.0,0.0
4,2,0.19160023,0.0,0.80839974,0.0,0.0,0.0,0.0,0.0,0.0
4,2,0.19160023,0.0,0.80839974,0.0,0.0,0.0,0.0,0.0,0.0
4,2,0.19160023,0.0,0.80839974,0.0,0.0,0.0,0.0,0.0,0.0
4,2,0.19160023,0.0,0.80839974,0.0,0.0,0.0,0.0,0.0,0.0
4,2,0.19160023,0.0,0.80839974,0.0,0.0,0.0,0.0,0.0,0.0
4,2,0.19160023,0.0,0.80839974,0.0,0.0,0.0,0.0,0.0,0.0
4,2,0.19160023,0.0,0.80839974,0.0,0.0,0.0,0.0,0.0,0.0
4,2,0.19160023,0.0,0.80839974,0.0,0.0,0.0,0.0,0.0,0.0
4,2,0.19160023,0.0,0.80839974,0.0,0.0,0.0,0.0,0.0,0.0
4,2,0.19160023,0.0,0.80839974,0.0,0.0,0.0,0.0,0.0,0.0
4,2,0.19160023,0.0,0.80839974,0.0,0.0,0.0,0.0,0.0,0.0
4,2,0.19160023,0.0,0.80839974,0.0,0.0,0.0,0.0,0.0,0.0
4,2,0.19160023,0.0,0.80839974,0.0,0.0,0.0,0.0,0.0,0.0
4,2,0.19160023,0.0,0.80839974,0.0,0.0,0.0,0.0,0.0,0.0
4,2,0.19160023,0.0,0.80839974,0.0,0.0,0.0,0.0,0.0,0.0
4,2,0.19160023,0.0,0.80839974,0.0,0.0,0.0,0.0,0.0,0.0
4,2,0.19160023,0.0,0.80839974,0.0,0.0,0.0,0.0,0.0,0.0
4,2,0.19160023,0.0,0.80839974,0.0,0.0,0.0,0.0,0.0,0.0
4,2,0.19160023,0.0,0.80839974,0.0,0.0,0.0,0.0,0.0,0.0
4,2,0.19160023,0.0,0.80839974,0.0,0.0,0.0,0.0,0.0,0.0
4,2,0.19160023,0.0,0.80839974,0.0,0.0,0.0,0.0,0.0,0.0
4,2,0.19160023,0.0,0.80839974,0.0,0.0,0.0,0.0,0.0,0.0
4,2,0.19160023,0.0,0.80839974,0.0,0.0,0.0,0.0,0.0,0.0
4,2,0.19160023,0.0,0.80839974,0.0,0.0,0.0,0.0,0.0,0.0
4,2,0.25631556,0.0,0.7436845,0.0,0.0,0.0,0.0,0.0,0.0
4,2,0.25631556,0.0,0.7436845,0.0,0.0,0.0,0.0,0.0,0.0
4,2,0.25631556,0.0,0.7436845,0.0,0.0,0.0,0.0,0.0,0.0
4,2,0.25631556,0.0,0.7436845,0.0,0.0,0.0,0.0,0.0,0.0
4,2,0.25631556,0.0,0.7436845,0.0,0.0,0.0,0.0,0.0,0.0
4,2,0.25631556,0.0,0.7436845,0.0,0.0,0.0,0.0,0.0,0.0
4,2,0.25631556,0.0,0.7436845,0.0,0.0,0.0,0.0,0.0,0.0
4,2,0.25631556,0.0,0.7436845,0.0,0.0,0.0,0.0,0.0,0.0
4,2,0.25631556,0.0,0.7436845,0.0,0.0,0.0,0.0,0.0,0.0
4,2,0.25631556,0.0,0.7436845,0.0,0.0,0.0,0.0,0.0,0.0
4,2,0.25631556,0.0,0.7436845,0.0,0.0,0.0,0.0,0.0,0.0
4,2,0.25631556,0.0,0.7436845,0.0,0.0,0.0,0.0,0.0,0.0
4,2,0.25631556,0.0,0.7436845,0.0,0.0,0.0,0.0,0.0,0.0
4,2,0.25631556,0.0,0.7436845,0.0,0.0,0.0,0.0,0.0,0.0
4,2,0.25631556,0.0,0.7436845,0.0,0.0,0.0,0.0,0.0,0.0
4,2,0.25631556,0.0,0.7436845,0.0,0.0,0.0,0.0,0.0,0.0
4,2,0.25631556,0.0,0.7436845,0.0,0.0,0.0,0.0,0.0,0.0
4,2,0.25631556,0.0,0.7436845,0.0,0.0,0.0,0.0,0.0,0.0
4,2,0.25631556,0.0,0.7436845,0.0,0.0,0.0,0.0,0.0,0.0
4,2,0.25631556,0.0,0.7436845,0.0,0.0,0.0,0.0,0.0,0.0
4,2,0.25631556,0.0,0.7436845,0.0,0.0,0.0,0.0,0.0,0.0
4,2,0.25631556,0.0,0.7436845,0.0,0.0,0.0,0.0,0.0,0.0
4,2,0.25631556,0.0,0.7436845,0.0,0.0,0.0,0.0,0.0,0.0
4,2,0.25631556,0.0,0.7436845,0.0,0.0,0.0,0.0,0.0,0.0
4,2,0.25631556,0.0,0.7436845,0.0,0.0,0.0,0.0,0.0,0.0
4,2,0.25631556,0.0,0.7436845,0.0,0.0,0.0,0.0,0.0,0.0
4,2,0.25631556,0.0,0.7436845,0.0,0.0,0.0,0.0,0.0,0.0
4,2,0.25631556,0.0,0.7436845,0.0,0.0,0.0,0.0,0.0,0.0
4,2,0.25631556,0.0,0.7436845,0.0,0.0,0.0,0.0,0.0,0.0
4,2,0.25631556,0.0,0.7436845,0.0,0.0,0.0,0.0,0.0,0.0
4,2,0.25631556,0.0,0.7436845,0.0,0.0,0.0,0.0,0.0,0.0
4,2,0.25631556,0.0,0.7436845,0.0,0.0,0.0,0.0,0.0,0.0
4,2,0.25631556,0.0,0.7436845,0.0,0.0,0.0,0.0,0.0,0.0
4,2,0.25631556,0.0,0.7436845,0.0,0.0,0.0,0.0,0.0,0.0
4,2,0.25631556,0.0,0.7436845,0.0,0.0,0.0,0.0,0.0,0.0
4,2,0.25631556,0.0,0.7436845,0.0,0.0,0.0,0.0,0.0,0.0
4,2,0.25631556,0.0,0.7436845,0.0,0.0,0.0,0.0,0.0,0.0
4,2,0.25631556,0.0,0.7436845,0.0,0.0,0.0,0.0,0.0,0.0
4,2,0.25631556,0.0,0.7436845,0.0,0.0,0.0,0.0,0.0,0.0
4,2,0.25631556,0.0,0.7436845,0.0,0.0,0.0,0.0,0.0,0.0
4,2,0.25631556,0.0,0.7436845,0.0,0.0,0.0,0.0,0.0,0.0
4,2,0.25631556,0.0,0.7436845,0.0,0.0,0.0,0.0,0.0,0.0
4,2,0.25631556,0.0,0.7436845,0.0,0.0,0.0,0.0,0.0,0.0
4,2,0.25631556,0.0,0.7436845,0.0,0.0,0.0,0.0,0.0,0.0
4,2,0.25631556,0.0,0.7436845,0.0,0.0,0.0,0.0,0.0,0.0
4,2,0.25631556,0.0,0.7436845,0.0,0.0,0.0,0.0,0.0,0.0
4,2,0.25631556,0.0,0.7436845,0.0,0.0,0.0,0.0,0.0,0.0
4,2,0.25631556,0.0,0.7436845,0.0,0.0,0.0,0.0,0.0,0.0
4,2,0.25631556,0.0,0.7436845,0.0,0.0,0.0,0.0,0.0,0.0
4,2,0.25631556,0.0,0.7436845,0.0,0.0,0.0,0.0,0.0,0.0
4,2,0.25631556,0.0,0.7436845,0.0,0.0,0.0,0.0,0.0,0.0
4,2,0.25631556,0.0,0.7436845,0.0,0.0,0.0,0.0,0.0,0.0
4,2,0.25631556,0.0,0.7436845,0.0,0.0,0.0,0.0,0.0,0.0
4,2,0.25631556,0.0,0.7436845,0.0,0.0,0.0,0.0,0.0,0.0
4,2,0.25631556,0.0,0.7436845,0.0,0.0,0.0,0.0,0.0,0.0
4,2,0.25631556,0.0,0.7436845,0.0,0.0,0.0,0.0,0.0,0.0
4,2,0.25631556,0.0,0.7436845,0.0,0.0,0.0,0.0,0.0,0.0
4,2,0.25631556,0.0,0.7436845,0.0,0.0,0.0,0.0,0.0,0.0
4,2,0.25631556,0.0,0.7436845,0.0,0.0,0.0,0.0,0.0,0.0
4,2,0.25631556,0.0,0.7436845,0.0,0.0,0.0,0.0,0.0,0.0
4,2,0.25631556,0.0,0.7436845,0.0,0.0,0.0,0.0,0.0,0.0
4,2,0.25631556,0.0,0.7436845,0.0,0.0,0.0,0.0,0.0,0.0
4,2,0.25631556,0.0,0.7436845,0.0,0.0,0.0,0.0,0.0,0.0
4,2,0.25631556,0.0,0.7436845,0.0,0.0,0.0,0.0,0.0,0.0
4,2,0.25631556,0.0,0.7436845,0.0,0.0,0.0,0.0,0.0,0.0
4,2,0.25631556,0.0,0.7436845,0.0,0.0,0.0,0.0,0.0,0.0
4,2,0.25631556,0.0,0.7436845,0.0,0.0,0.0,0.0,0.0,0.0
4,2,0.25631556,0.0,0.7436845,0.0,0.0,0.0,0.0,0.0,0.0
4,2,0.25631556,0.0,0.7436845,0.0,0.0,0.0,0.0,0.0,0.0
4,2,0.25631556,0.0,0.7436845,0.0,0.0,0.0,0.0,0.0,0.0
4,2,0.25631556,0.0,0.7436845,0.0,0.0,0.0,0.0,0.0,0.0
4,2,0.25631556,0.0,0.7436845,0.0,0.0,0.0,0.0,0.0,0.0
4,2,0.25631556,0.0,0.7436845,0.0,0.0,0.0,0.0,0.0,0.0
4,2,0.25631556,0.0,0.7436845,0.0,0.0,0.0,0.0,0.0,0.0
4,2,0.25631556,0.0,0.7436845,0.0,0.0,0.0,0.0,0.0,0.0
4,2,0.25631556,0.0,0.7436845,0.0,0.0,0.0,0.0,0.0,0.0
4,2,0.25631556,0.0,0.7436845,0.0,0.0,0.0,0.0,0.0,0.0
4,2,0.25631556,0.0,0.7436845,0.0,0.0,0.0,0.0,0.0,0.0
4,2,0.25631556,0.0,0.7436845,0.0,0.0,0.0,0.0,0.0,0.0
4,2,0.25631556,0.0,0.7436845,0.0,0.0,0.0,0.0,0.0,0.0
4,2,0.25631556,0.0,0.7436845,0.0,0.0,0.0,0.0,0.0,0.0
4,2,0.25631556,0.0,0.7436845,0.0,0.0,0.0,0.0,0.0,0.0
4,2,0.25631556,0.0,0.7436845,0.0,0.0,0.0,0.0,0.0,0.0
4,2,0.25631556,0.0,0.7436845,0.0,0.0,0.0,0.0,0.0,0.0
4,2,0.25631556,0.0,0.7436845,0.0,0.0,0.0,0.0,0.0,0.0
4,2,0.25631556,0.0,0.7436845,0.0,0.0,0.0,0.0,0.0,0.0
4,2,0.25631556,0.0,0.7436845,0.0,0.0,0.0,0.0,0.0,0.0
4,2,0.25631556,0.0,0.7436845,0.0,0.0,0.0,0.0,0.0,0.0
4,2,0.25631556,0.0,0.7436845,0.0,0.0,0.0,0.0,0.0,0.0
4,2,0.25631556,0.0,0.7436845,0.0,0.0,0.0,0.0,0.0,0.0
4,2,0.25631556,0.0,0.7436845,0.0,0.0,0.0,0.0,0.0,0.0
4,2,0.25631556,0.0,0.7436845,0.0,0.0,0.0,0.0,0.0,0.0
4,2,0.25631556,0.0,0.7436845,0.0,0.0,0.0,0.0,0.0,0.0
4,2,0.25631556,0.0,0.7436845,0.0,0.0,0.0,0.0,0.0,0.0
4,2,0.25631556,0.0,0.7436845,0.0,0.0,0.0,0.0,0.0,0.0
4,2,0.25631556,0.0,0.7436845,0.0,0.0,0.0,0.0,0.0,0.0
4,2,0.18353172,0.0,0.8164683,0.0,0.0,0.0,0.0,0.0,0.0
4,2,0.18353172,0.0,0.8164683,0.0,0.0,0.0,0.0,0.0,0.0
4,2,0.18353172,0.0,0.8164683,0.0,0.0,0.0,0.0,0.0,0.0
4,2,0.18353172,0.0,0.8164683,0.0,0.0,0.0,0.0,0.0,0.0
4,2,0.18353172,0.0,0.8164683,0.0,0.0,0.0,0.0,0.0,0.0
4,2,0.18353172,0.0,0.8164683,0.0,0.0,0.0,0.0,0.0,0.0
4,2,0.18353172,0.0,0.8164683,0.0,0.0,0.0,0.0,0.0,0.0
4,2,0.18353172,0.0,0.8164683,0.0,0.0,0.0,0.0,0.0,0.0
4,2,0.18353172,0.0,0.8164683,0.0,0.0,0.0,0.0,0.0,0.0
4,2,0.18353172,0.0,0.8164683,0.0,0.0,0.0,0.0,0.0,0.0
4,2,0.18353172,0.0,0.8164683,0.0,0.0,0.0,0.0,0.0,0.0
4,2,0.18353172,0.0,0.8164683,0.0,0.0,0.0,0.0,0.0,0.0
4,2,0.18353172,0.0,0.8164683,0.0,0.0,0.0,0.0,0.0,0.0
4,2,0.18353172,0.0,0.8164683,0.0,0.0,0.0,0.0,0.0,0.0
4,2,0.18353172,0.0,0.8164683,0.0,0.0,0.0,0.0,0.0,0.0
4,2,0.18353172,0.0,0.8164683,0.0,0.0,0.0,0.0,0.0,0.0
4,2,0.18353172,0.0,0.8164683,0.0,0.0,0.0,0.0,0.0,0.0
4,2,0.18353172,0.0,0.8164683,0.0,0.0,0.0,0.0,0.0,0.0
4,2,0.18353172,0.0,0.8164683,0.0,0.0,0.0,0.0,0.0,0.0
4,2,0.18353172,0.0,0.8164683,0.0,0.0,0.0,0.0,0.0,0.0
4,2,0.18353172,0.0,0.8164683,0.0,0.0,0.0,0.0,0.0,0.0
4,2,0.18353172,0.0,0.8164683,0.0,0.0,0.0,0.0,0.0,0.0
4,2,0.18353172,0.0,0.8164683,0.0,0.0,0.0,0.0,0.0,0.0
4,2,0.18353172,0.0,0.8164683,0.0,0.0,0.0,0.0,0.0,0.0
4,2,0.12719533,0.0,0.8728047,0.0,0.0,0.0,0.0,0.0,0.0
4,2,0.12719533,0.0,0.8728047,0.0,0.0,0.0,0.0,0.0,0.0
4,2,0.12719533,0.0,0.8728047,0.0,0.0,0.0,0.0,0.0,0.0
4,2,0.12719533,0.0,0.8728047,0.0,0.0,0.0,0.0,0.0,0.0
4,2,0.12719533,0.0,0.8728047,0.0,0.0,0.0,0.0,0.0,0.0
4,2,0.12719533,0.0,0.8728047,0.0,0.0,0.0,0.0,0.0,0.0
4,2,0.12719533,0.0,0.8728047,0.0,0.0,0.0,0.0,0.0,0.0
4,2,0.12719533,0.0,0.8728047,0.0,0.0,0.0,0.0,0.0,0.0
4,2,0.12719533,0.0,0.8728047,0.0,0.0,0.0,0.0,0.0,0.0
4,2,0.12719533,0.0,0.8728047,0.0,0.0,0.0,0.0,0.0,0.0
4,2,0.12719533,0.0,0.8728047,0.0,0.0,0.0,0.0,0.0,0.0
4,2,0.12719533,0.0,0.8728047,0.0,0.0,0.0,0.0,0.0,0.0
4,2,0.12719533,0.0,0.8728047,0.0,0.0,0.0,0.0,0.0,0.0
4,2,0.12719533,0.0,0.8728047,0.0,0.0,0.0,0.0,0.0,0.0
4,2,0.12719533,0.0,0.8728047,0.0,0.0,0.0,0.0,0.0,0.0
4,2,0.12719533,0.0,0.8728047,0.0,0.0,0.0,0.0,0.0,0.0
4,2,0.12719533,0.0,0.8728047,0.0,0.0,0.0,0.0,0.0,0.0
4,2,0.12719533,0.0,0.8728047,0.0,0.0,0.0,0.0,0.0,0.0
4,2,0.12719533,0.0,0.8728047,0.0,0.0,0.0,0.0,0.0,0.0
4,2,0.12719533,0.0,0.8728047,0.0,0.0,0.0,0.0,0.0,0.0
4,2,0.12719533,0.0,0.8728047,0.0,0.0,0.0,0.0,0.0,0.0
4,2,0.12719533,0.0,0.8728047,0.0,0.0,0.0,0.0,0.0,0.0
4,2,0.12719533,0.0,0.8728047,0.0,0.0,0.0,0.0,0.0,0.0
4,2,0.12719533,0.0,0.8728047,0.0,0.0,0.0,0.0,0.0,0.0
4,2,0.12719533,0.0,0.8728047,0.0,0.0,0.0,0.0,0.0,0.0
4,2,0.12719533,0.0,0.8728047,0.0,0.0,0.0,0.0,0.0,0.0
4,2,0.12719533,0.0,0.8728047,0.0,0.0,0.0,0.0,0.0,0.0
4,2,0.12719533,0.0,0.8728047,0.0,0.0,0.0,0.0,0.0,0.0
4,2,0.12719533,0.0,0.8728047,0.0,0.0,0.0,0.0,0.0,0.0
4,2,0.12719533,0.0,0.8728047,0.0,0.0,0.0,0.0,0.0,0.0
4,2,0.12719533,0.0,0.8728047,0.0,0.0,0.0,0.0,0.0,0.0
4,2,0.12719533,0.0,0.8728047,0.0,0.0,0.0,0.0,0.0,0.0
4,2,0.12719533,0.0,0.8728047,0.0,0.0,0.0,0.0,0.0,0.0
4,2,0.12719533,0.0,0.8728047,0.0,0.0,0.0,0.0,0.0,0.0
4,2,0.12719533,0.0,0.8728047,0.0,0.0,0.0,0.0,0.0,0.0
4,2,0.12719533,0.0,0.8728047,0.0,0.0,0.0,0.0,0.0,0.0
4,2,0.12719533,0.0,0.8728047,0.0,0.0,0.0,0.0,0.0,0.0
4,2,0.12719533,0.0,0.8728047,0.0,0.0,0.0,0.0,0.0,0.0
4,2,0.12719533,0.0,0.8728047,0.0,0.0,0.0,0.0,0.0,0.0
4,2,0.12719533,0.0,0.8728047,0.0,0.0,0.0,0.0,0.0,0.0
4,2,0.12719533,0.0,0.8728047,0.0,0.0,0.0,0.0,0.0,0.0
4,2,0.12719533,0.0,0.8728047,0.0,0.0,0.0,0.0,0.0,0.0
4,2,0.12719533,0.0,0.8728047,0.0,0.0,0.0,0.0,0.0,0.0
4,2,0.12719533,0.0,0.8728047,0.0,0.0,0.0,0.0,0.0,0.0
4,2,0.12719533,0.0,0.8728047,0.0,0.0,0.0,0.0,0.0,0.0
4,2,0.12719533,0.0,0.8728047,0.0,0.0,0.0,0.0,0.0,0.0
4,2,0.12719533,0.0,0.8728047,0.0,0.0,0.0,0.0,0.0,0.0
4,2,0.12719533,0.0,0.8728047,0.0,0.0,0.0,0.0,0.0,0.0
4,2,0.12719533,0.0,0.8728047,0.0,0.0,0.0,0.0,0.0,0.0
4,2,0.12719533,0.0,0.8728047,0.0,0.0,0.0,0.0,0.0,0.0
4,2,0.12719533,0.0,0.8728047,0.0,0.0,0.0,0.0,0.0,0.0
4,2,0.12719533,0.0,0.8728047,0.0,0.0,0.0,0.0,0.0,0.0
4,2,0.12719533,0.0,0.8728047,0.0,0.0,0.0,0.0,0.0,0.0
4,2,0.12719533,0.0,0.8728047,0.0,0.0,0.0,0.0,0.0,0.0
4,2,0.12719533,0.0,0.8728047,0.0,0.0,0.0,0.0,0.0,0.0
4,2,0.12719533,0.0,0.8728047,0.0,0.0,0.0,0.0,0.0,0.0
4,2,0.12719533,0.0,0.8728047,0.0,0.0,0.0,0.0,0.0,0.0
4,2,0.12719533,0.0,0.8728047,0.0,0.0,0.0,0.0,0.0,0.0
4,2,0.12719533,0.0,0.8728047,0.0,0.0,0.0,0.0,0.0,0.0
4,2,0.12719533,0.0,0.8728047,0.0,0.0,0.0,0.0,0.0,0.0
4,2,0.12719533,0.0,0.8728047,0.0,0.0,0.0,0.0,0.0,0.0
4,2,0.12719533,0.0,0.8728047,0.0,0.0,0.0,0.0,0.0,0.0
4,2,0.12719533,0.0,0.8728047,0.0,0.0,0.0,0.0,0.0,0.0
4,2,0.12719533,0.0,0.8728047,0.0,0.0,0.0,0.0,0.0,0.0
4,2,0.12719533,0.0,0.8728047,0.0,0.0,0.0,0.0,0.0,0.0
4,2,0.12719533,0.0,0.8728047,0.0,0.0,0.0,0.0,0.0,0.0
4,2,0.12719533,0.0,0.8728047,0.0,0.0,0.0,0.0,0.0,0.0
4,2,0.12719533,0.0,0.8728047,0.0,0.0,0.0,0.0,0.0,0.0
4,2,0.12719533,0.0,0.8728047,0.0,0.0,0.0,0.0,0.0,0.0
4,2,0.12719533,0.0,0.8728047,0.0,0.0,0.0,0.0,0.0,0.0
4,2,0.12719533,0.0,0.8728047,0.0,0.0,0.0,0.0,0.0,0.0
4,2,0.12719533,0.0,0.8728047,0.0,0.0,0.0,0.0,0.0,0.0
4,2,0.12719533,0.0,0.8728047,0.0,0.0,0.0,0.0,0.0,0.0
4,2,0.12719533,0.0,0.8728047,0.0,0.0,0.0,0.0,0.0,0.0
4,2,0.12719533,0.0,0.8728047,0.0,0.0,0.0,0.0,0.0,0.0
4,2,0.12719533,0.0,0.8728047,0.0,0.0,0.0,0.0,0.0,0.0
4,2,0.12719533,0.0,0.8728047,0.0,0.0,0.0,0.0,0.0,0.0
4,2,0.12719533,0.0,0.8728047,0.0,0.0,0.0,0.0,0.0,0.0
4,2,0.12719533,0.0,0.8728047,0.0,0.0,0.0,0.0,0.0,0.0
4,2,0.12719533,0.0,0.8728047,0.0,0.0,0.0,0.0,0.0,0.0
4,2,0.12719533,0.0,0.8728047,0.0,0.0,0.0,0.0,0.0,0.0
4,2,0.12719533,0.0,0.8728047,0.0,0.0,0.0,0.0,0.0,0.0
4,2,0.12719533,0.0,0.8728047,0.0,0.0,0.0,0.0,0.0,0.0
4,2,0.12719533,0.0,0.8728047,0.0,0.0,0.0,0.0,0.0,0.0
4,2,0.12719533,0.0,0.8728047,0.0,0.0,0.0,0.0,0.0,0.0
4,2,0.12719533,0.0,0.8728047,0.0,0.0,0.0,0.0,0.0,0.0
4,2,0.12719533,0.0,0.8728047,0.0,0.0,0.0,0.0,0.0,0.0
4,2,0.12719533,0.0,0.8728047,0.0,0.0,0.0,0.0,0.0,0.0
4,2,0.12719533,0.0,0.8728047,0.0,0.0,0.0,0.0,0.0,0.0
4,2,0.12719533,0.0,0.8728047,0.0,0.0,0.0,0.0,0.0,0.0
4,2,0.12719533,0.0,0.8728047,0.0,0.0,0.0,0.0,0.0,0.0
4,2,0.12719533,0.0,0.8728047,0.0,0.0,0.0,0.0,0.0,0.0
4,2,0.12719533,0.0,0.8728047,0.0,0.0,0.0,0.0,0.0,0.0
4,2,0.12719533,0.0,0.8728047,0.0,0.0,0.0,0.0,0.0,0.0
4,2,0.12719533,0.0,0.8728047,0.0,0.0,0.0,0.0,0.0,0.0
4,2,0.12719533,0.0,0.8728047,0.0,0.0,0.0,0.0,0.0,0.0
4,2,0.12719533,0.0,0.8728047,0.0,0.0,0.0,0.0,0.0,0.0
4,2,0.12719533,0.0,0.8728047,0.0,0.0,0.0,0.0,0.0,0.0
4,2,0.12719533,0.0,0.8728047,0.0,0.0,0.0,0.0,0.0,0.0
4,2,0.12719533,0.0,0.8728047,0.0,0.0,0.0,0.0,0.0,0.0
4,2,0.12719533,0.0,0.8728047,0.0,0.0,0.0,0.0,0.0,0.0
4,2,0.12719533,0.0,0.8728047,0.0,0.0,0.0,0.0,0.0,0.0
4,2,0.12719533,0.0,0.8728047,0.0,0.0,0.0,0.0,0.0,0.0
4,2,0.12719533,0.0,0.8728047,0.0,0.0,0.0,0.0,0.0,0.0
4,2,0.12719533,0.0,0.8728047,0.0,0.0,0.0,0.0,0.0,0.0
4,2,0.12719533,0.0,0.8728047,0.0,0.0,0.0,0.0,0.0,0.0
4,2,0.12719533,0.0,0.8728047,0.0,0.0,0.0,0.0,0.0,0.0
4,2,0.12719533,0.0,0.8728047,0.0,0.0,0.0,0.0,0.0,0.0
4,2,0.12719533,0.0,0.8728047,0.0,0.0,0.0,0.0,0.0,0.0
4,2,0.12719533,0.0,0.8728047,0.0,0.0,0.0,0.0,0.0,0.0
4,2,0.12719533,0.0,0.8728047,0.0,0.0,0.0,0.0,0.0,0.0
4,2,0.12719533,0.0,0.8728047,0.0,0.0,0.0,0.0,0.0,0.0
4,2,0.12719533,0.0,0.8728047,0.0,0.0,0.0,0.0,0.0,0.0
4,2,0.12719533,0.0,0.8728047,0.0,0.0,0.0,0.0,0.0,0.0
4,2,0.12719533,0.0,0.8728047,0.0,0.0,0.0,0.0,0.0,0.0
4,2,0.12719533,0.0,0.8728047,0.0,0.0,0.0,0.0,0.0,0.0
4,2,0.12719533,0.0,0.8728047,0.0,0.0,0.0,0.0,0.0,0.0
4,2,0.12719533,0.0,0.8728047,0.0,0.0,0.0,0.0,0.0,0.0
4,2,0.12719533,0.0,0.8728047,0.0,0.0,0.0,0.0,0.0,0.0
4,2,0.12719533,0.0,0.8728047,0.0,0.0,0.0,0.0,0.0,0.0
4,2,0.12719533,0.0,0.8728047,0.0,0.0,0.0,0.0,0.0,0.0
4,2,0.12719533,0.0,0.8728047,0.0,0.0,0.0,0.0,0.0,0.0
4,2,0.12719533,0.0,0.8728047,0.0,0.0,0.0,0.0,0.0,0.0
4,2,0.12719533,0.0,0.8728047,0.0,0.0,0.0,0.0,0.0,0.0
4,2,0.12719533,0.0,0.8728047,0.0,0.0,0.0,0.0,0.0,0.0
4,2,0.12719533,0.0,0.8728047,0.0,0.0,0.0,0.0,0.0,0.0
4,2,0.12719533,0.0,0.8728047,0.0,0.0,0.0,0.0,0.0,0.0
4,2,0.12719533,0.0,0.8728047,0.0,0.0,0.0,0.0,0.0,0.0
4,2,0.12719533,0.0,0.8728047,0.0,0.0,0.0,0.0,0.0,0.0
4,2,0.12719533,0.0,0.8728047,0.0,0.0,0.0,0.0,0.0,0.0
4,2,0.12719533,0.0,0.8728047,0.0,0.0,0.0,0.0,0.0,0.0
4,2,0.12719533,0.0,0.8728047,0.0,0.0,0.0,0.0,0.0,0.0
4,2,0.12719533,0.0,0.8728047,0.0,0.0,0.0,0.0,0.0,0.0
4,2,0.12719533,0.0,0.8728047,0.0,0.0,0.0,0.0,0.0,0.0
4,2,0.12719533,0.0,0.8728047,0.0,0.0,0.0,0.0,0.0,0.0
4,2,0.12719533,0.0,0.8728047,0.0,0.0,0.0,0.0,0.0,0.0
4,2,0.12719533,0.0,0.8728047,0.0,0.0,0.0,0.0,0.0,0.0
4,2,0.12719533,0.0,0.8728047,0.0,0.0,0.0,0.0,0.0,0.0
4,2,0.12719533,0.0,0.8728047,0.0,0.0,0.0,0.0,0.0,0.0
4,2,0.12719533,0.0,0.8728047,0.0,0.0,0.0,0.0,0.0,0.0
4,2,0.12719533,0.0,0.8728047,0.0,0.0,0.0,0.0,0.0,0.0
4,2,0.12719533,0.0,0.8728047,0.0,0.0,0.0,0.0,0.0,0.0
4,2,0.12719533,0.0,0.8728047,0.0,0.0,0.0,0.0,0.0,0.0
4,2,0.12719533,0.0,0.8728047,0.0,0.0,0.0,0.0,0.0,0.0
4,2,0.12719533,0.0,0.8728047,0.0,0.0,0.0,0.0,0.0,0.0
4,2,0.12719533,0.0,0.8728047,0.0,0.0,0.0,0.0,0.0,0.0
4,2,0.12719533,0.0,0.8728047,0.0,0.0,0.0,0.0,0.0,0.0
4,2,0.12719533,0.0,0.8728047,0.0,0.0,0.0,0.0,0.0,0.0
4,2,0.12719533,0.0,0.8728047,0.0,0.0,0.0,0.0,0.0,0.0
4,2,0.12719533,0.0,0.8728047,0.0,0.0,0.0,0.0,0.0,0.0
4,2,0.12719533,0.0,0.8728047,0.0,0.0,0.0,0.0,0.0,0.0
4,2,0.12719533,0.0,0.8728047,0.0,0.0,0.0,0.0,0.0,0.0
4,2,0.12719533,0.0,0.8728047,0.0,0.0,0.0,0.0,0.0,0.0
4,2,0.12719533,0.0,0.8728047,0.0,0.0,0.0,0.0,0.0,0.0
4,2,0.12719533,0.0,0.8728047,0.0,0.0,0.0,0.0,0.0,0.0
4,2,0.12719533,0.0,0.8728047,0.0,0.0,0.0,0.0,0.0,0.0
4,2,0.12719533,0.0,0.8728047,0.0,0.0,0.0,0.0,0.0,0.0
4,2,0.12719533,0.0,0.8728047,0.0,0.0,0.0,0.0,0.0,0.0
4,2,0.12719533,0.0,0.8728047,0.0,0.0,0.0,0.0,0.0,0.0
4,2,0.12719533,0.0,0.8728047,0.0,0.0,0.0,0.0,0.0,0.0
4,2,0.12719533,0.0,0.8728047,0.0,0.0,0.0,0.0,0.0,0.0
4,2,0.12719533,0.0,0.8728047,0.0,0.0,0.0,0.0,0.0,0.0
4,2,0.12719533,0.0,0.8728047,0.0,0.0,0.0,0.0,0.0,0.0
4,2,0.12719533,0.0,0.8728047,0.0,0.0,0.0,0.0,0.0,0.0
4,2,0.12719533,0.0,0.8728047,0.0,0.0,0.0,0.0,0.0,0.0
4,2,0.12719533,0.0,0.8728047,0.0,0.0,0.0,0.0,0.0,0.0
4,2,0.12719533,0.0,0.8728047,0.0,0.0,0.0,0.0,0.0,0.0
4,2,0.12719533,0.0,0.8728047,0.0,0.0,0.0,0.0,0.0,0.0
4,2,0.062480014,0.0,0.93751997,0.0,0.0,0.0,0.0,0.0,0.0
4,2,0.062480014,0.0,0.93751997,0.0,0.0,0.0,0.0,0.0,0.0
4,2,0.062480014,0.0,0.93751997,0.0,0.0,0.0,0.0,0.0,0.0
4,2,0.062480014,0.0,0.93751997,0.0,0.0,0.0,0.0,0.0,0.0
4,2,0.062480014,0.0,0.93751997,0.0,0.0,0.0,0.0,0.0,0.0
4,2,0.062480014,0.0,0.93751997,0.0,0.0,0.0,0.0,0.0,0.0
4,2,0.062480014,0.0,0.93751997,0.0,0.0,0.0,0.0,0.0,0.0
4,2,0.062480014,0.0,0.93751997,0.0,0.0,0.0,0.0,0.0,0.0
4,2,0.062480014,0.0,0.93751997,0.0,0.0,0.0,0.0,0.0,0.0
4,2,0.062480014,0.0,0.93751997,0.0,0.0,0.0,0.0,0.0,0.0
4,2,0.062480014,0.0,0.93751997,0.0,0.0,0.0,0.0,0.0,0.0
4,2,0.062480014,0.0,0.93751997,0.0,0.0,0.0,0.0,0.0,0.0
4,2,0.062480014,0.0,0.93751997,0.0,0.0,0.0,0.0,0.0,0.0
4,2,0.062480014,0.0,0.93751997,0.0,0.0,0.0,0.0,0.0,0.0
4,2,0.062480014,0.0,0.93751997,0.0,0.0,0.0,0.0,0.0,0.0
4,2,0.062480014,0.0,0.93751997,0.0,0.0,0.0,0.0,0.0,0.0
4,2,0.062480014,0.0,0.93751997,0.0,0.0,0.0,0.0,0.0,0.0
4,2,0.062480014,0.0,0.93751997,0.0,0.0,0.0,0.0,0.0,0.0
4,2,0.062480014,0.0,0.93751997,0.0,0.0,0.0,0.0,0.0,0.0
4,2,0.062480014,0.0,0.93751997,0.0,0.0,0.0,0.0,0.0,0.0
4,2,0.062480014,0.0,0.93751997,0.0,0.0,0.0,0.0,0.0,0.0
4,2,0.062480014,0.0,0.93751997,0.0,0.0,0.0,0.0,0.0,0.0
4,2,0.062480014,0.0,0.93751997,0.0,0.0,0.0,0.0,0.0,0.0
4,2,0.062480014,0.0,0.93751997,0.0,0.0,0.0,0.0,0.0,0.0
4,2,0.062480014,0.0,0.93751997,0.0,0.0,0.0,0.0,0.0,0.0
4,2,0.062480014,0.0,0.93751997,0.0,0.0,0.0,0.0,0.0,0.0
4,2,0.062480014,0.0,0.93751997,0.0,0.0,0.0,0.0,0.0,0.0
4,2,0.062480014,0.0,0.93751997,0.0,0.0,0.0,0.0,0.0,0.0
4,2,0.062480014,0.0,0.93751997,0.0,0.0,0.0,0.0,0.0,0.0
4,2,0.062480014,0.0,0.93751997,0.0,0.0,0.0,0.0,0.0,0.0
4,2,0.062480014,0.0,0.93751997,0.0,0.0,0.0,0.0,0.0,0.0
4,2,0.062480014,0.0,0.93751997,0.0,0.0,0.0,0.0,0.0,0.0
4,2,0.062480014,0.0,0.93751997,0.0,0.0,0.0,0.0,0.0,0.0
4,2,0.062480014,0.0,0.93751997,0.0,0.0,0.0,0.0,0.0,0.0
4,2,0.062480014,0.0,0.93751997,0.0,0.0,0.0,0.0,0.0,0.0
4,2,0.062480014,0.0,0.93751997,0.0,0.0,0.0,0.0,0.0,0.0
4,2,0.062480014,0.0,0.93751997,0.0,0.0,0.0,0.0,0.0,0.0
4,2,0.062480014,0.0,0.93751997,0.0,0.0,0.0,0.0,0.0,0.0
4,2,0.062480014,0.0,0.93751997,0.0,0.0,0.0,0.0,0.0,0.0
4,2,0.062480014,0.0,0.93751997,0.0,0.0,0.0,0.0,0.0,0.0
4,2,0.062480014,0.0,0.93751997,0.0,0.0,0.0,0.0,0.0,0.0
4,2,0.062480014,0.0,0.93751997,0.0,0.0,0.0,0.0,0.0,0.0
4,2,0.062480014,0.0,0.93751997,0.0,0.0,0.0,0.0,0.0,0.0
4,2,0.062480014,0.0,0.93751997,0.0,0.0,0.0,0.0,0.0,0.0
4,2,0.062480014,0.0,0.93751997,0.0,0.0,0.0,0.0,0.0,0.0
4,2,0.062480014,0.0,0.93751997,0.0,0.0,0.0,0.0,0.0,0.0
4,2,0.062480014,0.0,0.93751997,0.0,0.0,0.0,0.0,0.0,0.0
4,2,0.062480014,0.0,0.93751997,0.0,0.0,0.0,0.0,0.0,0.0
4,2,0.062480014,0.0,0.93751997,0.0,0.0,0.0,0.0,0.0,0.0
4,2,0.062480014,0.0,0.93751997,0.0,0.0,0.0,0.0,0.0,0.0
4,2,0.062480014,0.0,0.93751997,0.0,0.0,0.0,0.0,0.0,0.0
4,2,0.062480014,0.0,0.93751997,0.0,0.0,0.0,0.0,0.0,0.0
4,2,0.062480014,0.0,0.93751997,0.0,0.0,0.0,0.0,0.0,0.0
4,2,0.062480014,0.0,0.93751997,0.0,0.0,0.0,0.0,0.0,0.0
4,2,0.062480014,0.0,0.93751997,0.0,0.0,0.0,0.0,0.0,0.0
4,2,0.062480014,0.0,0.93751997,0.0,0.0,0.0,0.0,0.0,0.0
4,2,0.062480014,0.0,0.93751997,0.0,0.0,0.0,0.0,0.0,0.0
4,2,0.062480014,0.0,0.93751997,0.0,0.0,0.0,0.0,0.0,0.0
4,2,0.062480014,0.0,0.93751997,0.0,0.0,0.0,0.0,0.0,0.0
4,2,0.062480014,0.0,0.93751997,0.0,0.0,0.0,0.0,0.0,0.0
4,2,0.062480014,0.0,0.93751997,0.0,0.0,0.0,0.0,0.0,0.0
4,2,0.062480014,0.0,0.93751997,0.0,0.0,0.0,0.0,0.0,0.0
4,2,0.062480014,0.0,0.93751997,0.0,0.0,0.0,0.0,0.0,0.0
4,2,0.062480014,0.0,0.93751997,0.0,0.0,0.0,0.0,0.0,0.0
4,2,0.062480014,0.0,0.93751997,0.0,0.0,0.0,0.0,0.0,0.0
4,2,0.062480014,0.0,0.93751997,0.0,0.0,0.0,0.0,0.0,0.0
4,2,0.062480014,0.0,0.93751997,0.0,0.0,0.0,0.0,0.0,0.0
4,2,0.062480014,0.0,0.93751997,0.0,0.0,0.0,0.0,0.0,0.0
4,2,0.062480014,0.0,0.93751997,0.0,0.0,0.0,0.0,0.0,0.0
4,2,0.062480014,0.0,0.93751997,0.0,0.0,0.0,0.0,0.0,0.0
4,2,0.062480014,0.0,0.93751997,0.0,0.0,0.0,0.0,0.0,0.0
4,2,0.062480014,0.0,0.93751997,0.0,0.0,0.0,0.0,0.0,0.0
4,2,0.062480014,0.0,0.93751997,0.0,0.0,0.0,0.0,0.0,0.0
4,2,0.062480014,0.0,0.93751997,0.0,0.0,0.0,0.0,0.0,0.0
4,2,0.062480014,0.0,0.93751997,0.0,0.0,0.0,0.0,0.0,0.0
4,2,0.062480014,0.0,0.93751997,0.0,0.0,0.0,0.0,0.0,0.0
4,2,0.062480014,0.0,0.93751997,0.0,0.0,0.0,0.0,0.0,0.0
4,2,0.062480014,0.0,0.93751997,0.0,0.0,0.0,0.0,0.0,0.0
4,2,0.062480014,0.0,0.93751997,0.0,0.0,0.0,0.0,0.0,0.0
4,2,0.062480014,0.0,0.93751997,0.0,0.0,0.0,0.0,0.0,0.0
4,2,0.062480014,0.0,0.93751997,0.0,0.0,0.0,0.0,0.0,0.0
4,2,0.062480014,0.0,0.93751997,0.0,0.0,0.0,0.0,0.0,0.0
4,2,0.062480014,0.0,0.93751997,0.0,0.0,0.0,0.0,0.0,0.0
4,2,0.062480014,0.0,0.93751997,0.0,0.0,0.0,0.0,0.0,0.0
4,2,0.062480014,0.0,0.93751997,0.0,0.0,0.0,0.0,0.0,0.0
4,2,0.062480014,0.0,0.93751997,0.0,0.0,0.0,0.0,0.0,0.0
4,2,0.062480014,0.0,0.93751997,0.0,0.0,0.0,0.0,0.0,0.0
4,2,0.062480014,0.0,0.93751997,0.0,0.0,0.0,0.0,0.0,0.0
4,2,0.062480014,0.0,0.93751997,0.0,0.0,0.0,0.0,0.0,0.0
4,2,0.062480014,0.0,0.93751997,0.0,0.0,0.0,0.0,0.0,0.0
4,2,0.062480014,0.0,0.93751997,0.0,0.0,0.0,0.0,0.0,0.0
4,2,0.062480014,0.0,0.93751997,0.0,0.0,0.0,0.0,0.0,0.0
4,2,0.062480014,0.0,0.93751997,0.0,0.0,0.0,0.0,0.0,0.0
4,2,0.062480014,0.0,0.93751997,0.0,0.0,0.0,0.0,0.0,0.0
4,2,0.062480014,0.0,0.93751997,0.0,0.0,0.0,0.0,0.0,0.0
4,2,0.062480014,0.0,0.93751997,0.0,0.0,0.0,0.0,0.0,0.0
4,2,0.062480014,0.0,0.93751997,0.0,0.0,0.0,0.0,0.0,0.0
4,2,0.062480014,0.0,0.93751997,0.0,0.0,0.0,0.0,0.0,0.0
4,2,0.062480014,0.0,0.93751997,0.0,0.0,0.0,0.0,0.0,0.0
4,2,0.062480014,0.0,0.93751997,0.0,0.0,0.0,0.0,0.0,0.0
4,2,0.062480014,0.0,0.93751997,0.0,0.0,0.0,0.0,0.0,0.0
4,2,0.062480014,0.0,0.93751997,0.0,0.0,0.0,0.0,0.0,0.0
4,2,0.062480014,0.0,0.93751997,0.0,0.0,0.0,0.0,0.0,0.0
4,2,0.062480014,0.0,0.93751997,0.0,0.0,0.0,0.0,0.0,0.0
4,2,0.062480014,0.0,0.93751997,0.0,0.0,0.0,0.0,0.0,0.0
4,2,0.062480014,0.0,0.93751997,0.0,0.0,0.0,0.0,0.0,0.0
4,2,0.062480014,0.0,0.93751997,0.0,0.0,0.0,0.0,0.0,0.0
4,2,0.062480014,0.0,0.93751997,0.0,0.0,0.0,0.0,0.0,0.0
4,2,0.062480014,0.0,0.93751997,0.0,0.0,0.0,0.0,0.0,0.0
4,2,0.062480014,0.0,0.93751997,0.0,0.0,0.0,0.0,0.0,0.0
4,2,0.062480014,0.0,0.93751997,0.0,0.0,0.0,0.0,0.0,0.0
4,2,0.062480014,0.0,0.93751997,0.0,0.0,0.0,0.0,0.0,0.0
4,2,0.062480014,0.0,0.93751997,0.0,0.0,0.0,0.0,0.0,0.0
4,2,0.062480014,0.0,0.93751997,0.0,0.0,0.0,0.0,0.0,0.0
4,2,0.062480014,0.0,0.93751997,0.0,0.0,0.0,0.0,0.0,0.0
4,2,0.062480014,0.0,0.93751997,0.0,0.0,0.0,0.0,0.0,0.0
4,2,0.062480014,0.0,0.93751997,0.0,0.0,0.0,0.0,0.0,0.0
4,2,0.062480014,0.0,0.93751997,0.0,0.0,0.0,0.0,0.0,0.0
4,2,0.062480014,0.0,0.93751997,0.0,0.0,0.0,0.0,0.0,0.0
4,2,0.062480014,0.0,0.93751997,0.0,0.0,0.0,0.0,0.0,0.0
4,2,0.062480014,0.0,0.93751997,0.0,0.0,0.0,0.0,0.0,0.0
4,2,0.062480014,0.0,0.93751997,0.0,0.0,0.0,0.0,0.0,0.0
4,2,0.062480014,0.0,0.93751997,0.0,0.0,0.0,0.0,0.0,0.0
4,2,0.062480014,0.0,0.93751997,0.0,0.0,0.0,0.0,0.0,0.0
4,2,0.062480014,0.0,0.93751997,0.0,0.0,0.0,0.0,0.0,0.0
4,2,0.062480014,0.0,0.93751997,0.0,0.0,0.0,0.0,0.0,0.0
4,2,0.062480014,0.0,0.93751997,0.0,0.0,0.0,0.0,0.0,0.0
4,2,0.062480014,0.0,0.93751997,0.0,0.0,0.0,0.0,0.0,0.0
4,2,0.062480014,0.0,0.93751997,0.0,0.0,0.0,0.0,0.0,0.0
4,2,0.062480014,0.0,0.93751997,0.0,0.0,0.0,0.0,0.0,0.0
4,2,0.062480014,0.0,0.93751997,0.0,0.0,0.0,0.0,0.0,0.0
4,2,0.062480014,0.0,0.93751997,0.0,0.0,0.0,0.0,0.0,0.0
4,2,0.062480014,0.0,0.93751997,0.0,0.0,0.0,0.0,0.0,0.0
4,2,0.062480014,0.0,0.93751997,0.0,0.0,0.0,0.0,0.0,0.0
4,2,0.062480014,0.0,0.93751997,0.0,0.0,0.0,0.0,0.0,0.0
4,2,0.062480014,0.0,0.93751997,0.0,0.0,0.0,0.0,0.0,0.0
4,2,0.062480014,0.0,0.93751997,0.0,0.0,0.0,0.0,0.0,0.0
4,2,0.062480014,0.0,0.93751997,0.0,0.0,0.0,0.0,0.0,0.0
4,2,0.062480014,0.0,0.93751997,0.0,0.0,0.0,0.0,0.0,0.0
4,2,0.062480014,0.0,0.93751997,0.0,0.0,0.0,0.0,0.0,0.0
4,2,0.062480014,0.0,0.93751997,0.0,0.0,0.0,0.0,0.0,0.0
4,2,0.062480014,0.0,0.93751997,0.0,0.0,0.0,0.0,0.0,0.0
4,2,0.062480014,0.0,0.93751997,0.0,0.0,0.0,0.0,0.0,0.0
4,2,0.13526383,0.0,0.8647362,0.0,0.0,0.0,0.0,0.0,0.0
4,2,0.13526383,0.0,0.8647362,0.0,0.0,0.0,0.0,0.0,0.0
4,2,0.13526383,0.0,0.8647362,0.0,0.0,0.0,0.0,0.0,0.0
4,2,0.13526383,0.0,0.8647362,0.0,0.0,0.0,0.0,0.0,0.0
4,2,0.13526383,0.0,0.8647362,0.0,0.0,0.0,0.0,0.0,0.0
4,2,0.13526383,0.0,0.8647362,0.0,0.0,0.0,0.0,0.0,0.0
4,2,0.13526383,0.0,0.8647362,0.0,0.0,0.0,0.0,0.0,0.0
4,2,0.13526383,0.0,0.8647362,0.0,0.0,0.0,0.0,0.0,0.0
4,2,0.13526383,0.0,0.8647362,0.0,0.0,0.0,0.0,0.0,0.0
4,2,0.13526383,0.0,0.8647362,0.0,0.0,0.0,0.0,0.0,0.0
4,2,0.13526383,0.0,0.8647362,0.0,0.0,0.0,0.0,0.0,0.0
4,2,0.13526383,0.0,0.8647362,0.0,0.0,0.0,0.0,0.0,0.0
4,2,0.13526383,0.0,0.8647362,0.0,0.0,0.0,0.0,0.0,0.0
4,2,0.13526383,0.0,0.8647362,0.0,0.0,0.0,0.0,0.0,0.0
4,2,0.13526383,0.0,0.8647362,0.0,0.0,0.0,0.0,0.0,0.0
4,2,0.13526383,0.0,0.8647362,0.0,0.0,0.0,0.0,0.0,0.0
4,2,0.13526383,0.0,0.8647362,0.0,0.0,0.0,0.0,0.0,0.0
4,2,0.13526383,0.0,0.8647362,0.0,0.0,0.0,0.0,0.0,0.0
4,2,0.13526383,0.0,0.8647362,0.0,0.0,0.0,0.0,0.0,0.0
4,2,0.13526383,0.0,0.8647362,0.0,0.0,0.0,0.0,0.0,0.0
4,2,0.13526383,0.0,0.8647362,0.0,0.0,0.0,0.0,0.0,0.0
4,2,0.13526383,0.0,0.8647362,0.0,0.0,0.0,0.0,0.0,0.0
4,2,0.13526383,0.0,0.8647362,0.0,0.0,0.0,0.0,0.0,0.0
4,2,0.13526383,0.0,0.8647362,0.0,0.0,0.0,0.0,0.0,0.0
4,2,0.13526383,0.0,0.8647362,0.0,0.0,0.0,0.0,0.0,0.0
4,2,0.13526383,0.0,0.8647362,0.0,0.0,0.0,0.0,0.0,0.0
4,2,0.13526383,0.0,0.8647362,0.0,0.0,0.0,0.0,0.0,0.0
4,2,0.13526383,0.0,0.8647362,0.0,0.0,0.0,0.0,0.0,0.0
4,2,0.13526383,0.0,0.8647362,0.0,0.0,0.0,0.0,0.0,0.0
4,2,0.13526383,0.0,0.8647362,0.0,0.0,0.0,0.0,0.0,0.0
4,2,0.13526383,0.0,0.8647362,0.0,0.0,0.0,0.0,0.0,0.0
4,2,0.13526383,0.0,0.8647362,0.0,0.0,0.0,0.0,0.0,0.0
4,2,0.13526383,0.0,0.8647362,0.0,0.0,0.0,0.0,0.0,0.0
4,2,0.13526383,0.0,0.8647362,0.0,0.0,0.0,0.0,0.0,0.0
4,2,0.13526383,0.0,0.8647362,0.0,0.0,0.0,0.0,0.0,0.0
4,2,0.13526383,0.0,0.8647362,0.0,0.0,0.0,0.0,0.0,0.0
4,2,0.13526383,0.0,0.8647362,0.0,0.0,0.0,0.0,0.0,0.0
4,2,0.13526383,0.0,0.8647362,0.0,0.0,0.0,0.0,0.0,0.0
4,2,0.13526383,0.0,0.8647362,0.0,0.0,0.0,0.0,0.0,0.0
4,2,0.13526383,0.0,0.8647362,0.0,0.0,0.0,0.0,0.0,0.0
4,2,0.13526383,0.0,0.8647362,0.0,0.0,0.0,0.0,0.0,0.0
4,2,0.13526383,0.0,0.8647362,0.0,0.0,0.0,0.0,0.0,0.0
4,2,0.13526383,0.0,0.8647362,0.0,0.0,0.0,0.0,0.0,0.0
4,2,0.13526383,0.0,0.8647362,0.0,0.0,0.0,0.0,0.0,0.0
4,2,0.13526383,0.0,0.8647362,0.0,0.0,0.0,0.0,0.0,0.0
4,2,0.13526383,0.0,0.8647362,0.0,0.0,0.0,0.0,0.0,0.0
4,2,0.13526383,0.0,0.8647362,0.0,0.0,0.0,0.0,0.0,0.0
4,2,0.13526383,0.0,0.8647362,0.0,0.0,0.0,0.0,0.0,0.0
4,2,0.13526383,0.0,0.8647362,0.0,0.0,0.0,0.0,0.0,0.0
4,2,0.13526383,0.0,0.8647362,0.0,0.0,0.0,0.0,0.0,0.0
4,2,0.13526383,0.0,0.8647362,0.0,0.0,0.0,0.0,0.0,0.0
4,2,0.13526383,0.0,0.8647362,0.0,0.0,0.0,0.0,0.0,0.0
4,2,0.13526383,0.0,0.8647362,0.0,0.0,0.0,0.0,0.0,0.0
4,2,0.13526383,0.0,0.8647362,0.0,0.0,0.0,0.0,0.0,0.0
4,2,0.13526383,0.0,0.8647362,0.0,0.0,0.0,0.0,0.0,0.0
4,2,0.13526383,0.0,0.8647362,0.0,0.0,0.0,0.0,0.0,0.0
4,2,0.13526383,0.0,0.8647362,0.0,0.0,0.0,0.0,0.0,0.0
4,2,0.13526383,0.0,0.8647362,0.0,0.0,0.0,0.0,0.0,0.0
4,2,0.13526383,0.0,0.8647362,0.0,0.0,0.0,0.0,0.0,0.0
4,2,0.13526383,0.0,0.8647362,0.0,0.0,0.0,0.0,0.0,0.0
4,2,0.13526383,0.0,0.8647362,0.0,0.0,0.0,0.0,0.0,0.0
4,2,0.13526383,0.0,0.8647362,0.0,0.0,0.0,0.0,0.0,0.0
4,2,0.13526383,0.0,0.8647362,0.0,0.0,0.0,0.0,0.0,0.0
4,2,0.13526383,0.0,0.8647362,0.0,0.0,0.0,0.0,0.0,0.0
4,2,0.13526383,0.0,0.8647362,0.0,0.0,0.0,0.0,0.0,0.0
4,2,0.13526383,0.0,0.8647362,0.0,0.0,0.0,0.0,0.0,0.0
4,2,0.13526383,0.0,0.8647362,0.0,0.0,0.0,0.0,0.0,0.0
4,2,0.13526383,0.0,0.8647362,0.0,0.0,0.0,0.0,0.0,0.0
4,2,0.13526383,0.0,0.8647362,0.0,0.0,0.0,0.0,0.0,0.0
4,2,0.13526383,0.0,0.8647362,0.0,0.0,0.0,0.0,0.0,0.0
4,2,0.13526383,0.0,0.8647362,0.0,0.0,0.0,0.0,0.0,0.0
4,2,0.13526383,0.0,0.8647362,0.0,0.0,0.0,0.0,0.0,0.0
4,2,0.13526383,0.0,0.8647362,0.0,0.0,0.0,0.0,0.0,0.0
4,2,0.13526383,0.0,0.8647362,0.0,0.0,0.0,0.0,0.0,0.0
4,2,0.13526383,0.0,0.8647362,0.0,0.0,0.0,0.0,0.0,0.0
4,2,0.13526383,0.0,0.8647362,0.0,0.0,0.0,0.0,0.0,0.0
4,2,0.13526383,0.0,0.8647362,0.0,0.0,0.0,0.0,0.0,0.0
4,2,0.13526383,0.0,0.8647362,0.0,0.0,0.0,0.0,0.0,0.0
4,2,0.13526383,0.0,0.8647362,0.0,0.0,0.0,0.0,0.0,0.0
4,2,0.13526383,0.0,0.8647362,0.0,0.0,0.0,0.0,0.0,0.0
4,2,0.13526383,0.0,0.8647362,0.0,0.0,0.0,0.0,0.0,0.0
4,2,0.13526383,0.0,0.8647362,0.0,0.0,0.0,0.0,0.0,0.0
4,2,0.13526383,0.0,0.8647362,0.0,0.0,0.0,0.0,0.0,0.0
4,2,0.13526383,0.0,0.8647362,0.0,0.0,0.0,0.0,0.0,0.0
4,2,0.13526383,0.0,0.8647362,0.0,0.0,0.0,0.0,0.0,0.0
4,2,0.13526383,0.0,0.8647362,0.0,0.0,0.0,0.0,0.0,0.0
4,2,0.13526383,0.0,0.8647362,0.0,0.0,0.0,0.0,0.0,0.0
4,2,0.13526383,0.0,0.8647362,0.0,0.0,0.0,0.0,0.0,0.0
4,2,0.13526383,0.0,0.8647362,0.0,0.0,0.0,0.0,0.0,0.0
4,2,0.13526383,0.0,0.8647362,0.0,0.0,0.0,0.0,0.0,0.0
4,2,0.13526383,0.0,0.8647362,0.0,0.0,0.0,0.0,0.0,0.0
4,2,0.13526383,0.0,0.8647362,0.0,0.0,0.0,0.0,0.0,0.0
4,2,0.13526383,0.0,0.8647362,0.0,0.0,0.0,0.0,0.0,0.0
4,2,0.13526383,0.0,0.8647362,0.0,0.0,0.0,0.0,0.0,0.0
4,2,0.13526383,0.0,0.8647362,0.0,0.0,0.0,0.0,0.0,0.0
4,2,0.13526383,0.0,0.8647362,0.0,0.0,0.0,0.0,0.0,0.0
4,2,0.13526383,0.0,0.8647362,0.0,0.0,0.0,0.0,0.0,0.0
4,2,0.13526383,0.0,0.8647362,0.0,0.0,0.0,0.0,0.0,0.0
4,2,0.13526383,0.0,0.8647362,0.0,0.0,0.0,0.0,0.0,0.0
4,2,0.13526383,0.0,0.8647362,0.0,0.0,0.0,0.0,0.0,0.0
4,2,0.13526383,0.0,0.8647362,0.0,0.0,0.0,0.0,0.0,0.0
4,2,0.13526383,0.0,0.8647362,0.0,0.0,0.0,0.0,0.0,0.0
4,2,0.13526383,0.0,0.8647362,0.0,0.0,0.0,0.0,0.0,0.0
4,2,0.13526383,0.0,0.8647362,0.0,0.0,0.0,0.0,0.0,0.0
4,2,0.13526383,0.0,0.8647362,0.0,0.0,0.0,0.0,0.0,0.0
4,2,0.13526383,0.0,0.8647362,0.0,0.0,0.0,0.0,0.0,0.0
4,2,0.13526383,0.0,0.8647362,0.0,0.0,0.0,0.0,0.0,0.0
4,2,0.13526383,0.0,0.8647362,0.0,0.0,0.0,0.0,0.0,0.0
4,2,0.13526383,0.0,0.8647362,0.0,0.0,0.0,0.0,0.0,0.0
4,2,0.13526383,0.0,0.8647362,0.0,0.0,0.0,0.0,0.0,0.0
4,2,0.13526383,0.0,0.8647362,0.0,0.0,0.0,0.0,0.0,0.0
4,2,0.13526383,0.0,0.8647362,0.0,0.0,0.0,0.0,0.0,0.0
4,2,0.13526383,0.0,0.8647362,0.0,0.0,0.0,0.0,0.0,0.0
4,2,0.13526383,0.0,0.8647362,0.0,0.0,0.0,0.0,0.0,0.0
4,2,0.13526383,0.0,0.8647362,0.0,0.0,0.0,0.0,0.0,0.0
4,2,0.13526383,0.0,0.8647362,0.0,0.0,0.0,0.0,0.0,0.0
4,2,0.13526383,0.0,0.8647362,0.0,0.0,0.0,0.0,0.0,0.0
4,2,0.13526383,0.0,0.8647362,0.0,0.0,0.0,0.0,0.0,0.0
4,2,0.13526383,0.0,0.8647362,0.0,0.0,0.0,0.0,0.0,0.0
4,2,0.13526383,0.0,0.8647362,0.0,0.0,0.0,0.0,0.0,0.0
4,2,0.13526383,0.0,0.8647362,0.0,0.0,0.0,0.0,0.0,0.0
4,2,0.13526383,0.0,0.8647362,0.0,0.0,0.0,0.0,0.0,0.0
4,2,0.13526383,0.0,0.8647362,0.0,0.0,0.0,0.0,0.0,0.0
4,2,0.13526383,0.0,0.8647362,0.0,0.0,0.0,0.0,0.0,0.0
4,2,0.13526383,0.0,0.8647362,0.0,0.0,0.0,0.0,0.0,0.0
4,2,0.13526383,0.0,0.8647362,0.0,0.0,0.0,0.0,0.0,0.0
4,2,0.13526383,0.0,0.8647362,0.0,0.0,0.0,0.0,0.0,0.0
4,2,0.13526383,0.0,0.8647362,0.0,0.0,0.0,0.0,0.0,0.0
4,2,0.13526383,0.0,0.8647362,0.0,0.0,0.0,0.0,0.0,0.0
4,2,0.13526383,0.0,0.8647362,0.0,0.0,0.0,0.0,0.0,0.0
4,2,0.13526383,0.0,0.8647362,0.0,0.0,0.0,0.0,0.0,0.0
4,2,0.13526383,0.0,0.8647362,0.0,0.0,0.0,0.0,0.0,0.0
4,2,0.13526383,0.0,0.8647362,0.0,0.0,0.0,0.0,0.0,0.0
4,2,0.13526383,0.0,0.8647362,0.0,0.0,0.0,0.0,0.0,0.0
4,2,0.13526383,0.0,0.8647362,0.0,0.0,0.0,0.0,0.0,0.0
4,2,0.13526383,0.0,0.8647362,0.0,0.0,0.0,0.0,0.0,0.0
4,2,0.13526383,0.0,0.8647362,0.0,0.0,0.0,0.0,0.0,0.0
4,2,0.13526383,0.0,0.8647362,0.0,0.0,0.0,0.0,0.0,0.0
4,2,0.13526383,0.0,0.8647362,0.0,0.0,0.0,0.0,0.0,0.0
4,2,0.13526383,0.0,0.8647362,0.0,0.0,0.0,0.0,0.0,0.0
4,2,0.13526383,0.0,0.8647362,0.0,0.0,0.0,0.0,0.0,0.0
4,2,0.13526383,0.0,0.8647362,0.0,0.0,0.0,0.0,0.0,0.0
4,2,0.13526383,0.0,0.8647362,0.0,0.0,0.0,0.0,0.0,0.0
4,2,0.13526383,0.0,0.8647362,0.0,0.0,0.0,0.0,0.0,0.0
4,2,0.13526383,0.0,0.8647362,0.0,0.0,0.0,0.0,0.0,0.0
4,2,0.13526383,0.0,0.8647362,0.0,0.0,0.0,0.0,0.0,0.0
4,2,0.062480014,0.0,0.93751997,0.0,0.0,0.0,0.0,0.0,0.0
4,2,0.062480014,0.0,0.93751997,0.0,0.0,0.0,0.0,0.0,0.0
4,2,0.062480014,0.0,0.93751997,0.0,0.0,0.0,0.0,0.0,0.0
4,2,0.062480014,0.0,0.93751997,0.0,0.0,0.0,0.0,0.0,0.0
4,2,0.062480014,0.0,0.93751997,0.0,0.0,0.0,0.0,0.0,0.0
4,2,0.062480014,0.0,0.93751997,0.0,0.0,0.0,0.0,0.0,0.0
4,2,0.062480014,0.0,0.93751997,0.0,0.0,0.0,0.0,0.0,0.0
4,2,0.062480014,0.0,0.93751997,0.0,0.0,0.0,0.0,0.0,0.0
4,2,0.062480014,0.0,0.93751997,0.0,0.0,0.0,0.0,0.0,0.0
4,2,0.062480014,0.0,0.93751997,0.0,0.0,0.0,0.0,0.0,0.0
4,2,0.062480014,0.0,0.93751997,0.0,0.0,0.0,0.0,0.0,0.0
4,2,0.062480014,0.0,0.93751997,0.0,0.0,0.0,0.0,0.0,0.0
4,2,0.062480014,0.0,0.93751997,0.0,0.0,0.0,0.0,0.0,0.0
4,2,0.062480014,0.0,0.93751997,0.0,0.0,0.0,0.0,0.0,0.0
4,2,0.062480014,0.0,0.93751997,0.0,0.0,0.0,0.0,0.0,0.0
4,2,0.062480014,0.0,0.93751997,0.0,0.0,0.0,0.0,0.0,0.0
4,2,0.062480014,0.0,0.93751997,0.0,0.0,0.0,0.0,0.0,0.0
4,2,0.062480014,0.0,0.93751997,0.0,0.0,0.0,0.0,0.0,0.0
4,2,0.062480014,0.0,0.93751997,0.0,0.0,0.0,0.0,0.0,0.0
4,2,0.062480014,0.0,0.93751997,0.0,0.0,0.0,0.0,0.0,0.0
4,2,0.062480014,0.0,0.93751997,0.0,0.0,0.0,0.0,0.0,0.0
4,2,0.062480014,0.0,0.93751997,0.0,0.0,0.0,0.0,0.0,0.0
4,2,0.062480014,0.0,0.93751997,0.0,0.0,0.0,0.0,0.0,0.0
4,2,0.062480014,0.0,0.93751997,0.0,0.0,0.0,0.0,0.0,0.0
4,2,0.062480014,0.0,0.93751997,0.0,0.0,0.0,0.0,0.0,0.0
4,2,0.062480014,0.0,0.93751997,0.0,0.0,0.0,0.0,0.0,0.0
4,2,0.062480014,0.0,0.93751997,0.0,0.0,0.0,0.0,0.0,0.0
4,2,0.062480014,0.0,0.93751997,0.0,0.0,0.0,0.0,0.0,0.0
4,2,0.062480014,0.0,0.93751997,0.0,0.0,0.0,0.0,0.0,0.0
4,2,0.062480014,0.0,0.93751997,0.0,0.0,0.0,0.0,0.0,0.0
4,2,0.062480014,0.0,0.93751997,0.0,0.0,0.0,0.0,0.0,0.0
4,2,0.062480014,0.0,0.93751997,0.0,0.0,0.0,0.0,0.0,0.0
4,2,0.062480014,0.0,0.93751997,0.0,0.0,0.0,0.0,0.0,0.0
4,2,0.062480014,0.0,0.93751997,0.0,0.0,0.0,0.0,0.0,0.0
4,2,0.062480014,0.0,0.93751997,0.0,0.0,0.0,0.0,0.0,0.0
4,2,0.062480014,0.0,0.93751997,0.0,0.0,0.0,0.0,0.0,0.0
4,2,0.062480014,0.0,0.93751997,0.0,0.0,0.0,0.0,0.0,0.0
4,2,0.062480014,0.0,0.93751997,0.0,0.0,0.0,0.0,0.0,0.0
4,2,0.062480014,0.0,0.93751997,0.0,0.0,0.0,0.0,0.0,0.0
4,2,0.062480014,0.0,0.93751997,0.0,0.0,0.0,0.0,0.0,0.0
4,2,0.062480014,0.0,0.93751997,0.0,0.0,0.0,0.0,0.0,0.0
4,2,0.062480014,0.0,0.93751997,0.0,0.0,0.0,0.0,0.0,0.0
4,2,0.062480014,0.0,0.93751997,0.0,0.0,0.0,0.0,0.0,0.0
4,2,0.062480014,0.0,0.93751997,0.0,0.0,0.0,0.0,0.0,0.0
4,2,0.062480014,0.0,0.93751997,0.0,0.0,0.0,0.0,0.0,0.0
4,2,0.062480014,0.0,0.93751997,0.0,0.0,0.0,0.0,0.0,0.0
4,2,0.062480014,0.0,0.93751997,0.0,0.0,0.0,0.0,0.0,0.0
4,2,0.062480014,0.0,0.93751997,0.0,0.0,0.0,0.0,0.0,0.0
4,2,0.062480014,0.0,0.93751997,0.0,0.0,0.0,0.0,0.0,0.0
4,2,0.062480014,0.0,0.93751997,0.0,0.0,0.0,0.0,0.0,0.0
4,2,0.062480014,0.0,0.93751997,0.0,0.0,0.0,0.0,0.0,0.0
4,2,0.062480014,0.0,0.93751997,0.0,0.0,0.0,0.0,0.0,0.0
4,2,0.062480014,0.0,0.93751997,0.0,0.0,0.0,0.0,0.0,0.0
4,2,0.062480014,0.0,0.93751997,0.0,0.0,0.0,0.0,0.0,0.0
4,2,0.062480014,0.0,0.93751997,0.0,0.0,0.0,0.0,0.0,0.0
4,2,0.062480014,0.0,0.93751997,0.0,0.0,0.0,0.0,0.0,0.0
4,2,0.062480014,0.0,0.93751997,0.0,0.0,0.0,0.0,0.0,0.0
4,2,0.062480014,0.0,0.93751997,0.0,0.0,0.0,0.0,0.0,0.0
4,2,0.062480014,0.0,0.93751997,0.0,0.0,0.0,0.0,0.0,0.0
4,2,0.062480014,0.0,0.93751997,0.0,0.0,0.0,0.0,0.0,0.0
4,2,0.062480014,0.0,0.93751997,0.0,0.0,0.0,0.0,0.0,0.0
4,2,0.062480014,0.0,0.93751997,0.0,0.0,0.0,0.0,0.0,0.0
4,2,0.062480014,0.0,0.93751997,0.0,0.0,0.0,0.0,0.0,0.0
4,2,0.062480014,0.0,0.93751997,0.0,0.0,0.0,0.0,0.0,0.0
4,2,0.062480014,0.0,0.93751997,0.0,0.0,0.0,0.0,0.0,0.0
4,2,0.062480014,0.0,0.93751997,0.0,0.0,0.0,0.0,0.0,0.0
4,2,0.062480014,0.0,0.93751997,0.0,0.0,0.0,0.0,0.0,0.0
4,2,0.062480014,0.0,0.93751997,0.0,0.0,0.0,0.0,0.0,0.0
4,2,0.062480014,0.0,0.93751997,0.0,0.0,0.0,0.0,0.0,0.0
4,2,0.062480014,0.0,0.93751997,0.0,0.0,0.0,0.0,0.0,0.0
4,2,0.062480014,0.0,0.93751997,0.0,0.0,0.0,0.0,0.0,0.0
4,2,0.062480014,0.0,0.93751997,0.0,0.0,0.0,0.0,0.0,0.0
4,2,0.062480014,0.0,0.93751997,0.0,0.0,0.0,0.0,0.0,0.0
4,2,0.062480014,0.0,0.93751997,0.0,0.0,0.0,0.0,0.0,0.0
4,2,0.062480014,0.0,0.93751997,0.0,0.0,0.0,0.0,0.0,0.0
4,2,0.062480014,0.0,0.93751997,0.0,0.0,0.0,0.0,0.0,0.0
4,2,0.062480014,0.0,0.93751997,0.0,0.0,0.0,0.0,0.0,0.0
4,2,0.062480014,0.0,0.93751997,0.0,0.0,0.0,0.0,0.0,0.0
4,2,0.062480014,0.0,0.93751997,0.0,0.0,0.0,0.0,0.0,0.0
4,2,0.062480014,0.0,0.93751997,0.0,0.0,0.0,0.0,0.0,0.0
4,2,0.062480014,0.0,0.93751997,0.0,0.0,0.0,0.0,0.0,0.0
4,2,0.062480014,0.0,0.93751997,0.0,0.0,0.0,0.0,0.0,0.0
4,2,0.062480014,0.0,0.93751997,0.0,0.0,0.0,0.0,0.0,0.0
4,2,0.062480014,0.0,0.93751997,0.0,0.0,0.0,0.0,0.0,0.0
4,2,0.062480014,0.0,0.93751997,0.0,0.0,0.0,0.0,0.0,0.0
4,2,0.062480014,0.0,0.93751997,0.0,0.0,0.0,0.0,0.0,0.0
4,2,0.062480014,0.0,0.93751997,0.0,0.0,0.0,0.0,0.0,0.0
4,2,0.062480014,0.0,0.93751997,0.0,0.0,0.0,0.0,0.0,0.0
4,2,0.062480014,0.0,0.93751997,0.0,0.0,0.0,0.0,0.0,0.0
4,2,0.062480014,0.0,0.93751997,0.0,0.0,0.0,0.0,0.0,0.0
4,2,0.062480014,0.0,0.93751997,0.0,0.0,0.0,0.0,0.0,0.0
4,2,0.062480014,0.0,0.93751997,0.0,0.0,0.0,0.0,0.0,0.0
4,2,0.062480014,0.0,0.93751997,0.0,0.0,0.0,0.0,0.0,0.0
4,2,0.062480014,0.0,0.93751997,0.0,0.0,0.0,0.0,0.0,0.0
4,2,0.062480014,0.0,0.93751997,0.0,0.0,0.0,0.0,0.0,0.0
4,2,0.062480014,0.0,0.93751997,0.0,0.0,0.0,0.0,0.0,0.0
4,2,0.062480014,0.0,0.93751997,0.0,0.0,0.0,0.0,0.0,0.0
4,2,0.062480014,0.0,0.93751997,0.0,0.0,0.0,0.0,0.0,0.0
4,2,0.062480014,0.0,0.93751997,0.0,0.0,0.0,0.0,0.0,0.0
4,2,0.062480014,0.0,0.93751997,0.0,0.0,0.0,0.0,0.0,0.0
4,2,0.062480014,0.0,0.93751997,0.0,0.0,0.0,0.0,0.0,0.0
4,2,0.062480014,0.0,0.93751997,0.0,0.0,0.0,0.0,0.0,0.0
4,2,0.062480014,0.0,0.93751997,0.0,0.0,0.0,0.0,0.0,0.0
4,2,0.062480014,0.0,0.93751997,0.0,0.0,0.0,0.0,0.0,0.0
4,2,0.062480014,0.0,0.93751997,0.0,0.0,0.0,0.0,0.0,0.0
4,2,0.062480014,0.0,0.93751997,0.0,0.0,0.0,0.0,0.0,0.0
4,2,0.062480014,0.0,0.93751997,0.0,0.0,0.0,0.0,0.0,0.0
4,2,0.062480014,0.0,0.93751997,0.0,0.0,0.0,0.0,0.0,0.0
4,2,0.062480014,0.0,0.93751997,0.0,0.0,0.0,0.0,0.0,0.0
4,2,0.062480014,0.0,0.93751997,0.0,0.0,0.0,0.0,0.0,0.0
4,2,0.062480014,0.0,0.93751997,0.0,0.0,0.0,0.0,0.0,0.0
4,2,0.062480014,0.0,0.93751997,0.0,0.0,0.0,0.0,0.0,0.0
4,2,0.062480014,0.0,0.93751997,0.0,0.0,0.0,0.0,0.0,0.0
4,2,0.062480014,0.0,0.93751997,0.0,0.0,0.0,0.0,0.0,0.0
4,2,0.062480014,0.0,0.93751997,0.0,0.0,0.0,0.0,0.0,0.0
4,2,0.062480014,0.0,0.93751997,0.0,0.0,0.0,0.0,0.0,0.0
4,2,0.062480014,0.0,0.93751997,0.0,0.0,0.0,0.0,0.0,0.0
4,2,0.062480014,0.0,0.93751997,0.0,0.0,0.0,0.0,0.0,0.0
4,2,0.062480014,0.0,0.93751997,0.0,0.0,0.0,0.0,0.0,0.0
4,2,0.062480014,0.0,0.93751997,0.0,0.0,0.0,0.0,0.0,0.0
4,2,0.062480014,0.0,0.93751997,0.0,0.0,0.0,0.0,0.0,0.0
4,2,0.062480014,0.0,0.93751997,0.0,0.0,0.0,0.0,0.0,0.0
4,2,0.062480014,0.0,0.93751997,0.0,0.0,0.0,0.0,0.0,0.0
4,2,0.062480014,0.0,0.93751997,0.0,0.0,0.0,0.0,0.0,0.0
4,2,0.062480014,0.0,0.93751997,0.0,0.0,0.0,0.0,0.0,0.0
4,2,0.062480014,0.0,0.93751997,0.0,0.0,0.0,0.0,0.0,0.0
4,2,0.062480014,0.0,0.93751997,0.0,0.0,0.0,0.0,0.0,0.0
4,2,0.062480014,0.0,0.93751997,0.0,0.0,0.0,0.0,0.0,0.0
4,2,0.062480014,0.0,0.93751997,0.0,0.0,0.0,0.0,0.0,0.0
4,2,0.062480014,0.0,0.93751997,0.0,0.0,0.0,0.0,0.0,0.0
4,2,0.062480014,0.0,0.93751997,0.0,0.0,0.0,0.0,0.0,0.0
4,2,0.062480014,0.0,0.93751997,0.0,0.0,0.0,0.0,0.0,0.0
4,2,0.062480014,0.0,0.93751997,0.0,0.0,0.0,0.0,0.0,0.0
4,2,0.062480014,0.0,0.93751997,0.0,0.0,0.0,0.0,0.0,0.0
4,2,0.062480014,0.0,0.93751997,0.0,0.0,0.0,0.0,0.0,0.0
4,2,0.062480014,0.0,0.93751997,0.0,0.0,0.0,0.0,0.0,0.0
4,2,0.062480014,0.0,0.93751997,0.0,0.0,0.0,0.0,0.0,0.0
4,2,0.062480014,0.0,0.93751997,0.0,0.0,0.0,0.0,0.0,0.0
4,2,0.062480014,0.0,0.93751997,0.0,0.0,0.0,0.0,0.0,0.0
4,2,0.062480014,0.0,0.93751997,0.0,0.0,0.0,0.0,0.0,0.0
4,2,0.062480014,0.0,0.93751997,0.0,0.0,0.0,0.0,0.0,0.0
4,2,0.062480014,0.0,0.93751997,0.0,0.0,0.0,0.0,0.0,0.0
4,2,0.062480014,0.0,0.93751997,0.0,0.0,0.0,0.0,0.0,0.0
4,2,0.062480014,0.0,0.93751997,0.0,0.0,0.0,0.0,0.0,0.0
4,2,0.062480014,0.0,0.93751997,0.0,0.0,0.0,0.0,0.0,0.0
4,2,0.062480014,0.0,0.93751997,0.0,0.0,0.0,0.0,0.0,0.0
4,2,0.062480014,0.0,0.93751997,0.0,0.0,0.0,0.0,0.0,0.0
4,2,0.062480014,0.0,0.93751997,0.0,0.0,0.0,0.0,0.0,0.0
4,2,0.062480014,0.0,0.93751997,0.0,0.0,0.0,0.0,0.0,0.0
4,2,0.062480014,0.0,0.93751997,0.0,0.0,0.0,0.0,0.0,0.0
4,2,0.062480014,0.0,0.93751997,0.0,0.0,0.0,0.0,0.0,0.0
4,2,0.062480014,0.0,0.93751997,0.0,0.0,0.0,0.0,0.0,0.0
4,2,0.062480014,0.0,0.93751997,0.0,0.0,0.0,0.0,0.0,0.0
4,2,0.062480014,0.0,0.93751997,0.0,0.0,0.0,0.0,0.0,0.0
4,2,0.062480014,0.0,0.93751997,0.0,0.0,0.0,0.0,0.0,0.0
4,2,0.062480014,0.0,0.93751997,0.0,0.0,0.0,0.0,0.0,0.0
4,2,0.062480014,0.0,0.93751997,0.0,0.0,0.0,0.0,0.0,0.0
4,2,0.062480014,0.0,0.93751997,0.0,0.0,0.0,0.0,0.0,0.0
4,2,0.062480014,0.0,0.93751997,0.0,0.0,0.0,0.0,0.0,0.0
4,2,0.062480014,0.0,0.93751997,0.0,0.0,0.0,0.0,0.0,0.0
4,2,0.062480014,0.0,0.93751997,0.0,0.0,0.0,0.0,0.0,0.0
4,2,0.062480014,0.0,0.93751997,0.0,0.0,0.0,0.0,0.0,0.0
4,2,0.062480014,0.0,0.93751997,0.0,0.0,0.0,0.0,0.0,0.0
4,2,0.062480014,0.0,0.93751997,0.0,0.0,0.0,0.0,0.0,0.0
4,2,0.062480014,0.0,0.93751997,0.0,0.0,0.0,0.0,0.0,0.0
4,2,0.062480014,0.0,0.93751997,0.0,0.0,0.0,0.0,0.0,0.0
4,2,0.062480014,0.0,0.93751997,0.0,0.0,0.0,0.0,0.0,0.0
4,2,0.062480014,0.0,0.93751997,0.0,0.0,0.0,0.0,0.0,0.0
4,2,0.062480014,0.0,0.93751997,0.0,0.0,0.0,0.0,0.0,0.0
4,2,0.062480014,0.0,0.93751997,0.0,0.0,0.0,0.0,0.0,0.0
4,2,0.062480014,0.0,0.93751997,0.0,0.0,0.0,0.0,0.0,0.0
4,2,0.062480014,0.0,0.93751997,0.0,0.0,0.0,0.0,0.0,0.0
4,2,0.062480014,0.0,0.93751997,0.0,0.0,0.0,0.0,0.0,0.0
4,2,0.062480014,0.0,0.93751997,0.0,0.0,0.0,0.0,0.0,0.0
4,2,0.062480014,0.0,0.93751997,0.0,0.0,0.0,0.0,0.0,0.0
4,2,0.062480014,0.0,0.93751997,0.0,0.0,0.0,0.0,0.0,0.0
4,2,0.062480014,0.0,0.93751997,0.0,0.0,0.0,0.0,0.0,0.0
4,2,0.062480014,0.0,0.93751997,0.0,0.0,0.0,0.0,0.0,0.0
4,2,0.062480014,0.0,0.93751997,0.0,0.0,0.0,0.0,0.0,0.0
4,2,0.062480014,0.0,0.93751997,0.0,0.0,0.0,0.0,0.0,0.0
4,2,0.062480014,0.0,0.93751997,0.0,0.0,0.0,0.0,0.0,0.0
4,2,0.062480014,0.0,0.93751997,0.0,0.0,0.0,0.0,0.0,0.0
4,2,0.062480014,0.0,0.93751997,0.0,0.0,0.0,0.0,0.0,0.0
4,2,0.062480014,0.0,0.93751997,0.0,0.0,0.0,0.0,0.0,0.0
4,2,0.062480014,0.0,0.93751997,0.0,0.0,0.0,0.0,0.0,0.0
4,2,0.062480014,0.0,0.93751997,0.0,0.0,0.0,0.0,0.0,0.0
4,2,0.062480014,0.0,0.93751997,0.0,0.0,0.0,0.0,0.0,0.0
4,2,0.062480014,0.0,0.93751997,0.0,0.0,0.0,0.0,0.0,0.0
4,2,0.062480014,0.0,0.93751997,0.0,0.0,0.0,0.0,0.0,0.0
4,2,0.062480014,0.0,0.93751997,0.0,0.0,0.0,0.0,0.0,0.0
4,2,0.062480014,0.0,0.93751997,0.0,0.0,0.0,0.0,0.0,0.0
4,2,0.062480014,0.0,0.93751997,0.0,0.0,0.0,0.0,0.0,0.0
4,2,0.062480014,0.0,0.93751997,0.0,0.0,0.0,0.0,0.0,0.0
4,2,0.062480014,0.0,0.93751997,0.0,0.0,0.0,0.0,0.0,0.0
4,2,0.062480014,0.0,0.93751997,0.0,0.0,0.0,0.0,0.0,0.0
4,2,0.062480014,0.0,0.93751997,0.0,0.0,0.0,0.0,0.0,0.0
4,2,0.062480014,0.0,0.93751997,0.0,0.0,0.0,0.0,0.0,0.0
4,2,0.062480014,0.0,0.93751997,0.0,0.0,0.0,0.0,0.0,0.0
4,2,0.062480014,0.0,0.93751997,0.0,0.0,0.0,0.0,0.0,0.0
4,2,0.062480014,0.0,0.93751997,0.0,0.0,0.0,0.0,0.0,0.0
4,2,0.062480014,0.0,0.93751997,0.0,0.0,0.0,0.0,0.0,0.0
4,2,0.062480014,0.0,0.93751997,0.0,0.0,0.0,0.0,0.0,0.0
4,2,0.062480014,0.0,0.93751997,0.0,0.0,0.0,0.0,0.0,0.0
4,2,0.062480014,0.0,0.93751997,0.0,0.0,0.0,0.0,0.0,0.0
4,2,0.062480014,0.0,0.93751997,0.0,0.0,0.0,0.0,0.0,0.0
4,2,0.062480014,0.0,0.93751997,0.0,0.0,0.0,0.0,0.0,0.0
4,2,0.062480014,0.0,0.93751997,0.0,0.0,0.0,0.0,0.0,0.0
4,2,0.062480014,0.0,0.93751997,0.0,0.0,0.0,0.0,0.0,0.0
4,2,0.062480014,0.0,0.93751997,0.0,0.0,0.0,0.0,0.0,0.0
4,2,0.062480014,0.0,0.93751997,0.0,0.0,0.0,0.0,0.0,0.0
4,2,0.062480014,0.0,0.93751997,0.0,0.0,0.0,0.0,0.0,0.0
4,2,0.062480014,0.0,0.93751997,0.0,0.0,0.0,0.0,0.0,0.0
4,2,0.062480014,0.0,0.93751997,0.0,0.0,0.0,0.0,0.0,0.0
4,2,0.062480014,0.0,0.93751997,0.0,0.0,0.0,0.0,0.0,0.0
4,2,0.062480014,0.0,0.93751997,0.0,0.0,0.0,0.0,0.0,0.0
4,2,0.062480014,0.0,0.93751997,0.0,0.0,0.0,0.0,0.0,0.0
4,2,0.062480014,0.0,0.93751997,0.0,0.0,0.0,0.0,0.0,0.0
4,2,0.062480014,0.0,0.93751997,0.0,0.0,0.0,0.0,0.0,0.0
4,2,0.062480014,0.0,0.93751997,0.0,0.0,0.0,0.0,0.0,0.0
4,2,0.062480014,0.0,0.93751997,0.0,0.0,0.0,0.0,0.0,0.0
4,2,0.062480014,0.0,0.93751997,0.0,0.0,0.0,0.0,0.0,0.0
4,2,0.062480014,0.0,0.93751997,0.0,0.0,0.0,0.0,0.0,0.0
4,2,0.062480014,0.0,0.93751997,0.0,0.0,0.0,0.0,0.0,0.0
4,2,0.062480014,0.0,0.93751997,0.0,0.0,0.0,0.0,0.0,0.0
4,2,0.062480014,0.0,0.93751997,0.0,0.0,0.0,0.0,0.0,0.0
4,2,0.062480014,0.0,0.93751997,0.0,0.0,0.0,0.0,0.0,0.0
4,2,0.062480014,0.0,0.93751997,0.0,0.0,0.0,0.0,0.0,0.0
4,2,0.062480014,0.0,0.93751997,0.0,0.0,0.0,0.0,0.0,0.0
4,2,0.062480014,0.0,0.93751997,0.0,0.0,0.0,0.0,0.0,0.0
4,2,0.062480014,0.0,0.93751997,0.0,0.0,0.0,0.0,0.0,0.0
4,2,0.062480014,0.0,0.93751997,0.0,0.0,0.0,0.0,0.0,0.0
4,2,0.062480014,0.0,0.93751997,0.0,0.0,0.0,0.0,0.0,0.0
4,2,0.062480014,0.0,0.93751997,0.0,0.0,0.0,0.0,0.0,0.0
4,2,0.062480014,0.0,0.93751997,0.0,0.0,0.0,0.0,0.0,0.0
4,2,0.062480014,0.0,0.93751997,0.0,0.0,0.0,0.0,0.0,0.0
4,2,0.062480014,0.0,0.93751997,0.0,0.0,0.0,0.0,0.0,0.0
4,2,0.062480014,0.0,0.93751997,0.0,0.0,0.0,0.0,0.0,0.0
4,2,0.062480014,0.0,0.93751997,0.0,0.0,0.0,0.0,0.0,0.0
4,2,0.062480014,0.0,0.93751997,0.0,0.0,0.0,0.0,0.0,0.0
4,2,0.062480014,0.0,0.93751997,0.0,0.0,0.0,0.0,0.0,0.0
4,2,0.062480014,0.0,0.93751997,0.0,0.0,0.0,0.0,0.0,0.0
4,2,0.062480014,0.0,0.93751997,0.0,0.0,0.0,0.0,0.0,0.0
4,2,0.062480014,0.0,0.93751997,0.0,0.0,0.0,0.0,0.0,0.0
4,2,0.062480014,0.0,0.93751997,0.0,0.0,0.0,0.0,0.0,0.0
4,2,0.062480014,0.0,0.93751997,0.0,0.0,0.0,0.0,0.0,0.0
4,2,0.062480014,0.0,0.93751997,0.0,0.0,0.0,0.0,0.0,0.0
4,2,0.062480014,0.0,0.93751997,0.0,0.0,0.0,0.0,0.0,0.0
4,2,0.062480014,0.0,0.93751997,0.0,0.0,0.0,0.0,0.0,0.0
4,2,0.062480014,0.0,0.93751997,0.0,0.0,0.0,0.0,0.0,0.0
4,2,0.062480014,0.0,0.93751997,0.0,0.0,0.0,0.0,0.0,0.0
4,2,0.062480014,0.0,0.93751997,0.0,0.0,0.0,0.0,0.0,0.0
4,2,0.062480014,0.0,0.93751997,0.0,0.0,0.0,0.0,0.0,0.0
4,2,0.062480014,0.0,0.93751997,0.0,0.0,0.0,0.0,0.0,0.0
4,2,0.062480014,0.0,0.93751997,0.0,0.0,0.0,0.0,0.0,0.0
4,2,0.062480014,0.0,0.93751997,0.0,0.0,0.0,0.0,0.0,0.0
4,2,0.062480014,0.0,0.93751997,0.0,0.0,0.0,0.0,0.0,0.0
4,2,0.062480014,0.0,0.93751997,0.0,0.0,0.0,0.0,0.0,0.0
4,2,0.062480014,0.0,0.93751997,0.0,0.0,0.0,0.0,0.0,0.0
4,2,0.062480014,0.0,0.93751997,0.0,0.0,0.0,0.0,0.0,0.0
4,2,0.062480014,0.0,0.93751997,0.0,0.0,0.0,0.0,0.0,0.0
4,2,0.062480014,0.0,0.93751997,0.0,0.0,0.0,0.0,0.0,0.0
4,2,0.062480014,0.0,0.93751997,0.0,0.0,0.0,0.0,0.0,0.0
4,2,0.062480014,0.0,0.93751997,0.0,0.0,0.0,0.0,0.0,0.0
4,2,0.062480014,0.0,0.93751997,0.0,0.0,0.0,0.0,0.0,0.0
4,2,0.062480014,0.0,0.93751997,0.0,0.0,0.0,0.0,0.0,0.0
4,2,0.062480014,0.0,0.93751997,0.0,0.0,0.0,0.0,0.0,0.0
4,2,0.062480014,0.0,0.93751997,0.0,0.0,0.0,0.0,0.0,0.0
4,2,0.062480014,0.0,0.93751997,0.0,0.0,0.0,0.0,0.0,0.0
4,2,0.062480014,0.0,0.93751997,0.0,0.0,0.0,0.0,0.0,0.0
4,2,0.062480014,0.0,0.93751997,0.0,0.0,0.0,0.0,0.0,0.0
4,2,0.062480014,0.0,0.93751997,0.0,0.0,0.0,0.0,0.0,0.0
4,2,0.062480014,0.0,0.93751997,0.0,0.0,0.0,0.0,0.0,0.0
4,2,0.062480014,0.0,0.93751997,0.0,0.0,0.0,0.0,0.0,0.0
4,2,0.062480014,0.0,0.93751997,0.0,0.0,0.0,0.0,0.0,0.0
4,2,0.062480014,0.0,0.93751997,0.0,0.0,0.0,0.0,0.0,0.0
4,2,0.062480014,0.0,0.93751997,0.0,0.0,0.0,0.0,0.0,0.0
4,2,0.062480014,0.0,0.93751997,0.0,0.0,0.0,0.0,0.0,0.0
4,2,0.062480014,0.0,0.93751997,0.0,0.0,0.0,0.0,0.0,0.0
4,2,0.062480014,0.0,0.93751997,0.0,0.0,0.0,0.0,0.0,0.0
4,2,0.062480014,0.0,0.93751997,0.0,0.0,0.0,0.0,0.0,0.0
4,2,0.062480014,0.0,0.93751997,0.0,0.0,0.0,0.0,0.0,0.0
4,2,0.062480014,0.0,0.93751997,0.0,0.0,0.0,0.0,0.0,0.0
4,2,0.062480014,0.0,0.93751997,0.0,0.0,0.0,0.0,0.0,0.0
4,2,0.062480014,0.0,0.93751997,0.0,0.0,0.0,0.0,0.0,0.0
4,2,0.062480014,0.0,0.93751997,0.0,0.0,0.0,0.0,0.0,0.0
4,2,0.062480014,0.0,0.93751997,0.0,0.0,0.0,0.0,0.0,0.0
4,2,0.062480014,0.0,0.93751997,0.0,0.0,0.0,0.0,0.0,0.0
4,2,0.062480014,0.0,0.93751997,0.0,0.0,0.0,0.0,0.0,0.0
4,2,0.062480014,0.0,0.93751997,0.0,0.0,0.0,0.0,0.0,0.0
4,2,0.062480014,0.0,0.93751997,0.0,0.0,0.0,0.0,0.0,0.0
4,2,0.062480014,0.0,0.93751997,0.0,0.0,0.0,0.0,0.0,0.0
4,2,0.062480014,0.0,0.93751997,0.0,0.0,0.0,0.0,0.0,0.0
4,2,0.062480014,0.0,0.93751997,0.0,0.0,0.0,0.0,0.0,0.0
4,2,0.062480014,0.0,0.93751997,0.0,0.0,0.0,0.0,0.0,0.0
4,2,0.062480014,0.0,0.93751997,0.0,0.0,0.0,0.0,0.0,0.0
4,2,0.062480014,0.0,0.93751997,0.0,0.0,0.0,0.0,0.0,0.0
4,2,0.062480014,0.0,0.93751997,0.0,0.0,0.0,0.0,0.0,0.0
4,2,0.062480014,0.0,0.93751997,0.0,0.0,0.0,0.0,0.0,0.0
4,2,0.062480014,0.0,0.93751997,0.0,0.0,0.0,0.0,0.0,0.0
4,2,0.062480014,0.0,0.93751997,0.0,0.0,0.0,0.0,0.0,0.0
4,2,0.062480014,0.0,0.93751997,0.0,0.0,0.0,0.0,0.0,0.0
4,2,0.062480014,0.0,0.93751997,0.0,0.0,0.0,0.0,0.0,0.0
4,2,0.062480014,0.0,0.93751997,0.0,0.0,0.0,0.0,0.0,0.0
4,2,0.062480014,0.0,0.93751997,0.0,0.0,0.0,0.0,0.0,0.0
4,2,0.062480014,0.0,0.93751997,0.0,0.0,0.0,0.0,0.0,0.0
4,2,0.062480014,0.0,0.93751997,0.0,0.0,0.0,0.0,0.0,0.0
4,2,0.062480014,0.0,0.93751997,0.0,0.0,0.0,0.0,0.0,0.0
4,2,0.062480014,0.0,0.93751997,0.0,0.0,0.0,0.0,0.0,0.0
4,2,0.062480014,0.0,0.93751997,0.0,0.0,0.0,0.0,0.0,0.0
4,2,0.062480014,0.0,0.93751997,0.0,0.0,0.0,0.0,0.0,0.0
4,2,0.062480014,0.0,0.93751997,0.0,0.0,0.0,0.0,0.0,0.0
4,2,0.062480014,0.0,0.93751997,0.0,0.0,0.0,0.0,0.0,0.0
4,2,0.062480014,0.0,0.93751997,0.0,0.0,0.0,0.0,0.0,0.0
4,2,0.062480014,0.0,0.93751997,0.0,0.0,0.0,0.0,0.0,0.0
4,2,0.062480014,0.0,0.93751997,0.0,0.0,0.0,0.0,0.0,0.0
4,2,0.062480014,0.0,0.93751997,0.0,0.0,0.0,0.0,0.0,0.0
4,2,0.062480014,0.0,0.93751997,0.0,0.0,0.0,0.0,0.0,0.0
4,2,0.062480014,0.0,0.93751997,0.0,0.0,0.0,0.0,0.0,0.0
4,2,0.062480014,0.0,0.93751997,0.0,0.0,0.0,0.0,0.0,0.0
4,2,0.062480014,0.0,0.93751997,0.0,0.0,0.0,0.0,0.0,0.0
4,2,0.062480014,0.0,0.93751997,0.0,0.0,0.0,0.0,0.0,0.0
4,2,0.062480014,0.0,0.93751997,0.0,0.0,0.0,0.0,0.0,0.0
4,2,0.062480014,0.0,0.93751997,0.0,0.0,0.0,0.0,0.0,0.0
4,2,0.062480014,0.0,0.93751997,0.0,0.0,0.0,0.0,0.0,0.0
4,2,0.062480014,0.0,0.93751997,0.0,0.0,0.0,0.0,0.0,0.0
4,2,0.062480014,0.0,0.93751997,0.0,0.0,0.0,0.0,0.0,0.0
4,2,0.062480014,0.0,0.93751997,0.0,0.0,0.0,0.0,0.0,0.0
4,2,0.062480014,0.0,0.93751997,0.0,0.0,0.0,0.0,0.0,0.0
4,2,0.062480014,0.0,0.93751997,0.0,0.0,0.0,0.0,0.0,0.0
4,2,0.062480014,0.0,0.93751997,0.0,0.0,0.0,0.0,0.0,0.0
4,2,0.062480014,0.0,0.93751997,0.0,0.0,0.0,0.0,0.0,0.0
4,2,0.062480014,0.0,0.93751997,0.0,0.0,0.0,0.0,0.0,0.0
4,2,0.062480014,0.0,0.93751997,0.0,0.0,0.0,0.0,0.0,0.0
4,2,0.062480014,0.0,0.93751997,0.0,0.0,0.0,0.0,0.0,0.0
4,2,0.062480014,0.0,0.93751997,0.0,0.0,0.0,0.0,0.0,0.0
4,2,0.062480014,0.0,0.93751997,0.0,0.0,0.0,0.0,0.0,0.0
4,2,0.062480014,0.0,0.93751997,0.0,0.0,0.0,0.0,0.0,0.0
4,2,0.062480014,0.0,0.93751997,0.0,0.0,0.0,0.0,0.0,0.0
4,2,0.062480014,0.0,0.93751997,0.0,0.0,0.0,0.0,0.0,0.0
4,2,0.062480014,0.0,0.93751997,0.0,0.0,0.0,0.0,0.0,0.0
4,2,0.062480014,0.0,0.93751997,0.0,0.0,0.0,0.0,0.0,0.0
4,2,0.062480014,0.0,0.93751997,0.0,0.0,0.0,0.0,0.0,0.0
4,2,0.062480014,0.0,0.93751997,0.0,0.0,0.0,0.0,0.0,0.0
4,2,0.062480014,0.0,0.93751997,0.0,0.0,0.0,0.0,0.0,0.0
4,2,0.062480014,0.0,0.93751997,0.0,0.0,0.0,0.0,0.0,0.0
4,2,0.062480014,0.0,0.93751997,0.0,0.0,0.0,0.0,0.0,0.0
4,2,0.062480014,0.0,0.93751997,0.0,0.0,0.0,0.0,0.0,0.0
4,2,0.062480014,0.0,0.93751997,0.0,0.0,0.0,0.0,0.0,0.0
4,2,0.062480014,0.0,0.93751997,0.0,0.0,0.0,0.0,0.0,0.0
4,2,0.062480014,0.0,0.93751997,0.0,0.0,0.0,0.0,0.0,0.0
4,2,0.062480014,0.0,0.93751997,0.0,0.0,0.0,0.0,0.0,0.0
4,2,0.13165776,0.0,0.8683423,0.0,0.0,0.0,0.0,0.0,0.0
4,2,0.13165776,0.0,0.8683423,0.0,0.0,0.0,0.0,0.0,0.0
4,2,0.13165776,0.0,0.8683423,0.0,0.0,0.0,0.0,0.0,0.0
4,2,0.13165776,0.0,0.8683423,0.0,0.0,0.0,0.0,0.0,0.0
4,2,0.13165776,0.0,0.8683423,0.0,0.0,0.0,0.0,0.0,0.0
4,2,0.13165776,0.0,0.8683423,0.0,0.0,0.0,0.0,0.0,0.0
4,2,0.13165776,0.0,0.8683423,0.0,0.0,0.0,0.0,0.0,0.0
4,2,0.13165776,0.0,0.8683423,0.0,0.0,0.0,0.0,0.0,0.0
4,2,0.13165776,0.0,0.8683423,0.0,0.0,0.0,0.0,0.0,0.0
4,2,0.13165776,0.0,0.8683423,0.0,0.0,0.0,0.0,0.0,0.0
4,2,0.13165776,0.0,0.8683423,0.0,0.0,0.0,0.0,0.0,0.0
4,2,0.13165776,0.0,0.8683423,0.0,0.0,0.0,0.0,0.0,0.0
4,2,0.13165776,0.0,0.8683423,0.0,0.0,0.0,0.0,0.0,0.0
4,2,0.13165776,0.0,0.8683423,0.0,0.0,0.0,0.0,0.0,0.0
4,2,0.13165776,0.0,0.8683423,0.0,0.0,0.0,0.0,0.0,0.0
4,2,0.13165776,0.0,0.8683423,0.0,0.0,0.0,0.0,0.0,0.0
4,2,0.13165776,0.0,0.8683423,0.0,0.0,0.0,0.0,0.0,0.0
4,2,0.13165776,0.0,0.8683423,0.0,0.0,0.0,0.0,0.0,0.0
4,2,0.13165776,0.0,0.8683423,0.0,0.0,0.0,0.0,0.0,0.0
4,2,0.13165776,0.0,0.8683423,0.0,0.0,0.0,0.0,0.0,0.0
4,2,0.13165776,0.0,0.8683423,0.0,0.0,0.0,0.0,0.0,0.0
4,2,0.13165776,0.0,0.8683423,0.0,0.0,0.0,0.0,0.0,0.0
4,2,0.13165776,0.0,0.8683423,0.0,0.0,0.0,0.0,0.0,0.0
4,2,0.13165776,0.0,0.8683423,0.0,0.0,0.0,0.0,0.0,0.0
4,2,0.13165776,0.0,0.8683423,0.0,0.0,0.0,0.0,0.0,0.0
4,2,0.13165776,0.0,0.8683423,0.0,0.0,0.0,0.0,0.0,0.0
4,2,0.13165776,0.0,0.8683423,0.0,0.0,0.0,0.0,0.0,0.0
4,2,0.13165776,0.0,0.8683423,0.0,0.0,0.0,0.0,0.0,0.0
4,2,0.13165776,0.0,0.8683423,0.0,0.0,0.0,0.0,0.0,0.0
4,2,0.13165776,0.0,0.8683423,0.0,0.0,0.0,0.0,0.0,0.0
4,2,0.13165776,0.0,0.8683423,0.0,0.0,0.0,0.0,0.0,0.0
4,2,0.13165776,0.0,0.8683423,0.0,0.0,0.0,0.0,0.0,0.0
4,2,0.13165776,0.0,0.8683423,0.0,0.0,0.0,0.0,0.0,0.0
4,2,0.13165776,0.0,0.8683423,0.0,0.0,0.0,0.0,0.0,0.0
4,2,0.13165776,0.0,0.8683423,0.0,0.0,0.0,0.0,0.0,0.0
4,2,0.13165776,0.0,0.8683423,0.0,0.0,0.0,0.0,0.0,0.0
4,2,0.13165776,0.0,0.8683423,0.0,0.0,0.0,0.0,0.0,0.0
4,2,0.13165776,0.0,0.8683423,0.0,0.0,0.0,0.0,0.0,0.0
4,2,0.13165776,0.0,0.8683423,0.0,0.0,0.0,0.0,0.0,0.0
4,2,0.13165776,0.0,0.8683423,0.0,0.0,0.0,0.0,0.0,0.0
4,2,0.13165776,0.0,0.8683423,0.0,0.0,0.0,0.0,0.0,0.0
4,2,0.13165776,0.0,0.8683423,0.0,0.0,0.0,0.0,0.0,0.0
4,2,0.13165776,0.0,0.8683423,0.0,0.0,0.0,0.0,0.0,0.0
4,2,0.13165776,0.0,0.8683423,0.0,0.0,0.0,0.0,0.0,0.0
4,2,0.13165776,0.0,0.8683423,0.0,0.0,0.0,0.0,0.0,0.0
4,2,0.13165776,0.0,0.8683423,0.0,0.0,0.0,0.0,0.0,0.0
4,2,0.13165776,0.0,0.8683423,0.0,0.0,0.0,0.0,0.0,0.0
4,2,0.13165776,0.0,0.8683423,0.0,0.0,0.0,0.0,0.0,0.0
4,2,0.13165776,0.0,0.8683423,0.0,0.0,0.0,0.0,0.0,0.0
4,2,0.13165776,0.0,0.8683423,0.0,0.0,0.0,0.0,0.0,0.0
4,2,0.13165776,0.0,0.8683423,0.0,0.0,0.0,0.0,0.0,0.0
4,2,0.13165776,0.0,0.8683423,0.0,0.0,0.0,0.0,0.0,0.0
4,2,0.13165776,0.0,0.8683423,0.0,0.0,0.0,0.0,0.0,0.0
4,2,0.13165776,0.0,0.8683423,0.0,0.0,0.0,0.0,0.0,0.0
4,2,0.13165776,0.0,0.8683423,0.0,0.0,0.0,0.0,0.0,0.0
4,2,0.13165776,0.0,0.8683423,0.0,0.0,0.0,0.0,0.0,0.0
4,2,0.13165776,0.0,0.8683423,0.0,0.0,0.0,0.0,0.0,0.0
4,2,0.13165776,0.0,0.8683423,0.0,0.0,0.0,0.0,0.0,0.0
4,2,0.13165776,0.0,0.8683423,0.0,0.0,0.0,0.0,0.0,0.0
4,2,0.13165776,0.0,0.8683423,0.0,0.0,0.0,0.0,0.0,0.0
4,2,0.13165776,0.0,0.8683423,0.0,0.0,0.0,0.0,0.0,0.0
4,2,0.13165776,0.0,0.8683423,0.0,0.0,0.0,0.0,0.0,0.0
4,2,0.13165776,0.0,0.8683423,0.0,0.0,0.0,0.0,0.0,0.0
4,2,0.13165776,0.0,0.8683423,0.0,0.0,0.0,0.0,0.0,0.0
4,2,0.13165776,0.0,0.8683423,0.0,0.0,0.0,0.0,0.0,0.0
4,2,0.13165776,0.0,0.8683423,0.0,0.0,0.0,0.0,0.0,0.0
4,2,0.13165776,0.0,0.8683423,0.0,0.0,0.0,0.0,0.0,0.0
4,2,0.13165776,0.0,0.8683423,0.0,0.0,0.0,0.0,0.0,0.0
4,2,0.13165776,0.0,0.8683423,0.0,0.0,0.0,0.0,0.0,0.0
4,2,0.13165776,0.0,0.8683423,0.0,0.0,0.0,0.0,0.0,0.0
4,2,0.13165776,0.0,0.8683423,0.0,0.0,0.0,0.0,0.0,0.0
4,2,0.13165776,0.0,0.8683423,0.0,0.0,0.0,0.0,0.0,0.0
4,2,0.13165776,0.0,0.8683423,0.0,0.0,0.0,0.0,0.0,0.0
4,2,0.13165776,0.0,0.8683423,0.0,0.0,0.0,0.0,0.0,0.0
4,2,0.13165776,0.0,0.8683423,0.0,0.0,0.0,0.0,0.0,0.0
4,2,0.13165776,0.0,0.8683423,0.0,0.0,0.0,0.0,0.0,0.0
4,2,0.13165776,0.0,0.8683423,0.0,0.0,0.0,0.0,0.0,0.0
4,2,0.13165776,0.0,0.8683423,0.0,0.0,0.0,0.0,0.0,0.0
4,2,0.13165776,0.0,0.8683423,0.0,0.0,0.0,0.0,0.0,0.0
4,2,0.13165776,0.0,0.8683423,0.0,0.0,0.0,0.0,0.0,0.0
4,2,0.19637306,0.0,0.80362695,0.0,0.0,0.0,0.0,0.0,0.0
4,2,0.19637306,0.0,0.80362695,0.0,0.0,0.0,0.0,0.0,0.0
4,2,0.19637306,0.0,0.80362695,0.0,0.0,0.0,0.0,0.0,0.0
4,2,0.19637306,0.0,0.80362695,0.0,0.0,0.0,0.0,0.0,0.0
4,2,0.19637306,0.0,0.80362695,0.0,0.0,0.0,0.0,0.0,0.0
4,2,0.19637306,0.0,0.80362695,0.0,0.0,0.0,0.0,0.0,0.0
4,2,0.19637306,0.0,0.80362695,0.0,0.0,0.0,0.0,0.0,0.0
4,2,0.19637306,0.0,0.80362695,0.0,0.0,0.0,0.0,0.0,0.0
4,2,0.19637306,0.0,0.80362695,0.0,0.0,0.0,0.0,0.0,0.0
4,2,0.19637306,0.0,0.80362695,0.0,0.0,0.0,0.0,0.0,0.0
4,2,0.19637306,0.0,0.80362695,0.0,0.0,0.0,0.0,0.0,0.0
4,2,0.19637306,0.0,0.80362695,0.0,0.0,0.0,0.0,0.0,0.0
4,2,0.19637306,0.0,0.80362695,0.0,0.0,0.0,0.0,0.0,0.0
4,2,0.19637306,0.0,0.80362695,0.0,0.0,0.0,0.0,0.0,0.0
4,2,0.19637306,0.0,0.80362695,0.0,0.0,0.0,0.0,0.0,0.0
4,2,0.19637306,0.0,0.80362695,0.0,0.0,0.0,0.0,0.0,0.0
4,2,0.19637306,0.0,0.80362695,0.0,0.0,0.0,0.0,0.0,0.0
4,2,0.19637306,0.0,0.80362695,0.0,0.0,0.0,0.0,0.0,0.0
4,2,0.19637306,0.0,0.80362695,0.0,0.0,0.0,0.0,0.0,0.0
4,2,0.19637306,0.0,0.80362695,0.0,0.0,0.0,0.0,0.0,0.0
4,2,0.19637306,0.0,0.80362695,0.0,0.0,0.0,0.0,0.0,0.0
4,2,0.19637306,0.0,0.80362695,0.0,0.0,0.0,0.0,0.0,0.0
4,2,0.19637306,0.0,0.80362695,0.0,0.0,0.0,0.0,0.0,0.0
4,2,0.19637306,0.0,0.80362695,0.0,0.0,0.0,0.0,0.0,0.0
4,2,0.19637306,0.0,0.80362695,0.0,0.0,0.0,0.0,0.0,0.0
4,2,0.19637306,0.0,0.80362695,0.0,0.0,0.0,0.0,0.0,0.0
4,2,0.19637306,0.0,0.80362695,0.0,0.0,0.0,0.0,0.0,0.0
4,2,0.19637306,0.0,0.80362695,0.0,0.0,0.0,0.0,0.0,0.0
4,2,0.19637306,0.0,0.80362695,0.0,0.0,0.0,0.0,0.0,0.0
4,2,0.19637306,0.0,0.80362695,0.0,0.0,0.0,0.0,0.0,0.0
4,2,0.19637306,0.0,0.80362695,0.0,0.0,0.0,0.0,0.0,0.0
4,2,0.19637306,0.0,0.80362695,0.0,0.0,0.0,0.0,0.0,0.0
4,2,0.19637306,0.0,0.80362695,0.0,0.0,0.0,0.0,0.0,0.0
4,2,0.19637306,0.0,0.80362695,0.0,0.0,0.0,0.0,0.0,0.0
4,2,0.19637306,0.0,0.80362695,0.0,0.0,0.0,0.0,0.0,0.0
4,2,0.19637306,0.0,0.80362695,0.0,0.0,0.0,0.0,0.0,0.0
4,2,0.19637306,0.0,0.80362695,0.0,0.0,0.0,0.0,0.0,0.0
4,2,0.19637306,0.0,0.80362695,0.0,0.0,0.0,0.0,0.0,0.0
4,2,0.19637306,0.0,0.80362695,0.0,0.0,0.0,0.0,0.0,0.0
4,2,0.19637306,0.0,0.80362695,0.0,0.0,0.0,0.0,0.0,0.0
4,2,0.19637306,0.0,0.80362695,0.0,0.0,0.0,0.0,0.0,0.0
4,2,0.19637306,0.0,0.80362695,0.0,0.0,0.0,0.0,0.0,0.0
4,2,0.19637306,0.0,0.80362695,0.0,0.0,0.0,0.0,0.0,0.0
4,2,0.19637306,0.0,0.80362695,0.0,0.0,0.0,0.0,0.0,0.0
4,2,0.19637306,0.0,0.80362695,0.0,0.0,0.0,0.0,0.0,0.0
4,2,0.19637306,0.0,0.80362695,0.0,0.0,0.0,0.0,0.0,0.0
4,2,0.19637306,0.0,0.80362695,0.0,0.0,0.0,0.0,0.0,0.0
4,2,0.19637306,0.0,0.80362695,0.0,0.0,0.0,0.0,0.0,0.0
4,2,0.19637306,0.0,0.80362695,0.0,0.0,0.0,0.0,0.0,0.0
4,2,0.19637306,0.0,0.80362695,0.0,0.0,0.0,0.0,0.0,0.0
4,2,0.19637306,0.0,0.80362695,0.0,0.0,0.0,0.0,0.0,0.0
4,2,0.19637306,0.0,0.80362695,0.0,0.0,0.0,0.0,0.0,0.0
4,2,0.19637306,0.0,0.80362695,0.0,0.0,0.0,0.0,0.0,0.0
4,2,0.19637306,0.0,0.80362695,0.0,0.0,0.0,0.0,0.0,0.0
4,2,0.19637306,0.0,0.80362695,0.0,0.0,0.0,0.0,0.0,0.0
4,2,0.19637306,0.0,0.80362695,0.0,0.0,0.0,0.0,0.0,0.0
4,2,0.19637306,0.0,0.80362695,0.0,0.0,0.0,0.0,0.0,0.0
4,2,0.19637306,0.0,0.80362695,0.0,0.0,0.0,0.0,0.0,0.0
4,2,0.19637306,0.0,0.80362695,0.0,0.0,0.0,0.0,0.0,0.0
4,2,0.19637306,0.0,0.80362695,0.0,0.0,0.0,0.0,0.0,0.0
4,2,0.19637306,0.0,0.80362695,0.0,0.0,0.0,0.0,0.0,0.0
4,2,0.19637306,0.0,0.80362695,0.0,0.0,0.0,0.0,0.0,0.0
4,2,0.19637306,0.0,0.80362695,0.0,0.0,0.0,0.0,0.0,0.0
4,2,0.19637306,0.0,0.80362695,0.0,0.0,0.0,0.0,0.0,0.0
4,2,0.19637306,0.0,0.80362695,0.0,0.0,0.0,0.0,0.0,0.0
4,2,0.19637306,0.0,0.80362695,0.0,0.0,0.0,0.0,0.0,0.0
4,2,0.19637306,0.0,0.80362695,0.0,0.0,0.0,0.0,0.0,0.0
4,2,0.19637306,0.0,0.80362695,0.0,0.0,0.0,0.0,0.0,0.0
4,2,0.19637306,0.0,0.80362695,0.0,0.0,0.0,0.0,0.0,0.0
4,2,0.19637306,0.0,0.80362695,0.0,0.0,0.0,0.0,0.0,0.0
4,2,0.19637306,0.0,0.80362695,0.0,0.0,0.0,0.0,0.0,0.0
4,2,0.19637306,0.0,0.80362695,0.0,0.0,0.0,0.0,0.0,0.0
4,2,0.19637306,0.0,0.80362695,0.0,0.0,0.0,0.0,0.0,0.0
4,2,0.19637306,0.0,0.80362695,0.0,0.0,0.0,0.0,0.0,0.0
4,2,0.19637306,0.0,0.80362695,0.0,0.0,0.0,0.0,0.0,0.0
4,2,0.19637306,0.0,0.80362695,0.0,0.0,0.0,0.0,0.0,0.0
4,2,0.19637306,0.0,0.80362695,0.0,0.0,0.0,0.0,0.0,0.0
4,2,0.19637306,0.0,0.80362695,0.0,0.0,0.0,0.0,0.0,0.0
4,2,0.19637306,0.0,0.80362695,0.0,0.0,0.0,0.0,0.0,0.0
4,2,0.19637306,0.0,0.80362695,0.0,0.0,0.0,0.0,0.0,0.0
4,2,0.19637306,0.0,0.80362695,0.0,0.0,0.0,0.0,0.0,0.0
4,2,0.19637306,0.0,0.80362695,0.0,0.0,0.0,0.0,0.0,0.0
4,2,0.19637306,0.0,0.80362695,0.0,0.0,0.0,0.0,0.0,0.0
4,2,0.19637306,0.0,0.80362695,0.0,0.0,0.0,0.0,0.0,0.0
4,2,0.19637306,0.0,0.80362695,0.0,0.0,0.0,0.0,0.0,0.0
4,2,0.19637306,0.0,0.80362695,0.0,0.0,0.0,0.0,0.0,0.0
4,2,0.19637306,0.0,0.80362695,0.0,0.0,0.0,0.0,0.0,0.0
4,2,0.19637306,0.0,0.80362695,0.0,0.0,0.0,0.0,0.0,0.0
4,2,0.19637306,0.0,0.80362695,0.0,0.0,0.0,0.0,0.0,0.0
4,2,0.19637306,0.0,0.80362695,0.0,0.0,0.0,0.0,0.0,0.0
4,2,0.19637306,0.0,0.80362695,0.0,0.0,0.0,0.0,0.0,0.0
4,2,0.19637306,0.0,0.80362695,0.0,0.0,0.0,0.0,0.0,0.0
4,2,0.19637306,0.0,0.80362695,0.0,0.0,0.0,0.0,0.0,0.0
4,2,0.19637306,0.0,0.80362695,0.0,0.0,0.0,0.0,0.0,0.0
4,2,0.19637306,0.0,0.80362695,0.0,0.0,0.0,0.0,0.0,0.0
4,2,0.19637306,0.0,0.80362695,0.0,0.0,0.0,0.0,0.0,0.0
4,2,0.19637306,0.0,0.80362695,0.0,0.0,0.0,0.0,0.0,0.0
4,2,0.19637306,0.0,0.80362695,0.0,0.0,0.0,0.0,0.0,0.0
4,2,0.19637306,0.0,0.80362695,0.0,0.0,0.0,0.0,0.0,0.0
4,2,0.19637306,0.0,0.80362695,0.0,0.0,0.0,0.0,0.0,0.0
4,2,0.19637306,0.0,0.80362695,0.0,0.0,0.0,0.0,0.0,0.0
4,2,0.19637306,0.0,0.80362695,0.0,0.0,0.0,0.0,0.0,0.0
4,2,0.19637306,0.0,0.80362695,0.0,0.0,0.0,0.0,0.0,0.0
4,2,0.19637306,0.0,0.80362695,0.0,0.0,0.0,0.0,0.0,0.0
4,2,0.19637306,0.0,0.80362695,0.0,0.0,0.0,0.0,0.0,0.0
4,2,0.19637306,0.0,0.80362695,0.0,0.0,0.0,0.0,0.0,0.0
4,2,0.19637306,0.0,0.80362695,0.0,0.0,0.0,0.0,0.0,0.0
4,2,0.19637306,0.0,0.80362695,0.0,0.0,0.0,0.0,0.0,0.0
4,2,0.19637306,0.0,0.80362695,0.0,0.0,0.0,0.0,0.0,0.0
4,2,0.19637306,0.0,0.80362695,0.0,0.0,0.0,0.0,0.0,0.0
4,2,0.19637306,0.0,0.80362695,0.0,0.0,0.0,0.0,0.0,0.0
4,2,0.19637306,0.0,0.80362695,0.0,0.0,0.0,0.0,0.0,0.0
4,2,0.19637306,0.0,0.80362695,0.0,0.0,0.0,0.0,0.0,0.0
4,2,0.19637306,0.0,0.80362695,0.0,0.0,0.0,0.0,0.0,0.0
4,2,0.19637306,0.0,0.80362695,0.0,0.0,0.0,0.0,0.0,0.0
4,2,0.19637306,0.0,0.80362695,0.0,0.0,0.0,0.0,0.0,0.0
4,2,0.19637306,0.0,0.80362695,0.0,0.0,0.0,0.0,0.0,0.0
4,2,0.19637306,0.0,0.80362695,0.0,0.0,0.0,0.0,0.0,0.0
4,2,0.19637306,0.0,0.80362695,0.0,0.0,0.0,0.0,0.0,0.0
4,2,0.19637306,0.0,0.80362695,0.0,0.0,0.0,0.0,0.0,0.0
4,2,0.19637306,0.0,0.80362695,0.0,0.0,0.0,0.0,0.0,0.0
4,2,0.19637306,0.0,0.80362695,0.0,0.0,0.0,0.0,0.0,0.0
4,2,0.19637306,0.0,0.80362695,0.0,0.0,0.0,0.0,0.0,0.0
4,2,0.19637306,0.0,0.80362695,0.0,0.0,0.0,0.0,0.0,0.0
4,2,0.19637306,0.0,0.80362695,0.0,0.0,0.0,0.0,0.0,0.0
4,2,0.19637306,0.0,0.80362695,0.0,0.0,0.0,0.0,0.0,0.0
4,2,0.19637306,0.0,0.80362695,0.0,0.0,0.0,0.0,0.0,0.0
4,2,0.19637306,0.0,0.80362695,0.0,0.0,0.0,0.0,0.0,0.0
4,2,0.19637306,0.0,0.80362695,0.0,0.0,0.0,0.0,0.0,0.0
4,2,0.19637306,0.0,0.80362695,0.0,0.0,0.0,0.0,0.0,0.0
4,2,0.19637306,0.0,0.80362695,0.0,0.0,0.0,0.0,0.0,0.0
4,2,0.19637306,0.0,0.80362695,0.0,0.0,0.0,0.0,0.0,0.0
4,2,0.19637306,0.0,0.80362695,0.0,0.0,0.0,0.0,0.0,0.0
4,2,0.19637306,0.0,0.80362695,0.0,0.0,0.0,0.0,0.0,0.0
4,2,0.19637306,0.0,0.80362695,0.0,0.0,0.0,0.0,0.0,0.0
4,2,0.19637306,0.0,0.80362695,0.0,0.0,0.0,0.0,0.0,0.0
4,2,0.19637306,0.0,0.80362695,0.0,0.0,0.0,0.0,0.0,0.0
4,2,0.19637306,0.0,0.80362695,0.0,0.0,0.0,0.0,0.0,0.0
4,2,0.19637306,0.0,0.80362695,0.0,0.0,0.0,0.0,0.0,0.0
4,2,0.19637306,0.0,0.80362695,0.0,0.0,0.0,0.0,0.0,0.0
4,2,0.19637306,0.0,0.80362695,0.0,0.0,0.0,0.0,0.0,0.0
4,2,0.19637306,0.0,0.80362695,0.0,0.0,0.0,0.0,0.0,0.0
4,2,0.19637306,0.0,0.80362695,0.0,0.0,0.0,0.0,0.0,0.0
4,2,0.19637306,0.0,0.80362695,0.0,0.0,0.0,0.0,0.0,0.0
4,2,0.19637306,0.0,0.80362695,0.0,0.0,0.0,0.0,0.0,0.0
4,2,0.19637306,0.0,0.80362695,0.0,0.0,0.0,0.0,0.0,0.0
4,2,0.19637306,0.0,0.80362695,0.0,0.0,0.0,0.0,0.0,0.0
4,2,0.19637306,0.0,0.80362695,0.0,0.0,0.0,0.0,0.0,0.0
4,2,0.19637306,0.0,0.80362695,0.0,0.0,0.0,0.0,0.0,0.0
4,2,0.19637306,0.0,0.80362695,0.0,0.0,0.0,0.0,0.0,0.0
4,2,0.19637306,0.0,0.80362695,0.0,0.0,0.0,0.0,0.0,0.0
4,2,0.19637306,0.0,0.80362695,0.0,0.0,0.0,0.0,0.0,0.0
4,2,0.19637306,0.0,0.80362695,0.0,0.0,0.0,0.0,0.0,0.0
4,2,0.19637306,0.0,0.80362695,0.0,0.0,0.0,0.0,0.0,0.0
4,2,0.19637306,0.0,0.80362695,0.0,0.0,0.0,0.0,0.0,0.0
4,2,0.19637306,0.0,0.80362695,0.0,0.0,0.0,0.0,0.0,0.0
4,2,0.19637306,0.0,0.80362695,0.0,0.0,0.0,0.0,0.0,0.0
4,2,0.19637306,0.0,0.80362695,0.0,0.0,0.0,0.0,0.0,0.0
4,2,0.19637306,0.0,0.80362695,0.0,0.0,0.0,0.0,0.0,0.0
4,2,0.19637306,0.0,0.80362695,0.0,0.0,0.0,0.0,0.0,0.0
4,2,0.19637306,0.0,0.80362695,0.0,0.0,0.0,0.0,0.0,0.0
4,2,0.19637306,0.0,0.80362695,0.0,0.0,0.0,0.0,0.0,0.0
4,2,0.19637306,0.0,0.80362695,0.0,0.0,0.0,0.0,0.0,0.0
4,2,0.19637306,0.0,0.80362695,0.0,0.0,0.0,0.0,0.0,0.0
4,2,0.19637306,0.0,0.80362695,0.0,0.0,0.0,0.0,0.0,0.0
4,2,0.19637306,0.0,0.80362695,0.0,0.0,0.0,0.0,0.0,0.0
4,2,0.19637306,0.0,0.80362695,0.0,0.0,0.0,0.0,0.0,0.0
4,2,0.19637306,0.0,0.80362695,0.0,0.0,0.0,0.0,0.0,0.0
4,2,0.19637306,0.0,0.80362695,0.0,0.0,0.0,0.0,0.0,0.0
4,2,0.19637306,0.0,0.80362695,0.0,0.0,0.0,0.0,0.0,0.0
4,2,0.19637306,0.0,0.80362695,0.0,0.0,0.0,0.0,0.0,0.0
4,2,0.19637306,0.0,0.80362695,0.0,0.0,0.0,0.0,0.0,0.0
4,2,0.19637306,0.0,0.80362695,0.0,0.0,0.0,0.0,0.0,0.0
4,2,0.19637306,0.0,0.80362695,0.0,0.0,0.0,0.0,0.0,0.0
4,2,0.19637306,0.0,0.80362695,0.0,0.0,0.0,0.0,0.0,0.0
4,2,0.19637306,0.0,0.80362695,0.0,0.0,0.0,0.0,0.0,0.0
4,2,0.19637306,0.0,0.80362695,0.0,0.0,0.0,0.0,0.0,0.0
4,2,0.19637306,0.0,0.80362695,0.0,0.0,0.0,0.0,0.0,0.0
4,2,0.19637306,0.0,0.80362695,0.0,0.0,0.0,0.0,0.0,0.0
4,2,0.19637306,0.0,0.80362695,0.0,0.0,0.0,0.0,0.0,0.0
4,2,0.19637306,0.0,0.80362695,0.0,0.0,0.0,0.0,0.0,0.0
4,2,0.19637306,0.0,0.80362695,0.0,0.0,0.0,0.0,0.0,0.0
4,2,0.19637306,0.0,0.80362695,0.0,0.0,0.0,0.0,0.0,0.0
4,2,0.19637306,0.0,0.80362695,0.0,0.0,0.0,0.0,0.0,0.0
4,2,0.19637306,0.0,0.80362695,0.0,0.0,0.0,0.0,0.0,0.0
4,2,0.19637306,0.0,0.80362695,0.0,0.0,0.0,0.0,0.0,0.0
4,2,0.12719533,0.0,0.8728047,0.0,0.0,0.0,0.0,0.0,0.0
4,2,0.12719533,0.0,0.8728047,0.0,0.0,0.0,0.0,0.0,0.0
4,2,0.12719533,0.0,0.8728047,0.0,0.0,0.0,0.0,0.0,0.0
4,2,0.12719533,0.0,0.8728047,0.0,0.0,0.0,0.0,0.0,0.0
4,2,0.12719533,0.0,0.8728047,0.0,0.0,0.0,0.0,0.0,0.0
4,2,0.12719533,0.0,0.8728047,0.0,0.0,0.0,0.0,0.0,0.0
4,2,0.12719533,0.0,0.8728047,0.0,0.0,0.0,0.0,0.0,0.0
4,2,0.12719533,0.0,0.8728047,0.0,0.0,0.0,0.0,0.0,0.0
4,2,0.12719533,0.0,0.8728047,0.0,0.0,0.0,0.0,0.0,0.0
4,2,0.12719533,0.0,0.8728047,0.0,0.0,0.0,0.0,0.0,0.0
4,2,0.12719533,0.0,0.8728047,0.0,0.0,0.0,0.0,0.0,0.0
4,2,0.12719533,0.0,0.8728047,0.0,0.0,0.0,0.0,0.0,0.0
4,2,0.12719533,0.0,0.8728047,0.0,0.0,0.0,0.0,0.0,0.0
4,2,0.12719533,0.0,0.8728047,0.0,0.0,0.0,0.0,0.0,0.0
4,2,0.12719533,0.0,0.8728047,0.0,0.0,0.0,0.0,0.0,0.0
4,2,0.12719533,0.0,0.8728047,0.0,0.0,0.0,0.0,0.0,0.0
4,2,0.12719533,0.0,0.8728047,0.0,0.0,0.0,0.0,0.0,0.0
4,2,0.12719533,0.0,0.8728047,0.0,0.0,0.0,0.0,0.0,0.0
4,2,0.12719533,0.0,0.8728047,0.0,0.0,0.0,0.0,0.0,0.0
4,2,0.12719533,0.0,0.8728047,0.0,0.0,0.0,0.0,0.0,0.0
4,2,0.12719533,0.0,0.8728047,0.0,0.0,0.0,0.0,0.0,0.0
4,2,0.12719533,0.0,0.8728047,0.0,0.0,0.0,0.0,0.0,0.0
4,2,0.12719533,0.0,0.8728047,0.0,0.0,0.0,0.0,0.0,0.0
4,2,0.12719533,0.0,0.8728047,0.0,0.0,0.0,0.0,0.0,0.0
4,2,0.12719533,0.0,0.8728047,0.0,0.0,0.0,0.0,0.0,0.0
4,2,0.12719533,0.0,0.8728047,0.0,0.0,0.0,0.0,0.0,0.0
4,2,0.12719533,0.0,0.8728047,0.0,0.0,0.0,0.0,0.0,0.0
4,2,0.12719533,0.0,0.8728047,0.0,0.0,0.0,0.0,0.0,0.0
4,2,0.12719533,0.0,0.8728047,0.0,0.0,0.0,0.0,0.0,0.0
4,2,0.12719533,0.0,0.8728047,0.0,0.0,0.0,0.0,0.0,0.0
4,2,0.12719533,0.0,0.8728047,0.0,0.0,0.0,0.0,0.0,0.0
4,2,0.12719533,0.0,0.8728047,0.0,0.0,0.0,0.0,0.0,0.0
4,2,0.12719533,0.0,0.8728047,0.0,0.0,0.0,0.0,0.0,0.0
4,2,0.12719533,0.0,0.8728047,0.0,0.0,0.0,0.0,0.0,0.0
4,2,0.12719533,0.0,0.8728047,0.0,0.0,0.0,0.0,0.0,0.0
4,2,0.12719533,0.0,0.8728047,0.0,0.0,0.0,0.0,0.0,0.0
4,2,0.12719533,0.0,0.8728047,0.0,0.0,0.0,0.0,0.0,0.0
4,2,0.12719533,0.0,0.8728047,0.0,0.0,0.0,0.0,0.0,0.0
4,2,0.12719533,0.0,0.8728047,0.0,0.0,0.0,0.0,0.0,0.0
4,2,0.12719533,0.0,0.8728047,0.0,0.0,0.0,0.0,0.0,0.0
4,2,0.12719533,0.0,0.8728047,0.0,0.0,0.0,0.0,0.0,0.0
4,2,0.12719533,0.0,0.8728047,0.0,0.0,0.0,0.0,0.0,0.0
4,2,0.12719533,0.0,0.8728047,0.0,0.0,0.0,0.0,0.0,0.0
4,2,0.12719533,0.0,0.8728047,0.0,0.0,0.0,0.0,0.0,0.0
4,2,0.12719533,0.0,0.8728047,0.0,0.0,0.0,0.0,0.0,0.0
4,2,0.12719533,0.0,0.8728047,0.0,0.0,0.0,0.0,0.0,0.0
4,2,0.12719533,0.0,0.8728047,0.0,0.0,0.0,0.0,0.0,0.0
4,2,0.12719533,0.0,0.8728047,0.0,0.0,0.0,0.0,0.0,0.0
4,2,0.12719533,0.0,0.8728047,0.0,0.0,0.0,0.0,0.0,0.0
4,2,0.12719533,0.0,0.8728047,0.0,0.0,0.0,0.0,0.0,0.0
4,2,0.12719533,0.0,0.8728047,0.0,0.0,0.0,0.0,0.0,0.0
4,2,0.12719533,0.0,0.8728047,0.0,0.0,0.0,0.0,0.0,0.0
4,2,0.12719533,0.0,0.8728047,0.0,0.0,0.0,0.0,0.0,0.0
4,2,0.12719533,0.0,0.8728047,0.0,0.0,0.0,0.0,0.0,0.0
4,2,0.12719533,0.0,0.8728047,0.0,0.0,0.0,0.0,0.0,0.0
4,2,0.12719533,0.0,0.8728047,0.0,0.0,0.0,0.0,0.0,0.0
4,2,0.12719533,0.0,0.8728047,0.0,0.0,0.0,0.0,0.0,0.0
4,2,0.12719533,0.0,0.8728047,0.0,0.0,0.0,0.0,0.0,0.0
4,2,0.12719533,0.0,0.8728047,0.0,0.0,0.0,0.0,0.0,0.0
4,2,0.12719533,0.0,0.8728047,0.0,0.0,0.0,0.0,0.0,0.0
4,2,0.12719533,0.0,0.8728047,0.0,0.0,0.0,0.0,0.0,0.0
4,2,0.12719533,0.0,0.8728047,0.0,0.0,0.0,0.0,0.0,0.0
4,2,0.12719533,0.0,0.8728047,0.0,0.0,0.0,0.0,0.0,0.0
4,2,0.12719533,0.0,0.8728047,0.0,0.0,0.0,0.0,0.0,0.0
4,2,0.12719533,0.0,0.8728047,0.0,0.0,0.0,0.0,0.0,0.0
4,2,0.12719533,0.0,0.8728047,0.0,0.0,0.0,0.0,0.0,0.0
4,2,0.12719533,0.0,0.8728047,0.0,0.0,0.0,0.0,0.0,0.0
4,2,0.12719533,0.0,0.8728047,0.0,0.0,0.0,0.0,0.0,0.0
4,2,0.12719533,0.0,0.8728047,0.0,0.0,0.0,0.0,0.0,0.0
4,2,0.12719533,0.0,0.8728047,0.0,0.0,0.0,0.0,0.0,0.0
4,2,0.12719533,0.0,0.8728047,0.0,0.0,0.0,0.0,0.0,0.0
4,2,0.12719533,0.0,0.8728047,0.0,0.0,0.0,0.0,0.0,0.0
4,2,0.12719533,0.0,0.8728047,0.0,0.0,0.0,0.0,0.0,0.0
4,2,0.12719533,0.0,0.8728047,0.0,0.0,0.0,0.0,0.0,0.0
4,2,0.12719533,0.0,0.8728047,0.0,0.0,0.0,0.0,0.0,0.0
4,2,0.12719533,0.0,0.8728047,0.0,0.0,0.0,0.0,0.0,0.0
4,2,0.12719533,0.0,0.8728047,0.0,0.0,0.0,0.0,0.0,0.0
4,2,0.12719533,0.0,0.8728047,0.0,0.0,0.0,0.0,0.0,0.0
4,2,0.12719533,0.0,0.8728047,0.0,0.0,0.0,0.0,0.0,0.0
4,2,0.12719533,0.0,0.8728047,0.0,0.0,0.0,0.0,0.0,0.0
4,2,0.12719533,0.0,0.8728047,0.0,0.0,0.0,0.0,0.0,0.0
4,2,0.12719533,0.0,0.8728047,0.0,0.0,0.0,0.0,0.0,0.0
4,2,0.12719533,0.0,0.8728047,0.0,0.0,0.0,0.0,0.0,0.0
4,2,0.12719533,0.0,0.8728047,0.0,0.0,0.0,0.0,0.0,0.0
4,2,0.12719533,0.0,0.8728047,0.0,0.0,0.0,0.0,0.0,0.0
4,2,0.12719533,0.0,0.8728047,0.0,0.0,0.0,0.0,0.0,0.0
4,2,0.12719533,0.0,0.8728047,0.0,0.0,0.0,0.0,0.0,0.0
4,2,0.12719533,0.0,0.8728047,0.0,0.0,0.0,0.0,0.0,0.0
4,2,0.12719533,0.0,0.8728047,0.0,0.0,0.0,0.0,0.0,0.0
4,2,0.12719533,0.0,0.8728047,0.0,0.0,0.0,0.0,0.0,0.0
4,2,0.12719533,0.0,0.8728047,0.0,0.0,0.0,0.0,0.0,0.0
4,2,0.12719533,0.0,0.8728047,0.0,0.0,0.0,0.0,0.0,0.0
4,2,0.12719533,0.0,0.8728047,0.0,0.0,0.0,0.0,0.0,0.0
4,2,0.12719533,0.0,0.8728047,0.0,0.0,0.0,0.0,0.0,0.0
4,2,0.12719533,0.0,0.8728047,0.0,0.0,0.0,0.0,0.0,0.0
4,2,0.12719533,0.0,0.8728047,0.0,0.0,0.0,0.0,0.0,0.0
4,2,0.12719533,0.0,0.8728047,0.0,0.0,0.0,0.0,0.0,0.0
4,2,0.12719533,0.0,0.8728047,0.0,0.0,0.0,0.0,0.0,0.0
4,2,0.12719533,0.0,0.8728047,0.0,0.0,0.0,0.0,0.0,0.0
4,2,0.12719533,0.0,0.8728047,0.0,0.0,0.0,0.0,0.0,0.0
4,2,0.12719533,0.0,0.8728047,0.0,0.0,0.0,0.0,0.0,0.0
4,2,0.12719533,0.0,0.8728047,0.0,0.0,0.0,0.0,0.0,0.0
4,2,0.12719533,0.0,0.8728047,0.0,0.0,0.0,0.0,0.0,0.0
4,2,0.12719533,0.0,0.8728047,0.0,0.0,0.0,0.0,0.0,0.0
4,2,0.12719533,0.0,0.8728047,0.0,0.0,0.0,0.0,0.0,0.0
4,2,0.12719533,0.0,0.8728047,0.0,0.0,0.0,0.0,0.0,0.0
4,2,0.12719533,0.0,0.8728047,0.0,0.0,0.0,0.0,0.0,0.0
4,2,0.12719533,0.0,0.8728047,0.0,0.0,0.0,0.0,0.0,0.0
4,2,0.12719533,0.0,0.8728047,0.0,0.0,0.0,0.0,0.0,0.0
4,2,0.12719533,0.0,0.8728047,0.0,0.0,0.0,0.0,0.0,0.0
4,2,0.12719533,0.0,0.8728047,0.0,0.0,0.0,0.0,0.0,0.0
4,2,0.12719533,0.0,0.8728047,0.0,0.0,0.0,0.0,0.0,0.0
4,2,0.12719533,0.0,0.8728047,0.0,0.0,0.0,0.0,0.0,0.0
4,2,0.12719533,0.0,0.8728047,0.0,0.0,0.0,0.0,0.0,0.0
4,2,0.12719533,0.0,0.8728047,0.0,0.0,0.0,0.0,0.0,0.0
4,2,0.12719533,0.0,0.8728047,0.0,0.0,0.0,0.0,0.0,0.0
4,2,0.12719533,0.0,0.8728047,0.0,0.0,0.0,0.0,0.0,0.0
4,2,0.12719533,0.0,0.8728047,0.0,0.0,0.0,0.0,0.0,0.0
4,2,0.12719533,0.0,0.8728047,0.0,0.0,0.0,0.0,0.0,0.0
4,2,0.12719533,0.0,0.8728047,0.0,0.0,0.0,0.0,0.0,0.0
4,2,0.12719533,0.0,0.8728047,0.0,0.0,0.0,0.0,0.0,0.0
4,2,0.12719533,0.0,0.8728047,0.0,0.0,0.0,0.0,0.0,0.0
4,2,0.12719533,0.0,0.8728047,0.0,0.0,0.0,0.0,0.0,0.0
4,2,0.12719533,0.0,0.8728047,0.0,0.0,0.0,0.0,0.0,0.0
4,2,0.12719533,0.0,0.8728047,0.0,0.0,0.0,0.0,0.0,0.0
4,2,0.12719533,0.0,0.8728047,0.0,0.0,0.0,0.0,0.0,0.0
4,2,0.12719533,0.0,0.8728047,0.0,0.0,0.0,0.0,0.0,0.0
4,2,0.12719533,0.0,0.8728047,0.0,0.0,0.0,0.0,0.0,0.0
4,2,0.12719533,0.0,0.8728047,0.0,0.0,0.0,0.0,0.0,0.0
4,2,0.12719533,0.0,0.8728047,0.0,0.0,0.0,0.0,0.0,0.0
4,2,0.12719533,0.0,0.8728047,0.0,0.0,0.0,0.0,0.0,0.0
4,2,0.12719533,0.0,0.8728047,0.0,0.0,0.0,0.0,0.0,0.0
4,2,0.12719533,0.0,0.8728047,0.0,0.0,0.0,0.0,0.0,0.0
4,2,0.12719533,0.0,0.8728047,0.0,0.0,0.0,0.0,0.0,0.0
4,2,0.12719533,0.0,0.8728047,0.0,0.0,0.0,0.0,0.0,0.0
4,2,0.12719533,0.0,0.8728047,0.0,0.0,0.0,0.0,0.0,0.0
4,2,0.12719533,0.0,0.8728047,0.0,0.0,0.0,0.0,0.0,0.0
4,2,0.12719533,0.0,0.8728047,0.0,0.0,0.0,0.0,0.0,0.0
4,2,0.12719533,0.0,0.8728047,0.0,0.0,0.0,0.0,0.0,0.0
4,2,0.12719533,0.0,0.8728047,0.0,0.0,0.0,0.0,0.0,0.0
4,2,0.12719533,0.0,0.8728047,0.0,0.0,0.0,0.0,0.0,0.0
4,2,0.12719533,0.0,0.8728047,0.0,0.0,0.0,0.0,0.0,0.0
4,2,0.12719533,0.0,0.8728047,0.0,0.0,0.0,0.0,0.0,0.0
4,2,0.12719533,0.0,0.8728047,0.0,0.0,0.0,0.0,0.0,0.0
4,2,0.12719533,0.0,0.8728047,0.0,0.0,0.0,0.0,0.0,0.0
4,2,0.12719533,0.0,0.8728047,0.0,0.0,0.0,0.0,0.0,0.0
4,2,0.12719533,0.0,0.8728047,0.0,0.0,0.0,0.0,0.0,0.0
4,2,0.12719533,0.0,0.8728047,0.0,0.0,0.0,0.0,0.0,0.0
4,2,0.12719533,0.0,0.8728047,0.0,0.0,0.0,0.0,0.0,0.0
4,2,0.12719533,0.0,0.8728047,0.0,0.0,0.0,0.0,0.0,0.0
4,2,0.12719533,0.0,0.8728047,0.0,0.0,0.0,0.0,0.0,0.0
4,2,0.12719533,0.0,0.8728047,0.0,0.0,0.0,0.0,0.0,0.0
4,2,0.12719533,0.0,0.8728047,0.0,0.0,0.0,0.0,0.0,0.0
4,2,0.12719533,0.0,0.8728047,0.0,0.0,0.0,0.0,0.0,0.0
4,2,0.12719533,0.0,0.8728047,0.0,0.0,0.0,0.0,0.0,0.0
4,2,0.12719533,0.0,0.8728047,0.0,0.0,0.0,0.0,0.0,0.0
4,2,0.12719533,0.0,0.8728047,0.0,0.0,0.0,0.0,0.0,0.0
4,2,0.12719533,0.0,0.8728047,0.0,0.0,0.0,0.0,0.0,0.0
4,2,0.12719533,0.0,0.8728047,0.0,0.0,0.0,0.0,0.0,0.0
4,2,0.12719533,0.0,0.8728047,0.0,0.0,0.0,0.0,0.0,0.0
4,2,0.12719533,0.0,0.8728047,0.0,0.0,0.0,0.0,0.0,0.0
4,2,0.12719533,0.0,0.8728047,0.0,0.0,0.0,0.0,0.0,0.0
4,2,0.12719533,0.0,0.8728047,0.0,0.0,0.0,0.0,0.0,0.0
4,2,0.12719533,0.0,0.8728047,0.0,0.0,0.0,0.0,0.0,0.0
4,2,0.12719533,0.0,0.8728047,0.0,0.0,0.0,0.0,0.0,0.0
4,2,0.12719533,0.0,0.8728047,0.0,0.0,0.0,0.0,0.0,0.0
4,2,0.12719533,0.0,0.8728047,0.0,0.0,0.0,0.0,0.0,0.0
4,2,0.12719533,0.0,0.8728047,0.0,0.0,0.0,0.0,0.0,0.0
4,2,0.12719533,0.0,0.8728047,0.0,0.0,0.0,0.0,0.0,0.0
4,2,0.12719533,0.0,0.8728047,0.0,0.0,0.0,0.0,0.0,0.0
4,2,0.12719533,0.0,0.8728047,0.0,0.0,0.0,0.0,0.0,0.0
4,2,0.12719533,0.0,0.8728047,0.0,0.0,0.0,0.0,0.0,0.0
4,2,0.12719533,0.0,0.8728047,0.0,0.0,0.0,0.0,0.0,0.0
4,2,0.12719533,0.0,0.8728047,0.0,0.0,0.0,0.0,0.0,0.0
4,2,0.12719533,0.0,0.8728047,0.0,0.0,0.0,0.0,0.0,0.0
4,2,0.12719533,0.0,0.8728047,0.0,0.0,0.0,0.0,0.0,0.0
4,2,0.12719533,0.0,0.8728047,0.0,0.0,0.0,0.0,0.0,0.0
4,2,0.12719533,0.0,0.8728047,0.0,0.0,0.0,0.0,0.0,0.0
4,2,0.12719533,0.0,0.8728047,0.0,0.0,0.0,0.0,0.0,0.0
4,2,0.12719533,0.0,0.8728047,0.0,0.0,0.0,0.0,0.0,0.0
4,2,0.12719533,0.0,0.8728047,0.0,0.0,0.0,0.0,0.0,0.0
4,2,0.12719533,0.0,0.8728047,0.0,0.0,0.0,0.0,0.0,0.0
4,2,0.12719533,0.0,0.8728047,0.0,0.0,0.0,0.0,0.0,0.0
4,2,0.12719533,0.0,0.8728047,0.0,0.0,0.0,0.0,0.0,0.0
4,2,0.12719533,0.0,0.8728047,0.0,0.0,0.0,0.0,0.0,0.0
4,2,0.12719533,0.0,0.8728047,0.0,0.0,0.0,0.0,0.0,0.0
4,2,0.12719533,0.0,0.8728047,0.0,0.0,0.0,0.0,0.0,0.0
4,2,0.12719533,0.0,0.8728047,0.0,0.0,0.0,0.0,0.0,0.0
4,2,0.12719533,0.0,0.8728047,0.0,0.0,0.0,0.0,0.0,0.0
4,2,0.12719533,0.0,0.8728047,0.0,0.0,0.0,0.0,0.0,0.0
4,2,0.12719533,0.0,0.8728047,0.0,0.0,0.0,0.0,0.0,0.0
4,2,0.12719533,0.0,0.8728047,0.0,0.0,0.0,0.0,0.0,0.0
4,2,0.12719533,0.0,0.8728047,0.0,0.0,0.0,0.0,0.0,0.0
4,2,0.12719533,0.0,0.8728047,0.0,0.0,0.0,0.0,0.0,0.0
4,2,0.12719533,0.0,0.8728047,0.0,0.0,0.0,0.0,0.0,0.0
4,2,0.12719533,0.0,0.8728047,0.0,0.0,0.0,0.0,0.0,0.0
4,2,0.12719533,0.0,0.8728047,0.0,0.0,0.0,0.0,0.0,0.0
4,2,0.12719533,0.0,0.8728047,0.0,0.0,0.0,0.0,0.0,0.0
4,2,0.12719533,0.0,0.8728047,0.0,0.0,0.0,0.0,0.0,0.0
4,2,0.12719533,0.0,0.8728047,0.0,0.0,0.0,0.0,0.0,0.0
4,2,0.12719533,0.0,0.8728047,0.0,0.0,0.0,0.0,0.0,0.0
4,2,0.12719533,0.0,0.8728047,0.0,0.0,0.0,0.0,0.0,0.0
4,2,0.12719533,0.0,0.8728047,0.0,0.0,0.0,0.0,0.0,0.0
4,2,0.12719533,0.0,0.8728047,0.0,0.0,0.0,0.0,0.0,0.0
4,2,0.12719533,0.0,0.8728047,0.0,0.0,0.0,0.0,0.0,0.0
4,2,0.12719533,0.0,0.8728047,0.0,0.0,0.0,0.0,0.0,0.0
4,2,0.12719533,0.0,0.8728047,0.0,0.0,0.0,0.0,0.0,0.0
4,2,0.12719533,0.0,0.8728047,0.0,0.0,0.0,0.0,0.0,0.0
4,2,0.12719533,0.0,0.8728047,0.0,0.0,0.0,0.0,0.0,0.0
4,2,0.12719533,0.0,0.8728047,0.0,0.0,0.0,0.0,0.0,0.0
4,2,0.12719533,0.0,0.8728047,0.0,0.0,0.0,0.0,0.0,0.0
4,2,0.12719533,0.0,0.8728047,0.0,0.0,0.0,0.0,0.0,0.0
4,2,0.12719533,0.0,0.8728047,0.0,0.0,0.0,0.0,0.0,0.0
4,2,0.12719533,0.0,0.8728047,0.0,0.0,0.0,0.0,0.0,0.0
4,2,0.12719533,0.0,0.8728047,0.0,0.0,0.0,0.0,0.0,0.0
4,2,0.12719533,0.0,0.8728047,0.0,0.0,0.0,0.0,0.0,0.0
4,2,0.12719533,0.0,0.8728047,0.0,0.0,0.0,0.0,0.0,0.0
4,2,0.12719533,0.0,0.8728047,0.0,0.0,0.0,0.0,0.0,0.0
4,2,0.12719533,0.0,0.8728047,0.0,0.0,0.0,0.0,0.0,0.0
4,2,0.12719533,0.0,0.8728047,0.0,0.0,0.0,0.0,0.0,0.0
4,2,0.12719533,0.0,0.8728047,0.0,0.0,0.0,0.0,0.0,0.0
4,2,0.12719533,0.0,0.8728047,0.0,0.0,0.0,0.0,0.0,0.0
4,2,0.12719533,0.0,0.8728047,0.0,0.0,0.0,0.0,0.0,0.0
4,2,0.12719533,0.0,0.8728047,0.0,0.0,0.0,0.0,0.0,0.0
4,2,0.12719533,0.0,0.8728047,0.0,0.0,0.0,0.0,0.0,0.0
4,2,0.12719533,0.0,0.8728047,0.0,0.0,0.0,0.0,0.0,0.0
4,2,0.12719533,0.0,0.8728047,0.0,0.0,0.0,0.0,0.0,0.0
4,2,0.12719533,0.0,0.8728047,0.0,0.0,0.0,0.0,0.0,0.0
4,2,0.12719533,0.0,0.8728047,0.0,0.0,0.0,0.0,0.0,0.0
4,2,0.12719533,0.0,0.8728047,0.0,0.0,0.0,0.0,0.0,0.0
4,2,0.12719533,0.0,0.8728047,0.0,0.0,0.0,0.0,0.0,0.0
4,2,0.12719533,0.0,0.8728047,0.0,0.0,0.0,0.0,0.0,0.0
4,2,0.12719533,0.0,0.8728047,0.0,0.0,0.0,0.0,0.0,0.0
4,2,0.12719533,0.0,0.8728047,0.0,0.0,0.0,0.0,0.0,0.0
4,2,0.12719533,0.0,0.8728047,0.0,0.0,0.0,0.0,0.0,0.0
4,2,0.12719533,0.0,0.8728047,0.0,0.0,0.0,0.0,0.0,0.0
4,2,0.12719533,0.0,0.8728047,0.0,0.0,0.0,0.0,0.0,0.0
4,2,0.12719533,0.0,0.8728047,0.0,0.0,0.0,0.0,0.0,0.0
4,2,0.12719533,0.0,0.8728047,0.0,0.0,0.0,0.0,0.0,0.0
4,2,0.12719533,0.0,0.8728047,0.0,0.0,0.0,0.0,0.0,0.0
4,2,0.12719533,0.0,0.8728047,0.0,0.0,0.0,0.0,0.0,0.0
4,2,0.12719533,0.0,0.8728047,0.0,0.0,0.0,0.0,0.0,0.0
4,2,0.12719533,0.0,0.8728047,0.0,0.0,0.0,0.0,0.0,0.0
4,2,0.12719533,0.0,0.8728047,0.0,0.0,0.0,0.0,0.0,0.0
4,2,0.12719533,0.0,0.8728047,0.0,0.0,0.0,0.0,0.0,0.0
4,2,0.12719533,0.0,0.8728047,0.0,0.0,0.0,0.0,0.0,0.0
4,2,0.062480014,0.0,0.93751997,0.0,0.0,0.0,0.0,0.0,0.0
4,2,0.062480014,0.0,0.93751997,0.0,0.0,0.0,0.0,0.0,0.0
4,2,0.062480014,0.0,0.93751997,0.0,0.0,0.0,0.0,0.0,0.0
4,2,0.062480014,0.0,0.93751997,0.0,0.0,0.0,0.0,0.0,0.0
4,2,0.062480014,0.0,0.93751997,0.0,0.0,0.0,0.0,0.0,0.0
4,2,0.062480014,0.0,0.93751997,0.0,0.0,0.0,0.0,0.0,0.0
4,2,0.062480014,0.0,0.93751997,0.0,0.0,0.0,0.0,0.0,0.0
4,2,0.062480014,0.0,0.93751997,0.0,0.0,0.0,0.0,0.0,0.0
4,2,0.062480014,0.0,0.93751997,0.0,0.0,0.0,0.0,0.0,0.0
4,2,0.062480014,0.0,0.93751997,0.0,0.0,0.0,0.0,0.0,0.0
4,2,0.062480014,0.0,0.93751997,0.0,0.0,0.0,0.0,0.0,0.0
4,2,0.062480014,0.0,0.93751997,0.0,0.0,0.0,0.0,0.0,0.0
4,2,0.062480014,0.0,0.93751997,0.0,0.0,0.0,0.0,0.0,0.0
4,2,0.062480014,0.0,0.93751997,0.0,0.0,0.0,0.0,0.0,0.0
4,2,0.062480014,0.0,0.93751997,0.0,0.0,0.0,0.0,0.0,0.0
4,2,0.062480014,0.0,0.93751997,0.0,0.0,0.0,0.0,0.0,0.0
4,2,0.062480014,0.0,0.93751997,0.0,0.0,0.0,0.0,0.0,0.0
4,2,0.062480014,0.0,0.93751997,0.0,0.0,0.0,0.0,0.0,0.0
4,2,0.062480014,0.0,0.93751997,0.0,0.0,0.0,0.0,0.0,0.0
4,2,0.062480014,0.0,0.93751997,0.0,0.0,0.0,0.0,0.0,0.0
4,2,0.062480014,0.0,0.93751997,0.0,0.0,0.0,0.0,0.0,0.0
4,2,0.062480014,0.0,0.93751997,0.0,0.0,0.0,0.0,0.0,0.0
4,2,0.062480014,0.0,0.93751997,0.0,0.0,0.0,0.0,0.0,0.0
4,2,0.062480014,0.0,0.93751997,0.0,0.0,0.0,0.0,0.0,0.0
4,2,0.062480014,0.0,0.93751997,0.0,0.0,0.0,0.0,0.0,0.0
4,2,0.062480014,0.0,0.93751997,0.0,0.0,0.0,0.0,0.0,0.0
4,2,0.062480014,0.0,0.93751997,0.0,0.0,0.0,0.0,0.0,0.0
4,2,0.13526383,0.0,0.8647362,0.0,0.0,0.0,0.0,0.0,0.0
4,2,0.13526383,0.0,0.8647362,0.0,0.0,0.0,0.0,0.0,0.0
4,2,0.13526383,0.0,0.8647362,0.0,0.0,0.0,0.0,0.0,0.0
4,2,0.13526383,0.0,0.8647362,0.0,0.0,0.0,0.0,0.0,0.0
4,2,0.13526383,0.0,0.8647362,0.0,0.0,0.0,0.0,0.0,0.0
4,2,0.13526383,0.0,0.8647362,0.0,0.0,0.0,0.0,0.0,0.0
4,2,0.13526383,0.0,0.8647362,0.0,0.0,0.0,0.0,0.0,0.0
4,2,0.13526383,0.0,0.8647362,0.0,0.0,0.0,0.0,0.0,0.0
4,2,0.13526383,0.0,0.8647362,0.0,0.0,0.0,0.0,0.0,0.0
4,2,0.13526383,0.0,0.8647362,0.0,0.0,0.0,0.0,0.0,0.0
4,2,0.13526383,0.0,0.8647362,0.0,0.0,0.0,0.0,0.0,0.0
4,2,0.13526383,0.0,0.8647362,0.0,0.0,0.0,0.0,0.0,0.0
4,2,0.13526383,0.0,0.8647362,0.0,0.0,0.0,0.0,0.0,0.0
4,2,0.13526383,0.0,0.8647362,0.0,0.0,0.0,0.0,0.0,0.0
4,2,0.13526383,0.0,0.8647362,0.0,0.0,0.0,0.0,0.0,0.0
4,2,0.13526383,0.0,0.8647362,0.0,0.0,0.0,0.0,0.0,0.0
4,2,0.13526383,0.0,0.8647362,0.0,0.0,0.0,0.0,0.0,0.0
4,2,0.13526383,0.0,0.8647362,0.0,0.0,0.0,0.0,0.0,0.0
4,2,0.13526383,0.0,0.8647362,0.0,0.0,0.0,0.0,0.0,0.0
4,2,0.13526383,0.0,0.8647362,0.0,0.0,0.0,0.0,0.0,0.0
4,2,0.13526383,0.0,0.8647362,0.0,0.0,0.0,0.0,0.0,0.0
4,2,0.13526383,0.0,0.8647362,0.0,0.0,0.0,0.0,0.0,0.0
4,2,0.13526383,0.0,0.8647362,0.0,0.0,0.0,0.0,0.0,0.0
4,2,0.13526383,0.0,0.8647362,0.0,0.0,0.0,0.0,0.0,0.0
4,2,0.13526383,0.0,0.8647362,0.0,0.0,0.0,0.0,0.0,0.0
4,2,0.13526383,0.0,0.8647362,0.0,0.0,0.0,0.0,0.0,0.0
4,2,0.13526383,0.0,0.8647362,0.0,0.0,0.0,0.0,0.0,0.0
4,2,0.13526383,0.0,0.8647362,0.0,0.0,0.0,0.0,0.0,0.0
4,2,0.13526383,0.0,0.8647362,0.0,0.0,0.0,0.0,0.0,0.0
4,2,0.13526383,0.0,0.8647362,0.0,0.0,0.0,0.0,0.0,0.0
4,2,0.13526383,0.0,0.8647362,0.0,0.0,0.0,0.0,0.0,0.0
4,2,0.13526383,0.0,0.8647362,0.0,0.0,0.0,0.0,0.0,0.0
4,2,0.13526383,0.0,0.8647362,0.0,0.0,0.0,0.0,0.0,0.0
4,2,0.13526383,0.0,0.8647362,0.0,0.0,0.0,0.0,0.0,0.0
4,2,0.13526383,0.0,0.8647362,0.0,0.0,0.0,0.0,0.0,0.0
4,2,0.13526383,0.0,0.8647362,0.0,0.0,0.0,0.0,0.0,0.0
4,2,0.13526383,0.0,0.8647362,0.0,0.0,0.0,0.0,0.0,0.0
4,2,0.13526383,0.0,0.8647362,0.0,0.0,0.0,0.0,0.0,0.0
4,2,0.13526383,0.0,0.8647362,0.0,0.0,0.0,0.0,0.0,0.0
4,2,0.13526383,0.0,0.8647362,0.0,0.0,0.0,0.0,0.0,0.0
4,2,0.13526383,0.0,0.8647362,0.0,0.0,0.0,0.0,0.0,0.0
4,2,0.13526383,0.0,0.8647362,0.0,0.0,0.0,0.0,0.0,0.0
4,2,0.13526383,0.0,0.8647362,0.0,0.0,0.0,0.0,0.0,0.0
4,2,0.13526383,0.0,0.8647362,0.0,0.0,0.0,0.0,0.0,0.0
4,2,0.13526383,0.0,0.8647362,0.0,0.0,0.0,0.0,0.0,0.0
4,2,0.13526383,0.0,0.8647362,0.0,0.0,0.0,0.0,0.0,0.0
4,2,0.13526383,0.0,0.8647362,0.0,0.0,0.0,0.0,0.0,0.0
4,2,0.13526383,0.0,0.8647362,0.0,0.0,0.0,0.0,0.0,0.0
4,2,0.13526383,0.0,0.8647362,0.0,0.0,0.0,0.0,0.0,0.0
4,2,0.13526383,0.0,0.8647362,0.0,0.0,0.0,0.0,0.0,0.0
4,2,0.13526383,0.0,0.8647362,0.0,0.0,0.0,0.0,0.0,0.0
4,2,0.13526383,0.0,0.8647362,0.0,0.0,0.0,0.0,0.0,0.0
4,2,0.13526383,0.0,0.8647362,0.0,0.0,0.0,0.0,0.0,0.0
4,2,0.13526383,0.0,0.8647362,0.0,0.0,0.0,0.0,0.0,0.0
4,2,0.13526383,0.0,0.8647362,0.0,0.0,0.0,0.0,0.0,0.0
4,2,0.13526383,0.0,0.8647362,0.0,0.0,0.0,0.0,0.0,0.0
4,2,0.13526383,0.0,0.8647362,0.0,0.0,0.0,0.0,0.0,0.0
4,2,0.13526383,0.0,0.8647362,0.0,0.0,0.0,0.0,0.0,0.0
4,2,0.13526383,0.0,0.8647362,0.0,0.0,0.0,0.0,0.0,0.0
4,2,0.13526383,0.0,0.8647362,0.0,0.0,0.0,0.0,0.0,0.0
4,2,0.13526383,0.0,0.8647362,0.0,0.0,0.0,0.0,0.0,0.0
4,2,0.13526383,0.0,0.8647362,0.0,0.0,0.0,0.0,0.0,0.0
4,2,0.13526383,0.0,0.8647362,0.0,0.0,0.0,0.0,0.0,0.0
4,2,0.13526383,0.0,0.8647362,0.0,0.0,0.0,0.0,0.0,0.0
4,2,0.13526383,0.0,0.8647362,0.0,0.0,0.0,0.0,0.0,0.0
4,2,0.13526383,0.0,0.8647362,0.0,0.0,0.0,0.0,0.0,0.0
4,2,0.13526383,0.0,0.8647362,0.0,0.0,0.0,0.0,0.0,0.0
4,2,0.13526383,0.0,0.8647362,0.0,0.0,0.0,0.0,0.0,0.0
4,2,0.13526383,0.0,0.8647362,0.0,0.0,0.0,0.0,0.0,0.0
4,2,0.13526383,0.0,0.8647362,0.0,0.0,0.0,0.0,0.0,0.0
4,2,0.13526383,0.0,0.8647362,0.0,0.0,0.0,0.0,0.0,0.0
4,2,0.13526383,0.0,0.8647362,0.0,0.0,0.0,0.0,0.0,0.0
4,2,0.13526383,0.0,0.8647362,0.0,0.0,0.0,0.0,0.0,0.0
4,2,0.13526383,0.0,0.8647362,0.0,0.0,0.0,0.0,0.0,0.0
4,2,0.13526383,0.0,0.8647362,0.0,0.0,0.0,0.0,0.0,0.0
4,2,0.13526383,0.0,0.8647362,0.0,0.0,0.0,0.0,0.0,0.0
4,2,0.13526383,0.0,0.8647362,0.0,0.0,0.0,0.0,0.0,0.0
4,2,0.13526383,0.0,0.8647362,0.0,0.0,0.0,0.0,0.0,0.0
4,2,0.13526383,0.0,0.8647362,0.0,0.0,0.0,0.0,0.0,0.0
4,2,0.13526383,0.0,0.8647362,0.0,0.0,0.0,0.0,0.0,0.0
4,2,0.13526383,0.0,0.8647362,0.0,0.0,0.0,0.0,0.0,0.0
4,2,0.13526383,0.0,0.8647362,0.0,0.0,0.0,0.0,0.0,0.0
4,2,0.13526383,0.0,0.8647362,0.0,0.0,0.0,0.0,0.0,0.0
4,2,0.13526383,0.0,0.8647362,0.0,0.0,0.0,0.0,0.0,0.0
4,2,0.13526383,0.0,0.8647362,0.0,0.0,0.0,0.0,0.0,0.0
4,2,0.13526383,0.0,0.8647362,0.0,0.0,0.0,0.0,0.0,0.0
4,2,0.13526383,0.0,0.8647362,0.0,0.0,0.0,0.0,0.0,0.0
4,2,0.13526383,0.0,0.8647362,0.0,0.0,0.0,0.0,0.0,0.0
4,2,0.13526383,0.0,0.8647362,0.0,0.0,0.0,0.0,0.0,0.0
4,2,0.13526383,0.0,0.8647362,0.0,0.0,0.0,0.0,0.0,0.0
4,2,0.13526383,0.0,0.8647362,0.0,0.0,0.0,0.0,0.0,0.0
4,2,0.13526383,0.0,0.8647362,0.0,0.0,0.0,0.0,0.0,0.0
4,2,0.13526383,0.0,0.8647362,0.0,0.0,0.0,0.0,0.0,0.0
4,2,0.13526383,0.0,0.8647362,0.0,0.0,0.0,0.0,0.0,0.0
4,2,0.13526383,0.0,0.8647362,0.0,0.0,0.0,0.0,0.0,0.0
4,2,0.13526383,0.0,0.8647362,0.0,0.0,0.0,0.0,0.0,0.0
4,2,0.13526383,0.0,0.8647362,0.0,0.0,0.0,0.0,0.0,0.0
4,2,0.13526383,0.0,0.8647362,0.0,0.0,0.0,0.0,0.0,0.0
4,2,0.13526383,0.0,0.8647362,0.0,0.0,0.0,0.0,0.0,0.0
4,2,0.13526383,0.0,0.8647362,0.0,0.0,0.0,0.0,0.0,0.0
4,2,0.13526383,0.0,0.8647362,0.0,0.0,0.0,0.0,0.0,0.0
4,2,0.13526383,0.0,0.8647362,0.0,0.0,0.0,0.0,0.0,0.0
4,2,0.13526383,0.0,0.8647362,0.0,0.0,0.0,0.0,0.0,0.0
4,2,0.13526383,0.0,0.8647362,0.0,0.0,0.0,0.0,0.0,0.0
4,2,0.13526383,0.0,0.8647362,0.0,0.0,0.0,0.0,0.0,0.0
4,2,0.13526383,0.0,0.8647362,0.0,0.0,0.0,0.0,0.0,0.0
4,2,0.13526383,0.0,0.8647362,0.0,0.0,0.0,0.0,0.0,0.0
4,2,0.13526383,0.0,0.8647362,0.0,0.0,0.0,0.0,0.0,0.0
4,2,0.13526383,0.0,0.8647362,0.0,0.0,0.0,0.0,0.0,0.0
4,2,0.13526383,0.0,0.8647362,0.0,0.0,0.0,0.0,0.0,0.0
4,2,0.13526383,0.0,0.8647362,0.0,0.0,0.0,0.0,0.0,0.0
4,2,0.13526383,0.0,0.8647362,0.0,0.0,0.0,0.0,0.0,0.0
4,2,0.13526383,0.0,0.8647362,0.0,0.0,0.0,0.0,0.0,0.0
4,2,0.13526383,0.0,0.8647362,0.0,0.0,0.0,0.0,0.0,0.0
4,2,0.13526383,0.0,0.8647362,0.0,0.0,0.0,0.0,0.0,0.0
4,2,0.13526383,0.0,0.8647362,0.0,0.0,0.0,0.0,0.0,0.0
4,2,0.13526383,0.0,0.8647362,0.0,0.0,0.0,0.0,0.0,0.0
4,2,0.13526383,0.0,0.8647362,0.0,0.0,0.0,0.0,0.0,0.0
4,2,0.13526383,0.0,0.8647362,0.0,0.0,0.0,0.0,0.0,0.0
4,2,0.13526383,0.0,0.8647362,0.0,0.0,0.0,0.0,0.0,0.0
4,2,0.13526383,0.0,0.8647362,0.0,0.0,0.0,0.0,0.0,0.0
4,2,0.13526383,0.0,0.8647362,0.0,0.0,0.0,0.0,0.0,0.0
4,2,0.13526383,0.0,0.8647362,0.0,0.0,0.0,0.0,0.0,0.0
4,2,0.13526383,0.0,0.8647362,0.0,0.0,0.0,0.0,0.0,0.0
4,2,0.13526383,0.0,0.8647362,0.0,0.0,0.0,0.0,0.0,0.0
4,2,0.13526383,0.0,0.8647362,0.0,0.0,0.0,0.0,0.0,0.0
4,2,0.13526383,0.0,0.8647362,0.0,0.0,0.0,0.0,0.0,0.0
4,2,0.13526383,0.0,0.8647362,0.0,0.0,0.0,0.0,0.0,0.0
4,2,0.13526383,0.0,0.8647362,0.0,0.0,0.0,0.0,0.0,0.0
4,2,0.13526383,0.0,0.8647362,0.0,0.0,0.0,0.0,0.0,0.0
4,2,0.13526383,0.0,0.8647362,0.0,0.0,0.0,0.0,0.0,0.0
4,2,0.13526383,0.0,0.8647362,0.0,0.0,0.0,0.0,0.0,0.0
4,2,0.13526383,0.0,0.8647362,0.0,0.0,0.0,0.0,0.0,0.0
4,2,0.13526383,0.0,0.8647362,0.0,0.0,0.0,0.0,0.0,0.0
4,2,0.13526383,0.0,0.8647362,0.0,0.0,0.0,0.0,0.0,0.0
4,2,0.13526383,0.0,0.8647362,0.0,0.0,0.0,0.0,0.0,0.0
4,2,0.13526383,0.0,0.8647362,0.0,0.0,0.0,0.0,0.0,0.0
4,2,0.13526383,0.0,0.8647362,0.0,0.0,0.0,0.0,0.0,0.0
4,2,0.13526383,0.0,0.8647362,0.0,0.0,0.0,0.0,0.0,0.0
4,2,0.13526383,0.0,0.8647362,0.0,0.0,0.0,0.0,0.0,0.0
4,2,0.13526383,0.0,0.8647362,0.0,0.0,0.0,0.0,0.0,0.0
4,2,0.13526383,0.0,0.8647362,0.0,0.0,0.0,0.0,0.0,0.0
4,2,0.13526383,0.0,0.8647362,0.0,0.0,0.0,0.0,0.0,0.0
4,2,0.13526383,0.0,0.8647362,0.0,0.0,0.0,0.0,0.0,0.0
4,2,0.13526383,0.0,0.8647362,0.0,0.0,0.0,0.0,0.0,0.0
4,2,0.13526383,0.0,0.8647362,0.0,0.0,0.0,0.0,0.0,0.0
4,2,0.13526383,0.0,0.8647362,0.0,0.0,0.0,0.0,0.0,0.0
4,2,0.13526383,0.0,0.8647362,0.0,0.0,0.0,0.0,0.0,0.0
4,2,0.13526383,0.0,0.8647362,0.0,0.0,0.0,0.0,0.0,0.0
4,2,0.13526383,0.0,0.8647362,0.0,0.0,0.0,0.0,0.0,0.0
4,2,0.13526383,0.0,0.8647362,0.0,0.0,0.0,0.0,0.0,0.0
4,2,0.13526383,0.0,0.8647362,0.0,0.0,0.0,0.0,0.0,0.0
4,2,0.13526383,0.0,0.8647362,0.0,0.0,0.0,0.0,0.0,0.0
4,2,0.13526383,0.0,0.8647362,0.0,0.0,0.0,0.0,0.0,0.0
4,2,0.13526383,0.0,0.8647362,0.0,0.0,0.0,0.0,0.0,0.0
4,2,0.13526383,0.0,0.8647362,0.0,0.0,0.0,0.0,0.0,0.0
4,2,0.13526383,0.0,0.8647362,0.0,0.0,0.0,0.0,0.0,0.0
4,2,0.13526383,0.0,0.8647362,0.0,0.0,0.0,0.0,0.0,0.0
4,2,0.13526383,0.0,0.8647362,0.0,0.0,0.0,0.0,0.0,0.0
4,2,0.13526383,0.0,0.8647362,0.0,0.0,0.0,0.0,0.0,0.0
4,2,0.13526383,0.0,0.8647362,0.0,0.0,0.0,0.0,0.0,0.0
4,2,0.13526383,0.0,0.8647362,0.0,0.0,0.0,0.0,0.0,0.0
4,2,0.13526383,0.0,0.8647362,0.0,0.0,0.0,0.0,0.0,0.0
4,2,0.13526383,0.0,0.8647362,0.0,0.0,0.0,0.0,0.0,0.0
4,2,0.13526383,0.0,0.8647362,0.0,0.0,0.0,0.0,0.0,0.0
4,2,0.13526383,0.0,0.8647362,0.0,0.0,0.0,0.0,0.0,0.0
4,2,0.13526383,0.0,0.8647362,0.0,0.0,0.0,0.0,0.0,0.0
4,2,0.13526383,0.0,0.8647362,0.0,0.0,0.0,0.0,0.0,0.0
4,2,0.13526383,0.0,0.8647362,0.0,0.0,0.0,0.0,0.0,0.0
4,2,0.13526383,0.0,0.8647362,0.0,0.0,0.0,0.0,0.0,0.0
4,2,0.13526383,0.0,0.8647362,0.0,0.0,0.0,0.0,0.0,0.0
4,2,0.13526383,0.0,0.8647362,0.0,0.0,0.0,0.0,0.0,0.0
4,2,0.13526383,0.0,0.8647362,0.0,0.0,0.0,0.0,0.0,0.0
4,2,0.13526383,0.0,0.8647362,0.0,0.0,0.0,0.0,0.0,0.0
4,2,0.13526383,0.0,0.8647362,0.0,0.0,0.0,0.0,0.0,0.0
4,2,0.13526383,0.0,0.8647362,0.0,0.0,0.0,0.0,0.0,0.0
4,2,0.13526383,0.0,0.8647362,0.0,0.0,0.0,0.0,0.0,0.0
4,2,0.13526383,0.0,0.8647362,0.0,0.0,0.0,0.0,0.0,0.0
4,2,0.13526383,0.0,0.8647362,0.0,0.0,0.0,0.0,0.0,0.0
4,2,0.13526383,0.0,0.8647362,0.0,0.0,0.0,0.0,0.0,0.0
4,2,0.13526383,0.0,0.8647362,0.0,0.0,0.0,0.0,0.0,0.0
4,2,0.13526383,0.0,0.8647362,0.0,0.0,0.0,0.0,0.0,0.0
4,2,0.13526383,0.0,0.8647362,0.0,0.0,0.0,0.0,0.0,0.0
4,2,0.13526383,0.0,0.8647362,0.0,0.0,0.0,0.0,0.0,0.0
4,2,0.13526383,0.0,0.8647362,0.0,0.0,0.0,0.0,0.0,0.0
4,2,0.13526383,0.0,0.8647362,0.0,0.0,0.0,0.0,0.0,0.0
4,2,0.13526383,0.0,0.8647362,0.0,0.0,0.0,0.0,0.0,0.0
4,2,0.13526383,0.0,0.8647362,0.0,0.0,0.0,0.0,0.0,0.0
4,2,0.13526383,0.0,0.8647362,0.0,0.0,0.0,0.0,0.0,0.0
4,2,0.13526383,0.0,0.8647362,0.0,0.0,0.0,0.0,0.0,0.0
4,2,0.13526383,0.0,0.8647362,0.0,0.0,0.0,0.0,0.0,0.0
4,2,0.13526383,0.0,0.8647362,0.0,0.0,0.0,0.0,0.0,0.0
4,2,0.13526383,0.0,0.8647362,0.0,0.0,0.0,0.0,0.0,0.0
4,2,0.13526383,0.0,0.8647362,0.0,0.0,0.0,0.0,0.0,0.0
4,2,0.13526383,0.0,0.8647362,0.0,0.0,0.0,0.0,0.0,0.0
4,2,0.13526383,0.0,0.8647362,0.0,0.0,0.0,0.0,0.0,0.0
4,2,0.13526383,0.0,0.8647362,0.0,0.0,0.0,0.0,0.0,0.0
4,2,0.13526383,0.0,0.8647362,0.0,0.0,0.0,0.0,0.0,0.0
4,2,0.13526383,0.0,0.8647362,0.0,0.0,0.0,0.0,0.0,0.0
4,2,0.13526383,0.0,0.8647362,0.0,0.0,0.0,0.0,0.0,0.0
4,2,0.13526383,0.0,0.8647362,0.0,0.0,0.0,0.0,0.0,0.0
4,2,0.13526383,0.0,0.8647362,0.0,0.0,0.0,0.0,0.0,0.0
4,2,0.13526383,0.0,0.8647362,0.0,0.0,0.0,0.0,0.0,0.0
4,2,0.13526383,0.0,0.8647362,0.0,0.0,0.0,0.0,0.0,0.0
4,2,0.13526383,0.0,0.8647362,0.0,0.0,0.0,0.0,0.0,0.0
4,2,0.13526383,0.0,0.8647362,0.0,0.0,0.0,0.0,0.0,0.0
4,2,0.13526383,0.0,0.8647362,0.0,0.0,0.0,0.0,0.0,0.0
4,2,0.13526383,0.0,0.8647362,0.0,0.0,0.0,0.0,0.0,0.0
4,2,0.13526383,0.0,0.8647362,0.0,0.0,0.0,0.0,0.0,0.0
4,2,0.13526383,0.0,0.8647362,0.0,0.0,0.0,0.0,0.0,0.0
4,2,0.13526383,0.0,0.8647362,0.0,0.0,0.0,0.0,0.0,0.0
4,2,0.13526383,0.0,0.8647362,0.0,0.0,0.0,0.0,0.0,0.0
4,2,0.13526383,0.0,0.8647362,0.0,0.0,0.0,0.0,0.0,0.0
4,2,0.13526383,0.0,0.8647362,0.0,0.0,0.0,0.0,0.0,0.0
4,2,0.13526383,0.0,0.8647362,0.0,0.0,0.0,0.0,0.0,0.0
4,2,0.13526383,0.0,0.8647362,0.0,0.0,0.0,0.0,0.0,0.0
4,2,0.13526383,0.0,0.8647362,0.0,0.0,0.0,0.0,0.0,0.0
4,2,0.13526383,0.0,0.8647362,0.0,0.0,0.0,0.0,0.0,0.0
4,2,0.13526383,0.0,0.8647362,0.0,0.0,0.0,0.0,0.0,0.0
4,2,0.13526383,0.0,0.8647362,0.0,0.0,0.0,0.0,0.0,0.0
4,2,0.13526383,0.0,0.8647362,0.0,0.0,0.0,0.0,0.0,0.0
4,2,0.13526383,0.0,0.8647362,0.0,0.0,0.0,0.0,0.0,0.0
4,2,0.13526383,0.0,0.8647362,0.0,0.0,0.0,0.0,0.0,0.0
4,2,0.13526383,0.0,0.8647362,0.0,0.0,0.0,0.0,0.0,0.0
4,2,0.13526383,0.0,0.8647362,0.0,0.0,0.0,0.0,0.0,0.0
4,2,0.13526383,0.0,0.8647362,0.0,0.0,0.0,0.0,0.0,0.0
4,2,0.13526383,0.0,0.8647362,0.0,0.0,0.0,0.0,0.0,0.0
4,2,0.13526383,0.0,0.8647362,0.0,0.0,0.0,0.0,0.0,0.0
4,2,0.13526383,0.0,0.8647362,0.0,0.0,0.0,0.0,0.0,0.0
4,2,0.13526383,0.0,0.8647362,0.0,0.0,0.0,0.0,0.0,0.0
4,2,0.13526383,0.0,0.8647362,0.0,0.0,0.0,0.0,0.0,0.0
4,2,0.13526383,0.0,0.8647362,0.0,0.0,0.0,0.0,0.0,0.0
4,2,0.13526383,0.0,0.8647362,0.0,0.0,0.0,0.0,0.0,0.0
4,2,0.13526383,0.0,0.8647362,0.0,0.0,0.0,0.0,0.0,0.0
4,2,0.13526383,0.0,0.8647362,0.0,0.0,0.0,0.0,0.0,0.0
4,2,0.13526383,0.0,0.8647362,0.0,0.0,0.0,0.0,0.0,0.0
4,2,0.13526383,0.0,0.8647362,0.0,0.0,0.0,0.0,0.0,0.0
4,2,0.13526383,0.0,0.8647362,0.0,0.0,0.0,0.0,0.0,0.0
4,2,0.13526383,0.0,0.8647362,0.0,0.0,0.0,0.0,0.0,0.0
4,2,0.13526383,0.0,0.8647362,0.0,0.0,0.0,0.0,0.0,0.0
4,2,0.13526383,0.0,0.8647362,0.0,0.0,0.0,0.0,0.0,0.0
4,2,0.13526383,0.0,0.8647362,0.0,0.0,0.0,0.0,0.0,0.0
4,2,0.13526383,0.0,0.8647362,0.0,0.0,0.0,0.0,0.0,0.0
4,2,0.13526383,0.0,0.8647362,0.0,0.0,0.0,0.0,0.0,0.0
4,2,0.13526383,0.0,0.8647362,0.0,0.0,0.0,0.0,0.0,0.0
4,2,0.13526383,0.0,0.8647362,0.0,0.0,0.0,0.0,0.0,0.0
4,2,0.13526383,0.0,0.8647362,0.0,0.0,0.0,0.0,0.0,0.0
4,2,0.13526383,0.0,0.8647362,0.0,0.0,0.0,0.0,0.0,0.0
4,2,0.13526383,0.0,0.8647362,0.0,0.0,0.0,0.0,0.0,0.0
4,2,0.13526383,0.0,0.8647362,0.0,0.0,0.0,0.0,0.0,0.0
4,2,0.13526383,0.0,0.8647362,0.0,0.0,0.0,0.0,0.0,0.0
4,2,0.13526383,0.0,0.8647362,0.0,0.0,0.0,0.0,0.0,0.0
4,2,0.13526383,0.0,0.8647362,0.0,0.0,0.0,0.0,0.0,0.0
4,2,0.13526383,0.0,0.8647362,0.0,0.0,0.0,0.0,0.0,0.0
4,2,0.13526383,0.0,0.8647362,0.0,0.0,0.0,0.0,0.0,0.0
4,2,0.13526383,0.0,0.8647362,0.0,0.0,0.0,0.0,0.0,0.0
4,2,0.13526383,0.0,0.8647362,0.0,0.0,0.0,0.0,0.0,0.0
4,2,0.13526383,0.0,0.8647362,0.0,0.0,0.0,0.0,0.0,0.0
4,2,0.13526383,0.0,0.8647362,0.0,0.0,0.0,0.0,0.0,0.0
4,2,0.13526383,0.0,0.8647362,0.0,0.0,0.0,0.0,0.0,0.0
4,2,0.13526383,0.0,0.8647362,0.0,0.0,0.0,0.0,0.0,0.0
4,2,0.13526383,0.0,0.8647362,0.0,0.0,0.0,0.0,0.0,0.0
4,2,0.13526383,0.0,0.8647362,0.0,0.0,0.0,0.0,0.0,0.0
4,2,0.13526383,0.0,0.8647362,0.0,0.0,0.0,0.0,0.0,0.0
4,2,0.13526383,0.0,0.8647362,0.0,0.0,0.0,0.0,0.0,0.0
4,2,0.13526383,0.0,0.8647362,0.0,0.0,0.0,0.0,0.0,0.0
4,2,0.13526383,0.0,0.8647362,0.0,0.0,0.0,0.0,0.0,0.0
4,2,0.13526383,0.0,0.8647362,0.0,0.0,0.0,0.0,0.0,0.0
4,2,0.13526383,0.0,0.8647362,0.0,0.0,0.0,0.0,0.0,0.0
4,2,0.13526383,0.0,0.8647362,0.0,0.0,0.0,0.0,0.0,0.0
4,2,0.13526383,0.0,0.8647362,0.0,0.0,0.0,0.0,0.0,0.0
4,2,0.13526383,0.0,0.8647362,0.0,0.0,0.0,0.0,0.0,0.0
4,2,0.13526383,0.0,0.8647362,0.0,0.0,0.0,0.0,0.0,0.0
4,2,0.13526383,0.0,0.8647362,0.0,0.0,0.0,0.0,0.0,0.0
4,2,0.13526383,0.0,0.8647362,0.0,0.0,0.0,0.0,0.0,0.0
4,2,0.13526383,0.0,0.8647362,0.0,0.0,0.0,0.0,0.0,0.0
4,2,0.13526383,0.0,0.8647362,0.0,0.0,0.0,0.0,0.0,0.0
4,2,0.13526383,0.0,0.8647362,0.0,0.0,0.0,0.0,0.0,0.0
4,2,0.13526383,0.0,0.8647362,0.0,0.0,0.0,0.0,0.0,0.0
4,2,0.13526383,0.0,0.8647362,0.0,0.0,0.0,0.0,0.0,0.0
4,2,0.13526383,0.0,0.8647362,0.0,0.0,0.0,0.0,0.0,0.0
4,2,0.13526383,0.0,0.8647362,0.0,0.0,0.0,0.0,0.0,0.0
4,2,0.13526383,0.0,0.8647362,0.0,0.0,0.0,0.0,0.0,0.0
4,2,0.13526383,0.0,0.8647362,0.0,0.0,0.0,0.0,0.0,0.0
4,2,0.13526383,0.0,0.8647362,0.0,0.0,0.0,0.0,0.0,0.0
4,2,0.13526383,0.0,0.8647362,0.0,0.0,0.0,0.0,0.0,0.0
4,2,0.13526383,0.0,0.8647362,0.0,0.0,0.0,0.0,0.0,0.0
4,2,0.13526383,0.0,0.8647362,0.0,0.0,0.0,0.0,0.0,0.0
4,2,0.13526383,0.0,0.8647362,0.0,0.0,0.0,0.0,0.0,0.0
4,2,0.13526383,0.0,0.8647362,0.0,0.0,0.0,0.0,0.0,0.0
4,2,0.13526383,0.0,0.8647362,0.0,0.0,0.0,0.0,0.0,0.0
4,2,0.13526383,0.0,0.8647362,0.0,0.0,0.0,0.0,0.0,0.0
4,2,0.13526383,0.0,0.8647362,0.0,0.0,0.0,0.0,0.0,0.0
4,2,0.13526383,0.0,0.8647362,0.0,0.0,0.0,0.0,0.0,0.0
4,2,0.13526383,0.0,0.8647362,0.0,0.0,0.0,0.0,0.0,0.0
4,2,0.13526383,0.0,0.8647362,0.0,0.0,0.0,0.0,0.0,0.0
4,2,0.13526383,0.0,0.8647362,0.0,0.0,0.0,0.0,0.0,0.0
4,2,0.13526383,0.0,0.8647362,0.0,0.0,0.0,0.0,0.0,0.0
4,2,0.13526383,0.0,0.8647362,0.0,0.0,0.0,0.0,0.0,0.0
4,2,0.13526383,0.0,0.8647362,0.0,0.0,0.0,0.0,0.0,0.0
4,2,0.13526383,0.0,0.8647362,0.0,0.0,0.0,0.0,0.0,0.0
4,2,0.13526383,0.0,0.8647362,0.0,0.0,0.0,0.0,0.0,0.0
4,2,0.13526383,0.0,0.8647362,0.0,0.0,0.0,0.0,0.0,0.0
4,2,0.13526383,0.0,0.8647362,0.0,0.0,0.0,0.0,0.0,0.0
4,2,0.13526383,0.0,0.8647362,0.0,0.0,0.0,0.0,0.0,0.0
4,2,0.13526383,0.0,0.8647362,0.0,0.0,0.0,0.0,0.0,0.0
4,2,0.13526383,0.0,0.8647362,0.0,0.0,0.0,0.0,0.0,0.0
4,2,0.13526383,0.0,0.8647362,0.0,0.0,0.0,0.0,0.0,0.0
4,2,0.13526383,0.0,0.8647362,0.0,0.0,0.0,0.0,0.0,0.0
4,2,0.13526383,0.0,0.8647362,0.0,0.0,0.0,0.0,0.0,0.0
4,2,0.13526383,0.0,0.8647362,0.0,0.0,0.0,0.0,0.0,0.0
4,2,0.13526383,0.0,0.8647362,0.0,0.0,0.0,0.0,0.0,0.0
4,2,0.13526383,0.0,0.8647362,0.0,0.0,0.0,0.0,0.0,0.0
4,2,0.13526383,0.0,0.8647362,0.0,0.0,0.0,0.0,0.0,0.0
4,2,0.13526383,0.0,0.8647362,0.0,0.0,0.0,0.0,0.0,0.0
4,2,0.13526383,0.0,0.8647362,0.0,0.0,0.0,0.0,0.0,0.0
4,2,0.13526383,0.0,0.8647362,0.0,0.0,0.0,0.0,0.0,0.0
4,2,0.13526383,0.0,0.8647362,0.0,0.0,0.0,0.0,0.0,0.0
4,2,0.13526383,0.0,0.8647362,0.0,0.0,0.0,0.0,0.0,0.0
4,2,0.13526383,0.0,0.8647362,0.0,0.0,0.0,0.0,0.0,0.0
4,2,0.13526383,0.0,0.8647362,0.0,0.0,0.0,0.0,0.0,0.0
4,2,0.13526383,0.0,0.8647362,0.0,0.0,0.0,0.0,0.0,0.0
4,2,0.13526383,0.0,0.8647362,0.0,0.0,0.0,0.0,0.0,0.0
4,2,0.13526383,0.0,0.8647362,0.0,0.0,0.0,0.0,0.0,0.0
4,2,0.13526383,0.0,0.8647362,0.0,0.0,0.0,0.0,0.0,0.0
4,2,0.13526383,0.0,0.8647362,0.0,0.0,0.0,0.0,0.0,0.0
4,2,0.13526383,0.0,0.8647362,0.0,0.0,0.0,0.0,0.0,0.0
4,2,0.13526383,0.0,0.8647362,0.0,0.0,0.0,0.0,0.0,0.0
4,2,0.13526383,0.0,0.8647362,0.0,0.0,0.0,0.0,0.0,0.0
4,2,0.13526383,0.0,0.8647362,0.0,0.0,0.0,0.0,0.0,0.0
4,2,0.13526383,0.0,0.8647362,0.0,0.0,0.0,0.0,0.0,0.0
4,2,0.13526383,0.0,0.8647362,0.0,0.0,0.0,0.0,0.0,0.0
4,2,0.13526383,0.0,0.8647362,0.0,0.0,0.0,0.0,0.0,0.0
4,2,0.13526383,0.0,0.8647362,0.0,0.0,0.0,0.0,0.0,0.0
4,2,0.13526383,0.0,0.8647362,0.0,0.0,0.0,0.0,0.0,0.0
4,2,0.13526383,0.0,0.8647362,0.0,0.0,0.0,0.0,0.0,0.0
4,2,0.13526383,0.0,0.8647362,0.0,0.0,0.0,0.0,0.0,0.0
4,2,0.13526383,0.0,0.8647362,0.0,0.0,0.0,0.0,0.0,0.0
4,2,0.13526383,0.0,0.8647362,0.0,0.0,0.0,0.0,0.0,0.0
4,2,0.13526383,0.0,0.8647362,0.0,0.0,0.0,0.0,0.0,0.0
4,2,0.13526383,0.0,0.8647362,0.0,0.0,0.0,0.0,0.0,0.0
4,2,0.13526383,0.0,0.8647362,0.0,0.0,0.0,0.0,0.0,0.0
4,2,0.13526383,0.0,0.8647362,0.0,0.0,0.0,0.0,0.0,0.0
4,2,0.13526383,0.0,0.8647362,0.0,0.0,0.0,0.0,0.0,0.0
4,2,0.13526383,0.0,0.8647362,0.0,0.0,0.0,0.0,0.0,0.0
4,2,0.13526383,0.0,0.8647362,0.0,0.0,0.0,0.0,0.0,0.0
4,2,0.13526383,0.0,0.8647362,0.0,0.0,0.0,0.0,0.0,0.0
4,2,0.13526383,0.0,0.8647362,0.0,0.0,0.0,0.0,0.0,0.0
4,2,0.13526383,0.0,0.8647362,0.0,0.0,0.0,0.0,0.0,0.0
4,2,0.13526383,0.0,0.8647362,0.0,0.0,0.0,0.0,0.0,0.0
4,2,0.13526383,0.0,0.8647362,0.0,0.0,0.0,0.0,0.0,0.0
4,2,0.13526383,0.0,0.8647362,0.0,0.0,0.0,0.0,0.0,0.0
4,2,0.13526383,0.0,0.8647362,0.0,0.0,0.0,0.0,0.0,0.0
4,2,0.13526383,0.0,0.8647362,0.0,0.0,0.0,0.0,0.0,0.0
4,2,0.13526383,0.0,0.8647362,0.0,0.0,0.0,0.0,0.0,0.0
4,2,0.13526383,0.0,0.8647362,0.0,0.0,0.0,0.0,0.0,0.0
4,2,0.13526383,0.0,0.8647362,0.0,0.0,0.0,0.0,0.0,0.0
4,2,0.13526383,0.0,0.8647362,0.0,0.0,0.0,0.0,0.0,0.0
4,2,0.13526383,0.0,0.8647362,0.0,0.0,0.0,0.0,0.0,0.0
4,2,0.13526383,0.0,0.8647362,0.0,0.0,0.0,0.0,0.0,0.0
4,2,0.13526383,0.0,0.8647362,0.0,0.0,0.0,0.0,0.0,0.0
4,2,0.13526383,0.0,0.8647362,0.0,0.0,0.0,0.0,0.0,0.0
4,2,0.13526383,0.0,0.8647362,0.0,0.0,0.0,0.0,0.0,0.0
4,2,0.13526383,0.0,0.8647362,0.0,0.0,0.0,0.0,0.0,0.0
4,2,0.13526383,0.0,0.8647362,0.0,0.0,0.0,0.0,0.0,0.0
4,2,0.13526383,0.0,0.8647362,0.0,0.0,0.0,0.0,0.0,0.0
4,2,0.13526383,0.0,0.8647362,0.0,0.0,0.0,0.0,0.0,0.0
4,2,0.13526383,0.0,0.8647362,0.0,0.0,0.0,0.0,0.0,0.0
4,2,0.13526383,0.0,0.8647362,0.0,0.0,0.0,0.0,0.0,0.0
4,2,0.13526383,0.0,0.8647362,0.0,0.0,0.0,0.0,0.0,0.0
4,2,0.13526383,0.0,0.8647362,0.0,0.0,0.0,0.0,0.0,0.0
4,2,0.13526383,0.0,0.8647362,0.0,0.0,0.0,0.0,0.0,0.0
4,2,0.13526383,0.0,0.8647362,0.0,0.0,0.0,0.0,0.0,0.0
4,2,0.13526383,0.0,0.8647362,0.0,0.0,0.0,0.0,0.0,0.0
4,2,0.13526383,0.0,0.8647362,0.0,0.0,0.0,0.0,0.0,0.0
4,2,0.13526383,0.0,0.8647362,0.0,0.0,0.0,0.0,0.0,0.0
4,2,0.13526383,0.0,0.8647362,0.0,0.0,0.0,0.0,0.0,0.0
4,2,0.13526383,0.0,0.8647362,0.0,0.0,0.0,0.0,0.0,0.0
4,2,0.13526383,0.0,0.8647362,0.0,0.0,0.0,0.0,0.0,0.0
4,2,0.13526383,0.0,0.8647362,0.0,0.0,0.0,0.0,0.0,0.0
4,2,0.13526383,0.0,0.8647362,0.0,0.0,0.0,0.0,0.0,0.0
4,2,0.13526383,0.0,0.8647362,0.0,0.0,0.0,0.0,0.0,0.0
4,2,0.13526383,0.0,0.8647362,0.0,0.0,0.0,0.0,0.0,0.0
4,2,0.13526383,0.0,0.8647362,0.0,0.0,0.0,0.0,0.0,0.0
4,2,0.13526383,0.0,0.8647362,0.0,0.0,0.0,0.0,0.0,0.0
4,2,0.13526383,0.0,0.8647362,0.0,0.0,0.0,0.0,0.0,0.0
4,2,0.13526383,0.0,0.8647362,0.0,0.0,0.0,0.0,0.0,0.0
4,2,0.13526383,0.0,0.8647362,0.0,0.0,0.0,0.0,0.0,0.0
4,2,0.13526383,0.0,0.8647362,0.0,0.0,0.0,0.0,0.0,0.0
4,2,0.13526383,0.0,0.8647362,0.0,0.0,0.0,0.0,0.0,0.0
4,2,0.13526383,0.0,0.8647362,0.0,0.0,0.0,0.0,0.0,0.0
4,2,0.13526383,0.0,0.8647362,0.0,0.0,0.0,0.0,0.0,0.0
4,2,0.13526383,0.0,0.8647362,0.0,0.0,0.0,0.0,0.0,0.0
4,2,0.13526383,0.0,0.8647362,0.0,0.0,0.0,0.0,0.0,0.0
4,2,0.13526383,0.0,0.8647362,0.0,0.0,0.0,0.0,0.0,0.0
4,2,0.13526383,0.0,0.8647362,0.0,0.0,0.0,0.0,0.0,0.0
4,2,0.13526383,0.0,0.8647362,0.0,0.0,0.0,0.0,0.0,0.0
4,2,0.13526383,0.0,0.8647362,0.0,0.0,0.0,0.0,0.0,0.0
4,2,0.13526383,0.0,0.8647362,0.0,0.0,0.0,0.0,0.0,0.0
4,2,0.13526383,0.0,0.8647362,0.0,0.0,0.0,0.0,0.0,0.0
4,2,0.13526383,0.0,0.8647362,0.0,0.0,0.0,0.0,0.0,0.0
4,2,0.13526383,0.0,0.8647362,0.0,0.0,0.0,0.0,0.0,0.0
4,2,0.13526383,0.0,0.8647362,0.0,0.0,0.0,0.0,0.0,0.0
4,2,0.13526383,0.0,0.8647362,0.0,0.0,0.0,0.0,0.0,0.0
4,2,0.13526383,0.0,0.8647362,0.0,0.0,0.0,0.0,0.0,0.0
4,2,0.062480018,0.0647153,0.8728047,0.0,0.0,0.0,0.0,0.0,0.0
4,2,0.062480018,0.0647153,0.8728047,0.0,0.0,0.0,0.0,0.0,0.0
4,2,0.062480018,0.0647153,0.8728047,0.0,0.0,0.0,0.0,0.0,0.0
4,2,0.062480018,0.0647153,0.8728047,0.0,0.0,0.0,0.0,0.0,0.0
4,2,0.062480018,0.0647153,0.8728047,0.0,0.0,0.0,0.0,0.0,0.0
4,2,0.062480018,0.0647153,0.8728047,0.0,0.0,0.0,0.0,0.0,0.0
4,2,0.062480018,0.0647153,0.8728047,0.0,0.0,0.0,0.0,0.0,0.0
4,2,0.062480018,0.0647153,0.8728047,0.0,0.0,0.0,0.0,0.0,0.0
4,2,0.062480018,0.0647153,0.8728047,0.0,0.0,0.0,0.0,0.0,0.0
4,2,0.062480018,0.0647153,0.8728047,0.0,0.0,0.0,0.0,0.0,0.0
4,2,0.062480018,0.0647153,0.8728047,0.0,0.0,0.0,0.0,0.0,0.0
4,2,0.062480018,0.0647153,0.8728047,0.0,0.0,0.0,0.0,0.0,0.0
4,2,0.062480018,0.0647153,0.8728047,0.0,0.0,0.0,0.0,0.0,0.0
4,2,0.062480018,0.0647153,0.8728047,0.0,0.0,0.0,0.0,0.0,0.0
4,2,0.062480018,0.0647153,0.8728047,0.0,0.0,0.0,0.0,0.0,0.0
4,2,0.062480018,0.0647153,0.8728047,0.0,0.0,0.0,0.0,0.0,0.0
4,2,0.062480018,0.0647153,0.8728047,0.0,0.0,0.0,0.0,0.0,0.0
4,2,0.062480018,0.0647153,0.8728047,0.0,0.0,0.0,0.0,0.0,0.0
4,2,0.062480018,0.0647153,0.8728047,0.0,0.0,0.0,0.0,0.0,0.0
4,2,0.062480018,0.0647153,0.8728047,0.0,0.0,0.0,0.0,0.0,0.0
4,2,0.062480018,0.0647153,0.8728047,0.0,0.0,0.0,0.0,0.0,0.0
4,2,0.062480018,0.0647153,0.8728047,0.0,0.0,0.0,0.0,0.0,0.0
4,2,0.062480018,0.0647153,0.8728047,0.0,0.0,0.0,0.0,0.0,0.0
4,2,0.062480018,0.0647153,0.8728047,0.0,0.0,0.0,0.0,0.0,0.0
4,2,0.062480018,0.0647153,0.8728047,0.0,0.0,0.0,0.0,0.0,0.0
4,2,0.062480018,0.0647153,0.8728047,0.0,0.0,0.0,0.0,0.0,0.0
4,2,0.062480018,0.0647153,0.8728047,0.0,0.0,0.0,0.0,0.0,0.0
4,2,0.062480018,0.0647153,0.8728047,0.0,0.0,0.0,0.0,0.0,0.0
4,2,0.062480018,0.0647153,0.8728047,0.0,0.0,0.0,0.0,0.0,0.0
4,2,0.062480018,0.0647153,0.8728047,0.0,0.0,0.0,0.0,0.0,0.0
4,2,0.062480018,0.0647153,0.8728047,0.0,0.0,0.0,0.0,0.0,0.0
4,2,0.062480018,0.0647153,0.8728047,0.0,0.0,0.0,0.0,0.0,0.0
4,2,0.062480018,0.0647153,0.8728047,0.0,0.0,0.0,0.0,0.0,0.0
4,2,0.062480018,0.0647153,0.8728047,0.0,0.0,0.0,0.0,0.0,0.0
4,2,0.062480018,0.0647153,0.8728047,0.0,0.0,0.0,0.0,0.0,0.0
4,2,0.062480018,0.0647153,0.8728047,0.0,0.0,0.0,0.0,0.0,0.0
4,2,0.062480018,0.0647153,0.8728047,0.0,0.0,0.0,0.0,0.0,0.0
4,2,0.062480018,0.0647153,0.8728047,0.0,0.0,0.0,0.0,0.0,0.0
4,2,0.062480018,0.0647153,0.8728047,0.0,0.0,0.0,0.0,0.0,0.0
4,2,0.062480018,0.0647153,0.8728047,0.0,0.0,0.0,0.0,0.0,0.0
4,2,0.062480018,0.0647153,0.8728047,0.0,0.0,0.0,0.0,0.0,0.0
4,2,0.062480018,0.0647153,0.8728047,0.0,0.0,0.0,0.0,0.0,0.0
4,2,0.062480018,0.0647153,0.8728047,0.0,0.0,0.0,0.0,0.0,0.0
4,2,0.062480018,0.0647153,0.8728047,0.0,0.0,0.0,0.0,0.0,0.0
4,2,0.062480018,0.0647153,0.8728047,0.0,0.0,0.0,0.0,0.0,0.0
4,2,0.062480018,0.0647153,0.8728047,0.0,0.0,0.0,0.0,0.0,0.0
4,2,0.062480018,0.0647153,0.8728047,0.0,0.0,0.0,0.0,0.0,0.0
4,2,0.062480018,0.0647153,0.8728047,0.0,0.0,0.0,0.0,0.0,0.0
4,2,0.062480018,0.0647153,0.8728047,0.0,0.0,0.0,0.0,0.0,0.0
4,2,0.062480018,0.0647153,0.8728047,0.0,0.0,0.0,0.0,0.0,0.0
4,2,0.062480018,0.0647153,0.8728047,0.0,0.0,0.0,0.0,0.0,0.0
4,2,0.062480018,0.0647153,0.8728047,0.0,0.0,0.0,0.0,0.0,0.0
4,2,0.062480018,0.0647153,0.8728047,0.0,0.0,0.0,0.0,0.0,0.0
4,2,0.062480018,0.0647153,0.8728047,0.0,0.0,0.0,0.0,0.0,0.0
4,2,0.062480018,0.0647153,0.8728047,0.0,0.0,0.0,0.0,0.0,0.0
4,2,0.062480018,0.0647153,0.8728047,0.0,0.0,0.0,0.0,0.0,0.0
4,2,0.062480018,0.0647153,0.8728047,0.0,0.0,0.0,0.0,0.0,0.0
4,2,0.062480018,0.0647153,0.8728047,0.0,0.0,0.0,0.0,0.0,0.0
4,2,0.062480018,0.0647153,0.8728047,0.0,0.0,0.0,0.0,0.0,0.0
4,2,0.062480018,0.0647153,0.8728047,0.0,0.0,0.0,0.0,0.0,0.0
4,2,0.062480018,0.0647153,0.8728047,0.0,0.0,0.0,0.0,0.0,0.0
4,2,0.062480018,0.0647153,0.8728047,0.0,0.0,0.0,0.0,0.0,0.0
4,2,0.062480018,0.0647153,0.8728047,0.0,0.0,0.0,0.0,0.0,0.0
4,2,0.062480018,0.0647153,0.8728047,0.0,0.0,0.0,0.0,0.0,0.0
4,2,0.062480018,0.0647153,0.8728047,0.0,0.0,0.0,0.0,0.0,0.0
4,2,0.062480018,0.0647153,0.8728047,0.0,0.0,0.0,0.0,0.0,0.0
4,2,0.062480018,0.0647153,0.8728047,0.0,0.0,0.0,0.0,0.0,0.0
4,2,0.062480018,0.0647153,0.8728047,0.0,0.0,0.0,0.0,0.0,0.0
4,2,0.062480018,0.0647153,0.8728047,0.0,0.0,0.0,0.0,0.0,0.0
4,2,0.062480018,0.0647153,0.8728047,0.0,0.0,0.0,0.0,0.0,0.0
4,2,0.062480018,0.0647153,0.8728047,0.0,0.0,0.0,0.0,0.0,0.0
4,2,0.062480018,0.0647153,0.8728047,0.0,0.0,0.0,0.0,0.0,0.0
4,2,0.062480018,0.0647153,0.8728047,0.0,0.0,0.0,0.0,0.0,0.0
4,2,0.062480018,0.0647153,0.8728047,0.0,0.0,0.0,0.0,0.0,0.0
4,2,0.062480018,0.0647153,0.8728047,0.0,0.0,0.0,0.0,0.0,0.0
4,2,0.062480018,0.0647153,0.8728047,0.0,0.0,0.0,0.0,0.0,0.0
4,2,0.13526383,0.064715296,0.8000209,0.0,0.0,0.0,0.0,0.0,0.0
4,2,0.13526383,0.064715296,0.8000209,0.0,0.0,0.0,0.0,0.0,0.0
4,2,0.13526383,0.064715296,0.8000209,0.0,0.0,0.0,0.0,0.0,0.0
4,2,0.13526383,0.064715296,0.8000209,0.0,0.0,0.0,0.0,0.0,0.0
4,2,0.13526383,0.064715296,0.8000209,0.0,0.0,0.0,0.0,0.0,0.0
4,2,0.13526383,0.064715296,0.8000209,0.0,0.0,0.0,0.0,0.0,0.0
4,2,0.13526383,0.064715296,0.8000209,0.0,0.0,0.0,0.0,0.0,0.0
4,2,0.13526383,0.064715296,0.8000209,0.0,0.0,0.0,0.0,0.0,0.0
4,2,0.13526383,0.064715296,0.8000209,0.0,0.0,0.0,0.0,0.0,0.0
4,2,0.13526383,0.064715296,0.8000209,0.0,0.0,0.0,0.0,0.0,0.0
4,2,0.13526383,0.064715296,0.8000209,0.0,0.0,0.0,0.0,0.0,0.0
4,2,0.13526383,0.064715296,0.8000209,0.0,0.0,0.0,0.0,0.0,0.0
4,2,0.13526383,0.064715296,0.8000209,0.0,0.0,0.0,0.0,0.0,0.0
4,2,0.13526383,0.064715296,0.8000209,0.0,0.0,0.0,0.0,0.0,0.0
4,2,0.13526383,0.064715296,0.8000209,0.0,0.0,0.0,0.0,0.0,0.0
4,2,0.13526383,0.064715296,0.8000209,0.0,0.0,0.0,0.0,0.0,0.0
4,2,0.13526383,0.064715296,0.8000209,0.0,0.0,0.0,0.0,0.0,0.0
4,2,0.13526383,0.064715296,0.8000209,0.0,0.0,0.0,0.0,0.0,0.0
4,2,0.13526383,0.064715296,0.8000209,0.0,0.0,0.0,0.0,0.0,0.0
4,2,0.13526383,0.064715296,0.8000209,0.0,0.0,0.0,0.0,0.0,0.0
4,2,0.13526383,0.064715296,0.8000209,0.0,0.0,0.0,0.0,0.0,0.0
4,2,0.13526383,0.064715296,0.8000209,0.0,0.0,0.0,0.0,0.0,0.0
4,2,0.13526383,0.064715296,0.8000209,0.0,0.0,0.0,0.0,0.0,0.0
4,2,0.13526383,0.064715296,0.8000209,0.0,0.0,0.0,0.0,0.0,0.0
4,2,0.13526383,0.064715296,0.8000209,0.0,0.0,0.0,0.0,0.0,0.0
4,2,0.13526383,0.064715296,0.8000209,0.0,0.0,0.0,0.0,0.0,0.0
4,2,0.13526383,0.064715296,0.8000209,0.0,0.0,0.0,0.0,0.0,0.0
4,2,0.13526383,0.064715296,0.8000209,0.0,0.0,0.0,0.0,0.0,0.0
4,2,0.13526383,0.064715296,0.8000209,0.0,0.0,0.0,0.0,0.0,0.0
4,2,0.13526383,0.064715296,0.8000209,0.0,0.0,0.0,0.0,0.0,0.0
4,2,0.13526383,0.064715296,0.8000209,0.0,0.0,0.0,0.0,0.0,0.0
4,2,0.13526383,0.064715296,0.8000209,0.0,0.0,0.0,0.0,0.0,0.0
4,2,0.13526383,0.064715296,0.8000209,0.0,0.0,0.0,0.0,0.0,0.0
4,2,0.13526383,0.064715296,0.8000209,0.0,0.0,0.0,0.0,0.0,0.0
4,2,0.13526383,0.064715296,0.8000209,0.0,0.0,0.0,0.0,0.0,0.0
4,2,0.13526383,0.064715296,0.8000209,0.0,0.0,0.0,0.0,0.0,0.0
4,2,0.13526383,0.064715296,0.8000209,0.0,0.0,0.0,0.0,0.0,0.0
4,2,0.13526383,0.064715296,0.8000209,0.0,0.0,0.0,0.0,0.0,0.0
4,2,0.13526383,0.064715296,0.8000209,0.0,0.0,0.0,0.0,0.0,0.0
4,2,0.13526383,0.064715296,0.8000209,0.0,0.0,0.0,0.0,0.0,0.0
4,2,0.13526383,0.064715296,0.8000209,0.0,0.0,0.0,0.0,0.0,0.0
4,2,0.13526383,0.064715296,0.8000209,0.0,0.0,0.0,0.0,0.0,0.0
4,2,0.13526383,0.064715296,0.8000209,0.0,0.0,0.0,0.0,0.0,0.0
4,2,0.13526383,0.064715296,0.8000209,0.0,0.0,0.0,0.0,0.0,0.0
4,2,0.13526383,0.064715296,0.8000209,0.0,0.0,0.0,0.0,0.0,0.0
4,2,0.13526383,0.064715296,0.8000209,0.0,0.0,0.0,0.0,0.0,0.0
4,2,0.13526383,0.064715296,0.8000209,0.0,0.0,0.0,0.0,0.0,0.0
4,2,0.13526383,0.064715296,0.8000209,0.0,0.0,0.0,0.0,0.0,0.0
4,2,0.13526383,0.064715296,0.8000209,0.0,0.0,0.0,0.0,0.0,0.0
4,2,0.13526383,0.064715296,0.8000209,0.0,0.0,0.0,0.0,0.0,0.0
4,2,0.13526383,0.064715296,0.8000209,0.0,0.0,0.0,0.0,0.0,0.0
4,2,0.13526383,0.064715296,0.8000209,0.0,0.0,0.0,0.0,0.0,0.0
4,2,0.13526383,0.064715296,0.8000209,0.0,0.0,0.0,0.0,0.0,0.0
4,2,0.13526383,0.064715296,0.8000209,0.0,0.0,0.0,0.0,0.0,0.0
4,2,0.13526383,0.064715296,0.8000209,0.0,0.0,0.0,0.0,0.0,0.0
4,2,0.13526383,0.064715296,0.8000209,0.0,0.0,0.0,0.0,0.0,0.0
4,2,0.13526383,0.064715296,0.8000209,0.0,0.0,0.0,0.0,0.0,0.0
4,2,0.13526383,0.064715296,0.8000209,0.0,0.0,0.0,0.0,0.0,0.0
4,2,0.13526383,0.064715296,0.8000209,0.0,0.0,0.0,0.0,0.0,0.0
4,2,0.13526383,0.064715296,0.8000209,0.0,0.0,0.0,0.0,0.0,0.0
4,2,0.13526383,0.064715296,0.8000209,0.0,0.0,0.0,0.0,0.0,0.0
4,2,0.13526383,0.064715296,0.8000209,0.0,0.0,0.0,0.0,0.0,0.0
4,2,0.13526383,0.064715296,0.8000209,0.0,0.0,0.0,0.0,0.0,0.0
4,2,0.13526383,0.064715296,0.8000209,0.0,0.0,0.0,0.0,0.0,0.0
4,2,0.13526383,0.064715296,0.8000209,0.0,0.0,0.0,0.0,0.0,0.0
4,2,0.13526383,0.064715296,0.8000209,0.0,0.0,0.0,0.0,0.0,0.0
4,2,0.13526383,0.064715296,0.8000209,0.0,0.0,0.0,0.0,0.0,0.0
4,2,0.13526383,0.064715296,0.8000209,0.0,0.0,0.0,0.0,0.0,0.0
4,2,0.13526383,0.064715296,0.8000209,0.0,0.0,0.0,0.0,0.0,0.0
4,2,0.13526383,0.064715296,0.8000209,0.0,0.0,0.0,0.0,0.0,0.0
4,2,0.13526383,0.064715296,0.8000209,0.0,0.0,0.0,0.0,0.0,0.0
4,2,0.13526383,0.064715296,0.8000209,0.0,0.0,0.0,0.0,0.0,0.0
4,2,0.13526383,0.064715296,0.8000209,0.0,0.0,0.0,0.0,0.0,0.0
4,2,0.13526383,0.064715296,0.8000209,0.0,0.0,0.0,0.0,0.0,0.0
4,2,0.13526383,0.064715296,0.8000209,0.0,0.0,0.0,0.0,0.0,0.0
4,2,0.13526383,0.064715296,0.8000209,0.0,0.0,0.0,0.0,0.0,0.0
4,2,0.13526383,0.064715296,0.8000209,0.0,0.0,0.0,0.0,0.0,0.0
4,2,0.13526383,0.064715296,0.8000209,0.0,0.0,0.0,0.0,0.0,0.0
4,2,0.13526383,0.064715296,0.8000209,0.0,0.0,0.0,0.0,0.0,0.0
4,2,0.13526383,0.064715296,0.8000209,0.0,0.0,0.0,0.0,0.0,0.0
4,2,0.13526383,0.064715296,0.8000209,0.0,0.0,0.0,0.0,0.0,0.0
4,2,0.13526383,0.064715296,0.8000209,0.0,0.0,0.0,0.0,0.0,0.0
4,2,0.13526383,0.064715296,0.8000209,0.0,0.0,0.0,0.0,0.0,0.0
4,2,0.13526383,0.064715296,0.8000209,0.0,0.0,0.0,0.0,0.0,0.0
4,2,0.13526383,0.064715296,0.8000209,0.0,0.0,0.0,0.0,0.0,0.0
4,2,0.13526383,0.064715296,0.8000209,0.0,0.0,0.0,0.0,0.0,0.0
4,2,0.13526383,0.064715296,0.8000209,0.0,0.0,0.0,0.0,0.0,0.0
4,2,0.13526383,0.064715296,0.8000209,0.0,0.0,0.0,0.0,0.0,0.0
4,2,0.13526383,0.064715296,0.8000209,0.0,0.0,0.0,0.0,0.0,0.0
4,2,0.13526383,0.064715296,0.8000209,0.0,0.0,0.0,0.0,0.0,0.0
4,2,0.13526383,0.064715296,0.8000209,0.0,0.0,0.0,0.0,0.0,0.0
4,2,0.13526383,0.064715296,0.8000209,0.0,0.0,0.0,0.0,0.0,0.0
4,2,0.13526383,0.064715296,0.8000209,0.0,0.0,0.0,0.0,0.0,0.0
4,2,0.13526383,0.064715296,0.8000209,0.0,0.0,0.0,0.0,0.0,0.0
4,2,0.13526383,0.064715296,0.8000209,0.0,0.0,0.0,0.0,0.0,0.0
4,2,0.13526383,0.064715296,0.8000209,0.0,0.0,0.0,0.0,0.0,0.0
4,2,0.13526383,0.064715296,0.8000209,0.0,0.0,0.0,0.0,0.0,0.0
4,2,0.13526383,0.064715296,0.8000209,0.0,0.0,0.0,0.0,0.0,0.0
4,2,0.13526383,0.064715296,0.8000209,0.0,0.0,0.0,0.0,0.0,0.0
4,2,0.13526383,0.064715296,0.8000209,0.0,0.0,0.0,0.0,0.0,0.0
4,2,0.13526383,0.064715296,0.8000209,0.0,0.0,0.0,0.0,0.0,0.0
4,2,0.13526383,0.064715296,0.8000209,0.0,0.0,0.0,0.0,0.0,0.0
4,2,0.13526383,0.064715296,0.8000209,0.0,0.0,0.0,0.0,0.0,0.0
4,2,0.13526383,0.064715296,0.8000209,0.0,0.0,0.0,0.0,0.0,0.0
4,2,0.13526383,0.064715296,0.8000209,0.0,0.0,0.0,0.0,0.0,0.0
4,2,0.13526383,0.064715296,0.8000209,0.0,0.0,0.0,0.0,0.0,0.0
4,2,0.13526383,0.064715296,0.8000209,0.0,0.0,0.0,0.0,0.0,0.0
4,2,0.13526383,0.064715296,0.8000209,0.0,0.0,0.0,0.0,0.0,0.0
4,2,0.13526383,0.064715296,0.8000209,0.0,0.0,0.0,0.0,0.0,0.0
4,2,0.13526383,0.064715296,0.8000209,0.0,0.0,0.0,0.0,0.0,0.0
4,2,0.13526383,0.064715296,0.8000209,0.0,0.0,0.0,0.0,0.0,0.0
4,2,0.13526383,0.064715296,0.8000209,0.0,0.0,0.0,0.0,0.0,0.0
4,2,0.13526383,0.064715296,0.8000209,0.0,0.0,0.0,0.0,0.0,0.0
4,2,0.13526383,0.064715296,0.8000209,0.0,0.0,0.0,0.0,0.0,0.0
4,2,0.13526383,0.064715296,0.8000209,0.0,0.0,0.0,0.0,0.0,0.0
4,2,0.13526383,0.064715296,0.8000209,0.0,0.0,0.0,0.0,0.0,0.0
4,2,0.13526383,0.064715296,0.8000209,0.0,0.0,0.0,0.0,0.0,0.0
4,2,0.13526383,0.064715296,0.8000209,0.0,0.0,0.0,0.0,0.0,0.0
4,2,0.13526383,0.064715296,0.8000209,0.0,0.0,0.0,0.0,0.0,0.0
4,2,0.13526383,0.064715296,0.8000209,0.0,0.0,0.0,0.0,0.0,0.0
4,2,0.13526383,0.064715296,0.8000209,0.0,0.0,0.0,0.0,0.0,0.0
4,2,0.13526383,0.064715296,0.8000209,0.0,0.0,0.0,0.0,0.0,0.0
4,2,0.13526383,0.064715296,0.8000209,0.0,0.0,0.0,0.0,0.0,0.0
4,2,0.13526383,0.064715296,0.8000209,0.0,0.0,0.0,0.0,0.0,0.0
4,2,0.13526383,0.064715296,0.8000209,0.0,0.0,0.0,0.0,0.0,0.0
4,2,0.13526383,0.064715296,0.8000209,0.0,0.0,0.0,0.0,0.0,0.0
4,2,0.13526383,0.064715296,0.8000209,0.0,0.0,0.0,0.0,0.0,0.0
4,2,0.13526383,0.064715296,0.8000209,0.0,0.0,0.0,0.0,0.0,0.0
4,2,0.13526383,0.064715296,0.8000209,0.0,0.0,0.0,0.0,0.0,0.0
4,2,0.13526383,0.064715296,0.8000209,0.0,0.0,0.0,0.0,0.0,0.0
4,2,0.13526383,0.064715296,0.8000209,0.0,0.0,0.0,0.0,0.0,0.0
4,2,0.13526383,0.064715296,0.8000209,0.0,0.0,0.0,0.0,0.0,0.0
4,2,0.13526383,0.064715296,0.8000209,0.0,0.0,0.0,0.0,0.0,0.0
4,2,0.13526383,0.064715296,0.8000209,0.0,0.0,0.0,0.0,0.0,0.0
4,2,0.13526383,0.064715296,0.8000209,0.0,0.0,0.0,0.0,0.0,0.0
4,2,0.13526383,0.064715296,0.8000209,0.0,0.0,0.0,0.0,0.0,0.0
4,2,0.13526383,0.064715296,0.8000209,0.0,0.0,0.0,0.0,0.0,0.0
4,2,0.13526383,0.064715296,0.8000209,0.0,0.0,0.0,0.0,0.0,0.0
4,2,0.13526383,0.064715296,0.8000209,0.0,0.0,0.0,0.0,0.0,0.0
4,2,0.13526383,0.064715296,0.8000209,0.0,0.0,0.0,0.0,0.0,0.0
4,2,0.13526383,0.064715296,0.8000209,0.0,0.0,0.0,0.0,0.0,0.0
4,2,0.13526383,0.064715296,0.8000209,0.0,0.0,0.0,0.0,0.0,0.0
4,2,0.13526383,0.064715296,0.8000209,0.0,0.0,0.0,0.0,0.0,0.0
4,2,0.13526383,0.064715296,0.8000209,0.0,0.0,0.0,0.0,0.0,0.0
4,2,0.13526383,0.064715296,0.8000209,0.0,0.0,0.0,0.0,0.0,0.0
4,2,0.13526383,0.064715296,0.8000209,0.0,0.0,0.0,0.0,0.0,0.0
4,2,0.13526383,0.064715296,0.8000209,0.0,0.0,0.0,0.0,0.0,0.0
4,2,0.13526383,0.064715296,0.8000209,0.0,0.0,0.0,0.0,0.0,0.0
4,2,0.13526383,0.064715296,0.8000209,0.0,0.0,0.0,0.0,0.0,0.0
4,2,0.13526383,0.064715296,0.8000209,0.0,0.0,0.0,0.0,0.0,0.0
4,2,0.13526383,0.064715296,0.8000209,0.0,0.0,0.0,0.0,0.0,0.0
4,2,0.13526383,0.064715296,0.8000209,0.0,0.0,0.0,0.0,0.0,0.0
4,2,0.13526383,0.064715296,0.8000209,0.0,0.0,0.0,0.0,0.0,0.0
4,2,0.13526383,0.064715296,0.8000209,0.0,0.0,0.0,0.0,0.0,0.0
4,2,0.13526383,0.064715296,0.8000209,0.0,0.0,0.0,0.0,0.0,0.0
4,2,0.13526383,0.064715296,0.8000209,0.0,0.0,0.0,0.0,0.0,0.0
4,2,0.13526383,0.064715296,0.8000209,0.0,0.0,0.0,0.0,0.0,0.0
4,2,0.13526383,0.064715296,0.8000209,0.0,0.0,0.0,0.0,0.0,0.0
4,2,0.13526383,0.064715296,0.8000209,0.0,0.0,0.0,0.0,0.0,0.0
4,2,0.13526383,0.064715296,0.8000209,0.0,0.0,0.0,0.0,0.0,0.0
4,2,0.13526383,0.064715296,0.8000209,0.0,0.0,0.0,0.0,0.0,0.0
4,2,0.13526383,0.064715296,0.8000209,0.0,0.0,0.0,0.0,0.0,0.0
4,2,0.13526383,0.064715296,0.8000209,0.0,0.0,0.0,0.0,0.0,0.0
4,2,0.13526383,0.064715296,0.8000209,0.0,0.0,0.0,0.0,0.0,0.0
4,2,0.13526383,0.064715296,0.8000209,0.0,0.0,0.0,0.0,0.0,0.0
4,2,0.13526383,0.064715296,0.8000209,0.0,0.0,0.0,0.0,0.0,0.0
4,2,0.13526383,0.064715296,0.8000209,0.0,0.0,0.0,0.0,0.0,0.0
4,2,0.13526383,0.064715296,0.8000209,0.0,0.0,0.0,0.0,0.0,0.0
4,2,0.13526383,0.064715296,0.8000209,0.0,0.0,0.0,0.0,0.0,0.0
4,2,0.13526383,0.064715296,0.8000209,0.0,0.0,0.0,0.0,0.0,0.0
4,2,0.13526383,0.064715296,0.8000209,0.0,0.0,0.0,0.0,0.0,0.0
4,2,0.13526383,0.064715296,0.8000209,0.0,0.0,0.0,0.0,0.0,0.0
4,2,0.13526383,0.064715296,0.8000209,0.0,0.0,0.0,0.0,0.0,0.0
4,2,0.13526383,0.064715296,0.8000209,0.0,0.0,0.0,0.0,0.0,0.0
4,2,0.13526383,0.064715296,0.8000209,0.0,0.0,0.0,0.0,0.0,0.0
4,2,0.13526383,0.064715296,0.8000209,0.0,0.0,0.0,0.0,0.0,0.0
4,2,0.13526383,0.064715296,0.8000209,0.0,0.0,0.0,0.0,0.0,0.0
4,2,0.13526383,0.064715296,0.8000209,0.0,0.0,0.0,0.0,0.0,0.0
4,2,0.13526383,0.064715296,0.8000209,0.0,0.0,0.0,0.0,0.0,0.0
4,2,0.13526383,0.064715296,0.8000209,0.0,0.0,0.0,0.0,0.0,0.0
4,2,0.13526383,0.064715296,0.8000209,0.0,0.0,0.0,0.0,0.0,0.0
4,2,0.13526383,0.064715296,0.8000209,0.0,0.0,0.0,0.0,0.0,0.0
4,2,0.13526383,0.064715296,0.8000209,0.0,0.0,0.0,0.0,0.0,0.0
4,2,0.13526383,0.064715296,0.8000209,0.0,0.0,0.0,0.0,0.0,0.0
4,2,0.13526383,0.064715296,0.8000209,0.0,0.0,0.0,0.0,0.0,0.0
4,2,0.13526383,0.064715296,0.8000209,0.0,0.0,0.0,0.0,0.0,0.0
4,2,0.13526383,0.064715296,0.8000209,0.0,0.0,0.0,0.0,0.0,0.0
4,2,0.13526383,0.064715296,0.8000209,0.0,0.0,0.0,0.0,0.0,0.0
4,2,0.13526383,0.064715296,0.8000209,0.0,0.0,0.0,0.0,0.0,0.0
4,2,0.13526383,0.064715296,0.8000209,0.0,0.0,0.0,0.0,0.0,0.0
4,2,0.13526383,0.064715296,0.8000209,0.0,0.0,0.0,0.0,0.0,0.0
4,2,0.13526383,0.064715296,0.8000209,0.0,0.0,0.0,0.0,0.0,0.0
4,2,0.13526383,0.064715296,0.8000209,0.0,0.0,0.0,0.0,0.0,0.0
4,2,0.13526383,0.064715296,0.8000209,0.0,0.0,0.0,0.0,0.0,0.0
4,2,0.13526383,0.064715296,0.8000209,0.0,0.0,0.0,0.0,0.0,0.0
4,2,0.13526383,0.064715296,0.8000209,0.0,0.0,0.0,0.0,0.0,0.0
4,2,0.13526383,0.064715296,0.8000209,0.0,0.0,0.0,0.0,0.0,0.0
4,2,0.13526383,0.064715296,0.8000209,0.0,0.0,0.0,0.0,0.0,0.0
4,2,0.13526383,0.064715296,0.8000209,0.0,0.0,0.0,0.0,0.0,0.0
4,2,0.13526383,0.064715296,0.8000209,0.0,0.0,0.0,0.0,0.0,0.0
4,2,0.13526383,0.064715296,0.8000209,0.0,0.0,0.0,0.0,0.0,0.0
4,2,0.13526383,0.064715296,0.8000209,0.0,0.0,0.0,0.0,0.0,0.0
4,2,0.13526383,0.064715296,0.8000209,0.0,0.0,0.0,0.0,0.0,0.0
4,2,0.13526383,0.064715296,0.8000209,0.0,0.0,0.0,0.0,0.0,0.0
4,2,0.13526383,0.064715296,0.8000209,0.0,0.0,0.0,0.0,0.0,0.0
4,2,0.13526383,0.064715296,0.8000209,0.0,0.0,0.0,0.0,0.0,0.0
4,2,0.13526383,0.064715296,0.8000209,0.0,0.0,0.0,0.0,0.0,0.0
4,2,0.13526383,0.064715296,0.8000209,0.0,0.0,0.0,0.0,0.0,0.0
4,2,0.13526383,0.064715296,0.8000209,0.0,0.0,0.0,0.0,0.0,0.0
4,2,0.13526383,0.064715296,0.8000209,0.0,0.0,0.0,0.0,0.0,0.0
4,2,0.13526383,0.064715296,0.8000209,0.0,0.0,0.0,0.0,0.0,0.0
4,2,0.13526383,0.064715296,0.8000209,0.0,0.0,0.0,0.0,0.0,0.0
4,2,0.13526383,0.0,0.8647362,0.0,0.0,0.0,0.0,0.0,0.0
4,2,0.13526383,0.0,0.8647362,0.0,0.0,0.0,0.0,0.0,0.0
4,2,0.13526383,0.0,0.8647362,0.0,0.0,0.0,0.0,0.0,0.0
4,2,0.13526383,0.0,0.8647362,0.0,0.0,0.0,0.0,0.0,0.0
4,2,0.13526383,0.0,0.8647362,0.0,0.0,0.0,0.0,0.0,0.0
4,2,0.13526383,0.0,0.8647362,0.0,0.0,0.0,0.0,0.0,0.0
4,2,0.13526383,0.0,0.8647362,0.0,0.0,0.0,0.0,0.0,0.0
4,2,0.13526383,0.0,0.8647362,0.0,0.0,0.0,0.0,0.0,0.0
4,2,0.13526383,0.0,0.8647362,0.0,0.0,0.0,0.0,0.0,0.0
4,2,0.13526383,0.0,0.8647362,0.0,0.0,0.0,0.0,0.0,0.0
4,2,0.13526383,0.0,0.8647362,0.0,0.0,0.0,0.0,0.0,0.0
4,2,0.13526383,0.0,0.8647362,0.0,0.0,0.0,0.0,0.0,0.0
4,2,0.13526383,0.0,0.8647362,0.0,0.0,0.0,0.0,0.0,0.0
4,2,0.13526383,0.0,0.8647362,0.0,0.0,0.0,0.0,0.0,0.0
4,2,0.13526383,0.0,0.8647362,0.0,0.0,0.0,0.0,0.0,0.0
4,2,0.13526383,0.0,0.8647362,0.0,0.0,0.0,0.0,0.0,0.0
4,2,0.13526383,0.0,0.8647362,0.0,0.0,0.0,0.0,0.0,0.0
4,2,0.13526383,0.0,0.8647362,0.0,0.0,0.0,0.0,0.0,0.0
4,2,0.13526383,0.0,0.8647362,0.0,0.0,0.0,0.0,0.0,0.0
4,2,0.13526383,0.0,0.8647362,0.0,0.0,0.0,0.0,0.0,0.0
4,2,0.13526383,0.0,0.8647362,0.0,0.0,0.0,0.0,0.0,0.0
4,2,0.13526383,0.0,0.8647362,0.0,0.0,0.0,0.0,0.0,0.0
4,2,0.13526383,0.0,0.8647362,0.0,0.0,0.0,0.0,0.0,0.0
4,2,0.13526383,0.0,0.8647362,0.0,0.0,0.0,0.0,0.0,0.0
4,2,0.13526383,0.0,0.8647362,0.0,0.0,0.0,0.0,0.0,0.0
4,2,0.13526383,0.0,0.8647362,0.0,0.0,0.0,0.0,0.0,0.0
4,2,0.13526383,0.0,0.8647362,0.0,0.0,0.0,0.0,0.0,0.0
4,2,0.13526383,0.0,0.8647362,0.0,0.0,0.0,0.0,0.0,0.0
4,2,0.13526383,0.0,0.8647362,0.0,0.0,0.0,0.0,0.0,0.0
4,2,0.13526383,0.0,0.8647362,0.0,0.0,0.0,0.0,0.0,0.0
4,2,0.13526383,0.0,0.8647362,0.0,0.0,0.0,0.0,0.0,0.0
4,2,0.13526383,0.0,0.8647362,0.0,0.0,0.0,0.0,0.0,0.0
4,2,0.13526383,0.0,0.8647362,0.0,0.0,0.0,0.0,0.0,0.0
4,2,0.13526383,0.0,0.8647362,0.0,0.0,0.0,0.0,0.0,0.0
4,2,0.13526383,0.0,0.8647362,0.0,0.0,0.0,0.0,0.0,0.0
4,2,0.13526383,0.0,0.8647362,0.0,0.0,0.0,0.0,0.0,0.0
4,2,0.13526383,0.0,0.8647362,0.0,0.0,0.0,0.0,0.0,0.0
4,2,0.13526383,0.0,0.8647362,0.0,0.0,0.0,0.0,0.0,0.0
4,2,0.13526383,0.0,0.8647362,0.0,0.0,0.0,0.0,0.0,0.0
4,2,0.13526383,0.0,0.8647362,0.0,0.0,0.0,0.0,0.0,0.0
4,2,0.13526383,0.0,0.8647362,0.0,0.0,0.0,0.0,0.0,0.0
4,2,0.13526383,0.0,0.8647362,0.0,0.0,0.0,0.0,0.0,0.0
4,2,0.13526383,0.0,0.8647362,0.0,0.0,0.0,0.0,0.0,0.0
4,2,0.13526383,0.0,0.8647362,0.0,0.0,0.0,0.0,0.0,0.0
4,2,0.13526383,0.0,0.8647362,0.0,0.0,0.0,0.0,0.0,0.0
4,2,0.062480014,0.0,0.93751997,0.0,0.0,0.0,0.0,0.0,0.0
4,2,0.062480014,0.0,0.93751997,0.0,0.0,0.0,0.0,0.0,0.0
4,2,0.062480014,0.0,0.93751997,0.0,0.0,0.0,0.0,0.0,0.0
4,2,0.062480014,0.0,0.93751997,0.0,0.0,0.0,0.0,0.0,0.0
4,2,0.062480014,0.0,0.93751997,0.0,0.0,0.0,0.0,0.0,0.0
4,2,0.062480014,0.0,0.93751997,0.0,0.0,0.0,0.0,0.0,0.0
4,2,0.062480014,0.0,0.93751997,0.0,0.0,0.0,0.0,0.0,0.0
4,2,0.062480014,0.0,0.93751997,0.0,0.0,0.0,0.0,0.0,0.0
4,2,0.062480014,0.0,0.93751997,0.0,0.0,0.0,0.0,0.0,0.0
4,2,0.062480014,0.0,0.93751997,0.0,0.0,0.0,0.0,0.0,0.0
4,2,0.062480014,0.0,0.93751997,0.0,0.0,0.0,0.0,0.0,0.0
4,2,0.062480014,0.0,0.93751997,0.0,0.0,0.0,0.0,0.0,0.0
4,2,0.062480014,0.0,0.93751997,0.0,0.0,0.0,0.0,0.0,0.0
4,2,0.062480014,0.0,0.93751997,0.0,0.0,0.0,0.0,0.0,0.0
4,2,0.062480014,0.0,0.93751997,0.0,0.0,0.0,0.0,0.0,0.0
4,2,0.062480014,0.0,0.93751997,0.0,0.0,0.0,0.0,0.0,0.0
4,2,0.062480014,0.0,0.93751997,0.0,0.0,0.0,0.0,0.0,0.0
4,2,0.062480014,0.0,0.93751997,0.0,0.0,0.0,0.0,0.0,0.0
4,2,0.062480014,0.0,0.93751997,0.0,0.0,0.0,0.0,0.0,0.0
4,2,0.062480014,0.0,0.93751997,0.0,0.0,0.0,0.0,0.0,0.0
4,2,0.062480014,0.0,0.93751997,0.0,0.0,0.0,0.0,0.0,0.0
4,2,0.062480014,0.0,0.93751997,0.0,0.0,0.0,0.0,0.0,0.0
4,2,0.062480014,0.0,0.93751997,0.0,0.0,0.0,0.0,0.0,0.0
4,2,0.062480014,0.0,0.93751997,0.0,0.0,0.0,0.0,0.0,0.0
4,2,0.062480014,0.0,0.93751997,0.0,0.0,0.0,0.0,0.0,0.0
4,2,0.062480014,0.0,0.93751997,0.0,0.0,0.0,0.0,0.0,0.0
4,2,0.062480014,0.0,0.93751997,0.0,0.0,0.0,0.0,0.0,0.0
4,2,0.062480014,0.0,0.93751997,0.0,0.0,0.0,0.0,0.0,0.0
4,2,0.062480014,0.0,0.93751997,0.0,0.0,0.0,0.0,0.0,0.0
4,2,0.062480014,0.0,0.93751997,0.0,0.0,0.0,0.0,0.0,0.0
4,2,0.062480014,0.0,0.93751997,0.0,0.0,0.0,0.0,0.0,0.0
4,2,0.062480014,0.0,0.93751997,0.0,0.0,0.0,0.0,0.0,0.0
4,2,0.062480014,0.0,0.93751997,0.0,0.0,0.0,0.0,0.0,0.0
4,2,0.062480014,0.0,0.93751997,0.0,0.0,0.0,0.0,0.0,0.0
4,2,0.062480014,0.0,0.93751997,0.0,0.0,0.0,0.0,0.0,0.0
4,2,0.062480014,0.0,0.93751997,0.0,0.0,0.0,0.0,0.0,0.0
4,2,0.062480014,0.0,0.93751997,0.0,0.0,0.0,0.0,0.0,0.0
4,2,0.062480014,0.0,0.93751997,0.0,0.0,0.0,0.0,0.0,0.0
4,2,0.062480014,0.0,0.93751997,0.0,0.0,0.0,0.0,0.0,0.0
4,2,0.062480014,0.0,0.93751997,0.0,0.0,0.0,0.0,0.0,0.0
4,2,0.062480014,0.0,0.93751997,0.0,0.0,0.0,0.0,0.0,0.0
4,2,0.062480014,0.0,0.93751997,0.0,0.0,0.0,0.0,0.0,0.0
4,2,0.062480014,0.0,0.93751997,0.0,0.0,0.0,0.0,0.0,0.0
4,2,0.062480014,0.0,0.93751997,0.0,0.0,0.0,0.0,0.0,0.0
4,2,0.062480014,0.0,0.93751997,0.0,0.0,0.0,0.0,0.0,0.0
4,2,0.062480014,0.0,0.93751997,0.0,0.0,0.0,0.0,0.0,0.0
4,2,0.062480014,0.0,0.93751997,0.0,0.0,0.0,0.0,0.0,0.0
4,2,0.062480014,0.0,0.93751997,0.0,0.0,0.0,0.0,0.0,0.0
4,2,0.062480014,0.0,0.93751997,0.0,0.0,0.0,0.0,0.0,0.0
4,2,0.062480014,0.0,0.93751997,0.0,0.0,0.0,0.0,0.0,0.0
4,2,0.062480014,0.0,0.93751997,0.0,0.0,0.0,0.0,0.0,0.0
4,2,0.062480014,0.0,0.93751997,0.0,0.0,0.0,0.0,0.0,0.0
4,2,0.062480014,0.0,0.93751997,0.0,0.0,0.0,0.0,0.0,0.0
4,2,0.062480014,0.0,0.93751997,0.0,0.0,0.0,0.0,0.0,0.0
4,2,0.062480014,0.0,0.93751997,0.0,0.0,0.0,0.0,0.0,0.0
4,2,0.062480014,0.0,0.93751997,0.0,0.0,0.0,0.0,0.0,0.0
4,2,0.062480014,0.0,0.93751997,0.0,0.0,0.0,0.0,0.0,0.0
4,2,0.062480014,0.0,0.93751997,0.0,0.0,0.0,0.0,0.0,0.0
4,2,0.062480014,0.0,0.93751997,0.0,0.0,0.0,0.0,0.0,0.0
4,2,0.062480014,0.0,0.93751997,0.0,0.0,0.0,0.0,0.0,0.0
4,2,0.062480014,0.0,0.93751997,0.0,0.0,0.0,0.0,0.0,0.0
4,2,0.062480014,0.0,0.93751997,0.0,0.0,0.0,0.0,0.0,0.0
4,2,0.062480014,0.0,0.93751997,0.0,0.0,0.0,0.0,0.0,0.0
4,2,0.062480014,0.0,0.93751997,0.0,0.0,0.0,0.0,0.0,0.0
4,2,0.062480014,0.0,0.93751997,0.0,0.0,0.0,0.0,0.0,0.0
4,2,0.062480014,0.0,0.93751997,0.0,0.0,0.0,0.0,0.0,0.0
4,2,0.062480014,0.0,0.93751997,0.0,0.0,0.0,0.0,0.0,0.0
4,2,0.062480014,0.0,0.93751997,0.0,0.0,0.0,0.0,0.0,0.0
4,2,0.062480014,0.0,0.93751997,0.0,0.0,0.0,0.0,0.0,0.0
4,2,0.062480014,0.0,0.93751997,0.0,0.0,0.0,0.0,0.0,0.0
4,2,0.062480014,0.0,0.93751997,0.0,0.0,0.0,0.0,0.0,0.0
4,2,0.062480014,0.0,0.93751997,0.0,0.0,0.0,0.0,0.0,0.0
4,2,0.062480014,0.0,0.93751997,0.0,0.0,0.0,0.0,0.0,0.0
4,2,0.062480014,0.0,0.93751997,0.0,0.0,0.0,0.0,0.0,0.0
4,2,0.062480014,0.0,0.93751997,0.0,0.0,0.0,0.0,0.0,0.0
4,2,0.062480014,0.0,0.93751997,0.0,0.0,0.0,0.0,0.0,0.0
4,2,0.062480014,0.0,0.93751997,0.0,0.0,0.0,0.0,0.0,0.0
4,2,0.062480014,0.0,0.93751997,0.0,0.0,0.0,0.0,0.0,0.0
4,2,0.062480014,0.0,0.93751997,0.0,0.0,0.0,0.0,0.0,0.0
4,2,0.062480014,0.0,0.93751997,0.0,0.0,0.0,0.0,0.0,0.0
4,2,0.062480014,0.0,0.93751997,0.0,0.0,0.0,0.0,0.0,0.0
4,2,0.062480014,0.0,0.93751997,0.0,0.0,0.0,0.0,0.0,0.0
4,2,0.062480014,0.0,0.93751997,0.0,0.0,0.0,0.0,0.0,0.0
4,2,0.062480014,0.0,0.93751997,0.0,0.0,0.0,0.0,0.0,0.0
4,2,0.062480014,0.0,0.93751997,0.0,0.0,0.0,0.0,0.0,0.0
4,2,0.062480014,0.0,0.93751997,0.0,0.0,0.0,0.0,0.0,0.0
4,2,0.062480014,0.0,0.93751997,0.0,0.0,0.0,0.0,0.0,0.0
4,2,0.062480014,0.0,0.93751997,0.0,0.0,0.0,0.0,0.0,0.0
4,2,0.062480014,0.0,0.93751997,0.0,0.0,0.0,0.0,0.0,0.0
4,2,0.062480014,0.0,0.93751997,0.0,0.0,0.0,0.0,0.0,0.0
4,2,0.062480014,0.0,0.93751997,0.0,0.0,0.0,0.0,0.0,0.0
4,2,0.062480014,0.0,0.93751997,0.0,0.0,0.0,0.0,0.0,0.0
4,2,0.062480014,0.0,0.93751997,0.0,0.0,0.0,0.0,0.0,0.0
4,2,0.062480014,0.0,0.93751997,0.0,0.0,0.0,0.0,0.0,0.0
4,2,0.062480014,0.0,0.93751997,0.0,0.0,0.0,0.0,0.0,0.0
4,2,0.062480014,0.0,0.93751997,0.0,0.0,0.0,0.0,0.0,0.0
4,2,0.062480014,0.0,0.93751997,0.0,0.0,0.0,0.0,0.0,0.0
4,2,0.062480014,0.0,0.93751997,0.0,0.0,0.0,0.0,0.0,0.0
4,2,0.062480014,0.0,0.93751997,0.0,0.0,0.0,0.0,0.0,0.0
4,2,0.062480014,0.0,0.93751997,0.0,0.0,0.0,0.0,0.0,0.0
4,2,0.062480014,0.0,0.93751997,0.0,0.0,0.0,0.0,0.0,0.0
4,2,0.062480014,0.0,0.93751997,0.0,0.0,0.0,0.0,0.0,0.0
4,2,0.062480014,0.0,0.93751997,0.0,0.0,0.0,0.0,0.0,0.0
4,2,0.062480014,0.0,0.93751997,0.0,0.0,0.0,0.0,0.0,0.0
4,2,0.062480014,0.0,0.93751997,0.0,0.0,0.0,0.0,0.0,0.0
4,2,0.062480014,0.0,0.93751997,0.0,0.0,0.0,0.0,0.0,0.0
4,2,0.062480014,0.0,0.93751997,0.0,0.0,0.0,0.0,0.0,0.0
4,2,0.062480014,0.0,0.93751997,0.0,0.0,0.0,0.0,0.0,0.0
4,2,0.062480014,0.0,0.93751997,0.0,0.0,0.0,0.0,0.0,0.0
4,2,0.062480014,0.0,0.93751997,0.0,0.0,0.0,0.0,0.0,0.0
4,2,0.062480014,0.0,0.93751997,0.0,0.0,0.0,0.0,0.0,0.0
4,2,0.062480014,0.0,0.93751997,0.0,0.0,0.0,0.0,0.0,0.0
4,2,0.062480014,0.0,0.93751997,0.0,0.0,0.0,0.0,0.0,0.0
4,2,0.062480014,0.0,0.93751997,0.0,0.0,0.0,0.0,0.0,0.0
4,2,0.062480014,0.0,0.93751997,0.0,0.0,0.0,0.0,0.0,0.0
4,2,0.062480014,0.0,0.93751997,0.0,0.0,0.0,0.0,0.0,0.0
4,2,0.062480014,0.0,0.93751997,0.0,0.0,0.0,0.0,0.0,0.0
4,2,0.062480014,0.0,0.93751997,0.0,0.0,0.0,0.0,0.0,0.0
4,2,0.062480014,0.0,0.93751997,0.0,0.0,0.0,0.0,0.0,0.0
4,2,0.062480014,0.0,0.93751997,0.0,0.0,0.0,0.0,0.0,0.0
4,2,0.062480014,0.0,0.93751997,0.0,0.0,0.0,0.0,0.0,0.0
4,2,0.062480014,0.0,0.93751997,0.0,0.0,0.0,0.0,0.0,0.0
4,2,0.062480014,0.0,0.93751997,0.0,0.0,0.0,0.0,0.0,0.0
4,2,0.062480014,0.0,0.93751997,0.0,0.0,0.0,0.0,0.0,0.0
4,2,0.062480014,0.0,0.93751997,0.0,0.0,0.0,0.0,0.0,0.0
4,2,0.062480014,0.0,0.93751997,0.0,0.0,0.0,0.0,0.0,0.0
4,2,0.062480014,0.0,0.93751997,0.0,0.0,0.0,0.0,0.0,0.0
4,2,0.062480014,0.0,0.93751997,0.0,0.0,0.0,0.0,0.0,0.0
4,2,0.062480014,0.0,0.93751997,0.0,0.0,0.0,0.0,0.0,0.0
4,2,0.062480014,0.0,0.93751997,0.0,0.0,0.0,0.0,0.0,0.0
4,2,0.062480014,0.0,0.93751997,0.0,0.0,0.0,0.0,0.0,0.0
4,2,0.062480014,0.0,0.93751997,0.0,0.0,0.0,0.0,0.0,0.0
4,2,0.062480014,0.0,0.93751997,0.0,0.0,0.0,0.0,0.0,0.0
4,2,0.062480014,0.0,0.93751997,0.0,0.0,0.0,0.0,0.0,0.0
4,2,0.062480014,0.0,0.93751997,0.0,0.0,0.0,0.0,0.0,0.0
4,2,0.062480014,0.0,0.93751997,0.0,0.0,0.0,0.0,0.0,0.0
4,2,0.062480014,0.0,0.93751997,0.0,0.0,0.0,0.0,0.0,0.0
4,2,0.062480014,0.0,0.93751997,0.0,0.0,0.0,0.0,0.0,0.0
4,2,0.062480014,0.0,0.93751997,0.0,0.0,0.0,0.0,0.0,0.0
4,2,0.062480014,0.0,0.93751997,0.0,0.0,0.0,0.0,0.0,0.0
4,2,0.062480014,0.0,0.93751997,0.0,0.0,0.0,0.0,0.0,0.0
4,2,0.062480014,0.0,0.93751997,0.0,0.0,0.0,0.0,0.0,0.0
4,2,0.062480014,0.0,0.93751997,0.0,0.0,0.0,0.0,0.0,0.0
4,2,0.062480014,0.0,0.93751997,0.0,0.0,0.0,0.0,0.0,0.0
4,2,0.062480014,0.0,0.93751997,0.0,0.0,0.0,0.0,0.0,0.0
4,2,0.062480014,0.0,0.93751997,0.0,0.0,0.0,0.0,0.0,0.0
4,2,0.062480014,0.0,0.93751997,0.0,0.0,0.0,0.0,0.0,0.0
4,2,0.062480014,0.0,0.93751997,0.0,0.0,0.0,0.0,0.0,0.0
4,2,0.062480014,0.0,0.93751997,0.0,0.0,0.0,0.0,0.0,0.0
4,2,0.062480014,0.0,0.93751997,0.0,0.0,0.0,0.0,0.0,0.0
4,2,0.062480014,0.0,0.93751997,0.0,0.0,0.0,0.0,0.0,0.0
4,2,0.062480014,0.0,0.93751997,0.0,0.0,0.0,0.0,0.0,0.0
4,2,0.062480014,0.0,0.93751997,0.0,0.0,0.0,0.0,0.0,0.0
4,2,0.062480014,0.0,0.93751997,0.0,0.0,0.0,0.0,0.0,0.0
4,2,0.062480014,0.0,0.93751997,0.0,0.0,0.0,0.0,0.0,0.0
4,2,0.062480014,0.0,0.93751997,0.0,0.0,0.0,0.0,0.0,0.0
4,2,0.062480014,0.0,0.93751997,0.0,0.0,0.0,0.0,0.0,0.0
4,2,0.062480014,0.0,0.93751997,0.0,0.0,0.0,0.0,0.0,0.0
4,2,0.062480014,0.0,0.93751997,0.0,0.0,0.0,0.0,0.0,0.0
4,2,0.062480014,0.0,0.93751997,0.0,0.0,0.0,0.0,0.0,0.0
4,2,0.062480014,0.0,0.93751997,0.0,0.0,0.0,0.0,0.0,0.0
4,2,0.062480014,0.0,0.93751997,0.0,0.0,0.0,0.0,0.0,0.0
4,2,0.062480014,0.0,0.93751997,0.0,0.0,0.0,0.0,0.0,0.0
4,2,0.062480014,0.0,0.93751997,0.0,0.0,0.0,0.0,0.0,0.0
4,2,0.062480014,0.0,0.93751997,0.0,0.0,0.0,0.0,0.0,0.0
4,2,0.062480014,0.0,0.93751997,0.0,0.0,0.0,0.0,0.0,0.0
4,2,0.062480014,0.0,0.93751997,0.0,0.0,0.0,0.0,0.0,0.0
4,2,0.062480014,0.0,0.93751997,0.0,0.0,0.0,0.0,0.0,0.0
4,2,0.062480014,0.0,0.93751997,0.0,0.0,0.0,0.0,0.0,0.0
4,2,0.062480014,0.0,0.93751997,0.0,0.0,0.0,0.0,0.0,0.0
4,2,0.062480014,0.0,0.93751997,0.0,0.0,0.0,0.0,0.0,0.0
4,2,0.062480014,0.0,0.93751997,0.0,0.0,0.0,0.0,0.0,0.0
4,2,0.062480014,0.0,0.93751997,0.0,0.0,0.0,0.0,0.0,0.0
4,2,0.062480014,0.0,0.93751997,0.0,0.0,0.0,0.0,0.0,0.0
4,2,0.062480014,0.0,0.93751997,0.0,0.0,0.0,0.0,0.0,0.0
4,2,0.062480014,0.0,0.93751997,0.0,0.0,0.0,0.0,0.0,0.0
4,2,0.062480014,0.0,0.93751997,0.0,0.0,0.0,0.0,0.0,0.0
4,2,0.062480014,0.0,0.93751997,0.0,0.0,0.0,0.0,0.0,0.0
4,2,0.062480014,0.0,0.93751997,0.0,0.0,0.0,0.0,0.0,0.0
4,2,0.062480014,0.0,0.93751997,0.0,0.0,0.0,0.0,0.0,0.0
4,2,0.062480014,0.0,0.93751997,0.0,0.0,0.0,0.0,0.0,0.0
4,2,0.062480014,0.0,0.93751997,0.0,0.0,0.0,0.0,0.0,0.0
4,2,0.062480014,0.0,0.93751997,0.0,0.0,0.0,0.0,0.0,0.0
4,2,0.062480014,0.0,0.93751997,0.0,0.0,0.0,0.0,0.0,0.0
4,2,0.062480014,0.0,0.93751997,0.0,0.0,0.0,0.0,0.0,0.0
4,2,0.062480014,0.0,0.93751997,0.0,0.0,0.0,0.0,0.0,0.0
4,2,0.062480014,0.0,0.93751997,0.0,0.0,0.0,0.0,0.0,0.0
4,2,0.062480014,0.0,0.93751997,0.0,0.0,0.0,0.0,0.0,0.0
4,2,0.062480014,0.0,0.93751997,0.0,0.0,0.0,0.0,0.0,0.0
4,2,0.062480014,0.0,0.93751997,0.0,0.0,0.0,0.0,0.0,0.0
4,2,0.062480014,0.0,0.93751997,0.0,0.0,0.0,0.0,0.0,0.0
4,2,0.062480014,0.0,0.93751997,0.0,0.0,0.0,0.0,0.0,0.0
4,2,0.062480014,0.0,0.93751997,0.0,0.0,0.0,0.0,0.0,0.0
4,2,0.062480014,0.0,0.93751997,0.0,0.0,0.0,0.0,0.0,0.0
4,2,0.062480014,0.0,0.93751997,0.0,0.0,0.0,0.0,0.0,0.0
4,2,0.062480014,0.0,0.93751997,0.0,0.0,0.0,0.0,0.0,0.0
4,2,0.062480014,0.0,0.93751997,0.0,0.0,0.0,0.0,0.0,0.0
4,2,0.062480014,0.0,0.93751997,0.0,0.0,0.0,0.0,0.0,0.0
4,2,0.062480014,0.0,0.93751997,0.0,0.0,0.0,0.0,0.0,0.0
4,2,0.062480014,0.0,0.93751997,0.0,0.0,0.0,0.0,0.0,0.0
4,2,0.062480014,0.0,0.93751997,0.0,0.0,0.0,0.0,0.0,0.0
4,2,0.062480014,0.0,0.93751997,0.0,0.0,0.0,0.0,0.0,0.0
4,2,0.062480014,0.0,0.93751997,0.0,0.0,0.0,0.0,0.0,0.0
4,2,0.062480014,0.0,0.93751997,0.0,0.0,0.0,0.0,0.0,0.0
4,2,0.062480014,0.0,0.93751997,0.0,0.0,0.0,0.0,0.0,0.0
4,2,0.062480014,0.0,0.93751997,0.0,0.0,0.0,0.0,0.0,0.0
4,2,0.062480014,0.0,0.93751997,0.0,0.0,0.0,0.0,0.0,0.0
4,2,0.062480014,0.0,0.93751997,0.0,0.0,0.0,0.0,0.0,0.0
4,2,0.062480014,0.0,0.93751997,0.0,0.0,0.0,0.0,0.0,0.0
4,2,0.062480014,0.0,0.93751997,0.0,0.0,0.0,0.0,0.0,0.0
4,2,0.062480014,0.0,0.93751997,0.0,0.0,0.0,0.0,0.0,0.0
4,2,0.062480014,0.0,0.93751997,0.0,0.0,0.0,0.0,0.0,0.0
4,2,0.062480014,0.0,0.93751997,0.0,0.0,0.0,0.0,0.0,0.0
4,2,0.062480014,0.0,0.93751997,0.0,0.0,0.0,0.0,0.0,0.0
4,2,0.062480014,0.0,0.93751997,0.0,0.0,0.0,0.0,0.0,0.0
4,2,0.062480014,0.0,0.93751997,0.0,0.0,0.0,0.0,0.0,0.0
4,2,0.062480014,0.0,0.93751997,0.0,0.0,0.0,0.0,0.0,0.0
4,2,0.062480014,0.0,0.93751997,0.0,0.0,0.0,0.0,0.0,0.0
4,2,0.062480014,0.0,0.93751997,0.0,0.0,0.0,0.0,0.0,0.0
4,2,0.062480014,0.0,0.93751997,0.0,0.0,0.0,0.0,0.0,0.0
4,2,0.062480014,0.0,0.93751997,0.0,0.0,0.0,0.0,0.0,0.0
4,2,0.062480014,0.0,0.93751997,0.0,0.0,0.0,0.0,0.0,0.0
4,2,0.062480014,0.0,0.93751997,0.0,0.0,0.0,0.0,0.0,0.0
4,2,0.062480014,0.0,0.93751997,0.0,0.0,0.0,0.0,0.0,0.0
4,2,0.062480014,0.0,0.93751997,0.0,0.0,0.0,0.0,0.0,0.0
4,2,0.062480014,0.0,0.93751997,0.0,0.0,0.0,0.0,0.0,0.0
4,2,0.062480014,0.0,0.93751997,0.0,0.0,0.0,0.0,0.0,0.0
4,2,0.062480014,0.0,0.93751997,0.0,0.0,0.0,0.0,0.0,0.0
4,2,0.062480014,0.0,0.93751997,0.0,0.0,0.0,0.0,0.0,0.0
4,2,0.062480014,0.0,0.93751997,0.0,0.0,0.0,0.0,0.0,0.0
4,2,0.062480014,0.0,0.93751997,0.0,0.0,0.0,0.0,0.0,0.0
4,2,0.062480014,0.0,0.93751997,0.0,0.0,0.0,0.0,0.0,0.0
4,2,0.062480014,0.0,0.93751997,0.0,0.0,0.0,0.0,0.0,0.0
4,2,0.062480014,0.0,0.93751997,0.0,0.0,0.0,0.0,0.0,0.0
4,2,0.062480014,0.0,0.93751997,0.0,0.0,0.0,0.0,0.0,0.0
4,2,0.062480014,0.0,0.93751997,0.0,0.0,0.0,0.0,0.0,0.0
4,2,0.062480014,0.0,0.93751997,0.0,0.0,0.0,0.0,0.0,0.0
4,2,0.062480014,0.0,0.93751997,0.0,0.0,0.0,0.0,0.0,0.0
4,2,0.062480014,0.0,0.93751997,0.0,0.0,0.0,0.0,0.0,0.0
4,2,0.062480014,0.0,0.93751997,0.0,0.0,0.0,0.0,0.0,0.0
4,2,0.062480014,0.0,0.93751997,0.0,0.0,0.0,0.0,0.0,0.0
4,2,0.062480014,0.0,0.93751997,0.0,0.0,0.0,0.0,0.0,0.0
4,2,0.062480014,0.0,0.93751997,0.0,0.0,0.0,0.0,0.0,0.0
4,2,0.12719533,0.0,0.8728047,0.0,0.0,0.0,0.0,0.0,0.0
4,2,0.12719533,0.0,0.8728047,0.0,0.0,0.0,0.0,0.0,0.0
4,2,0.12719533,0.0,0.8728047,0.0,0.0,0.0,0.0,0.0,0.0
4,2,0.12719533,0.0,0.8728047,0.0,0.0,0.0,0.0,0.0,0.0
4,2,0.12719533,0.0,0.8728047,0.0,0.0,0.0,0.0,0.0,0.0
4,2,0.12719533,0.0,0.8728047,0.0,0.0,0.0,0.0,0.0,0.0
4,2,0.12719533,0.0,0.8728047,0.0,0.0,0.0,0.0,0.0,0.0
4,2,0.12719533,0.0,0.8728047,0.0,0.0,0.0,0.0,0.0,0.0
4,2,0.12719531,0.0,0.81363535,0.0,0.0,0.0,0.0,0.05916933,0.0
4,2,0.12719531,0.0,0.81363535,0.0,0.0,0.0,0.0,0.05916933,0.0
4,2,0.12719531,0.0,0.81363535,0.0,0.0,0.0,0.0,0.05916933,0.0
4,2,0.12719531,0.0,0.81363535,0.0,0.0,0.0,0.0,0.05916933,0.0
4,2,0.12719531,0.0,0.81363535,0.0,0.0,0.0,0.0,0.05916933,0.0
4,2,0.12719531,0.0,0.81363535,0.0,0.0,0.0,0.0,0.05916933,0.0
4,2,0.12719531,0.0,0.81363535,0.0,0.0,0.0,0.0,0.05916933,0.0
4,2,0.12719531,0.0,0.81363535,0.0,0.0,0.0,0.0,0.05916933,0.0
4,2,0.12719531,0.0,0.81363535,0.0,0.0,0.0,0.0,0.05916933,0.0
4,2,0.12719531,0.0,0.81363535,0.0,0.0,0.0,0.0,0.05916933,0.0
4,2,0.12719531,0.0,0.81363535,0.0,0.0,0.0,0.0,0.05916933,0.0
4,2,0.12719531,0.0,0.81363535,0.0,0.0,0.0,0.0,0.05916933,0.0
4,2,0.12719531,0.0,0.81363535,0.0,0.0,0.0,0.0,0.05916933,0.0
4,2,0.12719531,0.0,0.81363535,0.0,0.0,0.0,0.0,0.05916933,0.0
4,2,0.12719531,0.0,0.81363535,0.0,0.0,0.0,0.0,0.05916933,0.0
4,2,0.12719531,0.0,0.81363535,0.0,0.0,0.0,0.0,0.05916933,0.0
4,2,0.12719531,0.0,0.81363535,0.0,0.0,0.0,0.0,0.05916933,0.0
4,2,0.12719531,0.0,0.81363535,0.0,0.0,0.0,0.0,0.05916933,0.0
4,2,0.12719531,0.0,0.81363535,0.0,0.0,0.0,0.0,0.05916933,0.0
4,2,0.12719531,0.0,0.81363535,0.0,0.0,0.0,0.0,0.05916933,0.0
4,2,0.12719531,0.0,0.81363535,0.0,0.0,0.0,0.0,0.05916933,0.0
4,2,0.12719531,0.0,0.81363535,0.0,0.0,0.0,0.0,0.05916933,0.0
4,2,0.12719531,0.0,0.81363535,0.0,0.0,0.0,0.0,0.05916933,0.0
4,2,0.12719531,0.0,0.81363535,0.0,0.0,0.0,0.0,0.05916933,0.0
4,2,0.12719531,0.0,0.81363535,0.0,0.0,0.0,0.0,0.05916933,0.0
4,2,0.12719531,0.0,0.81363535,0.0,0.0,0.0,0.0,0.05916933,0.0
4,2,0.12719531,0.0,0.81363535,0.0,0.0,0.0,0.0,0.05916933,0.0
4,2,0.12719531,0.0,0.81363535,0.0,0.0,0.0,0.0,0.05916933,0.0
4,2,0.12719531,0.0,0.81363535,0.0,0.0,0.0,0.0,0.05916933,0.0
4,2,0.12719531,0.0,0.81363535,0.0,0.0,0.0,0.0,0.05916933,0.0
4,2,0.12719531,0.0,0.81363535,0.0,0.0,0.0,0.0,0.05916933,0.0
4,2,0.12719531,0.0,0.81363535,0.0,0.0,0.0,0.0,0.05916933,0.0
4,2,0.12719531,0.0,0.81363535,0.0,0.0,0.0,0.0,0.05916933,0.0
4,2,0.12719531,0.0,0.81363535,0.0,0.0,0.0,0.0,0.05916933,0.0
4,2,0.18247901,0.0,0.7583517,0.0,0.0,0.0,0.0,0.05916933,0.0
4,2,0.18247901,0.0,0.7583517,0.0,0.0,0.0,0.0,0.05916933,0.0
4,2,0.18247901,0.0,0.7583517,0.0,0.0,0.0,0.0,0.05916933,0.0
4,2,0.18247901,0.0,0.7583517,0.0,0.0,0.0,0.0,0.05916933,0.0
4,2,0.18247901,0.0,0.7583517,0.0,0.0,0.0,0.0,0.05916933,0.0
4,2,0.18247901,0.0,0.7583517,0.0,0.0,0.0,0.0,0.05916933,0.0
4,2,0.18247901,0.0,0.7583517,0.0,0.0,0.0,0.0,0.05916933,0.0
4,2,0.18247901,0.0,0.7583517,0.0,0.0,0.0,0.0,0.05916933,0.0
4,2,0.18247901,0.0,0.7583517,0.0,0.0,0.0,0.0,0.05916933,0.0
4,2,0.18247901,0.0,0.7583517,0.0,0.0,0.0,0.0,0.05916933,0.0
4,2,0.18247901,0.0,0.7583517,0.0,0.0,0.0,0.0,0.05916933,0.0
4,2,0.18247901,0.0,0.7583517,0.0,0.0,0.0,0.0,0.05916933,0.0
4,2,0.18247901,0.0,0.7583517,0.0,0.0,0.0,0.0,0.05916933,0.0
4,2,0.18247901,0.0,0.7583517,0.0,0.0,0.0,0.0,0.05916933,0.0
4,2,0.18247901,0.0,0.7583517,0.0,0.0,0.0,0.0,0.05916933,0.0
4,2,0.18247901,0.0,0.7583517,0.0,0.0,0.0,0.0,0.05916933,0.0
4,2,0.18247901,0.0,0.7583517,0.0,0.0,0.0,0.0,0.05916933,0.0
4,2,0.18247901,0.0,0.7583517,0.0,0.0,0.0,0.0,0.05916933,0.0
4,2,0.18247901,0.0,0.7583517,0.0,0.0,0.0,0.0,0.05916933,0.0
4,2,0.18247901,0.0,0.7583517,0.0,0.0,0.0,0.0,0.05916933,0.0
4,2,0.18247901,0.0,0.7583517,0.0,0.0,0.0,0.0,0.05916933,0.0
4,2,0.18247901,0.0,0.7583517,0.0,0.0,0.0,0.0,0.05916933,0.0
4,2,0.18247901,0.0,0.7583517,0.0,0.0,0.0,0.0,0.05916933,0.0
4,2,0.18247901,0.0,0.7583517,0.0,0.0,0.0,0.0,0.05916933,0.0
4,2,0.18247901,0.0,0.7583517,0.0,0.0,0.0,0.0,0.05916933,0.0
4,2,0.18247901,0.0,0.7583517,0.0,0.0,0.0,0.0,0.05916933,0.0
4,2,0.18247901,0.0,0.7583517,0.0,0.0,0.0,0.0,0.05916933,0.0
4,2,0.18247901,0.0,0.7583517,0.0,0.0,0.0,0.0,0.05916933,0.0
4,2,0.18247901,0.0,0.7583517,0.0,0.0,0.0,0.0,0.05916933,0.0
4,2,0.18247901,0.0,0.7583517,0.0,0.0,0.0,0.0,0.05916933,0.0
4,2,0.18247901,0.0,0.7583517,0.0,0.0,0.0,0.0,0.05916933,0.0
4,2,0.18247901,0.0,0.7583517,0.0,0.0,0.0,0.0,0.05916933,0.0
4,2,0.18247901,0.0,0.7583517,0.0,0.0,0.0,0.0,0.05916933,0.0
4,2,0.18247901,0.0,0.7583517,0.0,0.0,0.0,0.0,0.05916933,0.0
4,2,0.18247901,0.0,0.7583517,0.0,0.0,0.0,0.0,0.05916933,0.0
4,2,0.18247901,0.0,0.7583517,0.0,0.0,0.0,0.0,0.05916933,0.0
4,2,0.18247901,0.0,0.7583517,0.0,0.0,0.0,0.0,0.05916933,0.0
4,2,0.18247901,0.0,0.7583517,0.0,0.0,0.0,0.0,0.05916933,0.0
4,2,0.18247901,0.0,0.7583517,0.0,0.0,0.0,0.0,0.05916933,0.0
4,2,0.18247901,0.0,0.7583517,0.0,0.0,0.0,0.0,0.05916933,0.0
4,2,0.18247901,0.0,0.7583517,0.0,0.0,0.0,0.0,0.05916933,0.0
4,2,0.18247901,0.0,0.7583517,0.0,0.0,0.0,0.0,0.05916933,0.0
4,2,0.18247901,0.0,0.7583517,0.0,0.0,0.0,0.0,0.05916933,0.0
4,2,0.18247901,0.0,0.7583517,0.0,0.0,0.0,0.0,0.05916933,0.0
4,2,0.18247901,0.0,0.7583517,0.0,0.0,0.0,0.0,0.05916933,0.0
4,2,0.18247901,0.0,0.7583517,0.0,0.0,0.0,0.0,0.05916933,0.0
4,2,0.18247901,0.0,0.7583517,0.0,0.0,0.0,0.0,0.05916933,0.0
4,2,0.18247901,0.0,0.7583517,0.0,0.0,0.0,0.0,0.05916933,0.0
4,2,0.18247901,0.0,0.7583517,0.0,0.0,0.0,0.0,0.05916933,0.0
4,2,0.18247901,0.0,0.7583517,0.0,0.0,0.0,0.0,0.05916933,0.0
4,2,0.18247901,0.0,0.7583517,0.0,0.0,0.0,0.0,0.05916933,0.0
4,2,0.18247901,0.0,0.7583517,0.0,0.0,0.0,0.0,0.05916933,0.0
4,2,0.18247901,0.0,0.7583517,0.0,0.0,0.0,0.0,0.05916933,0.0
4,2,0.18247901,0.0,0.7583517,0.0,0.0,0.0,0.0,0.05916933,0.0
4,2,0.18247901,0.0,0.7583517,0.0,0.0,0.0,0.0,0.05916933,0.0
4,2,0.18247901,0.0,0.7583517,0.0,0.0,0.0,0.0,0.05916933,0.0
4,2,0.18247901,0.0,0.7583517,0.0,0.0,0.0,0.0,0.05916933,0.0
4,2,0.18247901,0.0,0.7583517,0.0,0.0,0.0,0.0,0.05916933,0.0
4,2,0.18247901,0.0,0.7583517,0.0,0.0,0.0,0.0,0.05916933,0.0
4,2,0.18247901,0.0,0.7583517,0.0,0.0,0.0,0.0,0.05916933,0.0
4,2,0.18247901,0.0,0.7583517,0.0,0.0,0.0,0.0,0.05916933,0.0
4,2,0.18247901,0.0,0.7583517,0.0,0.0,0.0,0.0,0.05916933,0.0
4,2,0.18247901,0.0,0.7583517,0.0,0.0,0.0,0.0,0.05916933,0.0
4,2,0.18247901,0.0,0.7583517,0.0,0.0,0.0,0.0,0.05916933,0.0
4,2,0.18247901,0.0,0.7583517,0.0,0.0,0.0,0.0,0.05916933,0.0
4,2,0.18247901,0.0,0.7583517,0.0,0.0,0.0,0.0,0.05916933,0.0
4,2,0.18247901,0.0,0.7583517,0.0,0.0,0.0,0.0,0.05916933,0.0
4,2,0.18247901,0.0,0.7583517,0.0,0.0,0.0,0.0,0.05916933,0.0
4,2,0.18247901,0.0,0.7583517,0.0,0.0,0.0,0.0,0.05916933,0.0
4,2,0.18247901,0.0,0.7583517,0.0,0.0,0.0,0.0,0.05916933,0.0
4,2,0.18247901,0.0,0.7583517,0.0,0.0,0.0,0.0,0.05916933,0.0
4,2,0.18247901,0.0,0.7583517,0.0,0.0,0.0,0.0,0.05916933,0.0
4,2,0.18247901,0.0,0.7583517,0.0,0.0,0.0,0.0,0.05916933,0.0
4,2,0.18247901,0.0,0.7583517,0.0,0.0,0.0,0.0,0.05916933,0.0
4,2,0.18247901,0.0,0.7583517,0.0,0.0,0.0,0.0,0.05916933,0.0
4,2,0.18247901,0.0,0.7583517,0.0,0.0,0.0,0.0,0.05916933,0.0
4,2,0.18247901,0.0,0.7583517,0.0,0.0,0.0,0.0,0.05916933,0.0
4,2,0.18247901,0.0,0.7583517,0.0,0.0,0.0,0.0,0.05916933,0.0
4,2,0.18247901,0.0,0.7583517,0.0,0.0,0.0,0.0,0.05916933,0.0
4,2,0.18247901,0.0,0.7583517,0.0,0.0,0.0,0.0,0.05916933,0.0
4,2,0.18247901,0.0,0.7583517,0.0,0.0,0.0,0.0,0.05916933,0.0
4,2,0.18247901,0.0,0.7583517,0.0,0.0,0.0,0.0,0.05916933,0.0
4,2,0.18247901,0.0,0.7583517,0.0,0.0,0.0,0.0,0.05916933,0.0
4,2,0.18247901,0.0,0.7583517,0.0,0.0,0.0,0.0,0.05916933,0.0
4,2,0.18247901,0.0,0.7583517,0.0,0.0,0.0,0.0,0.05916933,0.0
4,2,0.18247901,0.0,0.7583517,0.0,0.0,0.0,0.0,0.05916933,0.0
4,2,0.18247901,0.0,0.7583517,0.0,0.0,0.0,0.0,0.05916933,0.0
4,2,0.18247901,0.0,0.7583517,0.0,0.0,0.0,0.0,0.05916933,0.0
4,2,0.18247901,0.0,0.7583517,0.0,0.0,0.0,0.0,0.05916933,0.0
4,2,0.18247901,0.0,0.7583517,0.0,0.0,0.0,0.0,0.05916933,0.0
4,2,0.18247901,0.0,0.7583517,0.0,0.0,0.0,0.0,0.05916933,0.0
4,2,0.18247901,0.0,0.7583517,0.0,0.0,0.0,0.0,0.05916933,0.0
4,2,0.18247901,0.0,0.7583517,0.0,0.0,0.0,0.0,0.05916933,0.0
4,2,0.18247901,0.0,0.7583517,0.0,0.0,0.0,0.0,0.05916933,0.0
4,2,0.18247901,0.0,0.7583517,0.0,0.0,0.0,0.0,0.05916933,0.0
4,2,0.18247901,0.0,0.7583517,0.0,0.0,0.0,0.0,0.05916933,0.0
4,2,0.18247901,0.0,0.7583517,0.0,0.0,0.0,0.0,0.05916933,0.0
4,2,0.18247901,0.0,0.7583517,0.0,0.0,0.0,0.0,0.05916933,0.0
4,2,0.18247901,0.0,0.7583517,0.0,0.0,0.0,0.0,0.05916933,0.0
4,2,0.18247901,0.0,0.7583517,0.0,0.0,0.0,0.0,0.05916933,0.0
4,2,0.18247901,0.0,0.7583517,0.0,0.0,0.0,0.0,0.05916933,0.0
4,2,0.18247901,0.0,0.7583517,0.0,0.0,0.0,0.0,0.05916933,0.0
4,2,0.18247901,0.0,0.7583517,0.0,0.0,0.0,0.0,0.05916933,0.0
4,2,0.18247901,0.0,0.7583517,0.0,0.0,0.0,0.0,0.05916933,0.0
4,2,0.18247901,0.0,0.7583517,0.0,0.0,0.0,0.0,0.05916933,0.0
4,2,0.18247901,0.0,0.7583517,0.0,0.0,0.0,0.0,0.05916933,0.0
4,2,0.18247901,0.0,0.7583517,0.0,0.0,0.0,0.0,0.05916933,0.0
4,2,0.18247901,0.0,0.7583517,0.0,0.0,0.0,0.0,0.05916933,0.0
4,2,0.18247901,0.0,0.7583517,0.0,0.0,0.0,0.0,0.05916933,0.0
4,2,0.18247901,0.0,0.7583517,0.0,0.0,0.0,0.0,0.05916933,0.0
4,2,0.18247901,0.0,0.7583517,0.0,0.0,0.0,0.0,0.05916933,0.0
4,2,0.18247901,0.0,0.7583517,0.0,0.0,0.0,0.0,0.05916933,0.0
4,2,0.18247901,0.0,0.7583517,0.0,0.0,0.0,0.0,0.05916933,0.0
4,2,0.18247901,0.0,0.7583517,0.0,0.0,0.0,0.0,0.05916933,0.0
4,2,0.18247901,0.0,0.7583517,0.0,0.0,0.0,0.0,0.05916933,0.0
4,2,0.18247901,0.0,0.7583517,0.0,0.0,0.0,0.0,0.05916933,0.0
4,2,0.18247901,0.0,0.7583517,0.0,0.0,0.0,0.0,0.05916933,0.0
4,2,0.18247901,0.0,0.7583517,0.0,0.0,0.0,0.0,0.05916933,0.0
4,2,0.18247901,0.0,0.7583517,0.0,0.0,0.0,0.0,0.05916933,0.0
4,2,0.18247901,0.0,0.7583517,0.0,0.0,0.0,0.0,0.05916933,0.0
4,2,0.18247901,0.0,0.7583517,0.0,0.0,0.0,0.0,0.05916933,0.0
4,2,0.18247901,0.0,0.7583517,0.0,0.0,0.0,0.0,0.05916933,0.0
4,2,0.18247901,0.0,0.7583517,0.0,0.0,0.0,0.0,0.05916933,0.0
4,2,0.18247901,0.0,0.7583517,0.0,0.0,0.0,0.0,0.05916933,0.0
4,2,0.18247901,0.0,0.7583517,0.0,0.0,0.0,0.0,0.05916933,0.0
4,2,0.18247901,0.0,0.7583517,0.0,0.0,0.0,0.0,0.05916933,0.0
4,2,0.18247901,0.0,0.7583517,0.0,0.0,0.0,0.0,0.05916933,0.0
4,2,0.18247901,0.0,0.7583517,0.0,0.0,0.0,0.0,0.05916933,0.0
4,2,0.18247901,0.0,0.7583517,0.0,0.0,0.0,0.0,0.05916933,0.0
4,2,0.18247901,0.0,0.7583517,0.0,0.0,0.0,0.0,0.05916933,0.0
4,2,0.18247901,0.0,0.7583517,0.0,0.0,0.0,0.0,0.05916933,0.0
4,2,0.18247901,0.0,0.7583517,0.0,0.0,0.0,0.0,0.05916933,0.0
4,2,0.18247901,0.0,0.7583517,0.0,0.0,0.0,0.0,0.05916933,0.0
4,2,0.18247901,0.0,0.7583517,0.0,0.0,0.0,0.0,0.05916933,0.0
4,2,0.18247901,0.0,0.7583517,0.0,0.0,0.0,0.0,0.05916933,0.0
4,2,0.18247901,0.0,0.7583517,0.0,0.0,0.0,0.0,0.05916933,0.0
4,2,0.18247901,0.0,0.7583517,0.0,0.0,0.0,0.0,0.05916933,0.0
4,2,0.18247901,0.0,0.7583517,0.0,0.0,0.0,0.0,0.05916933,0.0
4,2,0.18247901,0.0,0.7583517,0.0,0.0,0.0,0.0,0.05916933,0.0
4,2,0.18247901,0.0,0.7583517,0.0,0.0,0.0,0.0,0.05916933,0.0
4,2,0.18247901,0.0,0.7583517,0.0,0.0,0.0,0.0,0.05916933,0.0
4,2,0.18247901,0.0,0.7583517,0.0,0.0,0.0,0.0,0.05916933,0.0
4,2,0.18247901,0.0,0.7583517,0.0,0.0,0.0,0.0,0.05916933,0.0
4,2,0.18247901,0.0,0.7583517,0.0,0.0,0.0,0.0,0.05916933,0.0
4,2,0.18247901,0.0,0.7583517,0.0,0.0,0.0,0.0,0.05916933,0.0
4,2,0.18247901,0.0,0.7583517,0.0,0.0,0.0,0.0,0.05916933,0.0
4,2,0.18247901,0.0,0.7583517,0.0,0.0,0.0,0.0,0.05916933,0.0
4,2,0.18247901,0.0,0.7583517,0.0,0.0,0.0,0.0,0.05916933,0.0
4,2,0.18247901,0.0,0.7583517,0.0,0.0,0.0,0.0,0.05916933,0.0
4,2,0.18247901,0.0,0.7583517,0.0,0.0,0.0,0.0,0.05916933,0.0
4,2,0.18247901,0.0,0.7583517,0.0,0.0,0.0,0.0,0.05916933,0.0
4,2,0.18247901,0.0,0.7583517,0.0,0.0,0.0,0.0,0.05916933,0.0
4,2,0.18247901,0.0,0.7583517,0.0,0.0,0.0,0.0,0.05916933,0.0
4,2,0.18247901,0.0,0.7583517,0.0,0.0,0.0,0.0,0.05916933,0.0
4,2,0.18247901,0.0,0.7583517,0.0,0.0,0.0,0.0,0.05916933,0.0
4,2,0.18247901,0.0,0.7583517,0.0,0.0,0.0,0.0,0.05916933,0.0
4,2,0.18247901,0.0,0.7583517,0.0,0.0,0.0,0.0,0.05916933,0.0
4,2,0.18247901,0.0,0.7583517,0.0,0.0,0.0,0.0,0.05916933,0.0
4,2,0.18247901,0.0,0.7583517,0.0,0.0,0.0,0.0,0.05916933,0.0
4,2,0.18247901,0.0,0.7583517,0.0,0.0,0.0,0.0,0.05916933,0.0
4,2,0.18247901,0.0,0.7583517,0.0,0.0,0.0,0.0,0.05916933,0.0
4,2,0.18247901,0.0,0.7583517,0.0,0.0,0.0,0.0,0.05916933,0.0
4,2,0.18247901,0.0,0.7583517,0.0,0.0,0.0,0.0,0.05916933,0.0
4,2,0.18247901,0.0,0.7583517,0.0,0.0,0.0,0.0,0.05916933,0.0
4,2,0.18247901,0.0,0.7583517,0.0,0.0,0.0,0.0,0.05916933,0.0
4,2,0.18247901,0.0,0.7583517,0.0,0.0,0.0,0.0,0.05916933,0.0
4,2,0.18247901,0.0,0.7583517,0.0,0.0,0.0,0.0,0.05916933,0.0
4,2,0.18247901,0.0,0.7583517,0.0,0.0,0.0,0.0,0.05916933,0.0
4,2,0.18247901,0.0,0.7583517,0.0,0.0,0.0,0.0,0.05916933,0.0
4,2,0.18247901,0.0,0.7583517,0.0,0.0,0.0,0.0,0.05916933,0.0
4,2,0.18247901,0.0,0.7583517,0.0,0.0,0.0,0.0,0.05916933,0.0
4,2,0.18247901,0.0,0.7583517,0.0,0.0,0.0,0.0,0.05916933,0.0
4,2,0.18247901,0.0,0.7583517,0.0,0.0,0.0,0.0,0.05916933,0.0
4,2,0.18247901,0.0,0.7583517,0.0,0.0,0.0,0.0,0.05916933,0.0
4,2,0.18247901,0.0,0.7583517,0.0,0.0,0.0,0.0,0.05916933,0.0
4,2,0.18247901,0.0,0.7583517,0.0,0.0,0.0,0.0,0.05916933,0.0
4,2,0.18247901,0.0,0.7583517,0.0,0.0,0.0,0.0,0.05916933,0.0
4,2,0.18247901,0.0,0.7583517,0.0,0.0,0.0,0.0,0.05916933,0.0
4,2,0.18247901,0.0,0.7583517,0.0,0.0,0.0,0.0,0.05916933,0.0
4,2,0.18247901,0.0,0.7583517,0.0,0.0,0.0,0.0,0.05916933,0.0
4,2,0.18247901,0.0,0.7583517,0.0,0.0,0.0,0.0,0.05916933,0.0
4,2,0.18247901,0.0,0.7583517,0.0,0.0,0.0,0.0,0.05916933,0.0
4,2,0.18247901,0.0,0.7583517,0.0,0.0,0.0,0.0,0.05916933,0.0
4,2,0.18247901,0.0,0.7583517,0.0,0.0,0.0,0.0,0.05916933,0.0
4,2,0.18247901,0.0,0.7583517,0.0,0.0,0.0,0.0,0.05916933,0.0
4,2,0.18247901,0.0,0.7583517,0.0,0.0,0.0,0.0,0.05916933,0.0
4,2,0.18247901,0.0,0.7583517,0.0,0.0,0.0,0.0,0.05916933,0.0
4,2,0.18247901,0.0,0.7583517,0.0,0.0,0.0,0.0,0.05916933,0.0
4,2,0.18247901,0.0,0.7583517,0.0,0.0,0.0,0.0,0.05916933,0.0
4,2,0.18247901,0.0,0.7583517,0.0,0.0,0.0,0.0,0.05916933,0.0
4,2,0.18247901,0.0,0.7583517,0.0,0.0,0.0,0.0,0.05916933,0.0
4,2,0.18247901,0.0,0.7583517,0.0,0.0,0.0,0.0,0.05916933,0.0
4,2,0.18247901,0.0,0.7583517,0.0,0.0,0.0,0.0,0.05916933,0.0
4,2,0.18247901,0.0,0.7583517,0.0,0.0,0.0,0.0,0.05916933,0.0
4,2,0.18247901,0.0,0.7583517,0.0,0.0,0.0,0.0,0.05916933,0.0
4,2,0.18247901,0.0,0.7583517,0.0,0.0,0.0,0.0,0.05916933,0.0
4,2,0.18247901,0.0,0.7583517,0.0,0.0,0.0,0.0,0.05916933,0.0
4,2,0.18247901,0.0,0.7583517,0.0,0.0,0.0,0.0,0.05916933,0.0
4,2,0.18247901,0.0,0.7583517,0.0,0.0,0.0,0.0,0.05916933,0.0
4,2,0.18247901,0.0,0.7583517,0.0,0.0,0.0,0.0,0.05916933,0.0
4,2,0.18247901,0.0,0.7583517,0.0,0.0,0.0,0.0,0.05916933,0.0
4,2,0.18247901,0.0,0.7583517,0.0,0.0,0.0,0.0,0.05916933,0.0
4,2,0.18247901,0.0,0.7583517,0.0,0.0,0.0,0.0,0.05916933,0.0
4,2,0.18247901,0.0,0.7583517,0.0,0.0,0.0,0.0,0.05916933,0.0
4,2,0.18247901,0.0,0.7583517,0.0,0.0,0.0,0.0,0.05916933,0.0
4,2,0.18247901,0.0,0.7583517,0.0,0.0,0.0,0.0,0.05916933,0.0
4,2,0.18247901,0.0,0.7583517,0.0,0.0,0.0,0.0,0.05916933,0.0
4,2,0.18247901,0.0,0.7583517,0.0,0.0,0.0,0.0,0.05916933,0.0
4,2,0.18247901,0.0,0.7583517,0.0,0.0,0.0,0.0,0.05916933,0.0
4,2,0.18247901,0.0,0.7583517,0.0,0.0,0.0,0.0,0.05916933,0.0
4,2,0.18247901,0.0,0.7583517,0.0,0.0,0.0,0.0,0.05916933,0.0
4,2,0.18247901,0.0,0.7583517,0.0,0.0,0.0,0.0,0.05916933,0.0
4,2,0.18247901,0.0,0.7583517,0.0,0.0,0.0,0.0,0.05916933,0.0
4,2,0.18247901,0.0,0.7583517,0.0,0.0,0.0,0.0,0.05916933,0.0
4,2,0.18247901,0.0,0.7583517,0.0,0.0,0.0,0.0,0.05916933,0.0
4,2,0.18247901,0.0,0.7583517,0.0,0.0,0.0,0.0,0.05916933,0.0
4,2,0.18247901,0.0,0.7583517,0.0,0.0,0.0,0.0,0.05916933,0.0
4,2,0.18247901,0.0,0.7583517,0.0,0.0,0.0,0.0,0.05916933,0.0
4,2,0.18247901,0.0,0.7583517,0.0,0.0,0.0,0.0,0.05916933,0.0
4,2,0.18247901,0.0,0.7583517,0.0,0.0,0.0,0.0,0.05916933,0.0
4,2,0.18247901,0.0,0.7583517,0.0,0.0,0.0,0.0,0.05916933,0.0
4,2,0.18247901,0.0,0.7583517,0.0,0.0,0.0,0.0,0.05916933,0.0
4,2,0.18247901,0.0,0.7583517,0.0,0.0,0.0,0.0,0.05916933,0.0
4,2,0.18247901,0.0,0.7583517,0.0,0.0,0.0,0.0,0.05916933,0.0
4,2,0.18247901,0.0,0.7583517,0.0,0.0,0.0,0.0,0.05916933,0.0
4,2,0.18247901,0.0,0.7583517,0.0,0.0,0.0,0.0,0.05916933,0.0
4,2,0.18247901,0.0,0.7583517,0.0,0.0,0.0,0.0,0.05916933,0.0
4,2,0.18247901,0.0,0.7583517,0.0,0.0,0.0,0.0,0.05916933,0.0
4,2,0.18247901,0.0,0.7583517,0.0,0.0,0.0,0.0,0.05916933,0.0
4,2,0.18247901,0.0,0.7583517,0.0,0.0,0.0,0.0,0.05916933,0.0
4,2,0.18247901,0.0,0.7583517,0.0,0.0,0.0,0.0,0.05916933,0.0
4,2,0.18247901,0.0,0.7583517,0.0,0.0,0.0,0.0,0.05916933,0.0
4,2,0.18247901,0.0,0.7583517,0.0,0.0,0.0,0.0,0.05916933,0.0
4,2,0.18247901,0.0,0.7583517,0.0,0.0,0.0,0.0,0.05916933,0.0
4,2,0.18247901,0.0,0.7583517,0.0,0.0,0.0,0.0,0.05916933,0.0
4,2,0.18247901,0.0,0.7583517,0.0,0.0,0.0,0.0,0.05916933,0.0
4,2,0.18247901,0.0,0.7583517,0.0,0.0,0.0,0.0,0.05916933,0.0
4,2,0.18247901,0.0,0.7583517,0.0,0.0,0.0,0.0,0.05916933,0.0
4,2,0.18247901,0.0,0.7583517,0.0,0.0,0.0,0.0,0.05916933,0.0
4,2,0.18247901,0.0,0.7583517,0.0,0.0,0.0,0.0,0.05916933,0.0
4,2,0.18247901,0.0,0.7583517,0.0,0.0,0.0,0.0,0.05916933,0.0
4,2,0.18247901,0.0,0.7583517,0.0,0.0,0.0,0.0,0.05916933,0.0
4,2,0.18247901,0.0,0.7583517,0.0,0.0,0.0,0.0,0.05916933,0.0
4,2,0.18247901,0.0,0.7583517,0.0,0.0,0.0,0.0,0.05916933,0.0
4,2,0.18247901,0.0,0.7583517,0.0,0.0,0.0,0.0,0.05916933,0.0
4,2,0.18247901,0.0,0.7583517,0.0,0.0,0.0,0.0,0.05916933,0.0
4,2,0.117763706,0.0,0.823067,0.0,0.0,0.0,0.0,0.05916933,0.0
4,2,0.117763706,0.0,0.823067,0.0,0.0,0.0,0.0,0.05916933,0.0
4,2,0.117763706,0.0,0.823067,0.0,0.0,0.0,0.0,0.05916933,0.0
4,2,0.117763706,0.0,0.823067,0.0,0.0,0.0,0.0,0.05916933,0.0
4,2,0.117763706,0.0,0.823067,0.0,0.0,0.0,0.0,0.05916933,0.0
4,2,0.117763706,0.0,0.823067,0.0,0.0,0.0,0.0,0.05916933,0.0
4,2,0.117763706,0.0,0.823067,0.0,0.0,0.0,0.0,0.05916933,0.0
4,2,0.117763706,0.0,0.823067,0.0,0.0,0.0,0.0,0.05916933,0.0
4,2,0.117763706,0.0,0.823067,0.0,0.0,0.0,0.0,0.05916933,0.0
4,2,0.117763706,0.0,0.823067,0.0,0.0,0.0,0.0,0.05916933,0.0
4,2,0.117763706,0.0,0.823067,0.0,0.0,0.0,0.0,0.05916933,0.0
4,2,0.117763706,0.0,0.823067,0.0,0.0,0.0,0.0,0.05916933,0.0
4,2,0.117763706,0.0,0.823067,0.0,0.0,0.0,0.0,0.05916933,0.0
4,2,0.117763706,0.0,0.823067,0.0,0.0,0.0,0.0,0.05916933,0.0
4,2,0.117763706,0.0,0.823067,0.0,0.0,0.0,0.0,0.05916933,0.0
4,2,0.117763706,0.0,0.823067,0.0,0.0,0.0,0.0,0.05916933,0.0
4,2,0.117763706,0.0,0.823067,0.0,0.0,0.0,0.0,0.05916933,0.0
4,2,0.117763706,0.0,0.823067,0.0,0.0,0.0,0.0,0.05916933,0.0
4,2,0.117763706,0.0,0.823067,0.0,0.0,0.0,0.0,0.05916933,0.0
4,2,0.117763706,0.0,0.823067,0.0,0.0,0.0,0.0,0.05916933,0.0
4,2,0.117763706,0.0,0.823067,0.0,0.0,0.0,0.0,0.05916933,0.0
4,2,0.117763706,0.0,0.823067,0.0,0.0,0.0,0.0,0.05916933,0.0
4,2,0.117763706,0.0,0.823067,0.0,0.0,0.0,0.0,0.05916933,0.0
4,2,0.117763706,0.0,0.823067,0.0,0.0,0.0,0.0,0.05916933,0.0
4,2,0.117763706,0.0,0.823067,0.0,0.0,0.0,0.0,0.05916933,0.0
4,2,0.117763706,0.0,0.823067,0.0,0.0,0.0,0.0,0.05916933,0.0
4,2,0.117763706,0.0,0.823067,0.0,0.0,0.0,0.0,0.05916933,0.0
4,2,0.117763706,0.0,0.823067,0.0,0.0,0.0,0.0,0.05916933,0.0
4,2,0.117763706,0.0,0.823067,0.0,0.0,0.0,0.0,0.05916933,0.0
4,2,0.117763706,0.0,0.823067,0.0,0.0,0.0,0.0,0.05916933,0.0
4,2,0.117763706,0.0,0.823067,0.0,0.0,0.0,0.0,0.05916933,0.0
4,2,0.117763706,0.0,0.823067,0.0,0.0,0.0,0.0,0.05916933,0.0
4,2,0.117763706,0.0,0.823067,0.0,0.0,0.0,0.0,0.05916933,0.0
4,2,0.117763706,0.0,0.823067,0.0,0.0,0.0,0.0,0.05916933,0.0
4,2,0.117763706,0.0,0.823067,0.0,0.0,0.0,0.0,0.05916933,0.0
4,2,0.117763706,0.0,0.823067,0.0,0.0,0.0,0.0,0.05916933,0.0
4,2,0.117763706,0.0,0.823067,0.0,0.0,0.0,0.0,0.05916933,0.0
4,2,0.117763706,0.0,0.823067,0.0,0.0,0.0,0.0,0.05916933,0.0
4,2,0.117763706,0.0,0.823067,0.0,0.0,0.0,0.0,0.05916933,0.0
4,2,0.117763706,0.0,0.823067,0.0,0.0,0.0,0.0,0.05916933,0.0
4,2,0.117763706,0.0,0.823067,0.0,0.0,0.0,0.0,0.05916933,0.0
4,2,0.117763706,0.0,0.823067,0.0,0.0,0.0,0.0,0.05916933,0.0
4,2,0.117763706,0.0,0.823067,0.0,0.0,0.0,0.0,0.05916933,0.0
4,2,0.117763706,0.0,0.823067,0.0,0.0,0.0,0.0,0.05916933,0.0
4,2,0.117763706,0.0,0.823067,0.0,0.0,0.0,0.0,0.05916933,0.0
4,2,0.117763706,0.0,0.823067,0.0,0.0,0.0,0.0,0.05916933,0.0
4,2,0.117763706,0.0,0.823067,0.0,0.0,0.0,0.0,0.05916933,0.0
4,2,0.117763706,0.0,0.823067,0.0,0.0,0.0,0.0,0.05916933,0.0
4,2,0.117763706,0.0,0.823067,0.0,0.0,0.0,0.0,0.05916933,0.0
4,2,0.117763706,0.0,0.823067,0.0,0.0,0.0,0.0,0.05916933,0.0
4,2,0.117763706,0.0,0.823067,0.0,0.0,0.0,0.0,0.05916933,0.0
4,2,0.117763706,0.0,0.823067,0.0,0.0,0.0,0.0,0.05916933,0.0
4,2,0.117763706,0.0,0.823067,0.0,0.0,0.0,0.0,0.05916933,0.0
4,2,0.117763706,0.0,0.823067,0.0,0.0,0.0,0.0,0.05916933,0.0
4,2,0.062480014,0.0,0.8783507,0.0,0.0,0.0,0.0,0.05916933,0.0
4,2,0.062480014,0.0,0.8783507,0.0,0.0,0.0,0.0,0.05916933,0.0
4,2,0.062480014,0.0,0.8783507,0.0,0.0,0.0,0.0,0.05916933,0.0
4,2,0.062480014,0.0,0.8783507,0.0,0.0,0.0,0.0,0.05916933,0.0
4,2,0.062480014,0.0,0.8783507,0.0,0.0,0.0,0.0,0.05916933,0.0
4,2,0.062480014,0.0,0.8783507,0.0,0.0,0.0,0.0,0.05916933,0.0
4,2,0.062480014,0.0,0.8783507,0.0,0.0,0.0,0.0,0.05916933,0.0
4,2,0.062480014,0.0,0.8783507,0.0,0.0,0.0,0.0,0.05916933,0.0
4,2,0.062480014,0.0,0.8783507,0.0,0.0,0.0,0.0,0.05916933,0.0
4,2,0.062480014,0.0,0.8783507,0.0,0.0,0.0,0.0,0.05916933,0.0
4,2,0.062480014,0.0,0.8783507,0.0,0.0,0.0,0.0,0.05916933,0.0
4,2,0.062480014,0.0,0.8783507,0.0,0.0,0.0,0.0,0.05916933,0.0
4,2,0.062480014,0.0,0.8783507,0.0,0.0,0.0,0.0,0.05916933,0.0
4,2,0.062480014,0.0,0.8783507,0.0,0.0,0.0,0.0,0.05916933,0.0
4,2,0.062480014,0.0,0.8783507,0.0,0.0,0.0,0.0,0.05916933,0.0
4,2,0.062480014,0.0,0.8783507,0.0,0.0,0.0,0.0,0.05916933,0.0
4,2,0.062480014,0.0,0.8783507,0.0,0.0,0.0,0.0,0.05916933,0.0
4,2,0.062480014,0.0,0.8783507,0.0,0.0,0.0,0.0,0.05916933,0.0
4,2,0.062480014,0.0,0.8783507,0.0,0.0,0.0,0.0,0.05916933,0.0
4,2,0.062480014,0.0,0.8783507,0.0,0.0,0.0,0.0,0.05916933,0.0
4,2,0.062480014,0.0,0.8783507,0.0,0.0,0.0,0.0,0.05916933,0.0
4,2,0.062480014,0.0,0.8783507,0.0,0.0,0.0,0.0,0.05916933,0.0
4,2,0.062480014,0.0,0.8783507,0.0,0.0,0.0,0.0,0.05916933,0.0
4,2,0.062480014,0.0,0.8783507,0.0,0.0,0.0,0.0,0.05916933,0.0
4,2,0.062480014,0.0,0.8783507,0.0,0.0,0.0,0.0,0.05916933,0.0
4,2,0.062480014,0.0,0.8783507,0.0,0.0,0.0,0.0,0.05916933,0.0
4,2,0.062480014,0.0,0.8783507,0.0,0.0,0.0,0.0,0.05916933,0.0
4,2,0.062480014,0.0,0.8783507,0.0,0.0,0.0,0.0,0.05916933,0.0
4,2,0.062480014,0.0,0.8783507,0.0,0.0,0.0,0.0,0.05916933,0.0
4,2,0.062480014,0.0,0.8783507,0.0,0.0,0.0,0.0,0.05916933,0.0
4,2,0.062480014,0.0,0.8783507,0.0,0.0,0.0,0.0,0.05916933,0.0
4,2,0.062480014,0.0,0.8783507,0.0,0.0,0.0,0.0,0.05916933,0.0
4,2,0.062480014,0.0,0.8783507,0.0,0.0,0.0,0.0,0.05916933,0.0
4,2,0.062480014,0.0,0.8783507,0.0,0.0,0.0,0.0,0.05916933,0.0
4,2,0.062480014,0.0,0.8783507,0.0,0.0,0.0,0.0,0.05916933,0.0
4,2,0.062480014,0.0,0.8783507,0.0,0.0,0.0,0.0,0.05916933,0.0
4,2,0.062480014,0.0,0.8783507,0.0,0.0,0.0,0.0,0.05916933,0.0
4,2,0.062480014,0.0,0.8783507,0.0,0.0,0.0,0.0,0.05916933,0.0
4,2,0.062480014,0.0,0.8783507,0.0,0.0,0.0,0.0,0.05916933,0.0
4,2,0.062480014,0.0,0.8783507,0.0,0.0,0.0,0.0,0.05916933,0.0
4,2,0.062480014,0.0,0.8783507,0.0,0.0,0.0,0.0,0.05916933,0.0
4,2,0.062480014,0.0,0.8783507,0.0,0.0,0.0,0.0,0.05916933,0.0
4,2,0.062480014,0.0,0.8783507,0.0,0.0,0.0,0.0,0.05916933,0.0
4,2,0.062480014,0.0,0.8783507,0.0,0.0,0.0,0.0,0.05916933,0.0
4,2,0.062480014,0.0,0.8783507,0.0,0.0,0.0,0.0,0.05916933,0.0
4,2,0.062480014,0.0,0.8783507,0.0,0.0,0.0,0.0,0.05916933,0.0
4,2,0.062480014,0.0,0.8783507,0.0,0.0,0.0,0.0,0.05916933,0.0
4,2,0.062480014,0.0,0.8783507,0.0,0.0,0.0,0.0,0.05916933,0.0
4,2,0.062480014,0.0,0.8783507,0.0,0.0,0.0,0.0,0.05916933,0.0
4,2,0.062480014,0.0,0.8783507,0.0,0.0,0.0,0.0,0.05916933,0.0
4,2,0.062480014,0.0,0.8783507,0.0,0.0,0.0,0.0,0.05916933,0.0
4,2,0.062480014,0.0,0.8783507,0.0,0.0,0.0,0.0,0.05916933,0.0
4,2,0.062480014,0.0,0.8783507,0.0,0.0,0.0,0.0,0.05916933,0.0
4,2,0.062480014,0.0,0.8783507,0.0,0.0,0.0,0.0,0.05916933,0.0
4,2,0.062480014,0.0,0.8783507,0.0,0.0,0.0,0.0,0.05916933,0.0
4,2,0.062480014,0.0,0.8783507,0.0,0.0,0.0,0.0,0.05916933,0.0
4,2,0.062480014,0.0,0.8783507,0.0,0.0,0.0,0.0,0.05916933,0.0
4,2,0.062480014,0.0,0.8783507,0.0,0.0,0.0,0.0,0.05916933,0.0
4,2,0.062480014,0.0,0.93751997,0.0,0.0,0.0,0.0,0.0,0.0
4,2,0.062480014,0.0,0.93751997,0.0,0.0,0.0,0.0,0.0,0.0
4,2,0.062480014,0.0,0.93751997,0.0,0.0,0.0,0.0,0.0,0.0
4,2,0.062480014,0.0,0.93751997,0.0,0.0,0.0,0.0,0.0,0.0
4,2,0.062480014,0.0,0.93751997,0.0,0.0,0.0,0.0,0.0,0.0
4,2,0.062480014,0.0,0.93751997,0.0,0.0,0.0,0.0,0.0,0.0
4,2,0.062480014,0.0,0.93751997,0.0,0.0,0.0,0.0,0.0,0.0
4,2,0.062480014,0.0,0.93751997,0.0,0.0,0.0,0.0,0.0,0.0
4,2,0.062480014,0.0,0.93751997,0.0,0.0,0.0,0.0,0.0,0.0
4,2,0.062480014,0.0,0.93751997,0.0,0.0,0.0,0.0,0.0,0.0
4,2,0.062480014,0.0,0.93751997,0.0,0.0,0.0,0.0,0.0,0.0
4,2,0.062480014,0.0,0.93751997,0.0,0.0,0.0,0.0,0.0,0.0
4,2,0.062480014,0.0,0.93751997,0.0,0.0,0.0,0.0,0.0,0.0
4,2,0.062480014,0.0,0.93751997,0.0,0.0,0.0,0.0,0.0,0.0
4,2,0.062480014,0.0,0.93751997,0.0,0.0,0.0,0.0,0.0,0.0
4,2,0.062480014,0.0,0.93751997,0.0,0.0,0.0,0.0,0.0,0.0
4,2,0.062480014,0.0,0.93751997,0.0,0.0,0.0,0.0,0.0,0.0
4,2,0.062480014,0.0,0.93751997,0.0,0.0,0.0,0.0,0.0,0.0
4,2,0.062480014,0.0,0.93751997,0.0,0.0,0.0,0.0,0.0,0.0
4,2,0.062480014,0.0,0.93751997,0.0,0.0,0.0,0.0,0.0,0.0
4,2,0.062480014,0.0,0.93751997,0.0,0.0,0.0,0.0,0.0,0.0
4,2,0.062480014,0.0,0.93751997,0.0,0.0,0.0,0.0,0.0,0.0
4,2,0.062480014,0.0,0.93751997,0.0,0.0,0.0,0.0,0.0,0.0
4,2,0.062480014,0.0,0.93751997,0.0,0.0,0.0,0.0,0.0,0.0
4,2,0.062480014,0.0,0.93751997,0.0,0.0,0.0,0.0,0.0,0.0
4,2,0.062480014,0.0,0.93751997,0.0,0.0,0.0,0.0,0.0,0.0
4,2,0.062480014,0.0,0.93751997,0.0,0.0,0.0,0.0,0.0,0.0
4,2,0.062480014,0.0,0.93751997,0.0,0.0,0.0,0.0,0.0,0.0
4,2,0.062480014,0.0,0.93751997,0.0,0.0,0.0,0.0,0.0,0.0
4,2,0.062480014,0.0,0.93751997,0.0,0.0,0.0,0.0,0.0,0.0
4,2,0.062480014,0.0,0.93751997,0.0,0.0,0.0,0.0,0.0,0.0
4,2,0.062480014,0.0,0.93751997,0.0,0.0,0.0,0.0,0.0,0.0
4,2,0.062480014,0.0,0.93751997,0.0,0.0,0.0,0.0,0.0,0.0
4,2,0.062480014,0.0,0.93751997,0.0,0.0,0.0,0.0,0.0,0.0
4,2,0.062480014,0.0,0.93751997,0.0,0.0,0.0,0.0,0.0,0.0
4,2,0.062480014,0.0,0.93751997,0.0,0.0,0.0,0.0,0.0,0.0
4,2,0.062480014,0.0,0.93751997,0.0,0.0,0.0,0.0,0.0,0.0
4,2,0.062480014,0.0,0.93751997,0.0,0.0,0.0,0.0,0.0,0.0
4,2,0.062480014,0.0,0.93751997,0.0,0.0,0.0,0.0,0.0,0.0
4,2,0.062480014,0.0,0.93751997,0.0,0.0,0.0,0.0,0.0,0.0
4,2,0.062480014,0.0,0.93751997,0.0,0.0,0.0,0.0,0.0,0.0
4,2,0.062480014,0.0,0.93751997,0.0,0.0,0.0,0.0,0.0,0.0
4,2,0.062480014,0.0,0.93751997,0.0,0.0,0.0,0.0,0.0,0.0
4,2,0.062480014,0.0,0.93751997,0.0,0.0,0.0,0.0,0.0,0.0
4,2,0.062480014,0.0,0.93751997,0.0,0.0,0.0,0.0,0.0,0.0
4,2,0.062480014,0.0,0.93751997,0.0,0.0,0.0,0.0,0.0,0.0
4,2,0.062480014,0.0,0.93751997,0.0,0.0,0.0,0.0,0.0,0.0
4,2,0.062480014,0.0,0.93751997,0.0,0.0,0.0,0.0,0.0,0.0
4,2,0.062480014,0.0,0.93751997,0.0,0.0,0.0,0.0,0.0,0.0
4,2,0.062480014,0.0,0.93751997,0.0,0.0,0.0,0.0,0.0,0.0
4,2,0.062480014,0.0,0.93751997,0.0,0.0,0.0,0.0,0.0,0.0
4,2,0.062480014,0.0,0.93751997,0.0,0.0,0.0,0.0,0.0,0.0
4,2,0.062480014,0.0,0.93751997,0.0,0.0,0.0,0.0,0.0,0.0
4,2,0.062480014,0.0,0.93751997,0.0,0.0,0.0,0.0,0.0,0.0
4,2,0.062480014,0.0,0.93751997,0.0,0.0,0.0,0.0,0.0,0.0
4,2,0.062480014,0.0,0.93751997,0.0,0.0,0.0,0.0,0.0,0.0
4,2,0.062480014,0.0,0.93751997,0.0,0.0,0.0,0.0,0.0,0.0
4,2,0.062480014,0.0,0.93751997,0.0,0.0,0.0,0.0,0.0,0.0
4,2,0.062480014,0.0,0.93751997,0.0,0.0,0.0,0.0,0.0,0.0
4,2,0.062480014,0.0,0.93751997,0.0,0.0,0.0,0.0,0.0,0.0
4,2,0.062480014,0.0,0.93751997,0.0,0.0,0.0,0.0,0.0,0.0
4,2,0.062480014,0.0,0.93751997,0.0,0.0,0.0,0.0,0.0,0.0
4,2,0.062480014,0.0,0.93751997,0.0,0.0,0.0,0.0,0.0,0.0
4,2,0.062480014,0.0,0.93751997,0.0,0.0,0.0,0.0,0.0,0.0
4,2,0.062480014,0.0,0.93751997,0.0,0.0,0.0,0.0,0.0,0.0
4,2,0.062480014,0.0,0.93751997,0.0,0.0,0.0,0.0,0.0,0.0
4,2,0.062480014,0.0,0.93751997,0.0,0.0,0.0,0.0,0.0,0.0
4,2,0.062480014,0.0,0.93751997,0.0,0.0,0.0,0.0,0.0,0.0
4,2,0.062480014,0.0,0.93751997,0.0,0.0,0.0,0.0,0.0,0.0
4,2,0.062480014,0.0,0.93751997,0.0,0.0,0.0,0.0,0.0,0.0
4,2,0.062480014,0.0,0.93751997,0.0,0.0,0.0,0.0,0.0,0.0
4,2,0.062480014,0.0,0.93751997,0.0,0.0,0.0,0.0,0.0,0.0
4,2,0.062480014,0.0,0.93751997,0.0,0.0,0.0,0.0,0.0,0.0
4,2,0.062480014,0.0,0.93751997,0.0,0.0,0.0,0.0,0.0,0.0
4,2,0.062480014,0.0,0.93751997,0.0,0.0,0.0,0.0,0.0,0.0
4,2,0.062480014,0.0,0.93751997,0.0,0.0,0.0,0.0,0.0,0.0
4,2,0.062480014,0.0,0.93751997,0.0,0.0,0.0,0.0,0.0,0.0
4,2,0.062480014,0.0,0.93751997,0.0,0.0,0.0,0.0,0.0,0.0
4,2,0.062480014,0.0,0.93751997,0.0,0.0,0.0,0.0,0.0,0.0
4,2,0.062480014,0.0,0.93751997,0.0,0.0,0.0,0.0,0.0,0.0
4,2,0.062480014,0.0,0.93751997,0.0,0.0,0.0,0.0,0.0,0.0
4,2,0.062480014,0.0,0.93751997,0.0,0.0,0.0,0.0,0.0,0.0
4,2,0.062480014,0.0,0.93751997,0.0,0.0,0.0,0.0,0.0,0.0
4,2,0.062480014,0.0,0.93751997,0.0,0.0,0.0,0.0,0.0,0.0
4,2,0.062480014,0.0,0.93751997,0.0,0.0,0.0,0.0,0.0,0.0
4,2,0.062480014,0.0,0.93751997,0.0,0.0,0.0,0.0,0.0,0.0
4,2,0.062480014,0.0,0.93751997,0.0,0.0,0.0,0.0,0.0,0.0
4,2,0.062480014,0.0,0.93751997,0.0,0.0,0.0,0.0,0.0,0.0
4,2,0.062480014,0.0,0.93751997,0.0,0.0,0.0,0.0,0.0,0.0
4,2,0.062480014,0.0,0.93751997,0.0,0.0,0.0,0.0,0.0,0.0
4,2,0.062480014,0.0,0.93751997,0.0,0.0,0.0,0.0,0.0,0.0
4,2,0.062480014,0.0,0.93751997,0.0,0.0,0.0,0.0,0.0,0.0
4,2,0.062480014,0.0,0.93751997,0.0,0.0,0.0,0.0,0.0,0.0
4,2,0.062480014,0.0,0.93751997,0.0,0.0,0.0,0.0,0.0,0.0
4,2,0.062480014,0.0,0.93751997,0.0,0.0,0.0,0.0,0.0,0.0
4,2,0.062480014,0.0,0.93751997,0.0,0.0,0.0,0.0,0.0,0.0
4,2,0.062480014,0.0,0.93751997,0.0,0.0,0.0,0.0,0.0,0.0
4,2,0.062480014,0.0,0.93751997,0.0,0.0,0.0,0.0,0.0,0.0
4,2,0.062480014,0.0,0.93751997,0.0,0.0,0.0,0.0,0.0,0.0
4,2,0.062480014,0.0,0.93751997,0.0,0.0,0.0,0.0,0.0,0.0
4,2,0.062480014,0.0,0.93751997,0.0,0.0,0.0,0.0,0.0,0.0
4,2,0.062480014,0.0,0.93751997,0.0,0.0,0.0,0.0,0.0,0.0
4,2,0.062480014,0.0,0.93751997,0.0,0.0,0.0,0.0,0.0,0.0
4,2,0.062480014,0.0,0.93751997,0.0,0.0,0.0,0.0,0.0,0.0
4,2,0.062480014,0.0,0.93751997,0.0,0.0,0.0,0.0,0.0,0.0
4,2,0.062480014,0.0,0.93751997,0.0,0.0,0.0,0.0,0.0,0.0
4,2,0.062480014,0.0,0.93751997,0.0,0.0,0.0,0.0,0.0,0.0
4,2,0.062480014,0.0,0.93751997,0.0,0.0,0.0,0.0,0.0,0.0
4,2,0.062480014,0.0,0.93751997,0.0,0.0,0.0,0.0,0.0,0.0
4,2,0.062480014,0.0,0.93751997,0.0,0.0,0.0,0.0,0.0,0.0
4,2,0.062480014,0.0,0.93751997,0.0,0.0,0.0,0.0,0.0,0.0
4,2,0.062480014,0.0,0.93751997,0.0,0.0,0.0,0.0,0.0,0.0
4,2,0.062480014,0.0,0.93751997,0.0,0.0,0.0,0.0,0.0,0.0
4,2,0.062480014,0.0,0.93751997,0.0,0.0,0.0,0.0,0.0,0.0
4,2,0.062480014,0.0,0.93751997,0.0,0.0,0.0,0.0,0.0,0.0
4,2,0.062480014,0.0,0.93751997,0.0,0.0,0.0,0.0,0.0,0.0
4,2,0.062480014,0.0,0.93751997,0.0,0.0,0.0,0.0,0.0,0.0
4,2,0.062480014,0.0,0.93751997,0.0,0.0,0.0,0.0,0.0,0.0
4,2,0.062480014,0.0,0.93751997,0.0,0.0,0.0,0.0,0.0,0.0
4,2,0.062480014,0.0,0.93751997,0.0,0.0,0.0,0.0,0.0,0.0
4,2,0.062480014,0.0,0.93751997,0.0,0.0,0.0,0.0,0.0,0.0
4,2,0.062480014,0.0,0.93751997,0.0,0.0,0.0,0.0,0.0,0.0
4,2,0.062480014,0.0,0.93751997,0.0,0.0,0.0,0.0,0.0,0.0
4,2,0.062480014,0.0,0.93751997,0.0,0.0,0.0,0.0,0.0,0.0
4,2,0.062480014,0.0,0.93751997,0.0,0.0,0.0,0.0,0.0,0.0
4,2,0.062480014,0.0,0.93751997,0.0,0.0,0.0,0.0,0.0,0.0
4,2,0.062480014,0.0,0.93751997,0.0,0.0,0.0,0.0,0.0,0.0
4,2,0.062480014,0.0,0.93751997,0.0,0.0,0.0,0.0,0.0,0.0
4,2,0.062480014,0.0,0.93751997,0.0,0.0,0.0,0.0,0.0,0.0
4,2,0.062480014,0.0,0.93751997,0.0,0.0,0.0,0.0,0.0,0.0
4,2,0.062480014,0.0,0.93751997,0.0,0.0,0.0,0.0,0.0,0.0
4,2,0.062480014,0.0,0.93751997,0.0,0.0,0.0,0.0,0.0,0.0
4,2,0.062480014,0.0,0.93751997,0.0,0.0,0.0,0.0,0.0,0.0
4,2,0.062480014,0.0,0.93751997,0.0,0.0,0.0,0.0,0.0,0.0
4,2,0.062480014,0.0,0.93751997,0.0,0.0,0.0,0.0,0.0,0.0
4,2,0.062480014,0.0,0.93751997,0.0,0.0,0.0,0.0,0.0,0.0
4,2,0.062480014,0.0,0.93751997,0.0,0.0,0.0,0.0,0.0,0.0
4,2,0.062480014,0.0,0.93751997,0.0,0.0,0.0,0.0,0.0,0.0
4,2,0.062480014,0.0,0.93751997,0.0,0.0,0.0,0.0,0.0,0.0
4,2,0.062480014,0.0,0.93751997,0.0,0.0,0.0,0.0,0.0,0.0
4,2,0.062480014,0.0,0.93751997,0.0,0.0,0.0,0.0,0.0,0.0
4,2,0.062480014,0.0,0.93751997,0.0,0.0,0.0,0.0,0.0,0.0
4,2,0.062480014,0.0,0.93751997,0.0,0.0,0.0,0.0,0.0,0.0
4,2,0.062480014,0.0,0.93751997,0.0,0.0,0.0,0.0,0.0,0.0
4,2,0.062480014,0.0,0.93751997,0.0,0.0,0.0,0.0,0.0,0.0
4,2,0.062480014,0.0,0.93751997,0.0,0.0,0.0,0.0,0.0,0.0
4,2,0.062480014,0.0,0.93751997,0.0,0.0,0.0,0.0,0.0,0.0
4,2,0.062480014,0.0,0.93751997,0.0,0.0,0.0,0.0,0.0,0.0
4,2,0.062480014,0.0,0.93751997,0.0,0.0,0.0,0.0,0.0,0.0
4,2,0.062480014,0.0,0.93751997,0.0,0.0,0.0,0.0,0.0,0.0
4,2,0.062480014,0.0,0.93751997,0.0,0.0,0.0,0.0,0.0,0.0
4,2,0.062480014,0.0,0.93751997,0.0,0.0,0.0,0.0,0.0,0.0
4,2,0.062480014,0.0,0.93751997,0.0,0.0,0.0,0.0,0.0,0.0
4,2,0.062480014,0.0,0.93751997,0.0,0.0,0.0,0.0,0.0,0.0
4,2,0.062480014,0.0,0.93751997,0.0,0.0,0.0,0.0,0.0,0.0
4,2,0.062480014,0.0,0.93751997,0.0,0.0,0.0,0.0,0.0,0.0
4,2,0.062480014,0.0,0.93751997,0.0,0.0,0.0,0.0,0.0,0.0
4,2,0.062480014,0.0,0.93751997,0.0,0.0,0.0,0.0,0.0,0.0
4,2,0.062480014,0.0,0.93751997,0.0,0.0,0.0,0.0,0.0,0.0
4,2,0.062480014,0.0,0.93751997,0.0,0.0,0.0,0.0,0.0,0.0
4,2,0.062480014,0.0,0.93751997,0.0,0.0,0.0,0.0,0.0,0.0
4,2,0.062480014,0.0,0.93751997,0.0,0.0,0.0,0.0,0.0,0.0
4,2,0.062480014,0.0,0.93751997,0.0,0.0,0.0,0.0,0.0,0.0
4,2,0.062480014,0.0,0.93751997,0.0,0.0,0.0,0.0,0.0,0.0
4,2,0.062480014,0.0,0.93751997,0.0,0.0,0.0,0.0,0.0,0.0
4,2,0.062480014,0.0,0.93751997,0.0,0.0,0.0,0.0,0.0,0.0
4,2,0.062480014,0.0,0.93751997,0.0,0.0,0.0,0.0,0.0,0.0
4,2,0.062480014,0.0,0.93751997,0.0,0.0,0.0,0.0,0.0,0.0
4,2,0.062480014,0.0,0.93751997,0.0,0.0,0.0,0.0,0.0,0.0
4,2,0.062480014,0.0,0.93751997,0.0,0.0,0.0,0.0,0.0,0.0
4,2,0.062480014,0.0,0.93751997,0.0,0.0,0.0,0.0,0.0,0.0
4,2,0.062480014,0.0,0.93751997,0.0,0.0,0.0,0.0,0.0,0.0
4,2,0.062480014,0.0,0.93751997,0.0,0.0,0.0,0.0,0.0,0.0
4,2,0.062480014,0.0,0.93751997,0.0,0.0,0.0,0.0,0.0,0.0
4,2,0.062480014,0.0,0.93751997,0.0,0.0,0.0,0.0,0.0,0.0
4,2,0.062480014,0.0,0.93751997,0.0,0.0,0.0,0.0,0.0,0.0
4,2,0.062480014,0.0,0.93751997,0.0,0.0,0.0,0.0,0.0,0.0
4,2,0.062480014,0.0,0.93751997,0.0,0.0,0.0,0.0,0.0,0.0
4,2,0.062480014,0.0,0.93751997,0.0,0.0,0.0,0.0,0.0,0.0
4,2,0.062480014,0.0,0.93751997,0.0,0.0,0.0,0.0,0.0,0.0
4,2,0.062480014,0.0,0.93751997,0.0,0.0,0.0,0.0,0.0,0.0
4,2,0.062480014,0.0,0.93751997,0.0,0.0,0.0,0.0,0.0,0.0
4,2,0.062480014,0.0,0.93751997,0.0,0.0,0.0,0.0,0.0,0.0
4,2,0.062480014,0.0,0.93751997,0.0,0.0,0.0,0.0,0.0,0.0
4,2,0.062480014,0.0,0.93751997,0.0,0.0,0.0,0.0,0.0,0.0
4,2,0.062480014,0.0,0.93751997,0.0,0.0,0.0,0.0,0.0,0.0
4,2,0.062480014,0.0,0.93751997,0.0,0.0,0.0,0.0,0.0,0.0
4,2,0.062480014,0.0,0.93751997,0.0,0.0,0.0,0.0,0.0,0.0
4,2,0.062480014,0.0,0.93751997,0.0,0.0,0.0,0.0,0.0,0.0
4,2,0.062480014,0.0,0.93751997,0.0,0.0,0.0,0.0,0.0,0.0
4,2,0.062480014,0.0,0.93751997,0.0,0.0,0.0,0.0,0.0,0.0
4,2,0.062480014,0.0,0.93751997,0.0,0.0,0.0,0.0,0.0,0.0
4,2,0.062480014,0.0,0.93751997,0.0,0.0,0.0,0.0,0.0,0.0
4,2,0.062480014,0.0,0.93751997,0.0,0.0,0.0,0.0,0.0,0.0
4,2,0.062480014,0.0,0.93751997,0.0,0.0,0.0,0.0,0.0,0.0
4,2,0.062480014,0.0,0.93751997,0.0,0.0,0.0,0.0,0.0,0.0
4,2,0.062480014,0.0,0.93751997,0.0,0.0,0.0,0.0,0.0,0.0
4,2,0.062480014,0.0,0.93751997,0.0,0.0,0.0,0.0,0.0,0.0
4,2,0.062480014,0.0,0.93751997,0.0,0.0,0.0,0.0,0.0,0.0
4,2,0.062480014,0.0,0.93751997,0.0,0.0,0.0,0.0,0.0,0.0
4,2,0.062480014,0.0,0.93751997,0.0,0.0,0.0,0.0,0.0,0.0
4,2,0.062480014,0.0,0.93751997,0.0,0.0,0.0,0.0,0.0,0.0
4,2,0.062480014,0.0,0.93751997,0.0,0.0,0.0,0.0,0.0,0.0
4,2,0.062480014,0.0,0.93751997,0.0,0.0,0.0,0.0,0.0,0.0
4,2,0.062480014,0.0,0.93751997,0.0,0.0,0.0,0.0,0.0,0.0
4,2,0.062480014,0.0,0.93751997,0.0,0.0,0.0,0.0,0.0,0.0
4,2,0.062480014,0.0,0.93751997,0.0,0.0,0.0,0.0,0.0,0.0
4,2,0.062480014,0.0,0.93751997,0.0,0.0,0.0,0.0,0.0,0.0
4,2,0.062480014,0.0,0.93751997,0.0,0.0,0.0,0.0,0.0,0.0
4,2,0.062480014,0.0,0.93751997,0.0,0.0,0.0,0.0,0.0,0.0
4,2,0.062480014,0.0,0.93751997,0.0,0.0,0.0,0.0,0.0,0.0
4,2,0.062480014,0.0,0.93751997,0.0,0.0,0.0,0.0,0.0,0.0
4,2,0.062480014,0.0,0.93751997,0.0,0.0,0.0,0.0,0.0,0.0
4,2,0.062480014,0.0,0.93751997,0.0,0.0,0.0,0.0,0.0,0.0
4,2,0.062480014,0.0,0.93751997,0.0,0.0,0.0,0.0,0.0,0.0
4,2,0.062480014,0.0,0.93751997,0.0,0.0,0.0,0.0,0.0,0.0
4,2,0.062480014,0.0,0.93751997,0.0,0.0,0.0,0.0,0.0,0.0
4,2,0.062480014,0.0,0.93751997,0.0,0.0,0.0,0.0,0.0,0.0
4,2,0.062480014,0.0,0.93751997,0.0,0.0,0.0,0.0,0.0,0.0
4,2,0.062480014,0.0,0.93751997,0.0,0.0,0.0,0.0,0.0,0.0
4,2,0.062480014,0.0,0.93751997,0.0,0.0,0.0,0.0,0.0,0.0
4,2,0.062480014,0.0,0.93751997,0.0,0.0,0.0,0.0,0.0,0.0
4,2,0.062480014,0.0,0.93751997,0.0,0.0,0.0,0.0,0.0,0.0
4,2,0.062480014,0.0,0.93751997,0.0,0.0,0.0,0.0,0.0,0.0
4,2,0.062480014,0.0,0.93751997,0.0,0.0,0.0,0.0,0.0,0.0
4,2,0.062480014,0.0,0.93751997,0.0,0.0,0.0,0.0,0.0,0.0
4,2,0.062480014,0.0,0.93751997,0.0,0.0,0.0,0.0,0.0,0.0
4,2,0.062480014,0.0,0.93751997,0.0,0.0,0.0,0.0,0.0,0.0
4,2,0.062480014,0.0,0.93751997,0.0,0.0,0.0,0.0,0.0,0.0
4,2,0.062480014,0.0,0.93751997,0.0,0.0,0.0,0.0,0.0,0.0
4,2,0.062480014,0.0,0.93751997,0.0,0.0,0.0,0.0,0.0,0.0
4,2,0.062480014,0.0,0.93751997,0.0,0.0,0.0,0.0,0.0,0.0
4,2,0.062480014,0.0,0.93751997,0.0,0.0,0.0,0.0,0.0,0.0
4,2,0.062480014,0.0,0.93751997,0.0,0.0,0.0,0.0,0.0,0.0
4,2,0.062480014,0.0,0.93751997,0.0,0.0,0.0,0.0,0.0,0.0
4,2,0.062480014,0.0,0.93751997,0.0,0.0,0.0,0.0,0.0,0.0
4,2,0.062480014,0.0,0.93751997,0.0,0.0,0.0,0.0,0.0,0.0
4,2,0.062480014,0.0,0.93751997,0.0,0.0,0.0,0.0,0.0,0.0
4,2,0.062480014,0.0,0.93751997,0.0,0.0,0.0,0.0,0.0,0.0
4,2,0.062480014,0.0,0.93751997,0.0,0.0,0.0,0.0,0.0,0.0
4,2,0.062480014,0.0,0.93751997,0.0,0.0,0.0,0.0,0.0,0.0
4,2,0.062480014,0.0,0.93751997,0.0,0.0,0.0,0.0,0.0,0.0
4,2,0.062480014,0.0,0.93751997,0.0,0.0,0.0,0.0,0.0,0.0
4,2,0.062480014,0.0,0.93751997,0.0,0.0,0.0,0.0,0.0,0.0
4,2,0.062480014,0.0,0.93751997,0.0,0.0,0.0,0.0,0.0,0.0
4,2,0.062480014,0.0,0.93751997,0.0,0.0,0.0,0.0,0.0,0.0
4,2,0.062480014,0.0,0.93751997,0.0,0.0,0.0,0.0,0.0,0.0
4,2,0.062480014,0.0,0.93751997,0.0,0.0,0.0,0.0,0.0,0.0
4,2,0.062480014,0.0,0.93751997,0.0,0.0,0.0,0.0,0.0,0.0
4,2,0.062480014,0.0,0.93751997,0.0,0.0,0.0,0.0,0.0,0.0
4,2,0.062480014,0.0,0.93751997,0.0,0.0,0.0,0.0,0.0,0.0
4,2,0.062480014,0.0,0.93751997,0.0,0.0,0.0,0.0,0.0,0.0
4,2,0.062480014,0.0,0.93751997,0.0,0.0,0.0,0.0,0.0,0.0
4,2,0.062480014,0.0,0.93751997,0.0,0.0,0.0,0.0,0.0,0.0
4,2,0.062480014,0.0,0.93751997,0.0,0.0,0.0,0.0,0.0,0.0
4,2,0.062480014,0.0,0.93751997,0.0,0.0,0.0,0.0,0.0,0.0
4,2,0.062480014,0.0,0.93751997,0.0,0.0,0.0,0.0,0.0,0.0
4,2,0.062480014,0.0,0.93751997,0.0,0.0,0.0,0.0,0.0,0.0
4,2,0.062480014,0.0,0.93751997,0.0,0.0,0.0,0.0,0.0,0.0
4,2,0.062480014,0.0,0.93751997,0.0,0.0,0.0,0.0,0.0,0.0
4,2,0.062480014,0.0,0.93751997,0.0,0.0,0.0,0.0,0.0,0.0
4,2,0.062480014,0.0,0.93751997,0.0,0.0,0.0,0.0,0.0,0.0
4,2,0.062480014,0.0,0.93751997,0.0,0.0,0.0,0.0,0.0,0.0
4,2,0.062480014,0.0,0.93751997,0.0,0.0,0.0,0.0,0.0,0.0
4,2,0.062480014,0.0,0.93751997,0.0,0.0,0.0,0.0,0.0,0.0
4,2,0.062480014,0.0,0.93751997,0.0,0.0,0.0,0.0,0.0,0.0
4,2,0.062480014,0.0,0.93751997,0.0,0.0,0.0,0.0,0.0,0.0
4,2,0.062480014,0.0,0.93751997,0.0,0.0,0.0,0.0,0.0,0.0
4,2,0.062480014,0.0,0.93751997,0.0,0.0,0.0,0.0,0.0,0.0
4,2,0.062480014,0.0,0.93751997,0.0,0.0,0.0,0.0,0.0,0.0
4,2,0.062480014,0.0,0.93751997,0.0,0.0,0.0,0.0,0.0,0.0
4,2,0.062480014,0.0,0.93751997,0.0,0.0,0.0,0.0,0.0,0.0
4,2,0.062480014,0.0,0.93751997,0.0,0.0,0.0,0.0,0.0,0.0
4,2,0.062480014,0.0,0.93751997,0.0,0.0,0.0,0.0,0.0,0.0
4,2,0.062480014,0.0,0.93751997,0.0,0.0,0.0,0.0,0.0,0.0
4,2,0.062480014,0.0,0.93751997,0.0,0.0,0.0,0.0,0.0,0.0
4,2,0.062480014,0.0,0.93751997,0.0,0.0,0.0,0.0,0.0,0.0
4,2,0.062480014,0.0,0.93751997,0.0,0.0,0.0,0.0,0.0,0.0
4,2,0.062480014,0.0,0.93751997,0.0,0.0,0.0,0.0,0.0,0.0
4,2,0.062480014,0.0,0.93751997,0.0,0.0,0.0,0.0,0.0,0.0
4,2,0.062480014,0.0,0.93751997,0.0,0.0,0.0,0.0,0.0,0.0
4,2,0.062480014,0.0,0.93751997,0.0,0.0,0.0,0.0,0.0,0.0
4,2,0.062480014,0.0,0.93751997,0.0,0.0,0.0,0.0,0.0,0.0
4,2,0.062480014,0.0,0.93751997,0.0,0.0,0.0,0.0,0.0,0.0
4,2,0.062480014,0.0,0.93751997,0.0,0.0,0.0,0.0,0.0,0.0
4,2,0.062480014,0.0,0.93751997,0.0,0.0,0.0,0.0,0.0,0.0
4,2,0.062480014,0.0,0.93751997,0.0,0.0,0.0,0.0,0.0,0.0
4,2,0.062480014,0.0,0.93751997,0.0,0.0,0.0,0.0,0.0,0.0
4,2,0.062480014,0.0,0.93751997,0.0,0.0,0.0,0.0,0.0,0.0
4,2,0.062480014,0.0,0.93751997,0.0,0.0,0.0,0.0,0.0,0.0
4,2,0.062480014,0.0,0.93751997,0.0,0.0,0.0,0.0,0.0,0.0
4,2,0.062480014,0.0,0.93751997,0.0,0.0,0.0,0.0,0.0,0.0
4,2,0.062480014,0.0,0.93751997,0.0,0.0,0.0,0.0,0.0,0.0
4,2,0.062480014,0.0,0.93751997,0.0,0.0,0.0,0.0,0.0,0.0
4,2,0.062480014,0.0,0.93751997,0.0,0.0,0.0,0.0,0.0,0.0
4,2,0.062480014,0.0,0.93751997,0.0,0.0,0.0,0.0,0.0,0.0
4,2,0.062480014,0.0,0.93751997,0.0,0.0,0.0,0.0,0.0,0.0
4,2,0.062480014,0.0,0.93751997,0.0,0.0,0.0,0.0,0.0,0.0
4,2,0.062480014,0.0,0.93751997,0.0,0.0,0.0,0.0,0.0,0.0
4,2,0.062480014,0.0,0.93751997,0.0,0.0,0.0,0.0,0.0,0.0
4,2,0.062480014,0.0,0.93751997,0.0,0.0,0.0,0.0,0.0,0.0
4,2,0.062480014,0.0,0.93751997,0.0,0.0,0.0,0.0,0.0,0.0
4,2,0.062480014,0.0,0.93751997,0.0,0.0,0.0,0.0,0.0,0.0
4,2,0.062480014,0.0,0.93751997,0.0,0.0,0.0,0.0,0.0,0.0
4,2,0.062480014,0.0,0.93751997,0.0,0.0,0.0,0.0,0.0,0.0
4,2,0.062480014,0.0,0.93751997,0.0,0.0,0.0,0.0,0.0,0.0
4,2,0.062480014,0.0,0.93751997,0.0,0.0,0.0,0.0,0.0,0.0
4,2,0.062480014,0.0,0.93751997,0.0,0.0,0.0,0.0,0.0,0.0
4,2,0.062480014,0.0,0.93751997,0.0,0.0,0.0,0.0,0.0,0.0
4,2,0.062480014,0.0,0.93751997,0.0,0.0,0.0,0.0,0.0,0.0
4,2,0.062480014,0.0,0.93751997,0.0,0.0,0.0,0.0,0.0,0.0
4,2,0.062480014,0.0,0.93751997,0.0,0.0,0.0,0.0,0.0,0.0
4,2,0.062480014,0.0,0.93751997,0.0,0.0,0.0,0.0,0.0,0.0
4,2,0.062480014,0.0,0.93751997,0.0,0.0,0.0,0.0,0.0,0.0
4,2,0.062480014,0.0,0.93751997,0.0,0.0,0.0,0.0,0.0,0.0
4,2,0.062480014,0.0,0.93751997,0.0,0.0,0.0,0.0,0.0,0.0
4,2,0.062480014,0.0,0.93751997,0.0,0.0,0.0,0.0,0.0,0.0
4,2,0.062480014,0.0,0.93751997,0.0,0.0,0.0,0.0,0.0,0.0
4,2,0.062480014,0.0,0.93751997,0.0,0.0,0.0,0.0,0.0,0.0
4,2,0.062480014,0.0,0.93751997,0.0,0.0,0.0,0.0,0.0,0.0
4,2,0.062480014,0.0,0.93751997,0.0,0.0,0.0,0.0,0.0,0.0
4,2,0.062480014,0.0,0.93751997,0.0,0.0,0.0,0.0,0.0,0.0
4,2,0.062480014,0.0,0.93751997,0.0,0.0,0.0,0.0,0.0,0.0
4,2,0.062480014,0.0,0.93751997,0.0,0.0,0.0,0.0,0.0,0.0
4,2,0.062480014,0.0,0.93751997,0.0,0.0,0.0,0.0,0.0,0.0
4,2,0.062480014,0.0,0.93751997,0.0,0.0,0.0,0.0,0.0,0.0
4,2,0.062480014,0.0,0.93751997,0.0,0.0,0.0,0.0,0.0,0.0
4,2,0.062480014,0.0,0.93751997,0.0,0.0,0.0,0.0,0.0,0.0
4,2,0.062480014,0.0,0.93751997,0.0,0.0,0.0,0.0,0.0,0.0
4,2,0.062480014,0.0,0.93751997,0.0,0.0,0.0,0.0,0.0,0.0
4,2,0.062480014,0.0,0.93751997,0.0,0.0,0.0,0.0,0.0,0.0
4,2,0.062480014,0.0,0.93751997,0.0,0.0,0.0,0.0,0.0,0.0
4,2,0.062480014,0.0,0.93751997,0.0,0.0,0.0,0.0,0.0,0.0
4,2,0.062480014,0.0,0.93751997,0.0,0.0,0.0,0.0,0.0,0.0
4,2,0.062480014,0.0,0.93751997,0.0,0.0,0.0,0.0,0.0,0.0
4,2,0.062480014,0.0,0.93751997,0.0,0.0,0.0,0.0,0.0,0.0
4,2,0.062480014,0.0,0.93751997,0.0,0.0,0.0,0.0,0.0,0.0
4,2,0.062480014,0.0,0.93751997,0.0,0.0,0.0,0.0,0.0,0.0
4,2,0.062480014,0.0,0.93751997,0.0,0.0,0.0,0.0,0.0,0.0
4,2,0.062480014,0.0,0.93751997,0.0,0.0,0.0,0.0,0.0,0.0
4,2,0.062480014,0.0,0.93751997,0.0,0.0,0.0,0.0,0.0,0.0
4,2,0.062480014,0.0,0.93751997,0.0,0.0,0.0,0.0,0.0,0.0
4,2,0.062480014,0.0,0.93751997,0.0,0.0,0.0,0.0,0.0,0.0
4,2,0.062480014,0.0,0.93751997,0.0,0.0,0.0,0.0,0.0,0.0
4,2,0.062480014,0.0,0.93751997,0.0,0.0,0.0,0.0,0.0,0.0
4,2,0.062480014,0.0,0.93751997,0.0,0.0,0.0,0.0,0.0,0.0
4,2,0.062480014,0.0,0.93751997,0.0,0.0,0.0,0.0,0.0,0.0
4,2,0.062480014,0.0,0.93751997,0.0,0.0,0.0,0.0,0.0,0.0
4,2,0.062480014,0.0,0.93751997,0.0,0.0,0.0,0.0,0.0,0.0
4,2,0.062480014,0.0,0.93751997,0.0,0.0,0.0,0.0,0.0,0.0
4,2,0.062480014,0.0,0.93751997,0.0,0.0,0.0,0.0,0.0,0.0
4,2,0.062480014,0.0,0.93751997,0.0,0.0,0.0,0.0,0.0,0.0
4,2,0.062480014,0.0,0.93751997,0.0,0.0,0.0,0.0,0.0,0.0
4,2,0.062480014,0.0,0.93751997,0.0,0.0,0.0,0.0,0.0,0.0
4,2,0.062480014,0.0,0.93751997,0.0,0.0,0.0,0.0,0.0,0.0
4,2,0.062480014,0.0,0.93751997,0.0,0.0,0.0,0.0,0.0,0.0
4,2,0.062480014,0.0,0.93751997,0.0,0.0,0.0,0.0,0.0,0.0
4,2,0.062480014,0.0,0.93751997,0.0,0.0,0.0,0.0,0.0,0.0
4,2,0.13526383,0.0,0.8647362,0.0,0.0,0.0,0.0,0.0,0.0
4,2,0.13526383,0.0,0.8647362,0.0,0.0,0.0,0.0,0.0,0.0
4,2,0.13526383,0.0,0.8647362,0.0,0.0,0.0,0.0,0.0,0.0
4,2,0.13526383,0.0,0.8647362,0.0,0.0,0.0,0.0,0.0,0.0
4,2,0.13526383,0.0,0.8647362,0.0,0.0,0.0,0.0,0.0,0.0
4,2,0.13526383,0.0,0.8647362,0.0,0.0,0.0,0.0,0.0,0.0
4,2,0.13526383,0.0,0.8647362,0.0,0.0,0.0,0.0,0.0,0.0
4,2,0.13526383,0.0,0.8647362,0.0,0.0,0.0,0.0,0.0,0.0
4,2,0.13526383,0.0,0.8647362,0.0,0.0,0.0,0.0,0.0,0.0
4,2,0.13526383,0.0,0.8647362,0.0,0.0,0.0,0.0,0.0,0.0
4,2,0.13526383,0.0,0.8647362,0.0,0.0,0.0,0.0,0.0,0.0
4,2,0.13526383,0.0,0.8647362,0.0,0.0,0.0,0.0,0.0,0.0
4,2,0.13526383,0.0,0.8647362,0.0,0.0,0.0,0.0,0.0,0.0
4,2,0.13526383,0.0,0.8647362,0.0,0.0,0.0,0.0,0.0,0.0
4,2,0.13526383,0.0,0.8647362,0.0,0.0,0.0,0.0,0.0,0.0
4,2,0.13526383,0.0,0.8647362,0.0,0.0,0.0,0.0,0.0,0.0
4,2,0.13526383,0.0,0.8647362,0.0,0.0,0.0,0.0,0.0,0.0
4,2,0.13526383,0.0,0.8647362,0.0,0.0,0.0,0.0,0.0,0.0
4,2,0.13526383,0.0,0.8647362,0.0,0.0,0.0,0.0,0.0,0.0
4,2,0.13526383,0.0,0.8647362,0.0,0.0,0.0,0.0,0.0,0.0
4,2,0.13526383,0.0,0.8647362,0.0,0.0,0.0,0.0,0.0,0.0
4,2,0.13526383,0.0,0.8647362,0.0,0.0,0.0,0.0,0.0,0.0
4,2,0.13526383,0.0,0.8647362,0.0,0.0,0.0,0.0,0.0,0.0
4,2,0.13526383,0.0,0.8647362,0.0,0.0,0.0,0.0,0.0,0.0
4,2,0.13526383,0.0,0.8647362,0.0,0.0,0.0,0.0,0.0,0.0
4,2,0.13526383,0.0,0.8647362,0.0,0.0,0.0,0.0,0.0,0.0
4,2,0.13526383,0.0,0.8647362,0.0,0.0,0.0,0.0,0.0,0.0
4,2,0.13526383,0.0,0.8647362,0.0,0.0,0.0,0.0,0.0,0.0
4,2,0.13526383,0.0,0.8647362,0.0,0.0,0.0,0.0,0.0,0.0
4,2,0.13526383,0.0,0.8647362,0.0,0.0,0.0,0.0,0.0,0.0
4,2,0.13526383,0.0,0.8647362,0.0,0.0,0.0,0.0,0.0,0.0
4,2,0.13526383,0.0,0.8647362,0.0,0.0,0.0,0.0,0.0,0.0
4,2,0.13526383,0.0,0.8647362,0.0,0.0,0.0,0.0,0.0,0.0
4,2,0.13526383,0.0,0.8647362,0.0,0.0,0.0,0.0,0.0,0.0
4,2,0.13526383,0.0,0.8647362,0.0,0.0,0.0,0.0,0.0,0.0
4,2,0.13526383,0.0,0.8647362,0.0,0.0,0.0,0.0,0.0,0.0
4,2,0.13526383,0.0,0.8647362,0.0,0.0,0.0,0.0,0.0,0.0
4,2,0.13526383,0.0,0.8647362,0.0,0.0,0.0,0.0,0.0,0.0
4,2,0.13526383,0.0,0.8647362,0.0,0.0,0.0,0.0,0.0,0.0
4,2,0.13526383,0.0,0.8647362,0.0,0.0,0.0,0.0,0.0,0.0
4,2,0.13526383,0.0,0.8647362,0.0,0.0,0.0,0.0,0.0,0.0
4,2,0.13526383,0.0,0.8647362,0.0,0.0,0.0,0.0,0.0,0.0
4,2,0.13526383,0.0,0.8647362,0.0,0.0,0.0,0.0,0.0,0.0
4,2,0.13526383,0.0,0.8647362,0.0,0.0,0.0,0.0,0.0,0.0
4,2,0.13526383,0.0,0.8647362,0.0,0.0,0.0,0.0,0.0,0.0
4,2,0.13526383,0.0,0.8647362,0.0,0.0,0.0,0.0,0.0,0.0
4,2,0.13526383,0.0,0.8647362,0.0,0.0,0.0,0.0,0.0,0.0
4,2,0.13526383,0.0,0.8647362,0.0,0.0,0.0,0.0,0.0,0.0
4,2,0.13526383,0.0,0.8647362,0.0,0.0,0.0,0.0,0.0,0.0
4,2,0.13526383,0.0,0.8647362,0.0,0.0,0.0,0.0,0.0,0.0
4,2,0.13526383,0.0,0.8647362,0.0,0.0,0.0,0.0,0.0,0.0
4,2,0.13526383,0.0,0.8647362,0.0,0.0,0.0,0.0,0.0,0.0
4,2,0.13526383,0.0,0.8647362,0.0,0.0,0.0,0.0,0.0,0.0
4,2,0.13526383,0.0,0.8647362,0.0,0.0,0.0,0.0,0.0,0.0
4,2,0.13526383,0.0,0.8647362,0.0,0.0,0.0,0.0,0.0,0.0
4,2,0.13526383,0.0,0.8647362,0.0,0.0,0.0,0.0,0.0,0.0
4,2,0.13526383,0.0,0.8647362,0.0,0.0,0.0,0.0,0.0,0.0
4,2,0.13526383,0.0,0.8647362,0.0,0.0,0.0,0.0,0.0,0.0
4,2,0.13526383,0.0,0.8647362,0.0,0.0,0.0,0.0,0.0,0.0
4,2,0.13526383,0.0,0.8647362,0.0,0.0,0.0,0.0,0.0,0.0
4,2,0.13526383,0.0,0.8647362,0.0,0.0,0.0,0.0,0.0,0.0
4,2,0.13526383,0.0,0.8647362,0.0,0.0,0.0,0.0,0.0,0.0
4,2,0.13526383,0.0,0.8647362,0.0,0.0,0.0,0.0,0.0,0.0
4,2,0.13526383,0.0,0.8647362,0.0,0.0,0.0,0.0,0.0,0.0
4,2,0.13526383,0.0,0.8647362,0.0,0.0,0.0,0.0,0.0,0.0
4,2,0.13526383,0.0,0.8647362,0.0,0.0,0.0,0.0,0.0,0.0
4,2,0.13526383,0.0,0.8647362,0.0,0.0,0.0,0.0,0.0,0.0
4,2,0.13526383,0.0,0.8647362,0.0,0.0,0.0,0.0,0.0,0.0
4,2,0.13526383,0.0,0.8647362,0.0,0.0,0.0,0.0,0.0,0.0
4,2,0.13526383,0.0,0.8647362,0.0,0.0,0.0,0.0,0.0,0.0
4,2,0.13526383,0.0,0.8647362,0.0,0.0,0.0,0.0,0.0,0.0
4,2,0.13526383,0.0,0.8647362,0.0,0.0,0.0,0.0,0.0,0.0
4,2,0.13526383,0.0,0.8647362,0.0,0.0,0.0,0.0,0.0,0.0
4,2,0.13526383,0.0,0.8647362,0.0,0.0,0.0,0.0,0.0,0.0
4,2,0.13526383,0.0,0.8647362,0.0,0.0,0.0,0.0,0.0,0.0
4,2,0.13526383,0.0,0.8647362,0.0,0.0,0.0,0.0,0.0,0.0
4,2,0.13526383,0.0,0.8647362,0.0,0.0,0.0,0.0,0.0,0.0
4,2,0.13526383,0.0,0.8647362,0.0,0.0,0.0,0.0,0.0,0.0
4,2,0.13526383,0.0,0.8647362,0.0,0.0,0.0,0.0,0.0,0.0
4,2,0.13526383,0.0,0.8647362,0.0,0.0,0.0,0.0,0.0,0.0
4,2,0.13526383,0.0,0.8647362,0.0,0.0,0.0,0.0,0.0,0.0
4,2,0.13526383,0.0,0.8647362,0.0,0.0,0.0,0.0,0.0,0.0
4,2,0.13526383,0.0,0.8647362,0.0,0.0,0.0,0.0,0.0,0.0
4,2,0.13526383,0.0,0.8647362,0.0,0.0,0.0,0.0,0.0,0.0
4,2,0.13526383,0.0,0.8647362,0.0,0.0,0.0,0.0,0.0,0.0
4,2,0.13526383,0.0,0.8647362,0.0,0.0,0.0,0.0,0.0,0.0
4,2,0.13526383,0.0,0.8647362,0.0,0.0,0.0,0.0,0.0,0.0
4,2,0.13526383,0.0,0.8647362,0.0,0.0,0.0,0.0,0.0,0.0
4,2,0.13526383,0.0,0.8647362,0.0,0.0,0.0,0.0,0.0,0.0
4,2,0.13526383,0.0,0.8647362,0.0,0.0,0.0,0.0,0.0,0.0
4,2,0.13526383,0.0,0.8647362,0.0,0.0,0.0,0.0,0.0,0.0
4,2,0.13526383,0.0,0.8647362,0.0,0.0,0.0,0.0,0.0,0.0
4,2,0.13526383,0.0,0.8647362,0.0,0.0,0.0,0.0,0.0,0.0
4,2,0.13526383,0.0,0.8647362,0.0,0.0,0.0,0.0,0.0,0.0
4,2,0.13526383,0.0,0.8647362,0.0,0.0,0.0,0.0,0.0,0.0
4,2,0.13526383,0.0,0.8647362,0.0,0.0,0.0,0.0,0.0,0.0
4,2,0.13526383,0.0,0.8647362,0.0,0.0,0.0,0.0,0.0,0.0
4,2,0.13526383,0.0,0.8647362,0.0,0.0,0.0,0.0,0.0,0.0
4,2,0.13526383,0.0,0.8647362,0.0,0.0,0.0,0.0,0.0,0.0
4,2,0.13526383,0.0,0.8647362,0.0,0.0,0.0,0.0,0.0,0.0
4,2,0.13526383,0.0,0.8647362,0.0,0.0,0.0,0.0,0.0,0.0
4,2,0.13526383,0.0,0.8647362,0.0,0.0,0.0,0.0,0.0,0.0
4,2,0.13526383,0.0,0.8647362,0.0,0.0,0.0,0.0,0.0,0.0
4,2,0.13526383,0.0,0.8647362,0.0,0.0,0.0,0.0,0.0,0.0
4,2,0.13526383,0.0,0.8647362,0.0,0.0,0.0,0.0,0.0,0.0
4,2,0.13526383,0.0,0.8647362,0.0,0.0,0.0,0.0,0.0,0.0
4,2,0.13526383,0.0,0.8647362,0.0,0.0,0.0,0.0,0.0,0.0
4,2,0.13526383,0.0,0.8647362,0.0,0.0,0.0,0.0,0.0,0.0
4,2,0.13526383,0.0,0.8647362,0.0,0.0,0.0,0.0,0.0,0.0
4,2,0.13526383,0.0,0.8647362,0.0,0.0,0.0,0.0,0.0,0.0
4,2,0.13526383,0.0,0.8647362,0.0,0.0,0.0,0.0,0.0,0.0
4,2,0.13526383,0.0,0.8647362,0.0,0.0,0.0,0.0,0.0,0.0
4,2,0.13526383,0.0,0.8647362,0.0,0.0,0.0,0.0,0.0,0.0
4,2,0.13526383,0.0,0.8647362,0.0,0.0,0.0,0.0,0.0,0.0
4,2,0.13526383,0.0,0.8647362,0.0,0.0,0.0,0.0,0.0,0.0
4,2,0.13526383,0.0,0.8647362,0.0,0.0,0.0,0.0,0.0,0.0
4,2,0.13526383,0.0,0.8647362,0.0,0.0,0.0,0.0,0.0,0.0
4,2,0.13526383,0.0,0.8647362,0.0,0.0,0.0,0.0,0.0,0.0
4,2,0.13526383,0.0,0.8647362,0.0,0.0,0.0,0.0,0.0,0.0
4,2,0.13526383,0.0,0.8647362,0.0,0.0,0.0,0.0,0.0,0.0
4,2,0.13526383,0.0,0.8647362,0.0,0.0,0.0,0.0,0.0,0.0
4,2,0.13526383,0.0,0.8647362,0.0,0.0,0.0,0.0,0.0,0.0
4,2,0.13526383,0.0,0.8647362,0.0,0.0,0.0,0.0,0.0,0.0
4,2,0.13526383,0.0,0.8647362,0.0,0.0,0.0,0.0,0.0,0.0
4,2,0.13526383,0.0,0.8647362,0.0,0.0,0.0,0.0,0.0,0.0
4,2,0.13526383,0.0,0.8647362,0.0,0.0,0.0,0.0,0.0,0.0
4,2,0.13526383,0.0,0.8647362,0.0,0.0,0.0,0.0,0.0,0.0
4,2,0.13526383,0.0,0.8647362,0.0,0.0,0.0,0.0,0.0,0.0
4,2,0.13526383,0.0,0.8647362,0.0,0.0,0.0,0.0,0.0,0.0
4,2,0.13526383,0.0,0.8647362,0.0,0.0,0.0,0.0,0.0,0.0
4,2,0.13526383,0.0,0.8647362,0.0,0.0,0.0,0.0,0.0,0.0
4,2,0.13526383,0.0,0.8647362,0.0,0.0,0.0,0.0,0.0,0.0
4,2,0.13526383,0.0,0.8647362,0.0,0.0,0.0,0.0,0.0,0.0
4,2,0.13526383,0.0,0.8647362,0.0,0.0,0.0,0.0,0.0,0.0
4,2,0.13526383,0.0,0.8647362,0.0,0.0,0.0,0.0,0.0,0.0
4,2,0.13526383,0.0,0.8647362,0.0,0.0,0.0,0.0,0.0,0.0
4,2,0.13526383,0.0,0.8647362,0.0,0.0,0.0,0.0,0.0,0.0
4,2,0.13526383,0.0,0.8647362,0.0,0.0,0.0,0.0,0.0,0.0
4,2,0.13526383,0.0,0.8647362,0.0,0.0,0.0,0.0,0.0,0.0
4,2,0.13526383,0.0,0.8647362,0.0,0.0,0.0,0.0,0.0,0.0
4,2,0.13526383,0.0,0.8647362,0.0,0.0,0.0,0.0,0.0,0.0
4,2,0.13526383,0.0,0.8647362,0.0,0.0,0.0,0.0,0.0,0.0
4,2,0.13526383,0.0,0.8647362,0.0,0.0,0.0,0.0,0.0,0.0
4,2,0.13526383,0.0,0.8647362,0.0,0.0,0.0,0.0,0.0,0.0
4,2,0.13526383,0.0,0.8647362,0.0,0.0,0.0,0.0,0.0,0.0
4,2,0.13526383,0.0,0.8647362,0.0,0.0,0.0,0.0,0.0,0.0
4,2,0.13526383,0.0,0.8647362,0.0,0.0,0.0,0.0,0.0,0.0
4,2,0.13526383,0.0,0.8647362,0.0,0.0,0.0,0.0,0.0,0.0
4,2,0.13526383,0.0,0.8647362,0.0,0.0,0.0,0.0,0.0,0.0
4,2,0.13526383,0.0,0.8647362,0.0,0.0,0.0,0.0,0.0,0.0
4,2,0.13526383,0.0,0.8647362,0.0,0.0,0.0,0.0,0.0,0.0
4,2,0.13526383,0.0,0.8647362,0.0,0.0,0.0,0.0,0.0,0.0
4,2,0.13526383,0.0,0.8647362,0.0,0.0,0.0,0.0,0.0,0.0
4,2,0.13526383,0.0,0.8647362,0.0,0.0,0.0,0.0,0.0,0.0
4,2,0.13526383,0.0,0.8647362,0.0,0.0,0.0,0.0,0.0,0.0
4,2,0.13526383,0.0,0.8647362,0.0,0.0,0.0,0.0,0.0,0.0
4,2,0.13526383,0.0,0.8647362,0.0,0.0,0.0,0.0,0.0,0.0
4,2,0.13526383,0.0,0.8647362,0.0,0.0,0.0,0.0,0.0,0.0
4,2,0.13526383,0.0,0.8647362,0.0,0.0,0.0,0.0,0.0,0.0
4,2,0.13526383,0.0,0.8647362,0.0,0.0,0.0,0.0,0.0,0.0
4,2,0.13526383,0.0,0.8647362,0.0,0.0,0.0,0.0,0.0,0.0
4,2,0.13526383,0.0,0.8647362,0.0,0.0,0.0,0.0,0.0,0.0
4,2,0.13526383,0.0,0.8647362,0.0,0.0,0.0,0.0,0.0,0.0
4,2,0.13526383,0.0,0.8647362,0.0,0.0,0.0,0.0,0.0,0.0
4,2,0.13526383,0.0,0.8647362,0.0,0.0,0.0,0.0,0.0,0.0
4,2,0.13526383,0.0,0.8647362,0.0,0.0,0.0,0.0,0.0,0.0
4,2,0.13526383,0.0,0.8647362,0.0,0.0,0.0,0.0,0.0,0.0
4,2,0.13526383,0.0,0.8647362,0.0,0.0,0.0,0.0,0.0,0.0
4,2,0.13526383,0.0,0.8647362,0.0,0.0,0.0,0.0,0.0,0.0
4,2,0.13526383,0.0,0.8647362,0.0,0.0,0.0,0.0,0.0,0.0
4,2,0.13526383,0.0,0.8647362,0.0,0.0,0.0,0.0,0.0,0.0
4,2,0.13526383,0.0,0.8647362,0.0,0.0,0.0,0.0,0.0,0.0
4,2,0.13526383,0.0,0.8647362,0.0,0.0,0.0,0.0,0.0,0.0
4,2,0.13526383,0.0,0.8647362,0.0,0.0,0.0,0.0,0.0,0.0
4,2,0.13526383,0.0,0.8647362,0.0,0.0,0.0,0.0,0.0,0.0
4,2,0.13526383,0.0,0.8647362,0.0,0.0,0.0,0.0,0.0,0.0
4,2,0.13526383,0.0,0.8647362,0.0,0.0,0.0,0.0,0.0,0.0
4,2,0.13526383,0.0,0.8647362,0.0,0.0,0.0,0.0,0.0,0.0
4,2,0.13526383,0.0,0.8647362,0.0,0.0,0.0,0.0,0.0,0.0
4,2,0.13526383,0.0,0.8647362,0.0,0.0,0.0,0.0,0.0,0.0
4,2,0.13526383,0.0,0.8647362,0.0,0.0,0.0,0.0,0.0,0.0
4,2,0.13526383,0.0,0.8647362,0.0,0.0,0.0,0.0,0.0,0.0
4,2,0.13526383,0.0,0.8647362,0.0,0.0,0.0,0.0,0.0,0.0
4,2,0.13526383,0.0,0.8647362,0.0,0.0,0.0,0.0,0.0,0.0
4,2,0.13526383,0.0,0.8647362,0.0,0.0,0.0,0.0,0.0,0.0
4,2,0.13526383,0.0,0.8647362,0.0,0.0,0.0,0.0,0.0,0.0
4,2,0.13526383,0.0,0.8647362,0.0,0.0,0.0,0.0,0.0,0.0
4,2,0.13526383,0.0,0.8647362,0.0,0.0,0.0,0.0,0.0,0.0
4,2,0.13526383,0.0,0.8647362,0.0,0.0,0.0,0.0,0.0,0.0
4,2,0.13526383,0.0,0.8647362,0.0,0.0,0.0,0.0,0.0,0.0
4,2,0.13526383,0.0,0.8647362,0.0,0.0,0.0,0.0,0.0,0.0
4,2,0.13526383,0.0,0.8647362,0.0,0.0,0.0,0.0,0.0,0.0
4,2,0.13526383,0.0,0.8647362,0.0,0.0,0.0,0.0,0.0,0.0
4,2,0.13526383,0.0,0.8647362,0.0,0.0,0.0,0.0,0.0,0.0
4,2,0.13526383,0.0,0.8647362,0.0,0.0,0.0,0.0,0.0,0.0
4,2,0.13526383,0.0,0.8647362,0.0,0.0,0.0,0.0,0.0,0.0
4,2,0.13526383,0.0,0.8647362,0.0,0.0,0.0,0.0,0.0,0.0
4,2,0.13526383,0.0,0.8647362,0.0,0.0,0.0,0.0,0.0,0.0
4,2,0.13526383,0.0,0.8647362,0.0,0.0,0.0,0.0,0.0,0.0
4,2,0.13526383,0.0,0.8647362,0.0,0.0,0.0,0.0,0.0,0.0
4,2,0.13526383,0.0,0.8647362,0.0,0.0,0.0,0.0,0.0,0.0
4,2,0.13526383,0.0,0.8647362,0.0,0.0,0.0,0.0,0.0,0.0
4,2,0.13526383,0.0,0.8647362,0.0,0.0,0.0,0.0,0.0,0.0
4,2,0.13526383,0.0,0.8647362,0.0,0.0,0.0,0.0,0.0,0.0
4,2,0.13526383,0.0,0.8647362,0.0,0.0,0.0,0.0,0.0,0.0
4,2,0.13526383,0.0,0.8647362,0.0,0.0,0.0,0.0,0.0,0.0
4,2,0.13526383,0.0,0.8647362,0.0,0.0,0.0,0.0,0.0,0.0
4,2,0.13526383,0.0,0.8647362,0.0,0.0,0.0,0.0,0.0,0.0
4,2,0.13526383,0.0,0.8647362,0.0,0.0,0.0,0.0,0.0,0.0
4,2,0.13526383,0.0,0.8647362,0.0,0.0,0.0,0.0,0.0,0.0
4,2,0.13526383,0.0,0.8647362,0.0,0.0,0.0,0.0,0.0,0.0
4,2,0.13526383,0.0,0.8647362,0.0,0.0,0.0,0.0,0.0,0.0
4,2,0.13526383,0.0,0.8647362,0.0,0.0,0.0,0.0,0.0,0.0
4,2,0.13526383,0.0,0.8647362,0.0,0.0,0.0,0.0,0.0,0.0
4,2,0.13526383,0.0,0.8647362,0.0,0.0,0.0,0.0,0.0,0.0
4,2,0.13526383,0.0,0.8647362,0.0,0.0,0.0,0.0,0.0,0.0
4,2,0.13526383,0.0,0.8647362,0.0,0.0,0.0,0.0,0.0,0.0
4,2,0.13526383,0.0,0.8647362,0.0,0.0,0.0,0.0,0.0,0.0
4,2,0.13526383,0.0,0.8647362,0.0,0.0,0.0,0.0,0.0,0.0
4,2,0.13526383,0.0,0.8647362,0.0,0.0,0.0,0.0,0.0,0.0
4,2,0.062480014,0.0,0.93751997,0.0,0.0,0.0,0.0,0.0,0.0
4,2,0.062480014,0.0,0.93751997,0.0,0.0,0.0,0.0,0.0,0.0
4,2,0.062480014,0.0,0.93751997,0.0,0.0,0.0,0.0,0.0,0.0
4,2,0.062480014,0.0,0.93751997,0.0,0.0,0.0,0.0,0.0,0.0
4,2,0.062480014,0.0,0.93751997,0.0,0.0,0.0,0.0,0.0,0.0
4,2,0.062480014,0.0,0.93751997,0.0,0.0,0.0,0.0,0.0,0.0
4,2,0.062480014,0.0,0.93751997,0.0,0.0,0.0,0.0,0.0,0.0
4,2,0.062480014,0.0,0.93751997,0.0,0.0,0.0,0.0,0.0,0.0
4,2,0.062480014,0.0,0.93751997,0.0,0.0,0.0,0.0,0.0,0.0
4,2,0.062480014,0.0,0.93751997,0.0,0.0,0.0,0.0,0.0,0.0
4,2,0.062480014,0.0,0.93751997,0.0,0.0,0.0,0.0,0.0,0.0
4,2,0.062480014,0.0,0.93751997,0.0,0.0,0.0,0.0,0.0,0.0
4,2,0.062480014,0.0,0.93751997,0.0,0.0,0.0,0.0,0.0,0.0
4,2,0.062480014,0.0,0.93751997,0.0,0.0,0.0,0.0,0.0,0.0
4,2,0.062480014,0.0,0.93751997,0.0,0.0,0.0,0.0,0.0,0.0
4,2,0.062480014,0.0,0.93751997,0.0,0.0,0.0,0.0,0.0,0.0
4,2,0.062480014,0.0,0.93751997,0.0,0.0,0.0,0.0,0.0,0.0
4,2,0.062480014,0.0,0.93751997,0.0,0.0,0.0,0.0,0.0,0.0
4,2,0.062480014,0.0,0.93751997,0.0,0.0,0.0,0.0,0.0,0.0
4,2,0.062480014,0.0,0.93751997,0.0,0.0,0.0,0.0,0.0,0.0
4,2,0.062480014,0.0,0.93751997,0.0,0.0,0.0,0.0,0.0,0.0
4,2,0.062480014,0.0,0.93751997,0.0,0.0,0.0,0.0,0.0,0.0
4,2,0.062480014,0.0,0.93751997,0.0,0.0,0.0,0.0,0.0,0.0
4,2,0.062480014,0.0,0.93751997,0.0,0.0,0.0,0.0,0.0,0.0
4,2,0.062480014,0.0,0.93751997,0.0,0.0,0.0,0.0,0.0,0.0
4,2,0.062480014,0.0,0.93751997,0.0,0.0,0.0,0.0,0.0,0.0
4,2,0.062480014,0.0,0.93751997,0.0,0.0,0.0,0.0,0.0,0.0
4,2,0.062480014,0.0,0.93751997,0.0,0.0,0.0,0.0,0.0,0.0
4,2,0.062480014,0.0,0.93751997,0.0,0.0,0.0,0.0,0.0,0.0
4,2,0.062480014,0.0,0.93751997,0.0,0.0,0.0,0.0,0.0,0.0
4,2,0.062480014,0.0,0.93751997,0.0,0.0,0.0,0.0,0.0,0.0
4,2,0.062480014,0.0,0.93751997,0.0,0.0,0.0,0.0,0.0,0.0
4,2,0.062480014,0.0,0.93751997,0.0,0.0,0.0,0.0,0.0,0.0
4,2,0.062480014,0.0,0.93751997,0.0,0.0,0.0,0.0,0.0,0.0
4,2,0.062480014,0.0,0.93751997,0.0,0.0,0.0,0.0,0.0,0.0
4,2,0.062480014,0.0,0.93751997,0.0,0.0,0.0,0.0,0.0,0.0
4,2,0.062480014,0.0,0.93751997,0.0,0.0,0.0,0.0,0.0,0.0
4,2,0.062480014,0.0,0.93751997,0.0,0.0,0.0,0.0,0.0,0.0
4,2,0.062480014,0.0,0.93751997,0.0,0.0,0.0,0.0,0.0,0.0
4,2,0.062480014,0.0,0.93751997,0.0,0.0,0.0,0.0,0.0,0.0
4,2,0.062480014,0.0,0.93751997,0.0,0.0,0.0,0.0,0.0,0.0
4,2,0.062480014,0.0,0.93751997,0.0,0.0,0.0,0.0,0.0,0.0
4,2,0.062480014,0.0,0.93751997,0.0,0.0,0.0,0.0,0.0,0.0
4,2,0.062480014,0.0,0.93751997,0.0,0.0,0.0,0.0,0.0,0.0
4,2,0.062480014,0.0,0.93751997,0.0,0.0,0.0,0.0,0.0,0.0
4,2,0.062480014,0.0,0.93751997,0.0,0.0,0.0,0.0,0.0,0.0
4,2,0.062480014,0.0,0.93751997,0.0,0.0,0.0,0.0,0.0,0.0
4,2,0.062480014,0.0,0.93751997,0.0,0.0,0.0,0.0,0.0,0.0
4,2,0.062480014,0.0,0.93751997,0.0,0.0,0.0,0.0,0.0,0.0
4,2,0.062480014,0.0,0.93751997,0.0,0.0,0.0,0.0,0.0,0.0
4,2,0.062480014,0.0,0.93751997,0.0,0.0,0.0,0.0,0.0,0.0
4,2,0.062480014,0.0,0.93751997,0.0,0.0,0.0,0.0,0.0,0.0
4,2,0.062480014,0.0,0.93751997,0.0,0.0,0.0,0.0,0.0,0.0
4,2,0.062480014,0.0,0.93751997,0.0,0.0,0.0,0.0,0.0,0.0
4,2,0.062480014,0.0,0.93751997,0.0,0.0,0.0,0.0,0.0,0.0
4,2,0.062480014,0.0,0.93751997,0.0,0.0,0.0,0.0,0.0,0.0
4,2,0.062480014,0.0,0.93751997,0.0,0.0,0.0,0.0,0.0,0.0
4,2,0.062480014,0.0,0.93751997,0.0,0.0,0.0,0.0,0.0,0.0
4,2,0.062480014,0.0,0.93751997,0.0,0.0,0.0,0.0,0.0,0.0
4,2,0.062480014,0.0,0.93751997,0.0,0.0,0.0,0.0,0.0,0.0
4,2,0.062480014,0.0,0.93751997,0.0,0.0,0.0,0.0,0.0,0.0
4,2,0.062480014,0.0,0.93751997,0.0,0.0,0.0,0.0,0.0,0.0
4,2,0.062480014,0.0,0.93751997,0.0,0.0,0.0,0.0,0.0,0.0
4,2,0.062480014,0.0,0.93751997,0.0,0.0,0.0,0.0,0.0,0.0
4,2,0.062480014,0.0,0.93751997,0.0,0.0,0.0,0.0,0.0,0.0
4,2,0.062480014,0.0,0.93751997,0.0,0.0,0.0,0.0,0.0,0.0
4,2,0.062480014,0.0,0.93751997,0.0,0.0,0.0,0.0,0.0,0.0
4,2,0.062480014,0.0,0.93751997,0.0,0.0,0.0,0.0,0.0,0.0
4,2,0.062480014,0.0,0.93751997,0.0,0.0,0.0,0.0,0.0,0.0
4,2,0.062480014,0.0,0.93751997,0.0,0.0,0.0,0.0,0.0,0.0
4,2,0.062480014,0.0,0.93751997,0.0,0.0,0.0,0.0,0.0,0.0
4,2,0.062480014,0.0,0.93751997,0.0,0.0,0.0,0.0,0.0,0.0
4,2,0.062480014,0.0,0.93751997,0.0,0.0,0.0,0.0,0.0,0.0
4,2,0.062480014,0.0,0.93751997,0.0,0.0,0.0,0.0,0.0,0.0
4,2,0.062480014,0.0,0.93751997,0.0,0.0,0.0,0.0,0.0,0.0
4,2,0.062480014,0.0,0.93751997,0.0,0.0,0.0,0.0,0.0,0.0
4,2,0.062480014,0.0,0.93751997,0.0,0.0,0.0,0.0,0.0,0.0
4,2,0.062480014,0.0,0.93751997,0.0,0.0,0.0,0.0,0.0,0.0
4,2,0.062480014,0.0,0.93751997,0.0,0.0,0.0,0.0,0.0,0.0
4,2,0.062480014,0.0,0.93751997,0.0,0.0,0.0,0.0,0.0,0.0
4,2,0.062480014,0.0,0.93751997,0.0,0.0,0.0,0.0,0.0,0.0
4,2,0.062480014,0.0,0.93751997,0.0,0.0,0.0,0.0,0.0,0.0
4,2,0.062480014,0.0,0.93751997,0.0,0.0,0.0,0.0,0.0,0.0
4,2,0.062480014,0.0,0.93751997,0.0,0.0,0.0,0.0,0.0,0.0
4,2,0.062480014,0.0,0.93751997,0.0,0.0,0.0,0.0,0.0,0.0
4,2,0.062480014,0.0,0.93751997,0.0,0.0,0.0,0.0,0.0,0.0
4,2,0.062480014,0.0,0.93751997,0.0,0.0,0.0,0.0,0.0,0.0
4,2,0.062480014,0.0,0.93751997,0.0,0.0,0.0,0.0,0.0,0.0
4,2,0.062480014,0.0,0.93751997,0.0,0.0,0.0,0.0,0.0,0.0
4,2,0.062480014,0.0,0.93751997,0.0,0.0,0.0,0.0,0.0,0.0
4,2,0.062480014,0.0,0.93751997,0.0,0.0,0.0,0.0,0.0,0.0
4,2,0.062480014,0.0,0.93751997,0.0,0.0,0.0,0.0,0.0,0.0
4,2,0.062480014,0.0,0.93751997,0.0,0.0,0.0,0.0,0.0,0.0
4,2,0.062480014,0.0,0.93751997,0.0,0.0,0.0,0.0,0.0,0.0
4,2,0.062480014,0.0,0.93751997,0.0,0.0,0.0,0.0,0.0,0.0
4,2,0.062480014,0.0,0.93751997,0.0,0.0,0.0,0.0,0.0,0.0
4,2,0.062480014,0.0,0.93751997,0.0,0.0,0.0,0.0,0.0,0.0
4,2,0.062480014,0.0,0.93751997,0.0,0.0,0.0,0.0,0.0,0.0
4,2,0.062480014,0.0,0.93751997,0.0,0.0,0.0,0.0,0.0,0.0
4,2,0.062480014,0.0,0.93751997,0.0,0.0,0.0,0.0,0.0,0.0
4,2,0.062480014,0.0,0.93751997,0.0,0.0,0.0,0.0,0.0,0.0
4,2,0.062480014,0.0,0.93751997,0.0,0.0,0.0,0.0,0.0,0.0
4,2,0.062480014,0.0,0.93751997,0.0,0.0,0.0,0.0,0.0,0.0
4,2,0.062480014,0.0,0.93751997,0.0,0.0,0.0,0.0,0.0,0.0
4,2,0.062480014,0.0,0.93751997,0.0,0.0,0.0,0.0,0.0,0.0
4,2,0.062480014,0.0,0.93751997,0.0,0.0,0.0,0.0,0.0,0.0
4,2,0.062480014,0.0,0.93751997,0.0,0.0,0.0,0.0,0.0,0.0
4,2,0.062480014,0.0,0.93751997,0.0,0.0,0.0,0.0,0.0,0.0
4,2,0.062480014,0.0,0.93751997,0.0,0.0,0.0,0.0,0.0,0.0
4,2,0.062480014,0.0,0.93751997,0.0,0.0,0.0,0.0,0.0,0.0
4,2,0.062480014,0.0,0.93751997,0.0,0.0,0.0,0.0,0.0,0.0
4,2,0.062480014,0.0,0.93751997,0.0,0.0,0.0,0.0,0.0,0.0
4,2,0.062480014,0.0,0.93751997,0.0,0.0,0.0,0.0,0.0,0.0
4,2,0.062480014,0.0,0.93751997,0.0,0.0,0.0,0.0,0.0,0.0
4,2,0.062480014,0.0,0.93751997,0.0,0.0,0.0,0.0,0.0,0.0
4,2,0.062480014,0.0,0.93751997,0.0,0.0,0.0,0.0,0.0,0.0
4,2,0.062480014,0.0,0.93751997,0.0,0.0,0.0,0.0,0.0,0.0
4,2,0.062480014,0.0,0.93751997,0.0,0.0,0.0,0.0,0.0,0.0
4,2,0.062480014,0.0,0.93751997,0.0,0.0,0.0,0.0,0.0,0.0
4,2,0.062480014,0.0,0.93751997,0.0,0.0,0.0,0.0,0.0,0.0
4,2,0.062480014,0.0,0.93751997,0.0,0.0,0.0,0.0,0.0,0.0
4,2,0.062480014,0.0,0.93751997,0.0,0.0,0.0,0.0,0.0,0.0
4,2,0.062480014,0.0,0.93751997,0.0,0.0,0.0,0.0,0.0,0.0
4,2,0.062480014,0.0,0.93751997,0.0,0.0,0.0,0.0,0.0,0.0
4,2,0.062480014,0.0,0.93751997,0.0,0.0,0.0,0.0,0.0,0.0
4,2,0.062480014,0.0,0.93751997,0.0,0.0,0.0,0.0,0.0,0.0
4,2,0.062480014,0.0,0.93751997,0.0,0.0,0.0,0.0,0.0,0.0
4,2,0.062480014,0.0,0.93751997,0.0,0.0,0.0,0.0,0.0,0.0
4,2,0.062480014,0.0,0.93751997,0.0,0.0,0.0,0.0,0.0,0.0
4,2,0.062480014,0.0,0.93751997,0.0,0.0,0.0,0.0,0.0,0.0
4,2,0.062480014,0.0,0.93751997,0.0,0.0,0.0,0.0,0.0,0.0
4,2,0.062480014,0.0,0.93751997,0.0,0.0,0.0,0.0,0.0,0.0
4,2,0.062480014,0.0,0.93751997,0.0,0.0,0.0,0.0,0.0,0.0
4,2,0.062480014,0.0,0.93751997,0.0,0.0,0.0,0.0,0.0,0.0
4,2,0.062480014,0.0,0.93751997,0.0,0.0,0.0,0.0,0.0,0.0
4,2,0.062480014,0.0,0.93751997,0.0,0.0,0.0,0.0,0.0,0.0
4,2,0.062480014,0.0,0.93751997,0.0,0.0,0.0,0.0,0.0,0.0
4,2,0.062480014,0.0,0.93751997,0.0,0.0,0.0,0.0,0.0,0.0
4,2,0.062480014,0.0,0.93751997,0.0,0.0,0.0,0.0,0.0,0.0
4,2,0.062480014,0.0,0.93751997,0.0,0.0,0.0,0.0,0.0,0.0
4,2,0.062480014,0.0,0.93751997,0.0,0.0,0.0,0.0,0.0,0.0
4,2,0.062480014,0.0,0.93751997,0.0,0.0,0.0,0.0,0.0,0.0
4,2,0.062480014,0.0,0.93751997,0.0,0.0,0.0,0.0,0.0,0.0
4,2,0.062480014,0.0,0.93751997,0.0,0.0,0.0,0.0,0.0,0.0
4,2,0.062480014,0.0,0.93751997,0.0,0.0,0.0,0.0,0.0,0.0
4,2,0.062480014,0.0,0.93751997,0.0,0.0,0.0,0.0,0.0,0.0
4,2,0.062480014,0.0,0.93751997,0.0,0.0,0.0,0.0,0.0,0.0
4,2,0.062480014,0.0,0.93751997,0.0,0.0,0.0,0.0,0.0,0.0
4,2,0.062480014,0.0,0.93751997,0.0,0.0,0.0,0.0,0.0,0.0
4,2,0.062480014,0.0,0.93751997,0.0,0.0,0.0,0.0,0.0,0.0
4,2,0.062480014,0.0,0.93751997,0.0,0.0,0.0,0.0,0.0,0.0
4,2,0.062480014,0.0,0.93751997,0.0,0.0,0.0,0.0,0.0,0.0
4,2,0.062480014,0.0,0.93751997,0.0,0.0,0.0,0.0,0.0,0.0
4,2,0.062480014,0.0,0.93751997,0.0,0.0,0.0,0.0,0.0,0.0
4,2,0.062480014,0.0,0.93751997,0.0,0.0,0.0,0.0,0.0,0.0
4,2,0.062480014,0.0,0.93751997,0.0,0.0,0.0,0.0,0.0,0.0
4,2,0.062480014,0.0,0.93751997,0.0,0.0,0.0,0.0,0.0,0.0
4,2,0.062480014,0.0,0.93751997,0.0,0.0,0.0,0.0,0.0,0.0
4,2,0.062480014,0.0,0.93751997,0.0,0.0,0.0,0.0,0.0,0.0
4,2,0.062480014,0.0,0.93751997,0.0,0.0,0.0,0.0,0.0,0.0
4,2,0.062480014,0.0,0.93751997,0.0,0.0,0.0,0.0,0.0,0.0
4,2,0.062480014,0.0,0.93751997,0.0,0.0,0.0,0.0,0.0,0.0
4,2,0.062480014,0.0,0.93751997,0.0,0.0,0.0,0.0,0.0,0.0
4,2,0.062480014,0.0,0.93751997,0.0,0.0,0.0,0.0,0.0,0.0
4,2,0.062480014,0.0,0.93751997,0.0,0.0,0.0,0.0,0.0,0.0
4,2,0.062480014,0.0,0.93751997,0.0,0.0,0.0,0.0,0.0,0.0
4,2,0.062480014,0.0,0.93751997,0.0,0.0,0.0,0.0,0.0,0.0
4,2,0.062480014,0.0,0.93751997,0.0,0.0,0.0,0.0,0.0,0.0
4,2,0.062480014,0.0,0.93751997,0.0,0.0,0.0,0.0,0.0,0.0
4,2,0.062480014,0.0,0.93751997,0.0,0.0,0.0,0.0,0.0,0.0
4,2,0.062480014,0.0,0.93751997,0.0,0.0,0.0,0.0,0.0,0.0
4,2,0.062480014,0.0,0.93751997,0.0,0.0,0.0,0.0,0.0,0.0
4,2,0.062480014,0.0,0.93751997,0.0,0.0,0.0,0.0,0.0,0.0
4,2,0.062480014,0.0,0.93751997,0.0,0.0,0.0,0.0,0.0,0.0
4,2,0.062480014,0.0,0.93751997,0.0,0.0,0.0,0.0,0.0,0.0
4,2,0.062480014,0.0,0.93751997,0.0,0.0,0.0,0.0,0.0,0.0
4,2,0.062480014,0.0,0.93751997,0.0,0.0,0.0,0.0,0.0,0.0
4,2,0.062480014,0.0,0.93751997,0.0,0.0,0.0,0.0,0.0,0.0
4,2,0.062480014,0.0,0.93751997,0.0,0.0,0.0,0.0,0.0,0.0
4,2,0.062480014,0.0,0.93751997,0.0,0.0,0.0,0.0,0.0,0.0
4,2,0.062480014,0.0,0.93751997,0.0,0.0,0.0,0.0,0.0,0.0
4,2,0.062480014,0.0,0.93751997,0.0,0.0,0.0,0.0,0.0,0.0
4,2,0.062480014,0.0,0.93751997,0.0,0.0,0.0,0.0,0.0,0.0
4,2,0.062480014,0.0,0.93751997,0.0,0.0,0.0,0.0,0.0,0.0
4,2,0.062480014,0.0,0.93751997,0.0,0.0,0.0,0.0,0.0,0.0
4,2,0.062480014,0.0,0.93751997,0.0,0.0,0.0,0.0,0.0,0.0
4,2,0.062480014,0.0,0.93751997,0.0,0.0,0.0,0.0,0.0,0.0
4,2,0.062480014,0.0,0.93751997,0.0,0.0,0.0,0.0,0.0,0.0
4,2,0.062480014,0.0,0.93751997,0.0,0.0,0.0,0.0,0.0,0.0
4,2,0.062480014,0.0,0.93751997,0.0,0.0,0.0,0.0,0.0,0.0
4,2,0.062480014,0.0,0.93751997,0.0,0.0,0.0,0.0,0.0,0.0
4,2,0.062480014,0.0,0.93751997,0.0,0.0,0.0,0.0,0.0,0.0
4,2,0.062480014,0.0,0.93751997,0.0,0.0,0.0,0.0,0.0,0.0
4,2,0.062480014,0.0,0.93751997,0.0,0.0,0.0,0.0,0.0,0.0
4,2,0.062480014,0.0,0.93751997,0.0,0.0,0.0,0.0,0.0,0.0
4,2,0.062480014,0.0,0.93751997,0.0,0.0,0.0,0.0,0.0,0.0
4,2,0.062480014,0.0,0.93751997,0.0,0.0,0.0,0.0,0.0,0.0
4,2,0.062480014,0.0,0.93751997,0.0,0.0,0.0,0.0,0.0,0.0
4,2,0.062480014,0.0,0.93751997,0.0,0.0,0.0,0.0,0.0,0.0
4,2,0.062480014,0.0,0.93751997,0.0,0.0,0.0,0.0,0.0,0.0
4,2,0.062480014,0.0,0.93751997,0.0,0.0,0.0,0.0,0.0,0.0
4,2,0.062480014,0.0,0.93751997,0.0,0.0,0.0,0.0,0.0,0.0
4,2,0.062480014,0.0,0.93751997,0.0,0.0,0.0,0.0,0.0,0.0
4,2,0.062480014,0.0,0.93751997,0.0,0.0,0.0,0.0,0.0,0.0
4,2,0.062480014,0.0,0.93751997,0.0,0.0,0.0,0.0,0.0,0.0
4,2,0.062480014,0.0,0.93751997,0.0,0.0,0.0,0.0,0.0,0.0
4,2,0.062480014,0.0,0.93751997,0.0,0.0,0.0,0.0,0.0,0.0
4,2,0.062480014,0.0,0.93751997,0.0,0.0,0.0,0.0,0.0,0.0
4,2,0.062480014,0.0,0.93751997,0.0,0.0,0.0,0.0,0.0,0.0
4,2,0.062480014,0.0,0.93751997,0.0,0.0,0.0,0.0,0.0,0.0
4,2,0.062480014,0.0,0.93751997,0.0,0.0,0.0,0.0,0.0,0.0
4,2,0.062480014,0.0,0.93751997,0.0,0.0,0.0,0.0,0.0,0.0
4,2,0.062480014,0.0,0.93751997,0.0,0.0,0.0,0.0,0.0,0.0
4,2,0.062480014,0.0,0.93751997,0.0,0.0,0.0,0.0,0.0,0.0
4,2,0.062480014,0.0,0.93751997,0.0,0.0,0.0,0.0,0.0,0.0
4,2,0.062480014,0.0,0.93751997,0.0,0.0,0.0,0.0,0.0,0.0
4,2,0.062480014,0.0,0.93751997,0.0,0.0,0.0,0.0,0.0,0.0
4,2,0.062480014,0.0,0.93751997,0.0,0.0,0.0,0.0,0.0,0.0
4,2,0.062480014,0.0,0.93751997,0.0,0.0,0.0,0.0,0.0,0.0
4,2,0.062480014,0.0,0.93751997,0.0,0.0,0.0,0.0,0.0,0.0
4,2,0.062480014,0.0,0.93751997,0.0,0.0,0.0,0.0,0.0,0.0
4,2,0.062480014,0.0,0.93751997,0.0,0.0,0.0,0.0,0.0,0.0
4,2,0.062480014,0.0,0.93751997,0.0,0.0,0.0,0.0,0.0,0.0
4,2,0.062480014,0.0,0.93751997,0.0,0.0,0.0,0.0,0.0,0.0
4,2,0.062480014,0.0,0.93751997,0.0,0.0,0.0,0.0,0.0,0.0
4,2,0.062480014,0.0,0.93751997,0.0,0.0,0.0,0.0,0.0,0.0
4,2,0.062480014,0.0,0.93751997,0.0,0.0,0.0,0.0,0.0,0.0
4,2,0.062480014,0.0,0.93751997,0.0,0.0,0.0,0.0,0.0,0.0
4,2,0.062480014,0.0,0.93751997,0.0,0.0,0.0,0.0,0.0,0.0
4,2,0.062480014,0.0,0.93751997,0.0,0.0,0.0,0.0,0.0,0.0
4,2,0.062480014,0.0,0.93751997,0.0,0.0,0.0,0.0,0.0,0.0
4,2,0.062480014,0.0,0.93751997,0.0,0.0,0.0,0.0,0.0,0.0
4,2,0.062480014,0.0,0.93751997,0.0,0.0,0.0,0.0,0.0,0.0
4,2,0.062480014,0.0,0.93751997,0.0,0.0,0.0,0.0,0.0,0.0
4,2,0.062480014,0.0,0.93751997,0.0,0.0,0.0,0.0,0.0,0.0
4,2,0.062480014,0.0,0.93751997,0.0,0.0,0.0,0.0,0.0,0.0
4,2,0.062480014,0.0,0.93751997,0.0,0.0,0.0,0.0,0.0,0.0
4,2,0.062480014,0.0,0.93751997,0.0,0.0,0.0,0.0,0.0,0.0
4,2,0.062480014,0.0,0.93751997,0.0,0.0,0.0,0.0,0.0,0.0
4,2,0.062480014,0.0,0.93751997,0.0,0.0,0.0,0.0,0.0,0.0
4,2,0.062480014,0.0,0.93751997,0.0,0.0,0.0,0.0,0.0,0.0
4,2,0.062480014,0.0,0.93751997,0.0,0.0,0.0,0.0,0.0,0.0
4,2,0.062480014,0.0,0.93751997,0.0,0.0,0.0,0.0,0.0,0.0
4,2,0.062480014,0.0,0.93751997,0.0,0.0,0.0,0.0,0.0,0.0
4,2,0.062480014,0.0,0.93751997,0.0,0.0,0.0,0.0,0.0,0.0
4,2,0.062480014,0.0,0.93751997,0.0,0.0,0.0,0.0,0.0,0.0
4,2,0.062480014,0.0,0.93751997,0.0,0.0,0.0,0.0,0.0,0.0
4,2,0.062480014,0.0,0.93751997,0.0,0.0,0.0,0.0,0.0,0.0
4,2,0.062480014,0.0,0.93751997,0.0,0.0,0.0,0.0,0.0,0.0
4,2,0.062480014,0.0,0.93751997,0.0,0.0,0.0,0.0,0.0,0.0
4,2,0.062480014,0.0,0.93751997,0.0,0.0,0.0,0.0,0.0,0.0
4,2,0.062480014,0.0,0.93751997,0.0,0.0,0.0,0.0,0.0,0.0
4,2,0.062480014,0.0,0.93751997,0.0,0.0,0.0,0.0,0.0,0.0
4,2,0.062480014,0.0,0.93751997,0.0,0.0,0.0,0.0,0.0,0.0
4,2,0.062480014,0.0,0.93751997,0.0,0.0,0.0,0.0,0.0,0.0
4,2,0.062480014,0.0,0.93751997,0.0,0.0,0.0,0.0,0.0,0.0
4,2,0.062480014,0.0,0.93751997,0.0,0.0,0.0,0.0,0.0,0.0
4,2,0.062480014,0.0,0.93751997,0.0,0.0,0.0,0.0,0.0,0.0
4,2,0.062480014,0.0,0.93751997,0.0,0.0,0.0,0.0,0.0,0.0
4,2,0.062480014,0.0,0.93751997,0.0,0.0,0.0,0.0,0.0,0.0
4,2,0.062480014,0.0,0.93751997,0.0,0.0,0.0,0.0,0.0,0.0
4,2,0.062480014,0.0,0.93751997,0.0,0.0,0.0,0.0,0.0,0.0
4,2,0.062480014,0.0,0.93751997,0.0,0.0,0.0,0.0,0.0,0.0
4,2,0.062480014,0.0,0.93751997,0.0,0.0,0.0,0.0,0.0,0.0
4,2,0.062480014,0.0,0.93751997,0.0,0.0,0.0,0.0,0.0,0.0
4,2,0.062480014,0.0,0.93751997,0.0,0.0,0.0,0.0,0.0,0.0
4,2,0.062480014,0.0,0.93751997,0.0,0.0,0.0,0.0,0.0,0.0
4,2,0.062480014,0.0,0.93751997,0.0,0.0,0.0,0.0,0.0,0.0
4,2,0.062480014,0.0,0.93751997,0.0,0.0,0.0,0.0,0.0,0.0
4,2,0.062480014,0.0,0.93751997,0.0,0.0,0.0,0.0,0.0,0.0
4,2,0.062480014,0.0,0.93751997,0.0,0.0,0.0,0.0,0.0,0.0
4,2,0.062480014,0.0,0.93751997,0.0,0.0,0.0,0.0,0.0,0.0
4,2,0.062480014,0.0,0.93751997,0.0,0.0,0.0,0.0,0.0,0.0
4,2,0.062480014,0.0,0.93751997,0.0,0.0,0.0,0.0,0.0,0.0
4,2,0.062480014,0.0,0.93751997,0.0,0.0,0.0,0.0,0.0,0.0
4,2,0.062480014,0.0,0.93751997,0.0,0.0,0.0,0.0,0.0,0.0
4,2,0.062480014,0.0,0.93751997,0.0,0.0,0.0,0.0,0.0,0.0
4,2,0.062480014,0.0,0.93751997,0.0,0.0,0.0,0.0,0.0,0.0
4,2,0.062480014,0.0,0.93751997,0.0,0.0,0.0,0.0,0.0,0.0
4,2,0.062480014,0.0,0.93751997,0.0,0.0,0.0,0.0,0.0,0.0
4,2,0.062480014,0.0,0.93751997,0.0,0.0,0.0,0.0,0.0,0.0
4,2,0.062480014,0.0,0.93751997,0.0,0.0,0.0,0.0,0.0,0.0
4,2,0.062480014,0.0,0.93751997,0.0,0.0,0.0,0.0,0.0,0.0
4,2,0.062480014,0.0,0.93751997,0.0,0.0,0.0,0.0,0.0,0.0
4,2,0.062480014,0.0,0.93751997,0.0,0.0,0.0,0.0,0.0,0.0
4,2,0.062480014,0.0,0.93751997,0.0,0.0,0.0,0.0,0.0,0.0
4,2,0.062480014,0.0,0.93751997,0.0,0.0,0.0,0.0,0.0,0.0
4,2,0.062480014,0.0,0.93751997,0.0,0.0,0.0,0.0,0.0,0.0
4,2,0.062480014,0.0,0.93751997,0.0,0.0,0.0,0.0,0.0,0.0
4,2,0.062480014,0.0,0.93751997,0.0,0.0,0.0,0.0,0.0,0.0
4,2,0.062480014,0.0,0.93751997,0.0,0.0,0.0,0.0,0.0,0.0
4,2,0.062480014,0.0,0.93751997,0.0,0.0,0.0,0.0,0.0,0.0
4,2,0.062480014,0.0,0.93751997,0.0,0.0,0.0,0.0,0.0,0.0
4,2,0.062480014,0.0,0.93751997,0.0,0.0,0.0,0.0,0.0,0.0
4,2,0.118816406,0.0,0.88118356,0.0,0.0,0.0,0.0,0.0,0.0
4,2,0.118816406,0.0,0.88118356,0.0,0.0,0.0,0.0,0.0,0.0
4,2,0.118816406,0.0,0.88118356,0.0,0.0,0.0,0.0,0.0,0.0
4,2,0.118816406,0.0,0.88118356,0.0,0.0,0.0,0.0,0.0,0.0
4,2,0.118816406,0.0,0.88118356,0.0,0.0,0.0,0.0,0.0,0.0
4,2,0.118816406,0.0,0.88118356,0.0,0.0,0.0,0.0,0.0,0.0
4,2,0.118816406,0.0,0.88118356,0.0,0.0,0.0,0.0,0.0,0.0
4,2,0.118816406,0.0,0.88118356,0.0,0.0,0.0,0.0,0.0,0.0
4,2,0.118816406,0.0,0.88118356,0.0,0.0,0.0,0.0,0.0,0.0
4,2,0.118816406,0.0,0.88118356,0.0,0.0,0.0,0.0,0.0,0.0
4,2,0.118816406,0.0,0.88118356,0.0,0.0,0.0,0.0,0.0,0.0
4,2,0.118816406,0.0,0.88118356,0.0,0.0,0.0,0.0,0.0,0.0
4,2,0.118816406,0.0,0.88118356,0.0,0.0,0.0,0.0,0.0,0.0
4,2,0.118816406,0.0,0.88118356,0.0,0.0,0.0,0.0,0.0,0.0
4,2,0.118816406,0.0,0.88118356,0.0,0.0,0.0,0.0,0.0,0.0
4,2,0.118816406,0.0,0.88118356,0.0,0.0,0.0,0.0,0.0,0.0
4,2,0.118816406,0.0,0.88118356,0.0,0.0,0.0,0.0,0.0,0.0
4,2,0.118816406,0.0,0.88118356,0.0,0.0,0.0,0.0,0.0,0.0
4,2,0.118816406,0.0,0.88118356,0.0,0.0,0.0,0.0,0.0,0.0
4,2,0.118816406,0.0,0.88118356,0.0,0.0,0.0,0.0,0.0,0.0
4,2,0.118816406,0.0,0.88118356,0.0,0.0,0.0,0.0,0.0,0.0
4,2,0.118816406,0.0,0.88118356,0.0,0.0,0.0,0.0,0.0,0.0
4,2,0.118816406,0.0,0.88118356,0.0,0.0,0.0,0.0,0.0,0.0
4,2,0.118816406,0.0,0.88118356,0.0,0.0,0.0,0.0,0.0,0.0
4,2,0.118816406,0.0,0.88118356,0.0,0.0,0.0,0.0,0.0,0.0
4,2,0.118816406,0.0,0.88118356,0.0,0.0,0.0,0.0,0.0,0.0
4,2,0.118816406,0.0,0.88118356,0.0,0.0,0.0,0.0,0.0,0.0
4,2,0.118816406,0.0,0.88118356,0.0,0.0,0.0,0.0,0.0,0.0
4,2,0.118816406,0.0,0.88118356,0.0,0.0,0.0,0.0,0.0,0.0
4,2,0.118816406,0.0,0.88118356,0.0,0.0,0.0,0.0,0.0,0.0
4,2,0.118816406,0.0,0.88118356,0.0,0.0,0.0,0.0,0.0,0.0
4,2,0.118816406,0.0,0.88118356,0.0,0.0,0.0,0.0,0.0,0.0
4,2,0.118816406,0.0,0.88118356,0.0,0.0,0.0,0.0,0.0,0.0
4,2,0.118816406,0.0,0.88118356,0.0,0.0,0.0,0.0,0.0,0.0
4,2,0.118816406,0.0,0.88118356,0.0,0.0,0.0,0.0,0.0,0.0
4,2,0.118816406,0.0,0.88118356,0.0,0.0,0.0,0.0,0.0,0.0
4,2,0.118816406,0.0,0.88118356,0.0,0.0,0.0,0.0,0.0,0.0
4,2,0.118816406,0.0,0.88118356,0.0,0.0,0.0,0.0,0.0,0.0
4,2,0.118816406,0.0,0.88118356,0.0,0.0,0.0,0.0,0.0,0.0
4,2,0.118816406,0.0,0.88118356,0.0,0.0,0.0,0.0,0.0,0.0
4,2,0.118816406,0.0,0.88118356,0.0,0.0,0.0,0.0,0.0,0.0
4,2,0.118816406,0.0,0.88118356,0.0,0.0,0.0,0.0,0.0,0.0
4,2,0.118816406,0.0,0.88118356,0.0,0.0,0.0,0.0,0.0,0.0
4,2,0.118816406,0.0,0.88118356,0.0,0.0,0.0,0.0,0.0,0.0
4,2,0.118816406,0.0,0.88118356,0.0,0.0,0.0,0.0,0.0,0.0
4,2,0.118816406,0.0,0.88118356,0.0,0.0,0.0,0.0,0.0,0.0
4,2,0.118816406,0.0,0.88118356,0.0,0.0,0.0,0.0,0.0,0.0
4,2,0.118816406,0.0,0.88118356,0.0,0.0,0.0,0.0,0.0,0.0
4,2,0.118816406,0.0,0.88118356,0.0,0.0,0.0,0.0,0.0,0.0
4,2,0.118816406,0.0,0.88118356,0.0,0.0,0.0,0.0,0.0,0.0
4,2,0.118816406,0.0,0.88118356,0.0,0.0,0.0,0.0,0.0,0.0
4,2,0.118816406,0.0,0.88118356,0.0,0.0,0.0,0.0,0.0,0.0
4,2,0.118816406,0.0,0.88118356,0.0,0.0,0.0,0.0,0.0,0.0
4,2,0.118816406,0.0,0.88118356,0.0,0.0,0.0,0.0,0.0,0.0
4,2,0.118816406,0.0,0.88118356,0.0,0.0,0.0,0.0,0.0,0.0
4,2,0.118816406,0.0,0.88118356,0.0,0.0,0.0,0.0,0.0,0.0
4,2,0.118816406,0.0,0.88118356,0.0,0.0,0.0,0.0,0.0,0.0
4,2,0.118816406,0.0,0.88118356,0.0,0.0,0.0,0.0,0.0,0.0
4,2,0.118816406,0.0,0.88118356,0.0,0.0,0.0,0.0,0.0,0.0
4,2,0.118816406,0.0,0.88118356,0.0,0.0,0.0,0.0,0.0,0.0
4,2,0.118816406,0.0,0.88118356,0.0,0.0,0.0,0.0,0.0,0.0
4,2,0.118816406,0.0,0.88118356,0.0,0.0,0.0,0.0,0.0,0.0
4,2,0.118816406,0.0,0.88118356,0.0,0.0,0.0,0.0,0.0,0.0
4,2,0.118816406,0.0,0.88118356,0.0,0.0,0.0,0.0,0.0,0.0
4,2,0.118816406,0.0,0.88118356,0.0,0.0,0.0,0.0,0.0,0.0
4,2,0.118816406,0.0,0.88118356,0.0,0.0,0.0,0.0,0.0,0.0
4,2,0.118816406,0.0,0.88118356,0.0,0.0,0.0,0.0,0.0,0.0
4,2,0.118816406,0.0,0.88118356,0.0,0.0,0.0,0.0,0.0,0.0
4,2,0.118816406,0.0,0.88118356,0.0,0.0,0.0,0.0,0.0,0.0
4,2,0.118816406,0.0,0.88118356,0.0,0.0,0.0,0.0,0.0,0.0
4,2,0.118816406,0.0,0.88118356,0.0,0.0,0.0,0.0,0.0,0.0
4,2,0.118816406,0.0,0.88118356,0.0,0.0,0.0,0.0,0.0,0.0
4,2,0.118816406,0.0,0.88118356,0.0,0.0,0.0,0.0,0.0,0.0
4,2,0.118816406,0.0,0.88118356,0.0,0.0,0.0,0.0,0.0,0.0
4,2,0.118816406,0.0,0.88118356,0.0,0.0,0.0,0.0,0.0,0.0
4,2,0.118816406,0.0,0.88118356,0.0,0.0,0.0,0.0,0.0,0.0
4,2,0.118816406,0.0,0.88118356,0.0,0.0,0.0,0.0,0.0,0.0
4,2,0.118816406,0.0,0.88118356,0.0,0.0,0.0,0.0,0.0,0.0
4,2,0.19160023,0.0,0.80839974,0.0,0.0,0.0,0.0,0.0,0.0
4,2,0.19160023,0.0,0.80839974,0.0,0.0,0.0,0.0,0.0,0.0
4,2,0.19160023,0.0,0.80839974,0.0,0.0,0.0,0.0,0.0,0.0
4,2,0.19160023,0.0,0.80839974,0.0,0.0,0.0,0.0,0.0,0.0
4,2,0.19160023,0.0,0.80839974,0.0,0.0,0.0,0.0,0.0,0.0
4,2,0.19160023,0.0,0.80839974,0.0,0.0,0.0,0.0,0.0,0.0
4,2,0.19160023,0.0,0.80839974,0.0,0.0,0.0,0.0,0.0,0.0
4,2,0.19160023,0.0,0.80839974,0.0,0.0,0.0,0.0,0.0,0.0
4,2,0.19160023,0.0,0.80839974,0.0,0.0,0.0,0.0,0.0,0.0
4,2,0.19160023,0.0,0.80839974,0.0,0.0,0.0,0.0,0.0,0.0
4,2,0.19160023,0.0,0.80839974,0.0,0.0,0.0,0.0,0.0,0.0
4,2,0.19160023,0.0,0.80839974,0.0,0.0,0.0,0.0,0.0,0.0
4,2,0.19160023,0.0,0.80839974,0.0,0.0,0.0,0.0,0.0,0.0
4,2,0.19160023,0.0,0.80839974,0.0,0.0,0.0,0.0,0.0,0.0
4,2,0.19160023,0.0,0.80839974,0.0,0.0,0.0,0.0,0.0,0.0
4,2,0.19160023,0.0,0.80839974,0.0,0.0,0.0,0.0,0.0,0.0
4,2,0.19160023,0.0,0.80839974,0.0,0.0,0.0,0.0,0.0,0.0
4,2,0.19160023,0.0,0.80839974,0.0,0.0,0.0,0.0,0.0,0.0
4,2,0.19160023,0.0,0.80839974,0.0,0.0,0.0,0.0,0.0,0.0
4,2,0.19160023,0.0,0.80839974,0.0,0.0,0.0,0.0,0.0,0.0
4,2,0.19160023,0.0,0.80839974,0.0,0.0,0.0,0.0,0.0,0.0
4,2,0.19160023,0.0,0.80839974,0.0,0.0,0.0,0.0,0.0,0.0
4,2,0.19160023,0.0,0.80839974,0.0,0.0,0.0,0.0,0.0,0.0
4,2,0.19160023,0.0,0.80839974,0.0,0.0,0.0,0.0,0.0,0.0
4,2,0.19160023,0.0,0.80839974,0.0,0.0,0.0,0.0,0.0,0.0
4,2,0.19160023,0.0,0.80839974,0.0,0.0,0.0,0.0,0.0,0.0
4,2,0.19160023,0.0,0.80839974,0.0,0.0,0.0,0.0,0.0,0.0
4,2,0.19160023,0.0,0.80839974,0.0,0.0,0.0,0.0,0.0,0.0
4,2,0.19160023,0.0,0.80839974,0.0,0.0,0.0,0.0,0.0,0.0
4,2,0.19160023,0.0,0.80839974,0.0,0.0,0.0,0.0,0.0,0.0
4,2,0.19160023,0.0,0.80839974,0.0,0.0,0.0,0.0,0.0,0.0
4,2,0.19160023,0.0,0.80839974,0.0,0.0,0.0,0.0,0.0,0.0
4,2,0.19160023,0.0,0.80839974,0.0,0.0,0.0,0.0,0.0,0.0
4,2,0.19160023,0.0,0.80839974,0.0,0.0,0.0,0.0,0.0,0.0
4,2,0.19160023,0.0,0.80839974,0.0,0.0,0.0,0.0,0.0,0.0
4,2,0.19160023,0.0,0.80839974,0.0,0.0,0.0,0.0,0.0,0.0
4,2,0.19160023,0.0,0.80839974,0.0,0.0,0.0,0.0,0.0,0.0
4,2,0.19160023,0.0,0.80839974,0.0,0.0,0.0,0.0,0.0,0.0
4,2,0.19160023,0.0,0.80839974,0.0,0.0,0.0,0.0,0.0,0.0
4,2,0.19160023,0.0,0.80839974,0.0,0.0,0.0,0.0,0.0,0.0
4,2,0.19160023,0.0,0.80839974,0.0,0.0,0.0,0.0,0.0,0.0
4,2,0.19160023,0.0,0.80839974,0.0,0.0,0.0,0.0,0.0,0.0
4,2,0.19160023,0.0,0.80839974,0.0,0.0,0.0,0.0,0.0,0.0
4,2,0.19160023,0.0,0.80839974,0.0,0.0,0.0,0.0,0.0,0.0
4,2,0.19160023,0.0,0.80839974,0.0,0.0,0.0,0.0,0.0,0.0
4,2,0.19160023,0.0,0.80839974,0.0,0.0,0.0,0.0,0.0,0.0
4,2,0.19160023,0.0,0.80839974,0.0,0.0,0.0,0.0,0.0,0.0
4,2,0.19160023,0.0,0.80839974,0.0,0.0,0.0,0.0,0.0,0.0
4,2,0.19160023,0.0,0.80839974,0.0,0.0,0.0,0.0,0.0,0.0
4,2,0.19160023,0.0,0.80839974,0.0,0.0,0.0,0.0,0.0,0.0
4,2,0.19160023,0.0,0.80839974,0.0,0.0,0.0,0.0,0.0,0.0
4,2,0.19160023,0.0,0.80839974,0.0,0.0,0.0,0.0,0.0,0.0
4,2,0.19160023,0.0,0.80839974,0.0,0.0,0.0,0.0,0.0,0.0
4,2,0.19160023,0.0,0.80839974,0.0,0.0,0.0,0.0,0.0,0.0
4,2,0.19160023,0.0,0.80839974,0.0,0.0,0.0,0.0,0.0,0.0
4,2,0.19160023,0.0,0.80839974,0.0,0.0,0.0,0.0,0.0,0.0
4,2,0.19160023,0.0,0.80839974,0.0,0.0,0.0,0.0,0.0,0.0
4,2,0.19160023,0.0,0.80839974,0.0,0.0,0.0,0.0,0.0,0.0
4,2,0.19160023,0.0,0.80839974,0.0,0.0,0.0,0.0,0.0,0.0
4,2,0.19160023,0.0,0.80839974,0.0,0.0,0.0,0.0,0.0,0.0
4,2,0.19160023,0.0,0.80839974,0.0,0.0,0.0,0.0,0.0,0.0
4,2,0.19160023,0.0,0.80839974,0.0,0.0,0.0,0.0,0.0,0.0
4,2,0.19160023,0.0,0.80839974,0.0,0.0,0.0,0.0,0.0,0.0
4,2,0.19160023,0.0,0.80839974,0.0,0.0,0.0,0.0,0.0,0.0
4,2,0.19160023,0.0,0.80839974,0.0,0.0,0.0,0.0,0.0,0.0
4,2,0.19160023,0.0,0.80839974,0.0,0.0,0.0,0.0,0.0,0.0
4,2,0.19160023,0.0,0.80839974,0.0,0.0,0.0,0.0,0.0,0.0
4,2,0.19160023,0.0,0.80839974,0.0,0.0,0.0,0.0,0.0,0.0
4,2,0.19160023,0.0,0.80839974,0.0,0.0,0.0,0.0,0.0,0.0
4,2,0.19160023,0.0,0.80839974,0.0,0.0,0.0,0.0,0.0,0.0
4,2,0.19160023,0.0,0.80839974,0.0,0.0,0.0,0.0,0.0,0.0
4,2,0.19160023,0.0,0.80839974,0.0,0.0,0.0,0.0,0.0,0.0
4,2,0.19160023,0.0,0.80839974,0.0,0.0,0.0,0.0,0.0,0.0
4,2,0.19160023,0.0,0.80839974,0.0,0.0,0.0,0.0,0.0,0.0
4,2,0.19160023,0.0,0.80839974,0.0,0.0,0.0,0.0,0.0,0.0
4,2,0.19160023,0.0,0.80839974,0.0,0.0,0.0,0.0,0.0,0.0
4,2,0.19160023,0.0,0.80839974,0.0,0.0,0.0,0.0,0.0,0.0
4,2,0.19160023,0.0,0.80839974,0.0,0.0,0.0,0.0,0.0,0.0
4,2,0.19160023,0.0,0.80839974,0.0,0.0,0.0,0.0,0.0,0.0
4,2,0.19160023,0.0,0.80839974,0.0,0.0,0.0,0.0,0.0,0.0
4,2,0.19160023,0.0,0.80839974,0.0,0.0,0.0,0.0,0.0,0.0
4,2,0.19160023,0.0,0.80839974,0.0,0.0,0.0,0.0,0.0,0.0
4,2,0.19160023,0.0,0.80839974,0.0,0.0,0.0,0.0,0.0,0.0
4,2,0.19160023,0.0,0.80839974,0.0,0.0,0.0,0.0,0.0,0.0
4,2,0.19160023,0.0,0.80839974,0.0,0.0,0.0,0.0,0.0,0.0
4,2,0.19160023,0.0,0.80839974,0.0,0.0,0.0,0.0,0.0,0.0
4,2,0.19160023,0.0,0.80839974,0.0,0.0,0.0,0.0,0.0,0.0
4,2,0.19160023,0.0,0.80839974,0.0,0.0,0.0,0.0,0.0,0.0
4,2,0.19160023,0.0,0.80839974,0.0,0.0,0.0,0.0,0.0,0.0
4,2,0.19160023,0.0,0.80839974,0.0,0.0,0.0,0.0,0.0,0.0
4,2,0.25631556,0.0,0.7436845,0.0,0.0,0.0,0.0,0.0,0.0
4,2,0.25631556,0.0,0.7436845,0.0,0.0,0.0,0.0,0.0,0.0
4,2,0.25631556,0.0,0.7436845,0.0,0.0,0.0,0.0,0.0,0.0
4,2,0.25631556,0.0,0.7436845,0.0,0.0,0.0,0.0,0.0,0.0
4,2,0.25631556,0.0,0.7436845,0.0,0.0,0.0,0.0,0.0,0.0
4,2,0.25631556,0.0,0.7436845,0.0,0.0,0.0,0.0,0.0,0.0
4,2,0.25631556,0.0,0.7436845,0.0,0.0,0.0,0.0,0.0,0.0
4,2,0.25631556,0.0,0.7436845,0.0,0.0,0.0,0.0,0.0,0.0
4,2,0.25631556,0.0,0.7436845,0.0,0.0,0.0,0.0,0.0,0.0
4,2,0.25631556,0.0,0.7436845,0.0,0.0,0.0,0.0,0.0,0.0
4,2,0.25631556,0.0,0.7436845,0.0,0.0,0.0,0.0,0.0,0.0
4,2,0.25631556,0.0,0.7436845,0.0,0.0,0.0,0.0,0.0,0.0
4,2,0.25631556,0.0,0.7436845,0.0,0.0,0.0,0.0,0.0,0.0
4,2,0.25631556,0.0,0.7436845,0.0,0.0,0.0,0.0,0.0,0.0
4,2,0.25631556,0.0,0.7436845,0.0,0.0,0.0,0.0,0.0,0.0
4,2,0.25631556,0.0,0.7436845,0.0,0.0,0.0,0.0,0.0,0.0
4,2,0.25631556,0.0,0.7436845,0.0,0.0,0.0,0.0,0.0,0.0
4,2,0.25631556,0.0,0.7436845,0.0,0.0,0.0,0.0,0.0,0.0
4,2,0.25631556,0.0,0.7436845,0.0,0.0,0.0,0.0,0.0,0.0
4,2,0.25631556,0.0,0.7436845,0.0,0.0,0.0,0.0,0.0,0.0
4,2,0.25631556,0.0,0.7436845,0.0,0.0,0.0,0.0,0.0,0.0
4,2,0.25631556,0.0,0.7436845,0.0,0.0,0.0,0.0,0.0,0.0
4,2,0.25631556,0.0,0.7436845,0.0,0.0,0.0,0.0,0.0,0.0
4,2,0.25631556,0.0,0.7436845,0.0,0.0,0.0,0.0,0.0,0.0
4,2,0.25631556,0.0,0.7436845,0.0,0.0,0.0,0.0,0.0,0.0
4,2,0.25631556,0.0,0.7436845,0.0,0.0,0.0,0.0,0.0,0.0
4,2,0.25631556,0.0,0.7436845,0.0,0.0,0.0,0.0,0.0,0.0
4,2,0.25631556,0.0,0.7436845,0.0,0.0,0.0,0.0,0.0,0.0
4,2,0.25631556,0.0,0.7436845,0.0,0.0,0.0,0.0,0.0,0.0
4,2,0.25631556,0.0,0.7436845,0.0,0.0,0.0,0.0,0.0,0.0
4,2,0.25631556,0.0,0.7436845,0.0,0.0,0.0,0.0,0.0,0.0
4,2,0.25631556,0.0,0.7436845,0.0,0.0,0.0,0.0,0.0,0.0
4,2,0.25631556,0.0,0.7436845,0.0,0.0,0.0,0.0,0.0,0.0
4,2,0.25631556,0.0,0.7436845,0.0,0.0,0.0,0.0,0.0,0.0
4,2,0.25631556,0.0,0.7436845,0.0,0.0,0.0,0.0,0.0,0.0
4,2,0.25631556,0.0,0.7436845,0.0,0.0,0.0,0.0,0.0,0.0
4,2,0.25631556,0.0,0.7436845,0.0,0.0,0.0,0.0,0.0,0.0
4,2,0.25631556,0.0,0.7436845,0.0,0.0,0.0,0.0,0.0,0.0
4,2,0.25631556,0.0,0.7436845,0.0,0.0,0.0,0.0,0.0,0.0
4,2,0.25631556,0.0,0.7436845,0.0,0.0,0.0,0.0,0.0,0.0
4,2,0.25631556,0.0,0.7436845,0.0,0.0,0.0,0.0,0.0,0.0
4,2,0.25631556,0.0,0.7436845,0.0,0.0,0.0,0.0,0.0,0.0
4,2,0.25631556,0.0,0.7436845,0.0,0.0,0.0,0.0,0.0,0.0
4,2,0.25631556,0.0,0.7436845,0.0,0.0,0.0,0.0,0.0,0.0
4,2,0.25631556,0.0,0.7436845,0.0,0.0,0.0,0.0,0.0,0.0
4,2,0.25631556,0.0,0.7436845,0.0,0.0,0.0,0.0,0.0,0.0
4,2,0.25631556,0.0,0.7436845,0.0,0.0,0.0,0.0,0.0,0.0
4,2,0.25631556,0.0,0.7436845,0.0,0.0,0.0,0.0,0.0,0.0
4,2,0.25631556,0.0,0.7436845,0.0,0.0,0.0,0.0,0.0,0.0
4,2,0.25631556,0.0,0.7436845,0.0,0.0,0.0,0.0,0.0,0.0
4,2,0.25631556,0.0,0.7436845,0.0,0.0,0.0,0.0,0.0,0.0
4,2,0.25631556,0.0,0.7436845,0.0,0.0,0.0,0.0,0.0,0.0
4,2,0.25631556,0.0,0.7436845,0.0,0.0,0.0,0.0,0.0,0.0
4,2,0.25631556,0.0,0.7436845,0.0,0.0,0.0,0.0,0.0,0.0
4,2,0.25631556,0.0,0.7436845,0.0,0.0,0.0,0.0,0.0,0.0
4,2,0.25631556,0.0,0.7436845,0.0,0.0,0.0,0.0,0.0,0.0
4,2,0.25631556,0.0,0.7436845,0.0,0.0,0.0,0.0,0.0,0.0
4,2,0.25631556,0.0,0.7436845,0.0,0.0,0.0,0.0,0.0,0.0
4,2,0.25631556,0.0,0.7436845,0.0,0.0,0.0,0.0,0.0,0.0
4,2,0.25631556,0.0,0.7436845,0.0,0.0,0.0,0.0,0.0,0.0
4,2,0.25631556,0.0,0.7436845,0.0,0.0,0.0,0.0,0.0,0.0
4,2,0.25631556,0.0,0.7436845,0.0,0.0,0.0,0.0,0.0,0.0
4,2,0.25631556,0.0,0.7436845,0.0,0.0,0.0,0.0,0.0,0.0
4,2,0.25631556,0.0,0.7436845,0.0,0.0,0.0,0.0,0.0,0.0
4,2,0.25631556,0.0,0.7436845,0.0,0.0,0.0,0.0,0.0,0.0
4,2,0.25631556,0.0,0.7436845,0.0,0.0,0.0,0.0,0.0,0.0
4,2,0.25631556,0.0,0.7436845,0.0,0.0,0.0,0.0,0.0,0.0
4,2,0.25631556,0.0,0.7436845,0.0,0.0,0.0,0.0,0.0,0.0
4,2,0.25631556,0.0,0.7436845,0.0,0.0,0.0,0.0,0.0,0.0
4,2,0.25631556,0.0,0.7436845,0.0,0.0,0.0,0.0,0.0,0.0
4,2,0.25631556,0.0,0.7436845,0.0,0.0,0.0,0.0,0.0,0.0
4,2,0.25631556,0.0,0.7436845,0.0,0.0,0.0,0.0,0.0,0.0
4,2,0.25631556,0.0,0.7436845,0.0,0.0,0.0,0.0,0.0,0.0
4,2,0.25631556,0.0,0.7436845,0.0,0.0,0.0,0.0,0.0,0.0
4,2,0.25631556,0.0,0.7436845,0.0,0.0,0.0,0.0,0.0,0.0
4,2,0.25631556,0.0,0.7436845,0.0,0.0,0.0,0.0,0.0,0.0
4,2,0.25631556,0.0,0.7436845,0.0,0.0,0.0,0.0,0.0,0.0
4,2,0.25631556,0.0,0.7436845,0.0,0.0,0.0,0.0,0.0,0.0
4,2,0.25631556,0.0,0.7436845,0.0,0.0,0.0,0.0,0.0,0.0
4,2,0.25631556,0.0,0.7436845,0.0,0.0,0.0,0.0,0.0,0.0
4,2,0.25631556,0.0,0.7436845,0.0,0.0,0.0,0.0,0.0,0.0
4,2,0.25631556,0.0,0.7436845,0.0,0.0,0.0,0.0,0.0,0.0
4,2,0.25631556,0.0,0.7436845,0.0,0.0,0.0,0.0,0.0,0.0
4,2,0.25631556,0.0,0.7436845,0.0,0.0,0.0,0.0,0.0,0.0
4,2,0.25631556,0.0,0.7436845,0.0,0.0,0.0,0.0,0.0,0.0
4,2,0.25631556,0.0,0.7436845,0.0,0.0,0.0,0.0,0.0,0.0
4,2,0.25631556,0.0,0.7436845,0.0,0.0,0.0,0.0,0.0,0.0
4,2,0.25631556,0.0,0.7436845,0.0,0.0,0.0,0.0,0.0,0.0
4,2,0.25631556,0.0,0.7436845,0.0,0.0,0.0,0.0,0.0,0.0
4,2,0.25631556,0.0,0.7436845,0.0,0.0,0.0,0.0,0.0,0.0
4,2,0.25631556,0.0,0.7436845,0.0,0.0,0.0,0.0,0.0,0.0
4,2,0.25631556,0.0,0.7436845,0.0,0.0,0.0,0.0,0.0,0.0
4,2,0.25631556,0.0,0.7436845,0.0,0.0,0.0,0.0,0.0,0.0
4,2,0.25631556,0.0,0.7436845,0.0,0.0,0.0,0.0,0.0,0.0
4,2,0.25631556,0.0,0.7436845,0.0,0.0,0.0,0.0,0.0,0.0
4,2,0.25631556,0.0,0.7436845,0.0,0.0,0.0,0.0,0.0,0.0
4,2,0.25631556,0.0,0.7436845,0.0,0.0,0.0,0.0,0.0,0.0
4,2,0.25631556,0.0,0.7436845,0.0,0.0,0.0,0.0,0.0,0.0
4,2,0.25631556,0.0,0.7436845,0.0,0.0,0.0,0.0,0.0,0.0
4,2,0.25631556,0.0,0.7436845,0.0,0.0,0.0,0.0,0.0,0.0
4,2,0.25631556,0.0,0.7436845,0.0,0.0,0.0,0.0,0.0,0.0
4,2,0.25631556,0.0,0.7436845,0.0,0.0,0.0,0.0,0.0,0.0
4,2,0.25631556,0.0,0.7436845,0.0,0.0,0.0,0.0,0.0,0.0
4,2,0.25631556,0.0,0.7436845,0.0,0.0,0.0,0.0,0.0,0.0
4,2,0.25631556,0.0,0.7436845,0.0,0.0,0.0,0.0,0.0,0.0
4,2,0.25631556,0.0,0.7436845,0.0,0.0,0.0,0.0,0.0,0.0
4,2,0.25631556,0.0,0.7436845,0.0,0.0,0.0,0.0,0.0,0.0
4,2,0.25631556,0.0,0.7436845,0.0,0.0,0.0,0.0,0.0,0.0
4,2,0.25631556,0.0,0.7436845,0.0,0.0,0.0,0.0,0.0,0.0
4,2,0.25631556,0.0,0.7436845,0.0,0.0,0.0,0.0,0.0,0.0
4,2,0.25631556,0.0,0.7436845,0.0,0.0,0.0,0.0,0.0,0.0
4,2,0.25631556,0.0,0.7436845,0.0,0.0,0.0,0.0,0.0,0.0
4,2,0.25631556,0.0,0.7436845,0.0,0.0,0.0,0.0,0.0,0.0
4,2,0.25631556,0.0,0.7436845,0.0,0.0,0.0,0.0,0.0,0.0
4,2,0.25631556,0.0,0.7436845,0.0,0.0,0.0,0.0,0.0,0.0
4,2,0.25631556,0.0,0.7436845,0.0,0.0,0.0,0.0,0.0,0.0
4,2,0.25631556,0.0,0.7436845,0.0,0.0,0.0,0.0,0.0,0.0
4,2,0.25631556,0.0,0.7436845,0.0,0.0,0.0,0.0,0.0,0.0
4,2,0.25631556,0.0,0.7436845,0.0,0.0,0.0,0.0,0.0,0.0
4,2,0.25631556,0.0,0.7436845,0.0,0.0,0.0,0.0,0.0,0.0
4,2,0.25631556,0.0,0.7436845,0.0,0.0,0.0,0.0,0.0,0.0
4,2,0.25631556,0.0,0.7436845,0.0,0.0,0.0,0.0,0.0,0.0
4,2,0.25631556,0.0,0.7436845,0.0,0.0,0.0,0.0,0.0,0.0
4,2,0.25631556,0.0,0.7436845,0.0,0.0,0.0,0.0,0.0,0.0
4,2,0.25631556,0.0,0.7436845,0.0,0.0,0.0,0.0,0.0,0.0
4,2,0.25631556,0.0,0.7436845,0.0,0.0,0.0,0.0,0.0,0.0
4,2,0.25631556,0.0,0.7436845,0.0,0.0,0.0,0.0,0.0,0.0
4,2,0.25631556,0.0,0.7436845,0.0,0.0,0.0,0.0,0.0,0.0
4,2,0.25631556,0.0,0.7436845,0.0,0.0,0.0,0.0,0.0,0.0
4,2,0.25631556,0.0,0.7436845,0.0,0.0,0.0,0.0,0.0,0.0
4,2,0.25631556,0.0,0.7436845,0.0,0.0,0.0,0.0,0.0,0.0
4,2,0.25631556,0.0,0.7436845,0.0,0.0,0.0,0.0,0.0,0.0
4,2,0.25631556,0.0,0.7436845,0.0,0.0,0.0,0.0,0.0,0.0
4,2,0.25631556,0.0,0.7436845,0.0,0.0,0.0,0.0,0.0,0.0
4,2,0.25631556,0.0,0.7436845,0.0,0.0,0.0,0.0,0.0,0.0
4,2,0.25631556,0.0,0.7436845,0.0,0.0,0.0,0.0,0.0,0.0
4,2,0.25631556,0.0,0.7436845,0.0,0.0,0.0,0.0,0.0,0.0
4,2,0.25631556,0.0,0.7436845,0.0,0.0,0.0,0.0,0.0,0.0
4,2,0.25631556,0.0,0.7436845,0.0,0.0,0.0,0.0,0.0,0.0
4,2,0.25631556,0.0,0.7436845,0.0,0.0,0.0,0.0,0.0,0.0
4,2,0.25631556,0.0,0.7436845,0.0,0.0,0.0,0.0,0.0,0.0
4,2,0.25631556,0.0,0.7436845,0.0,0.0,0.0,0.0,0.0,0.0
4,2,0.25631556,0.0,0.7436845,0.0,0.0,0.0,0.0,0.0,0.0
4,2,0.25631556,0.0,0.7436845,0.0,0.0,0.0,0.0,0.0,0.0
4,2,0.25631556,0.0,0.7436845,0.0,0.0,0.0,0.0,0.0,0.0
4,2,0.25631556,0.0,0.7436845,0.0,0.0,0.0,0.0,0.0,0.0
4,2,0.25631556,0.0,0.7436845,0.0,0.0,0.0,0.0,0.0,0.0
4,2,0.25631556,0.0,0.7436845,0.0,0.0,0.0,0.0,0.0,0.0
4,2,0.25631556,0.0,0.7436845,0.0,0.0,0.0,0.0,0.0,0.0
4,2,0.25631556,0.0,0.7436845,0.0,0.0,0.0,0.0,0.0,0.0
4,2,0.25631556,0.0,0.7436845,0.0,0.0,0.0,0.0,0.0,0.0
4,2,0.25631556,0.0,0.7436845,0.0,0.0,0.0,0.0,0.0,0.0
4,2,0.25631556,0.0,0.7436845,0.0,0.0,0.0,0.0,0.0,0.0
4,2,0.25631556,0.0,0.7436845,0.0,0.0,0.0,0.0,0.0,0.0
4,2,0.25631556,0.0,0.7436845,0.0,0.0,0.0,0.0,0.0,0.0
4,2,0.25631556,0.0,0.7436845,0.0,0.0,0.0,0.0,0.0,0.0
4,2,0.25631556,0.0,0.7436845,0.0,0.0,0.0,0.0,0.0,0.0
4,2,0.25631556,0.0,0.7436845,0.0,0.0,0.0,0.0,0.0,0.0
4,2,0.25631556,0.0,0.7436845,0.0,0.0,0.0,0.0,0.0,0.0
4,2,0.25631556,0.0,0.7436845,0.0,0.0,0.0,0.0,0.0,0.0
4,2,0.25631556,0.0,0.7436845,0.0,0.0,0.0,0.0,0.0,0.0
4,2,0.25631556,0.0,0.7436845,0.0,0.0,0.0,0.0,0.0,0.0
4,2,0.25631556,0.0,0.7436845,0.0,0.0,0.0,0.0,0.0,0.0
4,2,0.25631556,0.0,0.7436845,0.0,0.0,0.0,0.0,0.0,0.0
4,2,0.25631556,0.0,0.7436845,0.0,0.0,0.0,0.0,0.0,0.0
4,2,0.25631556,0.0,0.7436845,0.0,0.0,0.0,0.0,0.0,0.0
4,2,0.25631556,0.0,0.7436845,0.0,0.0,0.0,0.0,0.0,0.0
4,2,0.18353172,0.0,0.8164683,0.0,0.0,0.0,0.0,0.0,0.0
4,2,0.18353172,0.0,0.8164683,0.0,0.0,0.0,0.0,0.0,0.0
4,2,0.18353172,0.0,0.8164683,0.0,0.0,0.0,0.0,0.0,0.0
4,2,0.18353172,0.0,0.8164683,0.0,0.0,0.0,0.0,0.0,0.0
4,2,0.18353172,0.0,0.8164683,0.0,0.0,0.0,0.0,0.0,0.0
4,2,0.18353172,0.0,0.8164683,0.0,0.0,0.0,0.0,0.0,0.0
4,2,0.18353172,0.0,0.8164683,0.0,0.0,0.0,0.0,0.0,0.0
4,2,0.18353172,0.0,0.8164683,0.0,0.0,0.0,0.0,0.0,0.0
4,2,0.18353172,0.0,0.8164683,0.0,0.0,0.0,0.0,0.0,0.0
4,2,0.18353172,0.0,0.8164683,0.0,0.0,0.0,0.0,0.0,0.0
4,2,0.18353172,0.0,0.8164683,0.0,0.0,0.0,0.0,0.0,0.0
4,2,0.18353172,0.0,0.8164683,0.0,0.0,0.0,0.0,0.0,0.0
4,2,0.18353172,0.0,0.8164683,0.0,0.0,0.0,0.0,0.0,0.0
4,2,0.18353172,0.0,0.8164683,0.0,0.0,0.0,0.0,0.0,0.0
4,2,0.18353172,0.0,0.8164683,0.0,0.0,0.0,0.0,0.0,0.0
4,2,0.18353172,0.0,0.8164683,0.0,0.0,0.0,0.0,0.0,0.0
4,2,0.18353172,0.0,0.8164683,0.0,0.0,0.0,0.0,0.0,0.0
4,2,0.18353172,0.0,0.8164683,0.0,0.0,0.0,0.0,0.0,0.0
4,2,0.18353172,0.0,0.8164683,0.0,0.0,0.0,0.0,0.0,0.0
4,2,0.18353172,0.0,0.8164683,0.0,0.0,0.0,0.0,0.0,0.0
4,2,0.18353172,0.0,0.8164683,0.0,0.0,0.0,0.0,0.0,0.0
4,2,0.18353172,0.0,0.8164683,0.0,0.0,0.0,0.0,0.0,0.0
4,2,0.18353172,0.0,0.8164683,0.0,0.0,0.0,0.0,0.0,0.0
4,2,0.18353172,0.0,0.8164683,0.0,0.0,0.0,0.0,0.0,0.0
4,2,0.18353172,0.0,0.8164683,0.0,0.0,0.0,0.0,0.0,0.0
4,2,0.12719533,0.0,0.8728047,0.0,0.0,0.0,0.0,0.0,0.0
4,2,0.12719533,0.0,0.8728047,0.0,0.0,0.0,0.0,0.0,0.0
4,2,0.12719533,0.0,0.8728047,0.0,0.0,0.0,0.0,0.0,0.0
4,2,0.12719533,0.0,0.8728047,0.0,0.0,0.0,0.0,0.0,0.0
4,2,0.12719533,0.0,0.8728047,0.0,0.0,0.0,0.0,0.0,0.0
4,2,0.12719533,0.0,0.8728047,0.0,0.0,0.0,0.0,0.0,0.0
4,2,0.12719533,0.0,0.8728047,0.0,0.0,0.0,0.0,0.0,0.0
4,2,0.12719533,0.0,0.8728047,0.0,0.0,0.0,0.0,0.0,0.0
4,2,0.12719533,0.0,0.8728047,0.0,0.0,0.0,0.0,0.0,0.0
4,2,0.12719533,0.0,0.8728047,0.0,0.0,0.0,0.0,0.0,0.0
4,2,0.12719533,0.0,0.8728047,0.0,0.0,0.0,0.0,0.0,0.0
4,2,0.12719533,0.0,0.8728047,0.0,0.0,0.0,0.0,0.0,0.0
4,2,0.12719533,0.0,0.8728047,0.0,0.0,0.0,0.0,0.0,0.0
4,2,0.12719533,0.0,0.8728047,0.0,0.0,0.0,0.0,0.0,0.0
4,2,0.12719533,0.0,0.8728047,0.0,0.0,0.0,0.0,0.0,0.0
4,2,0.12719533,0.0,0.8728047,0.0,0.0,0.0,0.0,0.0,0.0
4,2,0.12719533,0.0,0.8728047,0.0,0.0,0.0,0.0,0.0,0.0
4,2,0.12719533,0.0,0.8728047,0.0,0.0,0.0,0.0,0.0,0.0
4,2,0.12719533,0.0,0.8728047,0.0,0.0,0.0,0.0,0.0,0.0
4,2,0.12719533,0.0,0.8728047,0.0,0.0,0.0,0.0,0.0,0.0
4,2,0.12719533,0.0,0.8728047,0.0,0.0,0.0,0.0,0.0,0.0
4,2,0.12719533,0.0,0.8728047,0.0,0.0,0.0,0.0,0.0,0.0
4,2,0.12719533,0.0,0.8728047,0.0,0.0,0.0,0.0,0.0,0.0
4,2,0.12719533,0.0,0.8728047,0.0,0.0,0.0,0.0,0.0,0.0
4,2,0.12719533,0.0,0.8728047,0.0,0.0,0.0,0.0,0.0,0.0
4,2,0.12719533,0.0,0.8728047,0.0,0.0,0.0,0.0,0.0,0.0
4,2,0.12719533,0.0,0.8728047,0.0,0.0,0.0,0.0,0.0,0.0
4,2,0.12719533,0.0,0.8728047,0.0,0.0,0.0,0.0,0.0,0.0
4,2,0.12719533,0.0,0.8728047,0.0,0.0,0.0,0.0,0.0,0.0
4,2,0.12719533,0.0,0.8728047,0.0,0.0,0.0,0.0,0.0,0.0
4,2,0.12719533,0.0,0.8728047,0.0,0.0,0.0,0.0,0.0,0.0
4,2,0.12719533,0.0,0.8728047,0.0,0.0,0.0,0.0,0.0,0.0
4,2,0.12719533,0.0,0.8728047,0.0,0.0,0.0,0.0,0.0,0.0
4,2,0.12719533,0.0,0.8728047,0.0,0.0,0.0,0.0,0.0,0.0
4,2,0.12719533,0.0,0.8728047,0.0,0.0,0.0,0.0,0.0,0.0
4,2,0.12719533,0.0,0.8728047,0.0,0.0,0.0,0.0,0.0,0.0
4,2,0.12719533,0.0,0.8728047,0.0,0.0,0.0,0.0,0.0,0.0
4,2,0.12719533,0.0,0.8728047,0.0,0.0,0.0,0.0,0.0,0.0
4,2,0.12719533,0.0,0.8728047,0.0,0.0,0.0,0.0,0.0,0.0
4,2,0.12719533,0.0,0.8728047,0.0,0.0,0.0,0.0,0.0,0.0
4,2,0.12719533,0.0,0.8728047,0.0,0.0,0.0,0.0,0.0,0.0
4,2,0.12719533,0.0,0.8728047,0.0,0.0,0.0,0.0,0.0,0.0
4,2,0.12719533,0.0,0.8728047,0.0,0.0,0.0,0.0,0.0,0.0
4,2,0.12719533,0.0,0.8728047,0.0,0.0,0.0,0.0,0.0,0.0
4,2,0.12719533,0.0,0.8728047,0.0,0.0,0.0,0.0,0.0,0.0
4,2,0.12719533,0.0,0.8728047,0.0,0.0,0.0,0.0,0.0,0.0
4,2,0.12719533,0.0,0.8728047,0.0,0.0,0.0,0.0,0.0,0.0
4,2,0.12719533,0.0,0.8728047,0.0,0.0,0.0,0.0,0.0,0.0
4,2,0.12719533,0.0,0.8728047,0.0,0.0,0.0,0.0,0.0,0.0
4,2,0.12719533,0.0,0.8728047,0.0,0.0,0.0,0.0,0.0,0.0
4,2,0.12719533,0.0,0.8728047,0.0,0.0,0.0,0.0,0.0,0.0
4,2,0.12719533,0.0,0.8728047,0.0,0.0,0.0,0.0,0.0,0.0
4,2,0.12719533,0.0,0.8728047,0.0,0.0,0.0,0.0,0.0,0.0
4,2,0.12719533,0.0,0.8728047,0.0,0.0,0.0,0.0,0.0,0.0
4,2,0.12719533,0.0,0.8728047,0.0,0.0,0.0,0.0,0.0,0.0
4,2,0.12719533,0.0,0.8728047,0.0,0.0,0.0,0.0,0.0,0.0
4,2,0.12719533,0.0,0.8728047,0.0,0.0,0.0,0.0,0.0,0.0
4,2,0.12719533,0.0,0.8728047,0.0,0.0,0.0,0.0,0.0,0.0
4,2,0.12719533,0.0,0.8728047,0.0,0.0,0.0,0.0,0.0,0.0
4,2,0.12719533,0.0,0.8728047,0.0,0.0,0.0,0.0,0.0,0.0
4,2,0.12719533,0.0,0.8728047,0.0,0.0,0.0,0.0,0.0,0.0
4,2,0.12719533,0.0,0.8728047,0.0,0.0,0.0,0.0,0.0,0.0
4,2,0.12719533,0.0,0.8728047,0.0,0.0,0.0,0.0,0.0,0.0
4,2,0.12719533,0.0,0.8728047,0.0,0.0,0.0,0.0,0.0,0.0
4,2,0.12719533,0.0,0.8728047,0.0,0.0,0.0,0.0,0.0,0.0
4,2,0.12719533,0.0,0.8728047,0.0,0.0,0.0,0.0,0.0,0.0
4,2,0.12719533,0.0,0.8728047,0.0,0.0,0.0,0.0,0.0,0.0
4,2,0.12719533,0.0,0.8728047,0.0,0.0,0.0,0.0,0.0,0.0
4,2,0.12719533,0.0,0.8728047,0.0,0.0,0.0,0.0,0.0,0.0
4,2,0.12719533,0.0,0.8728047,0.0,0.0,0.0,0.0,0.0,0.0
4,2,0.12719533,0.0,0.8728047,0.0,0.0,0.0,0.0,0.0,0.0
4,2,0.12719533,0.0,0.8728047,0.0,0.0,0.0,0.0,0.0,0.0
4,2,0.12719533,0.0,0.8728047,0.0,0.0,0.0,0.0,0.0,0.0
4,2,0.12719533,0.0,0.8728047,0.0,0.0,0.0,0.0,0.0,0.0
4,2,0.12719533,0.0,0.8728047,0.0,0.0,0.0,0.0,0.0,0.0
4,2,0.12719533,0.0,0.8728047,0.0,0.0,0.0,0.0,0.0,0.0
4,2,0.12719533,0.0,0.8728047,0.0,0.0,0.0,0.0,0.0,0.0
4,2,0.12719533,0.0,0.8728047,0.0,0.0,0.0,0.0,0.0,0.0
4,2,0.12719533,0.0,0.8728047,0.0,0.0,0.0,0.0,0.0,0.0
4,2,0.12719533,0.0,0.8728047,0.0,0.0,0.0,0.0,0.0,0.0
4,2,0.12719533,0.0,0.8728047,0.0,0.0,0.0,0.0,0.0,0.0
4,2,0.12719533,0.0,0.8728047,0.0,0.0,0.0,0.0,0.0,0.0
4,2,0.12719533,0.0,0.8728047,0.0,0.0,0.0,0.0,0.0,0.0
4,2,0.12719533,0.0,0.8728047,0.0,0.0,0.0,0.0,0.0,0.0
4,2,0.12719533,0.0,0.8728047,0.0,0.0,0.0,0.0,0.0,0.0
4,2,0.12719533,0.0,0.8728047,0.0,0.0,0.0,0.0,0.0,0.0
4,2,0.12719533,0.0,0.8728047,0.0,0.0,0.0,0.0,0.0,0.0
4,2,0.12719533,0.0,0.8728047,0.0,0.0,0.0,0.0,0.0,0.0
4,2,0.12719533,0.0,0.8728047,0.0,0.0,0.0,0.0,0.0,0.0
4,2,0.12719533,0.0,0.8728047,0.0,0.0,0.0,0.0,0.0,0.0
4,2,0.12719533,0.0,0.8728047,0.0,0.0,0.0,0.0,0.0,0.0
4,2,0.19828676,0.0,0.8017133,0.0,0.0,0.0,0.0,0.0,0.0
4,2,0.19828676,0.0,0.8017133,0.0,0.0,0.0,0.0,0.0,0.0
4,2,0.19828676,0.0,0.8017133,0.0,0.0,0.0,0.0,0.0,0.0
4,2,0.19828676,0.0,0.8017133,0.0,0.0,0.0,0.0,0.0,0.0
4,2,0.19828676,0.0,0.8017133,0.0,0.0,0.0,0.0,0.0,0.0
4,2,0.13357148,0.0,0.86642855,0.0,0.0,0.0,0.0,0.0,0.0
4,2,0.13357148,0.0,0.86642855,0.0,0.0,0.0,0.0,0.0,0.0
4,2,0.13357148,0.0,0.86642855,0.0,0.0,0.0,0.0,0.0,0.0
4,2,0.13357148,0.0,0.86642855,0.0,0.0,0.0,0.0,0.0,0.0
4,2,0.13357148,0.0,0.86642855,0.0,0.0,0.0,0.0,0.0,0.0
4,2,0.13357148,0.0,0.86642855,0.0,0.0,0.0,0.0,0.0,0.0
4,2,0.13357148,0.0,0.86642855,0.0,0.0,0.0,0.0,0.0,0.0
4,2,0.13357148,0.0,0.86642855,0.0,0.0,0.0,0.0,0.0,0.0
4,2,0.13357148,0.0,0.86642855,0.0,0.0,0.0,0.0,0.0,0.0
4,2,0.13357148,0.0,0.86642855,0.0,0.0,0.0,0.0,0.0,0.0
4,2,0.13357148,0.0,0.86642855,0.0,0.0,0.0,0.0,0.0,0.0
4,2,0.13357148,0.0,0.86642855,0.0,0.0,0.0,0.0,0.0,0.0
4,2,0.13357148,0.0,0.86642855,0.0,0.0,0.0,0.0,0.0,0.0
4,2,0.13357148,0.0,0.86642855,0.0,0.0,0.0,0.0,0.0,0.0
4,2,0.13357148,0.0,0.86642855,0.0,0.0,0.0,0.0,0.0,0.0
4,2,0.13357148,0.0,0.86642855,0.0,0.0,0.0,0.0,0.0,0.0
4,2,0.13357148,0.0,0.86642855,0.0,0.0,0.0,0.0,0.0,0.0
4,2,0.13357148,0.0,0.86642855,0.0,0.0,0.0,0.0,0.0,0.0
4,2,0.13357148,0.0,0.86642855,0.0,0.0,0.0,0.0,0.0,0.0
4,2,0.13357148,0.0,0.86642855,0.0,0.0,0.0,0.0,0.0,0.0
4,2,0.13357148,0.0,0.86642855,0.0,0.0,0.0,0.0,0.0,0.0
4,2,0.13357148,0.0,0.86642855,0.0,0.0,0.0,0.0,0.0,0.0
4,2,0.13357148,0.0,0.86642855,0.0,0.0,0.0,0.0,0.0,0.0
4,2,0.13357148,0.0,0.86642855,0.0,0.0,0.0,0.0,0.0,0.0
4,2,0.18990785,0.0,0.81009215,0.0,0.0,0.0,0.0,0.0,0.0
4,2,0.18990785,0.0,0.81009215,0.0,0.0,0.0,0.0,0.0,0.0
4,2,0.18990785,0.0,0.81009215,0.0,0.0,0.0,0.0,0.0,0.0
4,2,0.18990785,0.0,0.81009215,0.0,0.0,0.0,0.0,0.0,0.0
4,2,0.18990785,0.0,0.81009215,0.0,0.0,0.0,0.0,0.0,0.0
4,2,0.18990785,0.0,0.81009215,0.0,0.0,0.0,0.0,0.0,0.0
4,2,0.18990785,0.0,0.81009215,0.0,0.0,0.0,0.0,0.0,0.0
4,2,0.18990785,0.0,0.81009215,0.0,0.0,0.0,0.0,0.0,0.0
4,2,0.18990785,0.0,0.81009215,0.0,0.0,0.0,0.0,0.0,0.0
4,2,0.18990785,0.0,0.81009215,0.0,0.0,0.0,0.0,0.0,0.0
4,2,0.18990785,0.0,0.81009215,0.0,0.0,0.0,0.0,0.0,0.0
4,2,0.18990785,0.0,0.81009215,0.0,0.0,0.0,0.0,0.0,0.0
4,2,0.18990785,0.0,0.81009215,0.0,0.0,0.0,0.0,0.0,0.0
4,2,0.18990785,0.0,0.81009215,0.0,0.0,0.0,0.0,0.0,0.0
4,2,0.18990785,0.0,0.81009215,0.0,0.0,0.0,0.0,0.0,0.0
4,2,0.18990785,0.0,0.81009215,0.0,0.0,0.0,0.0,0.0,0.0
4,2,0.18990785,0.0,0.81009215,0.0,0.0,0.0,0.0,0.0,0.0
4,2,0.18990785,0.0,0.81009215,0.0,0.0,0.0,0.0,0.0,0.0
4,2,0.18990785,0.0,0.81009215,0.0,0.0,0.0,0.0,0.0,0.0
4,2,0.18990785,0.0,0.81009215,0.0,0.0,0.0,0.0,0.0,0.0
4,2,0.18990785,0.0,0.81009215,0.0,0.0,0.0,0.0,0.0,0.0
4,2,0.18990785,0.0,0.81009215,0.0,0.0,0.0,0.0,0.0,0.0
4,2,0.18990785,0.0,0.81009215,0.0,0.0,0.0,0.0,0.0,0.0
4,2,0.18990785,0.0,0.81009215,0.0,0.0,0.0,0.0,0.0,0.0
4,2,0.18990785,0.0,0.81009215,0.0,0.0,0.0,0.0,0.0,0.0
4,2,0.18990785,0.0,0.81009215,0.0,0.0,0.0,0.0,0.0,0.0
4,2,0.18990785,0.0,0.81009215,0.0,0.0,0.0,0.0,0.0,0.0
4,2,0.18990785,0.0,0.81009215,0.0,0.0,0.0,0.0,0.0,0.0
4,2,0.18990785,0.0,0.81009215,0.0,0.0,0.0,0.0,0.0,0.0
4,2,0.18990785,0.0,0.81009215,0.0,0.0,0.0,0.0,0.0,0.0
4,2,0.18990785,0.0,0.81009215,0.0,0.0,0.0,0.0,0.0,0.0
4,2,0.18990785,0.0,0.81009215,0.0,0.0,0.0,0.0,0.0,0.0
4,2,0.18990785,0.0,0.81009215,0.0,0.0,0.0,0.0,0.0,0.0
4,2,0.18990785,0.0,0.81009215,0.0,0.0,0.0,0.0,0.0,0.0
4,2,0.18990785,0.0,0.81009215,0.0,0.0,0.0,0.0,0.0,0.0
4,2,0.18990785,0.0,0.81009215,0.0,0.0,0.0,0.0,0.0,0.0
4,2,0.18990785,0.0,0.81009215,0.0,0.0,0.0,0.0,0.0,0.0
4,2,0.18990785,0.0,0.81009215,0.0,0.0,0.0,0.0,0.0,0.0
4,2,0.18990785,0.0,0.81009215,0.0,0.0,0.0,0.0,0.0,0.0
4,2,0.18990785,0.0,0.81009215,0.0,0.0,0.0,0.0,0.0,0.0
4,2,0.18990785,0.0,0.81009215,0.0,0.0,0.0,0.0,0.0,0.0
4,2,0.18990785,0.0,0.81009215,0.0,0.0,0.0,0.0,0.0,0.0
4,2,0.26269168,0.0,0.7373083,0.0,0.0,0.0,0.0,0.0,0.0
4,2,0.26269168,0.0,0.7373083,0.0,0.0,0.0,0.0,0.0,0.0
4,2,0.26269168,0.0,0.7373083,0.0,0.0,0.0,0.0,0.0,0.0
4,2,0.26269168,0.0,0.7373083,0.0,0.0,0.0,0.0,0.0,0.0
4,2,0.26269168,0.0,0.7373083,0.0,0.0,0.0,0.0,0.0,0.0
4,2,0.26269168,0.0,0.7373083,0.0,0.0,0.0,0.0,0.0,0.0
4,2,0.26269168,0.0,0.7373083,0.0,0.0,0.0,0.0,0.0,0.0
4,2,0.26269168,0.0,0.7373083,0.0,0.0,0.0,0.0,0.0,0.0
4,2,0.26269168,0.0,0.7373083,0.0,0.0,0.0,0.0,0.0,0.0
4,2,0.26269168,0.0,0.7373083,0.0,0.0,0.0,0.0,0.0,0.0
4,2,0.26269168,0.0,0.7373083,0.0,0.0,0.0,0.0,0.0,0.0
4,2,0.26269168,0.0,0.7373083,0.0,0.0,0.0,0.0,0.0,0.0
4,2,0.26269168,0.0,0.7373083,0.0,0.0,0.0,0.0,0.0,0.0
4,2,0.26269168,0.0,0.7373083,0.0,0.0,0.0,0.0,0.0,0.0
4,2,0.26269168,0.0,0.7373083,0.0,0.0,0.0,0.0,0.0,0.0
4,2,0.26269168,0.0,0.7373083,0.0,0.0,0.0,0.0,0.0,0.0
4,2,0.26269168,0.0,0.7373083,0.0,0.0,0.0,0.0,0.0,0.0
4,2,0.26269168,0.0,0.7373083,0.0,0.0,0.0,0.0,0.0,0.0
4,2,0.26269168,0.0,0.7373083,0.0,0.0,0.0,0.0,0.0,0.0
4,2,0.26269168,0.0,0.7373083,0.0,0.0,0.0,0.0,0.0,0.0
4,2,0.26269168,0.0,0.7373083,0.0,0.0,0.0,0.0,0.0,0.0
4,2,0.26269168,0.0,0.7373083,0.0,0.0,0.0,0.0,0.0,0.0
4,2,0.26269168,0.0,0.7373083,0.0,0.0,0.0,0.0,0.0,0.0
4,2,0.26269168,0.0,0.7373083,0.0,0.0,0.0,0.0,0.0,0.0
4,2,0.26269168,0.0,0.7373083,0.0,0.0,0.0,0.0,0.0,0.0
4,2,0.26269168,0.0,0.7373083,0.0,0.0,0.0,0.0,0.0,0.0
4,2,0.26269168,0.0,0.7373083,0.0,0.0,0.0,0.0,0.0,0.0
4,2,0.26269168,0.0,0.7373083,0.0,0.0,0.0,0.0,0.0,0.0
4,2,0.26269168,0.0,0.7373083,0.0,0.0,0.0,0.0,0.0,0.0
4,2,0.26269168,0.0,0.7373083,0.0,0.0,0.0,0.0,0.0,0.0
4,2,0.20021166,0.0,0.7373083,0.06248001,0.0,0.0,0.0,0.0,0.0
4,2,0.20021166,0.0,0.7373083,0.06248001,0.0,0.0,0.0,0.0,0.0
4,2,0.20021166,0.0,0.7373083,0.06248001,0.0,0.0,0.0,0.0,0.0
4,2,0.20021166,0.0,0.7373083,0.06248001,0.0,0.0,0.0,0.0,0.0
4,2,0.20021166,0.0,0.7373083,0.06248001,0.0,0.0,0.0,0.0,0.0
4,2,0.20021166,0.0,0.7373083,0.06248001,0.0,0.0,0.0,0.0,0.0
4,2,0.20021166,0.0,0.7373083,0.06248001,0.0,0.0,0.0,0.0,0.0
4,2,0.20021166,0.0,0.7373083,0.06248001,0.0,0.0,0.0,0.0,0.0
4,2,0.20021166,0.0,0.7373083,0.06248001,0.0,0.0,0.0,0.0,0.0
4,2,0.20021166,0.0,0.7373083,0.06248001,0.0,0.0,0.0,0.0,0.0
4,2,0.20021166,0.0,0.7373083,0.06248001,0.0,0.0,0.0,0.0,0.0
4,2,0.20021166,0.0,0.7373083,0.06248001,0.0,0.0,0.0,0.0,0.0
4,2,0.20021166,0.0,0.7373083,0.06248001,0.0,0.0,0.0,0.0,0.0
4,2,0.20021166,0.0,0.7373083,0.06248001,0.0,0.0,0.0,0.0,0.0
4,2,0.20021166,0.0,0.7373083,0.06248001,0.0,0.0,0.0,0.0,0.0
4,2,0.20021166,0.0,0.7373083,0.06248001,0.0,0.0,0.0,0.0,0.0
4,2,0.20021166,0.0,0.7373083,0.06248001,0.0,0.0,0.0,0.0,0.0
4,2,0.20021166,0.0,0.7373083,0.06248001,0.0,0.0,0.0,0.0,0.0
4,2,0.20021166,0.0,0.7373083,0.06248001,0.0,0.0,0.0,0.0,0.0
4,2,0.20021166,0.0,0.7373083,0.06248001,0.0,0.0,0.0,0.0,0.0
4,2,0.20021166,0.0,0.7373083,0.06248001,0.0,0.0,0.0,0.0,0.0
4,2,0.20021166,0.0,0.7373083,0.06248001,0.0,0.0,0.0,0.0,0.0
4,2,0.20021166,0.0,0.7373083,0.06248001,0.0,0.0,0.0,0.0,0.0
4,2,0.20021166,0.0,0.7373083,0.06248001,0.0,0.0,0.0,0.0,0.0
4,2,0.20021166,0.0,0.7373083,0.06248001,0.0,0.0,0.0,0.0,0.0
4,2,0.20021166,0.0,0.7373083,0.06248001,0.0,0.0,0.0,0.0,0.0
4,2,0.20021166,0.0,0.7373083,0.06248001,0.0,0.0,0.0,0.0,0.0
4,2,0.20021166,0.0,0.7373083,0.06248001,0.0,0.0,0.0,0.0,0.0
4,2,0.20021166,0.0,0.7373083,0.06248001,0.0,0.0,0.0,0.0,0.0
4,2,0.20021166,0.0,0.7373083,0.06248001,0.0,0.0,0.0,0.0,0.0
4,2,0.20021166,0.0,0.7373083,0.06248001,0.0,0.0,0.0,0.0,0.0
4,2,0.20021166,0.0,0.7373083,0.06248001,0.0,0.0,0.0,0.0,0.0
4,2,0.20021166,0.0,0.7373083,0.06248001,0.0,0.0,0.0,0.0,0.0
4,2,0.20021166,0.0,0.7373083,0.06248001,0.0,0.0,0.0,0.0,0.0
4,2,0.20021166,0.0,0.7373083,0.06248001,0.0,0.0,0.0,0.0,0.0
4,2,0.20021166,0.0,0.7373083,0.06248001,0.0,0.0,0.0,0.0,0.0
4,2,0.20021166,0.0,0.7373083,0.06248001,0.0,0.0,0.0,0.0,0.0
4,2,0.20021166,0.0,0.7373083,0.06248001,0.0,0.0,0.0,0.0,0.0
4,2,0.20021166,0.0,0.7373083,0.06248001,0.0,0.0,0.0,0.0,0.0
4,2,0.20021166,0.0,0.7373083,0.06248001,0.0,0.0,0.0,0.0,0.0
4,2,0.20021166,0.0,0.7373083,0.06248001,0.0,0.0,0.0,0.0,0.0
4,2,0.20021166,0.0,0.7373083,0.06248001,0.0,0.0,0.0,0.0,0.0
4,2,0.20021166,0.0,0.7373083,0.06248001,0.0,0.0,0.0,0.0,0.0
4,2,0.20021166,0.0,0.7373083,0.06248001,0.0,0.0,0.0,0.0,0.0
4,2,0.20021166,0.0,0.7373083,0.06248001,0.0,0.0,0.0,0.0,0.0
4,2,0.20021166,0.0,0.7373083,0.06248001,0.0,0.0,0.0,0.0,0.0
4,2,0.20021166,0.0,0.7373083,0.06248001,0.0,0.0,0.0,0.0,0.0
4,2,0.20021166,0.0,0.7373083,0.06248001,0.0,0.0,0.0,0.0,0.0
4,2,0.2591782,0.0,0.67834175,0.06248001,0.0,0.0,0.0,0.0,0.0
4,2,0.2591782,0.0,0.67834175,0.06248001,0.0,0.0,0.0,0.0,0.0
4,2,0.2591782,0.0,0.67834175,0.06248001,0.0,0.0,0.0,0.0,0.0
4,2,0.2591782,0.0,0.67834175,0.06248001,0.0,0.0,0.0,0.0,0.0
4,2,0.2591782,0.0,0.67834175,0.06248001,0.0,0.0,0.0,0.0,0.0
4,2,0.2591782,0.0,0.67834175,0.06248001,0.0,0.0,0.0,0.0,0.0
4,2,0.2591782,0.0,0.67834175,0.06248001,0.0,0.0,0.0,0.0,0.0
4,2,0.2591782,0.0,0.67834175,0.06248001,0.0,0.0,0.0,0.0,0.0
4,2,0.2591782,0.0,0.67834175,0.06248001,0.0,0.0,0.0,0.0,0.0
4,2,0.2591782,0.0,0.67834175,0.06248001,0.0,0.0,0.0,0.0,0.0
4,2,0.2591782,0.0,0.67834175,0.06248001,0.0,0.0,0.0,0.0,0.0
4,2,0.2591782,0.0,0.67834175,0.06248001,0.0,0.0,0.0,0.0,0.0
4,2,0.2591782,0.0,0.67834175,0.06248001,0.0,0.0,0.0,0.0,0.0
4,2,0.2591782,0.0,0.67834175,0.06248001,0.0,0.0,0.0,0.0,0.0
4,2,0.2591782,0.0,0.67834175,0.06248001,0.0,0.0,0.0,0.0,0.0
4,2,0.2591782,0.0,0.67834175,0.06248001,0.0,0.0,0.0,0.0,0.0
4,2,0.2591782,0.0,0.67834175,0.06248001,0.0,0.0,0.0,0.0,0.0
4,2,0.2591782,0.0,0.67834175,0.06248001,0.0,0.0,0.0,0.0,0.0
4,2,0.2591782,0.0,0.67834175,0.06248001,0.0,0.0,0.0,0.0,0.0
4,2,0.2591782,0.0,0.67834175,0.06248001,0.0,0.0,0.0,0.0,0.0
4,2,0.2591782,0.0,0.67834175,0.06248001,0.0,0.0,0.0,0.0,0.0
4,2,0.2591782,0.0,0.67834175,0.06248001,0.0,0.0,0.0,0.0,0.0
4,2,0.2591782,0.0,0.67834175,0.06248001,0.0,0.0,0.0,0.0,0.0
4,2,0.2591782,0.0,0.67834175,0.06248001,0.0,0.0,0.0,0.0,0.0
4,2,0.2591782,0.0,0.67834175,0.06248001,0.0,0.0,0.0,0.0,0.0
4,2,0.2591782,0.0,0.67834175,0.06248001,0.0,0.0,0.0,0.0,0.0
4,2,0.2591782,0.0,0.67834175,0.06248001,0.0,0.0,0.0,0.0,0.0
4,2,0.2591782,0.0,0.67834175,0.06248001,0.0,0.0,0.0,0.0,0.0
4,2,0.2591782,0.0,0.67834175,0.06248001,0.0,0.0,0.0,0.0,0.0
4,2,0.2591782,0.0,0.67834175,0.06248001,0.0,0.0,0.0,0.0,0.0
4,2,0.2591782,0.0,0.67834175,0.06248001,0.0,0.0,0.0,0.0,0.0
4,2,0.2591782,0.0,0.67834175,0.06248001,0.0,0.0,0.0,0.0,0.0
4,2,0.2591782,0.0,0.67834175,0.06248001,0.0,0.0,0.0,0.0,0.0
4,2,0.2591782,0.0,0.67834175,0.06248001,0.0,0.0,0.0,0.0,0.0
4,2,0.2591782,0.0,0.67834175,0.06248001,0.0,0.0,0.0,0.0,0.0
4,2,0.2591782,0.0,0.67834175,0.06248001,0.0,0.0,0.0,0.0,0.0
4,2,0.2591782,0.0,0.67834175,0.06248001,0.0,0.0,0.0,0.0,0.0
4,2,0.2591782,0.0,0.67834175,0.06248001,0.0,0.0,0.0,0.0,0.0
4,2,0.2591782,0.0,0.67834175,0.06248001,0.0,0.0,0.0,0.0,0.0
4,2,0.2591782,0.0,0.67834175,0.06248001,0.0,0.0,0.0,0.0,0.0
4,2,0.2591782,0.0,0.67834175,0.06248001,0.0,0.0,0.0,0.0,0.0
4,2,0.2591782,0.0,0.67834175,0.06248001,0.0,0.0,0.0,0.0,0.0
4,2,0.2591782,0.0,0.67834175,0.06248001,0.0,0.0,0.0,0.0,0.0
4,2,0.2591782,0.0,0.67834175,0.06248001,0.0,0.0,0.0,0.0,0.0
4,2,0.2591782,0.0,0.67834175,0.06248001,0.0,0.0,0.0,0.0,0.0
4,2,0.2591782,0.0,0.67834175,0.06248001,0.0,0.0,0.0,0.0,0.0
4,2,0.2591782,0.0,0.67834175,0.06248001,0.0,0.0,0.0,0.0,0.0
4,2,0.2591782,0.0,0.67834175,0.06248001,0.0,0.0,0.0,0.0,0.0
4,2,0.2591782,0.0,0.67834175,0.06248001,0.0,0.0,0.0,0.0,0.0
4,2,0.2591782,0.0,0.67834175,0.06248001,0.0,0.0,0.0,0.0,0.0
4,2,0.2591782,0.0,0.67834175,0.06248001,0.0,0.0,0.0,0.0,0.0
4,2,0.2591782,0.0,0.67834175,0.06248001,0.0,0.0,0.0,0.0,0.0
4,2,0.2591782,0.0,0.67834175,0.06248001,0.0,0.0,0.0,0.0,0.0
4,2,0.2591782,0.0,0.67834175,0.06248001,0.0,0.0,0.0,0.0,0.0
4,2,0.2591782,0.0,0.67834175,0.06248001,0.0,0.0,0.0,0.0,0.0
4,2,0.2591782,0.0,0.67834175,0.06248001,0.0,0.0,0.0,0.0,0.0
4,2,0.2591782,0.0,0.67834175,0.06248001,0.0,0.0,0.0,0.0,0.0
4,2,0.2591782,0.0,0.67834175,0.06248001,0.0,0.0,0.0,0.0,0.0
4,2,0.2591782,0.0,0.67834175,0.06248001,0.0,0.0,0.0,0.0,0.0
4,2,0.2591782,0.0,0.67834175,0.06248001,0.0,0.0,0.0,0.0,0.0
4,2,0.2591782,0.0,0.67834175,0.06248001,0.0,0.0,0.0,0.0,0.0
4,2,0.2591782,0.0,0.67834175,0.06248001,0.0,0.0,0.0,0.0,0.0
4,2,0.2591782,0.0,0.67834175,0.06248001,0.0,0.0,0.0,0.0,0.0
4,2,0.2591782,0.0,0.67834175,0.06248001,0.0,0.0,0.0,0.0,0.0
4,2,0.2591782,0.0,0.67834175,0.06248001,0.0,0.0,0.0,0.0,0.0
4,2,0.2591782,0.0,0.67834175,0.06248001,0.0,0.0,0.0,0.0,0.0
4,2,0.2591782,0.0,0.67834175,0.06248001,0.0,0.0,0.0,0.0,0.0
4,2,0.2591782,0.0,0.67834175,0.06248001,0.0,0.0,0.0,0.0,0.0
4,2,0.2591782,0.0,0.67834175,0.06248001,0.0,0.0,0.0,0.0,0.0
4,2,0.2591782,0.0,0.67834175,0.06248001,0.0,0.0,0.0,0.0,0.0
4,2,0.2591782,0.0,0.67834175,0.06248001,0.0,0.0,0.0,0.0,0.0
4,2,0.2591782,0.0,0.67834175,0.06248001,0.0,0.0,0.0,0.0,0.0
4,2,0.2591782,0.0,0.67834175,0.06248001,0.0,0.0,0.0,0.0,0.0
4,2,0.2591782,0.0,0.67834175,0.06248001,0.0,0.0,0.0,0.0,0.0
4,2,0.2591782,0.0,0.67834175,0.06248001,0.0,0.0,0.0,0.0,0.0
4,2,0.2591782,0.0,0.67834175,0.06248001,0.0,0.0,0.0,0.0,0.0
4,2,0.2591782,0.0,0.67834175,0.06248001,0.0,0.0,0.0,0.0,0.0
4,2,0.2591782,0.0,0.67834175,0.06248001,0.0,0.0,0.0,0.0,0.0
4,2,0.2591782,0.0,0.67834175,0.06248001,0.0,0.0,0.0,0.0,0.0
4,2,0.2591782,0.0,0.67834175,0.06248001,0.0,0.0,0.0,0.0,0.0
4,2,0.2591782,0.0,0.67834175,0.06248001,0.0,0.0,0.0,0.0,0.0
4,2,0.2591782,0.0,0.67834175,0.06248001,0.0,0.0,0.0,0.0,0.0
4,2,0.2591782,0.0,0.67834175,0.06248001,0.0,0.0,0.0,0.0,0.0
4,2,0.2591782,0.0,0.67834175,0.06248001,0.0,0.0,0.0,0.0,0.0
4,2,0.2591782,0.0,0.67834175,0.06248001,0.0,0.0,0.0,0.0,0.0
4,2,0.2591782,0.0,0.67834175,0.06248001,0.0,0.0,0.0,0.0,0.0
4,2,0.2591782,0.0,0.67834175,0.06248001,0.0,0.0,0.0,0.0,0.0
4,2,0.2591782,0.0,0.67834175,0.06248001,0.0,0.0,0.0,0.0,0.0
4,2,0.2591782,0.0,0.67834175,0.06248001,0.0,0.0,0.0,0.0,0.0
4,2,0.2591782,0.0,0.67834175,0.06248001,0.0,0.0,0.0,0.0,0.0
4,2,0.2591782,0.0,0.67834175,0.06248001,0.0,0.0,0.0,0.0,0.0
4,2,0.2591782,0.0,0.67834175,0.06248001,0.0,0.0,0.0,0.0,0.0
4,2,0.2591782,0.0,0.67834175,0.06248001,0.0,0.0,0.0,0.0,0.0
4,2,0.2591782,0.0,0.67834175,0.06248001,0.0,0.0,0.0,0.0,0.0
4,2,0.2591782,0.0,0.67834175,0.06248001,0.0,0.0,0.0,0.0,0.0
4,2,0.2591782,0.0,0.67834175,0.06248001,0.0,0.0,0.0,0.0,0.0
4,2,0.2591782,0.0,0.67834175,0.06248001,0.0,0.0,0.0,0.0,0.0
4,2,0.2591782,0.0,0.67834175,0.06248001,0.0,0.0,0.0,0.0,0.0
4,2,0.2591782,0.0,0.67834175,0.06248001,0.0,0.0,0.0,0.0,0.0
4,2,0.2591782,0.0,0.67834175,0.06248001,0.0,0.0,0.0,0.0,0.0
4,2,0.2591782,0.0,0.67834175,0.06248001,0.0,0.0,0.0,0.0,0.0
4,2,0.2591782,0.0,0.67834175,0.06248001,0.0,0.0,0.0,0.0,0.0
4,2,0.2591782,0.0,0.67834175,0.06248001,0.0,0.0,0.0,0.0,0.0
4,2,0.2591782,0.0,0.67834175,0.06248001,0.0,0.0,0.0,0.0,0.0
4,2,0.2591782,0.0,0.67834175,0.06248001,0.0,0.0,0.0,0.0,0.0
4,2,0.2591782,0.0,0.67834175,0.06248001,0.0,0.0,0.0,0.0,0.0
4,2,0.2591782,0.0,0.67834175,0.06248001,0.0,0.0,0.0,0.0,0.0
4,2,0.2591782,0.0,0.67834175,0.06248001,0.0,0.0,0.0,0.0,0.0
4,2,0.2591782,0.0,0.67834175,0.06248001,0.0,0.0,0.0,0.0,0.0
4,2,0.2591782,0.0,0.67834175,0.06248001,0.0,0.0,0.0,0.0,0.0
4,2,0.2591782,0.0,0.67834175,0.06248001,0.0,0.0,0.0,0.0,0.0
4,2,0.2591782,0.0,0.67834175,0.06248001,0.0,0.0,0.0,0.0,0.0
4,2,0.3216582,0.0,0.62243545,0.055906363,0.0,0.0,0.0,0.0,0.0
4,2,0.3216582,0.0,0.62243545,0.055906363,0.0,0.0,0.0,0.0,0.0
4,2,0.3216582,0.0,0.62243545,0.055906363,0.0,0.0,0.0,0.0,0.0
4,2,0.3216582,0.0,0.62243545,0.055906363,0.0,0.0,0.0,0.0,0.0
4,2,0.3216582,0.0,0.62243545,0.055906363,0.0,0.0,0.0,0.0,0.0
4,2,0.3216582,0.0,0.62243545,0.055906363,0.0,0.0,0.0,0.0,0.0
4,2,0.3216582,0.0,0.62243545,0.055906363,0.0,0.0,0.0,0.0,0.0
4,2,0.3216582,0.0,0.62243545,0.055906363,0.0,0.0,0.0,0.0,0.0
4,2,0.3216582,0.0,0.564678,0.113663815,0.0,0.0,0.0,0.0,0.0
4,2,0.3216582,0.0,0.564678,0.113663815,0.0,0.0,0.0,0.0,0.0
4,2,0.3216582,0.0,0.564678,0.113663815,0.0,0.0,0.0,0.0,0.0
4,2,0.3216582,0.0,0.564678,0.113663815,0.0,0.0,0.0,0.0,0.0
4,2,0.3216582,0.0,0.564678,0.113663815,0.0,0.0,0.0,0.0,0.0
4,2,0.3216582,0.0,0.564678,0.113663815,0.0,0.0,0.0,0.0,0.0
4,2,0.3216582,0.0,0.564678,0.113663815,0.0,0.0,0.0,0.0,0.0
4,2,0.3216582,0.0,0.564678,0.113663815,0.0,0.0,0.0,0.0,0.0
4,2,0.3216582,0.0,0.564678,0.113663815,0.0,0.0,0.0,0.0,0.0
4,2,0.3216582,0.0,0.564678,0.113663815,0.0,0.0,0.0,0.0,0.0
4,2,0.3216582,0.0,0.564678,0.113663815,0.0,0.0,0.0,0.0,0.0
4,2,0.3216582,0.0,0.564678,0.113663815,0.0,0.0,0.0,0.0,0.0
4,2,0.3216582,0.0,0.564678,0.113663815,0.0,0.0,0.0,0.0,0.0
4,2,0.3216582,0.0,0.564678,0.113663815,0.0,0.0,0.0,0.0,0.0
4,2,0.3216582,0.0,0.564678,0.113663815,0.0,0.0,0.0,0.0,0.0
4,2,0.3216582,0.0,0.564678,0.113663815,0.0,0.0,0.0,0.0,0.0
4,2,0.3216582,0.0,0.564678,0.113663815,0.0,0.0,0.0,0.0,0.0
4,2,0.3216582,0.0,0.564678,0.113663815,0.0,0.0,0.0,0.0,0.0
4,2,0.3216582,0.0,0.564678,0.113663815,0.0,0.0,0.0,0.0,0.0
4,2,0.3216582,0.0,0.564678,0.113663815,0.0,0.0,0.0,0.0,0.0
5,2,0.3216582,0.0,0.564678,0.113663815,0.0,0.0,0.0,0.0,0.0
5,2,0.3216582,0.0,0.564678,0.113663815,0.0,0.0,0.0,0.0,0.0
5,2,0.3908359,0.0,0.49550024,0.11366381,0.0,0.0,0.0,0.0,0.0
5,2,0.3908359,0.0,0.49550024,0.11366381,0.0,0.0,0.0,0.0,0.0
5,2,0.32835594,0.0,0.37267992,0.29896414,0.0,0.0,0.0,0.0,0.0
5,2,0.40191835,0.0,0.2991175,0.29896414,0.0,0.0,0.0,0.0,0.0
5,2,0.40191835,0.0,0.2991175,0.29896414,0.0,0.0,0.0,0.0,0.0
5,2,0.40191835,0.0,0.2991175,0.29896414,0.0,0.0,0.0,0.0,0.0
5,2,0.40191835,0.0,0.2991175,0.29896414,0.0,0.0,0.0,0.0,0.0
5,2,0.40191835,0.0,0.2991175,0.29896414,0.0,0.0,0.0,0.0,0.0
5,2,0.40191835,0.0,0.2991175,0.29896414,0.0,0.0,0.0,0.0,0.0
5,2,0.40191835,0.0,0.2991175,0.29896414,0.0,0.0,0.0,0.0,0.0
5,2,0.40191835,0.0,0.2991175,0.29896414,0.0,0.0,0.0,0.0,0.0
5,2,0.40191835,0.0,0.2991175,0.29896414,0.0,0.0,0.0,0.0,0.0
5,2,0.40191835,0.0,0.2991175,0.29896414,0.0,0.0,0.0,0.0,0.0
5,2,0.40191835,0.0,0.2991175,0.29896414,0.0,0.0,0.0,0.0,0.0
5,2,0.40191835,0.0,0.2991175,0.29896414,0.0,0.0,0.0,0.0,0.0
5,2,0.40191835,0.0,0.2991175,0.29896414,0.0,0.0,0.0,0.0,0.0
5,2,0.40191835,0.0,0.2991175,0.29896414,0.0,0.0,0.0,0.0,0.0
5,2,0.40191835,0.0,0.2991175,0.29896414,0.0,0.0,0.0,0.0,0.0
5,2,0.40191835,0.0,0.23249006,0.3655916,0.0,0.0,0.0,0.0,0.0
5,2,0.40191835,0.0,0.23249006,0.3655916,0.0,0.0,0.0,0.0,0.0
5,3,0.40191835,0.0,0.17681858,0.42126307,0.0,0.0,0.0,0.0,0.0
5,3,0.40191835,0.0,0.17681858,0.42126307,0.0,0.0,0.0,0.0,0.0
5,3,0.40191835,0.0,0.17681858,0.42126307,0.0,0.0,0.0,0.0,0.0
5,3,0.40191835,0.0,0.17681858,0.42126307,0.0,0.0,0.0,0.0,0.0
5,3,0.40191835,0.0,0.17681858,0.42126307,0.0,0.0,0.0,0.0,0.0
5,3,0.40191835,0.0,0.17681858,0.42126307,0.0,0.0,0.0,0.0,0.0
5,3,0.40191835,0.0,0.17681858,0.42126307,0.0,0.0,0.0,0.0,0.0
5,3,0.40191835,0.0,0.17681858,0.42126307,0.0,0.0,0.0,0.0,0.0
5,3,0.40191835,0.0,0.17681858,0.42126307,0.0,0.0,0.0,0.0,0.0
5,3,0.40191835,0.0,0.17681858,0.42126307,0.0,0.0,0.0,0.0,0.0
5,3,0.40191835,0.0,0.17681858,0.42126307,0.0,0.0,0.0,0.0,0.0
5,3,0.40191835,0.0,0.17681858,0.42126307,0.0,0.0,0.0,0.0,0.0
5,3,0.40191835,0.0,0.17681858,0.42126307,0.0,0.0,0.0,0.0,0.0
5,3,0.40191835,0.0,0.17681858,0.42126307,0.0,0.0,0.0,0.0,0.0
5,3,0.40191832,0.0,0.11445301,0.48362863,0.0,0.0,0.0,0.0,0.0
5,3,0.40191832,0.0,0.11445301,0.48362863,0.0,0.0,0.0,0.0,0.0
5,3,0.40191832,0.0,0.11445301,0.48362863,0.0,0.0,0.0,0.0,0.0
5,3,0.32913455,0.0,0.11445301,0.55641246,0.0,0.0,0.0,0.0,0.0
5,3,0.32913455,0.0,0.11445301,0.55641246,0.0,0.0,0.0,0.0,0.0
5,3,0.32913455,0.0,0.11445301,0.55641246,0.0,0.0,0.0,0.0,0.0
5,3,0.32913455,0.0,0.11445301,0.55641246,0.0,0.0,0.0,0.0,0.0
5,3,0.32913455,0.0,0.11445301,0.55641246,0.0,0.0,0.0,0.0,0.0
5,3,0.32913455,0.0,0.11445301,0.55641246,0.0,0.0,0.0,0.0,0.0
5,3,0.32913455,0.0,0.11445301,0.55641246,0.0,0.0,0.0,0.0,0.0
5,3,0.32913455,0.0,0.11445301,0.55641246,0.0,0.0,0.0,0.0,0.0
5,3,0.32913455,0.0,0.11445301,0.55641246,0.0,0.0,0.0,0.0,0.0
5,3,0.32913455,0.0,0.11445301,0.55641246,0.0,0.0,0.0,0.0,0.0
5,3,0.32913455,0.0,0.11445301,0.55641246,0.0,0.0,0.0,0.0,0.0
5,3,0.32913455,0.0,0.11445301,0.55641246,0.0,0.0,0.0,0.0,0.0
5,3,0.32913455,0.0,0.11445301,0.55641246,0.0,0.0,0.0,0.0,0.0
5,3,0.32913455,0.0,0.11445301,0.55641246,0.0,0.0,0.0,0.0,0.0
5,3,0.32913455,0.0,0.11445301,0.55641246,0.0,0.0,0.0,0.0,0.0
5,3,0.32913455,0.0,0.11445301,0.55641246,0.0,0.0,0.0,0.0,0.0
5,3,0.32913455,0.0,0.11445301,0.55641246,0.0,0.0,0.0,0.0,0.0
5,3,0.2555721,0.0,0.11445301,0.62997484,0.0,0.0,0.0,0.0,0.0
5,3,0.2555721,0.0,0.11445301,0.62997484,0.0,0.0,0.0,0.0,0.0
5,3,0.2555721,0.0,0.11445301,0.62997484,0.0,0.0,0.0,0.0,0.0
5,3,0.2555721,0.0,0.11445301,0.62997484,0.0,0.0,0.0,0.0,0.0
5,3,0.2555721,0.0,0.11445301,0.62997484,0.0,0.0,0.0,0.0,0.0
5,3,0.2555721,0.0,0.11445301,0.62997484,0.0,0.0,0.0,0.0,0.0
5,3,0.2555721,0.0,0.11445301,0.62997484,0.0,0.0,0.0,0.0,0.0
5,3,0.2555721,0.0,0.11445301,0.62997484,0.0,0.0,0.0,0.0,0.0
5,3,0.2555721,0.0,0.11445301,0.62997484,0.0,0.0,0.0,0.0,0.0
5,3,0.2555721,0.0,0.11445301,0.62997484,0.0,0.0,0.0,0.0,0.0
5,3,0.2555721,0.0,0.11445301,0.62997484,0.0,0.0,0.0,0.0,0.0
5,3,0.2555721,0.0,0.11445301,0.62997484,0.0,0.0,0.0,0.0,0.0
5,3,0.30613002,0.0,0.055283688,0.63858634,0.0,0.0,0.0,0.0,0.0
5,3,0.30613002,0.0,0.055283688,0.63858634,0.0,0.0,0.0,0.0,0.0
5,3,0.30613002,0.0,0.055283688,0.63858634,0.0,0.0,0.0,0.0,0.0
5,3,0.30613002,0.0,0.055283688,0.63858634,0.0,0.0,0.0,0.0,0.0
5,3,0.30613002,0.0,0.055283688,0.63858634,0.0,0.0,0.0,0.0,0.0
5,3,0.30613002,0.0,0.055283688,0.63858634,0.0,0.0,0.0,0.0,0.0
5,3,0.30613002,0.0,0.055283688,0.63858634,0.0,0.0,0.0,0.0,0.0
5,3,0.30613002,0.0,0.055283688,0.63858634,0.0,0.0,0.0,0.0,0.0
5,3,0.30613002,0.0,0.055283688,0.63858634,0.0,0.0,0.0,0.0,0.0
5,3,0.30613002,0.0,0.055283688,0.63858634,0.0,0.0,0.0,0.0,0.0
5,3,0.30613002,0.0,0.055283688,0.63858634,0.0,0.0,0.0,0.0,0.0
5,3,0.30613002,0.0,0.055283688,0.63858634,0.0,0.0,0.0,0.0,0.0
5,3,0.30613002,0.0,0.055283688,0.63858634,0.0,0.0,0.0,0.0,0.0
5,3,0.30613002,0.0,0.055283688,0.63858634,0.0,0.0,0.0,0.0,0.0
5,3,0.30613002,0.0,0.055283688,0.63858634,0.0,0.0,0.0,0.0,0.0
5,3,0.30613002,0.0,0.055283688,0.63858634,0.0,0.0,0.0,0.0,0.0
5,3,0.30613002,0.0,0.055283688,0.63858634,0.0,0.0,0.0,0.0,0.0
5,3,0.30613002,0.0,0.055283688,0.63858634,0.0,0.0,0.0,0.0,0.0
5,3,0.30613002,0.0,0.055283688,0.63858634,0.0,0.0,0.0,0.0,0.0
5,3,0.30613002,0.0,0.055283688,0.63858634,0.0,0.0,0.0,0.0,0.0
5,3,0.30613002,0.0,0.055283688,0.63858634,0.0,0.0,0.0,0.0,0.0
5,3,0.30613002,0.0,0.055283688,0.63858634,0.0,0.0,0.0,0.0,0.0
5,3,0.30613002,0.0,0.055283688,0.63858634,0.0,0.0,0.0,0.0,0.0
5,3,0.30613002,0.0,0.055283688,0.63858634,0.0,0.0,0.0,0.0,0.0
5,3,0.30613002,0.0,0.055283688,0.63858634,0.0,0.0,0.0,0.0,0.0
5,3,0.30613002,0.0,0.055283688,0.63858634,0.0,0.0,0.0,0.0,0.0
5,3,0.30613002,0.0,0.055283688,0.63858634,0.0,0.0,0.0,0.0,0.0
5,3,0.30613002,0.0,0.055283688,0.63858634,0.0,0.0,0.0,0.0,0.0
5,3,0.30613002,0.0,0.055283688,0.63858634,0.0,0.0,0.0,0.0,0.0
5,3,0.30613002,0.0,0.055283688,0.63858634,0.0,0.0,0.0,0.0,0.0
5,3,0.30613002,0.0,0.055283688,0.63858634,0.0,0.0,0.0,0.0,0.0
5,3,0.30613002,0.0,0.055283688,0.63858634,0.0,0.0,0.0,0.0,0.0
5,3,0.18731362,0.0,0.0,0.7574027,0.0,0.0,0.0,0.055283684,0.0
5,3,0.18731362,0.0,0.0,0.7574027,0.0,0.0,0.0,0.055283684,0.0
5,3,0.18731362,0.0,0.0,0.7574027,0.0,0.0,0.0,0.055283684,0.0
5,3,0.18731362,0.0,0.0,0.7574027,0.0,0.0,0.0,0.055283684,0.0
5,3,0.18731362,0.0,0.0,0.7574027,0.0,0.0,0.0,0.055283684,0.0
5,3,0.18731362,0.0,0.0,0.7574027,0.0,0.0,0.0,0.055283684,0.0
5,3,0.18731362,0.0,0.0,0.7574027,0.0,0.0,0.0,0.055283684,0.0
5,3,0.18731362,0.0,0.0,0.7574027,0.0,0.0,0.0,0.055283684,0.0
5,3,0.18731362,0.0,0.0,0.7574027,0.0,0.0,0.0,0.055283684,0.0
5,3,0.18731362,0.0,0.0,0.7574027,0.0,0.0,0.0,0.055283684,0.0
5,3,0.18731362,0.0,0.0,0.7574027,0.0,0.0,0.0,0.055283684,0.0
5,3,0.18731362,0.0,0.0,0.7574027,0.0,0.0,0.0,0.055283684,0.0
5,3,0.18731362,0.0,0.0,0.7574027,0.0,0.0,0.0,0.055283684,0.0
5,3,0.18731362,0.0,0.0,0.7574027,0.0,0.0,0.0,0.055283684,0.0
5,3,0.18731362,0.0,0.0,0.7574027,0.0,0.0,0.0,0.055283684,0.0
5,3,0.18731362,0.0,0.0,0.7574027,0.0,0.0,0.0,0.055283684,0.0
5,3,0.18731362,0.0,0.0,0.7574027,0.0,0.0,0.0,0.055283684,0.0
5,3,0.18731362,0.0,0.0,0.7574027,0.0,0.0,0.0,0.055283684,0.0
5,3,0.18731362,0.0,0.0,0.7574027,0.0,0.0,0.0,0.055283684,0.0
5,3,0.18731362,0.0,0.0,0.7574027,0.0,0.0,0.0,0.055283684,0.0
5,3,0.18731362,0.0,0.0,0.7574027,0.0,0.0,0.0,0.055283684,0.0
5,3,0.18731362,0.0,0.0,0.7574027,0.0,0.0,0.0,0.055283684,0.0
5,3,0.18731362,0.0,0.0,0.7574027,0.0,0.0,0.0,0.055283684,0.0
5,3,0.18731362,0.0,0.0,0.7574027,0.0,0.0,0.0,0.055283684,0.0
5,3,0.12834707,0.0,0.0,0.81636924,0.0,0.0,0.0,0.05528368,0.0
5,3,0.12834707,0.0,0.0,0.81636924,0.0,0.0,0.0,0.05528368,0.0
5,3,0.12834707,0.0,0.0,0.81636924,0.0,0.0,0.0,0.05528368,0.0
5,3,0.12834707,0.0,0.0,0.81636924,0.0,0.0,0.0,0.05528368,0.0
5,3,0.12834707,0.0,0.0,0.81636924,0.0,0.0,0.0,0.05528368,0.0
5,3,0.12834707,0.0,0.0,0.81636924,0.0,0.0,0.0,0.05528368,0.0
5,3,0.12834707,0.0,0.0,0.87165296,0.0,0.0,0.0,0.0,0.0
5,3,0.12834707,0.0,0.0,0.87165296,0.0,0.0,0.0,0.0,0.0
5,3,0.12834707,0.0,0.0,0.87165296,0.0,0.0,0.0,0.0,0.0
5,3,0.12834707,0.0,0.0,0.87165296,0.0,0.0,0.0,0.0,0.0
5,3,0.12834707,0.0,0.0,0.87165296,0.0,0.0,0.0,0.0,0.0
5,3,0.12834707,0.0,0.0,0.87165296,0.0,0.0,0.0,0.0,0.0
5,3,0.12834707,0.0,0.0,0.87165296,0.0,0.0,0.0,0.0,0.0
5,3,0.12834707,0.0,0.0,0.87165296,0.0,0.0,0.0,0.0,0.0
5,3,0.12834707,0.0,0.0,0.87165296,0.0,0.0,0.0,0.0,0.0
5,3,0.12834707,0.0,0.0,0.87165296,0.0,0.0,0.0,0.0,0.0
5,3,0.12834707,0.0,0.0,0.87165296,0.0,0.0,0.0,0.0,0.0
5,3,0.12834707,0.0,0.0,0.87165296,0.0,0.0,0.0,0.0,0.0
5,3,0.12834707,0.0,0.0,0.87165296,0.0,0.0,0.0,0.0,0.0
5,3,0.12834707,0.0,0.0,0.87165296,0.0,0.0,0.0,0.0,0.0
5,3,0.12834707,0.0,0.0,0.87165296,0.0,0.0,0.0,0.0,0.0
5,3,0.12834707,0.0,0.0,0.87165296,0.0,0.0,0.0,0.0,0.0
5,3,0.12834707,0.0,0.0,0.87165296,0.0,0.0,0.0,0.0,0.0
5,3,0.12834707,0.0,0.0,0.87165296,0.0,0.0,0.0,0.0,0.0
5,3,0.12834707,0.0,0.0,0.87165296,0.0,0.0,0.0,0.0,0.0
5,3,0.12834707,0.0,0.0,0.87165296,0.0,0.0,0.0,0.0,0.0
5,3,0.12834707,0.0,0.0,0.87165296,0.0,0.0,0.0,0.0,0.0
5,3,0.12834707,0.0,0.0,0.87165296,0.0,0.0,0.0,0.0,0.0
5,3,0.12834707,0.0,0.0,0.87165296,0.0,0.0,0.0,0.0,0.0
5,3,0.12834707,0.0,0.0,0.87165296,0.0,0.0,0.0,0.0,0.0
5,3,0.05916933,0.0,0.0,0.9408307,0.0,0.0,0.0,0.0,0.0
5,3,0.05916933,0.0,0.0,0.9408307,0.0,0.0,0.0,0.0,0.0
5,3,0.05916933,0.0,0.0,0.9408307,0.0,0.0,0.0,0.0,0.0
5,3,0.05916933,0.0,0.0,0.9408307,0.0,0.0,0.0,0.0,0.0
5,3,0.05916933,0.0,0.0,0.9408307,0.0,0.0,0.0,0.0,0.0
5,3,0.05916933,0.0,0.0,0.9408307,0.0,0.0,0.0,0.0,0.0
5,3,0.05916933,0.0,0.0,0.9408307,0.0,0.0,0.0,0.0,0.0
5,3,0.05916933,0.0,0.0,0.9408307,0.0,0.0,0.0,0.0,0.0
5,3,0.05916933,0.0,0.0,0.9408307,0.0,0.0,0.0,0.0,0.0
5,3,0.05916933,0.0,0.0,0.9408307,0.0,0.0,0.0,0.0,0.0
5,3,0.05916933,0.0,0.0,0.9408307,0.0,0.0,0.0,0.0,0.0
5,3,0.05916933,0.0,0.0,0.9408307,0.0,0.0,0.0,0.0,0.0
5,3,0.05916933,0.0,0.0,0.9408307,0.0,0.0,0.0,0.0,0.0
5,3,0.05916933,0.0,0.0,0.9408307,0.0,0.0,0.0,0.0,0.0
5,3,0.05916933,0.0,0.0,0.9408307,0.0,0.0,0.0,0.0,0.0
5,3,0.05916933,0.0,0.0,0.9408307,0.0,0.0,0.0,0.0,0.0
5,3,0.05916933,0.0,0.0,0.9408307,0.0,0.0,0.0,0.0,0.0
5,3,0.05916933,0.0,0.0,0.9408307,0.0,0.0,0.0,0.0,0.0
5,3,0.05916933,0.0,0.0,0.9408307,0.0,0.0,0.0,0.0,0.0
5,3,0.05916933,0.0,0.0,0.9408307,0.0,0.0,0.0,0.0,0.0
5,3,0.05916933,0.0,0.0,0.9408307,0.0,0.0,0.0,0.0,0.0
5,3,0.05916933,0.0,0.0,0.9408307,0.0,0.0,0.0,0.0,0.0
5,3,0.05916933,0.0,0.0,0.9408307,0.0,0.0,0.0,0.0,0.0
5,3,0.05916933,0.0,0.0,0.9408307,0.0,0.0,0.0,0.0,0.0
5,3,0.05916933,0.0,0.0,0.9408307,0.0,0.0,0.0,0.0,0.0
5,3,0.05916933,0.0,0.0,0.9408307,0.0,0.0,0.0,0.0,0.0
5,3,0.05916933,0.0,0.0,0.9408307,0.0,0.0,0.0,0.0,0.0
5,3,0.05916933,0.0,0.0,0.9408307,0.0,0.0,0.0,0.0,0.0
5,3,0.05916933,0.0,0.0,0.9408307,0.0,0.0,0.0,0.0,0.0
5,3,0.05916933,0.0,0.0,0.9408307,0.0,0.0,0.0,0.0,0.0
5,3,0.05916933,0.0,0.0,0.9408307,0.0,0.0,0.0,0.0,0.0
5,3,0.05916933,0.0,0.0,0.9408307,0.0,0.0,0.0,0.0,0.0
5,3,0.05916933,0.0,0.0,0.9408307,0.0,0.0,0.0,0.0,0.0
5,3,0.05916933,0.0,0.0,0.9408307,0.0,0.0,0.0,0.0,0.0
5,3,0.05916933,0.0,0.0,0.9408307,0.0,0.0,0.0,0.0,0.0
5,3,0.05916933,0.0,0.0,0.9408307,0.0,0.0,0.0,0.0,0.0
5,3,0.05916933,0.0,0.0,0.9408307,0.0,0.0,0.0,0.0,0.0
5,3,0.05916933,0.0,0.0,0.9408307,0.0,0.0,0.0,0.0,0.0
5,3,0.05916933,0.0,0.0,0.9408307,0.0,0.0,0.0,0.0,0.0
5,3,0.05916933,0.0,0.0,0.9408307,0.0,0.0,0.0,0.0,0.0
5,3,0.05916933,0.0,0.0,0.9408307,0.0,0.0,0.0,0.0,0.0
5,3,0.05916933,0.0,0.0,0.9408307,0.0,0.0,0.0,0.0,0.0
5,3,0.05916933,0.0,0.0,0.9408307,0.0,0.0,0.0,0.0,0.0
5,3,0.05916933,0.0,0.0,0.9408307,0.0,0.0,0.0,0.0,0.0
5,3,0.05916933,0.0,0.0,0.9408307,0.0,0.0,0.0,0.0,0.0
5,3,0.05916933,0.0,0.0,0.9408307,0.0,0.0,0.0,0.0,0.0
5,3,0.05916933,0.0,0.0,0.9408307,0.0,0.0,0.0,0.0,0.0
5,3,0.05916933,0.0,0.0,0.9408307,0.0,0.0,0.0,0.0,0.0
5,3,0.05916933,0.0,0.0,0.9408307,0.0,0.0,0.0,0.0,0.0
5,3,0.05916933,0.0,0.0,0.9408307,0.0,0.0,0.0,0.0,0.0
5,3,0.05916933,0.0,0.0,0.9408307,0.0,0.0,0.0,0.0,0.0
5,3,0.05916933,0.0,0.0,0.9408307,0.0,0.0,0.0,0.0,0.0
5,3,0.05916933,0.0,0.0,0.9408307,0.0,0.0,0.0,0.0,0.0
5,3,0.05916933,0.0,0.0,0.9408307,0.0,0.0,0.0,0.0,0.0
5,3,0.05916933,0.0,0.0,0.9408307,0.0,0.0,0.0,0.0,0.0
5,3,0.05916933,0.0,0.0,0.9408307,0.0,0.0,0.0,0.0,0.0
5,3,0.05916933,0.0,0.0,0.9408307,0.0,0.0,0.0,0.0,0.0
5,3,0.05916933,0.0,0.0,0.9408307,0.0,0.0,0.0,0.0,0.0
5,3,0.05916933,0.0,0.0,0.9408307,0.0,0.0,0.0,0.0,0.0
5,3,0.05916933,0.0,0.0,0.9408307,0.0,0.0,0.0,0.0,0.0
5,3,0.05916933,0.0,0.0,0.9408307,0.0,0.0,0.0,0.0,0.0
5,3,0.05916933,0.0,0.0,0.9408307,0.0,0.0,0.0,0.0,0.0
5,3,0.05916933,0.0,0.0,0.9408307,0.0,0.0,0.0,0.0,0.0
5,3,0.05916933,0.0,0.0,0.9408307,0.0,0.0,0.0,0.0,0.0
5,3,0.05916933,0.0,0.0,0.9408307,0.0,0.0,0.0,0.0,0.0
5,3,0.05916933,0.0,0.0,0.9408307,0.0,0.0,0.0,0.0,0.0
5,3,0.05916933,0.0,0.0,0.9408307,0.0,0.0,0.0,0.0,0.0
5,3,0.05916933,0.0,0.0,0.9408307,0.0,0.0,0.0,0.0,0.0
5,3,0.05916933,0.0,0.0,0.9408307,0.0,0.0,0.0,0.0,0.0
5,3,0.05916933,0.0,0.0,0.9408307,0.0,0.0,0.0,0.0,0.0
5,3,0.05916933,0.0,0.0,0.9408307,0.0,0.0,0.0,0.0,0.0
5,3,0.05916933,0.0,0.0,0.9408307,0.0,0.0,0.0,0.0,0.0
5,3,0.05916933,0.0,0.0,0.9408307,0.0,0.0,0.0,0.0,0.0
5,3,0.05916933,0.0,0.0,0.9408307,0.0,0.0,0.0,0.0,0.0
5,3,0.05916933,0.0,0.0,0.9408307,0.0,0.0,0.0,0.0,0.0
5,3,0.05916933,0.0,0.0,0.9408307,0.0,0.0,0.0,0.0,0.0
5,3,0.05916933,0.0,0.0,0.9408307,0.0,0.0,0.0,0.0,0.0
5,3,0.05916933,0.0,0.0,0.9408307,0.0,0.0,0.0,0.0,0.0
5,3,0.05916933,0.0,0.0,0.9408307,0.0,0.0,0.0,0.0,0.0
5,3,0.05916933,0.0,0.0,0.9408307,0.0,0.0,0.0,0.0,0.0
5,3,0.05916933,0.0,0.0,0.9408307,0.0,0.0,0.0,0.0,0.0
5,3,0.05916933,0.0,0.0,0.9408307,0.0,0.0,0.0,0.0,0.0
5,3,0.05916933,0.0,0.0,0.9408307,0.0,0.0,0.0,0.0,0.0
5,3,0.05916933,0.0,0.0,0.9408307,0.0,0.0,0.0,0.0,0.0
5,3,0.05916933,0.0,0.0,0.9408307,0.0,0.0,0.0,0.0,0.0
5,3,0.05916933,0.0,0.0,0.9408307,0.0,0.0,0.0,0.0,0.0
5,3,0.05916933,0.0,0.0,0.9408307,0.0,0.0,0.0,0.0,0.0
5,3,0.05916933,0.0,0.0,0.9408307,0.0,0.0,0.0,0.0,0.0
5,3,0.05916933,0.0,0.0,0.9408307,0.0,0.0,0.0,0.0,0.0
5,3,0.05916933,0.0,0.0,0.9408307,0.0,0.0,0.0,0.0,0.0
5,3,0.05916933,0.0,0.0,0.9408307,0.0,0.0,0.0,0.0,0.0
5,3,0.05916933,0.0,0.0,0.9408307,0.0,0.0,0.0,0.0,0.0
5,3,0.05916933,0.0,0.0,0.9408307,0.0,0.0,0.0,0.0,0.0
5,3,0.05916933,0.0,0.0,0.9408307,0.0,0.0,0.0,0.0,0.0
5,3,0.05916933,0.0,0.0,0.9408307,0.0,0.0,0.0,0.0,0.0
5,3,0.05916933,0.0,0.0,0.9408307,0.0,0.0,0.0,0.0,0.0
5,3,0.05916933,0.0,0.0,0.9408307,0.0,0.0,0.0,0.0,0.0
5,3,0.05916933,0.0,0.0,0.9408307,0.0,0.0,0.0,0.0,0.0
5,3,0.05916933,0.0,0.0,0.9408307,0.0,0.0,0.0,0.0,0.0
5,3,0.05916933,0.0,0.0,0.9408307,0.0,0.0,0.0,0.0,0.0
5,3,0.05916933,0.0,0.0,0.9408307,0.0,0.0,0.0,0.0,0.0
5,3,0.05916933,0.0,0.0,0.9408307,0.0,0.0,0.0,0.0,0.0
5,3,0.05916933,0.0,0.0,0.9408307,0.0,0.0,0.0,0.0,0.0
5,3,0.05916933,0.0,0.0,0.9408307,0.0,0.0,0.0,0.0,0.0
5,3,0.05916933,0.0,0.0,0.9408307,0.0,0.0,0.0,0.0,0.0
5,3,0.05916933,0.0,0.0,0.9408307,0.0,0.0,0.0,0.0,0.0
5,3,0.05916933,0.0,0.0,0.9408307,0.0,0.0,0.0,0.0,0.0
5,3,0.05916933,0.0,0.0,0.9408307,0.0,0.0,0.0,0.0,0.0
5,3,0.05916933,0.0,0.0,0.9408307,0.0,0.0,0.0,0.0,0.0
5,3,0.05916933,0.0,0.0,0.9408307,0.0,0.0,0.0,0.0,0.0
5,3,0.05916933,0.0,0.0,0.9408307,0.0,0.0,0.0,0.0,0.0
5,3,0.05916933,0.0,0.0,0.9408307,0.0,0.0,0.0,0.0,0.0
5,3,0.05916933,0.0,0.0,0.9408307,0.0,0.0,0.0,0.0,0.0
5,3,0.05916933,0.0,0.0,0.9408307,0.0,0.0,0.0,0.0,0.0
5,3,0.05916933,0.0,0.0,0.9408307,0.0,0.0,0.0,0.0,0.0
5,3,0.05916933,0.0,0.0,0.9408307,0.0,0.0,0.0,0.0,0.0
5,3,0.05916933,0.0,0.0,0.9408307,0.0,0.0,0.0,0.0,0.0
5,3,0.05916933,0.0,0.0,0.9408307,0.0,0.0,0.0,0.0,0.0
5,3,0.05916933,0.0,0.0,0.9408307,0.0,0.0,0.0,0.0,0.0
5,3,0.05916933,0.0,0.0,0.9408307,0.0,0.0,0.0,0.0,0.0
5,3,0.05916933,0.0,0.0,0.9408307,0.0,0.0,0.0,0.0,0.0
5,3,0.05916933,0.0,0.0,0.9408307,0.0,0.0,0.0,0.0,0.0
5,3,0.05916933,0.0,0.0,0.9408307,0.0,0.0,0.0,0.0,0.0
5,3,0.05916933,0.0,0.0,0.9408307,0.0,0.0,0.0,0.0,0.0
5,3,0.05916933,0.0,0.0,0.9408307,0.0,0.0,0.0,0.0,0.0
5,3,0.05916933,0.0,0.0,0.9408307,0.0,0.0,0.0,0.0,0.0
5,3,0.05916933,0.0,0.0,0.9408307,0.0,0.0,0.0,0.0,0.0
5,3,0.05916933,0.0,0.0,0.9408307,0.0,0.0,0.0,0.0,0.0
5,3,0.05916933,0.0,0.0,0.9408307,0.0,0.0,0.0,0.0,0.0
5,3,0.05916933,0.0,0.0,0.9408307,0.0,0.0,0.0,0.0,0.0
5,3,0.05916933,0.0,0.0,0.9408307,0.0,0.0,0.0,0.0,0.0
5,3,0.05916933,0.0,0.0,0.9408307,0.0,0.0,0.0,0.0,0.0
5,3,0.05916933,0.0,0.0,0.9408307,0.0,0.0,0.0,0.0,0.0
5,3,0.05916933,0.0,0.0,0.9408307,0.0,0.0,0.0,0.0,0.0
5,3,0.05916933,0.0,0.0,0.9408307,0.0,0.0,0.0,0.0,0.0
5,3,0.05916933,0.0,0.0,0.9408307,0.0,0.0,0.0,0.0,0.0
5,3,0.05916933,0.0,0.0,0.9408307,0.0,0.0,0.0,0.0,0.0
5,3,0.05916933,0.0,0.0,0.9408307,0.0,0.0,0.0,0.0,0.0
5,3,0.0,0.0,0.0,1.0,0.0,0.0,0.0,0.0,0.0
5,3,0.0,0.0,0.0,1.0,0.0,0.0,0.0,0.0,0.0
5,3,0.0,0.0,0.0,1.0,0.0,0.0,0.0,0.0,0.0
5,3,0.0,0.0,0.0,1.0,0.0,0.0,0.0,0.0,0.0
5,3,0.0,0.0,0.0,1.0,0.0,0.0,0.0,0.0,0.0
5,3,0.0,0.0,0.0,1.0,0.0,0.0,0.0,0.0,0.0
5,3,0.0,0.0,0.0,1.0,0.0,0.0,0.0,0.0,0.0
5,3,0.0,0.0,0.0,1.0,0.0,0.0,0.0,0.0,0.0
5,3,0.0,0.0,0.0,1.0,0.0,0.0,0.0,0.0,0.0
5,3,0.0,0.0,0.0,1.0,0.0,0.0,0.0,0.0,0.0
5,3,0.0,0.0,0.0,1.0,0.0,0.0,0.0,0.0,0.0
5,3,0.0,0.0,0.0,1.0,0.0,0.0,0.0,0.0,0.0
5,3,0.0,0.0,0.0,1.0,0.0,0.0,0.0,0.0,0.0
5,3,0.0,0.0,0.0,1.0,0.0,0.0,0.0,0.0,0.0
5,3,0.0,0.0,0.0,1.0,0.0,0.0,0.0,0.0,0.0
5,3,0.0,0.0,0.0,1.0,0.0,0.0,0.0,0.0,0.0
5,3,0.0,0.0,0.0,1.0,0.0,0.0,0.0,0.0,0.0
5,3,0.0,0.0,0.0,1.0,0.0,0.0,0.0,0.0,0.0
5,3,0.0,0.0,0.0,1.0,0.0,0.0,0.0,0.0,0.0
5,3,0.0,0.0,0.0,1.0,0.0,0.0,0.0,0.0,0.0
5,3,0.0,0.0,0.0,1.0,0.0,0.0,0.0,0.0,0.0
5,3,0.0,0.0,0.0,1.0,0.0,0.0,0.0,0.0,0.0
5,3,0.0,0.0,0.0,1.0,0.0,0.0,0.0,0.0,0.0
5,3,0.0,0.0,0.0,1.0,0.0,0.0,0.0,0.0,0.0
5,3,0.0,0.0,0.0,1.0,0.0,0.0,0.0,0.0,0.0
5,3,0.0,0.0,0.0,1.0,0.0,0.0,0.0,0.0,0.0
5,3,0.0,0.0,0.0,1.0,0.0,0.0,0.0,0.0,0.0
5,3,0.0,0.0,0.0,1.0,0.0,0.0,0.0,0.0,0.0
5,3,0.0,0.0,0.0,1.0,0.0,0.0,0.0,0.0,0.0
5,3,0.0,0.0,0.0,1.0,0.0,0.0,0.0,0.0,0.0
5,3,0.0,0.0,0.0,1.0,0.0,0.0,0.0,0.0,0.0
5,3,0.0,0.0,0.0,1.0,0.0,0.0,0.0,0.0,0.0
5,3,0.0,0.0,0.0,1.0,0.0,0.0,0.0,0.0,0.0
5,3,0.0,0.0,0.0,1.0,0.0,0.0,0.0,0.0,0.0
5,3,0.0,0.0,0.0,1.0,0.0,0.0,0.0,0.0,0.0
5,3,0.0,0.0,0.0,1.0,0.0,0.0,0.0,0.0,0.0
5,3,0.0,0.0,0.0,1.0,0.0,0.0,0.0,0.0,0.0
5,3,0.0,0.0,0.0,1.0,0.0,0.0,0.0,0.0,0.0
5,3,0.0,0.0,0.0,1.0,0.0,0.0,0.0,0.0,0.0
5,3,0.0,0.0,0.0,1.0,0.0,0.0,0.0,0.0,0.0
5,3,0.0,0.0,0.0,1.0,0.0,0.0,0.0,0.0,0.0
5,3,0.0,0.0,0.0,1.0,0.0,0.0,0.0,0.0,0.0
5,3,0.0,0.0,0.0,1.0,0.0,0.0,0.0,0.0,0.0
5,3,0.0,0.0,0.0,1.0,0.0,0.0,0.0,0.0,0.0
5,3,0.0,0.0,0.0,1.0,0.0,0.0,0.0,0.0,0.0
5,3,0.0,0.0,0.0,1.0,0.0,0.0,0.0,0.0,0.0
5,3,0.0,0.0,0.0,1.0,0.0,0.0,0.0,0.0,0.0
5,3,0.0,0.0,0.0,1.0,0.0,0.0,0.0,0.0,0.0
5,3,0.0,0.0,0.0,1.0,0.0,0.0,0.0,0.0,0.0
5,3,0.0,0.0,0.0,1.0,0.0,0.0,0.0,0.0,0.0
5,3,0.0,0.0,0.0,1.0,0.0,0.0,0.0,0.0,0.0
5,3,0.0,0.0,0.0,1.0,0.0,0.0,0.0,0.0,0.0
5,3,0.0,0.0,0.0,1.0,0.0,0.0,0.0,0.0,0.0
5,3,0.0,0.0,0.0,1.0,0.0,0.0,0.0,0.0,0.0
5,3,0.0,0.0,0.0,1.0,0.0,0.0,0.0,0.0,0.0
5,3,0.0,0.0,0.0,1.0,0.0,0.0,0.0,0.0,0.0
5,3,0.0,0.0,0.0,1.0,0.0,0.0,0.0,0.0,0.0
5,3,0.0,0.0,0.0,1.0,0.0,0.0,0.0,0.0,0.0
5,3,0.0,0.0,0.0,1.0,0.0,0.0,0.0,0.0,0.0
5,3,0.0,0.0,0.0,1.0,0.0,0.0,0.0,0.0,0.0
5,3,0.0,0.0,0.0,1.0,0.0,0.0,0.0,0.0,0.0
5,3,0.0,0.0,0.0,1.0,0.0,0.0,0.0,0.0,0.0
5,3,0.0,0.0,0.0,1.0,0.0,0.0,0.0,0.0,0.0
5,3,0.0,0.0,0.0,1.0,0.0,0.0,0.0,0.0,0.0
5,3,0.0,0.0,0.0,0.94189495,0.0,0.05810502,0.0,0.0,0.0
5,3,0.0,0.0,0.0,0.94189495,0.0,0.05810502,0.0,0.0,0.0
5,3,0.0,0.0,0.0,0.94189495,0.0,0.05810502,0.0,0.0,0.0
5,3,0.0,0.0,0.0,0.94189495,0.0,0.05810502,0.0,0.0,0.0
5,3,0.0,0.0,0.0,0.94189495,0.0,0.05810502,0.0,0.0,0.0
5,3,0.0,0.0,0.0,0.94189495,0.0,0.05810502,0.0,0.0,0.0
5,3,0.0,0.0,0.0,0.94189495,0.0,0.05810502,0.0,0.0,0.0
5,3,0.0,0.0,0.0,0.94189495,0.0,0.05810502,0.0,0.0,0.0
5,3,0.0,0.0,0.0,0.94189495,0.0,0.05810502,0.0,0.0,0.0
5,3,0.0,0.0,0.0,0.94189495,0.0,0.05810502,0.0,0.0,0.0
5,3,0.0,0.0,0.0,0.94189495,0.0,0.05810502,0.0,0.0,0.0
5,3,0.0,0.0,0.0,0.94189495,0.0,0.05810502,0.0,0.0,0.0
5,3,0.0,0.0,0.0,0.94189495,0.0,0.05810502,0.0,0.0,0.0
5,3,0.0,0.0,0.0,0.94189495,0.0,0.05810502,0.0,0.0,0.0
5,3,0.0,0.0,0.0,0.94189495,0.0,0.05810502,0.0,0.0,0.0
5,3,0.0,0.0,0.0,0.94189495,0.0,0.05810502,0.0,0.0,0.0
5,3,0.0,0.0,0.0,0.94189495,0.0,0.05810502,0.0,0.0,0.0
5,3,0.0,0.0,0.0,0.94189495,0.0,0.05810502,0.0,0.0,0.0
5,3,0.0,0.0,0.0,0.94189495,0.0,0.05810502,0.0,0.0,0.0
5,3,0.0,0.0,0.0,0.94189495,0.0,0.05810502,0.0,0.0,0.0
5,3,0.0,0.0,0.0,0.94189495,0.0,0.05810502,0.0,0.0,0.0
5,3,0.0,0.0,0.0,0.94189495,0.0,0.05810502,0.0,0.0,0.0
5,3,0.0,0.0,0.0,0.94189495,0.0,0.05810502,0.0,0.0,0.0
5,3,0.0,0.0,0.0,0.94189495,0.0,0.05810502,0.0,0.0,0.0
5,3,0.0,0.0,0.0,0.94189495,0.0,0.05810502,0.0,0.0,0.0
5,3,0.0,0.0,0.0,0.94189495,0.0,0.05810502,0.0,0.0,0.0
5,3,0.0,0.0,0.0,0.94189495,0.0,0.05810502,0.0,0.0,0.0
5,3,0.0,0.0,0.0,0.94189495,0.0,0.05810502,0.0,0.0,0.0
5,3,0.0,0.0,0.0,0.94189495,0.0,0.05810502,0.0,0.0,0.0
5,3,0.0,0.0,0.0,0.94189495,0.0,0.05810502,0.0,0.0,0.0
5,3,0.0,0.0,0.0,0.94189495,0.0,0.05810502,0.0,0.0,0.0
5,3,0.0,0.0,0.0,0.94189495,0.0,0.05810502,0.0,0.0,0.0
5,3,0.0,0.0,0.0,0.8795294,0.0,0.12047058,0.0,0.0,0.0
5,3,0.0,0.0,0.0,0.8795294,0.0,0.12047058,0.0,0.0,0.0
5,3,0.0,0.0,0.0,0.8795294,0.0,0.12047058,0.0,0.0,0.0
5,3,0.0,0.0,0.0,0.8795294,0.0,0.12047058,0.0,0.0,0.0
5,3,0.0,0.0,0.0,0.8795294,0.0,0.12047058,0.0,0.0,0.0
5,3,0.0,0.0,0.0,0.8795294,0.0,0.12047058,0.0,0.0,0.0
5,3,0.0,0.0,0.0,0.8795294,0.0,0.12047058,0.0,0.0,0.0
5,3,0.0,0.0,0.0,0.8795294,0.0,0.12047058,0.0,0.0,0.0
5,3,0.0,0.0,0.0,0.8795294,0.0,0.12047058,0.0,0.0,0.0
5,3,0.0,0.0,0.0,0.8795294,0.0,0.12047058,0.0,0.0,0.0
5,3,0.0,0.0,0.0,0.8795294,0.0,0.12047058,0.0,0.0,0.0
5,3,0.0,0.0,0.0,0.8795294,0.0,0.12047058,0.0,0.0,0.0
5,3,0.0,0.0,0.0,0.8795294,0.0,0.12047058,0.0,0.0,0.0
5,3,0.0,0.0,0.0,0.8795294,0.0,0.12047058,0.0,0.0,0.0
5,3,0.0,0.0,0.0,0.8795294,0.0,0.12047058,0.0,0.0,0.0
5,3,0.0,0.0,0.0,0.8795294,0.0,0.12047058,0.0,0.0,0.0
5,3,0.0,0.0,0.0,0.8795294,0.0,0.12047058,0.0,0.0,0.0
5,3,0.0,0.0,0.0,0.8795294,0.0,0.12047058,0.0,0.0,0.0
5,3,0.0,0.0,0.0,0.8795294,0.0,0.12047058,0.0,0.0,0.0
5,3,0.0,0.0,0.0,0.8795294,0.0,0.12047058,0.0,0.0,0.0
5,3,0.0,0.0,0.0,0.8795294,0.0,0.12047058,0.0,0.0,0.0
5,3,0.0,0.0,0.0,0.8795294,0.0,0.12047058,0.0,0.0,0.0
5,3,0.0,0.0,0.0,0.8795294,0.0,0.12047058,0.0,0.0,0.0
5,3,0.0,0.0,0.0,0.8795294,0.0,0.12047058,0.0,0.0,0.0
5,3,0.0,0.0,0.0,0.8795294,0.0,0.12047058,0.0,0.0,0.0
5,3,0.0,0.0,0.0,0.8795294,0.0,0.12047058,0.0,0.0,0.0
5,3,0.0,0.0,0.0,0.8795294,0.0,0.12047058,0.0,0.0,0.0
5,3,0.0,0.0,0.0,0.8795294,0.0,0.12047058,0.0,0.0,0.0
5,3,0.0,0.0,0.0,0.8795294,0.0,0.12047058,0.0,0.0,0.0
5,3,0.0,0.0,0.0,0.8795294,0.0,0.12047058,0.0,0.0,0.0
5,3,0.0,0.0,0.0,0.8795294,0.0,0.12047058,0.0,0.0,0.0
5,3,0.0,0.0,0.0,0.8795294,0.0,0.12047058,0.0,0.0,0.0
5,3,0.0,0.0,0.0,0.8795294,0.0,0.12047058,0.0,0.0,0.0
5,3,0.0,0.0,0.0,0.8795294,0.0,0.12047058,0.0,0.0,0.0
5,3,0.0,0.0,0.0,0.8795294,0.0,0.12047058,0.0,0.0,0.0
5,3,0.0,0.0,0.0,0.8795294,0.0,0.12047058,0.0,0.0,0.0
5,3,0.0,0.0,0.0,0.8795294,0.0,0.12047058,0.0,0.0,0.0
5,3,0.0,0.0,0.0,0.8795294,0.0,0.12047058,0.0,0.0,0.0
5,3,0.0,0.0,0.0,0.8795294,0.0,0.12047058,0.0,0.0,0.0
5,3,0.0,0.0,0.0,0.8795294,0.0,0.12047058,0.0,0.0,0.0
5,3,0.0,0.0,0.0,0.8795294,0.0,0.12047058,0.0,0.0,0.0
5,3,0.0,0.0,0.0,0.8795294,0.0,0.12047058,0.0,0.0,0.0
5,3,0.0,0.0,0.0,0.8795294,0.0,0.12047058,0.0,0.0,0.0
5,3,0.0,0.0,0.0,0.8795294,0.0,0.12047058,0.0,0.0,0.0
5,3,0.0,0.0,0.0,0.8795294,0.0,0.12047058,0.0,0.0,0.0
5,3,0.0,0.0,0.0,0.8795294,0.0,0.12047058,0.0,0.0,0.0
5,3,0.0,0.0,0.0,0.8795294,0.0,0.12047058,0.0,0.0,0.0
5,3,0.0,0.0,0.0,0.8795294,0.0,0.12047058,0.0,0.0,0.0
5,3,0.0,0.0,0.0,0.8795294,0.0,0.12047058,0.0,0.0,0.0
5,3,0.0,0.0,0.0,0.8795294,0.0,0.12047058,0.0,0.0,0.0
5,3,0.0,0.0,0.0,0.8795294,0.0,0.12047058,0.0,0.0,0.0
5,3,0.0,0.0,0.0,0.8795294,0.0,0.12047058,0.0,0.0,0.0
5,3,0.0,0.0,0.0,0.8795294,0.0,0.12047058,0.0,0.0,0.0
5,3,0.0,0.0,0.0,0.8795294,0.0,0.12047058,0.0,0.0,0.0
5,3,0.0,0.0,0.0,0.8795294,0.0,0.12047058,0.0,0.0,0.0
5,3,0.0,0.0,0.0,0.8795294,0.0,0.12047058,0.0,0.0,0.0
5,3,0.0,0.0,0.0,0.8795294,0.0,0.12047058,0.0,0.0,0.0
5,3,0.0,0.0,0.0,0.8795294,0.0,0.12047058,0.0,0.0,0.0
5,3,0.0,0.0,0.0,0.8795294,0.0,0.12047058,0.0,0.0,0.0
5,3,0.0,0.0,0.0,0.8795294,0.0,0.12047058,0.0,0.0,0.0
5,3,0.0,0.0,0.0,0.8795294,0.0,0.12047058,0.0,0.0,0.0
5,3,0.0,0.0,0.0,0.8795294,0.0,0.12047058,0.0,0.0,0.0
5,3,0.0,0.0,0.0,0.8795294,0.0,0.12047058,0.0,0.0,0.0
5,3,0.0,0.0,0.0,0.8795294,0.0,0.12047058,0.0,0.0,0.0
5,3,0.0,0.0,0.0,0.8795294,0.0,0.12047058,0.0,0.0,0.0
5,3,0.0,0.0,0.0,0.8795294,0.0,0.12047058,0.0,0.0,0.0
5,3,0.0,0.0,0.0,0.8795294,0.0,0.12047058,0.0,0.0,0.0
5,3,0.0,0.0,0.0,0.8795294,0.0,0.12047058,0.0,0.0,0.0
5,3,0.0,0.0,0.0,0.8795294,0.0,0.12047058,0.0,0.0,0.0
5,3,0.0,0.0,0.0,0.8795294,0.0,0.12047058,0.0,0.0,0.0
5,3,0.0,0.0,0.0,0.8795294,0.0,0.12047058,0.0,0.0,0.0
5,3,0.0,0.0,0.0,0.8795294,0.0,0.12047058,0.0,0.0,0.0
5,3,0.0,0.0,0.0,0.823193,0.0,0.17680697,0.0,0.0,0.0
5,3,0.0,0.0,0.0,0.823193,0.0,0.17680697,0.0,0.0,0.0
5,3,0.0,0.0,0.0,0.823193,0.0,0.17680697,0.0,0.0,0.0
5,3,0.0,0.0,0.0,0.823193,0.0,0.17680697,0.0,0.0,0.0
5,3,0.0,0.0,0.0,0.823193,0.0,0.17680697,0.0,0.0,0.0
5,3,0.0,0.0,0.0,0.823193,0.0,0.17680697,0.0,0.0,0.0
5,3,0.0,0.0,0.0,0.823193,0.0,0.17680697,0.0,0.0,0.0
5,3,0.0,0.0,0.0,0.823193,0.0,0.17680697,0.0,0.0,0.0
5,3,0.0,0.0,0.0,0.823193,0.0,0.17680697,0.0,0.0,0.0
5,3,0.0,0.0,0.0,0.823193,0.0,0.17680697,0.0,0.0,0.0
5,3,0.0,0.0,0.0,0.823193,0.0,0.17680697,0.0,0.0,0.0
5,3,0.0,0.0,0.0,0.823193,0.0,0.17680697,0.0,0.0,0.0
5,3,0.0,0.0,0.0,0.823193,0.0,0.17680697,0.0,0.0,0.0
5,3,0.0,0.0,0.0,0.823193,0.0,0.17680697,0.0,0.0,0.0
5,3,0.0,0.0,0.0,0.823193,0.0,0.17680697,0.0,0.0,0.0
5,3,0.0,0.0,0.0,0.823193,0.0,0.17680697,0.0,0.0,0.0
5,3,0.0,0.0,0.0,0.7642265,0.0,0.23577349,0.0,0.0,0.0
5,3,0.0,0.0,0.0,0.7642265,0.0,0.23577349,0.0,0.0,0.0
5,3,0.0,0.0,0.0,0.7642265,0.0,0.23577349,0.0,0.0,0.0
5,3,0.0,0.0,0.0,0.7642265,0.0,0.23577349,0.0,0.0,0.0
5,3,0.0,0.0,0.0,0.7642265,0.0,0.23577349,0.0,0.0,0.0
5,3,0.0,0.0,0.0,0.7642265,0.0,0.23577349,0.0,0.0,0.0
5,3,0.0,0.0,0.0,0.7642265,0.0,0.23577349,0.0,0.0,0.0
5,3,0.0,0.0,0.0,0.7642265,0.0,0.23577349,0.0,0.0,0.0
5,3,0.0,0.0,0.0,0.7642265,0.0,0.23577349,0.0,0.0,0.0
5,3,0.0,0.0,0.0,0.7642265,0.0,0.23577349,0.0,0.0,0.0
5,3,0.0,0.0,0.0,0.7642265,0.0,0.23577349,0.0,0.0,0.0
5,3,0.0,0.0,0.0,0.7642265,0.0,0.23577349,0.0,0.0,0.0
5,3,0.0,0.0,0.0,0.7642265,0.0,0.23577349,0.0,0.0,0.0
5,3,0.0,0.0,0.0,0.7642265,0.0,0.23577349,0.0,0.0,0.0
5,3,0.0,0.0,0.0,0.7642265,0.0,0.23577349,0.0,0.0,0.0
5,3,0.0,0.0,0.0,0.7642265,0.0,0.23577349,0.0,0.0,0.0
5,3,0.0,0.0,0.0,0.7642265,0.0,0.23577349,0.0,0.0,0.0
5,3,0.0,0.0,0.0,0.7642265,0.0,0.23577349,0.0,0.0,0.0
5,3,0.0,0.0,0.0,0.7642265,0.0,0.23577349,0.0,0.0,0.0
5,3,0.0,0.0,0.0,0.7642265,0.0,0.23577349,0.0,0.0,0.0
5,3,0.0,0.0,0.0,0.7642265,0.0,0.23577349,0.0,0.0,0.0
5,3,0.0,0.0,0.0,0.7642265,0.0,0.23577349,0.0,0.0,0.0
5,3,0.0,0.0,0.0,0.7642265,0.0,0.23577349,0.0,0.0,0.0
5,3,0.0,0.0,0.0,0.7642265,0.0,0.23577349,0.0,0.0,0.0
5,3,0.0,0.0,0.0,0.7642265,0.0,0.23577349,0.0,0.0,0.0
5,3,0.0,0.0,0.0,0.7642265,0.0,0.23577349,0.0,0.0,0.0
5,3,0.0,0.0,0.0,0.7642265,0.0,0.23577349,0.0,0.0,0.0
5,3,0.0,0.0,0.0,0.7642265,0.0,0.23577349,0.0,0.0,0.0
5,3,0.0,0.0,0.0,0.7642265,0.0,0.23577349,0.0,0.0,0.0
5,3,0.0,0.0,0.0,0.7642265,0.0,0.23577349,0.0,0.0,0.0
5,3,0.0,0.0,0.0,0.7642265,0.0,0.23577349,0.0,0.0,0.0
5,3,0.0,0.0,0.0,0.7642265,0.0,0.23577349,0.0,0.0,0.0
5,3,0.0,0.0,0.0,0.7642265,0.0,0.23577349,0.0,0.0,0.0
5,3,0.0,0.0,0.0,0.7642265,0.0,0.23577349,0.0,0.0,0.0
5,3,0.0,0.0,0.0,0.7642265,0.0,0.23577349,0.0,0.0,0.0
5,3,0.0,0.0,0.0,0.7642265,0.0,0.23577349,0.0,0.0,0.0
5,3,0.0,0.0,0.0,0.7642265,0.0,0.23577349,0.0,0.0,0.0
5,3,0.0,0.0,0.0,0.7642265,0.0,0.23577349,0.0,0.0,0.0
5,3,0.0,0.0,0.0,0.7642265,0.0,0.23577349,0.0,0.0,0.0
5,3,0.0,0.0,0.0,0.7642265,0.0,0.23577349,0.0,0.0,0.0
5,3,0.0,0.0,0.0,0.7642265,0.0,0.23577349,0.0,0.0,0.0
5,3,0.0,0.0,0.0,0.7642265,0.0,0.23577349,0.0,0.0,0.0
5,3,0.0,0.0,0.0,0.7642265,0.0,0.23577349,0.0,0.0,0.0
5,3,0.0,0.0,0.0,0.7642265,0.0,0.23577349,0.0,0.0,0.0
5,3,0.0,0.0,0.0,0.7642265,0.0,0.23577349,0.0,0.0,0.0
5,3,0.0,0.0,0.0,0.7642265,0.0,0.23577349,0.0,0.0,0.0
5,3,0.0,0.0,0.0,0.7642265,0.0,0.23577349,0.0,0.0,0.0
5,3,0.0,0.0,0.0,0.7642265,0.0,0.23577349,0.0,0.0,0.0
5,3,0.0,0.0,0.0,0.7642265,0.0,0.23577349,0.0,0.0,0.0
5,3,0.0,0.0,0.0,0.7642265,0.0,0.23577349,0.0,0.0,0.0
5,3,0.0,0.0,0.0,0.7642265,0.0,0.23577349,0.0,0.0,0.0
5,3,0.0,0.0,0.0,0.7642265,0.0,0.23577349,0.0,0.0,0.0
5,3,0.0,0.0,0.0,0.7642265,0.0,0.23577349,0.0,0.0,0.0
5,3,0.0,0.0,0.0,0.7642265,0.0,0.23577349,0.0,0.0,0.0
5,3,0.0,0.0,0.0,0.7642265,0.0,0.23577349,0.0,0.0,0.0
5,3,0.0,0.0,0.0,0.7642265,0.0,0.23577349,0.0,0.0,0.0
5,3,0.0,0.0,0.0,0.7642265,0.0,0.23577349,0.0,0.0,0.0
5,3,0.0,0.0,0.0,0.7642265,0.0,0.23577349,0.0,0.0,0.0
5,3,0.0,0.0,0.0,0.7642265,0.0,0.23577349,0.0,0.0,0.0
5,3,0.0,0.0,0.0,0.7642265,0.0,0.23577349,0.0,0.0,0.0
5,3,0.0,0.0,0.0,0.7642265,0.0,0.23577349,0.0,0.0,0.0
5,3,0.0,0.0,0.0,0.7642265,0.0,0.23577349,0.0,0.0,0.0
5,3,0.0,0.0,0.0,0.7642265,0.0,0.23577349,0.0,0.0,0.0
5,3,0.0,0.0,0.0,0.7642265,0.0,0.23577349,0.0,0.0,0.0
5,3,0.0,0.0,0.0,0.7642265,0.0,0.23577349,0.0,0.0,0.0
5,3,0.0,0.0,0.0,0.7642265,0.0,0.23577349,0.0,0.0,0.0
5,3,0.0,0.0,0.0,0.7642265,0.0,0.23577349,0.0,0.0,0.0
5,3,0.0,0.0,0.0,0.7642265,0.0,0.23577349,0.0,0.0,0.0
5,3,0.0,0.0,0.0,0.7642265,0.0,0.23577349,0.0,0.0,0.0
5,3,0.0,0.0,0.0,0.7642265,0.0,0.23577349,0.0,0.0,0.0
5,3,0.0,0.0,0.0,0.7642265,0.0,0.23577349,0.0,0.0,0.0
5,3,0.0,0.0,0.0,0.7642265,0.0,0.23577349,0.0,0.0,0.0
5,3,0.0,0.0,0.0,0.7642265,0.0,0.23577349,0.0,0.0,0.0
5,3,0.0,0.0,0.0,0.7642265,0.0,0.23577349,0.0,0.0,0.0
5,3,0.0,0.0,0.0,0.7642265,0.0,0.23577349,0.0,0.0,0.0
5,3,0.0,0.0,0.0,0.7642265,0.0,0.23577349,0.0,0.0,0.0
5,3,0.0,0.0,0.0,0.7642265,0.0,0.23577349,0.0,0.0,0.0
5,3,0.0,0.0,0.0,0.7642265,0.0,0.23577349,0.0,0.0,0.0
5,3,0.0,0.0,0.0,0.7642265,0.0,0.23577349,0.0,0.0,0.0
5,3,0.0,0.0,0.0,0.7642265,0.0,0.23577349,0.0,0.0,0.0
5,3,0.0,0.0,0.0,0.7642265,0.0,0.23577349,0.0,0.0,0.0
5,3,0.0,0.0,0.0,0.7642265,0.0,0.23577349,0.0,0.0,0.0
5,3,0.0,0.0,0.0,0.7642265,0.0,0.23577349,0.0,0.0,0.0
5,3,0.0,0.0,0.0,0.7642265,0.0,0.23577349,0.0,0.0,0.0
5,3,0.0,0.0,0.0,0.7642265,0.0,0.23577349,0.0,0.0,0.0
5,3,0.0,0.0,0.0,0.7642265,0.0,0.23577349,0.0,0.0,0.0
5,3,0.0,0.0,0.0,0.7642265,0.0,0.23577349,0.0,0.0,0.0
5,3,0.0,0.0,0.0,0.7642265,0.0,0.23577349,0.0,0.0,0.0
5,3,0.0,0.0,0.0,0.823193,0.0,0.17680697,0.0,0.0,0.0
5,3,0.0,0.0,0.0,0.823193,0.0,0.17680697,0.0,0.0,0.0
5,3,0.0,0.0,0.0,0.823193,0.0,0.17680697,0.0,0.0,0.0
5,3,0.0,0.0,0.0,0.823193,0.0,0.17680697,0.0,0.0,0.0
5,3,0.0,0.0,0.0,0.823193,0.0,0.17680697,0.0,0.0,0.0
5,3,0.0,0.0,0.0,0.823193,0.0,0.17680697,0.0,0.0,0.0
5,3,0.0,0.0,0.0,0.823193,0.0,0.17680697,0.0,0.0,0.0
5,3,0.0,0.0,0.0,0.823193,0.0,0.17680697,0.0,0.0,0.0
5,3,0.0,0.0,0.0,0.823193,0.0,0.17680697,0.0,0.0,0.0
5,3,0.0,0.0,0.0,0.823193,0.0,0.17680697,0.0,0.0,0.0
5,3,0.0,0.0,0.0,0.823193,0.0,0.17680697,0.0,0.0,0.0
5,3,0.0,0.0,0.0,0.823193,0.0,0.17680697,0.0,0.0,0.0
5,3,0.0,0.0,0.0,0.823193,0.0,0.17680697,0.0,0.0,0.0
5,3,0.0,0.0,0.0,0.823193,0.0,0.17680697,0.0,0.0,0.0
5,3,0.0,0.0,0.0,0.823193,0.0,0.17680697,0.0,0.0,0.0
5,3,0.0,0.0,0.0,0.823193,0.0,0.17680697,0.0,0.0,0.0
5,3,0.0,0.0,0.0,0.93763447,0.0,0.062365558,0.0,0.0,0.0
5,3,0.0,0.0,0.0,0.93763447,0.0,0.062365558,0.0,0.0,0.0
5,3,0.0,0.0,0.0,0.93763447,0.0,0.062365558,0.0,0.0,0.0
5,3,0.0,0.0,0.0,0.93763447,0.0,0.062365558,0.0,0.0,0.0
5,3,0.0,0.0,0.0,0.93763447,0.0,0.062365558,0.0,0.0,0.0
5,3,0.0,0.0,0.0,0.93763447,0.0,0.062365558,0.0,0.0,0.0
5,3,0.0,0.0,0.0,0.93763447,0.0,0.062365558,0.0,0.0,0.0
5,3,0.0,0.0,0.0,0.93763447,0.0,0.062365558,0.0,0.0,0.0
5,3,0.0,0.0,0.0,0.93763447,0.0,0.062365558,0.0,0.0,0.0
5,3,0.0,0.0,0.0,0.93763447,0.0,0.062365558,0.0,0.0,0.0
5,3,0.0,0.0,0.0,0.93763447,0.0,0.062365558,0.0,0.0,0.0
5,3,0.0,0.0,0.0,0.93763447,0.0,0.062365558,0.0,0.0,0.0
5,3,0.0,0.0,0.0,0.93763447,0.0,0.062365558,0.0,0.0,0.0
5,3,0.0,0.0,0.0,0.93763447,0.0,0.062365558,0.0,0.0,0.0
5,3,0.0,0.0,0.0,0.93763447,0.0,0.062365558,0.0,0.0,0.0
5,3,0.0,0.0,0.0,0.93763447,0.0,0.062365558,0.0,0.0,0.0
5,3,0.0,0.0,0.0,0.93763447,0.0,0.062365558,0.0,0.0,0.0
5,3,0.0,0.0,0.0,0.93763447,0.0,0.062365558,0.0,0.0,0.0
5,3,0.0,0.0,0.0,0.93763447,0.0,0.062365558,0.0,0.0,0.0
5,3,0.0,0.0,0.0,0.93763447,0.0,0.062365558,0.0,0.0,0.0
5,3,0.0,0.0,0.0,0.93763447,0.0,0.062365558,0.0,0.0,0.0
5,3,0.0,0.0,0.0,0.93763447,0.0,0.062365558,0.0,0.0,0.0
5,3,0.0,0.0,0.0,0.93763447,0.0,0.062365558,0.0,0.0,0.0
5,3,0.0,0.0,0.0,0.93763447,0.0,0.062365558,0.0,0.0,0.0
5,3,0.0,0.0,0.0,0.93763447,0.0,0.062365558,0.0,0.0,0.0
5,3,0.0,0.0,0.0,0.93763447,0.0,0.062365558,0.0,0.0,0.0
5,3,0.0,0.0,0.0,0.93763447,0.0,0.062365558,0.0,0.0,0.0
5,3,0.0,0.0,0.0,0.93763447,0.0,0.062365558,0.0,0.0,0.0
5,3,0.0,0.0,0.0,1.0,0.0,0.0,0.0,0.0,0.0
5,3,0.0,0.0,0.0,1.0,0.0,0.0,0.0,0.0,0.0
5,3,0.06917775,0.0,0.0,0.93082225,0.0,0.0,0.0,0.0,0.0
5,3,0.06917775,0.0,0.0,0.93082225,0.0,0.0,0.0,0.0,0.0
5,3,0.06917775,0.0,0.0,0.93082225,0.0,0.0,0.0,0.0,0.0
5,3,0.06917775,0.0,0.0,0.93082225,0.0,0.0,0.0,0.0,0.0
5,3,0.06917775,0.0,0.0,0.93082225,0.0,0.0,0.0,0.0,0.0
5,3,0.06917775,0.0,0.0,0.93082225,0.0,0.0,0.0,0.0,0.0
5,3,0.06917775,0.0,0.0,0.93082225,0.0,0.0,0.0,0.0,0.0
5,3,0.06917775,0.0,0.0,0.93082225,0.0,0.0,0.0,0.0,0.0
5,3,0.06917775,0.0,0.0,0.93082225,0.0,0.0,0.0,0.0,0.0
5,3,0.06917775,0.0,0.0,0.93082225,0.0,0.0,0.0,0.0,0.0
5,3,0.06917775,0.0,0.0,0.93082225,0.0,0.0,0.0,0.0,0.0
5,3,0.06917775,0.0,0.0,0.93082225,0.0,0.0,0.0,0.0,0.0
5,3,0.06917775,0.0,0.0,0.93082225,0.0,0.0,0.0,0.0,0.0
5,3,0.06917775,0.0,0.0,0.93082225,0.0,0.0,0.0,0.0,0.0
5,3,0.06917775,0.0,0.0,0.93082225,0.0,0.0,0.0,0.0,0.0
5,3,0.06917775,0.0,0.0,0.93082225,0.0,0.0,0.0,0.0,0.0
5,3,0.06917775,0.0,0.0,0.93082225,0.0,0.0,0.0,0.0,0.0
5,3,0.06917775,0.0,0.0,0.93082225,0.0,0.0,0.0,0.0,0.0
5,3,0.06917775,0.0,0.0,0.93082225,0.0,0.0,0.0,0.0,0.0
5,3,0.06917775,0.0,0.0,0.93082225,0.0,0.0,0.0,0.0,0.0
5,3,0.06917775,0.0,0.0,0.93082225,0.0,0.0,0.0,0.0,0.0
5,3,0.06917775,0.0,0.0,0.93082225,0.0,0.0,0.0,0.0,0.0
5,3,0.06917775,0.0,0.0,0.93082225,0.0,0.0,0.0,0.0,0.0
5,3,0.06917775,0.0,0.0,0.93082225,0.0,0.0,0.0,0.0,0.0
5,3,0.06917775,0.0,0.0,0.93082225,0.0,0.0,0.0,0.0,0.0
5,3,0.06917775,0.0,0.0,0.93082225,0.0,0.0,0.0,0.0,0.0
5,3,0.06917775,0.0,0.0,0.93082225,0.0,0.0,0.0,0.0,0.0
5,3,0.06917775,0.0,0.0,0.93082225,0.0,0.0,0.0,0.0,0.0
5,3,0.06917775,0.0,0.0,0.93082225,0.0,0.0,0.0,0.0,0.0
5,3,0.06917775,0.0,0.0,0.93082225,0.0,0.0,0.0,0.0,0.0
5,3,0.06917775,0.0,0.0,0.93082225,0.0,0.0,0.0,0.0,0.0
5,3,0.06917775,0.0,0.0,0.93082225,0.0,0.0,0.0,0.0,0.0
5,3,0.06917775,0.0,0.0,0.93082225,0.0,0.0,0.0,0.0,0.0
5,3,0.06917775,0.0,0.0,0.93082225,0.0,0.0,0.0,0.0,0.0
5,3,0.06917775,0.0,0.0,0.93082225,0.0,0.0,0.0,0.0,0.0
5,3,0.06917775,0.0,0.0,0.93082225,0.0,0.0,0.0,0.0,0.0
5,3,0.06917775,0.0,0.0,0.93082225,0.0,0.0,0.0,0.0,0.0
5,3,0.06917775,0.0,0.0,0.93082225,0.0,0.0,0.0,0.0,0.0
5,3,0.06917775,0.0,0.0,0.93082225,0.0,0.0,0.0,0.0,0.0
5,3,0.06917775,0.0,0.0,0.93082225,0.0,0.0,0.0,0.0,0.0
5,3,0.06917775,0.0,0.0,0.93082225,0.0,0.0,0.0,0.0,0.0
5,3,0.06917775,0.0,0.0,0.93082225,0.0,0.0,0.0,0.0,0.0
5,3,0.06917775,0.0,0.0,0.93082225,0.0,0.0,0.0,0.0,0.0
5,3,0.06917775,0.0,0.0,0.93082225,0.0,0.0,0.0,0.0,0.0
5,3,0.06917775,0.0,0.0,0.93082225,0.0,0.0,0.0,0.0,0.0
5,3,0.06917775,0.0,0.0,0.93082225,0.0,0.0,0.0,0.0,0.0
5,3,0.06917775,0.0,0.0,0.93082225,0.0,0.0,0.0,0.0,0.0
5,3,0.06917775,0.0,0.0,0.93082225,0.0,0.0,0.0,0.0,0.0
5,3,0.06917775,0.0,0.0,0.93082225,0.0,0.0,0.0,0.0,0.0
5,3,0.06917775,0.0,0.0,0.93082225,0.0,0.0,0.0,0.0,0.0
5,3,0.06917775,0.0,0.0,0.93082225,0.0,0.0,0.0,0.0,0.0
5,3,0.06917775,0.0,0.0,0.93082225,0.0,0.0,0.0,0.0,0.0
5,3,0.06917775,0.0,0.0,0.93082225,0.0,0.0,0.0,0.0,0.0
5,3,0.06917775,0.0,0.0,0.93082225,0.0,0.0,0.0,0.0,0.0
5,3,0.06917775,0.0,0.0,0.93082225,0.0,0.0,0.0,0.0,0.0
5,3,0.06917775,0.0,0.0,0.93082225,0.0,0.0,0.0,0.0,0.0
5,3,0.06917775,0.0,0.0,0.93082225,0.0,0.0,0.0,0.0,0.0
5,3,0.06917775,0.0,0.0,0.93082225,0.0,0.0,0.0,0.0,0.0
5,3,0.06917775,0.0,0.0,0.93082225,0.0,0.0,0.0,0.0,0.0
5,3,0.06917775,0.0,0.0,0.93082225,0.0,0.0,0.0,0.0,0.0
5,3,0.06917775,0.0,0.0,0.93082225,0.0,0.0,0.0,0.0,0.0
5,3,0.06917775,0.0,0.0,0.93082225,0.0,0.0,0.0,0.0,0.0
5,3,0.06917775,0.0,0.0,0.93082225,0.0,0.0,0.0,0.0,0.0
5,3,0.06917775,0.0,0.0,0.93082225,0.0,0.0,0.0,0.0,0.0
5,3,0.06917775,0.0,0.0,0.93082225,0.0,0.0,0.0,0.0,0.0
5,3,0.06917775,0.0,0.0,0.93082225,0.0,0.0,0.0,0.0,0.0
5,3,0.06917775,0.0,0.0,0.93082225,0.0,0.0,0.0,0.0,0.0
5,3,0.06917775,0.0,0.0,0.93082225,0.0,0.0,0.0,0.0,0.0
5,3,0.06917775,0.0,0.0,0.93082225,0.0,0.0,0.0,0.0,0.0
5,3,0.06917775,0.0,0.0,0.93082225,0.0,0.0,0.0,0.0,0.0
5,3,0.06917775,0.0,0.0,0.93082225,0.0,0.0,0.0,0.0,0.0
5,3,0.06917775,0.0,0.0,0.93082225,0.0,0.0,0.0,0.0,0.0
5,3,0.14026919,0.0,0.0,0.8597308,0.0,0.0,0.0,0.0,0.0
5,3,0.14026919,0.0,0.0,0.8597308,0.0,0.0,0.0,0.0,0.0
5,3,0.14026919,0.0,0.0,0.8005615,0.0,0.0,0.0,0.05916933,0.0
5,3,0.14026919,0.0,0.0,0.8005615,0.0,0.0,0.0,0.05916933,0.0
5,3,0.14026919,0.0,0.0,0.8005615,0.0,0.0,0.0,0.05916933,0.0
5,3,0.14026919,0.0,0.0,0.8005615,0.0,0.0,0.0,0.05916933,0.0
5,3,0.14026919,0.0,0.0,0.8005615,0.0,0.0,0.0,0.05916933,0.0
5,3,0.14026919,0.0,0.0,0.8005615,0.0,0.0,0.0,0.05916933,0.0
5,3,0.14026919,0.0,0.0,0.8005615,0.0,0.0,0.0,0.05916933,0.0
5,3,0.14026919,0.0,0.0,0.8005615,0.0,0.0,0.0,0.05916933,0.0
5,3,0.14026919,0.0,0.0,0.8005615,0.0,0.0,0.0,0.05916933,0.0
5,3,0.14026919,0.0,0.0,0.8005615,0.0,0.0,0.0,0.05916933,0.0
5,3,0.14026919,0.0,0.0,0.8005615,0.0,0.0,0.0,0.05916933,0.0
5,3,0.14026919,0.0,0.0,0.8005615,0.0,0.0,0.0,0.05916933,0.0
5,3,0.14026919,0.0,0.0,0.8005615,0.0,0.0,0.0,0.05916933,0.0
5,3,0.14026919,0.0,0.0,0.8005615,0.0,0.0,0.0,0.05916933,0.0
5,3,0.14026919,0.0,0.0,0.8005615,0.0,0.0,0.0,0.05916933,0.0
5,3,0.14026919,0.0,0.0,0.8005615,0.0,0.0,0.0,0.05916933,0.0
5,3,0.14026919,0.0,0.0,0.8005615,0.0,0.0,0.0,0.05916933,0.0
5,3,0.14026919,0.0,0.0,0.8005615,0.0,0.0,0.0,0.05916933,0.0
5,3,0.14026919,0.0,0.0,0.8005615,0.0,0.0,0.0,0.05916933,0.0
5,3,0.14026919,0.0,0.0,0.8005615,0.0,0.0,0.0,0.05916933,0.0
5,3,0.14026919,0.0,0.0,0.8005615,0.0,0.0,0.0,0.05916933,0.0
5,3,0.14026919,0.0,0.0,0.8005615,0.0,0.0,0.0,0.05916933,0.0
5,3,0.14026919,0.0,0.0,0.8005615,0.0,0.0,0.0,0.05916933,0.0
5,3,0.14026919,0.0,0.0,0.8005615,0.0,0.0,0.0,0.05916933,0.0
5,3,0.14026919,0.0,0.0,0.8005615,0.0,0.0,0.0,0.05916933,0.0
5,3,0.14026919,0.0,0.0,0.8005615,0.0,0.0,0.0,0.05916933,0.0
5,3,0.14026919,0.0,0.0,0.8005615,0.0,0.0,0.0,0.05916933,0.0
5,3,0.14026919,0.0,0.0,0.8005615,0.0,0.0,0.0,0.05916933,0.0
5,3,0.14026919,0.0,0.0,0.8005615,0.0,0.0,0.0,0.05916933,0.0
5,3,0.14026919,0.0,0.0,0.8005615,0.0,0.0,0.0,0.05916933,0.0
5,3,0.14026919,0.0,0.0,0.8005615,0.0,0.0,0.0,0.05916933,0.0
5,3,0.14026919,0.0,0.0,0.8005615,0.0,0.0,0.0,0.05916933,0.0
5,3,0.14026919,0.0,0.0,0.8005615,0.0,0.0,0.0,0.05916933,0.0
5,3,0.14026919,0.0,0.0,0.8005615,0.0,0.0,0.0,0.05916933,0.0
5,3,0.14026919,0.0,0.0,0.8005615,0.0,0.0,0.0,0.05916933,0.0
5,3,0.14026919,0.0,0.0,0.8005615,0.0,0.0,0.0,0.05916933,0.0
5,3,0.14026919,0.0,0.0,0.8005615,0.0,0.0,0.0,0.05916933,0.0
5,3,0.14026919,0.0,0.0,0.8005615,0.0,0.0,0.0,0.05916933,0.0
5,3,0.14026919,0.0,0.0,0.8005615,0.0,0.0,0.0,0.05916933,0.0
5,3,0.14026919,0.0,0.0,0.8005615,0.0,0.0,0.0,0.05916933,0.0
5,3,0.07109144,0.0,0.0,0.86973923,0.0,0.0,0.0,0.05916933,0.0
5,3,0.07109144,0.0,0.0,0.86973923,0.0,0.0,0.0,0.05916933,0.0
5,3,0.07109144,0.0,0.0,0.86973923,0.0,0.0,0.0,0.05916933,0.0
5,3,0.07109144,0.0,0.0,0.86973923,0.0,0.0,0.0,0.05916933,0.0
5,3,0.07109144,0.0,0.0,0.86973923,0.0,0.0,0.0,0.05916933,0.0
5,3,0.07109144,0.0,0.0,0.86973923,0.0,0.0,0.0,0.05916933,0.0
5,3,0.07109144,0.0,0.0,0.86973923,0.0,0.0,0.0,0.05916933,0.0
5,3,0.07109144,0.0,0.0,0.86973923,0.0,0.0,0.0,0.05916933,0.0
5,3,0.07109144,0.0,0.0,0.86973923,0.0,0.0,0.0,0.05916933,0.0
5,3,0.07109144,0.0,0.0,0.86973923,0.0,0.0,0.0,0.05916933,0.0
5,3,0.07109144,0.0,0.0,0.86973923,0.0,0.0,0.0,0.05916933,0.0
5,3,0.07109144,0.0,0.0,0.86973923,0.0,0.0,0.0,0.05916933,0.0
5,3,0.07109144,0.0,0.0,0.86973923,0.0,0.0,0.0,0.05916933,0.0
5,3,0.07109144,0.0,0.0,0.86973923,0.0,0.0,0.0,0.05916933,0.0
5,3,0.07109144,0.0,0.0,0.86973923,0.0,0.0,0.0,0.05916933,0.0
5,3,0.07109144,0.0,0.0,0.86973923,0.0,0.0,0.0,0.05916933,0.0
5,3,0.07109144,0.0,0.0,0.86973923,0.0,0.0,0.0,0.05916933,0.0
5,3,0.07109144,0.0,0.0,0.86973923,0.0,0.0,0.0,0.05916933,0.0
5,3,0.07109144,0.0,0.0,0.86973923,0.0,0.0,0.0,0.05916933,0.0
5,3,0.07109144,0.0,0.0,0.86973923,0.0,0.0,0.0,0.05916933,0.0
5,3,0.07109144,0.0,0.0,0.86973923,0.0,0.0,0.0,0.05916933,0.0
5,3,0.07109144,0.0,0.0,0.86973923,0.0,0.0,0.0,0.05916933,0.0
5,3,0.07109144,0.0,0.0,0.86973923,0.0,0.0,0.0,0.05916933,0.0
5,3,0.07109144,0.0,0.0,0.86973923,0.0,0.0,0.0,0.05916933,0.0
5,3,0.07109144,0.0,0.0,0.86973923,0.0,0.0,0.0,0.05916933,0.0
5,3,0.07109144,0.0,0.0,0.86973923,0.0,0.0,0.0,0.05916933,0.0
5,3,0.07109144,0.0,0.0,0.86973923,0.0,0.0,0.0,0.05916933,0.0
5,3,0.07109144,0.0,0.0,0.86973923,0.0,0.0,0.0,0.05916933,0.0
5,3,0.07109144,0.0,0.0,0.86973923,0.0,0.0,0.0,0.05916933,0.0
5,3,0.07109144,0.0,0.0,0.86973923,0.0,0.0,0.0,0.05916933,0.0
5,3,0.07109144,0.0,0.0,0.86973923,0.0,0.0,0.0,0.05916933,0.0
5,3,0.07109144,0.0,0.0,0.86973923,0.0,0.0,0.0,0.05916933,0.0
5,3,0.07109144,0.0,0.0,0.86973923,0.0,0.0,0.0,0.05916933,0.0
5,3,0.07109144,0.0,0.0,0.86973923,0.0,0.0,0.0,0.05916933,0.0
5,3,0.07109144,0.0,0.0,0.86973923,0.0,0.0,0.0,0.05916933,0.0
5,3,0.07109144,0.0,0.0,0.86973923,0.0,0.0,0.0,0.05916933,0.0
5,3,0.07109144,0.0,0.0,0.86973923,0.0,0.0,0.0,0.05916933,0.0
5,3,0.07109144,0.0,0.0,0.86973923,0.0,0.0,0.0,0.05916933,0.0
5,3,0.07109144,0.0,0.0,0.86973923,0.0,0.0,0.0,0.05916933,0.0
5,3,0.07109144,0.0,0.0,0.86973923,0.0,0.0,0.0,0.05916933,0.0
5,3,0.07109144,0.0,0.0,0.86973923,0.0,0.0,0.0,0.05916933,0.0
5,3,0.07109144,0.0,0.0,0.86973923,0.0,0.0,0.0,0.05916933,0.0
5,3,0.07109144,0.0,0.0,0.86973923,0.0,0.0,0.0,0.05916933,0.0
5,3,0.07109144,0.0,0.0,0.86973923,0.0,0.0,0.0,0.05916933,0.0
5,3,0.07109144,0.0,0.0,0.86973923,0.0,0.0,0.0,0.05916933,0.0
5,3,0.07109144,0.0,0.0,0.86973923,0.0,0.0,0.0,0.05916933,0.0
5,3,0.07109144,0.0,0.0,0.86973923,0.0,0.0,0.0,0.05916933,0.0
5,3,0.07109144,0.0,0.0,0.86973923,0.0,0.0,0.0,0.05916933,0.0
5,3,0.07109144,0.0,0.0,0.86973923,0.0,0.0,0.0,0.05916933,0.0
5,3,0.07109144,0.0,0.0,0.86973923,0.0,0.0,0.0,0.05916933,0.0
5,3,0.07109144,0.0,0.0,0.86973923,0.0,0.0,0.0,0.05916933,0.0
5,3,0.07109144,0.0,0.0,0.86973923,0.0,0.0,0.0,0.05916933,0.0
5,3,0.07109144,0.0,0.0,0.86973923,0.0,0.0,0.0,0.05916933,0.0
5,3,0.07109144,0.0,0.0,0.86973923,0.0,0.0,0.0,0.05916933,0.0
5,3,0.07109144,0.0,0.0,0.86973923,0.0,0.0,0.0,0.05916933,0.0
5,3,0.07109144,0.0,0.0,0.86973923,0.0,0.0,0.0,0.05916933,0.0
5,3,0.07109144,0.0,0.0,0.86973923,0.0,0.0,0.0,0.05916933,0.0
5,3,0.07109144,0.0,0.0,0.86973923,0.0,0.0,0.0,0.05916933,0.0
5,3,0.07109144,0.0,0.0,0.86973923,0.0,0.0,0.0,0.05916933,0.0
5,3,0.07109144,0.0,0.0,0.86973923,0.0,0.0,0.0,0.05916933,0.0
5,3,0.07109144,0.0,0.0,0.86973923,0.0,0.0,0.0,0.05916933,0.0
5,3,0.07109144,0.0,0.0,0.86973923,0.0,0.0,0.0,0.05916933,0.0
5,3,0.07109144,0.0,0.0,0.86973923,0.0,0.0,0.0,0.05916933,0.0
5,3,0.07109144,0.0,0.0,0.86973923,0.0,0.0,0.0,0.05916933,0.0
5,3,0.07109144,0.0,0.0,0.86973923,0.0,0.0,0.0,0.05916933,0.0
5,3,0.07109144,0.0,0.0,0.86973923,0.0,0.0,0.0,0.05916933,0.0
5,3,0.07109144,0.0,0.0,0.86973923,0.0,0.0,0.0,0.05916933,0.0
5,3,0.07109144,0.0,0.0,0.86973923,0.0,0.0,0.0,0.05916933,0.0
5,3,0.07109144,0.0,0.0,0.86973923,0.0,0.0,0.0,0.05916933,0.0
5,3,0.07109144,0.0,0.0,0.86973923,0.0,0.0,0.0,0.05916933,0.0
5,3,0.07109144,0.0,0.0,0.86973923,0.0,0.0,0.0,0.05916933,0.0
5,3,0.07109144,0.0,0.0,0.86973923,0.0,0.0,0.0,0.05916933,0.0
5,3,0.07109144,0.0,0.0,0.86973923,0.0,0.0,0.0,0.05916933,0.0
5,3,0.07109144,0.0,0.0,0.86973923,0.0,0.0,0.0,0.05916933,0.0
5,3,0.07109144,0.0,0.0,0.86973923,0.0,0.0,0.0,0.05916933,0.0
5,3,0.07109144,0.0,0.0,0.86973923,0.0,0.0,0.0,0.05916933,0.0
5,3,0.14026919,0.0,0.0,0.8005615,0.0,0.0,0.0,0.05916933,0.0
5,3,0.14026919,0.0,0.0,0.8005615,0.0,0.0,0.0,0.05916933,0.0
5,3,0.14026919,0.0,0.0,0.8005615,0.0,0.0,0.0,0.05916933,0.0
5,3,0.14026919,0.0,0.0,0.8005615,0.0,0.0,0.0,0.05916933,0.0
5,3,0.14026919,0.0,0.0,0.8005615,0.0,0.0,0.0,0.05916933,0.0
5,3,0.14026919,0.0,0.0,0.8005615,0.0,0.0,0.0,0.05916933,0.0
5,3,0.14026919,0.0,0.0,0.8005615,0.0,0.0,0.0,0.05916933,0.0
5,3,0.14026919,0.0,0.0,0.8005615,0.0,0.0,0.0,0.05916933,0.0
5,3,0.14026919,0.0,0.0,0.8005615,0.0,0.0,0.0,0.05916933,0.0
5,3,0.14026919,0.0,0.0,0.8005615,0.0,0.0,0.0,0.05916933,0.0
5,3,0.14026919,0.0,0.0,0.8005615,0.0,0.0,0.0,0.05916933,0.0
5,3,0.14026919,0.0,0.0,0.8005615,0.0,0.0,0.0,0.05916933,0.0
5,3,0.14026919,0.0,0.0,0.8005615,0.0,0.0,0.0,0.05916933,0.0
5,3,0.14026919,0.0,0.0,0.8005615,0.0,0.0,0.0,0.05916933,0.0
5,3,0.14026919,0.0,0.0,0.8005615,0.0,0.0,0.0,0.05916933,0.0
5,3,0.14026919,0.0,0.0,0.8005615,0.0,0.0,0.0,0.05916933,0.0
5,3,0.14026919,0.0,0.0,0.8005615,0.0,0.0,0.0,0.05916933,0.0
5,3,0.14026919,0.0,0.0,0.8005615,0.0,0.0,0.0,0.05916933,0.0
5,3,0.14026919,0.0,0.0,0.8005615,0.0,0.0,0.0,0.05916933,0.0
5,3,0.14026919,0.0,0.0,0.8005615,0.0,0.0,0.0,0.05916933,0.0
5,3,0.14026919,0.0,0.0,0.8005615,0.0,0.0,0.0,0.05916933,0.0
5,3,0.14026919,0.0,0.0,0.8005615,0.0,0.0,0.0,0.05916933,0.0
5,3,0.14026919,0.0,0.0,0.8005615,0.0,0.0,0.0,0.05916933,0.0
5,3,0.14026919,0.0,0.0,0.8005615,0.0,0.0,0.0,0.05916933,0.0
5,3,0.14026919,0.0,0.0,0.8005615,0.0,0.0,0.0,0.05916933,0.0
5,3,0.14026919,0.0,0.0,0.8005615,0.0,0.0,0.0,0.05916933,0.0
5,3,0.14026919,0.0,0.0,0.8005615,0.0,0.0,0.0,0.05916933,0.0
5,3,0.14026919,0.0,0.0,0.8005615,0.0,0.0,0.0,0.05916933,0.0
5,3,0.14026919,0.0,0.0,0.8005615,0.0,0.0,0.0,0.05916933,0.0
5,3,0.14026919,0.0,0.0,0.8005615,0.0,0.0,0.0,0.05916933,0.0
5,3,0.14026919,0.0,0.0,0.8005615,0.0,0.0,0.0,0.05916933,0.0
5,3,0.14026919,0.0,0.0,0.8005615,0.0,0.0,0.0,0.05916933,0.0
5,3,0.14026919,0.0,0.0,0.8005615,0.0,0.0,0.0,0.05916933,0.0
5,3,0.14026919,0.0,0.0,0.8005615,0.0,0.0,0.0,0.05916933,0.0
5,3,0.14026919,0.0,0.0,0.8005615,0.0,0.0,0.0,0.05916933,0.0
5,3,0.06917775,0.0,0.0,0.87165296,0.0,0.0,0.0,0.05916933,0.0
5,3,0.06917775,0.0,0.0,0.87165296,0.0,0.0,0.0,0.05916933,0.0
5,3,0.06917775,0.0,0.0,0.87165296,0.0,0.0,0.0,0.05916933,0.0
5,3,0.0,0.0,0.0,0.9408307,0.0,0.0,0.0,0.05916933,0.0
5,3,0.0,0.0,0.0,0.9408307,0.0,0.0,0.0,0.05916933,0.0
5,3,0.0,0.0,0.0,0.9408307,0.0,0.0,0.0,0.05916933,0.0
5,3,0.0,0.0,0.0,0.9408307,0.0,0.0,0.0,0.05916933,0.0
5,3,0.0,0.0,0.0,0.9408307,0.0,0.0,0.0,0.05916933,0.0
5,3,0.0,0.0,0.0,0.9408307,0.0,0.0,0.0,0.05916933,0.0
5,3,0.0,0.0,0.0,0.9408307,0.0,0.0,0.0,0.05916933,0.0
5,3,0.0,0.0,0.0,0.9408307,0.0,0.0,0.0,0.05916933,0.0
5,3,0.0,0.0,0.0,0.9408307,0.0,0.0,0.0,0.05916933,0.0
5,3,0.0,0.0,0.0,0.9408307,0.0,0.0,0.0,0.05916933,0.0
5,3,0.0,0.0,0.0,0.9408307,0.0,0.0,0.0,0.05916933,0.0
5,3,0.0,0.0,0.0,0.9408307,0.0,0.0,0.0,0.05916933,0.0
5,3,0.0,0.0,0.0,0.9408307,0.0,0.0,0.0,0.05916933,0.0
5,3,0.0,0.0,0.0,0.9408307,0.0,0.0,0.0,0.05916933,0.0
5,3,0.0,0.0,0.0,0.9408307,0.0,0.0,0.0,0.05916933,0.0
5,3,0.0,0.0,0.0,0.9408307,0.0,0.0,0.0,0.05916933,0.0
5,3,0.0,0.0,0.0,0.9408307,0.0,0.0,0.0,0.05916933,0.0
5,3,0.0,0.0,0.0,0.9408307,0.0,0.0,0.0,0.05916933,0.0
5,3,0.0,0.0,0.0,0.9408307,0.0,0.0,0.0,0.05916933,0.0
5,3,0.0,0.0,0.0,0.9408307,0.0,0.0,0.0,0.05916933,0.0
5,3,0.0,0.0,0.0,0.9408307,0.0,0.0,0.0,0.05916933,0.0
5,3,0.0,0.0,0.0,0.9408307,0.0,0.0,0.0,0.05916933,0.0
5,3,0.0,0.0,0.0,0.9408307,0.0,0.0,0.0,0.05916933,0.0
5,3,0.0,0.0,0.0,0.9408307,0.0,0.0,0.0,0.05916933,0.0
5,3,0.0,0.0,0.0,0.9408307,0.0,0.0,0.0,0.05916933,0.0
5,3,0.0,0.0,0.0,0.9408307,0.0,0.0,0.0,0.05916933,0.0
5,3,0.0,0.0,0.0,0.9408307,0.0,0.0,0.0,0.05916933,0.0
5,3,0.0,0.0,0.0,0.9408307,0.0,0.0,0.0,0.05916933,0.0
5,3,0.0,0.0,0.0,0.9408307,0.0,0.0,0.0,0.05916933,0.0
5,3,0.0,0.0,0.0,0.9408307,0.0,0.0,0.0,0.05916933,0.0
5,3,0.0,0.0,0.0,0.9408307,0.0,0.0,0.0,0.05916933,0.0
5,3,0.0,0.0,0.0,0.9408307,0.0,0.0,0.0,0.05916933,0.0
5,3,0.0,0.0,0.0,0.9408307,0.0,0.0,0.0,0.05916933,0.0
5,3,0.0,0.0,0.0,0.9408307,0.0,0.0,0.0,0.05916933,0.0
5,3,0.0,0.0,0.0,0.9408307,0.0,0.0,0.0,0.05916933,0.0
5,3,0.0,0.0,0.0,0.9408307,0.0,0.0,0.0,0.05916933,0.0
5,3,0.0,0.0,0.0,0.9408307,0.0,0.0,0.0,0.05916933,0.0
5,3,0.0,0.0,0.0,0.9408307,0.0,0.0,0.0,0.05916933,0.0
5,3,0.0,0.0,0.0,0.9408307,0.0,0.0,0.0,0.05916933,0.0
5,3,0.0,0.0,0.0,0.9408307,0.0,0.0,0.0,0.05916933,0.0
5,3,0.0,0.0,0.0,0.9408307,0.0,0.0,0.0,0.05916933,0.0
5,3,0.0,0.0,0.0,0.9408307,0.0,0.0,0.0,0.05916933,0.0
5,3,0.0,0.0,0.0,0.9408307,0.0,0.0,0.0,0.05916933,0.0
5,3,0.0,0.0,0.0,0.9408307,0.0,0.0,0.0,0.05916933,0.0
5,3,0.0,0.0,0.0,0.9408307,0.0,0.0,0.0,0.05916933,0.0
5,3,0.0,0.0,0.0,0.9408307,0.0,0.0,0.0,0.05916933,0.0
5,3,0.0,0.0,0.0,0.9408307,0.0,0.0,0.0,0.05916933,0.0
5,3,0.0,0.0,0.0,0.9408307,0.0,0.0,0.0,0.05916933,0.0
5,3,0.0,0.0,0.0,0.9408307,0.0,0.0,0.0,0.05916933,0.0
5,3,0.0,0.0,0.0,0.9408307,0.0,0.0,0.0,0.05916933,0.0
5,3,0.0,0.0,0.0,0.9408307,0.0,0.0,0.0,0.05916933,0.0
5,3,0.0,0.0,0.0,0.9408307,0.0,0.0,0.0,0.05916933,0.0
5,3,0.0,0.0,0.0,0.9408307,0.0,0.0,0.0,0.05916933,0.0
5,3,0.0,0.0,0.0,0.9408307,0.0,0.0,0.0,0.05916933,0.0
5,3,0.0,0.0,0.0,0.9408307,0.0,0.0,0.0,0.05916933,0.0
5,3,0.0,0.0,0.0,0.9408307,0.0,0.0,0.0,0.05916933,0.0
5,3,0.0,0.0,0.0,0.9408307,0.0,0.0,0.0,0.05916933,0.0
5,3,0.0,0.0,0.0,0.9408307,0.0,0.0,0.0,0.05916933,0.0
5,3,0.0,0.0,0.0,0.9408307,0.0,0.0,0.0,0.05916933,0.0
5,3,0.0,0.0,0.0,0.9408307,0.0,0.0,0.0,0.05916933,0.0
5,3,0.0,0.0,0.0,0.9408307,0.0,0.0,0.0,0.05916933,0.0
5,3,0.0,0.0,0.0,0.9408307,0.0,0.0,0.0,0.05916933,0.0
5,3,0.0,0.0,0.0,0.9408307,0.0,0.0,0.0,0.05916933,0.0
5,3,0.0,0.0,0.0,0.9408307,0.0,0.0,0.0,0.05916933,0.0
5,3,0.0,0.0,0.0,0.9408307,0.0,0.0,0.0,0.05916933,0.0
5,3,0.0,0.0,0.0,0.9408307,0.0,0.0,0.0,0.05916933,0.0
5,3,0.0,0.0,0.0,0.9408307,0.0,0.0,0.0,0.05916933,0.0
5,3,0.0,0.0,0.0,0.9408307,0.0,0.0,0.0,0.05916933,0.0
5,3,0.0,0.0,0.0,0.9408307,0.0,0.0,0.0,0.05916933,0.0
5,3,0.0,0.0,0.0,0.9408307,0.0,0.0,0.0,0.05916933,0.0
5,3,0.0,0.0,0.0,0.9408307,0.0,0.0,0.0,0.05916933,0.0
5,3,0.0,0.0,0.0,0.9408307,0.0,0.0,0.0,0.05916933,0.0
5,3,0.0,0.0,0.0,0.9408307,0.0,0.0,0.0,0.05916933,0.0
5,3,0.0,0.0,0.0,0.9408307,0.0,0.0,0.0,0.05916933,0.0
5,3,0.0,0.0,0.0,0.9408307,0.0,0.0,0.0,0.05916933,0.0
5,3,0.0,0.0,0.0,0.9408307,0.0,0.0,0.0,0.05916933,0.0
5,3,0.0,0.0,0.0,0.9408307,0.0,0.0,0.0,0.05916933,0.0
5,3,0.0,0.0,0.0,0.9408307,0.0,0.0,0.0,0.05916933,0.0
5,3,0.0,0.0,0.0,0.87400645,0.0,0.06288862,0.0,0.0631049,0.0
5,3,0.0,0.0,0.0,0.87400645,0.0,0.06288862,0.0,0.0631049,0.0
5,3,0.0,0.0,0.0,0.87400645,0.0,0.06288862,0.0,0.0631049,0.0
5,3,0.0,0.0,0.0,0.87400645,0.0,0.06288862,0.0,0.0631049,0.0
5,3,0.0,0.0,0.0,0.87400645,0.0,0.06288862,0.0,0.0631049,0.0
5,3,0.0,0.0,0.0,0.87400645,0.0,0.06288862,0.0,0.0631049,0.0
5,3,0.0,0.0,0.0,0.87400645,0.0,0.06288862,0.0,0.0631049,0.0
5,3,0.0,0.0,0.0,0.87400645,0.0,0.06288862,0.0,0.0631049,0.0
5,3,0.0,0.0,0.0,0.87400645,0.0,0.06288862,0.0,0.0631049,0.0
5,3,0.0,0.0,0.0,0.87400645,0.0,0.06288862,0.0,0.0631049,0.0
5,3,0.0,0.0,0.0,0.87400645,0.0,0.06288862,0.0,0.0631049,0.0
5,3,0.0,0.0,0.0,0.87400645,0.0,0.06288862,0.0,0.0631049,0.0
5,3,0.0,0.0,0.0,0.87400645,0.0,0.06288862,0.0,0.0631049,0.0
5,3,0.0,0.0,0.0,0.87400645,0.0,0.06288862,0.0,0.0631049,0.0
5,3,0.0,0.0,0.0,0.87400645,0.0,0.06288862,0.0,0.0631049,0.0
5,3,0.0,0.0,0.0,0.87400645,0.0,0.06288862,0.0,0.0631049,0.0
5,3,0.0,0.0,0.0,0.87400645,0.0,0.06288862,0.0,0.0631049,0.0
5,3,0.0,0.0,0.0,0.87400645,0.0,0.06288862,0.0,0.0631049,0.0
5,3,0.0,0.0,0.0,0.87400645,0.0,0.06288862,0.0,0.0631049,0.0
5,3,0.0,0.0,0.0,0.87400645,0.0,0.06288862,0.0,0.0631049,0.0
5,3,0.0,0.0,0.0,0.87400645,0.0,0.06288862,0.0,0.0631049,0.0
5,3,0.0,0.0,0.0,0.87400645,0.0,0.06288862,0.0,0.0631049,0.0
5,3,0.0,0.0,0.0,0.87400645,0.0,0.06288862,0.0,0.0631049,0.0
5,3,0.0,0.0,0.0,0.87400645,0.0,0.06288862,0.0,0.0631049,0.0
5,3,0.0,0.0,0.0,0.86573595,0.0,0.067016795,0.0,0.06724727,0.0
5,3,0.0,0.0,0.0,0.86573595,0.0,0.067016795,0.0,0.06724727,0.0
5,3,0.0,0.0,0.0,0.86573595,0.0,0.067016795,0.0,0.06724727,0.0
5,3,0.0,0.0,0.0,0.86573595,0.0,0.067016795,0.0,0.06724727,0.0
5,3,0.0,0.0,0.0,0.86573595,0.0,0.067016795,0.0,0.06724727,0.0
5,3,0.0,0.0,0.0,0.86573595,0.0,0.067016795,0.0,0.06724727,0.0
5,3,0.0,0.0,0.0,0.86573595,0.0,0.067016795,0.0,0.06724727,0.0
5,3,0.0,0.0,0.0,0.86573595,0.0,0.067016795,0.0,0.06724727,0.0
5,3,0.0,0.0,0.0,0.86573595,0.0,0.067016795,0.0,0.06724727,0.0
5,3,0.0,0.0,0.0,0.86573595,0.0,0.067016795,0.0,0.06724727,0.0
5,3,0.0,0.0,0.0,0.86573595,0.0,0.067016795,0.0,0.06724727,0.0
5,3,0.0,0.0,0.0,0.86573595,0.0,0.067016795,0.0,0.06724727,0.0
5,3,0.0,0.0,0.0,0.86573595,0.0,0.067016795,0.0,0.06724727,0.0
5,3,0.0,0.0,0.0,0.86573595,0.0,0.067016795,0.0,0.06724727,0.0
5,3,0.0,0.0,0.0,0.86573595,0.0,0.067016795,0.0,0.06724727,0.0
5,3,0.0,0.0,0.0,0.86573595,0.0,0.067016795,0.0,0.06724727,0.0
5,3,0.0,0.0,0.0,0.86573595,0.0,0.067016795,0.0,0.06724727,0.0
5,3,0.0,0.0,0.0,0.86573595,0.0,0.067016795,0.0,0.06724727,0.0
5,3,0.0,0.0,0.0,0.86573595,0.0,0.067016795,0.0,0.06724727,0.0
5,3,0.0,0.0,0.0,0.86573595,0.0,0.067016795,0.0,0.06724727,0.0
5,3,0.0,0.0,0.0,0.86573595,0.0,0.067016795,0.0,0.06724727,0.0
5,3,0.0,0.0,0.0,0.86573595,0.0,0.067016795,0.0,0.06724727,0.0
5,3,0.0,0.0,0.0,0.86573595,0.0,0.067016795,0.0,0.06724727,0.0
5,3,0.0,0.0,0.0,0.86573595,0.0,0.067016795,0.0,0.06724727,0.0
5,3,0.0,0.0,0.0,0.86573595,0.0,0.067016795,0.0,0.06724727,0.0
5,3,0.0,0.0,0.0,0.86573595,0.0,0.067016795,0.0,0.06724727,0.0
5,3,0.0,0.0,0.0,0.86573595,0.0,0.067016795,0.0,0.06724727,0.0
5,3,0.0,0.0,0.0,0.86573595,0.0,0.067016795,0.0,0.06724727,0.0
5,3,0.0,0.0,0.0,0.86573595,0.0,0.067016795,0.0,0.06724727,0.0
5,3,0.0,0.0,0.0,0.86573595,0.0,0.067016795,0.0,0.06724727,0.0
5,3,0.0,0.0,0.0,0.86573595,0.0,0.067016795,0.0,0.06724727,0.0
5,3,0.0,0.0,0.0,0.86573595,0.0,0.067016795,0.0,0.06724727,0.0
5,3,0.0,0.0,0.0,0.86573595,0.0,0.067016795,0.0,0.06724727,0.0
5,3,0.0,0.0,0.0,0.86573595,0.0,0.067016795,0.0,0.06724727,0.0
5,3,0.0,0.0,0.0,0.86573595,0.0,0.067016795,0.0,0.06724727,0.0
5,3,0.0,0.0,0.0,0.86573595,0.0,0.067016795,0.0,0.06724727,0.0
5,3,0.0,0.0,0.0,0.86573595,0.0,0.067016795,0.0,0.06724727,0.0
5,3,0.0,0.0,0.0,0.86573595,0.0,0.067016795,0.0,0.06724727,0.0
5,3,0.0,0.0,0.0,0.86573595,0.0,0.067016795,0.0,0.06724727,0.0
5,3,0.0,0.0,0.0,0.86573595,0.0,0.067016795,0.0,0.06724727,0.0
5,3,0.0,0.0,0.0,0.86573595,0.0,0.067016795,0.0,0.06724727,0.0
5,3,0.0,0.0,0.0,0.86573595,0.0,0.067016795,0.0,0.06724727,0.0
5,3,0.0,0.0,0.0,0.86573595,0.0,0.067016795,0.0,0.06724727,0.0
5,3,0.0,0.0,0.0,0.86573595,0.0,0.067016795,0.0,0.06724727,0.0
5,3,0.0,0.0,0.0,0.86573595,0.0,0.067016795,0.0,0.06724727,0.0
5,3,0.0,0.0,0.0,0.86573595,0.0,0.067016795,0.0,0.06724727,0.0
5,3,0.0,0.0,0.0,0.86573595,0.0,0.067016795,0.0,0.06724727,0.0
5,3,0.0,0.0,0.0,0.86573595,0.0,0.067016795,0.0,0.06724727,0.0
5,3,0.0,0.0,0.0,0.86573595,0.0,0.067016795,0.0,0.06724727,0.0
5,3,0.0,0.0,0.0,0.86573595,0.0,0.067016795,0.0,0.06724727,0.0
5,3,0.0,0.0,0.0,0.86573595,0.0,0.067016795,0.0,0.06724727,0.0
5,3,0.0,0.0,0.0,0.86573595,0.0,0.067016795,0.0,0.06724727,0.0
5,3,0.0,0.0,0.0,0.86573595,0.0,0.067016795,0.0,0.06724727,0.0
5,3,0.0,0.0,0.0,0.86573595,0.0,0.067016795,0.0,0.06724727,0.0
5,3,0.0,0.0,0.0,0.86573595,0.0,0.067016795,0.0,0.06724727,0.0
5,3,0.0,0.0,0.0,0.86573595,0.0,0.067016795,0.0,0.06724727,0.0
5,3,0.0,0.0,0.0,0.86573595,0.0,0.067016795,0.0,0.06724727,0.0
5,3,0.0,0.0,0.0,0.86573595,0.0,0.067016795,0.0,0.06724727,0.0
5,3,0.0,0.0,0.0,0.86573595,0.0,0.067016795,0.0,0.06724727,0.0
5,3,0.0,0.0,0.0,0.86573595,0.0,0.067016795,0.0,0.06724727,0.0
5,3,0.0,0.0,0.0,0.86573595,0.0,0.067016795,0.0,0.06724727,0.0
5,3,0.0,0.0,0.0,0.86573595,0.0,0.067016795,0.0,0.06724727,0.0
5,3,0.0,0.0,0.0,0.86573595,0.0,0.067016795,0.0,0.06724727,0.0
5,3,0.0,0.0,0.0,0.86573595,0.0,0.067016795,0.0,0.06724727,0.0
5,3,0.0,0.0,0.0,0.9327527,0.0,0.0,0.0,0.067247264,0.0
5,3,0.0,0.0,0.0,0.9327527,0.0,0.0,0.0,0.067247264,0.0
5,3,0.0,0.0,0.0,0.9327527,0.0,0.0,0.0,0.067247264,0.0
5,3,0.0,0.0,0.0,0.9327527,0.0,0.0,0.0,0.067247264,0.0
5,3,0.0,0.0,0.0,0.9327527,0.0,0.0,0.0,0.067247264,0.0
5,3,0.0,0.0,0.0,0.9327527,0.0,0.0,0.0,0.067247264,0.0
5,3,0.0,0.0,0.0,0.9327527,0.0,0.0,0.0,0.067247264,0.0
5,3,0.0,0.0,0.0,0.9327527,0.0,0.0,0.0,0.067247264,0.0
5,3,0.0,0.0,0.0,0.9327527,0.0,0.0,0.0,0.067247264,0.0
5,3,0.0,0.0,0.0,0.9327527,0.0,0.0,0.0,0.067247264,0.0
5,3,0.0,0.0,0.0,0.9327527,0.0,0.0,0.0,0.067247264,0.0
5,3,0.0,0.0,0.0,0.9327527,0.0,0.0,0.0,0.067247264,0.0
5,3,0.0,0.0,0.0,0.9327527,0.0,0.0,0.0,0.067247264,0.0
5,3,0.0,0.0,0.0,0.9327527,0.0,0.0,0.0,0.067247264,0.0
5,3,0.0,0.0,0.0,0.9327527,0.0,0.0,0.0,0.067247264,0.0
5,3,0.0,0.0,0.0,0.9327527,0.0,0.0,0.0,0.067247264,0.0
5,3,0.0,0.0,0.0,0.9327527,0.0,0.0,0.0,0.067247264,0.0
5,3,0.0,0.0,0.0,0.9327527,0.0,0.0,0.0,0.067247264,0.0
5,3,0.0,0.0,0.0,0.9327527,0.0,0.0,0.0,0.067247264,0.0
5,3,0.0,0.0,0.0,0.9327527,0.0,0.0,0.0,0.067247264,0.0
5,3,0.0,0.0,0.0,0.9327527,0.0,0.0,0.0,0.067247264,0.0
5,3,0.0,0.0,0.0,0.9327527,0.0,0.0,0.0,0.067247264,0.0
5,3,0.0,0.0,0.0,0.9327527,0.0,0.0,0.0,0.067247264,0.0
5,3,0.0,0.0,0.0,0.9327527,0.0,0.0,0.0,0.067247264,0.0
5,3,0.0,0.0,0.0,0.9327527,0.0,0.0,0.0,0.067247264,0.0
5,3,0.0,0.0,0.0,0.9327527,0.0,0.0,0.0,0.067247264,0.0
5,3,0.0,0.0,0.0,0.9327527,0.0,0.0,0.0,0.067247264,0.0
5,3,0.0,0.0,0.0,0.9327527,0.0,0.0,0.0,0.067247264,0.0
5,3,0.0,0.0,0.0,0.9327527,0.0,0.0,0.0,0.067247264,0.0
5,3,0.0,0.0,0.0,0.9327527,0.0,0.0,0.0,0.067247264,0.0
5,3,0.0,0.0,0.0,0.9327527,0.0,0.0,0.0,0.067247264,0.0
5,3,0.0,0.0,0.0,0.9327527,0.0,0.0,0.0,0.067247264,0.0
5,3,0.0,0.0,0.0,0.9327527,0.0,0.0,0.0,0.067247264,0.0
5,3,0.0,0.0,0.0,0.9327527,0.0,0.0,0.0,0.067247264,0.0
5,3,0.0,0.0,0.0,0.9327527,0.0,0.0,0.0,0.067247264,0.0
5,3,0.0,0.0,0.0,0.9327527,0.0,0.0,0.0,0.067247264,0.0
5,3,0.0,0.0,0.0,0.9327527,0.0,0.0,0.0,0.067247264,0.0
5,3,0.0,0.0,0.0,0.9327527,0.0,0.0,0.0,0.067247264,0.0
5,3,0.0,0.0,0.0,0.9327527,0.0,0.0,0.0,0.067247264,0.0
5,3,0.0,0.0,0.0,0.9327527,0.0,0.0,0.0,0.067247264,0.0
5,3,0.0,0.0,0.0,0.9327527,0.0,0.0,0.0,0.067247264,0.0
5,3,0.0,0.0,0.0,0.9327527,0.0,0.0,0.0,0.067247264,0.0
5,3,0.0,0.0,0.0,0.9327527,0.0,0.0,0.0,0.067247264,0.0
5,3,0.0,0.0,0.0,0.9327527,0.0,0.0,0.0,0.067247264,0.0
5,3,0.0,0.0,0.0,0.9372037,0.0,0.0,0.0,0.06279628,0.0
5,3,0.0,0.0,0.0,0.9372037,0.0,0.0,0.0,0.06279628,0.0
5,3,0.0,0.0,0.0,0.9372037,0.0,0.0,0.0,0.06279628,0.0
5,3,0.0,0.0,0.0,0.9372037,0.0,0.0,0.0,0.06279628,0.0
5,3,0.0,0.0,0.0,0.9372037,0.0,0.0,0.0,0.06279628,0.0
5,3,0.0,0.0,0.0,0.9372037,0.0,0.0,0.0,0.06279628,0.0
5,3,0.0,0.0,0.0,0.9372037,0.0,0.0,0.0,0.06279628,0.0
5,3,0.0,0.0,0.0,0.9372037,0.0,0.0,0.0,0.06279628,0.0
5,3,0.0,0.0,0.0,0.9372037,0.0,0.0,0.0,0.06279628,0.0
5,3,0.0,0.0,0.0,0.9372037,0.0,0.0,0.0,0.06279628,0.0
5,3,0.0,0.0,0.0,0.9372037,0.0,0.0,0.0,0.06279628,0.0
5,3,0.0,0.0,0.0,0.9372037,0.0,0.0,0.0,0.06279628,0.0
5,3,0.0,0.0,0.0,0.9408307,0.0,0.0,0.0,0.05916933,0.0
5,3,0.0,0.0,0.0,0.9408307,0.0,0.0,0.0,0.05916933,0.0
5,3,0.0,0.0,0.0,0.9408307,0.0,0.0,0.0,0.05916933,0.0
5,3,0.0,0.0,0.0,0.9408307,0.0,0.0,0.0,0.05916933,0.0
5,3,0.0,0.0,0.0,0.9408307,0.0,0.0,0.0,0.05916933,0.0
5,3,0.0,0.0,0.0,0.9408307,0.0,0.0,0.0,0.05916933,0.0
5,3,0.0,0.0,0.0,0.9408307,0.0,0.0,0.0,0.05916933,0.0
5,3,0.0,0.0,0.0,0.9408307,0.0,0.0,0.0,0.05916933,0.0
5,3,0.0,0.0,0.0,0.9408307,0.0,0.0,0.0,0.05916933,0.0
5,3,0.0,0.0,0.0,0.9408307,0.0,0.0,0.0,0.05916933,0.0
5,3,0.0,0.0,0.0,0.9408307,0.0,0.0,0.0,0.05916933,0.0
5,3,0.0,0.0,0.0,0.9408307,0.0,0.0,0.0,0.05916933,0.0
5,3,0.0,0.0,0.0,0.9408307,0.0,0.0,0.0,0.05916933,0.0
5,3,0.0,0.0,0.0,0.9408307,0.0,0.0,0.0,0.05916933,0.0
5,3,0.0,0.0,0.0,0.9408307,0.0,0.0,0.0,0.05916933,0.0
5,3,0.0,0.0,0.0,0.9408307,0.0,0.0,0.0,0.05916933,0.0
5,3,0.0,0.0,0.0,0.9408307,0.0,0.0,0.0,0.05916933,0.0
5,3,0.0,0.0,0.0,0.9408307,0.0,0.0,0.0,0.05916933,0.0
5,3,0.0,0.0,0.0,0.9408307,0.0,0.0,0.0,0.05916933,0.0
5,3,0.0,0.0,0.0,0.9408307,0.0,0.0,0.0,0.05916933,0.0
5,3,0.0,0.0,0.0,0.9408307,0.0,0.0,0.0,0.05916933,0.0
5,3,0.0,0.0,0.0,0.9408307,0.0,0.0,0.0,0.05916933,0.0
5,3,0.0,0.0,0.0,0.9408307,0.0,0.0,0.0,0.05916933,0.0
5,3,0.0,0.0,0.0,0.9408307,0.0,0.0,0.0,0.05916933,0.0
5,3,0.0,0.0,0.0,0.9408307,0.0,0.0,0.0,0.05916933,0.0
5,3,0.0,0.0,0.0,0.9408307,0.0,0.0,0.0,0.05916933,0.0
5,3,0.0,0.0,0.0,0.9408307,0.0,0.0,0.0,0.05916933,0.0
5,3,0.0,0.0,0.0,0.9408307,0.0,0.0,0.0,0.05916933,0.0
5,3,0.0,0.0,0.0,0.9408307,0.0,0.0,0.0,0.05916933,0.0
5,3,0.0,0.0,0.0,0.9408307,0.0,0.0,0.0,0.05916933,0.0
5,3,0.0,0.0,0.0,0.9408307,0.0,0.0,0.0,0.05916933,0.0
5,3,0.0,0.0,0.0,0.9408307,0.0,0.0,0.0,0.05916933,0.0
5,3,0.0,0.0,0.0,0.9408307,0.0,0.0,0.0,0.05916933,0.0
5,3,0.0,0.0,0.0,0.9408307,0.0,0.0,0.0,0.05916933,0.0
5,3,0.0,0.0,0.0,0.9408307,0.0,0.0,0.0,0.05916933,0.0
5,3,0.0,0.0,0.0,0.9408307,0.0,0.0,0.0,0.05916933,0.0
5,3,0.0,0.0,0.0,0.9408307,0.0,0.0,0.0,0.05916933,0.0
5,3,0.0,0.0,0.0,0.9408307,0.0,0.0,0.0,0.05916933,0.0
5,3,0.0,0.0,0.0,0.9408307,0.0,0.0,0.0,0.05916933,0.0
5,3,0.0,0.0,0.0,0.9408307,0.0,0.0,0.0,0.05916933,0.0
5,3,0.0,0.0,0.0,0.9408307,0.0,0.0,0.0,0.05916933,0.0
5,3,0.0,0.0,0.0,0.9408307,0.0,0.0,0.0,0.05916933,0.0
5,3,0.0,0.0,0.0,0.9408307,0.0,0.0,0.0,0.05916933,0.0
5,3,0.0,0.0,0.0,0.9408307,0.0,0.0,0.0,0.05916933,0.0
5,3,0.0,0.0,0.0,0.9408307,0.0,0.0,0.0,0.05916933,0.0
5,3,0.0,0.0,0.0,0.9408307,0.0,0.0,0.0,0.05916933,0.0
5,3,0.0,0.0,0.0,0.9408307,0.0,0.0,0.0,0.05916933,0.0
5,3,0.0,0.0,0.0,0.9408307,0.0,0.0,0.0,0.05916933,0.0
5,3,0.0,0.0,0.0,0.9408307,0.0,0.0,0.0,0.05916933,0.0
5,3,0.0,0.0,0.0,0.9408307,0.0,0.0,0.0,0.05916933,0.0
5,3,0.0,0.0,0.0,0.9408307,0.0,0.0,0.0,0.05916933,0.0
5,3,0.0,0.0,0.0,0.9408307,0.0,0.0,0.0,0.05916933,0.0
5,3,0.0,0.0,0.0,0.9408307,0.0,0.0,0.0,0.05916933,0.0
5,3,0.0,0.0,0.0,0.9408307,0.0,0.0,0.0,0.05916933,0.0
5,3,0.0,0.0,0.0,0.9408307,0.0,0.0,0.0,0.05916933,0.0
5,3,0.0,0.0,0.0,0.9408307,0.0,0.0,0.0,0.05916933,0.0
5,3,0.0,0.0,0.0,0.9408307,0.0,0.0,0.0,0.05916933,0.0
5,3,0.0,0.0,0.0,0.9408307,0.0,0.0,0.0,0.05916933,0.0
5,3,0.0,0.0,0.0,0.9408307,0.0,0.0,0.0,0.05916933,0.0
5,3,0.0,0.0,0.0,0.9408307,0.0,0.0,0.0,0.05916933,0.0
5,3,0.0,0.0,0.0,0.9408307,0.0,0.0,0.0,0.05916933,0.0
5,3,0.0,0.0,0.0,0.9408307,0.0,0.0,0.0,0.05916933,0.0
5,3,0.0,0.0,0.0,0.9408307,0.0,0.0,0.0,0.05916933,0.0
5,3,0.0,0.0,0.0,0.9408307,0.0,0.0,0.0,0.05916933,0.0
5,3,0.0,0.0,0.0,0.9408307,0.0,0.0,0.0,0.05916933,0.0
5,3,0.0,0.0,0.0,0.9408307,0.0,0.0,0.0,0.05916933,0.0
5,3,0.0,0.0,0.0,0.9408307,0.0,0.0,0.0,0.05916933,0.0
5,3,0.0,0.0,0.0,0.9408307,0.0,0.0,0.0,0.05916933,0.0
5,3,0.0,0.0,0.0,0.9408307,0.0,0.0,0.0,0.05916933,0.0
5,3,0.0,0.0,0.0,0.9408307,0.0,0.0,0.0,0.05916933,0.0
5,3,0.0,0.0,0.0,0.9408307,0.0,0.0,0.0,0.05916933,0.0
5,3,0.0,0.0,0.0,0.9408307,0.0,0.0,0.0,0.05916933,0.0
5,3,0.0,0.0,0.0,0.9408307,0.0,0.0,0.0,0.05916933,0.0
5,3,0.0,0.0,0.0,0.9408307,0.0,0.0,0.0,0.05916933,0.0
5,3,0.0,0.0,0.0,0.9408307,0.0,0.0,0.0,0.05916933,0.0
5,3,0.0,0.0,0.0,0.9408307,0.0,0.0,0.0,0.05916933,0.0
5,3,0.0,0.0,0.0,0.9408307,0.0,0.0,0.0,0.05916933,0.0
5,3,0.0,0.0,0.0,0.9408307,0.0,0.0,0.0,0.05916933,0.0
5,3,0.0,0.0,0.0,0.9408307,0.0,0.0,0.0,0.05916933,0.0
5,3,0.0,0.0,0.0,0.9408307,0.0,0.0,0.0,0.05916933,0.0
5,3,0.0,0.0,0.0,0.9408307,0.0,0.0,0.0,0.05916933,0.0
5,3,0.0,0.0,0.0,0.9408307,0.0,0.0,0.0,0.05916933,0.0
5,3,0.0,0.0,0.0,0.9408307,0.0,0.0,0.0,0.05916933,0.0
5,3,0.0,0.0,0.0,0.9408307,0.0,0.0,0.0,0.05916933,0.0
5,3,0.0,0.0,0.0,0.9408307,0.0,0.0,0.0,0.05916933,0.0
5,3,0.0,0.0,0.0,0.9408307,0.0,0.0,0.0,0.05916933,0.0
5,3,0.0,0.0,0.0,0.9408307,0.0,0.0,0.0,0.05916933,0.0
5,3,0.0,0.0,0.0,0.9408307,0.0,0.0,0.0,0.05916933,0.0
5,3,0.0,0.0,0.0,0.9408307,0.0,0.0,0.0,0.05916933,0.0
5,3,0.0,0.0,0.0,0.9408307,0.0,0.0,0.0,0.05916933,0.0
5,3,0.0,0.0,0.0,0.9408307,0.0,0.0,0.0,0.05916933,0.0
5,3,0.0,0.0,0.0,0.9408307,0.0,0.0,0.0,0.05916933,0.0
5,3,0.0,0.0,0.0,0.9408307,0.0,0.0,0.0,0.05916933,0.0
5,3,0.0,0.0,0.0,0.9408307,0.0,0.0,0.0,0.05916933,0.0
5,3,0.0,0.0,0.0,0.9408307,0.0,0.0,0.0,0.05916933,0.0
5,3,0.0,0.0,0.0,0.9408307,0.0,0.0,0.0,0.05916933,0.0
5,3,0.0,0.0,0.0,0.88272566,0.0,0.05810502,0.0,0.059169326,0.0
5,3,0.0,0.0,0.0,0.88272566,0.0,0.05810502,0.0,0.059169326,0.0
5,3,0.0,0.0,0.0,0.88272566,0.0,0.05810502,0.0,0.059169326,0.0
5,3,0.0,0.0,0.0,0.88272566,0.0,0.05810502,0.0,0.059169326,0.0
5,3,0.0,0.0,0.0,0.88272566,0.0,0.05810502,0.0,0.059169326,0.0
5,3,0.0,0.0,0.0,0.88272566,0.0,0.05810502,0.0,0.059169326,0.0
5,3,0.0,0.0,0.0,0.88272566,0.0,0.05810502,0.0,0.059169326,0.0
5,3,0.0,0.0,0.0,0.88272566,0.0,0.05810502,0.0,0.059169326,0.0
5,3,0.0,0.0,0.0,0.88272566,0.0,0.05810502,0.0,0.059169326,0.0
5,3,0.0,0.0,0.0,0.88272566,0.0,0.05810502,0.0,0.059169326,0.0
5,3,0.0,0.0,0.0,0.88272566,0.0,0.05810502,0.0,0.059169326,0.0
5,3,0.0,0.0,0.0,0.88272566,0.0,0.05810502,0.0,0.059169326,0.0
5,3,0.0,0.0,0.0,0.88272566,0.0,0.05810502,0.0,0.059169326,0.0
5,3,0.0,0.0,0.0,0.88272566,0.0,0.05810502,0.0,0.059169326,0.0
5,3,0.0,0.0,0.0,0.88272566,0.0,0.05810502,0.0,0.059169326,0.0
5,3,0.0,0.0,0.0,0.88272566,0.0,0.05810502,0.0,0.059169326,0.0
5,3,0.0,0.0,0.0,0.88272566,0.0,0.05810502,0.0,0.059169326,0.0
5,3,0.0,0.0,0.0,0.88272566,0.0,0.05810502,0.0,0.059169326,0.0
5,3,0.0,0.0,0.0,0.88272566,0.0,0.05810502,0.0,0.059169326,0.0
5,3,0.0,0.0,0.0,0.88272566,0.0,0.05810502,0.0,0.059169326,0.0
5,3,0.0,0.0,0.0,0.88272566,0.0,0.05810502,0.0,0.059169326,0.0
5,3,0.0,0.0,0.0,0.88272566,0.0,0.05810502,0.0,0.059169326,0.0
5,3,0.0,0.0,0.0,0.88272566,0.0,0.05810502,0.0,0.059169326,0.0
5,3,0.0,0.0,0.0,0.88272566,0.0,0.05810502,0.0,0.059169326,0.0
5,3,0.0,0.0,0.0,0.88272566,0.0,0.05810502,0.0,0.059169326,0.0
5,3,0.0,0.0,0.0,0.88272566,0.0,0.05810502,0.0,0.059169326,0.0
5,3,0.0,0.0,0.0,0.88272566,0.0,0.05810502,0.0,0.059169326,0.0
5,3,0.0,0.0,0.0,0.88272566,0.0,0.05810502,0.0,0.059169326,0.0
5,3,0.0,0.0,0.0,0.88272566,0.0,0.05810502,0.0,0.059169326,0.0
5,3,0.0,0.0,0.0,0.88272566,0.0,0.05810502,0.0,0.059169326,0.0
5,3,0.0,0.0,0.0,0.88272566,0.0,0.05810502,0.0,0.059169326,0.0
5,3,0.0,0.0,0.0,0.88272566,0.0,0.05810502,0.0,0.059169326,0.0
5,3,0.0,0.0,0.0,0.88272566,0.0,0.05810502,0.0,0.059169326,0.0
5,3,0.0,0.0,0.0,0.88272566,0.0,0.05810502,0.0,0.059169326,0.0
5,3,0.0,0.0,0.0,0.88272566,0.0,0.05810502,0.0,0.059169326,0.0
5,3,0.0,0.0,0.0,0.88272566,0.0,0.05810502,0.0,0.059169326,0.0
5,3,0.0,0.0,0.0,0.88272566,0.0,0.05810502,0.0,0.059169326,0.0
5,3,0.0,0.0,0.0,0.88272566,0.0,0.05810502,0.0,0.059169326,0.0
5,3,0.0,0.0,0.0,0.88272566,0.0,0.05810502,0.0,0.059169326,0.0
5,3,0.0,0.0,0.0,0.88272566,0.0,0.05810502,0.0,0.059169326,0.0
5,3,0.0,0.0,0.0,0.88272566,0.0,0.05810502,0.0,0.059169326,0.0
5,3,0.0,0.0,0.0,0.88272566,0.0,0.05810502,0.0,0.059169326,0.0
5,3,0.0,0.0,0.0,0.88272566,0.0,0.05810502,0.0,0.059169326,0.0
5,3,0.0,0.0,0.0,0.88272566,0.0,0.05810502,0.0,0.059169326,0.0
5,3,0.0,0.0,0.0,0.88272566,0.0,0.05810502,0.0,0.059169326,0.0
5,3,0.0,0.0,0.0,0.88272566,0.0,0.05810502,0.0,0.059169326,0.0
5,3,0.0,0.0,0.0,0.88272566,0.0,0.05810502,0.0,0.059169326,0.0
5,3,0.0,0.0,0.0,0.88272566,0.0,0.05810502,0.0,0.059169326,0.0
5,3,0.0,0.0,0.0,0.88272566,0.0,0.05810502,0.0,0.059169326,0.0
5,3,0.0,0.0,0.0,0.88272566,0.0,0.05810502,0.0,0.059169326,0.0
5,3,0.0,0.0,0.0,0.88272566,0.0,0.05810502,0.0,0.059169326,0.0
5,3,0.0,0.0,0.0,0.88272566,0.0,0.05810502,0.0,0.059169326,0.0
5,3,0.0,0.0,0.0,0.88272566,0.0,0.05810502,0.0,0.059169326,0.0
5,3,0.0,0.0,0.0,0.88272566,0.0,0.05810502,0.0,0.059169326,0.0
5,3,0.0,0.0,0.0,0.88272566,0.0,0.05810502,0.0,0.059169326,0.0
5,3,0.0,0.0,0.0,0.88272566,0.0,0.05810502,0.0,0.059169326,0.0
5,3,0.0,0.0,0.0,0.88272566,0.0,0.05810502,0.0,0.059169326,0.0
5,3,0.0,0.0,0.0,0.88272566,0.0,0.05810502,0.0,0.059169326,0.0
5,3,0.0,0.0,0.0,0.88272566,0.0,0.05810502,0.0,0.059169326,0.0
5,3,0.0,0.0,0.0,0.88272566,0.0,0.05810502,0.0,0.059169326,0.0
5,3,0.0,0.0,0.0,0.88272566,0.0,0.05810502,0.0,0.059169326,0.0
5,3,0.0,0.0,0.0,0.88272566,0.0,0.05810502,0.0,0.059169326,0.0
5,3,0.0,0.0,0.0,0.88272566,0.0,0.05810502,0.0,0.059169326,0.0
5,3,0.0,0.0,0.0,0.88272566,0.0,0.05810502,0.0,0.059169326,0.0
5,3,0.0,0.0,0.0,0.88272566,0.0,0.05810502,0.0,0.059169326,0.0
5,3,0.0,0.0,0.0,0.88272566,0.0,0.05810502,0.0,0.059169326,0.0
5,3,0.0,0.0,0.0,0.88272566,0.0,0.05810502,0.0,0.059169326,0.0
5,3,0.0,0.0,0.0,0.88272566,0.0,0.05810502,0.0,0.059169326,0.0
5,3,0.0,0.0,0.0,0.88272566,0.0,0.05810502,0.0,0.059169326,0.0
5,3,0.0,0.0,0.0,0.88272566,0.0,0.05810502,0.0,0.059169326,0.0
5,3,0.0,0.0,0.0,0.88272566,0.0,0.05810502,0.0,0.059169326,0.0
5,3,0.0,0.0,0.0,0.88272566,0.0,0.05810502,0.0,0.059169326,0.0
5,3,0.0,0.0,0.0,0.88272566,0.0,0.05810502,0.0,0.059169326,0.0
5,3,0.0,0.0,0.0,0.88272566,0.0,0.05810502,0.0,0.059169326,0.0
5,3,0.0,0.0,0.0,0.88272566,0.0,0.05810502,0.0,0.059169326,0.0
5,3,0.0,0.0,0.0,0.88272566,0.0,0.05810502,0.0,0.059169326,0.0
5,3,0.0,0.0,0.0,0.88272566,0.0,0.05810502,0.0,0.059169326,0.0
5,3,0.0,0.0,0.0,0.88272566,0.0,0.05810502,0.0,0.059169326,0.0
5,3,0.0,0.0,0.0,0.88272566,0.0,0.05810502,0.0,0.059169326,0.0
5,3,0.0,0.0,0.0,0.88272566,0.0,0.05810502,0.0,0.059169326,0.0
5,3,0.0,0.0,0.0,0.88272566,0.0,0.05810502,0.0,0.059169326,0.0
5,3,0.0,0.0,0.0,0.88272566,0.0,0.05810502,0.0,0.059169326,0.0
5,3,0.0,0.0,0.0,0.88272566,0.0,0.05810502,0.0,0.059169326,0.0
5,3,0.0,0.0,0.0,0.88272566,0.0,0.05810502,0.0,0.059169326,0.0
5,3,0.0,0.0,0.0,0.88272566,0.0,0.05810502,0.0,0.059169326,0.0
5,3,0.0,0.0,0.0,0.88272566,0.0,0.05810502,0.0,0.059169326,0.0
5,3,0.0,0.0,0.0,0.88272566,0.0,0.05810502,0.0,0.059169326,0.0
5,3,0.0,0.0,0.0,0.88272566,0.0,0.05810502,0.0,0.059169326,0.0
5,3,0.0,0.059169326,0.0,0.88272566,0.0,0.05810502,0.0,0.0,0.0
5,3,0.0,0.059169326,0.0,0.88272566,0.0,0.05810502,0.0,0.0,0.0
5,3,0.0,0.059169326,0.0,0.88272566,0.0,0.05810502,0.0,0.0,0.0
5,3,0.0,0.059169326,0.0,0.88272566,0.0,0.05810502,0.0,0.0,0.0
5,3,0.0,0.059169326,0.0,0.88272566,0.0,0.05810502,0.0,0.0,0.0
5,3,0.0,0.059169326,0.0,0.88272566,0.0,0.05810502,0.0,0.0,0.0
5,3,0.0,0.059169326,0.0,0.88272566,0.0,0.05810502,0.0,0.0,0.0
5,3,0.0,0.059169326,0.0,0.88272566,0.0,0.05810502,0.0,0.0,0.0
5,3,0.0,0.059169326,0.0,0.88272566,0.0,0.05810502,0.0,0.0,0.0
5,3,0.0,0.059169326,0.0,0.88272566,0.0,0.05810502,0.0,0.0,0.0
5,3,0.0,0.059169326,0.0,0.88272566,0.0,0.05810502,0.0,0.0,0.0
5,3,0.0,0.059169326,0.0,0.88272566,0.0,0.05810502,0.0,0.0,0.0
5,3,0.0,0.059169326,0.0,0.88272566,0.0,0.05810502,0.0,0.0,0.0
5,3,0.0,0.059169326,0.0,0.88272566,0.0,0.05810502,0.0,0.0,0.0
5,3,0.0,0.059169326,0.0,0.88272566,0.0,0.05810502,0.0,0.0,0.0
5,3,0.0,0.059169326,0.0,0.88272566,0.0,0.05810502,0.0,0.0,0.0
5,3,0.0,0.059169326,0.0,0.88272566,0.0,0.05810502,0.0,0.0,0.0
5,3,0.0,0.059169326,0.0,0.88272566,0.0,0.05810502,0.0,0.0,0.0
5,3,0.0,0.059169326,0.0,0.88272566,0.0,0.05810502,0.0,0.0,0.0
5,3,0.0,0.059169326,0.0,0.88272566,0.0,0.05810502,0.0,0.0,0.0
5,3,0.0,0.059169326,0.0,0.88272566,0.0,0.05810502,0.0,0.0,0.0
5,3,0.0,0.059169326,0.0,0.88272566,0.0,0.05810502,0.0,0.0,0.0
5,3,0.0,0.059169326,0.0,0.88272566,0.0,0.05810502,0.0,0.0,0.0
5,3,0.0,0.059169326,0.0,0.88272566,0.0,0.05810502,0.0,0.0,0.0
5,3,0.0,0.059169326,0.0,0.88272566,0.0,0.05810502,0.0,0.0,0.0
5,3,0.0,0.059169326,0.0,0.88272566,0.0,0.05810502,0.0,0.0,0.0
5,3,0.0,0.059169326,0.0,0.88272566,0.0,0.05810502,0.0,0.0,0.0
5,3,0.0,0.059169326,0.0,0.88272566,0.0,0.05810502,0.0,0.0,0.0
5,3,0.0,0.059169326,0.0,0.88272566,0.0,0.05810502,0.0,0.0,0.0
5,3,0.0,0.059169326,0.0,0.88272566,0.0,0.05810502,0.0,0.0,0.0
5,3,0.0,0.059169326,0.0,0.88272566,0.0,0.05810502,0.0,0.0,0.0
5,3,0.0,0.059169326,0.0,0.88272566,0.0,0.05810502,0.0,0.0,0.0
5,3,0.0,0.059169326,0.0,0.88272566,0.0,0.05810502,0.0,0.0,0.0
5,3,0.0,0.059169326,0.0,0.88272566,0.0,0.05810502,0.0,0.0,0.0
5,3,0.0,0.059169326,0.0,0.88272566,0.0,0.05810502,0.0,0.0,0.0
5,3,0.0,0.059169326,0.0,0.88272566,0.0,0.05810502,0.0,0.0,0.0
5,3,0.0,0.059169326,0.0,0.88272566,0.0,0.05810502,0.0,0.0,0.0
5,3,0.0,0.059169326,0.0,0.88272566,0.0,0.05810502,0.0,0.0,0.0
5,3,0.0,0.059169326,0.0,0.88272566,0.0,0.05810502,0.0,0.0,0.0
5,3,0.0,0.059169326,0.0,0.88272566,0.0,0.05810502,0.0,0.0,0.0
5,3,0.0,0.059169326,0.0,0.88272566,0.0,0.05810502,0.0,0.0,0.0
5,3,0.0,0.059169326,0.0,0.88272566,0.0,0.05810502,0.0,0.0,0.0
5,3,0.0,0.059169326,0.0,0.88272566,0.0,0.05810502,0.0,0.0,0.0
5,3,0.0,0.059169326,0.0,0.88272566,0.0,0.05810502,0.0,0.0,0.0
5,3,0.0,0.059169326,0.0,0.88272566,0.0,0.05810502,0.0,0.0,0.0
5,3,0.0,0.059169326,0.0,0.88272566,0.0,0.05810502,0.0,0.0,0.0
5,3,0.0,0.059169326,0.0,0.88272566,0.0,0.05810502,0.0,0.0,0.0
5,3,0.0,0.059169326,0.0,0.88272566,0.0,0.05810502,0.0,0.0,0.0
5,3,0.0,0.059169326,0.0,0.88272566,0.0,0.05810502,0.0,0.0,0.0
5,3,0.0,0.059169326,0.0,0.88272566,0.0,0.05810502,0.0,0.0,0.0
5,3,0.0,0.059169326,0.0,0.88272566,0.0,0.05810502,0.0,0.0,0.0
5,3,0.0,0.059169326,0.0,0.88272566,0.0,0.05810502,0.0,0.0,0.0
5,3,0.0,0.059169326,0.0,0.88272566,0.0,0.05810502,0.0,0.0,0.0
5,3,0.0,0.059169326,0.0,0.88272566,0.0,0.05810502,0.0,0.0,0.0
5,3,0.0,0.059169326,0.0,0.88272566,0.0,0.05810502,0.0,0.0,0.0
5,3,0.0,0.059169326,0.0,0.88272566,0.0,0.05810502,0.0,0.0,0.0
5,3,0.0,0.059169326,0.0,0.88272566,0.0,0.05810502,0.0,0.0,0.0
5,3,0.0,0.059169326,0.0,0.88272566,0.0,0.05810502,0.0,0.0,0.0
5,3,0.0,0.059169326,0.0,0.88272566,0.0,0.05810502,0.0,0.0,0.0
5,3,0.0,0.059169326,0.0,0.88272566,0.0,0.05810502,0.0,0.0,0.0
5,3,0.0,0.059169326,0.0,0.88272566,0.0,0.05810502,0.0,0.0,0.0
5,3,0.0,0.059169326,0.0,0.88272566,0.0,0.05810502,0.0,0.0,0.0
5,3,0.0,0.059169326,0.0,0.88272566,0.0,0.05810502,0.0,0.0,0.0
5,3,0.0,0.059169326,0.0,0.88272566,0.0,0.05810502,0.0,0.0,0.0
5,3,0.0,0.059169326,0.0,0.88272566,0.0,0.05810502,0.0,0.0,0.0
5,3,0.0,0.059169326,0.0,0.88272566,0.0,0.05810502,0.0,0.0,0.0
5,3,0.0,0.059169326,0.0,0.88272566,0.0,0.05810502,0.0,0.0,0.0
5,3,0.0,0.059169326,0.0,0.88272566,0.0,0.05810502,0.0,0.0,0.0
5,3,0.0,0.059169326,0.0,0.88272566,0.0,0.05810502,0.0,0.0,0.0
5,3,0.0,0.059169326,0.0,0.88272566,0.0,0.05810502,0.0,0.0,0.0
5,3,0.0,0.059169326,0.0,0.88272566,0.0,0.05810502,0.0,0.0,0.0
5,3,0.0,0.059169326,0.0,0.88272566,0.0,0.05810502,0.0,0.0,0.0
5,3,0.0,0.059169326,0.0,0.88272566,0.0,0.05810502,0.0,0.0,0.0
5,3,0.0,0.059169326,0.0,0.88272566,0.0,0.05810502,0.0,0.0,0.0
5,3,0.0,0.059169326,0.0,0.88272566,0.0,0.05810502,0.0,0.0,0.0
5,3,0.0,0.059169326,0.0,0.88272566,0.0,0.05810502,0.0,0.0,0.0
5,3,0.0,0.059169326,0.0,0.88272566,0.0,0.05810502,0.0,0.0,0.0
5,3,0.0,0.059169326,0.0,0.88272566,0.0,0.05810502,0.0,0.0,0.0
5,3,0.0,0.059169326,0.0,0.88272566,0.0,0.05810502,0.0,0.0,0.0
5,3,0.0,0.059169326,0.0,0.88272566,0.0,0.05810502,0.0,0.0,0.0
5,3,0.0,0.059169326,0.0,0.88272566,0.0,0.05810502,0.0,0.0,0.0
5,3,0.0,0.059169326,0.0,0.88272566,0.0,0.05810502,0.0,0.0,0.0
5,3,0.0,0.059169326,0.0,0.88272566,0.0,0.05810502,0.0,0.0,0.0
5,3,0.0,0.059169326,0.0,0.88272566,0.0,0.05810502,0.0,0.0,0.0
5,3,0.0,0.059169326,0.0,0.88272566,0.0,0.05810502,0.0,0.0,0.0
5,3,0.0,0.059169326,0.0,0.88272566,0.0,0.05810502,0.0,0.0,0.0
5,3,0.0,0.059169326,0.0,0.88272566,0.0,0.05810502,0.0,0.0,0.0
5,3,0.0,0.059169326,0.0,0.88272566,0.0,0.05810502,0.0,0.0,0.0
5,3,0.0,0.059169326,0.0,0.88272566,0.0,0.05810502,0.0,0.0,0.0
5,3,0.0,0.059169326,0.0,0.88272566,0.0,0.05810502,0.0,0.0,0.0
5,3,0.0,0.059169326,0.0,0.88272566,0.0,0.05810502,0.0,0.0,0.0
5,3,0.0,0.059169326,0.0,0.88272566,0.0,0.05810502,0.0,0.0,0.0
5,3,0.0,0.059169326,0.0,0.88272566,0.0,0.05810502,0.0,0.0,0.0
5,3,0.0,0.059169326,0.0,0.88272566,0.0,0.05810502,0.0,0.0,0.0
5,3,0.0,0.059169326,0.0,0.88272566,0.0,0.05810502,0.0,0.0,0.0
5,3,0.0,0.059169326,0.0,0.88272566,0.0,0.05810502,0.0,0.0,0.0
5,3,0.0,0.059169326,0.0,0.88272566,0.0,0.05810502,0.0,0.0,0.0
5,3,0.0,0.059169326,0.0,0.88272566,0.0,0.05810502,0.0,0.0,0.0
5,3,0.0,0.059169326,0.0,0.88272566,0.0,0.05810502,0.0,0.0,0.0
5,3,0.0,0.059169326,0.0,0.88272566,0.0,0.05810502,0.0,0.0,0.0
5,3,0.0,0.059169326,0.0,0.88272566,0.0,0.05810502,0.0,0.0,0.0
5,3,0.0,0.13026078,0.0,0.81163424,0.0,0.05810502,0.0,0.0,0.0
5,3,0.0,0.13026078,0.0,0.81163424,0.0,0.05810502,0.0,0.0,0.0
5,3,0.0,0.13026078,0.0,0.81163424,0.0,0.05810502,0.0,0.0,0.0
5,3,0.0,0.13026078,0.0,0.81163424,0.0,0.05810502,0.0,0.0,0.0
5,3,0.0,0.13026078,0.0,0.81163424,0.0,0.05810502,0.0,0.0,0.0
5,3,0.0,0.13026078,0.0,0.81163424,0.0,0.05810502,0.0,0.0,0.0
5,3,0.0,0.13026078,0.0,0.81163424,0.0,0.05810502,0.0,0.0,0.0
5,3,0.0,0.13026078,0.0,0.81163424,0.0,0.05810502,0.0,0.0,0.0
5,3,0.0,0.13026078,0.0,0.81163424,0.0,0.05810502,0.0,0.0,0.0
5,3,0.0,0.13026078,0.0,0.81163424,0.0,0.05810502,0.0,0.0,0.0
5,3,0.0,0.13026078,0.0,0.81163424,0.0,0.05810502,0.0,0.0,0.0
5,3,0.0,0.13026078,0.0,0.81163424,0.0,0.05810502,0.0,0.0,0.0
5,3,0.0,0.13026078,0.0,0.81163424,0.0,0.05810502,0.0,0.0,0.0
5,3,0.0,0.13026078,0.0,0.81163424,0.0,0.05810502,0.0,0.0,0.0
5,3,0.0,0.13026078,0.0,0.81163424,0.0,0.05810502,0.0,0.0,0.0
5,3,0.0,0.13026078,0.0,0.81163424,0.0,0.05810502,0.0,0.0,0.0
5,3,0.0,0.13026078,0.0,0.81163424,0.0,0.05810502,0.0,0.0,0.0
5,3,0.0,0.13026078,0.0,0.81163424,0.0,0.05810502,0.0,0.0,0.0
5,3,0.0,0.13026078,0.0,0.81163424,0.0,0.05810502,0.0,0.0,0.0
5,3,0.0,0.13026078,0.0,0.81163424,0.0,0.05810502,0.0,0.0,0.0
5,3,0.0,0.13026078,0.0,0.81163424,0.0,0.05810502,0.0,0.0,0.0
5,3,0.0,0.13026078,0.0,0.81163424,0.0,0.05810502,0.0,0.0,0.0
5,3,0.0,0.13026078,0.0,0.81163424,0.0,0.05810502,0.0,0.0,0.0
5,3,0.0,0.13026078,0.0,0.81163424,0.0,0.05810502,0.0,0.0,0.0
5,3,0.0,0.13026078,0.0,0.81163424,0.0,0.05810502,0.0,0.0,0.0
5,3,0.0,0.13026078,0.0,0.81163424,0.0,0.05810502,0.0,0.0,0.0
5,3,0.0,0.13026078,0.0,0.81163424,0.0,0.05810502,0.0,0.0,0.0
5,3,0.0,0.13026078,0.0,0.81163424,0.0,0.05810502,0.0,0.0,0.0
5,3,0.0,0.13026078,0.0,0.81163424,0.0,0.05810502,0.0,0.0,0.0
5,3,0.0,0.13026078,0.0,0.81163424,0.0,0.05810502,0.0,0.0,0.0
5,3,0.0,0.13026078,0.0,0.81163424,0.0,0.05810502,0.0,0.0,0.0
5,3,0.0,0.13026078,0.0,0.81163424,0.0,0.05810502,0.0,0.0,0.0
5,3,0.0,0.13026078,0.0,0.81163424,0.0,0.05810502,0.0,0.0,0.0
5,3,0.0,0.13026078,0.0,0.81163424,0.0,0.05810502,0.0,0.0,0.0
5,3,0.0,0.13026078,0.0,0.81163424,0.0,0.05810502,0.0,0.0,0.0
5,3,0.0,0.13026078,0.0,0.81163424,0.0,0.05810502,0.0,0.0,0.0
5,3,0.0,0.13026078,0.0,0.81163424,0.0,0.05810502,0.0,0.0,0.0
5,3,0.0,0.13026078,0.0,0.81163424,0.0,0.05810502,0.0,0.0,0.0
5,3,0.0,0.13026078,0.0,0.81163424,0.0,0.05810502,0.0,0.0,0.0
5,3,0.0,0.13026078,0.0,0.81163424,0.0,0.05810502,0.0,0.0,0.0
5,3,0.0,0.13026078,0.0,0.81163424,0.0,0.05810502,0.0,0.0,0.0
5,3,0.0,0.13026078,0.0,0.81163424,0.0,0.05810502,0.0,0.0,0.0
5,3,0.0,0.13026078,0.0,0.81163424,0.0,0.05810502,0.0,0.0,0.0
5,3,0.0,0.13026078,0.0,0.81163424,0.0,0.05810502,0.0,0.0,0.0
5,3,0.0,0.13026078,0.0,0.81163424,0.0,0.05810502,0.0,0.0,0.0
5,3,0.0,0.13026078,0.0,0.81163424,0.0,0.05810502,0.0,0.0,0.0
5,3,0.0,0.13026078,0.0,0.81163424,0.0,0.05810502,0.0,0.0,0.0
5,3,0.0,0.13026078,0.0,0.81163424,0.0,0.05810502,0.0,0.0,0.0
5,3,0.0,0.13026078,0.0,0.81163424,0.0,0.05810502,0.0,0.0,0.0
5,3,0.0,0.13026078,0.0,0.81163424,0.0,0.05810502,0.0,0.0,0.0
5,3,0.0,0.13026078,0.0,0.81163424,0.0,0.05810502,0.0,0.0,0.0
5,3,0.0,0.13026078,0.0,0.81163424,0.0,0.05810502,0.0,0.0,0.0
5,3,0.0,0.13026078,0.0,0.81163424,0.0,0.05810502,0.0,0.0,0.0
5,3,0.0,0.13026078,0.0,0.81163424,0.0,0.05810502,0.0,0.0,0.0
5,3,0.0,0.13026078,0.0,0.81163424,0.0,0.05810502,0.0,0.0,0.0
5,3,0.0,0.13026078,0.0,0.81163424,0.0,0.05810502,0.0,0.0,0.0
5,3,0.0,0.13026078,0.0,0.81163424,0.0,0.05810502,0.0,0.0,0.0
5,3,0.0,0.13026078,0.0,0.81163424,0.0,0.05810502,0.0,0.0,0.0
5,3,0.0,0.13026078,0.0,0.81163424,0.0,0.05810502,0.0,0.0,0.0
5,3,0.0,0.13026078,0.0,0.81163424,0.0,0.05810502,0.0,0.0,0.0
5,3,0.0,0.13026078,0.0,0.81163424,0.0,0.05810502,0.0,0.0,0.0
5,3,0.0,0.13026078,0.0,0.81163424,0.0,0.05810502,0.0,0.0,0.0
5,3,0.0,0.13026078,0.0,0.81163424,0.0,0.05810502,0.0,0.0,0.0
5,3,0.0,0.13026078,0.0,0.81163424,0.0,0.05810502,0.0,0.0,0.0
5,3,0.0,0.13026078,0.0,0.81163424,0.0,0.05810502,0.0,0.0,0.0
5,3,0.0,0.13026078,0.0,0.81163424,0.0,0.05810502,0.0,0.0,0.0
5,3,0.0,0.13026078,0.0,0.81163424,0.0,0.05810502,0.0,0.0,0.0
5,3,0.0,0.13026078,0.0,0.86973923,0.0,0.0,0.0,0.0,0.0
5,3,0.0,0.13026078,0.0,0.86973923,0.0,0.0,0.0,0.0,0.0
5,3,0.0,0.13026078,0.0,0.86973923,0.0,0.0,0.0,0.0,0.0
5,3,0.0,0.13026078,0.0,0.86973923,0.0,0.0,0.0,0.0,0.0
5,3,0.0,0.13026078,0.0,0.86973923,0.0,0.0,0.0,0.0,0.0
5,3,0.0,0.13026078,0.0,0.86973923,0.0,0.0,0.0,0.0,0.0
5,3,0.0,0.13026078,0.0,0.86973923,0.0,0.0,0.0,0.0,0.0
5,3,0.0,0.13026078,0.0,0.86973923,0.0,0.0,0.0,0.0,0.0
5,3,0.0,0.13026078,0.0,0.86973923,0.0,0.0,0.0,0.0,0.0
5,3,0.0,0.13026078,0.0,0.86973923,0.0,0.0,0.0,0.0,0.0
5,3,0.0,0.13026078,0.0,0.86973923,0.0,0.0,0.0,0.0,0.0
5,3,0.0,0.13026078,0.0,0.86973923,0.0,0.0,0.0,0.0,0.0
5,3,0.0,0.13026078,0.0,0.86973923,0.0,0.0,0.0,0.0,0.0
5,3,0.0,0.13026078,0.0,0.86973923,0.0,0.0,0.0,0.0,0.0
5,3,0.0,0.13026078,0.0,0.86973923,0.0,0.0,0.0,0.0,0.0
5,3,0.0,0.13026078,0.0,0.86973923,0.0,0.0,0.0,0.0,0.0
5,3,0.0,0.13026078,0.0,0.86973923,0.0,0.0,0.0,0.0,0.0
5,3,0.0,0.13026078,0.0,0.86973923,0.0,0.0,0.0,0.0,0.0
5,3,0.0,0.13026078,0.0,0.86973923,0.0,0.0,0.0,0.0,0.0
5,3,0.0,0.13026078,0.0,0.86973923,0.0,0.0,0.0,0.0,0.0
5,3,0.0,0.13026078,0.0,0.86973923,0.0,0.0,0.0,0.0,0.0
5,3,0.0,0.13026078,0.0,0.86973923,0.0,0.0,0.0,0.0,0.0
5,3,0.0,0.13026078,0.0,0.86973923,0.0,0.0,0.0,0.0,0.0
5,3,0.0,0.13026078,0.0,0.86973923,0.0,0.0,0.0,0.0,0.0
5,3,0.0,0.13026078,0.0,0.86973923,0.0,0.0,0.0,0.0,0.0
5,3,0.0,0.13026078,0.0,0.86973923,0.0,0.0,0.0,0.0,0.0
5,3,0.0,0.13026078,0.0,0.86973923,0.0,0.0,0.0,0.0,0.0
5,3,0.0,0.13026078,0.0,0.86973923,0.0,0.0,0.0,0.0,0.0
5,3,0.0,0.13026078,0.0,0.86973923,0.0,0.0,0.0,0.0,0.0
5,3,0.0,0.13026078,0.0,0.86973923,0.0,0.0,0.0,0.0,0.0
5,3,0.0,0.13026078,0.0,0.86973923,0.0,0.0,0.0,0.0,0.0
5,3,0.0,0.13026078,0.0,0.86973923,0.0,0.0,0.0,0.0,0.0
5,3,0.0,0.13026078,0.0647153,0.80502397,0.0,0.0,0.0,0.0,0.0
5,3,0.0,0.13026078,0.0647153,0.80502397,0.0,0.0,0.0,0.0,0.0
5,3,0.0,0.13026078,0.0647153,0.80502397,0.0,0.0,0.0,0.0,0.0
5,3,0.0,0.13026078,0.0647153,0.80502397,0.0,0.0,0.0,0.0,0.0
5,3,0.0,0.13026078,0.0647153,0.80502397,0.0,0.0,0.0,0.0,0.0
5,3,0.0,0.13026078,0.0647153,0.80502397,0.0,0.0,0.0,0.0,0.0
5,3,0.0,0.13026078,0.0647153,0.80502397,0.0,0.0,0.0,0.0,0.0
5,3,0.0,0.13026078,0.0647153,0.80502397,0.0,0.0,0.0,0.0,0.0
5,3,0.0,0.13026078,0.0647153,0.80502397,0.0,0.0,0.0,0.0,0.0
5,3,0.0,0.1379401,0.06853049,0.79352945,0.0,0.0,0.0,0.0,0.0
5,3,0.0,0.1379401,0.06853049,0.79352945,0.0,0.0,0.0,0.0,0.0
5,3,0.0,0.1379401,0.06853049,0.79352945,0.0,0.0,0.0,0.0,0.0
5,3,0.0,0.1379401,0.06853049,0.79352945,0.0,0.0,0.0,0.0,0.0
5,3,0.0,0.1379401,0.06853049,0.79352945,0.0,0.0,0.0,0.0,0.0
5,3,0.0,0.1379401,0.06853049,0.79352945,0.0,0.0,0.0,0.0,0.0
5,3,0.0,0.1379401,0.06853049,0.79352945,0.0,0.0,0.0,0.0,0.0
5,3,0.0,0.1379401,0.06853049,0.79352945,0.0,0.0,0.0,0.0,0.0
5,3,0.0,0.1379401,0.06853049,0.79352945,0.0,0.0,0.0,0.0,0.0
5,3,0.0,0.1379401,0.06853049,0.79352945,0.0,0.0,0.0,0.0,0.0
5,3,0.0,0.1379401,0.06853049,0.79352945,0.0,0.0,0.0,0.0,0.0
5,3,0.0,0.1379401,0.06853049,0.79352945,0.0,0.0,0.0,0.0,0.0
5,3,0.0,0.1379401,0.06853049,0.79352945,0.0,0.0,0.0,0.0,0.0
5,3,0.0,0.1379401,0.06853049,0.79352945,0.0,0.0,0.0,0.0,0.0
5,3,0.0,0.1379401,0.06853049,0.79352945,0.0,0.0,0.0,0.0,0.0
5,3,0.0,0.1379401,0.06853049,0.79352945,0.0,0.0,0.0,0.0,0.0
5,3,0.0,0.1379401,0.06853049,0.79352945,0.0,0.0,0.0,0.0,0.0
5,3,0.0,0.1379401,0.06853049,0.79352945,0.0,0.0,0.0,0.0,0.0
5,3,0.0,0.1379401,0.06853049,0.79352945,0.0,0.0,0.0,0.0,0.0
5,3,0.0,0.1379401,0.06853049,0.79352945,0.0,0.0,0.0,0.0,0.0
5,3,0.0,0.1379401,0.06853049,0.79352945,0.0,0.0,0.0,0.0,0.0
5,3,0.0,0.1379401,0.06853049,0.79352945,0.0,0.0,0.0,0.0,0.0
5,3,0.0,0.1379401,0.06853049,0.79352945,0.0,0.0,0.0,0.0,0.0
5,3,0.0,0.1379401,0.06853049,0.79352945,0.0,0.0,0.0,0.0,0.0
5,3,0.0,0.1379401,0.06853049,0.79352945,0.0,0.0,0.0,0.0,0.0
5,3,0.0,0.1379401,0.06853049,0.79352945,0.0,0.0,0.0,0.0,0.0
5,3,0.0,0.1379401,0.06853049,0.79352945,0.0,0.0,0.0,0.0,0.0
5,3,0.0,0.1379401,0.06853049,0.79352945,0.0,0.0,0.0,0.0,0.0
5,3,0.0,0.1379401,0.06853049,0.79352945,0.0,0.0,0.0,0.0,0.0
5,3,0.0,0.1379401,0.06853049,0.79352945,0.0,0.0,0.0,0.0,0.0
5,3,0.0,0.1379401,0.06853049,0.79352945,0.0,0.0,0.0,0.0,0.0
5,3,0.0,0.1379401,0.06853049,0.79352945,0.0,0.0,0.0,0.0,0.0
5,3,0.0,0.1379401,0.06853049,0.79352945,0.0,0.0,0.0,0.0,0.0
5,3,0.0,0.1379401,0.06853049,0.79352945,0.0,0.0,0.0,0.0,0.0
5,3,0.0,0.1379401,0.06853049,0.79352945,0.0,0.0,0.0,0.0,0.0
5,3,0.0,0.1379401,0.06853049,0.79352945,0.0,0.0,0.0,0.0,0.0
5,3,0.0,0.1379401,0.06853049,0.79352945,0.0,0.0,0.0,0.0,0.0
5,3,0.0,0.1379401,0.06853049,0.79352945,0.0,0.0,0.0,0.0,0.0
5,3,0.0,0.1379401,0.06853049,0.79352945,0.0,0.0,0.0,0.0,0.0
5,3,0.0,0.1379401,0.06853049,0.79352945,0.0,0.0,0.0,0.0,0.0
5,3,0.0,0.1379401,0.06853049,0.79352945,0.0,0.0,0.0,0.0,0.0
5,3,0.0,0.1379401,0.06853049,0.79352945,0.0,0.0,0.0,0.0,0.0
5,3,0.0,0.1379401,0.06853049,0.79352945,0.0,0.0,0.0,0.0,0.0
5,3,0.0,0.1379401,0.06853049,0.79352945,0.0,0.0,0.0,0.0,0.0
5,3,0.0,0.1379401,0.06853049,0.79352945,0.0,0.0,0.0,0.0,0.0
5,3,0.0,0.1379401,0.06853049,0.79352945,0.0,0.0,0.0,0.0,0.0
5,3,0.0,0.1379401,0.06853049,0.79352945,0.0,0.0,0.0,0.0,0.0
5,3,0.0,0.1379401,0.06853049,0.79352945,0.0,0.0,0.0,0.0,0.0
5,3,0.0,0.1379401,0.06853049,0.79352945,0.0,0.0,0.0,0.0,0.0
5,3,0.0,0.1379401,0.06853049,0.79352945,0.0,0.0,0.0,0.0,0.0
5,3,0.0,0.1379401,0.06853049,0.79352945,0.0,0.0,0.0,0.0,0.0
5,3,0.0,0.1379401,0.06853049,0.79352945,0.0,0.0,0.0,0.0,0.0
5,3,0.0,0.1379401,0.06853049,0.79352945,0.0,0.0,0.0,0.0,0.0
5,3,0.0,0.1379401,0.06853049,0.79352945,0.0,0.0,0.0,0.0,0.0
5,3,0.0,0.13026078,0.0647153,0.80502397,0.0,0.0,0.0,0.0,0.0
5,3,0.0,0.13026078,0.0647153,0.80502397,0.0,0.0,0.0,0.0,0.0
5,3,0.0,0.13026078,0.0647153,0.80502397,0.0,0.0,0.0,0.0,0.0
5,3,0.0,0.13026078,0.0647153,0.80502397,0.0,0.0,0.0,0.0,0.0
5,3,0.0,0.13026078,0.0647153,0.80502397,0.0,0.0,0.0,0.0,0.0
5,3,0.0,0.13026078,0.0647153,0.80502397,0.0,0.0,0.0,0.0,0.0
5,3,0.0,0.13026078,0.0647153,0.80502397,0.0,0.0,0.0,0.0,0.0
5,3,0.0,0.13026078,0.0647153,0.80502397,0.0,0.0,0.0,0.0,0.0
5,3,0.0,0.13026078,0.0647153,0.80502397,0.0,0.0,0.0,0.0,0.0
5,3,0.0,0.13026078,0.0647153,0.80502397,0.0,0.0,0.0,0.0,0.0
5,3,0.0,0.13026078,0.0647153,0.80502397,0.0,0.0,0.0,0.0,0.0
5,3,0.0,0.13026078,0.0647153,0.80502397,0.0,0.0,0.0,0.0,0.0
5,3,0.0,0.13026078,0.0647153,0.80502397,0.0,0.0,0.0,0.0,0.0
5,3,0.0,0.13026078,0.0647153,0.80502397,0.0,0.0,0.0,0.0,0.0
5,3,0.0,0.13026078,0.0647153,0.80502397,0.0,0.0,0.0,0.0,0.0
5,3,0.0,0.13026078,0.0647153,0.80502397,0.0,0.0,0.0,0.0,0.0
5,3,0.0,0.13026078,0.0647153,0.80502397,0.0,0.0,0.0,0.0,0.0
5,3,0.0,0.13026078,0.0647153,0.80502397,0.0,0.0,0.0,0.0,0.0
5,3,0.0,0.13026078,0.0647153,0.80502397,0.0,0.0,0.0,0.0,0.0
5,3,0.0,0.13026078,0.0647153,0.80502397,0.0,0.0,0.0,0.0,0.0
5,3,0.0,0.13026078,0.0647153,0.80502397,0.0,0.0,0.0,0.0,0.0
5,3,0.0,0.13026078,0.0647153,0.80502397,0.0,0.0,0.0,0.0,0.0
5,3,0.0,0.13026078,0.0647153,0.80502397,0.0,0.0,0.0,0.0,0.0
5,3,0.0,0.13026078,0.0647153,0.80502397,0.0,0.0,0.0,0.0,0.0
5,3,0.0,0.13026078,0.0647153,0.80502397,0.0,0.0,0.0,0.0,0.0
5,3,0.0,0.1379401,0.06853049,0.79352945,0.0,0.0,0.0,0.0,0.0
5,3,0.0,0.1379401,0.06853049,0.79352945,0.0,0.0,0.0,0.0,0.0
5,3,0.0,0.1379401,0.06853049,0.79352945,0.0,0.0,0.0,0.0,0.0
5,3,0.0,0.1379401,0.06853049,0.79352945,0.0,0.0,0.0,0.0,0.0
5,3,0.0,0.1379401,0.06853049,0.79352945,0.0,0.0,0.0,0.0,0.0
5,3,0.0,0.1379401,0.06853049,0.79352945,0.0,0.0,0.0,0.0,0.0
5,3,0.0,0.1379401,0.06853049,0.79352945,0.0,0.0,0.0,0.0,0.0
5,3,0.0,0.1379401,0.06853049,0.79352945,0.0,0.0,0.0,0.0,0.0
5,3,0.0,0.1379401,0.06853049,0.79352945,0.0,0.0,0.0,0.0,0.0
5,3,0.0,0.1379401,0.06853049,0.79352945,0.0,0.0,0.0,0.0,0.0
5,3,0.0,0.1379401,0.06853049,0.79352945,0.0,0.0,0.0,0.0,0.0
5,3,0.0,0.1379401,0.06853049,0.79352945,0.0,0.0,0.0,0.0,0.0
5,3,0.0,0.1379401,0.06853049,0.79352945,0.0,0.0,0.0,0.0,0.0
5,3,0.0,0.1379401,0.06853049,0.79352945,0.0,0.0,0.0,0.0,0.0
5,3,0.0,0.1379401,0.06853049,0.79352945,0.0,0.0,0.0,0.0,0.0
5,3,0.0,0.1379401,0.06853049,0.79352945,0.0,0.0,0.0,0.0,0.0
5,3,0.0,0.1379401,0.06853049,0.79352945,0.0,0.0,0.0,0.0,0.0
5,3,0.0,0.1379401,0.06853049,0.79352945,0.0,0.0,0.0,0.0,0.0
5,3,0.0,0.1379401,0.06853049,0.79352945,0.0,0.0,0.0,0.0,0.0
5,3,0.0,0.1379401,0.06853049,0.79352945,0.0,0.0,0.0,0.0,0.0
5,3,0.0,0.1379401,0.06853049,0.79352945,0.0,0.0,0.0,0.0,0.0
5,3,0.0,0.1379401,0.06853049,0.79352945,0.0,0.0,0.0,0.0,0.0
5,3,0.0,0.1379401,0.06853049,0.79352945,0.0,0.0,0.0,0.0,0.0
5,3,0.0,0.1379401,0.06853049,0.79352945,0.0,0.0,0.0,0.0,0.0
5,3,0.0,0.1379401,0.06853049,0.79352945,0.0,0.0,0.0,0.0,0.0
5,3,0.0,0.1379401,0.06853049,0.79352945,0.0,0.0,0.0,0.0,0.0
5,3,0.0,0.1379401,0.06853049,0.79352945,0.0,0.0,0.0,0.0,0.0
5,3,0.0,0.13026078,0.0647153,0.80502397,0.0,0.0,0.0,0.0,0.0
5,3,0.0,0.13026078,0.0647153,0.80502397,0.0,0.0,0.0,0.0,0.0
5,3,0.0,0.13026078,0.0647153,0.80502397,0.0,0.0,0.0,0.0,0.0
5,3,0.0,0.13026078,0.0647153,0.80502397,0.0,0.0,0.0,0.0,0.0
5,3,0.0,0.13026078,0.0647153,0.80502397,0.0,0.0,0.0,0.0,0.0
5,3,0.0,0.13026078,0.0647153,0.80502397,0.0,0.0,0.0,0.0,0.0
5,3,0.0,0.13026078,0.0647153,0.80502397,0.0,0.0,0.0,0.0,0.0
5,3,0.0,0.13026078,0.0647153,0.80502397,0.0,0.0,0.0,0.0,0.0
5,3,0.0,0.13026078,0.0647153,0.80502397,0.0,0.0,0.0,0.0,0.0
5,3,0.0,0.13026078,0.0647153,0.80502397,0.0,0.0,0.0,0.0,0.0
5,3,0.0,0.13026078,0.0647153,0.80502397,0.0,0.0,0.0,0.0,0.0
5,3,0.0,0.13026078,0.0647153,0.80502397,0.0,0.0,0.0,0.0,0.0
5,3,0.0,0.13026078,0.0647153,0.80502397,0.0,0.0,0.0,0.0,0.0
5,3,0.0,0.13026078,0.0647153,0.80502397,0.0,0.0,0.0,0.0,0.0
5,3,0.0,0.13026078,0.0647153,0.80502397,0.0,0.0,0.0,0.0,0.0
5,3,0.0,0.13026078,0.0647153,0.80502397,0.0,0.0,0.0,0.0,0.0
5,3,0.0,0.13026078,0.0647153,0.80502397,0.0,0.0,0.0,0.0,0.0
5,3,0.0,0.13026078,0.0647153,0.80502397,0.0,0.0,0.0,0.0,0.0
5,3,0.0,0.13026078,0.0647153,0.80502397,0.0,0.0,0.0,0.0,0.0
5,3,0.0,0.13026078,0.0647153,0.80502397,0.0,0.0,0.0,0.0,0.0
5,3,0.0,0.13026078,0.0647153,0.80502397,0.0,0.0,0.0,0.0,0.0
5,3,0.0,0.13026078,0.0647153,0.80502397,0.0,0.0,0.0,0.0,0.0
5,3,0.0,0.13026078,0.0647153,0.80502397,0.0,0.0,0.0,0.0,0.0
5,3,0.0,0.13026078,0.0647153,0.80502397,0.0,0.0,0.0,0.0,0.0
5,3,0.0,0.13026078,0.0647153,0.80502397,0.0,0.0,0.0,0.0,0.0
5,3,0.0,0.13026078,0.0647153,0.80502397,0.0,0.0,0.0,0.0,0.0
5,3,0.0,0.13026078,0.0647153,0.80502397,0.0,0.0,0.0,0.0,0.0
5,3,0.0,0.13026078,0.0647153,0.80502397,0.0,0.0,0.0,0.0,0.0
5,3,0.0,0.13026078,0.0647153,0.80502397,0.0,0.0,0.0,0.0,0.0
5,3,0.0,0.13026078,0.0647153,0.80502397,0.0,0.0,0.0,0.0,0.0
5,3,0.0,0.13026078,0.0647153,0.80502397,0.0,0.0,0.0,0.0,0.0
5,3,0.0,0.13026078,0.0647153,0.80502397,0.0,0.0,0.0,0.0,0.0
5,3,0.0,0.13026078,0.0647153,0.80502397,0.0,0.0,0.0,0.0,0.0
5,3,0.0,0.13026078,0.0647153,0.80502397,0.0,0.0,0.0,0.0,0.0
5,3,0.0,0.13026078,0.0647153,0.80502397,0.0,0.0,0.0,0.0,0.0
5,3,0.0,0.13026078,0.0647153,0.80502397,0.0,0.0,0.0,0.0,0.0
5,3,0.0,0.13026078,0.0647153,0.80502397,0.0,0.0,0.0,0.0,0.0
5,3,0.0,0.13026078,0.0647153,0.80502397,0.0,0.0,0.0,0.0,0.0
5,3,0.0,0.13026078,0.0647153,0.80502397,0.0,0.0,0.0,0.0,0.0
5,3,0.0,0.13026078,0.0647153,0.80502397,0.0,0.0,0.0,0.0,0.0
5,3,0.0,0.13026078,0.0647153,0.80502397,0.0,0.0,0.0,0.0,0.0
5,3,0.0,0.13026078,0.0647153,0.80502397,0.0,0.0,0.0,0.0,0.0
5,3,0.0,0.13026078,0.0647153,0.80502397,0.0,0.0,0.0,0.0,0.0
5,3,0.0,0.13026078,0.0647153,0.80502397,0.0,0.0,0.0,0.0,0.0
5,3,0.0,0.13026078,0.0647153,0.80502397,0.0,0.0,0.0,0.0,0.0
5,3,0.0,0.13026078,0.0647153,0.80502397,0.0,0.0,0.0,0.0,0.0
5,3,0.0,0.13026078,0.0647153,0.80502397,0.0,0.0,0.0,0.0,0.0
5,3,0.0,0.13026078,0.0647153,0.80502397,0.0,0.0,0.0,0.0,0.0
5,3,0.0,0.13026078,0.0647153,0.80502397,0.0,0.0,0.0,0.0,0.0
5,3,0.0,0.13026078,0.0647153,0.80502397,0.0,0.0,0.0,0.0,0.0
5,3,0.0,0.13026078,0.0647153,0.80502397,0.0,0.0,0.0,0.0,0.0
5,3,0.0,0.13026078,0.0647153,0.80502397,0.0,0.0,0.0,0.0,0.0
5,3,0.0,0.13026078,0.0647153,0.80502397,0.0,0.0,0.0,0.0,0.0
5,3,0.0,0.13026078,0.0647153,0.80502397,0.0,0.0,0.0,0.0,0.0
5,3,0.0,0.13026078,0.0647153,0.80502397,0.0,0.0,0.0,0.0,0.0
5,3,0.0,0.13026078,0.0647153,0.80502397,0.0,0.0,0.0,0.0,0.0
5,3,0.0,0.13026078,0.0647153,0.80502397,0.0,0.0,0.0,0.0,0.0
5,3,0.0,0.13026078,0.0647153,0.80502397,0.0,0.0,0.0,0.0,0.0
5,3,0.0,0.13026078,0.0647153,0.80502397,0.0,0.0,0.0,0.0,0.0
5,3,0.0,0.13026078,0.0647153,0.80502397,0.0,0.0,0.0,0.0,0.0
5,3,0.0,0.13026078,0.0647153,0.80502397,0.0,0.0,0.0,0.0,0.0
5,3,0.0,0.13026078,0.0647153,0.80502397,0.0,0.0,0.0,0.0,0.0
5,3,0.0,0.13026078,0.0647153,0.80502397,0.0,0.0,0.0,0.0,0.0
5,3,0.0,0.13026078,0.0647153,0.80502397,0.0,0.0,0.0,0.0,0.0
5,3,0.0,0.13026078,0.0647153,0.80502397,0.0,0.0,0.0,0.0,0.0
5,3,0.0,0.13026078,0.0647153,0.80502397,0.0,0.0,0.0,0.0,0.0
5,3,0.0,0.13026078,0.0647153,0.80502397,0.0,0.0,0.0,0.0,0.0
5,3,0.0,0.13026078,0.0647153,0.80502397,0.0,0.0,0.0,0.0,0.0
5,3,0.0,0.13026078,0.0647153,0.80502397,0.0,0.0,0.0,0.0,0.0
5,3,0.0,0.13026078,0.0647153,0.80502397,0.0,0.0,0.0,0.0,0.0
5,3,0.0,0.13026078,0.0647153,0.80502397,0.0,0.0,0.0,0.0,0.0
5,3,0.0,0.13026078,0.0647153,0.80502397,0.0,0.0,0.0,0.0,0.0
5,3,0.0,0.13026078,0.0647153,0.80502397,0.0,0.0,0.0,0.0,0.0
5,3,0.0,0.13026078,0.0647153,0.80502397,0.0,0.0,0.0,0.0,0.0
5,3,0.0,0.13026078,0.0647153,0.80502397,0.0,0.0,0.0,0.0,0.0
5,3,0.0,0.13026078,0.0647153,0.80502397,0.0,0.0,0.0,0.0,0.0
5,3,0.0,0.13026078,0.0647153,0.80502397,0.0,0.0,0.0,0.0,0.0
5,3,0.0,0.13026078,0.0647153,0.80502397,0.0,0.0,0.0,0.0,0.0
5,3,0.0,0.13026078,0.0647153,0.80502397,0.0,0.0,0.0,0.0,0.0
5,3,0.0,0.13026078,0.0647153,0.80502397,0.0,0.0,0.0,0.0,0.0
5,3,0.0,0.13026078,0.0647153,0.80502397,0.0,0.0,0.0,0.0,0.0
5,3,0.0,0.13026078,0.0647153,0.80502397,0.0,0.0,0.0,0.0,0.0
5,3,0.0,0.13026078,0.0647153,0.80502397,0.0,0.0,0.0,0.0,0.0
5,3,0.0,0.13026078,0.0647153,0.80502397,0.0,0.0,0.0,0.0,0.0
5,3,0.0,0.13026078,0.0647153,0.80502397,0.0,0.0,0.0,0.0,0.0
5,3,0.0,0.13026078,0.0647153,0.80502397,0.0,0.0,0.0,0.0,0.0
5,3,0.0,0.13026078,0.0647153,0.80502397,0.0,0.0,0.0,0.0,0.0
5,3,0.0,0.13026078,0.0647153,0.80502397,0.0,0.0,0.0,0.0,0.0
5,3,0.0,0.13026078,0.0647153,0.80502397,0.0,0.0,0.0,0.0,0.0
5,3,0.0,0.13026078,0.0647153,0.80502397,0.0,0.0,0.0,0.0,0.0
5,3,0.0,0.13026078,0.0647153,0.80502397,0.0,0.0,0.0,0.0,0.0
5,3,0.0,0.13026078,0.0647153,0.80502397,0.0,0.0,0.0,0.0,0.0
5,3,0.0,0.13026078,0.0647153,0.80502397,0.0,0.0,0.0,0.0,0.0
5,3,0.0,0.13026078,0.0647153,0.80502397,0.0,0.0,0.0,0.0,0.0
5,3,0.0,0.13026078,0.0647153,0.80502397,0.0,0.0,0.0,0.0,0.0
5,3,0.0,0.13026078,0.0647153,0.80502397,0.0,0.0,0.0,0.0,0.0
5,3,0.0,0.13026078,0.0647153,0.80502397,0.0,0.0,0.0,0.0,0.0
5,3,0.0,0.13026078,0.0647153,0.80502397,0.0,0.0,0.0,0.0,0.0
5,3,0.0,0.13026078,0.0647153,0.80502397,0.0,0.0,0.0,0.0,0.0
5,3,0.0,0.13026078,0.0647153,0.80502397,0.0,0.0,0.0,0.0,0.0
5,3,0.0,0.13026078,0.0647153,0.80502397,0.0,0.0,0.0,0.0,0.0
5,3,0.0,0.13026078,0.0647153,0.80502397,0.0,0.0,0.0,0.0,0.0
5,3,0.0,0.13026078,0.0647153,0.80502397,0.0,0.0,0.0,0.0,0.0
5,3,0.0,0.13026078,0.0647153,0.80502397,0.0,0.0,0.0,0.0,0.0
5,3,0.0,0.13026078,0.0647153,0.80502397,0.0,0.0,0.0,0.0,0.0
5,3,0.0,0.13026078,0.0647153,0.80502397,0.0,0.0,0.0,0.0,0.0
5,3,0.0,0.13026078,0.0647153,0.80502397,0.0,0.0,0.0,0.0,0.0
5,3,0.0,0.13026078,0.0647153,0.80502397,0.0,0.0,0.0,0.0,0.0
5,3,0.0,0.13026078,0.0647153,0.80502397,0.0,0.0,0.0,0.0,0.0
5,3,0.0,0.13026078,0.0647153,0.80502397,0.0,0.0,0.0,0.0,0.0
5,3,0.0,0.13026078,0.0647153,0.80502397,0.0,0.0,0.0,0.0,0.0
5,3,0.0,0.13026078,0.0647153,0.80502397,0.0,0.0,0.0,0.0,0.0
5,3,0.0,0.13026078,0.0647153,0.80502397,0.0,0.0,0.0,0.0,0.0
5,3,0.0,0.13026078,0.0647153,0.80502397,0.0,0.0,0.0,0.0,0.0
5,3,0.0,0.13026078,0.0647153,0.80502397,0.0,0.0,0.0,0.0,0.0
5,3,0.0,0.13026078,0.0647153,0.80502397,0.0,0.0,0.0,0.0,0.0
5,3,0.0,0.13026078,0.0647153,0.80502397,0.0,0.0,0.0,0.0,0.0
5,3,0.0,0.13026078,0.0647153,0.80502397,0.0,0.0,0.0,0.0,0.0
5,3,0.0,0.13026078,0.0647153,0.80502397,0.0,0.0,0.0,0.0,0.0
5,3,0.0,0.13026078,0.0647153,0.80502397,0.0,0.0,0.0,0.0,0.0
5,3,0.0,0.13026078,0.0647153,0.80502397,0.0,0.0,0.0,0.0,0.0
5,3,0.0,0.13026078,0.0647153,0.80502397,0.0,0.0,0.0,0.0,0.0
5,3,0.0,0.13026078,0.0647153,0.80502397,0.0,0.0,0.0,0.0,0.0
5,3,0.0,0.13026078,0.0647153,0.80502397,0.0,0.0,0.0,0.0,0.0
5,3,0.0,0.13026078,0.0647153,0.80502397,0.0,0.0,0.0,0.0,0.0
5,3,0.0,0.13026078,0.0647153,0.80502397,0.0,0.0,0.0,0.0,0.0
5,3,0.0,0.13026078,0.0647153,0.80502397,0.0,0.0,0.0,0.0,0.0
5,3,0.0,0.13026078,0.0647153,0.80502397,0.0,0.0,0.0,0.0,0.0
5,3,0.0,0.13026078,0.0647153,0.80502397,0.0,0.0,0.0,0.0,0.0
5,3,0.0,0.13026078,0.0647153,0.80502397,0.0,0.0,0.0,0.0,0.0
5,3,0.0,0.13026078,0.0647153,0.80502397,0.0,0.0,0.0,0.0,0.0
5,3,0.0,0.13026078,0.0647153,0.80502397,0.0,0.0,0.0,0.0,0.0
5,3,0.0,0.13026078,0.0647153,0.80502397,0.0,0.0,0.0,0.0,0.0
5,3,0.0,0.13026078,0.0647153,0.80502397,0.0,0.0,0.0,0.0,0.0
5,3,0.0,0.13026078,0.0647153,0.80502397,0.0,0.0,0.0,0.0,0.0
5,3,0.0,0.13026078,0.0647153,0.80502397,0.0,0.0,0.0,0.0,0.0
5,3,0.0,0.13026078,0.0647153,0.80502397,0.0,0.0,0.0,0.0,0.0
5,3,0.0,0.13026078,0.0647153,0.80502397,0.0,0.0,0.0,0.0,0.0
5,3,0.0,0.13026078,0.0647153,0.80502397,0.0,0.0,0.0,0.0,0.0
5,3,0.0,0.13026078,0.0647153,0.80502397,0.0,0.0,0.0,0.0,0.0
5,3,0.0,0.13026078,0.0647153,0.80502397,0.0,0.0,0.0,0.0,0.0
5,3,0.0,0.05916933,0.064715296,0.8761154,0.0,0.0,0.0,0.0,0.0
5,3,0.0,0.05916933,0.064715296,0.8761154,0.0,0.0,0.0,0.0,0.0
5,3,0.0,0.05916933,0.064715296,0.8761154,0.0,0.0,0.0,0.0,0.0
5,3,0.0,0.05916933,0.064715296,0.8761154,0.0,0.0,0.0,0.0,0.0
5,3,0.0,0.05916933,0.064715296,0.8761154,0.0,0.0,0.0,0.0,0.0
5,3,0.0,0.05916933,0.064715296,0.8761154,0.0,0.0,0.0,0.0,0.0
5,3,0.0,0.05916933,0.064715296,0.8761154,0.0,0.0,0.0,0.0,0.0
5,3,0.0,0.05916933,0.064715296,0.8761154,0.0,0.0,0.0,0.0,0.0
5,3,0.0,0.05916933,0.064715296,0.8761154,0.0,0.0,0.0,0.0,0.0
5,3,0.0,0.05916933,0.064715296,0.8761154,0.0,0.0,0.0,0.0,0.0
5,3,0.0,0.05916933,0.064715296,0.8761154,0.0,0.0,0.0,0.0,0.0
5,3,0.0,0.05916933,0.064715296,0.8761154,0.0,0.0,0.0,0.0,0.0
5,3,0.0,0.05916933,0.064715296,0.8761154,0.0,0.0,0.0,0.0,0.0
5,3,0.0,0.05916933,0.064715296,0.8761154,0.0,0.0,0.0,0.0,0.0
5,3,0.0,0.05916933,0.064715296,0.8761154,0.0,0.0,0.0,0.0,0.0
5,3,0.0,0.05916933,0.064715296,0.8761154,0.0,0.0,0.0,0.0,0.0
5,3,0.0,0.05916933,0.064715296,0.8761154,0.0,0.0,0.0,0.0,0.0
5,3,0.0,0.05916933,0.064715296,0.8761154,0.0,0.0,0.0,0.0,0.0
5,3,0.0,0.05916933,0.064715296,0.8761154,0.0,0.0,0.0,0.0,0.0
5,3,0.0,0.05916933,0.064715296,0.8761154,0.0,0.0,0.0,0.0,0.0
5,3,0.0,0.05916933,0.064715296,0.8761154,0.0,0.0,0.0,0.0,0.0
5,3,0.0,0.05916933,0.064715296,0.8761154,0.0,0.0,0.0,0.0,0.0
5,3,0.0,0.05916933,0.064715296,0.8761154,0.0,0.0,0.0,0.0,0.0
5,3,0.0,0.05916933,0.064715296,0.8761154,0.0,0.0,0.0,0.0,0.0
5,3,0.0,0.05916933,0.064715296,0.8761154,0.0,0.0,0.0,0.0,0.0
5,3,0.0,0.05916933,0.064715296,0.8761154,0.0,0.0,0.0,0.0,0.0
5,3,0.0,0.05916933,0.064715296,0.8761154,0.0,0.0,0.0,0.0,0.0
5,3,0.0,0.05916933,0.064715296,0.8761154,0.0,0.0,0.0,0.0,0.0
5,3,0.0,0.05916933,0.064715296,0.8761154,0.0,0.0,0.0,0.0,0.0
5,3,0.0,0.05916933,0.064715296,0.8761154,0.0,0.0,0.0,0.0,0.0
5,3,0.0,0.05916933,0.064715296,0.8761154,0.0,0.0,0.0,0.0,0.0
5,3,0.0,0.05916933,0.064715296,0.8761154,0.0,0.0,0.0,0.0,0.0
5,3,0.0,0.05916933,0.0,0.9408307,0.0,0.0,0.0,0.0,0.0
5,3,0.0,0.05916933,0.0,0.9408307,0.0,0.0,0.0,0.0,0.0
5,3,0.0,0.05916933,0.0,0.9408307,0.0,0.0,0.0,0.0,0.0
5,3,0.0,0.05916933,0.0,0.9408307,0.0,0.0,0.0,0.0,0.0
5,3,0.0,0.05916933,0.0,0.9408307,0.0,0.0,0.0,0.0,0.0
5,3,0.0,0.05916933,0.0,0.9408307,0.0,0.0,0.0,0.0,0.0
5,3,0.0,0.05916933,0.0,0.9408307,0.0,0.0,0.0,0.0,0.0
5,3,0.0,0.05916933,0.0,0.9408307,0.0,0.0,0.0,0.0,0.0
5,3,0.0,0.05916933,0.0,0.9408307,0.0,0.0,0.0,0.0,0.0
5,3,0.0,0.05916933,0.0,0.9408307,0.0,0.0,0.0,0.0,0.0
5,3,0.0,0.05916933,0.0,0.9408307,0.0,0.0,0.0,0.0,0.0
5,3,0.0,0.05916933,0.0,0.9408307,0.0,0.0,0.0,0.0,0.0
5,3,0.0,0.05916933,0.0,0.9408307,0.0,0.0,0.0,0.0,0.0
5,3,0.0,0.05916933,0.0,0.9408307,0.0,0.0,0.0,0.0,0.0
5,3,0.0,0.05916933,0.0,0.9408307,0.0,0.0,0.0,0.0,0.0
5,3,0.0,0.05916933,0.0,0.9408307,0.0,0.0,0.0,0.0,0.0
5,3,0.0,0.0,0.0,0.9408307,0.0,0.0,0.0,0.05916933,0.0
5,3,0.0,0.0,0.0,0.9408307,0.0,0.0,0.0,0.05916933,0.0
5,3,0.0,0.0,0.0,0.9408307,0.0,0.0,0.0,0.05916933,0.0
5,3,0.0,0.0,0.0,0.9408307,0.0,0.0,0.0,0.05916933,0.0
5,3,0.0,0.0,0.0,0.9408307,0.0,0.0,0.0,0.05916933,0.0
5,3,0.0,0.0,0.0,0.9408307,0.0,0.0,0.0,0.05916933,0.0
5,3,0.0,0.0,0.0,0.9408307,0.0,0.0,0.0,0.05916933,0.0
5,3,0.0,0.0,0.0,0.9408307,0.0,0.0,0.0,0.05916933,0.0
5,3,0.0,0.0,0.0,0.9408307,0.0,0.0,0.0,0.05916933,0.0
5,3,0.0,0.0,0.0,0.9408307,0.0,0.0,0.0,0.05916933,0.0
5,3,0.0,0.0,0.0,0.9408307,0.0,0.0,0.0,0.05916933,0.0
5,3,0.0,0.0,0.0,0.9408307,0.0,0.0,0.0,0.05916933,0.0
5,3,0.0,0.0,0.0,0.9408307,0.0,0.0,0.0,0.05916933,0.0
5,3,0.0,0.0,0.0,0.9408307,0.0,0.0,0.0,0.05916933,0.0
5,3,0.0,0.0,0.0,0.9408307,0.0,0.0,0.0,0.05916933,0.0
5,3,0.0,0.0,0.0,0.9408307,0.0,0.0,0.0,0.05916933,0.0
5,3,0.0,0.0,0.0,0.9408307,0.0,0.0,0.0,0.05916933,0.0
5,3,0.0,0.0,0.0,0.9408307,0.0,0.0,0.0,0.05916933,0.0
5,3,0.0,0.0,0.0,0.9408307,0.0,0.0,0.0,0.05916933,0.0
5,3,0.0,0.0,0.0,0.9408307,0.0,0.0,0.0,0.05916933,0.0
5,3,0.0,0.0,0.0,0.9408307,0.0,0.0,0.0,0.05916933,0.0
5,3,0.0,0.0,0.0,0.9408307,0.0,0.0,0.0,0.05916933,0.0
5,3,0.0,0.0,0.0,0.9408307,0.0,0.0,0.0,0.05916933,0.0
5,3,0.0,0.0,0.0,0.9408307,0.0,0.0,0.0,0.05916933,0.0
5,3,0.0,0.0,0.0,0.9408307,0.0,0.0,0.0,0.05916933,0.0
5,3,0.0,0.0,0.0,0.9408307,0.0,0.0,0.0,0.05916933,0.0
5,3,0.0,0.0,0.0,0.9408307,0.0,0.0,0.0,0.05916933,0.0
5,3,0.0,0.0,0.0,0.9408307,0.0,0.0,0.0,0.05916933,0.0
5,3,0.0,0.0,0.0,0.9408307,0.0,0.0,0.0,0.05916933,0.0
5,3,0.0,0.0,0.0,0.9408307,0.0,0.0,0.0,0.05916933,0.0
5,3,0.0,0.0,0.0,0.9408307,0.0,0.0,0.0,0.05916933,0.0
5,3,0.0,0.0,0.0,0.9408307,0.0,0.0,0.0,0.05916933,0.0
5,3,0.0,0.0,0.0,0.9408307,0.0,0.0,0.0,0.05916933,0.0
5,3,0.0,0.0,0.0,0.9408307,0.0,0.0,0.0,0.05916933,0.0
5,3,0.0,0.0,0.0,0.9408307,0.0,0.0,0.0,0.05916933,0.0
5,3,0.0,0.0,0.0,0.9408307,0.0,0.0,0.0,0.05916933,0.0
5,3,0.0,0.0,0.0,0.9408307,0.0,0.0,0.0,0.05916933,0.0
5,3,0.0,0.0,0.0,0.9408307,0.0,0.0,0.0,0.05916933,0.0
5,3,0.0,0.0,0.0,0.9408307,0.0,0.0,0.0,0.05916933,0.0
5,3,0.0,0.0,0.0,0.9408307,0.0,0.0,0.0,0.05916933,0.0
5,3,0.0,0.0,0.0,0.9408307,0.0,0.0,0.0,0.05916933,0.0
5,3,0.0,0.0,0.0,0.9408307,0.0,0.0,0.0,0.05916933,0.0
5,3,0.0,0.0,0.0,0.9408307,0.0,0.0,0.0,0.05916933,0.0
5,3,0.0,0.0,0.0,0.9408307,0.0,0.0,0.0,0.05916933,0.0
5,3,0.0,0.0,0.0,0.9408307,0.0,0.0,0.0,0.05916933,0.0
5,3,0.0,0.0,0.0,0.9408307,0.0,0.0,0.0,0.05916933,0.0
5,3,0.0,0.0,0.0,0.9408307,0.0,0.0,0.0,0.05916933,0.0
5,3,0.0,0.0,0.0,0.9408307,0.0,0.0,0.0,0.05916933,0.0
5,3,0.0,0.0,0.0,0.9408307,0.0,0.0,0.0,0.05916933,0.0
5,3,0.0,0.0,0.0,0.9408307,0.0,0.0,0.0,0.05916933,0.0
5,3,0.0,0.0,0.0,0.9408307,0.0,0.0,0.0,0.05916933,0.0
5,3,0.0,0.0,0.0,0.9408307,0.0,0.0,0.0,0.05916933,0.0
5,3,0.0,0.0,0.0,0.9408307,0.0,0.0,0.0,0.05916933,0.0
5,3,0.0,0.0,0.0,0.9408307,0.0,0.0,0.0,0.05916933,0.0
5,3,0.0,0.0,0.0,0.9408307,0.0,0.0,0.0,0.05916933,0.0
5,3,0.0,0.0,0.0,0.9408307,0.0,0.0,0.0,0.05916933,0.0
5,3,0.0,0.0,0.0,0.9408307,0.0,0.0,0.0,0.05916933,0.0
5,3,0.0,0.0,0.0,0.9408307,0.0,0.0,0.0,0.05916933,0.0
5,3,0.0,0.0,0.0,0.9408307,0.0,0.0,0.0,0.05916933,0.0
5,3,0.0,0.0,0.0,0.9408307,0.0,0.0,0.0,0.05916933,0.0
5,3,0.0,0.0,0.0,0.9408307,0.0,0.0,0.0,0.05916933,0.0
5,3,0.0,0.0,0.0,0.9408307,0.0,0.0,0.0,0.05916933,0.0
5,3,0.0,0.0,0.0,0.9408307,0.0,0.0,0.0,0.05916933,0.0
5,3,0.0,0.0,0.0,0.9408307,0.0,0.0,0.0,0.05916933,0.0
5,3,0.0,0.0,0.0,0.9408307,0.0,0.0,0.0,0.05916933,0.0
5,3,0.0,0.0,0.0,0.9408307,0.0,0.0,0.0,0.05916933,0.0
5,3,0.0,0.0,0.0,0.9408307,0.0,0.0,0.0,0.05916933,0.0
5,3,0.0,0.0,0.0,0.9408307,0.0,0.0,0.0,0.05916933,0.0
5,3,0.0,0.0,0.0,0.9408307,0.0,0.0,0.0,0.05916933,0.0
5,3,0.0,0.0,0.0,0.9408307,0.0,0.0,0.0,0.05916933,0.0
5,3,0.0,0.0,0.0,0.9408307,0.0,0.0,0.0,0.05916933,0.0
5,3,0.0,0.0,0.0,0.9408307,0.0,0.0,0.0,0.05916933,0.0
5,3,0.0,0.0,0.0,0.9408307,0.0,0.0,0.0,0.05916933,0.0
5,3,0.0,0.0,0.0,0.9408307,0.0,0.0,0.0,0.05916933,0.0
5,3,0.0,0.0,0.0,0.9408307,0.0,0.0,0.0,0.05916933,0.0
5,3,0.0,0.0,0.0,0.9408307,0.0,0.0,0.0,0.05916933,0.0
5,3,0.0,0.0,0.0,0.9408307,0.0,0.0,0.0,0.05916933,0.0
5,3,0.0,0.0,0.0,0.9408307,0.0,0.0,0.0,0.05916933,0.0
5,3,0.0,0.0,0.0,0.9408307,0.0,0.0,0.0,0.05916933,0.0
5,3,0.0,0.0,0.0,0.9408307,0.0,0.0,0.0,0.05916933,0.0
5,3,0.0,0.0,0.0,0.9408307,0.0,0.0,0.0,0.05916933,0.0
5,3,0.0,0.0,0.0,0.9408307,0.0,0.0,0.0,0.05916933,0.0
5,3,0.0,0.0,0.0,0.9408307,0.0,0.0,0.0,0.05916933,0.0
5,3,0.0,0.0,0.0,0.9408307,0.0,0.0,0.0,0.05916933,0.0
5,3,0.0,0.0,0.0,0.9408307,0.0,0.0,0.0,0.05916933,0.0
5,3,0.0,0.0,0.0,0.9408307,0.0,0.0,0.0,0.05916933,0.0
5,3,0.0,0.0,0.0,0.9408307,0.0,0.0,0.0,0.05916933,0.0
5,3,0.0,0.0,0.0,0.9408307,0.0,0.0,0.0,0.05916933,0.0
5,3,0.0,0.0,0.0,0.9408307,0.0,0.0,0.0,0.05916933,0.0
5,3,0.0,0.0,0.0,0.9408307,0.0,0.0,0.0,0.05916933,0.0
5,3,0.0,0.0,0.0,0.9408307,0.0,0.0,0.0,0.05916933,0.0
5,3,0.0,0.0,0.0,0.9408307,0.0,0.0,0.0,0.05916933,0.0
5,3,0.0,0.0,0.0,0.9408307,0.0,0.0,0.0,0.05916933,0.0
5,3,0.0,0.0,0.0,0.9408307,0.0,0.0,0.0,0.05916933,0.0
5,3,0.0,0.0,0.0,0.9408307,0.0,0.0,0.0,0.05916933,0.0
5,3,0.0,0.0,0.0,0.9408307,0.0,0.0,0.0,0.05916933,0.0
5,3,0.0,0.0,0.0,0.9408307,0.0,0.0,0.0,0.05916933,0.0
5,3,0.0,0.0,0.0,0.9408307,0.0,0.0,0.0,0.05916933,0.0
5,3,0.0,0.0,0.0,0.9408307,0.0,0.0,0.0,0.05916933,0.0
5,3,0.0,0.0,0.0,0.9408307,0.0,0.0,0.0,0.05916933,0.0
5,3,0.0,0.0,0.0,0.9408307,0.0,0.0,0.0,0.05916933,0.0
5,3,0.0,0.0,0.0,0.9408307,0.0,0.0,0.0,0.05916933,0.0
5,3,0.0,0.0,0.0,0.9408307,0.0,0.0,0.0,0.05916933,0.0
5,3,0.0,0.0,0.0,0.9408307,0.0,0.0,0.0,0.05916933,0.0
5,3,0.0,0.0,0.0,0.9408307,0.0,0.0,0.0,0.05916933,0.0
5,3,0.0,0.0,0.0,0.9408307,0.0,0.0,0.0,0.05916933,0.0
5,3,0.0,0.0,0.0,0.9408307,0.0,0.0,0.0,0.05916933,0.0
5,3,0.0,0.0,0.0,0.9408307,0.0,0.0,0.0,0.05916933,0.0
5,3,0.0,0.0,0.0,0.9408307,0.0,0.0,0.0,0.05916933,0.0
5,3,0.0,0.0,0.0,0.9408307,0.0,0.0,0.0,0.05916933,0.0
5,3,0.0,0.0,0.0,0.9408307,0.0,0.0,0.0,0.05916933,0.0
5,3,0.0,0.0,0.0,0.9408307,0.0,0.0,0.0,0.05916933,0.0
5,3,0.0,0.0,0.0,0.9408307,0.0,0.0,0.0,0.05916933,0.0
5,3,0.0,0.0,0.0,0.9408307,0.0,0.0,0.0,0.05916933,0.0
5,3,0.0,0.0,0.0,0.9408307,0.0,0.0,0.0,0.05916933,0.0
5,3,0.0,0.0,0.0,0.9408307,0.0,0.0,0.0,0.05916933,0.0
5,3,0.0,0.0,0.0,0.9408307,0.0,0.0,0.0,0.05916933,0.0
5,3,0.0,0.0,0.0,0.9408307,0.0,0.0,0.0,0.05916933,0.0
5,3,0.0,0.0,0.0,0.9408307,0.0,0.0,0.0,0.05916933,0.0
5,3,0.0,0.0,0.0,0.9408307,0.0,0.0,0.0,0.05916933,0.0
5,3,0.0,0.0,0.0,0.9408307,0.0,0.0,0.0,0.05916933,0.0
5,3,0.0,0.0,0.0,0.9408307,0.0,0.0,0.0,0.05916933,0.0
5,3,0.0,0.0,0.0,0.9408307,0.0,0.0,0.0,0.05916933,0.0
5,3,0.0,0.0,0.0,0.9408307,0.0,0.0,0.0,0.05916933,0.0
5,3,0.0,0.0,0.0,0.9408307,0.0,0.0,0.0,0.05916933,0.0
5,3,0.0,0.0,0.0,0.9408307,0.0,0.0,0.0,0.05916933,0.0
5,3,0.0,0.0,0.0,0.9408307,0.0,0.0,0.0,0.05916933,0.0
5,3,0.0,0.0,0.0,0.9408307,0.0,0.0,0.0,0.05916933,0.0
5,3,0.0,0.0,0.0,0.9408307,0.0,0.0,0.0,0.05916933,0.0
5,3,0.0,0.0,0.0,0.9408307,0.0,0.0,0.0,0.05916933,0.0
5,3,0.0,0.0,0.0,0.9408307,0.0,0.0,0.0,0.05916933,0.0
5,3,0.0,0.0,0.0,0.9408307,0.0,0.0,0.0,0.05916933,0.0
5,3,0.0,0.0,0.0,0.9408307,0.0,0.0,0.0,0.05916933,0.0
5,3,0.0,0.0,0.0,0.9408307,0.0,0.0,0.0,0.05916933,0.0
5,3,0.0,0.0,0.0,0.9408307,0.0,0.0,0.0,0.05916933,0.0
5,3,0.0,0.0,0.0,0.9408307,0.0,0.0,0.0,0.05916933,0.0
5,3,0.0,0.0,0.0,0.9408307,0.0,0.0,0.0,0.05916933,0.0
5,3,0.0,0.0,0.0,0.9408307,0.0,0.0,0.0,0.05916933,0.0
5,3,0.0,0.0,0.0,0.9408307,0.0,0.0,0.0,0.05916933,0.0
5,3,0.0,0.0,0.0,0.9408307,0.0,0.0,0.0,0.05916933,0.0
5,3,0.0,0.0,0.0,0.9408307,0.0,0.0,0.0,0.05916933,0.0
5,3,0.0,0.0,0.0,0.9408307,0.0,0.0,0.0,0.05916933,0.0
5,3,0.0,0.0,0.0,0.9408307,0.0,0.0,0.0,0.05916933,0.0
5,3,0.0,0.0,0.0,0.9408307,0.0,0.0,0.0,0.05916933,0.0
5,3,0.0,0.0,0.0,0.9408307,0.0,0.0,0.0,0.05916933,0.0
5,3,0.0,0.0,0.0,0.9408307,0.0,0.0,0.0,0.05916933,0.0
5,3,0.0,0.0,0.0,0.9408307,0.0,0.0,0.0,0.05916933,0.0
5,3,0.0,0.0,0.0,0.9408307,0.0,0.0,0.0,0.05916933,0.0
5,3,0.0,0.0,0.0,0.9408307,0.0,0.0,0.0,0.05916933,0.0
5,3,0.0,0.0,0.0,0.9408307,0.0,0.0,0.0,0.05916933,0.0
5,3,0.0,0.0,0.0,0.9408307,0.0,0.0,0.0,0.05916933,0.0
5,3,0.0,0.0,0.0,0.9408307,0.0,0.0,0.0,0.05916933,0.0
5,3,0.0,0.0,0.0,0.9408307,0.0,0.0,0.0,0.05916933,0.0
5,3,0.0,0.0,0.0,0.9408307,0.0,0.0,0.0,0.05916933,0.0
5,3,0.0,0.0,0.0,0.9408307,0.0,0.0,0.0,0.05916933,0.0
5,3,0.0,0.0,0.0,0.9408307,0.0,0.0,0.0,0.05916933,0.0
5,3,0.0,0.0,0.0,0.9408307,0.0,0.0,0.0,0.05916933,0.0
5,3,0.0,0.0,0.0,0.9408307,0.0,0.0,0.0,0.05916933,0.0
5,3,0.0,0.0,0.0,0.9408307,0.0,0.0,0.0,0.05916933,0.0
5,3,0.0,0.0,0.0,0.9408307,0.0,0.0,0.0,0.05916933,0.0
5,3,0.0,0.0,0.0,0.9408307,0.0,0.0,0.0,0.05916933,0.0
5,3,0.0,0.0,0.0,0.9408307,0.0,0.0,0.0,0.05916933,0.0
5,3,0.0,0.0,0.0,0.9408307,0.0,0.0,0.0,0.05916933,0.0
5,3,0.0,0.0,0.0,0.9408307,0.0,0.0,0.0,0.05916933,0.0
5,3,0.0,0.0,0.0,0.9408307,0.0,0.0,0.0,0.05916933,0.0
5,3,0.0,0.0,0.0,0.9408307,0.0,0.0,0.0,0.05916933,0.0
5,3,0.0,0.0,0.0,0.9408307,0.0,0.0,0.0,0.05916933,0.0
5,3,0.0,0.0,0.0,0.9408307,0.0,0.0,0.0,0.05916933,0.0
5,3,0.0,0.0,0.0,1.0,0.0,0.0,0.0,0.0,0.0
5,3,0.0,0.0,0.0,1.0,0.0,0.0,0.0,0.0,0.0
5,3,0.0,0.0,0.0,1.0,0.0,0.0,0.0,0.0,0.0
5,3,0.0,0.0,0.0,1.0,0.0,0.0,0.0,0.0,0.0
5,3,0.0,0.0,0.0,1.0,0.0,0.0,0.0,0.0,0.0
5,3,0.0,0.0,0.0,1.0,0.0,0.0,0.0,0.0,0.0
5,3,0.0,0.0,0.0,1.0,0.0,0.0,0.0,0.0,0.0
5,3,0.0,0.0,0.0,1.0,0.0,0.0,0.0,0.0,0.0
5,3,0.0,0.0,0.0,1.0,0.0,0.0,0.0,0.0,0.0
5,3,0.0,0.0,0.0,1.0,0.0,0.0,0.0,0.0,0.0
5,3,0.0,0.0,0.0,1.0,0.0,0.0,0.0,0.0,0.0
5,3,0.0,0.0,0.0,1.0,0.0,0.0,0.0,0.0,0.0
5,3,0.0,0.0,0.0,1.0,0.0,0.0,0.0,0.0,0.0
5,3,0.0,0.0,0.0,1.0,0.0,0.0,0.0,0.0,0.0
5,3,0.0,0.0,0.0,1.0,0.0,0.0,0.0,0.0,0.0
5,3,0.0,0.0,0.0,1.0,0.0,0.0,0.0,0.0,0.0
5,3,0.0,0.0,0.0,1.0,0.0,0.0,0.0,0.0,0.0
5,3,0.0,0.0,0.0,1.0,0.0,0.0,0.0,0.0,0.0
5,3,0.0,0.0,0.0,1.0,0.0,0.0,0.0,0.0,0.0
5,3,0.0,0.0,0.0,1.0,0.0,0.0,0.0,0.0,0.0
5,3,0.0,0.0,0.0,1.0,0.0,0.0,0.0,0.0,0.0
5,3,0.0,0.0,0.0,1.0,0.0,0.0,0.0,0.0,0.0
5,3,0.0,0.0,0.0,1.0,0.0,0.0,0.0,0.0,0.0
5,3,0.0,0.0,0.0,1.0,0.0,0.0,0.0,0.0,0.0
5,3,0.0,0.0,0.0,1.0,0.0,0.0,0.0,0.0,0.0
5,3,0.0,0.0,0.0,1.0,0.0,0.0,0.0,0.0,0.0
5,3,0.0,0.0,0.0,1.0,0.0,0.0,0.0,0.0,0.0
5,3,0.0,0.0,0.0,1.0,0.0,0.0,0.0,0.0,0.0
5,3,0.0,0.0,0.0,1.0,0.0,0.0,0.0,0.0,0.0
5,3,0.0,0.0,0.0,1.0,0.0,0.0,0.0,0.0,0.0
5,3,0.0,0.0,0.0,1.0,0.0,0.0,0.0,0.0,0.0
5,3,0.0,0.0,0.0,1.0,0.0,0.0,0.0,0.0,0.0
5,3,0.0,0.0,0.0,1.0,0.0,0.0,0.0,0.0,0.0
5,3,0.0,0.0,0.0,1.0,0.0,0.0,0.0,0.0,0.0
5,3,0.0,0.0,0.0,1.0,0.0,0.0,0.0,0.0,0.0
5,3,0.0,0.0,0.0,1.0,0.0,0.0,0.0,0.0,0.0
5,3,0.0,0.0,0.0,1.0,0.0,0.0,0.0,0.0,0.0
5,3,0.0,0.0,0.0,1.0,0.0,0.0,0.0,0.0,0.0
5,3,0.0,0.0,0.0,1.0,0.0,0.0,0.0,0.0,0.0
5,3,0.0,0.0,0.0,1.0,0.0,0.0,0.0,0.0,0.0
5,3,0.0,0.0,0.0,1.0,0.0,0.0,0.0,0.0,0.0
5,3,0.0,0.0,0.0,1.0,0.0,0.0,0.0,0.0,0.0
5,3,0.0,0.0,0.0,1.0,0.0,0.0,0.0,0.0,0.0
5,3,0.0,0.0,0.0,1.0,0.0,0.0,0.0,0.0,0.0
5,3,0.0,0.0,0.0,1.0,0.0,0.0,0.0,0.0,0.0
5,3,0.0,0.0,0.0,1.0,0.0,0.0,0.0,0.0,0.0
5,3,0.0,0.0,0.0,1.0,0.0,0.0,0.0,0.0,0.0
5,3,0.0,0.0,0.0,1.0,0.0,0.0,0.0,0.0,0.0
5,3,0.0,0.0,0.0,1.0,0.0,0.0,0.0,0.0,0.0
5,3,0.0,0.0,0.0,1.0,0.0,0.0,0.0,0.0,0.0
5,3,0.0,0.0,0.0,1.0,0.0,0.0,0.0,0.0,0.0
5,3,0.0,0.0,0.0,1.0,0.0,0.0,0.0,0.0,0.0
5,3,0.0,0.0,0.0,1.0,0.0,0.0,0.0,0.0,0.0
5,3,0.0,0.0,0.0,1.0,0.0,0.0,0.0,0.0,0.0
5,3,0.0,0.0,0.0,1.0,0.0,0.0,0.0,0.0,0.0
5,3,0.0,0.0,0.0,1.0,0.0,0.0,0.0,0.0,0.0
5,3,0.0,0.0,0.0,1.0,0.0,0.0,0.0,0.0,0.0
5,3,0.0,0.0,0.0,1.0,0.0,0.0,0.0,0.0,0.0
5,3,0.0,0.0,0.0,1.0,0.0,0.0,0.0,0.0,0.0
5,3,0.0,0.0,0.0,1.0,0.0,0.0,0.0,0.0,0.0
5,3,0.0,0.0,0.0,1.0,0.0,0.0,0.0,0.0,0.0
5,3,0.0,0.0,0.0,1.0,0.0,0.0,0.0,0.0,0.0
5,3,0.0,0.0,0.0,1.0,0.0,0.0,0.0,0.0,0.0
5,3,0.0,0.0,0.0,1.0,0.0,0.0,0.0,0.0,0.0
5,3,0.0,0.0,0.0,1.0,0.0,0.0,0.0,0.0,0.0
5,3,0.0,0.0,0.0,1.0,0.0,0.0,0.0,0.0,0.0
5,3,0.0,0.0,0.0,1.0,0.0,0.0,0.0,0.0,0.0
5,3,0.0,0.0,0.0,1.0,0.0,0.0,0.0,0.0,0.0
5,3,0.0,0.0,0.0,1.0,0.0,0.0,0.0,0.0,0.0
5,3,0.0,0.0,0.0,1.0,0.0,0.0,0.0,0.0,0.0
5,3,0.0,0.0,0.0,1.0,0.0,0.0,0.0,0.0,0.0
5,3,0.0,0.0,0.0,1.0,0.0,0.0,0.0,0.0,0.0
5,3,0.0,0.0,0.0,1.0,0.0,0.0,0.0,0.0,0.0
5,3,0.0,0.0,0.0,1.0,0.0,0.0,0.0,0.0,0.0
5,3,0.0,0.0,0.0,1.0,0.0,0.0,0.0,0.0,0.0
5,3,0.0,0.0,0.0,1.0,0.0,0.0,0.0,0.0,0.0
5,3,0.0,0.0,0.0,1.0,0.0,0.0,0.0,0.0,0.0
5,3,0.0,0.0,0.0,1.0,0.0,0.0,0.0,0.0,0.0
5,3,0.0,0.0,0.0,1.0,0.0,0.0,0.0,0.0,0.0
5,3,0.0,0.0,0.0,1.0,0.0,0.0,0.0,0.0,0.0
5,3,0.0,0.0,0.0,1.0,0.0,0.0,0.0,0.0,0.0
5,3,0.0,0.0,0.0,1.0,0.0,0.0,0.0,0.0,0.0
5,3,0.0,0.0,0.0,1.0,0.0,0.0,0.0,0.0,0.0
5,3,0.0,0.0,0.0,1.0,0.0,0.0,0.0,0.0,0.0
5,3,0.0,0.0,0.0,1.0,0.0,0.0,0.0,0.0,0.0
5,3,0.0,0.0,0.0,1.0,0.0,0.0,0.0,0.0,0.0
5,3,0.0,0.0,0.0,1.0,0.0,0.0,0.0,0.0,0.0
5,3,0.0,0.0,0.0,1.0,0.0,0.0,0.0,0.0,0.0
5,3,0.0,0.0,0.0,1.0,0.0,0.0,0.0,0.0,0.0
5,3,0.0,0.0,0.0,1.0,0.0,0.0,0.0,0.0,0.0
5,3,0.0,0.0,0.0,1.0,0.0,0.0,0.0,0.0,0.0
5,3,0.0,0.0,0.0,1.0,0.0,0.0,0.0,0.0,0.0
5,3,0.0,0.0,0.0,1.0,0.0,0.0,0.0,0.0,0.0
5,3,0.0,0.0,0.0,1.0,0.0,0.0,0.0,0.0,0.0
5,3,0.0,0.0,0.0,1.0,0.0,0.0,0.0,0.0,0.0
5,3,0.0,0.0,0.0,1.0,0.0,0.0,0.0,0.0,0.0
5,3,0.0,0.0,0.0,1.0,0.0,0.0,0.0,0.0,0.0
5,3,0.0,0.0,0.0,1.0,0.0,0.0,0.0,0.0,0.0
5,3,0.0,0.0,0.0,1.0,0.0,0.0,0.0,0.0,0.0
5,3,0.0,0.0,0.0,1.0,0.0,0.0,0.0,0.0,0.0
5,3,0.0,0.0,0.0,1.0,0.0,0.0,0.0,0.0,0.0
5,3,0.0,0.0,0.0,1.0,0.0,0.0,0.0,0.0,0.0
5,3,0.0,0.0,0.0,1.0,0.0,0.0,0.0,0.0,0.0
5,3,0.0,0.0,0.0,1.0,0.0,0.0,0.0,0.0,0.0
5,3,0.0,0.0,0.0,1.0,0.0,0.0,0.0,0.0,0.0
5,3,0.0,0.0,0.0,1.0,0.0,0.0,0.0,0.0,0.0
5,3,0.0,0.0,0.0,1.0,0.0,0.0,0.0,0.0,0.0
5,3,0.0,0.0,0.0,1.0,0.0,0.0,0.0,0.0,0.0
5,3,0.0,0.0,0.0,1.0,0.0,0.0,0.0,0.0,0.0
5,3,0.0,0.0,0.0,1.0,0.0,0.0,0.0,0.0,0.0
5,3,0.0,0.0,0.0,1.0,0.0,0.0,0.0,0.0,0.0
5,3,0.0,0.0,0.0,1.0,0.0,0.0,0.0,0.0,0.0
5,3,0.0,0.0,0.0,1.0,0.0,0.0,0.0,0.0,0.0
5,3,0.0,0.0,0.0,1.0,0.0,0.0,0.0,0.0,0.0
5,3,0.0,0.0,0.0,1.0,0.0,0.0,0.0,0.0,0.0
5,3,0.0,0.0,0.0,1.0,0.0,0.0,0.0,0.0,0.0
5,3,0.0,0.0,0.0,1.0,0.0,0.0,0.0,0.0,0.0
5,3,0.0,0.0,0.0,1.0,0.0,0.0,0.0,0.0,0.0
5,3,0.0,0.0,0.0,1.0,0.0,0.0,0.0,0.0,0.0
5,3,0.0,0.0,0.0,1.0,0.0,0.0,0.0,0.0,0.0
5,3,0.0,0.0,0.0,1.0,0.0,0.0,0.0,0.0,0.0
5,3,0.0,0.0,0.0,1.0,0.0,0.0,0.0,0.0,0.0
5,3,0.0,0.0,0.0,1.0,0.0,0.0,0.0,0.0,0.0
5,3,0.0,0.0,0.0,1.0,0.0,0.0,0.0,0.0,0.0
5,3,0.0,0.0,0.0,1.0,0.0,0.0,0.0,0.0,0.0
5,3,0.0,0.0,0.0,1.0,0.0,0.0,0.0,0.0,0.0
5,3,0.0,0.0,0.0,1.0,0.0,0.0,0.0,0.0,0.0
5,3,0.0,0.0,0.0,1.0,0.0,0.0,0.0,0.0,0.0
5,3,0.0,0.0,0.0,1.0,0.0,0.0,0.0,0.0,0.0
5,3,0.0,0.0,0.0,1.0,0.0,0.0,0.0,0.0,0.0
5,3,0.0,0.0,0.0,1.0,0.0,0.0,0.0,0.0,0.0
5,3,0.0,0.0,0.0,1.0,0.0,0.0,0.0,0.0,0.0
5,3,0.0,0.0,0.0,1.0,0.0,0.0,0.0,0.0,0.0
5,3,0.0,0.0,0.0,1.0,0.0,0.0,0.0,0.0,0.0
5,3,0.0,0.0,0.0,1.0,0.0,0.0,0.0,0.0,0.0
5,3,0.0,0.0,0.0,1.0,0.0,0.0,0.0,0.0,0.0
5,3,0.0,0.0,0.0,1.0,0.0,0.0,0.0,0.0,0.0
5,3,0.0,0.0,0.0,1.0,0.0,0.0,0.0,0.0,0.0
5,3,0.0,0.0,0.0,1.0,0.0,0.0,0.0,0.0,0.0
5,3,0.0,0.0,0.0,1.0,0.0,0.0,0.0,0.0,0.0
5,3,0.0,0.0,0.0,1.0,0.0,0.0,0.0,0.0,0.0
5,3,0.0,0.0,0.0,1.0,0.0,0.0,0.0,0.0,0.0
5,3,0.0,0.0,0.0,1.0,0.0,0.0,0.0,0.0,0.0
5,3,0.0,0.0,0.0,1.0,0.0,0.0,0.0,0.0,0.0
5,3,0.0,0.0,0.0,1.0,0.0,0.0,0.0,0.0,0.0
5,3,0.0,0.0,0.0,1.0,0.0,0.0,0.0,0.0,0.0
5,3,0.0,0.0,0.0,1.0,0.0,0.0,0.0,0.0,0.0
5,3,0.0,0.0,0.0,1.0,0.0,0.0,0.0,0.0,0.0
5,3,0.0,0.0,0.0,1.0,0.0,0.0,0.0,0.0,0.0
5,3,0.0,0.0,0.0,1.0,0.0,0.0,0.0,0.0,0.0
5,3,0.0,0.0,0.0,1.0,0.0,0.0,0.0,0.0,0.0
5,3,0.0,0.0,0.0,1.0,0.0,0.0,0.0,0.0,0.0
5,3,0.0,0.0,0.0,1.0,0.0,0.0,0.0,0.0,0.0
5,3,0.0,0.0,0.0,1.0,0.0,0.0,0.0,0.0,0.0
5,3,0.0,0.0,0.0,1.0,0.0,0.0,0.0,0.0,0.0
5,3,0.0,0.0,0.0,1.0,0.0,0.0,0.0,0.0,0.0
5,3,0.0,0.0,0.0,1.0,0.0,0.0,0.0,0.0,0.0
5,3,0.0,0.0,0.0,1.0,0.0,0.0,0.0,0.0,0.0
5,3,0.0,0.0,0.0,1.0,0.0,0.0,0.0,0.0,0.0
5,3,0.0,0.0,0.0,1.0,0.0,0.0,0.0,0.0,0.0
5,3,0.0,0.0,0.0,1.0,0.0,0.0,0.0,0.0,0.0
5,3,0.0,0.0,0.0,1.0,0.0,0.0,0.0,0.0,0.0
5,3,0.0,0.0,0.0,1.0,0.0,0.0,0.0,0.0,0.0
5,3,0.0,0.0,0.0,1.0,0.0,0.0,0.0,0.0,0.0
5,3,0.0,0.0,0.0,1.0,0.0,0.0,0.0,0.0,0.0
5,3,0.0,0.0,0.0,1.0,0.0,0.0,0.0,0.0,0.0
5,3,0.0,0.0,0.0,1.0,0.0,0.0,0.0,0.0,0.0
5,3,0.0,0.0,0.0,1.0,0.0,0.0,0.0,0.0,0.0
5,3,0.0,0.0,0.0,0.94189495,0.0,0.05810502,0.0,0.0,0.0
5,3,0.0,0.0,0.0,0.94189495,0.0,0.05810502,0.0,0.0,0.0
5,3,0.0,0.0,0.0,0.94189495,0.0,0.05810502,0.0,0.0,0.0
5,3,0.0,0.0,0.0,0.94189495,0.0,0.05810502,0.0,0.0,0.0
5,3,0.0,0.0,0.0,0.94189495,0.0,0.05810502,0.0,0.0,0.0
5,3,0.0,0.0,0.0,0.94189495,0.0,0.05810502,0.0,0.0,0.0
5,3,0.0,0.0,0.0,0.94189495,0.0,0.05810502,0.0,0.0,0.0
5,3,0.0,0.0,0.0,0.94189495,0.0,0.05810502,0.0,0.0,0.0
5,3,0.0,0.0,0.0,0.94189495,0.0,0.05810502,0.0,0.0,0.0
5,3,0.0,0.0,0.0,0.94189495,0.0,0.05810502,0.0,0.0,0.0
5,3,0.0,0.0,0.0,0.94189495,0.0,0.05810502,0.0,0.0,0.0
5,3,0.0,0.0,0.0,0.94189495,0.0,0.05810502,0.0,0.0,0.0
5,3,0.0,0.0,0.0,0.94189495,0.0,0.05810502,0.0,0.0,0.0
5,3,0.0,0.0,0.0,0.94189495,0.0,0.05810502,0.0,0.0,0.0
5,3,0.0,0.0,0.0,0.94189495,0.0,0.05810502,0.0,0.0,0.0
5,3,0.0,0.0,0.0,0.94189495,0.0,0.05810502,0.0,0.0,0.0
5,3,0.0,0.0,0.0,0.94189495,0.0,0.05810502,0.0,0.0,0.0
5,3,0.0,0.0,0.0,0.94189495,0.0,0.05810502,0.0,0.0,0.0
5,3,0.0,0.0,0.0,0.94189495,0.0,0.05810502,0.0,0.0,0.0
5,3,0.0,0.0,0.0,0.94189495,0.0,0.05810502,0.0,0.0,0.0
5,3,0.0,0.0,0.0,0.94189495,0.0,0.05810502,0.0,0.0,0.0
5,3,0.0,0.0,0.0,0.94189495,0.0,0.05810502,0.0,0.0,0.0
5,3,0.0,0.0,0.0,0.94189495,0.0,0.05810502,0.0,0.0,0.0
5,3,0.0,0.0,0.0,0.94189495,0.0,0.05810502,0.0,0.0,0.0
5,3,0.0,0.0,0.0,0.94189495,0.0,0.05810502,0.0,0.0,0.0
5,3,0.0,0.0,0.0,0.94189495,0.0,0.05810502,0.0,0.0,0.0
5,3,0.0,0.0,0.0,0.94189495,0.0,0.05810502,0.0,0.0,0.0
5,3,0.0,0.0,0.0,0.94189495,0.0,0.05810502,0.0,0.0,0.0
5,3,0.0,0.0,0.0,0.94189495,0.0,0.05810502,0.0,0.0,0.0
5,3,0.0,0.0,0.0,0.94189495,0.0,0.05810502,0.0,0.0,0.0
5,3,0.0,0.0,0.0,0.94189495,0.0,0.05810502,0.0,0.0,0.0
5,3,0.0,0.0,0.0,0.94189495,0.0,0.05810502,0.0,0.0,0.0
5,3,0.0,0.0,0.0,0.94189495,0.0,0.05810502,0.0,0.0,0.0
5,3,0.0,0.0,0.0,0.94189495,0.0,0.05810502,0.0,0.0,0.0
5,3,0.0,0.0,0.0,0.94189495,0.0,0.05810502,0.0,0.0,0.0
5,3,0.0,0.0,0.0,0.94189495,0.0,0.05810502,0.0,0.0,0.0
5,3,0.0,0.0,0.0,0.94189495,0.0,0.05810502,0.0,0.0,0.0
5,3,0.0,0.0,0.0,0.94189495,0.0,0.05810502,0.0,0.0,0.0
5,3,0.0,0.0,0.0,0.94189495,0.0,0.05810502,0.0,0.0,0.0
5,3,0.0,0.0,0.0,0.94189495,0.0,0.05810502,0.0,0.0,0.0
5,3,0.0,0.0,0.0,0.94189495,0.0,0.05810502,0.0,0.0,0.0
5,3,0.0,0.0,0.0,0.94189495,0.0,0.05810502,0.0,0.0,0.0
5,3,0.0,0.0,0.0,0.94189495,0.0,0.05810502,0.0,0.0,0.0
5,3,0.0,0.0,0.0,0.94189495,0.0,0.05810502,0.0,0.0,0.0
5,3,0.0,0.0,0.0,0.94189495,0.0,0.05810502,0.0,0.0,0.0
5,3,0.0,0.0,0.0,0.94189495,0.0,0.05810502,0.0,0.0,0.0
5,3,0.0,0.0,0.0,0.94189495,0.0,0.05810502,0.0,0.0,0.0
5,3,0.0,0.0,0.0,0.94189495,0.0,0.05810502,0.0,0.0,0.0
5,3,0.0,0.0,0.0,0.94189495,0.0,0.05810502,0.0,0.0,0.0
5,3,0.0,0.0,0.0,0.94189495,0.0,0.05810502,0.0,0.0,0.0
5,3,0.0,0.0,0.0,0.94189495,0.0,0.05810502,0.0,0.0,0.0
5,3,0.0,0.0,0.0,0.94189495,0.0,0.05810502,0.0,0.0,0.0
5,3,0.0,0.0,0.0,0.94189495,0.0,0.05810502,0.0,0.0,0.0
5,3,0.0,0.0,0.0,0.94189495,0.0,0.05810502,0.0,0.0,0.0
5,3,0.0,0.0,0.0,0.94189495,0.0,0.05810502,0.0,0.0,0.0
5,3,0.0,0.0,0.0,0.94189495,0.0,0.05810502,0.0,0.0,0.0
5,3,0.0,0.0,0.0,0.8855586,0.0,0.114441425,0.0,0.0,0.0
5,3,0.0,0.0,0.0,0.8855586,0.0,0.114441425,0.0,0.0,0.0
5,3,0.0,0.0,0.0,0.8855586,0.0,0.114441425,0.0,0.0,0.0
5,3,0.0,0.0,0.0,0.8855586,0.0,0.114441425,0.0,0.0,0.0
5,3,0.0,0.0,0.0,0.8855586,0.0,0.114441425,0.0,0.0,0.0
5,3,0.0,0.0,0.0,0.8855586,0.0,0.114441425,0.0,0.0,0.0
5,3,0.0,0.0,0.0,0.8855586,0.0,0.114441425,0.0,0.0,0.0
5,3,0.0,0.0,0.0,0.8855586,0.0,0.114441425,0.0,0.0,0.0
5,3,0.0,0.0,0.0,0.826592,0.0,0.17340796,0.0,0.0,0.0
5,3,0.0,0.0,0.0,0.826592,0.0,0.17340796,0.0,0.0,0.0
5,3,0.0,0.0,0.0,0.826592,0.0,0.17340796,0.0,0.0,0.0
5,3,0.0,0.0,0.0,0.826592,0.0,0.17340796,0.0,0.0,0.0
5,3,0.0,0.0,0.0,0.826592,0.0,0.17340796,0.0,0.0,0.0
5,3,0.0,0.0,0.0,0.826592,0.0,0.17340796,0.0,0.0,0.0
5,3,0.0,0.0,0.0,0.826592,0.0,0.17340796,0.0,0.0,0.0
5,3,0.0,0.0,0.0,0.826592,0.0,0.17340796,0.0,0.0,0.0
5,3,0.0,0.0,0.0,0.826592,0.0,0.17340796,0.0,0.0,0.0
5,3,0.0,0.0,0.0,0.826592,0.0,0.17340796,0.0,0.0,0.0
5,3,0.0,0.0,0.0,0.826592,0.0,0.17340796,0.0,0.0,0.0
5,3,0.0,0.0,0.0,0.826592,0.0,0.17340796,0.0,0.0,0.0
5,3,0.0,0.0,0.0,0.826592,0.0,0.17340796,0.0,0.0,0.0
5,3,0.0,0.0,0.0,0.826592,0.0,0.17340796,0.0,0.0,0.0
5,3,0.0,0.0,0.0,0.826592,0.0,0.17340796,0.0,0.0,0.0
5,3,0.0,0.0,0.0,0.826592,0.0,0.17340796,0.0,0.0,0.0
5,3,0.0,0.0,0.0,0.826592,0.0,0.17340796,0.0,0.0,0.0
5,3,0.0,0.0,0.0,0.826592,0.0,0.17340796,0.0,0.0,0.0
5,3,0.0,0.0,0.0,0.826592,0.0,0.17340796,0.0,0.0,0.0
5,3,0.0,0.0,0.0,0.826592,0.0,0.17340796,0.0,0.0,0.0
5,3,0.0,0.0,0.0,0.826592,0.0,0.17340796,0.0,0.0,0.0
5,3,0.0,0.0,0.0,0.826592,0.0,0.17340796,0.0,0.0,0.0
5,3,0.0,0.0,0.0,0.826592,0.0,0.17340796,0.0,0.0,0.0
5,3,0.0,0.0,0.0,0.826592,0.0,0.17340796,0.0,0.0,0.0
5,3,0.0,0.0,0.0,0.826592,0.0,0.17340796,0.0,0.0,0.0
5,3,0.0,0.0,0.0,0.826592,0.0,0.17340796,0.0,0.0,0.0
5,3,0.0,0.0,0.0,0.826592,0.0,0.17340796,0.0,0.0,0.0
5,3,0.0,0.0,0.0,0.826592,0.0,0.17340796,0.0,0.0,0.0
5,3,0.0,0.0,0.0,0.826592,0.0,0.17340796,0.0,0.0,0.0
5,3,0.0,0.0,0.0,0.826592,0.0,0.17340796,0.0,0.0,0.0
5,3,0.0,0.0,0.0,0.826592,0.0,0.17340796,0.0,0.0,0.0
5,3,0.0,0.0,0.0,0.826592,0.0,0.17340796,0.0,0.0,0.0
5,3,0.0,0.0,0.0,0.826592,0.0,0.17340796,0.0,0.0,0.0
5,3,0.0,0.0,0.0,0.826592,0.0,0.17340796,0.0,0.0,0.0
5,3,0.0,0.0,0.0,0.826592,0.0,0.17340796,0.0,0.0,0.0
5,3,0.0,0.0,0.0,0.826592,0.0,0.17340796,0.0,0.0,0.0
5,3,0.0,0.0,0.0,0.826592,0.0,0.17340796,0.0,0.0,0.0
5,3,0.0,0.0,0.0,0.826592,0.0,0.17340796,0.0,0.0,0.0
5,3,0.0,0.0,0.0,0.826592,0.0,0.17340796,0.0,0.0,0.0
5,3,0.0,0.0,0.0,0.826592,0.0,0.17340796,0.0,0.0,0.0
5,3,0.0,0.0,0.0,0.826592,0.0,0.17340796,0.0,0.0,0.0
5,3,0.0,0.0,0.0,0.826592,0.0,0.17340796,0.0,0.0,0.0
5,3,0.0,0.0,0.0,0.826592,0.0,0.17340796,0.0,0.0,0.0
5,3,0.0,0.0,0.0,0.826592,0.0,0.17340796,0.0,0.0,0.0
5,3,0.0,0.0,0.0,0.826592,0.0,0.17340796,0.0,0.0,0.0
5,3,0.0,0.0,0.0,0.826592,0.0,0.17340796,0.0,0.0,0.0
5,3,0.0,0.0,0.0,0.826592,0.0,0.17340796,0.0,0.0,0.0
5,3,0.0,0.0,0.0,0.826592,0.0,0.17340796,0.0,0.0,0.0
5,3,0.0,0.0,0.0,0.826592,0.0,0.17340796,0.0,0.0,0.0
5,3,0.0,0.0,0.0,0.826592,0.0,0.17340796,0.0,0.0,0.0
5,3,0.0,0.0,0.0,0.826592,0.0,0.17340796,0.0,0.0,0.0
5,3,0.0,0.0,0.0,0.826592,0.0,0.17340796,0.0,0.0,0.0
5,3,0.0,0.0,0.0,0.826592,0.0,0.17340796,0.0,0.0,0.0
5,3,0.0,0.0,0.0,0.826592,0.0,0.17340796,0.0,0.0,0.0
5,3,0.0,0.0,0.0,0.826592,0.0,0.17340796,0.0,0.0,0.0
5,3,0.0,0.0,0.0,0.826592,0.0,0.17340796,0.0,0.0,0.0
5,3,0.0,0.0,0.0,0.826592,0.0,0.17340796,0.0,0.0,0.0
5,3,0.0,0.0,0.0,0.826592,0.0,0.17340796,0.0,0.0,0.0
5,3,0.0,0.0,0.0,0.826592,0.0,0.17340796,0.0,0.0,0.0
5,3,0.0,0.0,0.0,0.826592,0.0,0.17340796,0.0,0.0,0.0
5,3,0.0,0.0,0.0,0.826592,0.0,0.17340796,0.0,0.0,0.0
5,3,0.0,0.0,0.0,0.826592,0.0,0.17340796,0.0,0.0,0.0
5,3,0.0,0.0,0.0,0.826592,0.0,0.17340796,0.0,0.0,0.0
5,3,0.0,0.0,0.0,0.826592,0.0,0.17340796,0.0,0.0,0.0
5,3,0.0,0.0,0.0,0.826592,0.0,0.17340796,0.0,0.0,0.0
5,3,0.0,0.0,0.0,0.826592,0.0,0.17340796,0.0,0.0,0.0
5,3,0.0,0.0,0.0,0.826592,0.0,0.17340796,0.0,0.0,0.0
5,3,0.0,0.0,0.0,0.826592,0.0,0.17340796,0.0,0.0,0.0
5,3,0.0,0.0,0.0,0.826592,0.0,0.17340796,0.0,0.0,0.0
5,3,0.0,0.0,0.0,0.826592,0.0,0.17340796,0.0,0.0,0.0
5,3,0.0,0.0,0.0,0.826592,0.0,0.17340796,0.0,0.0,0.0
5,3,0.0,0.0,0.0,0.826592,0.0,0.17340796,0.0,0.0,0.0
5,3,0.0,0.0,0.0,0.826592,0.0,0.17340796,0.0,0.0,0.0
5,3,0.0,0.0,0.0,0.826592,0.0,0.17340796,0.0,0.0,0.0
5,3,0.0,0.0,0.0,0.826592,0.0,0.17340796,0.0,0.0,0.0
5,3,0.0,0.0,0.0,0.826592,0.0,0.17340796,0.0,0.0,0.0
5,3,0.0,0.0,0.0,0.826592,0.0,0.17340796,0.0,0.0,0.0
5,3,0.0,0.0,0.0,0.826592,0.0,0.17340796,0.0,0.0,0.0
5,3,0.0,0.0,0.0,0.826592,0.0,0.17340796,0.0,0.0,0.0
5,3,0.0,0.0,0.0,0.826592,0.0,0.17340796,0.0,0.0,0.0
5,3,0.0,0.0,0.0,0.826592,0.0,0.17340796,0.0,0.0,0.0
5,3,0.0,0.0,0.0,0.826592,0.0,0.17340796,0.0,0.0,0.0
5,3,0.0,0.0,0.0,0.826592,0.0,0.17340796,0.0,0.0,0.0
5,3,0.0,0.0,0.0,0.826592,0.0,0.17340796,0.0,0.0,0.0
5,3,0.0,0.0,0.0,0.826592,0.0,0.17340796,0.0,0.0,0.0
5,3,0.0,0.0,0.0,0.826592,0.0,0.17340796,0.0,0.0,0.0
5,3,0.0,0.0,0.0,0.826592,0.0,0.17340796,0.0,0.0,0.0
5,3,0.0,0.0,0.0,0.826592,0.0,0.17340796,0.0,0.0,0.0
5,3,0.0,0.0,0.0,0.8855586,0.0,0.114441425,0.0,0.0,0.0
5,3,0.0,0.0,0.0,0.8855586,0.0,0.114441425,0.0,0.0,0.0
5,3,0.0,0.0,0.0,0.8855586,0.0,0.114441425,0.0,0.0,0.0
5,3,0.0,0.0,0.0,0.8855586,0.0,0.114441425,0.0,0.0,0.0
5,3,0.0,0.0,0.0,0.8855586,0.0,0.114441425,0.0,0.0,0.0
5,3,0.0,0.0,0.0,0.8855586,0.0,0.114441425,0.0,0.0,0.0
5,3,0.0,0.0,0.0,0.8855586,0.0,0.114441425,0.0,0.0,0.0
5,3,0.0,0.0,0.0,0.8855586,0.0,0.114441425,0.0,0.0,0.0
5,3,0.0,0.0,0.0,0.9436636,0.0,0.05633639,0.0,0.0,0.0
5,3,0.0,0.0,0.0,0.9436636,0.0,0.05633639,0.0,0.0,0.0
5,3,0.0,0.0,0.0,0.9436636,0.0,0.05633639,0.0,0.0,0.0
5,3,0.0,0.0,0.0,0.9436636,0.0,0.05633639,0.0,0.0,0.0
5,3,0.0,0.0,0.0,0.9436636,0.0,0.05633639,0.0,0.0,0.0
5,3,0.0,0.0,0.0,0.9436636,0.0,0.05633639,0.0,0.0,0.0
5,3,0.0,0.0,0.0,0.9436636,0.0,0.05633639,0.0,0.0,0.0
5,3,0.0,0.0,0.0,0.9436636,0.0,0.05633639,0.0,0.0,0.0
5,3,0.0,0.0,0.0,0.9436636,0.0,0.05633639,0.0,0.0,0.0
5,3,0.0,0.0,0.0,0.9436636,0.0,0.05633639,0.0,0.0,0.0
5,3,0.0,0.0,0.0,0.9436636,0.0,0.05633639,0.0,0.0,0.0
5,3,0.0,0.0,0.0,0.9436636,0.0,0.05633639,0.0,0.0,0.0
5,3,0.0,0.0,0.0,0.9436636,0.0,0.05633639,0.0,0.0,0.0
5,3,0.0,0.0,0.0,0.9436636,0.0,0.05633639,0.0,0.0,0.0
5,3,0.0,0.0,0.0,0.9436636,0.0,0.05633639,0.0,0.0,0.0
5,3,0.0,0.0,0.0,0.9436636,0.0,0.05633639,0.0,0.0,0.0
5,3,0.0,0.0,0.0,1.0,0.0,0.0,0.0,0.0,0.0
5,3,0.0,0.0,0.0,1.0,0.0,0.0,0.0,0.0,0.0
5,3,0.0,0.0,0.0,1.0,0.0,0.0,0.0,0.0,0.0
5,3,0.0,0.0,0.0,1.0,0.0,0.0,0.0,0.0,0.0
5,3,0.0,0.0,0.0,1.0,0.0,0.0,0.0,0.0,0.0
5,3,0.0,0.0,0.0,1.0,0.0,0.0,0.0,0.0,0.0
5,3,0.0,0.0,0.0,1.0,0.0,0.0,0.0,0.0,0.0
5,3,0.0,0.0,0.0,1.0,0.0,0.0,0.0,0.0,0.0
5,3,0.0,0.0,0.0,1.0,0.0,0.0,0.0,0.0,0.0
5,3,0.0,0.0,0.0,1.0,0.0,0.0,0.0,0.0,0.0
5,3,0.0,0.0,0.0,1.0,0.0,0.0,0.0,0.0,0.0
5,3,0.0,0.0,0.0,1.0,0.0,0.0,0.0,0.0,0.0
5,3,0.0,0.0,0.0,1.0,0.0,0.0,0.0,0.0,0.0
5,3,0.0,0.0,0.0,1.0,0.0,0.0,0.0,0.0,0.0
5,3,0.0,0.0,0.0,1.0,0.0,0.0,0.0,0.0,0.0
5,3,0.0,0.0,0.0,1.0,0.0,0.0,0.0,0.0,0.0
5,3,0.0,0.0,0.0,1.0,0.0,0.0,0.0,0.0,0.0
5,3,0.0,0.0,0.0,1.0,0.0,0.0,0.0,0.0,0.0
5,3,0.0,0.0,0.0,1.0,0.0,0.0,0.0,0.0,0.0
5,3,0.0,0.0,0.0,1.0,0.0,0.0,0.0,0.0,0.0
5,3,0.0,0.0,0.0,1.0,0.0,0.0,0.0,0.0,0.0
5,3,0.0,0.0,0.0,1.0,0.0,0.0,0.0,0.0,0.0
5,3,0.0,0.0,0.0,1.0,0.0,0.0,0.0,0.0,0.0
5,3,0.0,0.0,0.0,1.0,0.0,0.0,0.0,0.0,0.0
5,3,0.0,0.0,0.0,1.0,0.0,0.0,0.0,0.0,0.0
5,3,0.0,0.0,0.0,1.0,0.0,0.0,0.0,0.0,0.0
5,3,0.0,0.0,0.0,1.0,0.0,0.0,0.0,0.0,0.0
5,3,0.0,0.0,0.0,1.0,0.0,0.0,0.0,0.0,0.0
5,3,0.0,0.0,0.0,1.0,0.0,0.0,0.0,0.0,0.0
5,3,0.0,0.0,0.0,1.0,0.0,0.0,0.0,0.0,0.0
5,3,0.0,0.0,0.0,1.0,0.0,0.0,0.0,0.0,0.0
5,3,0.0,0.0,0.0,1.0,0.0,0.0,0.0,0.0,0.0
5,3,0.0,0.0,0.0,1.0,0.0,0.0,0.0,0.0,0.0
5,3,0.0,0.0,0.0,1.0,0.0,0.0,0.0,0.0,0.0
5,3,0.0,0.0,0.0,1.0,0.0,0.0,0.0,0.0,0.0
5,3,0.0,0.0,0.0,1.0,0.0,0.0,0.0,0.0,0.0
5,3,0.0,0.0,0.0,1.0,0.0,0.0,0.0,0.0,0.0
5,3,0.0,0.0,0.0,1.0,0.0,0.0,0.0,0.0,0.0
5,3,0.0,0.0,0.0,1.0,0.0,0.0,0.0,0.0,0.0
5,3,0.0,0.0,0.0,1.0,0.0,0.0,0.0,0.0,0.0
5,3,0.0,0.0,0.0,1.0,0.0,0.0,0.0,0.0,0.0
5,3,0.0,0.0,0.0,1.0,0.0,0.0,0.0,0.0,0.0
5,3,0.0,0.0,0.0,1.0,0.0,0.0,0.0,0.0,0.0
5,3,0.0,0.0,0.0,1.0,0.0,0.0,0.0,0.0,0.0
5,3,0.0,0.0,0.0,1.0,0.0,0.0,0.0,0.0,0.0
5,3,0.0,0.0,0.0,1.0,0.0,0.0,0.0,0.0,0.0
5,3,0.0,0.0,0.0,1.0,0.0,0.0,0.0,0.0,0.0
5,3,0.0,0.0,0.0,1.0,0.0,0.0,0.0,0.0,0.0
5,3,0.0,0.0,0.0,1.0,0.0,0.0,0.0,0.0,0.0
5,3,0.0,0.0,0.0,1.0,0.0,0.0,0.0,0.0,0.0
5,3,0.0,0.0,0.0,1.0,0.0,0.0,0.0,0.0,0.0
5,3,0.0,0.0,0.0,1.0,0.0,0.0,0.0,0.0,0.0
5,3,0.0,0.0,0.0,1.0,0.0,0.0,0.0,0.0,0.0
5,3,0.0,0.0,0.0,1.0,0.0,0.0,0.0,0.0,0.0
5,3,0.0,0.0,0.0,1.0,0.0,0.0,0.0,0.0,0.0
5,3,0.0,0.0,0.0,1.0,0.0,0.0,0.0,0.0,0.0
5,3,0.0,0.0,0.0,1.0,0.0,0.0,0.0,0.0,0.0
5,3,0.0,0.0,0.0,1.0,0.0,0.0,0.0,0.0,0.0
5,3,0.0,0.0,0.0,1.0,0.0,0.0,0.0,0.0,0.0
5,3,0.0,0.0,0.0,1.0,0.0,0.0,0.0,0.0,0.0
5,3,0.06917775,0.0,0.0,0.93082225,0.0,0.0,0.0,0.0,0.0
5,3,0.06917775,0.0,0.0,0.93082225,0.0,0.0,0.0,0.0,0.0
5,3,0.06917775,0.0,0.0,0.93082225,0.0,0.0,0.0,0.0,0.0
5,3,0.06917775,0.0,0.0,0.93082225,0.0,0.0,0.0,0.0,0.0
5,3,0.06917775,0.0,0.0,0.93082225,0.0,0.0,0.0,0.0,0.0
5,3,0.06917775,0.0,0.0,0.93082225,0.0,0.0,0.0,0.0,0.0
5,3,0.06917775,0.0,0.0,0.93082225,0.0,0.0,0.0,0.0,0.0
5,3,0.06917775,0.0,0.0,0.93082225,0.0,0.0,0.0,0.0,0.0
5,3,0.06917775,0.0,0.0,0.93082225,0.0,0.0,0.0,0.0,0.0
5,3,0.06917775,0.0,0.0,0.93082225,0.0,0.0,0.0,0.0,0.0
5,3,0.06917775,0.0,0.0,0.93082225,0.0,0.0,0.0,0.0,0.0
5,3,0.06917775,0.0,0.0,0.93082225,0.0,0.0,0.0,0.0,0.0
5,3,0.06917775,0.0,0.0,0.93082225,0.0,0.0,0.0,0.0,0.0
5,3,0.06917775,0.0,0.0,0.93082225,0.0,0.0,0.0,0.0,0.0
5,3,0.06917775,0.0,0.0,0.93082225,0.0,0.0,0.0,0.0,0.0
5,3,0.06917775,0.0,0.0,0.93082225,0.0,0.0,0.0,0.0,0.0
5,3,0.06917775,0.0,0.0,0.93082225,0.0,0.0,0.0,0.0,0.0
5,3,0.06917775,0.0,0.0,0.93082225,0.0,0.0,0.0,0.0,0.0
5,3,0.06917775,0.0,0.0,0.93082225,0.0,0.0,0.0,0.0,0.0
5,3,0.06917775,0.0,0.0,0.93082225,0.0,0.0,0.0,0.0,0.0
5,3,0.06917775,0.0,0.0,0.93082225,0.0,0.0,0.0,0.0,0.0
5,3,0.06917775,0.0,0.0,0.93082225,0.0,0.0,0.0,0.0,0.0
5,3,0.06917775,0.0,0.0,0.93082225,0.0,0.0,0.0,0.0,0.0
5,3,0.06917775,0.0,0.0,0.93082225,0.0,0.0,0.0,0.0,0.0
5,3,0.06917775,0.0,0.0,0.93082225,0.0,0.0,0.0,0.0,0.0
5,3,0.06917775,0.0,0.0,0.93082225,0.0,0.0,0.0,0.0,0.0
5,3,0.06917775,0.0,0.0,0.93082225,0.0,0.0,0.0,0.0,0.0
5,3,0.06917775,0.0,0.0,0.93082225,0.0,0.0,0.0,0.0,0.0
5,3,0.06917775,0.0,0.0,0.93082225,0.0,0.0,0.0,0.0,0.0
5,3,0.06917775,0.0,0.0,0.93082225,0.0,0.0,0.0,0.0,0.0
5,3,0.06917775,0.0,0.0,0.93082225,0.0,0.0,0.0,0.0,0.0
5,3,0.06917775,0.0,0.0,0.93082225,0.0,0.0,0.0,0.0,0.0
5,3,0.06917775,0.0,0.0,0.93082225,0.0,0.0,0.0,0.0,0.0
5,3,0.06917775,0.0,0.0,0.93082225,0.0,0.0,0.0,0.0,0.0
5,3,0.06917775,0.0,0.0,0.93082225,0.0,0.0,0.0,0.0,0.0
5,3,0.06917775,0.0,0.0,0.93082225,0.0,0.0,0.0,0.0,0.0
5,3,0.06917775,0.0,0.0,0.93082225,0.0,0.0,0.0,0.0,0.0
5,3,0.06917775,0.0,0.0,0.93082225,0.0,0.0,0.0,0.0,0.0
5,3,0.06917775,0.0,0.0,0.93082225,0.0,0.0,0.0,0.0,0.0
5,3,0.06917775,0.0,0.0,0.93082225,0.0,0.0,0.0,0.0,0.0
5,3,0.06917775,0.0,0.0,0.93082225,0.0,0.0,0.0,0.0,0.0
5,3,0.06917775,0.0,0.0,0.93082225,0.0,0.0,0.0,0.0,0.0
5,3,0.06917775,0.0,0.0,0.93082225,0.0,0.0,0.0,0.0,0.0
5,3,0.06917775,0.0,0.0,0.93082225,0.0,0.0,0.0,0.0,0.0
5,3,0.06917775,0.0,0.0,0.93082225,0.0,0.0,0.0,0.0,0.0
5,3,0.06917775,0.0,0.0,0.93082225,0.0,0.0,0.0,0.0,0.0
5,3,0.06917775,0.0,0.0,0.93082225,0.0,0.0,0.0,0.0,0.0
5,3,0.06917775,0.0,0.0,0.93082225,0.0,0.0,0.0,0.0,0.0
5,3,0.06917775,0.0,0.0,0.93082225,0.0,0.0,0.0,0.0,0.0
5,3,0.06917775,0.0,0.0,0.93082225,0.0,0.0,0.0,0.0,0.0
5,3,0.06917775,0.0,0.0,0.93082225,0.0,0.0,0.0,0.0,0.0
5,3,0.06917775,0.0,0.0,0.93082225,0.0,0.0,0.0,0.0,0.0
5,3,0.06917775,0.0,0.0,0.93082225,0.0,0.0,0.0,0.0,0.0
5,3,0.06917775,0.0,0.0,0.93082225,0.0,0.0,0.0,0.0,0.0
5,3,0.06917775,0.0,0.0,0.93082225,0.0,0.0,0.0,0.0,0.0
5,3,0.06917775,0.0,0.0,0.93082225,0.0,0.0,0.0,0.0,0.0
5,3,0.06917775,0.0,0.0,0.93082225,0.0,0.0,0.0,0.0,0.0
5,3,0.06917775,0.0,0.0,0.93082225,0.0,0.0,0.0,0.0,0.0
5,3,0.06917775,0.0,0.0,0.93082225,0.0,0.0,0.0,0.0,0.0
5,3,0.06917775,0.0,0.0,0.93082225,0.0,0.0,0.0,0.0,0.0
5,3,0.06917775,0.0,0.0,0.93082225,0.0,0.0,0.0,0.0,0.0
5,3,0.06917775,0.0,0.0,0.93082225,0.0,0.0,0.0,0.0,0.0
5,3,0.06917775,0.0,0.0,0.93082225,0.0,0.0,0.0,0.0,0.0
5,3,0.06917775,0.0,0.0,0.93082225,0.0,0.0,0.0,0.0,0.0
5,3,0.06917775,0.0,0.0,0.93082225,0.0,0.0,0.0,0.0,0.0
5,3,0.06917775,0.0,0.0,0.93082225,0.0,0.0,0.0,0.0,0.0
5,3,0.06917775,0.0,0.0,0.93082225,0.0,0.0,0.0,0.0,0.0
5,3,0.06917775,0.0,0.0,0.93082225,0.0,0.0,0.0,0.0,0.0
5,3,0.06917775,0.0,0.0,0.93082225,0.0,0.0,0.0,0.0,0.0
5,3,0.06917775,0.0,0.0,0.93082225,0.0,0.0,0.0,0.0,0.0
5,3,0.06917775,0.0,0.0,0.93082225,0.0,0.0,0.0,0.0,0.0
5,3,0.06917775,0.0,0.0,0.93082225,0.0,0.0,0.0,0.0,0.0
5,3,0.06917775,0.0,0.0,0.93082225,0.0,0.0,0.0,0.0,0.0
5,3,0.06917775,0.0,0.0,0.93082225,0.0,0.0,0.0,0.0,0.0
5,3,0.06917775,0.0,0.0,0.93082225,0.0,0.0,0.0,0.0,0.0
5,3,0.06917775,0.0,0.0,0.93082225,0.0,0.0,0.0,0.0,0.0
5,3,0.06917775,0.0,0.0,0.93082225,0.0,0.0,0.0,0.0,0.0
5,3,0.06917775,0.0,0.0,0.93082225,0.0,0.0,0.0,0.0,0.0
5,3,0.06917775,0.0,0.0,0.93082225,0.0,0.0,0.0,0.0,0.0
5,3,0.06917775,0.0,0.0,0.93082225,0.0,0.0,0.0,0.0,0.0
5,3,0.06917775,0.0,0.0,0.93082225,0.0,0.0,0.0,0.0,0.0
5,3,0.06917775,0.0,0.0,0.93082225,0.0,0.0,0.0,0.0,0.0
5,3,0.06917775,0.0,0.0,0.93082225,0.0,0.0,0.0,0.0,0.0
5,3,0.06917775,0.0,0.0,0.93082225,0.0,0.0,0.0,0.0,0.0
5,3,0.06917775,0.0,0.0,0.93082225,0.0,0.0,0.0,0.0,0.0
5,3,0.06917775,0.0,0.0,0.93082225,0.0,0.0,0.0,0.0,0.0
5,3,0.06917775,0.0,0.0,0.93082225,0.0,0.0,0.0,0.0,0.0
5,3,0.06917775,0.0,0.0,0.93082225,0.0,0.0,0.0,0.0,0.0
5,3,0.06917775,0.0,0.0,0.93082225,0.0,0.0,0.0,0.0,0.0
5,3,0.06917775,0.0,0.0,0.93082225,0.0,0.0,0.0,0.0,0.0
5,3,0.06917775,0.0,0.0,0.93082225,0.0,0.0,0.0,0.0,0.0
5,3,0.06917775,0.0,0.0,0.93082225,0.0,0.0,0.0,0.0,0.0
5,3,0.06917775,0.0,0.0,0.93082225,0.0,0.0,0.0,0.0,0.0
5,3,0.06917775,0.0,0.0,0.93082225,0.0,0.0,0.0,0.0,0.0
5,3,0.06917775,0.0,0.0,0.93082225,0.0,0.0,0.0,0.0,0.0
5,3,0.06917775,0.0,0.0,0.93082225,0.0,0.0,0.0,0.0,0.0
5,3,0.06917775,0.0,0.0,0.93082225,0.0,0.0,0.0,0.0,0.0
5,3,0.06917775,0.0,0.0,0.93082225,0.0,0.0,0.0,0.0,0.0
5,3,0.06917775,0.0,0.0,0.93082225,0.0,0.0,0.0,0.0,0.0
5,3,0.06917775,0.0,0.0,0.93082225,0.0,0.0,0.0,0.0,0.0
5,3,0.06917775,0.0,0.0,0.93082225,0.0,0.0,0.0,0.0,0.0
5,3,0.06917775,0.0,0.0,0.93082225,0.0,0.0,0.0,0.0,0.0
5,3,0.06917775,0.0,0.0,0.93082225,0.0,0.0,0.0,0.0,0.0
5,3,0.06917775,0.0,0.0,0.93082225,0.0,0.0,0.0,0.0,0.0
5,3,0.06917775,0.0,0.0,0.93082225,0.0,0.0,0.0,0.0,0.0
5,3,0.06917775,0.0,0.0,0.93082225,0.0,0.0,0.0,0.0,0.0
5,3,0.06917775,0.0,0.0,0.93082225,0.0,0.0,0.0,0.0,0.0
5,3,0.06917775,0.0,0.0,0.93082225,0.0,0.0,0.0,0.0,0.0
5,3,0.06917775,0.0,0.0,0.93082225,0.0,0.0,0.0,0.0,0.0
5,3,0.06917775,0.0,0.0,0.93082225,0.0,0.0,0.0,0.0,0.0
5,3,0.06917775,0.0,0.0,0.93082225,0.0,0.0,0.0,0.0,0.0
5,3,0.06917775,0.0,0.0,0.93082225,0.0,0.0,0.0,0.0,0.0
5,3,0.06917775,0.0,0.0,0.93082225,0.0,0.0,0.0,0.0,0.0
5,3,0.06917775,0.0,0.0,0.93082225,0.0,0.0,0.0,0.0,0.0
5,3,0.06917775,0.0,0.0,0.93082225,0.0,0.0,0.0,0.0,0.0
5,3,0.06917775,0.0,0.0,0.93082225,0.0,0.0,0.0,0.0,0.0
5,3,0.06917775,0.0,0.0,0.93082225,0.0,0.0,0.0,0.0,0.0
5,3,0.06917775,0.0,0.0,0.93082225,0.0,0.0,0.0,0.0,0.0
5,3,0.06917775,0.0,0.0,0.93082225,0.0,0.0,0.0,0.0,0.0
5,3,0.06917775,0.0,0.0,0.93082225,0.0,0.0,0.0,0.0,0.0
5,3,0.06917775,0.0,0.0,0.93082225,0.0,0.0,0.0,0.0,0.0
5,3,0.06917775,0.0,0.0,0.93082225,0.0,0.0,0.0,0.0,0.0
5,3,0.06917775,0.0,0.0,0.93082225,0.0,0.0,0.0,0.0,0.0
5,3,0.06917775,0.0,0.0,0.93082225,0.0,0.0,0.0,0.0,0.0
5,3,0.06917775,0.0,0.0,0.93082225,0.0,0.0,0.0,0.0,0.0
5,3,0.06917775,0.0,0.0,0.93082225,0.0,0.0,0.0,0.0,0.0
5,3,0.06917775,0.0,0.0,0.93082225,0.0,0.0,0.0,0.0,0.0
5,3,0.06917775,0.0,0.0,0.93082225,0.0,0.0,0.0,0.0,0.0
5,3,0.06917775,0.0,0.0,0.93082225,0.0,0.0,0.0,0.0,0.0
5,3,0.06917775,0.0,0.0,0.93082225,0.0,0.0,0.0,0.0,0.0
5,3,0.06917775,0.0,0.0,0.93082225,0.0,0.0,0.0,0.0,0.0
5,3,0.06917775,0.0,0.0,0.93082225,0.0,0.0,0.0,0.0,0.0
5,3,0.06917775,0.0,0.0,0.93082225,0.0,0.0,0.0,0.0,0.0
5,3,0.06917775,0.0,0.0,0.93082225,0.0,0.0,0.0,0.0,0.0
5,3,0.06917775,0.0,0.0,0.93082225,0.0,0.0,0.0,0.0,0.0
5,3,0.06917775,0.0,0.0,0.93082225,0.0,0.0,0.0,0.0,0.0
5,3,0.06917775,0.0,0.0,0.93082225,0.0,0.0,0.0,0.0,0.0
5,3,0.06917775,0.0,0.0,0.93082225,0.0,0.0,0.0,0.0,0.0
5,3,0.06917775,0.0,0.0,0.93082225,0.0,0.0,0.0,0.0,0.0
5,3,0.06917775,0.0,0.0,0.93082225,0.0,0.0,0.0,0.0,0.0
5,3,0.06917775,0.0,0.0,0.93082225,0.0,0.0,0.0,0.0,0.0
5,3,0.06917775,0.0,0.0,0.93082225,0.0,0.0,0.0,0.0,0.0
5,3,0.06917775,0.0,0.0,0.93082225,0.0,0.0,0.0,0.0,0.0
5,3,0.06917775,0.0,0.0,0.93082225,0.0,0.0,0.0,0.0,0.0
5,3,0.06917775,0.0,0.0,0.93082225,0.0,0.0,0.0,0.0,0.0
5,3,0.06917775,0.0,0.0,0.93082225,0.0,0.0,0.0,0.0,0.0
5,3,0.06917775,0.0,0.0,0.93082225,0.0,0.0,0.0,0.0,0.0
5,3,0.06917775,0.0,0.0,0.93082225,0.0,0.0,0.0,0.0,0.0
5,3,0.06917775,0.0,0.0,0.93082225,0.0,0.0,0.0,0.0,0.0
5,3,0.06917775,0.0,0.0,0.93082225,0.0,0.0,0.0,0.0,0.0
5,3,0.06917775,0.0,0.0,0.93082225,0.0,0.0,0.0,0.0,0.0
5,3,0.06917775,0.0,0.0,0.93082225,0.0,0.0,0.0,0.0,0.0
5,3,0.06917775,0.0,0.0,0.93082225,0.0,0.0,0.0,0.0,0.0
5,3,0.06917775,0.0,0.0,0.93082225,0.0,0.0,0.0,0.0,0.0
5,3,0.06917775,0.0,0.0,0.93082225,0.0,0.0,0.0,0.0,0.0
5,3,0.06917775,0.0,0.0,0.93082225,0.0,0.0,0.0,0.0,0.0
5,3,0.06917775,0.0,0.0,0.93082225,0.0,0.0,0.0,0.0,0.0
5,3,0.06917775,0.0,0.0,0.93082225,0.0,0.0,0.0,0.0,0.0
5,3,0.06917775,0.0,0.0,0.93082225,0.0,0.0,0.0,0.0,0.0
5,3,0.06917775,0.0,0.0,0.93082225,0.0,0.0,0.0,0.0,0.0
5,3,0.06917775,0.0,0.0,0.93082225,0.0,0.0,0.0,0.0,0.0
5,3,0.06917775,0.0,0.0,0.93082225,0.0,0.0,0.0,0.0,0.0
5,3,0.06917775,0.0,0.0,0.93082225,0.0,0.0,0.0,0.0,0.0
5,3,0.06917775,0.0,0.0,0.93082225,0.0,0.0,0.0,0.0,0.0
5,3,0.06917775,0.0,0.0,0.93082225,0.0,0.0,0.0,0.0,0.0
5,3,0.06917775,0.0,0.0,0.93082225,0.0,0.0,0.0,0.0,0.0
5,3,0.06917775,0.0,0.0,0.93082225,0.0,0.0,0.0,0.0,0.0
5,3,0.06917775,0.0,0.0,0.93082225,0.0,0.0,0.0,0.0,0.0
5,3,0.06917775,0.0,0.0,0.93082225,0.0,0.0,0.0,0.0,0.0
5,3,0.06917775,0.0,0.0,0.93082225,0.0,0.0,0.0,0.0,0.0
5,3,0.06917775,0.0,0.0,0.93082225,0.0,0.0,0.0,0.0,0.0
5,3,0.06917775,0.0,0.0,0.93082225,0.0,0.0,0.0,0.0,0.0
5,3,0.06917775,0.0,0.0,0.93082225,0.0,0.0,0.0,0.0,0.0
5,3,0.06917775,0.0,0.0,0.93082225,0.0,0.0,0.0,0.0,0.0
5,3,0.06917775,0.0,0.0,0.93082225,0.0,0.0,0.0,0.0,0.0
5,3,0.06917775,0.0,0.0,0.93082225,0.0,0.0,0.0,0.0,0.0
5,3,0.06917775,0.0,0.0,0.93082225,0.0,0.0,0.0,0.0,0.0
5,3,0.06917775,0.0,0.0,0.93082225,0.0,0.0,0.0,0.0,0.0
5,3,0.06917775,0.0,0.0,0.93082225,0.0,0.0,0.0,0.0,0.0
5,3,0.06917775,0.0,0.0,0.93082225,0.0,0.0,0.0,0.0,0.0
5,3,0.06917775,0.0,0.0,0.93082225,0.0,0.0,0.0,0.0,0.0
5,3,0.06917775,0.0,0.0,0.93082225,0.0,0.0,0.0,0.0,0.0
5,3,0.06917775,0.0,0.0,0.93082225,0.0,0.0,0.0,0.0,0.0
5,3,0.06917775,0.0,0.0,0.93082225,0.0,0.0,0.0,0.0,0.0
5,3,0.06917775,0.0,0.0,0.93082225,0.0,0.0,0.0,0.0,0.0
5,3,0.06917775,0.0,0.0,0.93082225,0.0,0.0,0.0,0.0,0.0
5,3,0.06917775,0.0,0.0,0.93082225,0.0,0.0,0.0,0.0,0.0
5,3,0.06917775,0.0,0.0,0.93082225,0.0,0.0,0.0,0.0,0.0
5,3,0.06917775,0.0,0.0,0.93082225,0.0,0.0,0.0,0.0,0.0
5,3,0.06917775,0.0,0.0,0.93082225,0.0,0.0,0.0,0.0,0.0
5,3,0.06917775,0.0,0.0,0.93082225,0.0,0.0,0.0,0.0,0.0
5,3,0.06917775,0.0,0.0,0.93082225,0.0,0.0,0.0,0.0,0.0
5,3,0.06917775,0.0,0.0,0.93082225,0.0,0.0,0.0,0.0,0.0
5,3,0.06917775,0.0,0.0,0.93082225,0.0,0.0,0.0,0.0,0.0
5,3,0.06917775,0.0,0.0,0.93082225,0.0,0.0,0.0,0.0,0.0
5,3,0.06917775,0.0,0.0,0.93082225,0.0,0.0,0.0,0.0,0.0
5,3,0.06917775,0.0,0.0,0.93082225,0.0,0.0,0.0,0.0,0.0
5,3,0.06917775,0.0,0.0,0.93082225,0.0,0.0,0.0,0.0,0.0
5,3,0.06917775,0.0,0.0,0.93082225,0.0,0.0,0.0,0.0,0.0
5,3,0.06917775,0.0,0.0,0.93082225,0.0,0.0,0.0,0.0,0.0
5,3,0.06917775,0.0,0.0,0.93082225,0.0,0.0,0.0,0.0,0.0
5,3,0.06917775,0.0,0.0,0.93082225,0.0,0.0,0.0,0.0,0.0
5,3,0.06917775,0.0,0.0,0.93082225,0.0,0.0,0.0,0.0,0.0
5,3,0.06917775,0.0,0.0,0.93082225,0.0,0.0,0.0,0.0,0.0
5,3,0.06917775,0.0,0.0,0.93082225,0.0,0.0,0.0,0.0,0.0
5,3,0.06917775,0.0,0.0,0.93082225,0.0,0.0,0.0,0.0,0.0
5,3,0.06917775,0.0,0.0,0.93082225,0.0,0.0,0.0,0.0,0.0
5,3,0.06917775,0.0,0.0,0.93082225,0.0,0.0,0.0,0.0,0.0
5,3,0.06917775,0.0,0.0,0.93082225,0.0,0.0,0.0,0.0,0.0
5,3,0.06917775,0.0,0.0,0.93082225,0.0,0.0,0.0,0.0,0.0
5,3,0.06917775,0.0,0.0,0.93082225,0.0,0.0,0.0,0.0,0.0
5,3,0.06917775,0.0,0.0,0.93082225,0.0,0.0,0.0,0.0,0.0
5,3,0.06917775,0.0,0.0,0.93082225,0.0,0.0,0.0,0.0,0.0
5,3,0.06917775,0.0,0.0,0.93082225,0.0,0.0,0.0,0.0,0.0
5,3,0.06917775,0.0,0.0,0.93082225,0.0,0.0,0.0,0.0,0.0
5,3,0.06917775,0.0,0.0,0.93082225,0.0,0.0,0.0,0.0,0.0
5,3,0.06917775,0.0,0.0,0.93082225,0.0,0.0,0.0,0.0,0.0
5,3,0.06917775,0.0,0.0,0.93082225,0.0,0.0,0.0,0.0,0.0
5,3,0.06917775,0.0,0.0,0.93082225,0.0,0.0,0.0,0.0,0.0
5,3,0.06917775,0.0,0.0,0.93082225,0.0,0.0,0.0,0.0,0.0
5,3,0.06917775,0.0,0.0,0.93082225,0.0,0.0,0.0,0.0,0.0
5,3,0.06917775,0.0,0.0,0.93082225,0.0,0.0,0.0,0.0,0.0
5,3,0.06917775,0.0,0.0,0.93082225,0.0,0.0,0.0,0.0,0.0
5,3,0.06917775,0.0,0.0,0.93082225,0.0,0.0,0.0,0.0,0.0
5,3,0.06917775,0.0,0.0,0.93082225,0.0,0.0,0.0,0.0,0.0
5,3,0.06917775,0.0,0.0,0.93082225,0.0,0.0,0.0,0.0,0.0
5,3,0.06917775,0.0,0.0,0.93082225,0.0,0.0,0.0,0.0,0.0
5,3,0.06917775,0.0,0.0,0.93082225,0.0,0.0,0.0,0.0,0.0
5,3,0.0,0.0,0.0,1.0,0.0,0.0,0.0,0.0,0.0
5,3,0.0,0.0,0.0,1.0,0.0,0.0,0.0,0.0,0.0
5,3,0.0,0.0,0.0,1.0,0.0,0.0,0.0,0.0,0.0
5,3,0.0,0.0,0.0,1.0,0.0,0.0,0.0,0.0,0.0
5,3,0.0,0.0,0.0,1.0,0.0,0.0,0.0,0.0,0.0
5,3,0.0,0.0,0.0,1.0,0.0,0.0,0.0,0.0,0.0
5,3,0.0,0.0,0.0,1.0,0.0,0.0,0.0,0.0,0.0
5,3,0.0,0.0,0.0,1.0,0.0,0.0,0.0,0.0,0.0
5,3,0.0,0.0,0.0,1.0,0.0,0.0,0.0,0.0,0.0
5,3,0.0,0.0,0.0,1.0,0.0,0.0,0.0,0.0,0.0
5,3,0.0,0.0,0.0,1.0,0.0,0.0,0.0,0.0,0.0
5,3,0.0,0.0,0.0,1.0,0.0,0.0,0.0,0.0,0.0
5,3,0.0,0.0,0.0,1.0,0.0,0.0,0.0,0.0,0.0
5,3,0.0,0.0,0.0,1.0,0.0,0.0,0.0,0.0,0.0
5,3,0.0,0.0,0.0,1.0,0.0,0.0,0.0,0.0,0.0
5,3,0.0,0.0,0.0,1.0,0.0,0.0,0.0,0.0,0.0
5,3,0.0,0.0,0.0,1.0,0.0,0.0,0.0,0.0,0.0
5,3,0.0,0.0,0.0,1.0,0.0,0.0,0.0,0.0,0.0
5,3,0.0,0.0,0.0,1.0,0.0,0.0,0.0,0.0,0.0
5,3,0.0,0.0,0.0,1.0,0.0,0.0,0.0,0.0,0.0
5,3,0.0,0.0,0.0,1.0,0.0,0.0,0.0,0.0,0.0
5,3,0.0,0.0,0.0,1.0,0.0,0.0,0.0,0.0,0.0
5,3,0.0,0.0,0.0,1.0,0.0,0.0,0.0,0.0,0.0
5,3,0.0,0.0,0.0,1.0,0.0,0.0,0.0,0.0,0.0
5,3,0.0,0.0,0.0,1.0,0.0,0.0,0.0,0.0,0.0
5,3,0.0,0.0,0.0,1.0,0.0,0.0,0.0,0.0,0.0
5,3,0.0,0.0,0.0,1.0,0.0,0.0,0.0,0.0,0.0
5,3,0.0,0.0,0.0,1.0,0.0,0.0,0.0,0.0,0.0
5,3,0.0,0.0,0.0,1.0,0.0,0.0,0.0,0.0,0.0
5,3,0.0,0.0,0.0,1.0,0.0,0.0,0.0,0.0,0.0
5,3,0.0,0.0,0.0,1.0,0.0,0.0,0.0,0.0,0.0
5,3,0.0,0.0,0.0,1.0,0.0,0.0,0.0,0.0,0.0
5,3,0.0,0.0,0.0,1.0,0.0,0.0,0.0,0.0,0.0
5,3,0.0,0.0,0.0,1.0,0.0,0.0,0.0,0.0,0.0
5,3,0.0,0.0,0.0,1.0,0.0,0.0,0.0,0.0,0.0
5,3,0.0,0.0,0.0,1.0,0.0,0.0,0.0,0.0,0.0
5,3,0.0,0.0,0.0,1.0,0.0,0.0,0.0,0.0,0.0
5,3,0.0,0.0,0.0,1.0,0.0,0.0,0.0,0.0,0.0
5,3,0.0,0.0,0.0,1.0,0.0,0.0,0.0,0.0,0.0
5,3,0.0,0.0,0.0,1.0,0.0,0.0,0.0,0.0,0.0
5,3,0.0,0.0,0.0,1.0,0.0,0.0,0.0,0.0,0.0
5,3,0.0,0.0,0.0,1.0,0.0,0.0,0.0,0.0,0.0
5,3,0.0,0.0,0.0,1.0,0.0,0.0,0.0,0.0,0.0
5,3,0.0,0.0,0.0,1.0,0.0,0.0,0.0,0.0,0.0
5,3,0.0,0.0,0.0,1.0,0.0,0.0,0.0,0.0,0.0
5,3,0.0,0.0,0.0,1.0,0.0,0.0,0.0,0.0,0.0
5,3,0.0,0.0,0.0,1.0,0.0,0.0,0.0,0.0,0.0
5,3,0.0,0.0,0.0,1.0,0.0,0.0,0.0,0.0,0.0
5,3,0.0,0.0,0.0,1.0,0.0,0.0,0.0,0.0,0.0
5,3,0.0,0.0,0.0,1.0,0.0,0.0,0.0,0.0,0.0
5,3,0.0,0.0,0.0,1.0,0.0,0.0,0.0,0.0,0.0
5,3,0.0,0.0,0.0,1.0,0.0,0.0,0.0,0.0,0.0
5,3,0.0,0.0,0.0,1.0,0.0,0.0,0.0,0.0,0.0
5,3,0.0,0.0,0.0,1.0,0.0,0.0,0.0,0.0,0.0
5,3,0.0,0.0,0.0,1.0,0.0,0.0,0.0,0.0,0.0
5,3,0.0,0.0,0.0,1.0,0.0,0.0,0.0,0.0,0.0
5,3,0.0,0.0,0.0,1.0,0.0,0.0,0.0,0.0,0.0
5,3,0.0,0.0,0.0,1.0,0.0,0.0,0.0,0.0,0.0
5,3,0.0,0.0,0.0,1.0,0.0,0.0,0.0,0.0,0.0
5,3,0.0,0.0,0.0,1.0,0.0,0.0,0.0,0.0,0.0
5,3,0.0,0.0,0.0,1.0,0.0,0.0,0.0,0.0,0.0
5,3,0.0,0.0,0.0,1.0,0.0,0.0,0.0,0.0,0.0
5,3,0.0,0.0,0.0,1.0,0.0,0.0,0.0,0.0,0.0
5,3,0.0,0.0,0.0,1.0,0.0,0.0,0.0,0.0,0.0
5,3,0.0,0.0,0.0,1.0,0.0,0.0,0.0,0.0,0.0
5,3,0.0,0.0,0.0,1.0,0.0,0.0,0.0,0.0,0.0
5,3,0.0,0.0,0.0,1.0,0.0,0.0,0.0,0.0,0.0
5,3,0.0,0.0,0.0,1.0,0.0,0.0,0.0,0.0,0.0
5,3,0.0,0.0,0.0,1.0,0.0,0.0,0.0,0.0,0.0
5,3,0.0,0.0,0.0,1.0,0.0,0.0,0.0,0.0,0.0
5,3,0.0,0.0,0.0,1.0,0.0,0.0,0.0,0.0,0.0
5,3,0.0,0.0,0.0,1.0,0.0,0.0,0.0,0.0,0.0
5,3,0.0,0.0,0.0,0.9436636,0.0,0.05633639,0.0,0.0,0.0
5,3,0.0,0.0,0.0,0.9436636,0.0,0.05633639,0.0,0.0,0.0
5,3,0.0,0.0,0.0,0.9436636,0.0,0.05633639,0.0,0.0,0.0
5,3,0.0,0.0,0.0,0.9436636,0.0,0.05633639,0.0,0.0,0.0
5,3,0.0,0.0,0.0,0.9436636,0.0,0.05633639,0.0,0.0,0.0
5,3,0.0,0.0,0.0,0.9436636,0.0,0.05633639,0.0,0.0,0.0
5,3,0.0,0.0,0.0,0.9436636,0.0,0.05633639,0.0,0.0,0.0
5,3,0.0,0.0,0.0,0.9436636,0.0,0.05633639,0.0,0.0,0.0
5,3,0.0,0.0,0.0,0.9436636,0.0,0.05633639,0.0,0.0,0.0
5,3,0.0,0.0,0.0,0.9436636,0.0,0.05633639,0.0,0.0,0.0
5,3,0.0,0.0,0.0,0.9436636,0.0,0.05633639,0.0,0.0,0.0
5,3,0.0,0.0,0.0,0.9436636,0.0,0.05633639,0.0,0.0,0.0
5,3,0.0,0.0,0.0,0.9436636,0.0,0.05633639,0.0,0.0,0.0
5,3,0.0,0.0,0.0,0.9436636,0.0,0.05633639,0.0,0.0,0.0
5,3,0.0,0.0,0.0,0.9436636,0.0,0.05633639,0.0,0.0,0.0
5,3,0.0,0.0,0.0,0.9436636,0.0,0.05633639,0.0,0.0,0.0
5,3,0.0,0.0,0.0,0.9436636,0.0,0.05633639,0.0,0.0,0.0
5,3,0.0,0.0,0.0,0.9436636,0.0,0.05633639,0.0,0.0,0.0
5,3,0.0,0.0,0.0,0.9436636,0.0,0.05633639,0.0,0.0,0.0
5,3,0.0,0.0,0.0,0.9436636,0.0,0.05633639,0.0,0.0,0.0
5,3,0.0,0.0,0.0,0.9436636,0.0,0.05633639,0.0,0.0,0.0
5,3,0.0,0.0,0.0,0.9436636,0.0,0.05633639,0.0,0.0,0.0
5,3,0.0,0.0,0.0,0.9436636,0.0,0.05633639,0.0,0.0,0.0
5,3,0.0,0.0,0.0,0.9436636,0.0,0.05633639,0.0,0.0,0.0
5,3,0.0,0.0,0.0,0.9436636,0.0,0.05633639,0.0,0.0,0.0
5,3,0.0,0.0,0.0,0.9436636,0.0,0.05633639,0.0,0.0,0.0
5,3,0.0,0.0,0.0,0.9436636,0.0,0.05633639,0.0,0.0,0.0
5,3,0.0,0.0,0.0,0.9436636,0.0,0.05633639,0.0,0.0,0.0
5,3,0.0,0.0,0.0,0.9436636,0.0,0.05633639,0.0,0.0,0.0
5,3,0.0,0.0,0.0,0.9436636,0.0,0.05633639,0.0,0.0,0.0
5,3,0.0,0.0,0.0,0.9436636,0.0,0.05633639,0.0,0.0,0.0
5,3,0.0,0.0,0.0,0.9436636,0.0,0.05633639,0.0,0.0,0.0
5,3,0.0,0.0,0.0,0.9436636,0.0,0.05633639,0.0,0.0,0.0
5,3,0.0,0.0,0.0,0.9436636,0.0,0.05633639,0.0,0.0,0.0
5,3,0.0,0.0,0.0,0.9436636,0.0,0.05633639,0.0,0.0,0.0
5,3,0.0,0.0,0.0,0.9436636,0.0,0.05633639,0.0,0.0,0.0
5,3,0.0,0.0,0.0,0.9436636,0.0,0.05633639,0.0,0.0,0.0
5,3,0.0,0.0,0.0,0.9436636,0.0,0.05633639,0.0,0.0,0.0
5,3,0.0,0.0,0.0,0.9436636,0.0,0.05633639,0.0,0.0,0.0
5,3,0.0,0.0,0.0,0.9436636,0.0,0.05633639,0.0,0.0,0.0
5,3,0.0,0.0,0.0,0.9436636,0.0,0.05633639,0.0,0.0,0.0
5,3,0.0,0.0,0.0,0.9436636,0.0,0.05633639,0.0,0.0,0.0
5,3,0.0,0.0,0.0,0.9436636,0.0,0.05633639,0.0,0.0,0.0
5,3,0.0,0.0,0.0,0.9436636,0.0,0.05633639,0.0,0.0,0.0
5,3,0.0,0.0,0.0,0.9436636,0.0,0.05633639,0.0,0.0,0.0
5,3,0.0,0.0,0.0,0.9436636,0.0,0.05633639,0.0,0.0,0.0
5,3,0.0,0.0,0.0,0.9436636,0.0,0.05633639,0.0,0.0,0.0
5,3,0.0,0.0,0.0,0.9436636,0.0,0.05633639,0.0,0.0,0.0
5,3,0.0,0.0,0.0,0.9436636,0.0,0.05633639,0.0,0.0,0.0
5,3,0.0,0.0,0.0,0.9436636,0.0,0.05633639,0.0,0.0,0.0
5,3,0.0,0.0,0.0,0.9436636,0.0,0.05633639,0.0,0.0,0.0
5,3,0.0,0.0,0.0,0.9436636,0.0,0.05633639,0.0,0.0,0.0
5,3,0.0,0.0,0.0,0.9436636,0.0,0.05633639,0.0,0.0,0.0
5,3,0.0,0.0,0.0,0.9436636,0.0,0.05633639,0.0,0.0,0.0
5,3,0.0,0.0,0.0,0.9436636,0.0,0.05633639,0.0,0.0,0.0
5,3,0.0,0.0,0.0,0.9436636,0.0,0.05633639,0.0,0.0,0.0
5,3,0.0,0.0,0.0,0.8846971,0.0,0.115302935,0.0,0.0,0.0
5,3,0.0,0.0,0.0,0.8846971,0.0,0.115302935,0.0,0.0,0.0
5,3,0.0,0.0,0.0,0.8846971,0.0,0.115302935,0.0,0.0,0.0
5,3,0.0,0.0,0.0,0.8846971,0.0,0.115302935,0.0,0.0,0.0
5,3,0.0,0.0,0.0,0.8846971,0.0,0.115302935,0.0,0.0,0.0
5,3,0.0,0.0,0.0,0.8846971,0.0,0.115302935,0.0,0.0,0.0
5,3,0.0,0.0,0.0,0.8846971,0.0,0.115302935,0.0,0.0,0.0
5,3,0.0,0.0,0.0,0.8846971,0.0,0.115302935,0.0,0.0,0.0
5,3,0.0,0.0,0.0,0.8846971,0.0,0.115302935,0.0,0.0,0.0
5,3,0.0,0.0,0.0,0.8846971,0.0,0.115302935,0.0,0.0,0.0
5,3,0.0,0.0,0.0,0.8846971,0.0,0.115302935,0.0,0.0,0.0
5,3,0.0,0.0,0.0,0.8846971,0.0,0.115302935,0.0,0.0,0.0
5,3,0.0,0.0,0.0,0.8846971,0.0,0.115302935,0.0,0.0,0.0
5,3,0.0,0.0,0.0,0.8846971,0.0,0.115302935,0.0,0.0,0.0
5,3,0.0,0.0,0.0,0.8846971,0.0,0.115302935,0.0,0.0,0.0
5,3,0.0,0.0,0.0,0.8846971,0.0,0.115302935,0.0,0.0,0.0
5,3,0.0,0.0,0.0,0.8846971,0.0,0.115302935,0.0,0.0,0.0
5,3,0.0,0.0,0.0,0.8846971,0.0,0.115302935,0.0,0.0,0.0
5,3,0.0,0.0,0.0,0.8846971,0.0,0.115302935,0.0,0.0,0.0
5,3,0.0,0.0,0.0,0.8846971,0.0,0.115302935,0.0,0.0,0.0
5,3,0.0,0.0,0.0,0.8846971,0.0,0.115302935,0.0,0.0,0.0
5,3,0.0,0.0,0.0,0.8846971,0.0,0.115302935,0.0,0.0,0.0
5,3,0.0,0.0,0.0,0.8846971,0.0,0.115302935,0.0,0.0,0.0
5,3,0.0,0.0,0.0,0.8846971,0.0,0.115302935,0.0,0.0,0.0
5,3,0.0,0.0,0.0,0.8846971,0.0,0.115302935,0.0,0.0,0.0
5,3,0.0,0.0,0.0,0.8846971,0.0,0.115302935,0.0,0.0,0.0
5,3,0.0,0.0,0.0,0.8846971,0.0,0.115302935,0.0,0.0,0.0
5,3,0.0,0.0,0.0,0.8846971,0.0,0.115302935,0.0,0.0,0.0
5,3,0.0,0.0,0.0,0.8846971,0.0,0.115302935,0.0,0.0,0.0
5,3,0.0,0.0,0.0,0.8846971,0.0,0.115302935,0.0,0.0,0.0
5,3,0.0,0.0,0.0,0.8846971,0.0,0.115302935,0.0,0.0,0.0
5,3,0.0,0.0,0.0,0.8846971,0.0,0.115302935,0.0,0.0,0.0
5,3,0.0,0.0,0.0,0.8846971,0.0,0.115302935,0.0,0.0,0.0
5,3,0.0,0.0,0.0,0.8846971,0.0,0.115302935,0.0,0.0,0.0
5,3,0.0,0.0,0.0,0.8846971,0.0,0.115302935,0.0,0.0,0.0
5,3,0.0,0.0,0.0,0.8846971,0.0,0.115302935,0.0,0.0,0.0
5,3,0.0,0.0,0.0,0.8846971,0.0,0.115302935,0.0,0.0,0.0
5,3,0.0,0.0,0.0,0.8846971,0.0,0.115302935,0.0,0.0,0.0
5,3,0.0,0.0,0.0,0.8846971,0.0,0.115302935,0.0,0.0,0.0
5,3,0.0,0.0,0.0,0.8846971,0.0,0.115302935,0.0,0.0,0.0
5,3,0.0,0.0,0.0,0.8846971,0.0,0.115302935,0.0,0.0,0.0
5,3,0.0,0.0,0.0,0.8846971,0.0,0.115302935,0.0,0.0,0.0
5,3,0.0,0.0,0.0,0.8846971,0.0,0.115302935,0.0,0.0,0.0
5,3,0.0,0.0,0.0,0.8846971,0.0,0.115302935,0.0,0.0,0.0
5,3,0.0,0.0,0.0,0.8846971,0.0,0.115302935,0.0,0.0,0.0
5,3,0.0,0.0,0.0,0.8846971,0.0,0.115302935,0.0,0.0,0.0
5,3,0.0,0.0,0.0,0.8846971,0.0,0.115302935,0.0,0.0,0.0
5,3,0.0,0.0,0.0,0.8846971,0.0,0.115302935,0.0,0.0,0.0
5,3,0.0,0.0,0.0,0.8846971,0.0,0.115302935,0.0,0.0,0.0
5,3,0.0,0.0,0.0,0.8846971,0.0,0.115302935,0.0,0.0,0.0
5,3,0.0,0.0,0.0,0.8846971,0.0,0.115302935,0.0,0.0,0.0
5,3,0.0,0.0,0.0,0.8846971,0.0,0.115302935,0.0,0.0,0.0
5,3,0.0,0.0,0.0,0.8846971,0.0,0.115302935,0.0,0.0,0.0
5,3,0.0,0.0,0.0,0.8846971,0.0,0.115302935,0.0,0.0,0.0
5,3,0.0,0.0,0.0,0.8846971,0.0,0.115302935,0.0,0.0,0.0
5,3,0.0,0.0,0.0,0.8846971,0.0,0.115302935,0.0,0.0,0.0
5,3,0.0,0.0,0.0,0.8846971,0.0,0.115302935,0.0,0.0,0.0
5,3,0.0,0.0,0.0,0.8846971,0.0,0.115302935,0.0,0.0,0.0
5,3,0.0,0.0,0.0,0.8846971,0.0,0.115302935,0.0,0.0,0.0
5,3,0.0,0.0,0.0,0.8846971,0.0,0.115302935,0.0,0.0,0.0
5,3,0.0,0.0,0.0,0.8846971,0.0,0.115302935,0.0,0.0,0.0
5,3,0.0,0.0,0.0,0.8846971,0.0,0.115302935,0.0,0.0,0.0
5,3,0.0,0.0,0.0,0.8846971,0.0,0.115302935,0.0,0.0,0.0
5,3,0.0,0.0,0.0,0.8846971,0.0,0.115302935,0.0,0.0,0.0
5,3,0.0,0.0,0.0,0.9410335,0.0,0.05896654,0.0,0.0,0.0
5,3,0.0,0.0,0.0,0.9410335,0.0,0.05896654,0.0,0.0,0.0
5,3,0.0,0.0,0.0,0.9410335,0.0,0.05896654,0.0,0.0,0.0
5,3,0.0,0.0,0.0,0.9410335,0.0,0.05896654,0.0,0.0,0.0
5,3,0.0,0.0,0.0,0.9410335,0.0,0.05896654,0.0,0.0,0.0
5,3,0.0,0.0,0.0,0.9410335,0.0,0.05896654,0.0,0.0,0.0
5,3,0.0,0.0,0.0,0.9410335,0.0,0.05896654,0.0,0.0,0.0
5,3,0.0,0.0,0.0,0.9410335,0.0,0.05896654,0.0,0.0,0.0
5,3,0.0,0.0,0.0,0.9410335,0.0,0.05896654,0.0,0.0,0.0
5,3,0.0,0.0,0.0,0.9410335,0.0,0.05896654,0.0,0.0,0.0
5,3,0.0,0.0,0.0,0.9410335,0.0,0.05896654,0.0,0.0,0.0
5,3,0.0,0.0,0.0,0.9410335,0.0,0.05896654,0.0,0.0,0.0
5,3,0.0,0.0,0.0,0.9410335,0.0,0.05896654,0.0,0.0,0.0
5,3,0.0,0.0,0.0,0.9410335,0.0,0.05896654,0.0,0.0,0.0
5,3,0.0,0.0,0.0,0.9410335,0.0,0.05896654,0.0,0.0,0.0
5,3,0.0,0.0,0.0,0.9410335,0.0,0.05896654,0.0,0.0,0.0
5,3,0.0,0.0,0.0,0.9410335,0.0,0.05896654,0.0,0.0,0.0
5,3,0.0,0.0,0.0,0.9410335,0.0,0.05896654,0.0,0.0,0.0
5,3,0.0,0.0,0.0,0.9410335,0.0,0.05896654,0.0,0.0,0.0
5,3,0.0,0.0,0.0,0.9410335,0.0,0.05896654,0.0,0.0,0.0
5,3,0.0,0.0,0.0,0.9410335,0.0,0.05896654,0.0,0.0,0.0
5,3,0.0,0.0,0.0,0.9410335,0.0,0.05896654,0.0,0.0,0.0
5,3,0.0,0.0,0.0,0.9410335,0.0,0.05896654,0.0,0.0,0.0
5,3,0.0,0.0,0.0,0.9410335,0.0,0.05896654,0.0,0.0,0.0
5,3,0.0,0.0,0.0,1.0,0.0,0.0,0.0,0.0,0.0
5,3,0.0,0.0,0.0,1.0,0.0,0.0,0.0,0.0,0.0
5,3,0.0,0.0,0.0,1.0,0.0,0.0,0.0,0.0,0.0
5,3,0.0,0.0,0.0,1.0,0.0,0.0,0.0,0.0,0.0
5,3,0.0,0.0,0.0,1.0,0.0,0.0,0.0,0.0,0.0
5,3,0.0,0.0,0.0,1.0,0.0,0.0,0.0,0.0,0.0
5,3,0.0,0.0,0.0,1.0,0.0,0.0,0.0,0.0,0.0
5,3,0.0,0.0,0.0,1.0,0.0,0.0,0.0,0.0,0.0
5,3,0.0,0.0,0.0,1.0,0.0,0.0,0.0,0.0,0.0
5,3,0.0,0.0,0.0,1.0,0.0,0.0,0.0,0.0,0.0
5,3,0.0,0.0,0.0,1.0,0.0,0.0,0.0,0.0,0.0
5,3,0.0,0.0,0.0,1.0,0.0,0.0,0.0,0.0,0.0
5,3,0.0,0.0,0.0,1.0,0.0,0.0,0.0,0.0,0.0
5,3,0.0,0.0,0.0,1.0,0.0,0.0,0.0,0.0,0.0
5,3,0.0,0.0,0.0,1.0,0.0,0.0,0.0,0.0,0.0
5,3,0.0,0.0,0.0,1.0,0.0,0.0,0.0,0.0,0.0
5,3,0.0,0.0,0.0,1.0,0.0,0.0,0.0,0.0,0.0
5,3,0.0,0.0,0.0,1.0,0.0,0.0,0.0,0.0,0.0
5,3,0.0,0.0,0.0,1.0,0.0,0.0,0.0,0.0,0.0
5,3,0.0,0.0,0.0,1.0,0.0,0.0,0.0,0.0,0.0
5,3,0.0,0.0,0.0,1.0,0.0,0.0,0.0,0.0,0.0
5,3,0.0,0.0,0.0,1.0,0.0,0.0,0.0,0.0,0.0
5,3,0.0,0.0,0.0,1.0,0.0,0.0,0.0,0.0,0.0
5,3,0.0,0.0,0.0,1.0,0.0,0.0,0.0,0.0,0.0
5,3,0.0,0.0,0.0,1.0,0.0,0.0,0.0,0.0,0.0
5,3,0.0,0.0,0.0,1.0,0.0,0.0,0.0,0.0,0.0
5,3,0.0,0.0,0.0,1.0,0.0,0.0,0.0,0.0,0.0
5,3,0.0,0.0,0.0,1.0,0.0,0.0,0.0,0.0,0.0
5,3,0.0,0.0,0.0,1.0,0.0,0.0,0.0,0.0,0.0
5,3,0.0,0.0,0.0,1.0,0.0,0.0,0.0,0.0,0.0
5,3,0.0,0.0,0.0,1.0,0.0,0.0,0.0,0.0,0.0
5,3,0.0,0.0,0.0,1.0,0.0,0.0,0.0,0.0,0.0
5,3,0.0,0.0,0.0,1.0,0.0,0.0,0.0,0.0,0.0
5,3,0.0,0.0,0.0,1.0,0.0,0.0,0.0,0.0,0.0
5,3,0.0,0.0,0.0,1.0,0.0,0.0,0.0,0.0,0.0
5,3,0.0,0.0,0.0,1.0,0.0,0.0,0.0,0.0,0.0
5,3,0.0,0.0,0.0,1.0,0.0,0.0,0.0,0.0,0.0
5,3,0.0,0.0,0.0,1.0,0.0,0.0,0.0,0.0,0.0
5,3,0.0,0.0,0.0,1.0,0.0,0.0,0.0,0.0,0.0
5,3,0.0,0.0,0.0,1.0,0.0,0.0,0.0,0.0,0.0
5,3,0.0,0.0,0.0,1.0,0.0,0.0,0.0,0.0,0.0
5,3,0.0,0.0,0.0,1.0,0.0,0.0,0.0,0.0,0.0
5,3,0.0,0.0,0.0,1.0,0.0,0.0,0.0,0.0,0.0
5,3,0.0,0.0,0.0,1.0,0.0,0.0,0.0,0.0,0.0
5,3,0.0,0.0,0.0,1.0,0.0,0.0,0.0,0.0,0.0
5,3,0.0,0.0,0.0,1.0,0.0,0.0,0.0,0.0,0.0
5,3,0.0,0.0,0.0,1.0,0.0,0.0,0.0,0.0,0.0
5,3,0.0,0.0,0.0,1.0,0.0,0.0,0.0,0.0,0.0
5,3,0.0,0.0,0.0,1.0,0.0,0.0,0.0,0.0,0.0
5,3,0.0,0.0,0.0,1.0,0.0,0.0,0.0,0.0,0.0
5,3,0.0,0.0,0.0,1.0,0.0,0.0,0.0,0.0,0.0
5,3,0.0,0.0,0.0,1.0,0.0,0.0,0.0,0.0,0.0
5,3,0.0,0.0,0.0,1.0,0.0,0.0,0.0,0.0,0.0
5,3,0.0,0.0,0.0,1.0,0.0,0.0,0.0,0.0,0.0
5,3,0.0,0.0,0.0,1.0,0.0,0.0,0.0,0.0,0.0
5,3,0.0,0.0,0.0,1.0,0.0,0.0,0.0,0.0,0.0
5,3,0.0,0.0,0.0,1.0,0.0,0.0,0.0,0.0,0.0
5,3,0.0,0.0,0.0,1.0,0.0,0.0,0.0,0.0,0.0
5,3,0.0,0.0,0.0,1.0,0.0,0.0,0.0,0.0,0.0
5,3,0.0,0.0,0.0,1.0,0.0,0.0,0.0,0.0,0.0
5,3,0.0,0.0,0.0,1.0,0.0,0.0,0.0,0.0,0.0
5,3,0.0,0.0,0.0,1.0,0.0,0.0,0.0,0.0,0.0
5,3,0.0,0.0,0.0,1.0,0.0,0.0,0.0,0.0,0.0
5,3,0.0,0.0,0.0,1.0,0.0,0.0,0.0,0.0,0.0
5,3,0.0,0.0,0.0,1.0,0.0,0.0,0.0,0.0,0.0
5,3,0.0,0.0,0.0,1.0,0.0,0.0,0.0,0.0,0.0
5,3,0.0,0.0,0.0,1.0,0.0,0.0,0.0,0.0,0.0
5,3,0.0,0.0,0.0,1.0,0.0,0.0,0.0,0.0,0.0
5,3,0.0,0.0,0.0,1.0,0.0,0.0,0.0,0.0,0.0
5,3,0.0,0.0,0.0,1.0,0.0,0.0,0.0,0.0,0.0
5,3,0.0,0.0,0.0,1.0,0.0,0.0,0.0,0.0,0.0
5,3,0.0,0.0,0.0,1.0,0.0,0.0,0.0,0.0,0.0
5,3,0.0,0.0,0.0,1.0,0.0,0.0,0.0,0.0,0.0
5,3,0.0,0.0,0.0,1.0,0.0,0.0,0.0,0.0,0.0
5,3,0.0,0.0,0.0,1.0,0.0,0.0,0.0,0.0,0.0
5,3,0.0,0.0,0.0,1.0,0.0,0.0,0.0,0.0,0.0
5,3,0.0,0.0,0.0,1.0,0.0,0.0,0.0,0.0,0.0
5,3,0.0,0.0,0.0,1.0,0.0,0.0,0.0,0.0,0.0
5,3,0.0,0.0,0.0,1.0,0.0,0.0,0.0,0.0,0.0
5,3,0.0,0.0,0.0,1.0,0.0,0.0,0.0,0.0,0.0
5,3,0.0,0.0,0.0,1.0,0.0,0.0,0.0,0.0,0.0
5,3,0.0,0.0,0.0,1.0,0.0,0.0,0.0,0.0,0.0
5,3,0.0,0.0,0.0,1.0,0.0,0.0,0.0,0.0,0.0
5,3,0.0,0.0,0.0,1.0,0.0,0.0,0.0,0.0,0.0
5,3,0.0,0.0,0.0,1.0,0.0,0.0,0.0,0.0,0.0
5,3,0.0,0.0,0.0,1.0,0.0,0.0,0.0,0.0,0.0
5,3,0.0,0.0,0.0,1.0,0.0,0.0,0.0,0.0,0.0
5,3,0.0,0.0,0.0,1.0,0.0,0.0,0.0,0.0,0.0
5,3,0.0,0.0,0.0,1.0,0.0,0.0,0.0,0.0,0.0
5,3,0.0,0.0,0.0,1.0,0.0,0.0,0.0,0.0,0.0
5,3,0.0,0.0,0.0,1.0,0.0,0.0,0.0,0.0,0.0
5,3,0.0,0.0,0.0,1.0,0.0,0.0,0.0,0.0,0.0
5,3,0.0,0.0,0.0,1.0,0.0,0.0,0.0,0.0,0.0
5,3,0.0,0.0,0.0,1.0,0.0,0.0,0.0,0.0,0.0
5,3,0.0,0.0,0.0,1.0,0.0,0.0,0.0,0.0,0.0
5,3,0.0,0.0,0.0,1.0,0.0,0.0,0.0,0.0,0.0
5,3,0.0,0.0,0.0,1.0,0.0,0.0,0.0,0.0,0.0
5,3,0.0,0.0,0.0,1.0,0.0,0.0,0.0,0.0,0.0
5,3,0.0,0.0,0.0,1.0,0.0,0.0,0.0,0.0,0.0
5,3,0.0,0.0,0.0,1.0,0.0,0.0,0.0,0.0,0.0
5,3,0.0,0.0,0.0,1.0,0.0,0.0,0.0,0.0,0.0
5,3,0.0,0.0,0.0,1.0,0.0,0.0,0.0,0.0,0.0
5,3,0.0,0.0,0.0,1.0,0.0,0.0,0.0,0.0,0.0
5,3,0.0,0.0,0.0,1.0,0.0,0.0,0.0,0.0,0.0
5,3,0.0,0.0,0.0,1.0,0.0,0.0,0.0,0.0,0.0
5,3,0.0,0.0,0.0,1.0,0.0,0.0,0.0,0.0,0.0
5,3,0.0,0.0,0.0,1.0,0.0,0.0,0.0,0.0,0.0
5,3,0.0,0.0,0.0,1.0,0.0,0.0,0.0,0.0,0.0
5,3,0.0,0.0,0.0,1.0,0.0,0.0,0.0,0.0,0.0
5,3,0.0,0.0,0.0,1.0,0.0,0.0,0.0,0.0,0.0
5,3,0.0,0.0,0.0,1.0,0.0,0.0,0.0,0.0,0.0
5,3,0.0,0.0,0.0,1.0,0.0,0.0,0.0,0.0,0.0
5,3,0.0,0.0,0.0,1.0,0.0,0.0,0.0,0.0,0.0
5,3,0.0,0.0,0.0,1.0,0.0,0.0,0.0,0.0,0.0
5,3,0.0,0.0,0.0,1.0,0.0,0.0,0.0,0.0,0.0
5,3,0.0,0.0,0.0,1.0,0.0,0.0,0.0,0.0,0.0
5,3,0.0,0.0,0.0,1.0,0.0,0.0,0.0,0.0,0.0
5,3,0.0,0.0,0.0,1.0,0.0,0.0,0.0,0.0,0.0
5,3,0.0,0.0,0.0,1.0,0.0,0.0,0.0,0.0,0.0
5,3,0.0,0.0,0.0,1.0,0.0,0.0,0.0,0.0,0.0
5,3,0.0,0.0,0.0,1.0,0.0,0.0,0.0,0.0,0.0
5,3,0.0,0.0,0.0,1.0,0.0,0.0,0.0,0.0,0.0
5,3,0.0,0.0,0.0,1.0,0.0,0.0,0.0,0.0,0.0
5,3,0.0,0.0,0.0,1.0,0.0,0.0,0.0,0.0,0.0
5,3,0.0,0.0,0.0,1.0,0.0,0.0,0.0,0.0,0.0
5,3,0.0,0.0,0.0,1.0,0.0,0.0,0.0,0.0,0.0
5,3,0.0,0.0,0.0,1.0,0.0,0.0,0.0,0.0,0.0
5,3,0.0,0.0,0.0,1.0,0.0,0.0,0.0,0.0,0.0
5,3,0.0,0.0,0.0,1.0,0.0,0.0,0.0,0.0,0.0
5,3,0.0,0.0,0.0,1.0,0.0,0.0,0.0,0.0,0.0
5,3,0.0,0.0,0.0,1.0,0.0,0.0,0.0,0.0,0.0
5,3,0.0,0.0,0.0,1.0,0.0,0.0,0.0,0.0,0.0
5,3,0.0,0.0,0.0,1.0,0.0,0.0,0.0,0.0,0.0
5,3,0.0,0.0,0.0,1.0,0.0,0.0,0.0,0.0,0.0
5,3,0.0,0.0,0.0,1.0,0.0,0.0,0.0,0.0,0.0
5,3,0.0,0.0,0.0,1.0,0.0,0.0,0.0,0.0,0.0
5,3,0.0,0.0,0.0,1.0,0.0,0.0,0.0,0.0,0.0
5,3,0.0,0.0,0.0,1.0,0.0,0.0,0.0,0.0,0.0
5,3,0.0,0.0,0.0,1.0,0.0,0.0,0.0,0.0,0.0
5,3,0.0,0.0,0.0,1.0,0.0,0.0,0.0,0.0,0.0
5,3,0.0,0.0,0.0,1.0,0.0,0.0,0.0,0.0,0.0
5,3,0.0,0.0,0.0,1.0,0.0,0.0,0.0,0.0,0.0
5,3,0.0,0.0,0.0,1.0,0.0,0.0,0.0,0.0,0.0
5,3,0.0,0.0,0.0,1.0,0.0,0.0,0.0,0.0,0.0
5,3,0.0,0.0,0.0,1.0,0.0,0.0,0.0,0.0,0.0
5,3,0.0,0.0,0.0,1.0,0.0,0.0,0.0,0.0,0.0
5,3,0.0,0.0,0.0,1.0,0.0,0.0,0.0,0.0,0.0
5,3,0.0,0.0,0.0,1.0,0.0,0.0,0.0,0.0,0.0
5,3,0.0,0.0,0.0,1.0,0.0,0.0,0.0,0.0,0.0
5,3,0.0,0.0,0.0,1.0,0.0,0.0,0.0,0.0,0.0
5,3,0.0,0.0,0.0,1.0,0.0,0.0,0.0,0.0,0.0
5,3,0.0,0.0,0.0,1.0,0.0,0.0,0.0,0.0,0.0
5,3,0.0,0.0,0.0,1.0,0.0,0.0,0.0,0.0,0.0
5,3,0.0,0.0,0.0,1.0,0.0,0.0,0.0,0.0,0.0
5,3,0.0,0.0,0.0,1.0,0.0,0.0,0.0,0.0,0.0
5,3,0.0,0.0,0.0,1.0,0.0,0.0,0.0,0.0,0.0
5,3,0.0,0.0,0.0,1.0,0.0,0.0,0.0,0.0,0.0
5,3,0.0,0.0,0.0,1.0,0.0,0.0,0.0,0.0,0.0
5,3,0.0,0.0,0.0,1.0,0.0,0.0,0.0,0.0,0.0
5,3,0.0,0.0,0.0,1.0,0.0,0.0,0.0,0.0,0.0
5,3,0.0,0.0,0.0,1.0,0.0,0.0,0.0,0.0,0.0
5,3,0.0,0.0,0.0,1.0,0.0,0.0,0.0,0.0,0.0
5,3,0.0,0.0,0.0,1.0,0.0,0.0,0.0,0.0,0.0
5,3,0.0,0.0,0.0,1.0,0.0,0.0,0.0,0.0,0.0
5,3,0.0,0.0,0.0,1.0,0.0,0.0,0.0,0.0,0.0
5,3,0.0,0.0,0.0,1.0,0.0,0.0,0.0,0.0,0.0
5,3,0.0,0.0,0.0,1.0,0.0,0.0,0.0,0.0,0.0
5,3,0.0,0.0,0.0,1.0,0.0,0.0,0.0,0.0,0.0
5,3,0.0,0.0,0.0,1.0,0.0,0.0,0.0,0.0,0.0
5,3,0.0,0.0,0.0,1.0,0.0,0.0,0.0,0.0,0.0
5,3,0.0,0.0,0.0,1.0,0.0,0.0,0.0,0.0,0.0
5,3,0.0,0.0,0.0,1.0,0.0,0.0,0.0,0.0,0.0
5,3,0.0,0.0,0.0,1.0,0.0,0.0,0.0,0.0,0.0
5,3,0.0,0.0,0.0,1.0,0.0,0.0,0.0,0.0,0.0
5,3,0.0,0.0,0.0,1.0,0.0,0.0,0.0,0.0,0.0
5,3,0.0,0.0,0.0,1.0,0.0,0.0,0.0,0.0,0.0
5,3,0.0,0.0,0.0,1.0,0.0,0.0,0.0,0.0,0.0
5,3,0.0,0.0,0.0,1.0,0.0,0.0,0.0,0.0,0.0
5,3,0.0,0.0,0.0,1.0,0.0,0.0,0.0,0.0,0.0
5,3,0.0,0.0,0.0,1.0,0.0,0.0,0.0,0.0,0.0
5,3,0.0,0.0,0.0,1.0,0.0,0.0,0.0,0.0,0.0
5,3,0.0,0.0,0.0,1.0,0.0,0.0,0.0,0.0,0.0
5,3,0.0,0.0,0.0,1.0,0.0,0.0,0.0,0.0,0.0
5,3,0.0,0.0,0.0,1.0,0.0,0.0,0.0,0.0,0.0
5,3,0.0,0.0,0.0,1.0,0.0,0.0,0.0,0.0,0.0
5,3,0.0,0.0,0.0,1.0,0.0,0.0,0.0,0.0,0.0
5,3,0.0,0.0,0.0,1.0,0.0,0.0,0.0,0.0,0.0
5,3,0.0,0.0,0.0,1.0,0.0,0.0,0.0,0.0,0.0
5,3,0.0,0.0,0.0,1.0,0.0,0.0,0.0,0.0,0.0
5,3,0.0,0.0,0.0,1.0,0.0,0.0,0.0,0.0,0.0
5,3,0.0,0.0,0.0,1.0,0.0,0.0,0.0,0.0,0.0
5,3,0.0,0.0,0.0,1.0,0.0,0.0,0.0,0.0,0.0
5,3,0.0,0.0,0.0,1.0,0.0,0.0,0.0,0.0,0.0
5,3,0.0,0.0,0.0,1.0,0.0,0.0,0.0,0.0,0.0
5,3,0.0,0.0,0.0,1.0,0.0,0.0,0.0,0.0,0.0
5,3,0.0,0.0,0.0,1.0,0.0,0.0,0.0,0.0,0.0
5,3,0.0,0.0,0.0,1.0,0.0,0.0,0.0,0.0,0.0
5,3,0.0,0.0,0.0,1.0,0.0,0.0,0.0,0.0,0.0
5,3,0.0,0.0,0.0,1.0,0.0,0.0,0.0,0.0,0.0
5,3,0.0,0.0,0.0,1.0,0.0,0.0,0.0,0.0,0.0
5,3,0.0,0.0,0.0,1.0,0.0,0.0,0.0,0.0,0.0
5,3,0.0,0.0,0.0,1.0,0.0,0.0,0.0,0.0,0.0
5,3,0.0,0.0,0.0,1.0,0.0,0.0,0.0,0.0,0.0
5,3,0.0,0.0,0.0,1.0,0.0,0.0,0.0,0.0,0.0
5,3,0.0,0.0,0.0,1.0,0.0,0.0,0.0,0.0,0.0
5,3,0.0,0.0,0.0,1.0,0.0,0.0,0.0,0.0,0.0
5,3,0.0,0.0,0.0,1.0,0.0,0.0,0.0,0.0,0.0
5,3,0.0,0.0,0.0,1.0,0.0,0.0,0.0,0.0,0.0
5,3,0.0,0.0,0.0,1.0,0.0,0.0,0.0,0.0,0.0
5,3,0.0,0.0,0.0,1.0,0.0,0.0,0.0,0.0,0.0
5,3,0.0,0.0,0.0,1.0,0.0,0.0,0.0,0.0,0.0
5,3,0.0,0.0,0.0,1.0,0.0,0.0,0.0,0.0,0.0
5,3,0.0,0.0,0.0,1.0,0.0,0.0,0.0,0.0,0.0
5,3,0.0,0.0,0.0,1.0,0.0,0.0,0.0,0.0,0.0
5,3,0.0,0.0,0.0,1.0,0.0,0.0,0.0,0.0,0.0
5,3,0.0,0.0,0.0,1.0,0.0,0.0,0.0,0.0,0.0
5,3,0.0,0.0,0.0,1.0,0.0,0.0,0.0,0.0,0.0
5,3,0.0,0.0,0.0,1.0,0.0,0.0,0.0,0.0,0.0
5,3,0.0,0.0,0.0,1.0,0.0,0.0,0.0,0.0,0.0
5,3,0.0,0.0,0.0,1.0,0.0,0.0,0.0,0.0,0.0
5,3,0.0,0.0,0.0,1.0,0.0,0.0,0.0,0.0,0.0
5,3,0.0,0.0,0.0,1.0,0.0,0.0,0.0,0.0,0.0
5,3,0.0,0.0,0.0,1.0,0.0,0.0,0.0,0.0,0.0
5,3,0.0,0.0,0.0,1.0,0.0,0.0,0.0,0.0,0.0
5,3,0.0,0.0,0.0,1.0,0.0,0.0,0.0,0.0,0.0
5,3,0.0,0.0,0.0,1.0,0.0,0.0,0.0,0.0,0.0
5,3,0.0,0.0,0.0,1.0,0.0,0.0,0.0,0.0,0.0
5,3,0.0,0.0,0.0,1.0,0.0,0.0,0.0,0.0,0.0
5,3,0.0,0.0,0.0,1.0,0.0,0.0,0.0,0.0,0.0
5,3,0.0,0.0,0.0,1.0,0.0,0.0,0.0,0.0,0.0
5,3,0.0,0.0,0.0,1.0,0.0,0.0,0.0,0.0,0.0
5,3,0.0,0.0,0.0,1.0,0.0,0.0,0.0,0.0,0.0
5,3,0.0,0.0,0.0,1.0,0.0,0.0,0.0,0.0,0.0
5,3,0.0,0.0,0.0,1.0,0.0,0.0,0.0,0.0,0.0
5,3,0.0,0.0,0.0,1.0,0.0,0.0,0.0,0.0,0.0
5,3,0.0,0.0,0.0,1.0,0.0,0.0,0.0,0.0,0.0
5,3,0.0,0.0,0.0,1.0,0.0,0.0,0.0,0.0,0.0
5,3,0.0,0.0,0.0,1.0,0.0,0.0,0.0,0.0,0.0
5,3,0.0,0.0,0.0,1.0,0.0,0.0,0.0,0.0,0.0
5,3,0.0,0.0,0.0,1.0,0.0,0.0,0.0,0.0,0.0
5,3,0.0,0.0,0.0,1.0,0.0,0.0,0.0,0.0,0.0
5,3,0.0,0.0,0.0,1.0,0.0,0.0,0.0,0.0,0.0
5,3,0.0,0.0,0.0,1.0,0.0,0.0,0.0,0.0,0.0
5,3,0.0,0.0,0.0,1.0,0.0,0.0,0.0,0.0,0.0
5,3,0.0,0.0,0.0,1.0,0.0,0.0,0.0,0.0,0.0
5,3,0.0,0.0,0.0,1.0,0.0,0.0,0.0,0.0,0.0
5,3,0.0,0.0,0.0,1.0,0.0,0.0,0.0,0.0,0.0
5,3,0.0,0.0,0.0,1.0,0.0,0.0,0.0,0.0,0.0
5,3,0.0,0.0,0.0,1.0,0.0,0.0,0.0,0.0,0.0
5,3,0.0,0.0,0.0,1.0,0.0,0.0,0.0,0.0,0.0
5,3,0.0,0.0,0.0,1.0,0.0,0.0,0.0,0.0,0.0
5,3,0.0,0.0,0.0,1.0,0.0,0.0,0.0,0.0,0.0
5,3,0.0,0.0,0.0,1.0,0.0,0.0,0.0,0.0,0.0
5,3,0.0,0.0,0.0,1.0,0.0,0.0,0.0,0.0,0.0
5,3,0.0,0.0,0.0,1.0,0.0,0.0,0.0,0.0,0.0
5,3,0.0,0.0,0.0,1.0,0.0,0.0,0.0,0.0,0.0
5,3,0.0,0.0,0.0,1.0,0.0,0.0,0.0,0.0,0.0
5,3,0.0,0.0,0.0,1.0,0.0,0.0,0.0,0.0,0.0
5,3,0.0,0.0,0.0,1.0,0.0,0.0,0.0,0.0,0.0
5,3,0.0,0.0,0.0,1.0,0.0,0.0,0.0,0.0,0.0
5,3,0.0,0.0,0.0,1.0,0.0,0.0,0.0,0.0,0.0
5,3,0.0,0.0,0.0,1.0,0.0,0.0,0.0,0.0,0.0
5,3,0.0,0.07109144,0.0,0.9289085,0.0,0.0,0.0,0.0,0.0
5,3,0.0,0.07109144,0.0,0.9289085,0.0,0.0,0.0,0.0,0.0
5,3,0.0,0.07109144,0.0,0.9289085,0.0,0.0,0.0,0.0,0.0
5,3,0.0,0.07109144,0.0,0.9289085,0.0,0.0,0.0,0.0,0.0
5,3,0.0,0.07109144,0.0,0.9289085,0.0,0.0,0.0,0.0,0.0
5,3,0.0,0.07109144,0.0,0.9289085,0.0,0.0,0.0,0.0,0.0
5,3,0.0,0.07109144,0.0,0.9289085,0.0,0.0,0.0,0.0,0.0
5,3,0.0,0.07109144,0.0,0.9289085,0.0,0.0,0.0,0.0,0.0
5,3,0.0,0.07109144,0.0,0.9289085,0.0,0.0,0.0,0.0,0.0
5,3,0.0,0.07109144,0.0,0.9289085,0.0,0.0,0.0,0.0,0.0
5,3,0.0,0.07109144,0.0,0.9289085,0.0,0.0,0.0,0.0,0.0
5,3,0.0,0.07109144,0.0,0.9289085,0.0,0.0,0.0,0.0,0.0
5,3,0.0,0.07109144,0.0,0.9289085,0.0,0.0,0.0,0.0,0.0
5,3,0.0,0.07109144,0.0,0.9289085,0.0,0.0,0.0,0.0,0.0
5,3,0.0,0.07109144,0.0,0.9289085,0.0,0.0,0.0,0.0,0.0
5,3,0.0,0.07109144,0.0,0.9289085,0.0,0.0,0.0,0.0,0.0
5,3,0.0,0.07109144,0.0,0.9289085,0.0,0.0,0.0,0.0,0.0
5,3,0.0,0.07109144,0.0,0.9289085,0.0,0.0,0.0,0.0,0.0
5,3,0.0,0.07109144,0.0,0.9289085,0.0,0.0,0.0,0.0,0.0
5,3,0.0,0.07109144,0.0,0.9289085,0.0,0.0,0.0,0.0,0.0
5,3,0.0,0.07109144,0.0,0.9289085,0.0,0.0,0.0,0.0,0.0
5,3,0.0,0.07109144,0.0,0.9289085,0.0,0.0,0.0,0.0,0.0
5,3,0.0,0.07109144,0.0,0.9289085,0.0,0.0,0.0,0.0,0.0
5,3,0.0,0.07109144,0.0,0.9289085,0.0,0.0,0.0,0.0,0.0
5,3,0.0,0.07109144,0.0,0.9289085,0.0,0.0,0.0,0.0,0.0
5,3,0.0,0.07109144,0.0,0.9289085,0.0,0.0,0.0,0.0,0.0
5,3,0.0,0.07109144,0.0,0.9289085,0.0,0.0,0.0,0.0,0.0
5,3,0.0,0.07109144,0.0,0.9289085,0.0,0.0,0.0,0.0,0.0
5,3,0.0,0.07109144,0.0,0.9289085,0.0,0.0,0.0,0.0,0.0
5,3,0.0,0.07109144,0.0,0.9289085,0.0,0.0,0.0,0.0,0.0
5,3,0.0,0.07109144,0.0,0.9289085,0.0,0.0,0.0,0.0,0.0
5,3,0.0,0.07109144,0.0,0.9289085,0.0,0.0,0.0,0.0,0.0
5,3,0.0,0.07109144,0.0,0.9289085,0.0,0.0,0.0,0.0,0.0
5,3,0.0,0.07109144,0.0,0.9289085,0.0,0.0,0.0,0.0,0.0
5,3,0.0,0.07109144,0.0,0.9289085,0.0,0.0,0.0,0.0,0.0
5,3,0.0,0.07109144,0.0,0.9289085,0.0,0.0,0.0,0.0,0.0
5,3,0.0,0.07109144,0.0,0.9289085,0.0,0.0,0.0,0.0,0.0
5,3,0.0,0.07109144,0.0,0.9289085,0.0,0.0,0.0,0.0,0.0
5,3,0.0,0.07109144,0.0,0.9289085,0.0,0.0,0.0,0.0,0.0
5,3,0.0,0.07109144,0.0,0.9289085,0.0,0.0,0.0,0.0,0.0
5,3,0.0,0.07109144,0.0,0.9289085,0.0,0.0,0.0,0.0,0.0
5,3,0.0,0.07109144,0.0,0.9289085,0.0,0.0,0.0,0.0,0.0
5,3,0.0,0.07109144,0.0,0.9289085,0.0,0.0,0.0,0.0,0.0
5,3,0.0,0.07109144,0.0,0.9289085,0.0,0.0,0.0,0.0,0.0
5,3,0.0,0.07109144,0.0,0.9289085,0.0,0.0,0.0,0.0,0.0
5,3,0.0,0.07109144,0.0,0.9289085,0.0,0.0,0.0,0.0,0.0
5,3,0.0,0.07109144,0.0,0.9289085,0.0,0.0,0.0,0.0,0.0
5,3,0.0,0.07109144,0.0,0.9289085,0.0,0.0,0.0,0.0,0.0
5,3,0.0,0.07109144,0.0,0.9289085,0.0,0.0,0.0,0.0,0.0
5,3,0.0,0.07109144,0.0,0.9289085,0.0,0.0,0.0,0.0,0.0
5,3,0.0,0.07109144,0.0,0.9289085,0.0,0.0,0.0,0.0,0.0
5,3,0.0,0.07109144,0.0,0.9289085,0.0,0.0,0.0,0.0,0.0
5,3,0.0,0.07109144,0.0,0.9289085,0.0,0.0,0.0,0.0,0.0
5,3,0.0,0.07109144,0.0,0.9289085,0.0,0.0,0.0,0.0,0.0
5,3,0.0,0.07109144,0.0,0.9289085,0.0,0.0,0.0,0.0,0.0
5,3,0.0,0.07109144,0.0,0.9289085,0.0,0.0,0.0,0.0,0.0
5,3,0.0,0.07109144,0.0,0.9289085,0.0,0.0,0.0,0.0,0.0
5,3,0.0,0.07109144,0.0,0.9289085,0.0,0.0,0.0,0.0,0.0
5,3,0.0,0.07109144,0.0,0.9289085,0.0,0.0,0.0,0.0,0.0
5,3,0.0,0.07109144,0.0,0.9289085,0.0,0.0,0.0,0.0,0.0
5,3,0.0,0.07109144,0.0,0.9289085,0.0,0.0,0.0,0.0,0.0
5,3,0.0,0.07109144,0.0,0.9289085,0.0,0.0,0.0,0.0,0.0
5,3,0.0,0.07109144,0.0,0.9289085,0.0,0.0,0.0,0.0,0.0
5,3,0.0,0.07109144,0.0,0.9289085,0.0,0.0,0.0,0.0,0.0
5,3,0.0,0.07109144,0.0,0.9289085,0.0,0.0,0.0,0.0,0.0
5,3,0.0,0.07109144,0.0,0.9289085,0.0,0.0,0.0,0.0,0.0
5,3,0.0,0.07109144,0.0,0.9289085,0.0,0.0,0.0,0.0,0.0
5,3,0.0,0.07109144,0.0,0.9289085,0.0,0.0,0.0,0.0,0.0
5,3,0.0,0.07109144,0.0,0.9289085,0.0,0.0,0.0,0.0,0.0
5,3,0.0,0.07109144,0.0,0.9289085,0.0,0.0,0.0,0.0,0.0
5,3,0.0,0.07109144,0.0,0.9289085,0.0,0.0,0.0,0.0,0.0
5,3,0.0,0.07109144,0.0,0.9289085,0.0,0.0,0.0,0.0,0.0
5,3,0.0,0.07109144,0.0,0.9289085,0.0,0.0,0.0,0.0,0.0
5,3,0.0,0.07109144,0.0,0.9289085,0.0,0.0,0.0,0.0,0.0
5,3,0.0,0.07109144,0.0,0.9289085,0.0,0.0,0.0,0.0,0.0
5,3,0.0,0.07109144,0.0,0.9289085,0.0,0.0,0.0,0.0,0.0
5,3,0.0,0.07109144,0.0,0.9289085,0.0,0.0,0.0,0.0,0.0
5,3,0.0,0.07109144,0.0,0.9289085,0.0,0.0,0.0,0.0,0.0
5,3,0.0,0.07109144,0.0,0.9289085,0.0,0.0,0.0,0.0,0.0
5,3,0.0,0.07109144,0.0,0.9289085,0.0,0.0,0.0,0.0,0.0
5,3,0.0,0.07109144,0.0,0.9289085,0.0,0.0,0.0,0.0,0.0
5,3,0.0,0.07109144,0.0,0.9289085,0.0,0.0,0.0,0.0,0.0
5,3,0.0,0.07109144,0.0,0.9289085,0.0,0.0,0.0,0.0,0.0
5,3,0.0,0.07109144,0.0,0.9289085,0.0,0.0,0.0,0.0,0.0
5,3,0.0,0.07109144,0.0,0.9289085,0.0,0.0,0.0,0.0,0.0
5,3,0.0,0.07109144,0.0,0.9289085,0.0,0.0,0.0,0.0,0.0
5,3,0.0,0.07109144,0.0,0.9289085,0.0,0.0,0.0,0.0,0.0
5,3,0.0,0.07109144,0.0,0.9289085,0.0,0.0,0.0,0.0,0.0
5,3,0.0,0.07109144,0.0,0.9289085,0.0,0.0,0.0,0.0,0.0
5,3,0.0,0.07109144,0.0,0.9289085,0.0,0.0,0.0,0.0,0.0
5,3,0.0,0.07109144,0.0,0.9289085,0.0,0.0,0.0,0.0,0.0
5,3,0.0,0.07109144,0.0,0.9289085,0.0,0.0,0.0,0.0,0.0
5,3,0.0,0.07109144,0.0,0.9289085,0.0,0.0,0.0,0.0,0.0
5,3,0.0,0.07109144,0.0,0.9289085,0.0,0.0,0.0,0.0,0.0
5,3,0.0,0.07109144,0.0,0.9289085,0.0,0.0,0.0,0.0,0.0
5,3,0.0,0.07109144,0.0,0.9289085,0.0,0.0,0.0,0.0,0.0
5,3,0.0,0.07109144,0.0,0.9289085,0.0,0.0,0.0,0.0,0.0
5,3,0.0,0.07109144,0.0,0.9289085,0.0,0.0,0.0,0.0,0.0
5,3,0.0,0.07109144,0.0,0.9289085,0.0,0.0,0.0,0.0,0.0
5,3,0.0,0.07109144,0.0,0.9289085,0.0,0.0,0.0,0.0,0.0
5,3,0.0,0.07109144,0.0,0.9289085,0.0,0.0,0.0,0.0,0.0
5,3,0.0,0.07109144,0.0,0.9289085,0.0,0.0,0.0,0.0,0.0
5,3,0.0,0.07109144,0.0,0.9289085,0.0,0.0,0.0,0.0,0.0
5,3,0.0,0.07109144,0.0,0.9289085,0.0,0.0,0.0,0.0,0.0
5,3,0.0,0.07109144,0.0,0.9289085,0.0,0.0,0.0,0.0,0.0
5,3,0.0,0.07109144,0.0,0.9289085,0.0,0.0,0.0,0.0,0.0
5,3,0.0,0.07109144,0.0,0.9289085,0.0,0.0,0.0,0.0,0.0
5,3,0.0,0.07109144,0.0,0.9289085,0.0,0.0,0.0,0.0,0.0
5,3,0.0,0.07109144,0.0,0.9289085,0.0,0.0,0.0,0.0,0.0
5,3,0.0,0.07109144,0.0,0.9289085,0.0,0.0,0.0,0.0,0.0
5,3,0.0,0.07109144,0.0,0.9289085,0.0,0.0,0.0,0.0,0.0
5,3,0.0,0.07109144,0.0,0.9289085,0.0,0.0,0.0,0.0,0.0
5,3,0.0,0.07109144,0.0,0.9289085,0.0,0.0,0.0,0.0,0.0
5,3,0.0,0.07109144,0.0,0.9289085,0.0,0.0,0.0,0.0,0.0
5,3,0.0,0.07109144,0.0,0.9289085,0.0,0.0,0.0,0.0,0.0
5,3,0.0,0.07109144,0.0,0.9289085,0.0,0.0,0.0,0.0,0.0
5,3,0.0,0.07109144,0.0,0.9289085,0.0,0.0,0.0,0.0,0.0
5,3,0.0,0.07109144,0.0,0.9289085,0.0,0.0,0.0,0.0,0.0
5,3,0.0,0.07109144,0.0,0.9289085,0.0,0.0,0.0,0.0,0.0
5,3,0.0,0.07109144,0.0,0.9289085,0.0,0.0,0.0,0.0,0.0
5,3,0.0,0.07109144,0.0,0.9289085,0.0,0.0,0.0,0.0,0.0
5,3,0.0,0.07109144,0.0,0.9289085,0.0,0.0,0.0,0.0,0.0
5,3,0.0,0.07109144,0.0,0.9289085,0.0,0.0,0.0,0.0,0.0
5,3,0.0,0.07109144,0.0,0.9289085,0.0,0.0,0.0,0.0,0.0
5,3,0.0,0.07109144,0.0,0.9289085,0.0,0.0,0.0,0.0,0.0
5,3,0.0,0.07109144,0.0,0.9289085,0.0,0.0,0.0,0.0,0.0
5,3,0.0,0.07109144,0.0,0.9289085,0.0,0.0,0.0,0.0,0.0
5,3,0.0,0.07109144,0.0,0.9289085,0.0,0.0,0.0,0.0,0.0
5,3,0.0,0.07109144,0.0,0.9289085,0.0,0.0,0.0,0.0,0.0
5,3,0.0,0.07109144,0.0,0.9289085,0.0,0.0,0.0,0.0,0.0
5,3,0.0,0.07109144,0.0,0.9289085,0.0,0.0,0.0,0.0,0.0
5,3,0.0,0.07109144,0.0,0.9289085,0.0,0.0,0.0,0.0,0.0
5,3,0.0,0.07109144,0.0,0.9289085,0.0,0.0,0.0,0.0,0.0
5,3,0.0,0.07109144,0.0,0.9289085,0.0,0.0,0.0,0.0,0.0
5,3,0.0,0.07109144,0.0,0.9289085,0.0,0.0,0.0,0.0,0.0
5,3,0.0,0.07109144,0.0,0.9289085,0.0,0.0,0.0,0.0,0.0
5,3,0.0,0.07109144,0.0,0.9289085,0.0,0.0,0.0,0.0,0.0
5,3,0.0,0.07109144,0.0,0.9289085,0.0,0.0,0.0,0.0,0.0
5,3,0.0,0.07109144,0.0,0.9289085,0.0,0.0,0.0,0.0,0.0
5,3,0.0,0.07109144,0.0,0.9289085,0.0,0.0,0.0,0.0,0.0
5,3,0.0,0.07109144,0.0,0.9289085,0.0,0.0,0.0,0.0,0.0
5,3,0.0,0.07109144,0.0,0.9289085,0.0,0.0,0.0,0.0,0.0
5,3,0.0,0.07109144,0.0,0.9289085,0.0,0.0,0.0,0.0,0.0
5,3,0.0,0.07109144,0.0,0.9289085,0.0,0.0,0.0,0.0,0.0
5,3,0.0,0.07109144,0.0,0.9289085,0.0,0.0,0.0,0.0,0.0
5,3,0.0,0.07109144,0.0,0.9289085,0.0,0.0,0.0,0.0,0.0
5,3,0.0,0.07109144,0.0,0.9289085,0.0,0.0,0.0,0.0,0.0
5,3,0.0,0.07109144,0.0,0.9289085,0.0,0.0,0.0,0.0,0.0
5,3,0.0,0.07109144,0.0,0.9289085,0.0,0.0,0.0,0.0,0.0
5,3,0.0,0.07109144,0.0,0.9289085,0.0,0.0,0.0,0.0,0.0
5,3,0.0,0.07109144,0.0,0.9289085,0.0,0.0,0.0,0.0,0.0
5,3,0.0,0.07109144,0.0,0.9289085,0.0,0.0,0.0,0.0,0.0
5,3,0.0,0.07109144,0.0,0.9289085,0.0,0.0,0.0,0.0,0.0
5,3,0.0,0.07109144,0.0,0.9289085,0.0,0.0,0.0,0.0,0.0
5,3,0.0,0.07109144,0.0,0.9289085,0.0,0.0,0.0,0.0,0.0
5,3,0.0,0.07109144,0.0,0.9289085,0.0,0.0,0.0,0.0,0.0
5,3,0.0,0.07109144,0.0,0.9289085,0.0,0.0,0.0,0.0,0.0
5,3,0.0,0.07109144,0.0,0.9289085,0.0,0.0,0.0,0.0,0.0
5,3,0.0,0.07109144,0.0,0.9289085,0.0,0.0,0.0,0.0,0.0
5,3,0.0,0.07109144,0.0,0.9289085,0.0,0.0,0.0,0.0,0.0
5,3,0.0,0.07109144,0.0,0.9289085,0.0,0.0,0.0,0.0,0.0
5,3,0.0,0.07109144,0.0,0.9289085,0.0,0.0,0.0,0.0,0.0
5,3,0.0,0.07109144,0.0,0.9289085,0.0,0.0,0.0,0.0,0.0
5,3,0.0,0.07109144,0.0,0.9289085,0.0,0.0,0.0,0.0,0.0
5,3,0.0,0.07109144,0.0,0.9289085,0.0,0.0,0.0,0.0,0.0
5,3,0.0,0.07109144,0.0,0.9289085,0.0,0.0,0.0,0.0,0.0
5,3,0.0,0.07109144,0.0,0.9289085,0.0,0.0,0.0,0.0,0.0
5,3,0.0,0.07109144,0.0,0.9289085,0.0,0.0,0.0,0.0,0.0
5,3,0.0,0.07109144,0.0,0.9289085,0.0,0.0,0.0,0.0,0.0
5,3,0.0,0.07109144,0.0,0.9289085,0.0,0.0,0.0,0.0,0.0
5,3,0.0,0.07109144,0.0,0.9289085,0.0,0.0,0.0,0.0,0.0
5,3,0.0,0.07109144,0.0,0.9289085,0.0,0.0,0.0,0.0,0.0
5,3,0.0,0.07109144,0.0,0.9289085,0.0,0.0,0.0,0.0,0.0
5,3,0.0,0.07109144,0.0,0.9289085,0.0,0.0,0.0,0.0,0.0
5,3,0.0,0.07109144,0.0,0.9289085,0.0,0.0,0.0,0.0,0.0
5,3,0.0,0.07109144,0.0,0.9289085,0.0,0.0,0.0,0.0,0.0
5,3,0.0,0.07109144,0.0,0.9289085,0.0,0.0,0.0,0.0,0.0
5,3,0.0,0.07109144,0.0,0.9289085,0.0,0.0,0.0,0.0,0.0
5,3,0.0,0.07109144,0.0,0.9289085,0.0,0.0,0.0,0.0,0.0
5,3,0.0,0.07109144,0.0,0.9289085,0.0,0.0,0.0,0.0,0.0
5,3,0.0,0.07109144,0.0,0.9289085,0.0,0.0,0.0,0.0,0.0
5,3,0.0,0.07109144,0.0,0.9289085,0.0,0.0,0.0,0.0,0.0
5,3,0.0,0.07109144,0.0,0.9289085,0.0,0.0,0.0,0.0,0.0
5,3,0.0,0.07109144,0.0,0.9289085,0.0,0.0,0.0,0.0,0.0
5,3,0.0,0.07109144,0.0,0.9289085,0.0,0.0,0.0,0.0,0.0
5,3,0.0,0.07109144,0.0,0.9289085,0.0,0.0,0.0,0.0,0.0
5,3,0.0,0.07109144,0.0,0.9289085,0.0,0.0,0.0,0.0,0.0
5,3,0.0,0.07109144,0.0,0.9289085,0.0,0.0,0.0,0.0,0.0
5,3,0.0,0.07109144,0.0,0.9289085,0.0,0.0,0.0,0.0,0.0
5,3,0.0,0.07109144,0.0,0.9289085,0.0,0.0,0.0,0.0,0.0
5,3,0.0,0.07109144,0.0,0.9289085,0.0,0.0,0.0,0.0,0.0
5,3,0.0,0.07109144,0.0,0.9289085,0.0,0.0,0.0,0.0,0.0
5,3,0.0,0.07109144,0.0,0.9289085,0.0,0.0,0.0,0.0,0.0
5,3,0.0,0.07109144,0.0,0.9289085,0.0,0.0,0.0,0.0,0.0
5,3,0.0,0.07109144,0.0,0.9289085,0.0,0.0,0.0,0.0,0.0
5,3,0.0,0.07109144,0.0,0.9289085,0.0,0.0,0.0,0.0,0.0
5,3,0.0,0.07109144,0.0,0.9289085,0.0,0.0,0.0,0.0,0.0
5,3,0.0,0.07109144,0.0,0.9289085,0.0,0.0,0.0,0.0,0.0
5,3,0.0,0.07109144,0.0,0.9289085,0.0,0.0,0.0,0.0,0.0
5,3,0.0,0.07109144,0.0,0.9289085,0.0,0.0,0.0,0.0,0.0
5,3,0.0,0.07109144,0.0,0.9289085,0.0,0.0,0.0,0.0,0.0
5,3,0.0,0.07109144,0.0,0.9289085,0.0,0.0,0.0,0.0,0.0
5,3,0.0,0.07109144,0.0,0.9289085,0.0,0.0,0.0,0.0,0.0
5,3,0.0,0.07109144,0.0,0.9289085,0.0,0.0,0.0,0.0,0.0
5,3,0.0,0.07109144,0.0,0.9289085,0.0,0.0,0.0,0.0,0.0
5,3,0.0,0.07109144,0.0,0.9289085,0.0,0.0,0.0,0.0,0.0
5,3,0.06917775,0.07109144,0.0,0.8597308,0.0,0.0,0.0,0.0,0.0
5,3,0.06917775,0.07109144,0.0,0.8597308,0.0,0.0,0.0,0.0,0.0
5,3,0.06917775,0.07109144,0.0,0.8597308,0.0,0.0,0.0,0.0,0.0
5,3,0.06917775,0.07109144,0.0,0.8597308,0.0,0.0,0.0,0.0,0.0
5,3,0.06917775,0.07109144,0.0,0.8597308,0.0,0.0,0.0,0.0,0.0
5,3,0.06917775,0.07109144,0.0,0.8597308,0.0,0.0,0.0,0.0,0.0
5,3,0.06917775,0.07109144,0.0,0.8597308,0.0,0.0,0.0,0.0,0.0
5,3,0.06917775,0.07109144,0.0,0.8597308,0.0,0.0,0.0,0.0,0.0
5,3,0.06917775,0.07109144,0.0,0.8597308,0.0,0.0,0.0,0.0,0.0
5,3,0.06917775,0.07109144,0.0,0.8597308,0.0,0.0,0.0,0.0,0.0
5,3,0.06917775,0.07109144,0.0,0.8597308,0.0,0.0,0.0,0.0,0.0
5,3,0.06917775,0.07109144,0.0,0.8597308,0.0,0.0,0.0,0.0,0.0
5,3,0.06917775,0.07109144,0.0,0.8597308,0.0,0.0,0.0,0.0,0.0
5,3,0.06917775,0.07109144,0.0,0.8597308,0.0,0.0,0.0,0.0,0.0
5,3,0.06917775,0.07109144,0.0,0.8597308,0.0,0.0,0.0,0.0,0.0
5,3,0.06917775,0.07109144,0.0,0.8597308,0.0,0.0,0.0,0.0,0.0
5,3,0.06917775,0.07109144,0.0,0.8597308,0.0,0.0,0.0,0.0,0.0
5,3,0.06917775,0.07109144,0.0,0.8597308,0.0,0.0,0.0,0.0,0.0
5,3,0.06917775,0.07109144,0.0,0.8597308,0.0,0.0,0.0,0.0,0.0
5,3,0.06917775,0.07109144,0.0,0.8597308,0.0,0.0,0.0,0.0,0.0
5,3,0.06917775,0.07109144,0.0,0.8597308,0.0,0.0,0.0,0.0,0.0
5,3,0.06917775,0.07109144,0.0,0.8597308,0.0,0.0,0.0,0.0,0.0
5,3,0.06917775,0.07109144,0.0,0.8597308,0.0,0.0,0.0,0.0,0.0
5,3,0.06917775,0.07109144,0.0,0.8597308,0.0,0.0,0.0,0.0,0.0
5,3,0.06917775,0.07109144,0.0,0.8597308,0.0,0.0,0.0,0.0,0.0
5,3,0.06917775,0.07109144,0.0,0.8597308,0.0,0.0,0.0,0.0,0.0
5,3,0.06917775,0.07109144,0.0,0.8597308,0.0,0.0,0.0,0.0,0.0
5,3,0.06917775,0.07109144,0.0,0.8597308,0.0,0.0,0.0,0.0,0.0
5,3,0.06917775,0.07109144,0.0,0.8597308,0.0,0.0,0.0,0.0,0.0
5,3,0.06917775,0.07109144,0.0,0.8597308,0.0,0.0,0.0,0.0,0.0
5,3,0.06917775,0.07109144,0.0,0.8597308,0.0,0.0,0.0,0.0,0.0
5,3,0.06917775,0.07109144,0.0,0.8597308,0.0,0.0,0.0,0.0,0.0
5,3,0.06917775,0.07109144,0.0,0.8597308,0.0,0.0,0.0,0.0,0.0
5,3,0.06917775,0.07109144,0.0,0.8597308,0.0,0.0,0.0,0.0,0.0
5,3,0.06917775,0.07109144,0.0,0.8597308,0.0,0.0,0.0,0.0,0.0
5,3,0.06917775,0.07109144,0.0,0.8597308,0.0,0.0,0.0,0.0,0.0
5,3,0.06917775,0.07109144,0.0,0.8597308,0.0,0.0,0.0,0.0,0.0
5,3,0.06917775,0.07109144,0.0,0.8597308,0.0,0.0,0.0,0.0,0.0
5,3,0.06917775,0.07109144,0.0,0.8597308,0.0,0.0,0.0,0.0,0.0
5,3,0.06917775,0.07109144,0.0,0.8597308,0.0,0.0,0.0,0.0,0.0
5,3,0.06917775,0.07109144,0.0,0.8597308,0.0,0.0,0.0,0.0,0.0
5,3,0.06917775,0.07109144,0.0,0.8597308,0.0,0.0,0.0,0.0,0.0
5,3,0.06917775,0.07109144,0.0,0.8597308,0.0,0.0,0.0,0.0,0.0
5,3,0.06917775,0.07109144,0.0,0.8597308,0.0,0.0,0.0,0.0,0.0
5,3,0.06917775,0.07109144,0.0,0.8597308,0.0,0.0,0.0,0.0,0.0
5,3,0.06917775,0.07109144,0.0,0.8597308,0.0,0.0,0.0,0.0,0.0
5,3,0.06917775,0.07109144,0.0,0.8597308,0.0,0.0,0.0,0.0,0.0
5,3,0.06917775,0.07109144,0.0,0.8597308,0.0,0.0,0.0,0.0,0.0
5,3,0.06917775,0.07109144,0.0,0.8597308,0.0,0.0,0.0,0.0,0.0
5,3,0.06917775,0.07109144,0.0,0.8597308,0.0,0.0,0.0,0.0,0.0
5,3,0.06917775,0.07109144,0.0,0.8597308,0.0,0.0,0.0,0.0,0.0
5,3,0.06917775,0.07109144,0.0,0.8597308,0.0,0.0,0.0,0.0,0.0
5,3,0.06917775,0.07109144,0.0,0.8597308,0.0,0.0,0.0,0.0,0.0
5,3,0.06917775,0.07109144,0.0,0.8597308,0.0,0.0,0.0,0.0,0.0
5,3,0.06917775,0.07109144,0.0,0.8597308,0.0,0.0,0.0,0.0,0.0
5,3,0.06917775,0.07109144,0.0,0.8597308,0.0,0.0,0.0,0.0,0.0
5,3,0.06917775,0.07109144,0.0,0.8597308,0.0,0.0,0.0,0.0,0.0
5,3,0.06917775,0.07109144,0.0,0.8597308,0.0,0.0,0.0,0.0,0.0
5,3,0.06917775,0.07109144,0.0,0.8597308,0.0,0.0,0.0,0.0,0.0
5,3,0.06917775,0.07109144,0.0,0.8597308,0.0,0.0,0.0,0.0,0.0
5,3,0.12814428,0.071091436,0.0,0.80076426,0.0,0.0,0.0,0.0,0.0
5,3,0.12814428,0.071091436,0.0,0.80076426,0.0,0.0,0.0,0.0,0.0
5,3,0.12814428,0.071091436,0.0,0.80076426,0.0,0.0,0.0,0.0,0.0
5,3,0.12814428,0.071091436,0.0,0.80076426,0.0,0.0,0.0,0.0,0.0
5,3,0.12814428,0.071091436,0.0,0.80076426,0.0,0.0,0.0,0.0,0.0
5,3,0.12814428,0.071091436,0.0,0.80076426,0.0,0.0,0.0,0.0,0.0
5,3,0.12814428,0.071091436,0.0,0.80076426,0.0,0.0,0.0,0.0,0.0
5,3,0.12814428,0.071091436,0.0,0.80076426,0.0,0.0,0.0,0.0,0.0
5,3,0.12814428,0.071091436,0.0,0.80076426,0.0,0.0,0.0,0.0,0.0
5,3,0.12814428,0.071091436,0.0,0.80076426,0.0,0.0,0.0,0.0,0.0
5,3,0.12814428,0.071091436,0.0,0.80076426,0.0,0.0,0.0,0.0,0.0
5,3,0.12814428,0.071091436,0.0,0.80076426,0.0,0.0,0.0,0.0,0.0
5,3,0.12814428,0.071091436,0.0,0.80076426,0.0,0.0,0.0,0.0,0.0
5,3,0.12814428,0.071091436,0.0,0.80076426,0.0,0.0,0.0,0.0,0.0
5,3,0.12814428,0.071091436,0.0,0.80076426,0.0,0.0,0.0,0.0,0.0
5,3,0.12814428,0.071091436,0.0,0.80076426,0.0,0.0,0.0,0.0,0.0
5,3,0.12814428,0.071091436,0.0,0.80076426,0.0,0.0,0.0,0.0,0.0
5,3,0.12814428,0.071091436,0.0,0.80076426,0.0,0.0,0.0,0.0,0.0
5,3,0.12814428,0.071091436,0.0,0.80076426,0.0,0.0,0.0,0.0,0.0
5,3,0.12814428,0.071091436,0.0,0.80076426,0.0,0.0,0.0,0.0,0.0
5,3,0.12814428,0.071091436,0.0,0.80076426,0.0,0.0,0.0,0.0,0.0
5,3,0.12814428,0.071091436,0.0,0.80076426,0.0,0.0,0.0,0.0,0.0
5,3,0.12814428,0.071091436,0.0,0.80076426,0.0,0.0,0.0,0.0,0.0
5,3,0.12814428,0.071091436,0.0,0.80076426,0.0,0.0,0.0,0.0,0.0
5,3,0.12814428,0.071091436,0.0,0.80076426,0.0,0.0,0.0,0.0,0.0
5,3,0.12814428,0.071091436,0.0,0.80076426,0.0,0.0,0.0,0.0,0.0
5,3,0.12814428,0.071091436,0.0,0.80076426,0.0,0.0,0.0,0.0,0.0
5,3,0.12814428,0.071091436,0.0,0.80076426,0.0,0.0,0.0,0.0,0.0
5,3,0.12814428,0.071091436,0.0,0.80076426,0.0,0.0,0.0,0.0,0.0
5,3,0.12814428,0.071091436,0.0,0.80076426,0.0,0.0,0.0,0.0,0.0
5,3,0.12814428,0.071091436,0.0,0.80076426,0.0,0.0,0.0,0.0,0.0
5,3,0.12814428,0.071091436,0.0,0.80076426,0.0,0.0,0.0,0.0,0.0
5,3,0.12814428,0.071091436,0.0,0.80076426,0.0,0.0,0.0,0.0,0.0
5,3,0.12814428,0.071091436,0.0,0.80076426,0.0,0.0,0.0,0.0,0.0
5,3,0.12814428,0.071091436,0.0,0.80076426,0.0,0.0,0.0,0.0,0.0
5,3,0.12814428,0.071091436,0.0,0.80076426,0.0,0.0,0.0,0.0,0.0
5,3,0.12814428,0.071091436,0.0,0.80076426,0.0,0.0,0.0,0.0,0.0
5,3,0.12814428,0.071091436,0.0,0.80076426,0.0,0.0,0.0,0.0,0.0
5,3,0.12814428,0.071091436,0.0,0.80076426,0.0,0.0,0.0,0.0,0.0
5,3,0.12814428,0.071091436,0.0,0.80076426,0.0,0.0,0.0,0.0,0.0
5,3,0.12814428,0.071091436,0.0,0.80076426,0.0,0.0,0.0,0.0,0.0
5,3,0.12814428,0.071091436,0.0,0.80076426,0.0,0.0,0.0,0.0,0.0
5,3,0.19923571,0.0,0.0,0.80076426,0.0,0.0,0.0,0.0,0.0
5,3,0.19923571,0.0,0.0,0.80076426,0.0,0.0,0.0,0.0,0.0
5,3,0.19923571,0.0,0.0,0.80076426,0.0,0.0,0.0,0.0,0.0
5,3,0.19923571,0.0,0.0,0.80076426,0.0,0.0,0.0,0.0,0.0
5,3,0.19923571,0.0,0.0,0.80076426,0.0,0.0,0.0,0.0,0.0
5,3,0.19923571,0.0,0.0,0.80076426,0.0,0.0,0.0,0.0,0.0
5,3,0.19923571,0.0,0.0,0.7454806,0.0,0.0,0.0,0.05528368,0.0
5,3,0.19923571,0.0,0.0,0.7454806,0.0,0.0,0.0,0.05528368,0.0
5,3,0.19923571,0.0,0.0,0.7454806,0.0,0.0,0.0,0.05528368,0.0
5,3,0.19923571,0.0,0.0,0.7454806,0.0,0.0,0.0,0.05528368,0.0
5,3,0.19923571,0.0,0.0,0.7454806,0.0,0.0,0.0,0.05528368,0.0
5,3,0.19923571,0.0,0.0,0.7454806,0.0,0.0,0.0,0.05528368,0.0
5,3,0.19923571,0.0,0.0,0.7454806,0.0,0.0,0.0,0.05528368,0.0
5,3,0.19923571,0.0,0.0,0.7454806,0.0,0.0,0.0,0.05528368,0.0
5,3,0.19923571,0.0,0.0,0.7454806,0.0,0.0,0.0,0.05528368,0.0
5,3,0.19923571,0.0,0.0,0.7454806,0.0,0.0,0.0,0.05528368,0.0
5,3,0.19923571,0.0,0.0,0.7454806,0.0,0.0,0.0,0.05528368,0.0
5,3,0.19923571,0.0,0.0,0.7454806,0.0,0.0,0.0,0.05528368,0.0
5,3,0.19923571,0.0,0.0,0.7454806,0.0,0.0,0.0,0.05528368,0.0
5,3,0.19923571,0.0,0.0,0.7454806,0.0,0.0,0.0,0.05528368,0.0
5,3,0.19923571,0.0,0.0,0.7454806,0.0,0.0,0.0,0.05528368,0.0
5,3,0.19923571,0.0,0.0,0.7454806,0.0,0.0,0.0,0.05528368,0.0
5,3,0.19923571,0.0,0.0,0.7454806,0.0,0.0,0.0,0.05528368,0.0
5,3,0.19923571,0.0,0.0,0.7454806,0.0,0.0,0.0,0.05528368,0.0
5,3,0.19923571,0.0,0.0,0.7454806,0.0,0.0,0.0,0.05528368,0.0
5,3,0.19923571,0.0,0.0,0.7454806,0.0,0.0,0.0,0.05528368,0.0
5,3,0.19923571,0.0,0.0,0.7454806,0.0,0.0,0.0,0.05528368,0.0
5,3,0.19923571,0.0,0.0,0.7454806,0.0,0.0,0.0,0.05528368,0.0
5,3,0.19923571,0.0,0.0,0.7454806,0.0,0.0,0.0,0.05528368,0.0
5,3,0.19923571,0.0,0.0,0.7454806,0.0,0.0,0.0,0.05528368,0.0
5,3,0.19923571,0.0,0.0,0.7454806,0.0,0.0,0.0,0.05528368,0.0
5,3,0.19923571,0.0,0.0,0.7454806,0.0,0.0,0.0,0.05528368,0.0
5,3,0.19923571,0.0,0.0,0.7454806,0.0,0.0,0.0,0.05528368,0.0
5,3,0.19923571,0.0,0.0,0.7454806,0.0,0.0,0.0,0.05528368,0.0
5,3,0.19923571,0.0,0.0,0.7454806,0.0,0.0,0.0,0.05528368,0.0
5,3,0.19923571,0.0,0.0,0.7454806,0.0,0.0,0.0,0.05528368,0.0
5,3,0.19923571,0.0,0.0,0.7454806,0.0,0.0,0.0,0.05528368,0.0
5,3,0.19923571,0.0,0.0,0.7454806,0.0,0.0,0.0,0.05528368,0.0
5,3,0.19923572,0.05916933,0.0,0.6863113,0.0,0.0,0.0,0.055283684,0.0
5,3,0.19923572,0.05916933,0.0,0.6863113,0.0,0.0,0.0,0.055283684,0.0
5,3,0.19923572,0.05916933,0.0,0.6863113,0.0,0.0,0.0,0.055283684,0.0
5,3,0.19923572,0.05916933,0.0,0.6863113,0.0,0.0,0.0,0.055283684,0.0
5,3,0.19923572,0.05916933,0.0,0.6863113,0.0,0.0,0.0,0.055283684,0.0
5,3,0.19923572,0.05916933,0.0,0.6863113,0.0,0.0,0.0,0.055283684,0.0
5,3,0.19923572,0.05916933,0.0,0.6863113,0.0,0.0,0.0,0.055283684,0.0
5,3,0.19923572,0.05916933,0.0,0.6863113,0.0,0.0,0.0,0.055283684,0.0
5,3,0.19923572,0.05916933,0.0,0.6863113,0.0,0.0,0.0,0.055283684,0.0
5,3,0.19923572,0.05916933,0.0,0.6863113,0.0,0.0,0.0,0.055283684,0.0
5,3,0.19923572,0.05916933,0.0,0.6863113,0.0,0.0,0.0,0.055283684,0.0
5,3,0.19923572,0.05916933,0.0,0.6863113,0.0,0.0,0.0,0.055283684,0.0
5,3,0.19923572,0.05916933,0.0,0.6863113,0.0,0.0,0.0,0.055283684,0.0
5,3,0.19923572,0.05916933,0.0,0.6863113,0.0,0.0,0.0,0.055283684,0.0
5,3,0.19923572,0.05916933,0.0,0.6863113,0.0,0.0,0.0,0.055283684,0.0
5,3,0.19923572,0.05916933,0.0,0.6863113,0.0,0.0,0.0,0.055283684,0.0
5,3,0.19923572,0.05916933,0.0,0.6863113,0.0,0.0,0.0,0.055283684,0.0
5,3,0.19923572,0.05916933,0.0,0.6863113,0.0,0.0,0.0,0.055283684,0.0
5,3,0.19923572,0.05916933,0.0,0.6863113,0.0,0.0,0.0,0.055283684,0.0
5,3,0.19923572,0.05916933,0.0,0.6863113,0.0,0.0,0.0,0.055283684,0.0
5,3,0.19923572,0.05916933,0.0,0.6863113,0.0,0.0,0.0,0.055283684,0.0
5,3,0.19923572,0.05916933,0.0,0.6863113,0.0,0.0,0.0,0.055283684,0.0
5,3,0.19923572,0.05916933,0.0,0.6863113,0.0,0.0,0.0,0.055283684,0.0
5,3,0.19923572,0.05916933,0.0,0.6863113,0.0,0.0,0.0,0.055283684,0.0
5,3,0.19923572,0.05916933,0.0,0.6863113,0.0,0.0,0.0,0.055283684,0.0
5,3,0.19923572,0.05916933,0.0,0.6863113,0.0,0.0,0.0,0.055283684,0.0
5,3,0.19923572,0.05916933,0.0,0.6863113,0.0,0.0,0.0,0.055283684,0.0
5,3,0.19923572,0.05916933,0.0,0.6863113,0.0,0.0,0.0,0.055283684,0.0
5,3,0.19923572,0.05916933,0.0,0.6863113,0.0,0.0,0.0,0.055283684,0.0
5,3,0.19923572,0.05916933,0.0,0.6863113,0.0,0.0,0.0,0.055283684,0.0
5,3,0.19923572,0.05916933,0.0,0.6863113,0.0,0.0,0.0,0.055283684,0.0
5,3,0.19923572,0.05916933,0.0,0.6863113,0.0,0.0,0.0,0.055283684,0.0
5,3,0.19923572,0.05916933,0.0,0.6863113,0.0,0.0,0.0,0.055283684,0.0
5,3,0.19923572,0.05916933,0.0,0.6863113,0.0,0.0,0.0,0.055283684,0.0
5,3,0.19923572,0.05916933,0.0,0.6863113,0.0,0.0,0.0,0.055283684,0.0
5,3,0.19923572,0.05916933,0.0,0.6863113,0.0,0.0,0.0,0.055283684,0.0
5,3,0.19923572,0.05916933,0.0,0.6863113,0.0,0.0,0.0,0.055283684,0.0
5,3,0.19923572,0.05916933,0.0,0.6863113,0.0,0.0,0.0,0.055283684,0.0
5,3,0.19923572,0.05916933,0.0,0.6863113,0.0,0.0,0.0,0.055283684,0.0
5,3,0.19923572,0.05916933,0.0,0.6863113,0.0,0.0,0.0,0.055283684,0.0
5,3,0.19923572,0.05916933,0.0,0.6863113,0.0,0.0,0.0,0.055283684,0.0
5,3,0.19923572,0.05916933,0.0,0.6863113,0.0,0.0,0.0,0.055283684,0.0
5,3,0.19923572,0.05916933,0.0,0.6863113,0.0,0.0,0.0,0.055283684,0.0
5,3,0.19923572,0.05916933,0.0,0.6863113,0.0,0.0,0.0,0.055283684,0.0
5,3,0.19923572,0.05916933,0.0,0.6863113,0.0,0.0,0.0,0.055283684,0.0
5,3,0.19923572,0.05916933,0.0,0.6863113,0.0,0.0,0.0,0.055283684,0.0
5,3,0.19923572,0.05916933,0.0,0.6863113,0.0,0.0,0.0,0.055283684,0.0
5,3,0.19923572,0.05916933,0.0,0.6863113,0.0,0.0,0.0,0.055283684,0.0
5,3,0.19923572,0.05916933,0.0,0.6863113,0.0,0.0,0.0,0.055283684,0.0
5,3,0.19923572,0.05916933,0.0,0.6863113,0.0,0.0,0.0,0.055283684,0.0
5,3,0.19923572,0.05916933,0.0,0.6863113,0.0,0.0,0.0,0.055283684,0.0
5,3,0.19923572,0.05916933,0.0,0.6863113,0.0,0.0,0.0,0.055283684,0.0
5,3,0.19923572,0.05916933,0.0,0.6863113,0.0,0.0,0.0,0.055283684,0.0
5,3,0.19923572,0.05916933,0.0,0.6863113,0.0,0.0,0.0,0.055283684,0.0
5,3,0.19923572,0.05916933,0.0,0.6863113,0.0,0.0,0.0,0.055283684,0.0
5,3,0.19923572,0.05916933,0.0,0.6863113,0.0,0.0,0.0,0.055283684,0.0
5,3,0.19923572,0.05916933,0.0,0.6863113,0.0,0.0,0.0,0.055283684,0.0
5,3,0.19923572,0.05916933,0.0,0.6863113,0.0,0.0,0.0,0.055283684,0.0
5,3,0.19923572,0.05916933,0.0,0.6863113,0.0,0.0,0.0,0.055283684,0.0
5,3,0.19923572,0.05916933,0.0,0.6863113,0.0,0.0,0.0,0.055283684,0.0
5,3,0.19923572,0.05916933,0.0,0.6863113,0.0,0.0,0.0,0.055283684,0.0
5,3,0.19923572,0.05916933,0.0,0.6863113,0.0,0.0,0.0,0.055283684,0.0
5,3,0.19923572,0.05916933,0.0,0.6863113,0.0,0.0,0.0,0.055283684,0.0
5,3,0.19923572,0.05916933,0.0,0.6863113,0.0,0.0,0.0,0.055283684,0.0
5,3,0.19923572,0.05916933,0.0,0.6863113,0.0,0.0,0.0,0.055283684,0.0
5,3,0.19923572,0.05916933,0.0,0.6863113,0.0,0.0,0.0,0.055283684,0.0
5,3,0.19923572,0.05916933,0.0,0.6863113,0.0,0.0,0.0,0.055283684,0.0
5,3,0.19923572,0.05916933,0.0,0.6863113,0.0,0.0,0.0,0.055283684,0.0
5,3,0.19923572,0.05916933,0.0,0.6863113,0.0,0.0,0.0,0.055283684,0.0
5,3,0.19923572,0.05916933,0.0,0.6863113,0.0,0.0,0.0,0.055283684,0.0
5,3,0.19923572,0.05916933,0.0,0.6863113,0.0,0.0,0.0,0.055283684,0.0
5,3,0.19923572,0.05916933,0.0,0.6863113,0.0,0.0,0.0,0.055283684,0.0
5,3,0.19923572,0.05916933,0.0,0.6863113,0.0,0.0,0.0,0.055283684,0.0
5,3,0.19923572,0.05916933,0.0,0.6863113,0.0,0.0,0.0,0.055283684,0.0
5,3,0.19923572,0.05916933,0.0,0.6863113,0.0,0.0,0.0,0.055283684,0.0
5,3,0.19923572,0.05916933,0.0,0.6863113,0.0,0.0,0.0,0.055283684,0.0
5,3,0.19923572,0.05916933,0.0,0.6863113,0.0,0.0,0.0,0.055283684,0.0
5,3,0.19923572,0.05916933,0.0,0.6863113,0.0,0.0,0.0,0.055283684,0.0
5,3,0.19923572,0.05916933,0.0,0.6863113,0.0,0.0,0.0,0.055283684,0.0
5,3,0.19923572,0.05916933,0.0,0.6863113,0.0,0.0,0.0,0.055283684,0.0
5,3,0.19923572,0.05916933,0.0,0.6863113,0.0,0.0,0.0,0.055283684,0.0
5,3,0.19923572,0.05916933,0.0,0.6863113,0.0,0.0,0.0,0.055283684,0.0
5,3,0.19923572,0.05916933,0.0,0.6863113,0.0,0.0,0.0,0.055283684,0.0
5,3,0.19923572,0.05916933,0.0,0.6863113,0.0,0.0,0.0,0.055283684,0.0
5,3,0.19923572,0.05916933,0.0,0.6863113,0.0,0.0,0.0,0.055283684,0.0
5,3,0.19923572,0.05916933,0.0,0.6863113,0.0,0.0,0.0,0.055283684,0.0
5,3,0.19923572,0.05916933,0.0,0.6863113,0.0,0.0,0.0,0.055283684,0.0
5,3,0.19923572,0.05916933,0.0,0.6863113,0.0,0.0,0.0,0.055283684,0.0
5,3,0.13005798,0.059169326,0.0,0.8107727,0.0,0.0,0.0,0.0,0.0
5,3,0.13005798,0.059169326,0.0,0.8107727,0.0,0.0,0.0,0.0,0.0
5,3,0.13005798,0.059169326,0.0,0.8107727,0.0,0.0,0.0,0.0,0.0
5,3,0.13005798,0.059169326,0.0,0.8107727,0.0,0.0,0.0,0.0,0.0
5,3,0.13005798,0.059169326,0.0,0.8107727,0.0,0.0,0.0,0.0,0.0
5,3,0.13005798,0.059169326,0.0,0.8107727,0.0,0.0,0.0,0.0,0.0
5,3,0.13005798,0.059169326,0.0,0.8107727,0.0,0.0,0.0,0.0,0.0
5,3,0.13005798,0.059169326,0.0,0.8107727,0.0,0.0,0.0,0.0,0.0
5,3,0.07109144,0.05916933,0.0,0.86973923,0.0,0.0,0.0,0.0,0.0
5,3,0.07109144,0.05916933,0.0,0.86973923,0.0,0.0,0.0,0.0,0.0
5,3,0.07109144,0.05916933,0.0,0.86973923,0.0,0.0,0.0,0.0,0.0
5,3,0.07109144,0.05916933,0.0,0.86973923,0.0,0.0,0.0,0.0,0.0
5,3,0.07109144,0.05916933,0.0,0.86973923,0.0,0.0,0.0,0.0,0.0
5,3,0.07109144,0.05916933,0.0,0.86973923,0.0,0.0,0.0,0.0,0.0
5,3,0.07109144,0.05916933,0.0,0.86973923,0.0,0.0,0.0,0.0,0.0
5,3,0.07109144,0.05916933,0.0,0.86973923,0.0,0.0,0.0,0.0,0.0
5,3,0.07109144,0.05916933,0.0,0.86973923,0.0,0.0,0.0,0.0,0.0
5,3,0.07109144,0.05916933,0.0,0.86973923,0.0,0.0,0.0,0.0,0.0
5,3,0.07109144,0.05916933,0.0,0.86973923,0.0,0.0,0.0,0.0,0.0
5,3,0.07109144,0.05916933,0.0,0.86973923,0.0,0.0,0.0,0.0,0.0
5,3,0.07109144,0.05916933,0.0,0.86973923,0.0,0.0,0.0,0.0,0.0
5,3,0.07109144,0.05916933,0.0,0.86973923,0.0,0.0,0.0,0.0,0.0
5,3,0.07109144,0.05916933,0.0,0.86973923,0.0,0.0,0.0,0.0,0.0
5,3,0.07109144,0.05916933,0.0,0.86973923,0.0,0.0,0.0,0.0,0.0
5,3,0.13026078,0.0,0.0,0.86973923,0.0,0.0,0.0,0.0,0.0
5,3,0.13026078,0.0,0.0,0.86973923,0.0,0.0,0.0,0.0,0.0
5,3,0.13026078,0.0,0.0,0.86973923,0.0,0.0,0.0,0.0,0.0
5,3,0.13026078,0.0,0.0,0.86973923,0.0,0.0,0.0,0.0,0.0
5,3,0.13026078,0.0,0.0,0.86973923,0.0,0.0,0.0,0.0,0.0
5,3,0.13026078,0.0,0.0,0.86973923,0.0,0.0,0.0,0.0,0.0
5,3,0.13026078,0.0,0.0,0.86973923,0.0,0.0,0.0,0.0,0.0
5,3,0.13026078,0.0,0.0,0.86973923,0.0,0.0,0.0,0.0,0.0
5,3,0.13026078,0.0,0.0,0.86973923,0.0,0.0,0.0,0.0,0.0
5,3,0.13026078,0.0,0.0,0.86973923,0.0,0.0,0.0,0.0,0.0
5,3,0.13026078,0.0,0.0,0.86973923,0.0,0.0,0.0,0.0,0.0
5,3,0.13026078,0.0,0.0,0.86973923,0.0,0.0,0.0,0.0,0.0
5,3,0.13026078,0.0,0.0,0.86973923,0.0,0.0,0.0,0.0,0.0
5,3,0.13026078,0.0,0.0,0.86973923,0.0,0.0,0.0,0.0,0.0
5,3,0.13026078,0.0,0.0,0.86973923,0.0,0.0,0.0,0.0,0.0
5,3,0.13026078,0.0,0.0,0.86973923,0.0,0.0,0.0,0.0,0.0
5,3,0.13026078,0.0,0.0,0.86973923,0.0,0.0,0.0,0.0,0.0
5,3,0.13026078,0.0,0.0,0.86973923,0.0,0.0,0.0,0.0,0.0
5,3,0.13026078,0.0,0.0,0.86973923,0.0,0.0,0.0,0.0,0.0
5,3,0.13026078,0.0,0.0,0.86973923,0.0,0.0,0.0,0.0,0.0
5,3,0.13026078,0.0,0.0,0.86973923,0.0,0.0,0.0,0.0,0.0
5,3,0.13026078,0.0,0.0,0.86973923,0.0,0.0,0.0,0.0,0.0
5,3,0.13026078,0.0,0.0,0.86973923,0.0,0.0,0.0,0.0,0.0
5,3,0.13026078,0.0,0.0,0.86973923,0.0,0.0,0.0,0.0,0.0
5,3,0.13026078,0.0,0.0,0.86973923,0.0,0.0,0.0,0.0,0.0
5,3,0.13026078,0.0,0.0,0.86973923,0.0,0.0,0.0,0.0,0.0
5,3,0.13026078,0.0,0.0,0.86973923,0.0,0.0,0.0,0.0,0.0
5,3,0.13026078,0.0,0.0,0.86973923,0.0,0.0,0.0,0.0,0.0
5,3,0.13026078,0.0,0.0,0.86973923,0.0,0.0,0.0,0.0,0.0
5,3,0.13026078,0.0,0.0,0.86973923,0.0,0.0,0.0,0.0,0.0
5,3,0.13026078,0.0,0.0,0.86973923,0.0,0.0,0.0,0.0,0.0
5,3,0.13026078,0.0,0.0,0.86973923,0.0,0.0,0.0,0.0,0.0
5,3,0.13026078,0.0,0.0,0.86973923,0.0,0.0,0.0,0.0,0.0
5,3,0.13026078,0.0,0.0,0.86973923,0.0,0.0,0.0,0.0,0.0
5,3,0.13026078,0.0,0.0,0.86973923,0.0,0.0,0.0,0.0,0.0
5,3,0.13026078,0.0,0.0,0.86973923,0.0,0.0,0.0,0.0,0.0
5,3,0.13026078,0.0,0.0,0.86973923,0.0,0.0,0.0,0.0,0.0
5,3,0.13026078,0.0,0.0,0.86973923,0.0,0.0,0.0,0.0,0.0
5,3,0.13026078,0.0,0.0,0.86973923,0.0,0.0,0.0,0.0,0.0
5,3,0.13026078,0.0,0.0,0.86973923,0.0,0.0,0.0,0.0,0.0
5,3,0.13026078,0.0,0.0,0.86973923,0.0,0.0,0.0,0.0,0.0
5,3,0.13026078,0.0,0.0,0.86973923,0.0,0.0,0.0,0.0,0.0
5,3,0.13026078,0.0,0.0,0.86973923,0.0,0.0,0.0,0.0,0.0
5,3,0.13026078,0.0,0.0,0.86973923,0.0,0.0,0.0,0.0,0.0
5,3,0.13026078,0.0,0.0,0.86973923,0.0,0.0,0.0,0.0,0.0
5,3,0.13026078,0.0,0.0,0.86973923,0.0,0.0,0.0,0.0,0.0
5,3,0.13026078,0.0,0.0,0.86973923,0.0,0.0,0.0,0.0,0.0
5,3,0.13026078,0.0,0.0,0.86973923,0.0,0.0,0.0,0.0,0.0
5,3,0.13026078,0.0,0.0,0.86973923,0.0,0.0,0.0,0.0,0.0
5,3,0.13026078,0.0,0.0,0.86973923,0.0,0.0,0.0,0.0,0.0
5,3,0.13026078,0.0,0.0,0.86973923,0.0,0.0,0.0,0.0,0.0
5,3,0.13026078,0.0,0.0,0.86973923,0.0,0.0,0.0,0.0,0.0
5,3,0.13026078,0.0,0.0,0.86973923,0.0,0.0,0.0,0.0,0.0
5,3,0.13026078,0.0,0.0,0.86973923,0.0,0.0,0.0,0.0,0.0
5,3,0.13026078,0.0,0.0,0.86973923,0.0,0.0,0.0,0.0,0.0
5,3,0.13026078,0.0,0.0,0.86973923,0.0,0.0,0.0,0.0,0.0
5,3,0.13026078,0.0,0.0,0.86973923,0.0,0.0,0.0,0.0,0.0
5,3,0.13026078,0.0,0.0,0.86973923,0.0,0.0,0.0,0.0,0.0
5,3,0.13026078,0.0,0.0,0.86973923,0.0,0.0,0.0,0.0,0.0
5,3,0.13026078,0.0,0.0,0.86973923,0.0,0.0,0.0,0.0,0.0
5,3,0.13026078,0.0,0.0,0.86973923,0.0,0.0,0.0,0.0,0.0
5,3,0.13026078,0.0,0.0,0.86973923,0.0,0.0,0.0,0.0,0.0
5,3,0.13026078,0.0,0.0,0.86973923,0.0,0.0,0.0,0.0,0.0
5,3,0.13026078,0.0,0.0,0.86973923,0.0,0.0,0.0,0.0,0.0
5,3,0.13026078,0.0,0.0,0.86973923,0.0,0.0,0.0,0.0,0.0
5,3,0.13026078,0.0,0.0,0.86973923,0.0,0.0,0.0,0.0,0.0
5,3,0.13026078,0.0,0.0,0.86973923,0.0,0.0,0.0,0.0,0.0
5,3,0.13026078,0.0,0.0,0.86973923,0.0,0.0,0.0,0.0,0.0
5,3,0.13026078,0.0,0.0,0.86973923,0.0,0.0,0.0,0.0,0.0
5,3,0.13026078,0.0,0.0,0.86973923,0.0,0.0,0.0,0.0,0.0
5,3,0.13026078,0.0,0.0,0.86973923,0.0,0.0,0.0,0.0,0.0
5,3,0.13026078,0.0,0.0,0.86973923,0.0,0.0,0.0,0.0,0.0
5,3,0.13026078,0.0,0.0,0.86973923,0.0,0.0,0.0,0.0,0.0
5,3,0.13026078,0.0,0.0,0.86973923,0.0,0.0,0.0,0.0,0.0
5,3,0.13026078,0.0,0.0,0.86973923,0.0,0.0,0.0,0.0,0.0
5,3,0.13026078,0.0,0.0,0.86973923,0.0,0.0,0.0,0.0,0.0
5,3,0.13026078,0.0,0.0,0.86973923,0.0,0.0,0.0,0.0,0.0
5,3,0.13026078,0.0,0.0,0.86973923,0.0,0.0,0.0,0.0,0.0
5,3,0.13026078,0.0,0.0,0.86973923,0.0,0.0,0.0,0.0,0.0
5,3,0.13026078,0.0,0.0,0.86973923,0.0,0.0,0.0,0.0,0.0
5,3,0.13026078,0.0,0.0,0.86973923,0.0,0.0,0.0,0.0,0.0
5,3,0.13026078,0.0,0.0,0.86973923,0.0,0.0,0.0,0.0,0.0
5,3,0.13026078,0.0,0.0,0.86973923,0.0,0.0,0.0,0.0,0.0
5,3,0.13026078,0.0,0.0,0.86973923,0.0,0.0,0.0,0.0,0.0
5,3,0.13026078,0.0,0.0,0.86973923,0.0,0.0,0.0,0.0,0.0
5,3,0.13026078,0.0,0.0,0.86973923,0.0,0.0,0.0,0.0,0.0
5,3,0.13026078,0.0,0.0,0.86973923,0.0,0.0,0.0,0.0,0.0
5,3,0.13026078,0.0,0.0,0.86973923,0.0,0.0,0.0,0.0,0.0
5,3,0.13026078,0.0,0.0,0.86973923,0.0,0.0,0.0,0.0,0.0
5,3,0.13026078,0.0,0.0,0.86973923,0.0,0.0,0.0,0.0,0.0
5,3,0.13026078,0.0,0.0,0.86973923,0.0,0.0,0.0,0.0,0.0
5,3,0.13026078,0.0,0.0,0.86973923,0.0,0.0,0.0,0.0,0.0
5,3,0.13026078,0.0,0.0,0.86973923,0.0,0.0,0.0,0.0,0.0
5,3,0.13026078,0.0,0.0,0.86973923,0.0,0.0,0.0,0.0,0.0
5,3,0.13026078,0.0,0.0,0.86973923,0.0,0.0,0.0,0.0,0.0
5,3,0.13026078,0.0,0.0,0.86973923,0.0,0.0,0.0,0.0,0.0
5,3,0.13026078,0.0,0.0,0.86973923,0.0,0.0,0.0,0.0,0.0
5,3,0.13026078,0.0,0.0,0.86973923,0.0,0.0,0.0,0.0,0.0
5,3,0.13026078,0.0,0.0,0.86973923,0.0,0.0,0.0,0.0,0.0
5,3,0.13026078,0.0,0.0,0.86973923,0.0,0.0,0.0,0.0,0.0
5,3,0.13026078,0.0,0.0,0.86973923,0.0,0.0,0.0,0.0,0.0
5,3,0.13026078,0.0,0.0,0.86973923,0.0,0.0,0.0,0.0,0.0
5,3,0.13026078,0.0,0.0,0.86973923,0.0,0.0,0.0,0.0,0.0
5,3,0.13026078,0.0,0.0,0.86973923,0.0,0.0,0.0,0.0,0.0
5,3,0.13026078,0.0,0.0,0.86973923,0.0,0.0,0.0,0.0,0.0
5,3,0.13026078,0.0,0.0,0.86973923,0.0,0.0,0.0,0.0,0.0
5,3,0.13026078,0.0,0.0,0.86973923,0.0,0.0,0.0,0.0,0.0
5,3,0.13026078,0.0,0.0,0.86973923,0.0,0.0,0.0,0.0,0.0
5,3,0.13026078,0.0,0.0,0.86973923,0.0,0.0,0.0,0.0,0.0
5,3,0.13026078,0.0,0.0,0.86973923,0.0,0.0,0.0,0.0,0.0
5,3,0.13026078,0.0,0.0,0.86973923,0.0,0.0,0.0,0.0,0.0
5,3,0.13026078,0.0,0.0,0.86973923,0.0,0.0,0.0,0.0,0.0
5,3,0.13026078,0.0,0.0,0.86973923,0.0,0.0,0.0,0.0,0.0
5,3,0.13026078,0.0,0.0,0.86973923,0.0,0.0,0.0,0.0,0.0
5,3,0.13026078,0.0,0.0,0.86973923,0.0,0.0,0.0,0.0,0.0
5,3,0.13026078,0.0,0.0,0.86973923,0.0,0.0,0.0,0.0,0.0
5,3,0.13026078,0.0,0.0,0.86973923,0.0,0.0,0.0,0.0,0.0
5,3,0.13026078,0.0,0.0,0.86973923,0.0,0.0,0.0,0.0,0.0
5,3,0.13026078,0.0,0.0,0.86973923,0.0,0.0,0.0,0.0,0.0
5,3,0.13026078,0.0,0.0,0.86973923,0.0,0.0,0.0,0.0,0.0
5,3,0.13026078,0.0,0.0,0.86973923,0.0,0.0,0.0,0.0,0.0
5,3,0.13026078,0.0,0.0,0.86973923,0.0,0.0,0.0,0.0,0.0
5,3,0.13026078,0.0,0.0,0.86973923,0.0,0.0,0.0,0.0,0.0
5,3,0.13026078,0.0,0.0,0.86973923,0.0,0.0,0.0,0.0,0.0
5,3,0.13026078,0.0,0.0,0.86973923,0.0,0.0,0.0,0.0,0.0
5,3,0.13026078,0.0,0.0,0.86973923,0.0,0.0,0.0,0.0,0.0
5,3,0.13026078,0.0,0.0,0.86973923,0.0,0.0,0.0,0.0,0.0
5,3,0.13026078,0.0,0.0,0.86973923,0.0,0.0,0.0,0.0,0.0
5,3,0.13026078,0.0,0.0,0.86973923,0.0,0.0,0.0,0.0,0.0
5,3,0.13026078,0.0,0.0,0.86973923,0.0,0.0,0.0,0.0,0.0
5,3,0.13026078,0.0,0.0,0.86973923,0.0,0.0,0.0,0.0,0.0
5,3,0.13026078,0.0,0.0,0.86973923,0.0,0.0,0.0,0.0,0.0
5,3,0.13026078,0.0,0.0,0.86973923,0.0,0.0,0.0,0.0,0.0
5,3,0.13026078,0.0,0.0,0.86973923,0.0,0.0,0.0,0.0,0.0
5,3,0.13026078,0.0,0.0,0.86973923,0.0,0.0,0.0,0.0,0.0
5,3,0.13026078,0.0,0.0,0.86973923,0.0,0.0,0.0,0.0,0.0
5,3,0.13026078,0.0,0.0,0.86973923,0.0,0.0,0.0,0.0,0.0
5,3,0.13026078,0.0,0.0,0.86973923,0.0,0.0,0.0,0.0,0.0
5,3,0.13026078,0.0,0.0,0.86973923,0.0,0.0,0.0,0.0,0.0
5,3,0.13026078,0.0,0.0,0.86973923,0.0,0.0,0.0,0.0,0.0
5,3,0.13026078,0.0,0.0,0.86973923,0.0,0.0,0.0,0.0,0.0
5,3,0.13026078,0.0,0.0,0.86973923,0.0,0.0,0.0,0.0,0.0
5,3,0.13026078,0.0,0.0,0.86973923,0.0,0.0,0.0,0.0,0.0
5,3,0.13026078,0.0,0.0,0.86973923,0.0,0.0,0.0,0.0,0.0
5,3,0.13026078,0.0,0.0,0.86973923,0.0,0.0,0.0,0.0,0.0
5,3,0.13026078,0.0,0.0,0.86973923,0.0,0.0,0.0,0.0,0.0
5,3,0.13026078,0.0,0.0,0.86973923,0.0,0.0,0.0,0.0,0.0
5,3,0.13026078,0.0,0.0,0.86973923,0.0,0.0,0.0,0.0,0.0
5,3,0.13026078,0.0,0.0,0.86973923,0.0,0.0,0.0,0.0,0.0
5,3,0.13026078,0.0,0.0,0.86973923,0.0,0.0,0.0,0.0,0.0
5,3,0.13026078,0.0,0.0,0.86973923,0.0,0.0,0.0,0.0,0.0
5,3,0.13026078,0.0,0.0,0.86973923,0.0,0.0,0.0,0.0,0.0
5,3,0.13026078,0.0,0.0,0.86973923,0.0,0.0,0.0,0.0,0.0
5,3,0.13026078,0.0,0.0,0.86973923,0.0,0.0,0.0,0.0,0.0
5,3,0.13026078,0.0,0.0,0.86973923,0.0,0.0,0.0,0.0,0.0
5,3,0.13026078,0.0,0.0,0.86973923,0.0,0.0,0.0,0.0,0.0
5,3,0.13026078,0.0,0.0,0.86973923,0.0,0.0,0.0,0.0,0.0
5,3,0.13026078,0.0,0.0,0.86973923,0.0,0.0,0.0,0.0,0.0
5,3,0.13026078,0.0,0.0,0.86973923,0.0,0.0,0.0,0.0,0.0
5,3,0.13026078,0.0,0.0,0.86973923,0.0,0.0,0.0,0.0,0.0
5,3,0.13026078,0.0,0.0,0.86973923,0.0,0.0,0.0,0.0,0.0
5,3,0.13026078,0.0,0.0,0.86973923,0.0,0.0,0.0,0.0,0.0
5,3,0.13026078,0.0,0.0,0.86973923,0.0,0.0,0.0,0.0,0.0
5,3,0.13026078,0.0,0.0,0.86973923,0.0,0.0,0.0,0.0,0.0
5,3,0.13026078,0.0,0.0,0.86973923,0.0,0.0,0.0,0.0,0.0
5,3,0.13026078,0.0,0.0,0.86973923,0.0,0.0,0.0,0.0,0.0
5,3,0.13026078,0.0,0.0,0.86973923,0.0,0.0,0.0,0.0,0.0
5,3,0.13026078,0.0,0.0,0.86973923,0.0,0.0,0.0,0.0,0.0
5,3,0.07109144,0.0,0.0,0.9289085,0.0,0.0,0.0,0.0,0.0
5,3,0.07109144,0.0,0.0,0.9289085,0.0,0.0,0.0,0.0,0.0
5,3,0.07109144,0.0,0.0,0.9289085,0.0,0.0,0.0,0.0,0.0
5,3,0.07109144,0.0,0.0,0.9289085,0.0,0.0,0.0,0.0,0.0
5,3,0.07109144,0.0,0.0,0.9289085,0.0,0.0,0.0,0.0,0.0
5,3,0.07109144,0.0,0.0,0.9289085,0.0,0.0,0.0,0.0,0.0
5,3,0.07109144,0.0,0.0,0.9289085,0.0,0.0,0.0,0.0,0.0
5,3,0.07109144,0.0,0.0,0.9289085,0.0,0.0,0.0,0.0,0.0
5,3,0.07109144,0.0,0.0,0.9289085,0.0,0.0,0.0,0.0,0.0
5,3,0.07109144,0.0,0.0,0.9289085,0.0,0.0,0.0,0.0,0.0
5,3,0.07109144,0.0,0.0,0.9289085,0.0,0.0,0.0,0.0,0.0
5,3,0.07109144,0.0,0.0,0.9289085,0.0,0.0,0.0,0.0,0.0
5,3,0.07109144,0.0,0.0,0.9289085,0.0,0.0,0.0,0.0,0.0
5,3,0.07109144,0.0,0.0,0.9289085,0.0,0.0,0.0,0.0,0.0
5,3,0.07109144,0.0,0.0,0.9289085,0.0,0.0,0.0,0.0,0.0
5,3,0.07109144,0.0,0.0,0.9289085,0.0,0.0,0.0,0.0,0.0
5,3,0.07109144,0.0,0.0,0.9289085,0.0,0.0,0.0,0.0,0.0
5,3,0.07109144,0.0,0.0,0.9289085,0.0,0.0,0.0,0.0,0.0
5,3,0.07109144,0.0,0.0,0.9289085,0.0,0.0,0.0,0.0,0.0
5,3,0.07109144,0.0,0.0,0.9289085,0.0,0.0,0.0,0.0,0.0
5,3,0.07109144,0.0,0.0,0.9289085,0.0,0.0,0.0,0.0,0.0
5,3,0.07109144,0.0,0.0,0.9289085,0.0,0.0,0.0,0.0,0.0
5,3,0.07109144,0.0,0.0,0.9289085,0.0,0.0,0.0,0.0,0.0
5,3,0.07109144,0.0,0.0,0.9289085,0.0,0.0,0.0,0.0,0.0
5,3,0.07109144,0.0,0.0,0.9289085,0.0,0.0,0.0,0.0,0.0
5,3,0.07109144,0.0,0.0,0.9289085,0.0,0.0,0.0,0.0,0.0
5,3,0.07109144,0.0,0.0,0.9289085,0.0,0.0,0.0,0.0,0.0
5,3,0.07109144,0.0,0.0,0.9289085,0.0,0.0,0.0,0.0,0.0
5,3,0.07109144,0.0,0.0,0.9289085,0.0,0.0,0.0,0.0,0.0
5,3,0.07109144,0.0,0.0,0.9289085,0.0,0.0,0.0,0.0,0.0
5,3,0.07109144,0.0,0.0,0.9289085,0.0,0.0,0.0,0.0,0.0
5,3,0.07109144,0.0,0.0,0.9289085,0.0,0.0,0.0,0.0,0.0
5,3,0.07109144,0.0,0.0,0.9289085,0.0,0.0,0.0,0.0,0.0
5,3,0.07109144,0.0,0.0,0.9289085,0.0,0.0,0.0,0.0,0.0
5,3,0.07109144,0.0,0.0,0.9289085,0.0,0.0,0.0,0.0,0.0
5,3,0.07109144,0.0,0.0,0.9289085,0.0,0.0,0.0,0.0,0.0
5,3,0.07109144,0.0,0.0,0.9289085,0.0,0.0,0.0,0.0,0.0
5,3,0.0,0.0,0.0,1.0,0.0,0.0,0.0,0.0,0.0
5,3,0.0,0.0,0.0,1.0,0.0,0.0,0.0,0.0,0.0
5,3,0.0,0.0,0.0,1.0,0.0,0.0,0.0,0.0,0.0
5,3,0.0,0.0,0.0,1.0,0.0,0.0,0.0,0.0,0.0
5,3,0.0,0.0,0.0,1.0,0.0,0.0,0.0,0.0,0.0
5,3,0.0,0.0,0.0,1.0,0.0,0.0,0.0,0.0,0.0
5,3,0.0,0.0,0.0,1.0,0.0,0.0,0.0,0.0,0.0
5,3,0.0,0.0,0.0,1.0,0.0,0.0,0.0,0.0,0.0
5,3,0.0,0.0,0.0,1.0,0.0,0.0,0.0,0.0,0.0
5,3,0.0,0.0,0.0,1.0,0.0,0.0,0.0,0.0,0.0
5,3,0.0,0.0,0.0,1.0,0.0,0.0,0.0,0.0,0.0
5,3,0.0,0.0,0.0,1.0,0.0,0.0,0.0,0.0,0.0
5,3,0.0,0.0,0.0,1.0,0.0,0.0,0.0,0.0,0.0
5,3,0.0,0.0,0.0,1.0,0.0,0.0,0.0,0.0,0.0
5,3,0.0,0.0,0.0,1.0,0.0,0.0,0.0,0.0,0.0
5,3,0.0,0.0,0.0,1.0,0.0,0.0,0.0,0.0,0.0
5,3,0.0,0.0,0.0,1.0,0.0,0.0,0.0,0.0,0.0
5,3,0.0,0.0,0.0,1.0,0.0,0.0,0.0,0.0,0.0
5,3,0.0,0.0,0.0,1.0,0.0,0.0,0.0,0.0,0.0
5,3,0.0,0.0,0.0,1.0,0.0,0.0,0.0,0.0,0.0
5,3,0.0,0.0,0.0,1.0,0.0,0.0,0.0,0.0,0.0
5,3,0.0,0.0,0.0,1.0,0.0,0.0,0.0,0.0,0.0
5,3,0.0,0.0,0.0,1.0,0.0,0.0,0.0,0.0,0.0
5,3,0.0,0.0,0.0,1.0,0.0,0.0,0.0,0.0,0.0
5,3,0.0,0.0,0.0,1.0,0.0,0.0,0.0,0.0,0.0
5,3,0.0,0.0,0.0,1.0,0.0,0.0,0.0,0.0,0.0
5,3,0.0,0.0,0.0,1.0,0.0,0.0,0.0,0.0,0.0
5,3,0.062480014,0.0,0.0,0.93751997,0.0,0.0,0.0,0.0,0.0
5,3,0.062480014,0.0,0.0,0.93751997,0.0,0.0,0.0,0.0,0.0
5,3,0.062480014,0.0,0.0,0.93751997,0.0,0.0,0.0,0.0,0.0
5,3,0.062480014,0.0,0.0,0.93751997,0.0,0.0,0.0,0.0,0.0
5,3,0.062480014,0.0,0.0,0.93751997,0.0,0.0,0.0,0.0,0.0
5,3,0.062480014,0.0,0.0,0.93751997,0.0,0.0,0.0,0.0,0.0
5,3,0.062480014,0.0,0.0,0.93751997,0.0,0.0,0.0,0.0,0.0
5,3,0.062480014,0.0,0.0,0.93751997,0.0,0.0,0.0,0.0,0.0
5,3,0.062480014,0.0,0.0,0.93751997,0.0,0.0,0.0,0.0,0.0
5,3,0.062480014,0.0,0.0,0.93751997,0.0,0.0,0.0,0.0,0.0
5,3,0.062480014,0.0,0.0,0.93751997,0.0,0.0,0.0,0.0,0.0
5,3,0.062480014,0.0,0.0,0.93751997,0.0,0.0,0.0,0.0,0.0
5,3,0.062480014,0.0,0.0,0.93751997,0.0,0.0,0.0,0.0,0.0
5,3,0.062480014,0.0,0.0,0.93751997,0.0,0.0,0.0,0.0,0.0
5,3,0.062480014,0.0,0.0,0.93751997,0.0,0.0,0.0,0.0,0.0
5,3,0.062480014,0.0,0.0,0.93751997,0.0,0.0,0.0,0.0,0.0
5,3,0.062480014,0.0,0.0,0.93751997,0.0,0.0,0.0,0.0,0.0
5,3,0.062480014,0.0,0.0,0.93751997,0.0,0.0,0.0,0.0,0.0
5,3,0.062480014,0.0,0.0,0.93751997,0.0,0.0,0.0,0.0,0.0
5,3,0.062480014,0.0,0.0,0.93751997,0.0,0.0,0.0,0.0,0.0
5,3,0.062480014,0.0,0.0,0.93751997,0.0,0.0,0.0,0.0,0.0
5,3,0.062480014,0.0,0.0,0.93751997,0.0,0.0,0.0,0.0,0.0
5,3,0.062480014,0.0,0.0,0.93751997,0.0,0.0,0.0,0.0,0.0
5,3,0.062480014,0.0,0.0,0.93751997,0.0,0.0,0.0,0.0,0.0
5,3,0.062480014,0.0,0.0,0.93751997,0.0,0.0,0.0,0.0,0.0
5,3,0.062480014,0.0,0.0,0.93751997,0.0,0.0,0.0,0.0,0.0
5,3,0.062480014,0.0,0.0,0.93751997,0.0,0.0,0.0,0.0,0.0
5,3,0.062480014,0.0,0.0,0.93751997,0.0,0.0,0.0,0.0,0.0
5,3,0.062480014,0.0,0.0,0.93751997,0.0,0.0,0.0,0.0,0.0
5,3,0.062480014,0.0,0.0,0.93751997,0.0,0.0,0.0,0.0,0.0
5,3,0.062480014,0.0,0.0,0.93751997,0.0,0.0,0.0,0.0,0.0
5,3,0.062480014,0.0,0.0,0.93751997,0.0,0.0,0.0,0.0,0.0
5,3,0.062480014,0.0,0.0,0.93751997,0.0,0.0,0.0,0.0,0.0
5,3,0.062480014,0.0,0.0,0.93751997,0.0,0.0,0.0,0.0,0.0
5,3,0.062480014,0.0,0.0,0.93751997,0.0,0.0,0.0,0.0,0.0
5,3,0.062480014,0.0,0.0,0.93751997,0.0,0.0,0.0,0.0,0.0
5,3,0.062480014,0.0,0.0,0.93751997,0.0,0.0,0.0,0.0,0.0
5,3,0.062480014,0.0,0.0,0.93751997,0.0,0.0,0.0,0.0,0.0
5,3,0.062480014,0.0,0.0,0.93751997,0.0,0.0,0.0,0.0,0.0
5,3,0.062480014,0.0,0.0,0.93751997,0.0,0.0,0.0,0.0,0.0
5,3,0.062480014,0.0,0.0,0.93751997,0.0,0.0,0.0,0.0,0.0
5,3,0.062480014,0.0,0.0,0.93751997,0.0,0.0,0.0,0.0,0.0
5,3,0.062480014,0.0,0.0,0.93751997,0.0,0.0,0.0,0.0,0.0
5,3,0.062480014,0.0,0.0,0.93751997,0.0,0.0,0.0,0.0,0.0
5,3,0.062480014,0.0,0.0,0.93751997,0.0,0.0,0.0,0.0,0.0
5,3,0.062480014,0.0,0.0,0.93751997,0.0,0.0,0.0,0.0,0.0
5,3,0.062480014,0.0,0.0,0.93751997,0.0,0.0,0.0,0.0,0.0
5,3,0.062480014,0.0,0.0,0.93751997,0.0,0.0,0.0,0.0,0.0
5,3,0.062480014,0.0,0.0,0.93751997,0.0,0.0,0.0,0.0,0.0
5,3,0.062480014,0.0,0.0,0.93751997,0.0,0.0,0.0,0.0,0.0
5,3,0.062480014,0.0,0.0,0.93751997,0.0,0.0,0.0,0.0,0.0
5,3,0.062480014,0.0,0.0,0.93751997,0.0,0.0,0.0,0.0,0.0
5,3,0.062480014,0.0,0.0,0.93751997,0.0,0.0,0.0,0.0,0.0
5,3,0.062480014,0.0,0.0,0.93751997,0.0,0.0,0.0,0.0,0.0
5,3,0.062480014,0.0,0.0,0.93751997,0.0,0.0,0.0,0.0,0.0
5,3,0.062480014,0.0,0.0,0.93751997,0.0,0.0,0.0,0.0,0.0
5,3,0.062480014,0.0,0.0,0.93751997,0.0,0.0,0.0,0.0,0.0
5,3,0.062480014,0.0,0.0,0.93751997,0.0,0.0,0.0,0.0,0.0
5,3,0.062480014,0.0,0.0,0.93751997,0.0,0.0,0.0,0.0,0.0
5,3,0.062480014,0.0,0.0,0.93751997,0.0,0.0,0.0,0.0,0.0
5,3,0.062480014,0.0,0.0,0.93751997,0.0,0.0,0.0,0.0,0.0
5,3,0.062480014,0.0,0.0,0.93751997,0.0,0.0,0.0,0.0,0.0
5,3,0.062480014,0.0,0.0,0.93751997,0.0,0.0,0.0,0.0,0.0
5,3,0.062480014,0.0,0.0,0.93751997,0.0,0.0,0.0,0.0,0.0
5,3,0.062480014,0.0,0.0,0.93751997,0.0,0.0,0.0,0.0,0.0
5,3,0.062480014,0.0,0.0,0.93751997,0.0,0.0,0.0,0.0,0.0
5,3,0.062480014,0.0,0.0,0.93751997,0.0,0.0,0.0,0.0,0.0
5,3,0.062480014,0.0,0.0,0.93751997,0.0,0.0,0.0,0.0,0.0
5,3,0.062480014,0.0,0.0,0.93751997,0.0,0.0,0.0,0.0,0.0
5,3,0.062480014,0.0,0.0,0.93751997,0.0,0.0,0.0,0.0,0.0
5,3,0.062480014,0.0,0.0,0.93751997,0.0,0.0,0.0,0.0,0.0
5,3,0.062480014,0.0,0.0,0.93751997,0.0,0.0,0.0,0.0,0.0
5,3,0.062480014,0.0,0.0,0.93751997,0.0,0.0,0.0,0.0,0.0
5,3,0.062480014,0.0,0.0,0.93751997,0.0,0.0,0.0,0.0,0.0
5,3,0.062480014,0.0,0.0,0.93751997,0.0,0.0,0.0,0.0,0.0
5,3,0.062480014,0.0,0.0,0.93751997,0.0,0.0,0.0,0.0,0.0
5,3,0.062480014,0.0,0.0,0.93751997,0.0,0.0,0.0,0.0,0.0
5,3,0.062480014,0.0,0.0,0.93751997,0.0,0.0,0.0,0.0,0.0
5,3,0.062480014,0.0,0.0,0.93751997,0.0,0.0,0.0,0.0,0.0
5,3,0.062480014,0.0,0.0,0.93751997,0.0,0.0,0.0,0.0,0.0
5,3,0.062480014,0.0,0.0,0.93751997,0.0,0.0,0.0,0.0,0.0
5,3,0.062480014,0.0,0.0,0.93751997,0.0,0.0,0.0,0.0,0.0
5,3,0.062480014,0.0,0.0,0.93751997,0.0,0.0,0.0,0.0,0.0
5,3,0.062480014,0.0,0.0,0.93751997,0.0,0.0,0.0,0.0,0.0
5,3,0.062480014,0.055671494,0.0,0.8818485,0.0,0.0,0.0,0.0,0.0
5,3,0.062480014,0.055671494,0.0,0.8818485,0.0,0.0,0.0,0.0,0.0
5,3,0.062480014,0.055671494,0.0,0.8818485,0.0,0.0,0.0,0.0,0.0
5,3,0.062480014,0.055671494,0.0,0.8818485,0.0,0.0,0.0,0.0,0.0
5,3,0.062480014,0.055671494,0.0,0.8818485,0.0,0.0,0.0,0.0,0.0
5,3,0.062480014,0.055671494,0.0,0.8818485,0.0,0.0,0.0,0.0,0.0
5,3,0.062480014,0.055671494,0.0,0.8818485,0.0,0.0,0.0,0.0,0.0
5,3,0.062480014,0.055671494,0.0,0.8818485,0.0,0.0,0.0,0.0,0.0
5,3,0.062480014,0.055671494,0.0,0.8818485,0.0,0.0,0.0,0.0,0.0
5,3,0.062480014,0.055671494,0.0,0.8818485,0.0,0.0,0.0,0.0,0.0
5,3,0.062480014,0.055671494,0.0,0.8818485,0.0,0.0,0.0,0.0,0.0
5,3,0.062480014,0.055671494,0.0,0.8818485,0.0,0.0,0.0,0.0,0.0
5,3,0.062480014,0.055671494,0.0,0.8818485,0.0,0.0,0.0,0.0,0.0
5,3,0.062480014,0.055671494,0.0,0.8818485,0.0,0.0,0.0,0.0,0.0
5,3,0.062480014,0.055671494,0.0,0.8818485,0.0,0.0,0.0,0.0,0.0
5,3,0.062480014,0.055671494,0.0,0.8818485,0.0,0.0,0.0,0.0,0.0
5,3,0.062480014,0.055671494,0.0,0.8818485,0.0,0.0,0.0,0.0,0.0
5,3,0.062480014,0.055671494,0.0,0.8818485,0.0,0.0,0.0,0.0,0.0
5,3,0.062480014,0.055671494,0.0,0.8818485,0.0,0.0,0.0,0.0,0.0
5,3,0.062480014,0.055671494,0.0,0.8818485,0.0,0.0,0.0,0.0,0.0
5,3,0.062480014,0.055671494,0.0,0.8818485,0.0,0.0,0.0,0.0,0.0
5,3,0.062480014,0.055671494,0.0,0.8818485,0.0,0.0,0.0,0.0,0.0
5,3,0.062480014,0.055671494,0.0,0.8818485,0.0,0.0,0.0,0.0,0.0
5,3,0.062480014,0.055671494,0.0,0.8818485,0.0,0.0,0.0,0.0,0.0
5,3,0.062480014,0.055671494,0.0,0.8818485,0.0,0.0,0.0,0.0,0.0
5,3,0.062480014,0.055671494,0.0,0.8818485,0.0,0.0,0.0,0.0,0.0
5,3,0.062480014,0.055671494,0.0,0.8818485,0.0,0.0,0.0,0.0,0.0
5,3,0.062480014,0.055671494,0.0,0.8818485,0.0,0.0,0.0,0.0,0.0
5,3,0.062480014,0.055671494,0.0,0.8818485,0.0,0.0,0.0,0.0,0.0
5,3,0.062480014,0.055671494,0.0,0.8818485,0.0,0.0,0.0,0.0,0.0
5,3,0.062480014,0.055671494,0.0,0.8818485,0.0,0.0,0.0,0.0,0.0
5,3,0.062480014,0.055671494,0.0,0.8818485,0.0,0.0,0.0,0.0,0.0
5,3,0.062480014,0.055671494,0.0,0.8818485,0.0,0.0,0.0,0.0,0.0
5,3,0.062480014,0.055671494,0.0,0.8818485,0.0,0.0,0.0,0.0,0.0
5,3,0.062480014,0.055671494,0.0,0.8818485,0.0,0.0,0.0,0.0,0.0
5,3,0.062480014,0.055671494,0.0,0.8818485,0.0,0.0,0.0,0.0,0.0
5,3,0.062480014,0.055671494,0.0,0.8818485,0.0,0.0,0.0,0.0,0.0
5,3,0.062480014,0.055671494,0.0,0.8818485,0.0,0.0,0.0,0.0,0.0
5,3,0.062480014,0.055671494,0.0,0.8818485,0.0,0.0,0.0,0.0,0.0
5,3,0.062480014,0.055671494,0.0,0.8818485,0.0,0.0,0.0,0.0,0.0
5,3,0.062480014,0.055671494,0.0,0.8818485,0.0,0.0,0.0,0.0,0.0
5,3,0.062480014,0.055671494,0.0,0.8818485,0.0,0.0,0.0,0.0,0.0
5,3,0.062480014,0.055671494,0.0,0.8818485,0.0,0.0,0.0,0.0,0.0
5,3,0.062480014,0.055671494,0.0,0.8818485,0.0,0.0,0.0,0.0,0.0
5,3,0.0,0.055671494,0.0,0.94432855,0.0,0.0,0.0,0.0,0.0
5,3,0.0,0.055671494,0.0,0.94432855,0.0,0.0,0.0,0.0,0.0
5,3,0.0,0.055671494,0.0,0.94432855,0.0,0.0,0.0,0.0,0.0
5,3,0.0,0.055671494,0.0,0.94432855,0.0,0.0,0.0,0.0,0.0
5,3,0.0,0.055671494,0.0,0.94432855,0.0,0.0,0.0,0.0,0.0
5,3,0.0,0.055671494,0.0,0.94432855,0.0,0.0,0.0,0.0,0.0
5,3,0.0,0.055671494,0.0,0.94432855,0.0,0.0,0.0,0.0,0.0
5,3,0.0,0.055671494,0.0,0.94432855,0.0,0.0,0.0,0.0,0.0
5,3,0.0,0.055671494,0.0,0.94432855,0.0,0.0,0.0,0.0,0.0
5,3,0.0,0.055671494,0.0,0.94432855,0.0,0.0,0.0,0.0,0.0
5,3,0.0,0.055671494,0.0,0.94432855,0.0,0.0,0.0,0.0,0.0
5,3,0.0,0.055671494,0.0,0.94432855,0.0,0.0,0.0,0.0,0.0
5,3,0.0,0.0,0.0,1.0,0.0,0.0,0.0,0.0,0.0
5,3,0.0,0.0,0.0,1.0,0.0,0.0,0.0,0.0,0.0
5,3,0.0,0.0,0.0,1.0,0.0,0.0,0.0,0.0,0.0
5,3,0.0,0.0,0.0,1.0,0.0,0.0,0.0,0.0,0.0
5,3,0.0,0.0,0.0,1.0,0.0,0.0,0.0,0.0,0.0
5,3,0.0,0.0,0.0,1.0,0.0,0.0,0.0,0.0,0.0
5,3,0.0,0.0,0.0,1.0,0.0,0.0,0.0,0.0,0.0
5,3,0.0,0.0,0.0,1.0,0.0,0.0,0.0,0.0,0.0
5,3,0.0,0.0,0.0,1.0,0.0,0.0,0.0,0.0,0.0
5,3,0.0,0.0,0.0,1.0,0.0,0.0,0.0,0.0,0.0
5,3,0.0,0.0,0.0,1.0,0.0,0.0,0.0,0.0,0.0
5,3,0.0,0.0,0.0,1.0,0.0,0.0,0.0,0.0,0.0
5,3,0.0,0.0,0.0,1.0,0.0,0.0,0.0,0.0,0.0
5,3,0.0,0.0,0.0,1.0,0.0,0.0,0.0,0.0,0.0
5,3,0.0,0.0,0.0,1.0,0.0,0.0,0.0,0.0,0.0
5,3,0.0,0.0,0.0,1.0,0.0,0.0,0.0,0.0,0.0
5,3,0.0,0.0,0.0,1.0,0.0,0.0,0.0,0.0,0.0
5,3,0.0,0.0,0.0,1.0,0.0,0.0,0.0,0.0,0.0
5,3,0.0,0.0,0.0,1.0,0.0,0.0,0.0,0.0,0.0
5,3,0.0,0.0,0.0,1.0,0.0,0.0,0.0,0.0,0.0
5,3,0.0,0.0,0.0,1.0,0.0,0.0,0.0,0.0,0.0
5,3,0.0,0.0,0.0,1.0,0.0,0.0,0.0,0.0,0.0
5,3,0.0,0.0,0.0,1.0,0.0,0.0,0.0,0.0,0.0
5,3,0.0,0.0,0.0,1.0,0.0,0.0,0.0,0.0,0.0
5,3,0.0,0.0,0.0,1.0,0.0,0.0,0.0,0.0,0.0
5,3,0.0,0.0,0.0,1.0,0.0,0.0,0.0,0.0,0.0
5,3,0.0,0.0,0.0,1.0,0.0,0.0,0.0,0.0,0.0
5,3,0.0,0.0,0.0,1.0,0.0,0.0,0.0,0.0,0.0
5,3,0.0,0.0,0.0,1.0,0.0,0.0,0.0,0.0,0.0
5,3,0.0,0.0,0.0,1.0,0.0,0.0,0.0,0.0,0.0
5,3,0.0,0.0,0.0,1.0,0.0,0.0,0.0,0.0,0.0
5,3,0.0,0.0,0.0,1.0,0.0,0.0,0.0,0.0,0.0
5,3,0.0,0.0,0.0,1.0,0.0,0.0,0.0,0.0,0.0
5,3,0.0,0.0,0.0,1.0,0.0,0.0,0.0,0.0,0.0
5,3,0.0,0.0,0.0,1.0,0.0,0.0,0.0,0.0,0.0
5,3,0.0,0.0,0.0,1.0,0.0,0.0,0.0,0.0,0.0
5,3,0.0,0.0,0.0,1.0,0.0,0.0,0.0,0.0,0.0
5,3,0.0,0.0,0.0,1.0,0.0,0.0,0.0,0.0,0.0
5,3,0.0,0.0,0.0,1.0,0.0,0.0,0.0,0.0,0.0
5,3,0.0,0.0,0.0,1.0,0.0,0.0,0.0,0.0,0.0
5,3,0.0,0.0,0.0,1.0,0.0,0.0,0.0,0.0,0.0
5,3,0.0,0.0,0.0,1.0,0.0,0.0,0.0,0.0,0.0
5,3,0.0,0.0,0.0,1.0,0.0,0.0,0.0,0.0,0.0
5,3,0.0,0.0,0.0,1.0,0.0,0.0,0.0,0.0,0.0
5,3,0.0,0.0,0.0,1.0,0.0,0.0,0.0,0.0,0.0
5,3,0.0,0.0,0.0,1.0,0.0,0.0,0.0,0.0,0.0
5,3,0.0,0.0,0.0,1.0,0.0,0.0,0.0,0.0,0.0
5,3,0.0,0.0,0.0,1.0,0.0,0.0,0.0,0.0,0.0
5,3,0.0,0.0,0.0,1.0,0.0,0.0,0.0,0.0,0.0
5,3,0.0,0.0,0.0,1.0,0.0,0.0,0.0,0.0,0.0
5,3,0.0,0.0,0.0,1.0,0.0,0.0,0.0,0.0,0.0
5,3,0.0,0.0,0.0,1.0,0.0,0.0,0.0,0.0,0.0
5,3,0.0,0.0,0.0,1.0,0.0,0.0,0.0,0.0,0.0
5,3,0.0,0.0,0.0,1.0,0.0,0.0,0.0,0.0,0.0
5,3,0.0,0.0,0.0,1.0,0.0,0.0,0.0,0.0,0.0
5,3,0.0,0.0,0.0,1.0,0.0,0.0,0.0,0.0,0.0
5,3,0.0,0.0,0.0,1.0,0.0,0.0,0.0,0.0,0.0
5,3,0.0,0.0,0.0,1.0,0.0,0.0,0.0,0.0,0.0
5,3,0.0,0.0,0.0,1.0,0.0,0.0,0.0,0.0,0.0
5,3,0.0,0.0,0.0,1.0,0.0,0.0,0.0,0.0,0.0
5,3,0.0,0.0,0.0,1.0,0.0,0.0,0.0,0.0,0.0
5,3,0.0,0.0,0.0,1.0,0.0,0.0,0.0,0.0,0.0
5,3,0.0,0.0,0.0,1.0,0.0,0.0,0.0,0.0,0.0
5,3,0.0,0.0,0.0,1.0,0.0,0.0,0.0,0.0,0.0
5,3,0.0,0.0,0.0,1.0,0.0,0.0,0.0,0.0,0.0
5,3,0.0,0.0,0.0,1.0,0.0,0.0,0.0,0.0,0.0
5,3,0.0,0.0,0.0,1.0,0.0,0.0,0.0,0.0,0.0
5,3,0.0,0.0,0.0,1.0,0.0,0.0,0.0,0.0,0.0
5,3,0.0,0.0,0.0,1.0,0.0,0.0,0.0,0.0,0.0
5,3,0.0,0.0,0.0,1.0,0.0,0.0,0.0,0.0,0.0
5,3,0.0,0.0,0.0,1.0,0.0,0.0,0.0,0.0,0.0
5,3,0.0,0.0,0.0,1.0,0.0,0.0,0.0,0.0,0.0
5,3,0.0,0.0,0.0,1.0,0.0,0.0,0.0,0.0,0.0
5,3,0.0,0.0,0.0,1.0,0.0,0.0,0.0,0.0,0.0
5,3,0.0,0.0,0.0,1.0,0.0,0.0,0.0,0.0,0.0
5,3,0.0,0.0,0.0,1.0,0.0,0.0,0.0,0.0,0.0
5,3,0.0,0.0,0.0,1.0,0.0,0.0,0.0,0.0,0.0
5,3,0.0,0.0,0.0,1.0,0.0,0.0,0.0,0.0,0.0
5,3,0.0,0.0,0.0,1.0,0.0,0.0,0.0,0.0,0.0
5,3,0.0,0.0,0.0,1.0,0.0,0.0,0.0,0.0,0.0
5,3,0.0,0.0,0.0,1.0,0.0,0.0,0.0,0.0,0.0
5,3,0.0,0.0,0.0,1.0,0.0,0.0,0.0,0.0,0.0
5,3,0.0,0.0,0.0,1.0,0.0,0.0,0.0,0.0,0.0
5,3,0.0,0.0,0.0,1.0,0.0,0.0,0.0,0.0,0.0
5,3,0.0,0.0,0.0,1.0,0.0,0.0,0.0,0.0,0.0
5,3,0.0,0.0,0.0,1.0,0.0,0.0,0.0,0.0,0.0
5,3,0.0,0.0,0.0,1.0,0.0,0.0,0.0,0.0,0.0
5,3,0.0,0.0,0.0,1.0,0.0,0.0,0.0,0.0,0.0
5,3,0.0,0.0,0.0,1.0,0.0,0.0,0.0,0.0,0.0
5,3,0.0,0.0,0.0,1.0,0.0,0.0,0.0,0.0,0.0
5,3,0.0,0.0,0.0,1.0,0.0,0.0,0.0,0.0,0.0
5,3,0.0,0.0,0.0,1.0,0.0,0.0,0.0,0.0,0.0
5,3,0.0,0.0,0.0,1.0,0.0,0.0,0.0,0.0,0.0
5,3,0.0,0.0,0.0,1.0,0.0,0.0,0.0,0.0,0.0
5,3,0.0,0.0,0.0,1.0,0.0,0.0,0.0,0.0,0.0
5,3,0.0,0.0,0.0,1.0,0.0,0.0,0.0,0.0,0.0
5,3,0.0,0.0,0.0,1.0,0.0,0.0,0.0,0.0,0.0
5,3,0.0,0.0,0.0,1.0,0.0,0.0,0.0,0.0,0.0
5,3,0.0,0.0,0.0,1.0,0.0,0.0,0.0,0.0,0.0
5,3,0.0,0.0,0.0,1.0,0.0,0.0,0.0,0.0,0.0
5,3,0.0,0.0,0.0,1.0,0.0,0.0,0.0,0.0,0.0
5,3,0.0,0.0,0.0,1.0,0.0,0.0,0.0,0.0,0.0
5,3,0.0,0.0,0.0,1.0,0.0,0.0,0.0,0.0,0.0
5,3,0.0,0.0,0.0,1.0,0.0,0.0,0.0,0.0,0.0
5,3,0.0,0.0,0.0,1.0,0.0,0.0,0.0,0.0,0.0
5,3,0.0,0.0,0.0,1.0,0.0,0.0,0.0,0.0,0.0
5,3,0.0,0.0,0.0,1.0,0.0,0.0,0.0,0.0,0.0
5,3,0.0,0.0,0.0,1.0,0.0,0.0,0.0,0.0,0.0
5,3,0.0,0.0,0.0,1.0,0.0,0.0,0.0,0.0,0.0
5,3,0.0,0.0,0.0,1.0,0.0,0.0,0.0,0.0,0.0
5,3,0.0,0.0,0.0,1.0,0.0,0.0,0.0,0.0,0.0
5,3,0.0,0.0,0.0,1.0,0.0,0.0,0.0,0.0,0.0
5,3,0.0,0.0,0.0,1.0,0.0,0.0,0.0,0.0,0.0
5,3,0.0,0.0,0.0,1.0,0.0,0.0,0.0,0.0,0.0
5,3,0.0,0.0,0.0,1.0,0.0,0.0,0.0,0.0,0.0
5,3,0.0,0.0,0.0,1.0,0.0,0.0,0.0,0.0,0.0
5,3,0.0,0.0,0.0,1.0,0.0,0.0,0.0,0.0,0.0
5,3,0.0,0.0,0.0,1.0,0.0,0.0,0.0,0.0,0.0
5,3,0.0,0.0,0.0,1.0,0.0,0.0,0.0,0.0,0.0
5,3,0.0,0.0,0.0,1.0,0.0,0.0,0.0,0.0,0.0
5,3,0.0,0.0,0.0,1.0,0.0,0.0,0.0,0.0,0.0
5,3,0.0,0.0,0.0,1.0,0.0,0.0,0.0,0.0,0.0
5,3,0.0,0.0,0.0,1.0,0.0,0.0,0.0,0.0,0.0
5,3,0.0,0.0,0.0,1.0,0.0,0.0,0.0,0.0,0.0
5,3,0.0,0.0,0.0,1.0,0.0,0.0,0.0,0.0,0.0
5,3,0.0,0.0,0.0,1.0,0.0,0.0,0.0,0.0,0.0
5,3,0.0,0.0,0.0,1.0,0.0,0.0,0.0,0.0,0.0
5,3,0.0,0.0,0.0,1.0,0.0,0.0,0.0,0.0,0.0
5,3,0.0,0.0,0.0,1.0,0.0,0.0,0.0,0.0,0.0
5,3,0.0,0.0,0.0,1.0,0.0,0.0,0.0,0.0,0.0
5,3,0.0,0.0,0.0,1.0,0.0,0.0,0.0,0.0,0.0
5,3,0.0,0.0,0.0,1.0,0.0,0.0,0.0,0.0,0.0
5,3,0.0,0.0,0.0,1.0,0.0,0.0,0.0,0.0,0.0
5,3,0.0,0.0,0.0,1.0,0.0,0.0,0.0,0.0,0.0
5,3,0.0,0.0,0.0,1.0,0.0,0.0,0.0,0.0,0.0
5,3,0.0,0.0,0.0,1.0,0.0,0.0,0.0,0.0,0.0
5,3,0.0,0.0,0.0,1.0,0.0,0.0,0.0,0.0,0.0
5,3,0.0,0.0,0.0,1.0,0.0,0.0,0.0,0.0,0.0
5,3,0.0,0.0,0.0,1.0,0.0,0.0,0.0,0.0,0.0
5,3,0.0,0.0,0.0,1.0,0.0,0.0,0.0,0.0,0.0
5,3,0.0,0.0,0.0,1.0,0.0,0.0,0.0,0.0,0.0
5,3,0.0,0.0,0.0,1.0,0.0,0.0,0.0,0.0,0.0
5,3,0.0,0.0,0.0,1.0,0.0,0.0,0.0,0.0,0.0
5,3,0.0,0.0,0.0,1.0,0.0,0.0,0.0,0.0,0.0
5,3,0.0,0.0,0.0,1.0,0.0,0.0,0.0,0.0,0.0
5,3,0.0,0.0,0.0,1.0,0.0,0.0,0.0,0.0,0.0
5,3,0.0,0.0,0.0,1.0,0.0,0.0,0.0,0.0,0.0
5,3,0.0,0.0,0.0,1.0,0.0,0.0,0.0,0.0,0.0
5,3,0.0,0.0,0.0,1.0,0.0,0.0,0.0,0.0,0.0
5,3,0.0,0.0,0.0,1.0,0.0,0.0,0.0,0.0,0.0
5,3,0.0,0.0,0.0,1.0,0.0,0.0,0.0,0.0,0.0
5,3,0.0,0.0,0.0,1.0,0.0,0.0,0.0,0.0,0.0
5,3,0.0,0.0,0.0,1.0,0.0,0.0,0.0,0.0,0.0
5,3,0.0,0.0,0.0,1.0,0.0,0.0,0.0,0.0,0.0
5,3,0.0,0.0,0.0,1.0,0.0,0.0,0.0,0.0,0.0
5,3,0.0,0.0,0.0,1.0,0.0,0.0,0.0,0.0,0.0
5,3,0.0,0.0,0.0,1.0,0.0,0.0,0.0,0.0,0.0
5,3,0.0,0.0,0.0,1.0,0.0,0.0,0.0,0.0,0.0
5,3,0.0,0.0,0.0,1.0,0.0,0.0,0.0,0.0,0.0
5,3,0.0,0.0,0.0,1.0,0.0,0.0,0.0,0.0,0.0
5,3,0.0,0.0,0.0,1.0,0.0,0.0,0.0,0.0,0.0
5,3,0.0,0.0,0.0,1.0,0.0,0.0,0.0,0.0,0.0
5,3,0.0,0.0,0.0,1.0,0.0,0.0,0.0,0.0,0.0
5,3,0.0,0.0,0.0,1.0,0.0,0.0,0.0,0.0,0.0
5,3,0.0,0.0,0.0,1.0,0.0,0.0,0.0,0.0,0.0
5,3,0.0,0.0,0.0,1.0,0.0,0.0,0.0,0.0,0.0
5,3,0.0,0.0,0.0,1.0,0.0,0.0,0.0,0.0,0.0
5,3,0.0,0.0,0.0,1.0,0.0,0.0,0.0,0.0,0.0
5,3,0.0,0.0,0.0,1.0,0.0,0.0,0.0,0.0,0.0
5,3,0.0,0.0,0.0,1.0,0.0,0.0,0.0,0.0,0.0
5,3,0.0,0.0,0.0,1.0,0.0,0.0,0.0,0.0,0.0
5,3,0.0,0.0,0.0,1.0,0.0,0.0,0.0,0.0,0.0
5,3,0.0,0.0,0.0,1.0,0.0,0.0,0.0,0.0,0.0
5,3,0.0,0.0,0.0,1.0,0.0,0.0,0.0,0.0,0.0
5,3,0.0,0.0,0.0,1.0,0.0,0.0,0.0,0.0,0.0
5,3,0.0,0.0,0.0,1.0,0.0,0.0,0.0,0.0,0.0
5,3,0.0,0.0,0.0,1.0,0.0,0.0,0.0,0.0,0.0
5,3,0.0,0.0,0.0,1.0,0.0,0.0,0.0,0.0,0.0
5,3,0.0,0.0,0.0,1.0,0.0,0.0,0.0,0.0,0.0
5,3,0.0,0.0,0.0,1.0,0.0,0.0,0.0,0.0,0.0
5,3,0.0,0.0,0.0,1.0,0.0,0.0,0.0,0.0,0.0
5,3,0.0,0.0,0.0,1.0,0.0,0.0,0.0,0.0,0.0
5,3,0.0,0.0,0.0,1.0,0.0,0.0,0.0,0.0,0.0
5,3,0.0,0.0,0.0,1.0,0.0,0.0,0.0,0.0,0.0
5,3,0.0,0.0,0.0,1.0,0.0,0.0,0.0,0.0,0.0
5,3,0.0,0.0,0.0,1.0,0.0,0.0,0.0,0.0,0.0
5,3,0.0,0.0,0.0,1.0,0.0,0.0,0.0,0.0,0.0
5,3,0.0,0.0,0.0,1.0,0.0,0.0,0.0,0.0,0.0
5,3,0.0,0.0,0.0,1.0,0.0,0.0,0.0,0.0,0.0
5,3,0.0,0.0,0.0,1.0,0.0,0.0,0.0,0.0,0.0
5,3,0.0,0.0,0.0,1.0,0.0,0.0,0.0,0.0,0.0
5,3,0.0,0.0,0.0,1.0,0.0,0.0,0.0,0.0,0.0
5,3,0.0,0.0,0.0,1.0,0.0,0.0,0.0,0.0,0.0
5,3,0.0,0.0,0.0,1.0,0.0,0.0,0.0,0.0,0.0
5,3,0.0,0.0,0.0,1.0,0.0,0.0,0.0,0.0,0.0
5,3,0.0,0.0,0.0,1.0,0.0,0.0,0.0,0.0,0.0
5,3,0.0,0.0,0.0,1.0,0.0,0.0,0.0,0.0,0.0
5,3,0.0,0.0,0.0,1.0,0.0,0.0,0.0,0.0,0.0
5,3,0.0,0.0,0.0,1.0,0.0,0.0,0.0,0.0,0.0
5,3,0.0,0.0,0.0,1.0,0.0,0.0,0.0,0.0,0.0
5,3,0.0,0.0,0.0,1.0,0.0,0.0,0.0,0.0,0.0
5,3,0.0,0.0,0.0,1.0,0.0,0.0,0.0,0.0,0.0
5,3,0.0,0.0,0.0,1.0,0.0,0.0,0.0,0.0,0.0
5,3,0.0,0.0,0.0,1.0,0.0,0.0,0.0,0.0,0.0
5,3,0.0,0.0,0.0,1.0,0.0,0.0,0.0,0.0,0.0
5,3,0.0,0.0,0.0,1.0,0.0,0.0,0.0,0.0,0.0
5,3,0.0,0.0,0.0,1.0,0.0,0.0,0.0,0.0,0.0
5,3,0.0,0.0,0.0,1.0,0.0,0.0,0.0,0.0,0.0
5,3,0.0,0.0,0.0,1.0,0.0,0.0,0.0,0.0,0.0
5,3,0.0,0.0,0.0,1.0,0.0,0.0,0.0,0.0,0.0
5,3,0.0,0.0,0.0,1.0,0.0,0.0,0.0,0.0,0.0
5,3,0.0,0.0,0.0,1.0,0.0,0.0,0.0,0.0,0.0
5,3,0.0,0.0,0.0,1.0,0.0,0.0,0.0,0.0,0.0
5,3,0.0,0.0,0.0,1.0,0.0,0.0,0.0,0.0,0.0
5,3,0.0,0.0,0.0,1.0,0.0,0.0,0.0,0.0,0.0
5,3,0.0,0.0,0.0,1.0,0.0,0.0,0.0,0.0,0.0
5,3,0.0,0.0,0.0,1.0,0.0,0.0,0.0,0.0,0.0
5,3,0.0,0.0,0.0,1.0,0.0,0.0,0.0,0.0,0.0
5,3,0.0,0.0,0.0,1.0,0.0,0.0,0.0,0.0,0.0
5,3,0.0,0.0,0.0,1.0,0.0,0.0,0.0,0.0,0.0
5,3,0.0,0.0,0.0,1.0,0.0,0.0,0.0,0.0,0.0
5,3,0.0,0.0,0.0,1.0,0.0,0.0,0.0,0.0,0.0
5,3,0.0,0.0,0.0,1.0,0.0,0.0,0.0,0.0,0.0
5,3,0.0,0.0,0.0,1.0,0.0,0.0,0.0,0.0,0.0
5,3,0.0,0.0,0.0,1.0,0.0,0.0,0.0,0.0,0.0
5,3,0.0,0.0,0.0,1.0,0.0,0.0,0.0,0.0,0.0
5,3,0.0,0.0,0.0,1.0,0.0,0.0,0.0,0.0,0.0
5,3,0.0,0.0,0.0,1.0,0.0,0.0,0.0,0.0,0.0
5,3,0.0,0.0,0.0,1.0,0.0,0.0,0.0,0.0,0.0
5,3,0.0,0.0,0.0,1.0,0.0,0.0,0.0,0.0,0.0
5,3,0.0,0.0,0.0,1.0,0.0,0.0,0.0,0.0,0.0
5,3,0.0,0.0,0.0,1.0,0.0,0.0,0.0,0.0,0.0
5,3,0.0,0.0,0.0,1.0,0.0,0.0,0.0,0.0,0.0
5,3,0.0,0.0,0.0,1.0,0.0,0.0,0.0,0.0,0.0
5,3,0.0,0.0,0.0,1.0,0.0,0.0,0.0,0.0,0.0
5,3,0.0,0.0,0.0,1.0,0.0,0.0,0.0,0.0,0.0
5,3,0.0,0.0,0.0,1.0,0.0,0.0,0.0,0.0,0.0
5,3,0.0,0.0,0.0,1.0,0.0,0.0,0.0,0.0,0.0
5,3,0.0,0.0,0.0,1.0,0.0,0.0,0.0,0.0,0.0
5,3,0.0,0.0,0.0,1.0,0.0,0.0,0.0,0.0,0.0
5,3,0.0,0.0,0.0,1.0,0.0,0.0,0.0,0.0,0.0
5,3,0.0,0.0,0.0,1.0,0.0,0.0,0.0,0.0,0.0
5,3,0.0,0.0,0.0,1.0,0.0,0.0,0.0,0.0,0.0
5,3,0.0,0.0,0.0,1.0,0.0,0.0,0.0,0.0,0.0
5,3,0.0,0.0,0.0,1.0,0.0,0.0,0.0,0.0,0.0
5,3,0.0,0.0,0.0,1.0,0.0,0.0,0.0,0.0,0.0
5,3,0.0,0.0,0.0,1.0,0.0,0.0,0.0,0.0,0.0
5,3,0.0,0.0,0.0,1.0,0.0,0.0,0.0,0.0,0.0
5,3,0.0,0.0,0.0,1.0,0.0,0.0,0.0,0.0,0.0
5,3,0.0,0.0,0.0,1.0,0.0,0.0,0.0,0.0,0.0
5,3,0.0,0.0,0.0,1.0,0.0,0.0,0.0,0.0,0.0
5,3,0.0,0.0,0.0,1.0,0.0,0.0,0.0,0.0,0.0
5,3,0.0,0.0,0.0,1.0,0.0,0.0,0.0,0.0,0.0
5,3,0.0,0.0,0.0,1.0,0.0,0.0,0.0,0.0,0.0
5,3,0.0,0.0,0.0,1.0,0.0,0.0,0.0,0.0,0.0
5,3,0.0,0.0,0.0,1.0,0.0,0.0,0.0,0.0,0.0
5,3,0.0,0.0,0.0,1.0,0.0,0.0,0.0,0.0,0.0
5,3,0.0,0.0,0.0,1.0,0.0,0.0,0.0,0.0,0.0
5,3,0.0,0.0,0.0,1.0,0.0,0.0,0.0,0.0,0.0
5,3,0.0,0.0,0.0,1.0,0.0,0.0,0.0,0.0,0.0
5,3,0.0,0.0,0.0,1.0,0.0,0.0,0.0,0.0,0.0
5,3,0.0,0.0,0.0,1.0,0.0,0.0,0.0,0.0,0.0
5,3,0.0,0.0,0.0,1.0,0.0,0.0,0.0,0.0,0.0
5,3,0.0,0.0,0.0,1.0,0.0,0.0,0.0,0.0,0.0
5,3,0.0,0.0,0.0,1.0,0.0,0.0,0.0,0.0,0.0
5,3,0.0,0.0,0.0,1.0,0.0,0.0,0.0,0.0,0.0
5,3,0.0,0.0,0.0,1.0,0.0,0.0,0.0,0.0,0.0
5,3,0.0,0.0,0.0,1.0,0.0,0.0,0.0,0.0,0.0
5,3,0.0,0.0,0.0,1.0,0.0,0.0,0.0,0.0,0.0
5,3,0.0,0.0,0.0,1.0,0.0,0.0,0.0,0.0,0.0
5,3,0.0,0.0,0.0,1.0,0.0,0.0,0.0,0.0,0.0
5,3,0.0,0.0,0.0,1.0,0.0,0.0,0.0,0.0,0.0
5,3,0.0,0.0,0.0,1.0,0.0,0.0,0.0,0.0,0.0
5,3,0.0,0.0,0.0,1.0,0.0,0.0,0.0,0.0,0.0
5,3,0.0,0.0,0.0,1.0,0.0,0.0,0.0,0.0,0.0
5,3,0.0,0.0,0.0,1.0,0.0,0.0,0.0,0.0,0.0
5,3,0.0,0.0,0.0,1.0,0.0,0.0,0.0,0.0,0.0
5,3,0.0,0.0,0.0,1.0,0.0,0.0,0.0,0.0,0.0
5,3,0.0,0.0,0.0,1.0,0.0,0.0,0.0,0.0,0.0
5,3,0.0,0.0,0.0,1.0,0.0,0.0,0.0,0.0,0.0
5,3,0.0,0.0,0.0,1.0,0.0,0.0,0.0,0.0,0.0
5,3,0.0,0.0,0.0,1.0,0.0,0.0,0.0,0.0,0.0
5,3,0.0,0.0,0.0,1.0,0.0,0.0,0.0,0.0,0.0
5,3,0.0,0.0,0.0,1.0,0.0,0.0,0.0,0.0,0.0
5,3,0.0,0.0,0.0,1.0,0.0,0.0,0.0,0.0,0.0
5,3,0.0,0.0,0.0,1.0,0.0,0.0,0.0,0.0,0.0
5,3,0.0,0.0,0.0,1.0,0.0,0.0,0.0,0.0,0.0
5,3,0.0,0.0,0.0,1.0,0.0,0.0,0.0,0.0,0.0
5,3,0.0,0.0,0.0,1.0,0.0,0.0,0.0,0.0,0.0
5,3,0.0,0.0,0.0,1.0,0.0,0.0,0.0,0.0,0.0
5,3,0.0,0.0,0.0,1.0,0.0,0.0,0.0,0.0,0.0
5,3,0.0,0.0,0.0,1.0,0.0,0.0,0.0,0.0,0.0
5,3,0.0,0.0,0.0,1.0,0.0,0.0,0.0,0.0,0.0
5,3,0.0,0.0,0.0,1.0,0.0,0.0,0.0,0.0,0.0
5,3,0.0,0.0,0.0,1.0,0.0,0.0,0.0,0.0,0.0
5,3,0.0,0.0,0.0,1.0,0.0,0.0,0.0,0.0,0.0
5,3,0.0,0.0,0.0,1.0,0.0,0.0,0.0,0.0,0.0
5,3,0.0,0.0,0.0,1.0,0.0,0.0,0.0,0.0,0.0
5,3,0.0,0.0,0.0,1.0,0.0,0.0,0.0,0.0,0.0
5,3,0.0,0.0,0.0,1.0,0.0,0.0,0.0,0.0,0.0
5,3,0.0,0.0,0.0,1.0,0.0,0.0,0.0,0.0,0.0
5,3,0.0,0.0,0.0,1.0,0.0,0.0,0.0,0.0,0.0
5,3,0.0,0.0,0.0,1.0,0.0,0.0,0.0,0.0,0.0
5,3,0.0,0.0,0.0,1.0,0.0,0.0,0.0,0.0,0.0
5,3,0.0,0.0,0.0,1.0,0.0,0.0,0.0,0.0,0.0
5,3,0.0,0.0,0.0,1.0,0.0,0.0,0.0,0.0,0.0
5,3,0.0,0.0,0.0,1.0,0.0,0.0,0.0,0.0,0.0
5,3,0.0,0.0,0.0,1.0,0.0,0.0,0.0,0.0,0.0
5,3,0.0,0.0,0.0,1.0,0.0,0.0,0.0,0.0,0.0
5,3,0.0,0.0,0.0,1.0,0.0,0.0,0.0,0.0,0.0
5,3,0.0,0.0,0.0,1.0,0.0,0.0,0.0,0.0,0.0
5,3,0.0,0.0,0.0,1.0,0.0,0.0,0.0,0.0,0.0
5,3,0.0,0.0,0.0,1.0,0.0,0.0,0.0,0.0,0.0
5,3,0.0,0.0,0.0,1.0,0.0,0.0,0.0,0.0,0.0
5,3,0.0,0.0,0.0,1.0,0.0,0.0,0.0,0.0,0.0
5,3,0.0,0.0,0.0,1.0,0.0,0.0,0.0,0.0,0.0
5,3,0.0,0.0,0.0,1.0,0.0,0.0,0.0,0.0,0.0
5,3,0.0,0.0,0.0,1.0,0.0,0.0,0.0,0.0,0.0
5,3,0.0,0.0,0.0,1.0,0.0,0.0,0.0,0.0,0.0
5,3,0.0,0.0,0.0,1.0,0.0,0.0,0.0,0.0,0.0
5,3,0.0,0.0,0.0,1.0,0.0,0.0,0.0,0.0,0.0
5,3,0.0,0.0,0.0,1.0,0.0,0.0,0.0,0.0,0.0
5,3,0.0,0.0,0.0,1.0,0.0,0.0,0.0,0.0,0.0
5,3,0.0,0.0,0.0,1.0,0.0,0.0,0.0,0.0,0.0
5,3,0.0,0.0,0.0,1.0,0.0,0.0,0.0,0.0,0.0
5,3,0.0,0.0,0.0,1.0,0.0,0.0,0.0,0.0,0.0
5,3,0.0,0.0,0.0,1.0,0.0,0.0,0.0,0.0,0.0
5,3,0.0,0.0,0.0,1.0,0.0,0.0,0.0,0.0,0.0
5,3,0.0,0.0,0.0,1.0,0.0,0.0,0.0,0.0,0.0
5,3,0.0,0.0,0.0,1.0,0.0,0.0,0.0,0.0,0.0
5,3,0.0,0.0,0.0,1.0,0.0,0.0,0.0,0.0,0.0
5,3,0.0,0.0,0.0,1.0,0.0,0.0,0.0,0.0,0.0
5,3,0.0,0.0,0.0,1.0,0.0,0.0,0.0,0.0,0.0
5,3,0.0,0.0,0.0,1.0,0.0,0.0,0.0,0.0,0.0
5,3,0.0,0.0,0.0,1.0,0.0,0.0,0.0,0.0,0.0
5,3,0.0,0.0,0.0,1.0,0.0,0.0,0.0,0.0,0.0
5,3,0.0,0.0,0.0,1.0,0.0,0.0,0.0,0.0,0.0
5,3,0.0,0.0,0.0,1.0,0.0,0.0,0.0,0.0,0.0
5,3,0.0,0.0,0.0,1.0,0.0,0.0,0.0,0.0,0.0
5,3,0.0,0.0,0.0,1.0,0.0,0.0,0.0,0.0,0.0
5,3,0.0,0.0,0.0,1.0,0.0,0.0,0.0,0.0,0.0
5,3,0.0,0.0,0.0,1.0,0.0,0.0,0.0,0.0,0.0
5,3,0.0,0.0,0.0,1.0,0.0,0.0,0.0,0.0,0.0
5,3,0.0,0.0,0.0,1.0,0.0,0.0,0.0,0.0,0.0
5,3,0.0,0.0,0.0,1.0,0.0,0.0,0.0,0.0,0.0
5,3,0.0,0.0,0.0,1.0,0.0,0.0,0.0,0.0,0.0
5,3,0.0,0.0,0.0,1.0,0.0,0.0,0.0,0.0,0.0
5,3,0.0,0.0,0.0,1.0,0.0,0.0,0.0,0.0,0.0
5,3,0.0,0.0,0.0,1.0,0.0,0.0,0.0,0.0,0.0
5,3,0.0,0.0,0.0,1.0,0.0,0.0,0.0,0.0,0.0
5,3,0.0,0.0,0.0,1.0,0.0,0.0,0.0,0.0,0.0
5,3,0.0,0.0,0.0,1.0,0.0,0.0,0.0,0.0,0.0
5,3,0.0,0.0,0.0,1.0,0.0,0.0,0.0,0.0,0.0
5,3,0.0,0.0,0.0,1.0,0.0,0.0,0.0,0.0,0.0
5,3,0.0,0.0,0.0,1.0,0.0,0.0,0.0,0.0,0.0
5,3,0.0,0.0,0.0,1.0,0.0,0.0,0.0,0.0,0.0
5,3,0.0,0.0,0.0,1.0,0.0,0.0,0.0,0.0,0.0
5,3,0.0,0.0,0.0,1.0,0.0,0.0,0.0,0.0,0.0
5,3,0.0,0.0,0.0,1.0,0.0,0.0,0.0,0.0,0.0
5,3,0.0,0.0,0.0,1.0,0.0,0.0,0.0,0.0,0.0
5,3,0.0,0.0,0.0,1.0,0.0,0.0,0.0,0.0,0.0
5,3,0.0,0.0,0.0,1.0,0.0,0.0,0.0,0.0,0.0
5,3,0.0,0.0,0.0,1.0,0.0,0.0,0.0,0.0,0.0
5,3,0.0,0.0,0.0,1.0,0.0,0.0,0.0,0.0,0.0
5,3,0.0,0.0,0.0,1.0,0.0,0.0,0.0,0.0,0.0
5,3,0.0,0.0,0.0,1.0,0.0,0.0,0.0,0.0,0.0
5,3,0.0,0.0,0.0,1.0,0.0,0.0,0.0,0.0,0.0
5,3,0.0,0.0,0.0,1.0,0.0,0.0,0.0,0.0,0.0
5,3,0.0,0.0,0.0,1.0,0.0,0.0,0.0,0.0,0.0
5,3,0.0,0.0,0.0,1.0,0.0,0.0,0.0,0.0,0.0
5,3,0.0,0.0,0.0,1.0,0.0,0.0,0.0,0.0,0.0
5,3,0.0,0.0,0.0,1.0,0.0,0.0,0.0,0.0,0.0
5,3,0.0,0.0,0.0,1.0,0.0,0.0,0.0,0.0,0.0
5,3,0.0,0.0,0.0,1.0,0.0,0.0,0.0,0.0,0.0
5,3,0.0,0.0,0.0,1.0,0.0,0.0,0.0,0.0,0.0
5,3,0.0,0.0,0.0,1.0,0.0,0.0,0.0,0.0,0.0
5,3,0.0,0.0,0.0,1.0,0.0,0.0,0.0,0.0,0.0
5,3,0.0,0.0,0.0,1.0,0.0,0.0,0.0,0.0,0.0
5,3,0.0,0.0,0.0,1.0,0.0,0.0,0.0,0.0,0.0
5,3,0.0,0.0,0.0,1.0,0.0,0.0,0.0,0.0,0.0
5,3,0.0,0.0,0.0,1.0,0.0,0.0,0.0,0.0,0.0
5,3,0.0,0.0,0.0,1.0,0.0,0.0,0.0,0.0,0.0
5,3,0.0,0.0,0.0,1.0,0.0,0.0,0.0,0.0,0.0
5,3,0.0,0.0,0.0,1.0,0.0,0.0,0.0,0.0,0.0
5,3,0.0,0.0,0.0,1.0,0.0,0.0,0.0,0.0,0.0
5,3,0.0,0.0,0.0,1.0,0.0,0.0,0.0,0.0,0.0
5,3,0.0,0.0,0.0,1.0,0.0,0.0,0.0,0.0,0.0
5,3,0.0,0.0,0.0,1.0,0.0,0.0,0.0,0.0,0.0
5,3,0.0,0.0,0.0,1.0,0.0,0.0,0.0,0.0,0.0
5,3,0.0,0.0,0.0,1.0,0.0,0.0,0.0,0.0,0.0
5,3,0.0,0.0,0.0,1.0,0.0,0.0,0.0,0.0,0.0
5,3,0.0,0.0,0.0,1.0,0.0,0.0,0.0,0.0,0.0
5,3,0.0,0.0,0.0,1.0,0.0,0.0,0.0,0.0,0.0
5,3,0.0,0.0,0.0,1.0,0.0,0.0,0.0,0.0,0.0
5,3,0.0,0.0,0.0,1.0,0.0,0.0,0.0,0.0,0.0
5,3,0.0,0.0,0.0,1.0,0.0,0.0,0.0,0.0,0.0
5,3,0.0,0.0,0.0,1.0,0.0,0.0,0.0,0.0,0.0
5,3,0.0,0.0,0.0,1.0,0.0,0.0,0.0,0.0,0.0
5,3,0.0,0.0,0.0,1.0,0.0,0.0,0.0,0.0,0.0
5,3,0.0,0.0,0.0,1.0,0.0,0.0,0.0,0.0,0.0
5,3,0.0,0.0,0.0,1.0,0.0,0.0,0.0,0.0,0.0
5,3,0.0,0.0,0.0,1.0,0.0,0.0,0.0,0.0,0.0
5,3,0.0,0.0,0.0,1.0,0.0,0.0,0.0,0.0,0.0
5,3,0.0,0.0,0.0,1.0,0.0,0.0,0.0,0.0,0.0
5,3,0.0,0.0,0.0,1.0,0.0,0.0,0.0,0.0,0.0
5,3,0.0,0.0,0.0,1.0,0.0,0.0,0.0,0.0,0.0
5,3,0.0,0.0,0.0,1.0,0.0,0.0,0.0,0.0,0.0
5,3,0.0,0.0,0.0,1.0,0.0,0.0,0.0,0.0,0.0
5,3,0.0,0.0,0.0,1.0,0.0,0.0,0.0,0.0,0.0
5,3,0.0,0.0,0.0,1.0,0.0,0.0,0.0,0.0,0.0
5,3,0.0,0.0,0.0,1.0,0.0,0.0,0.0,0.0,0.0
5,3,0.0,0.0,0.0,1.0,0.0,0.0,0.0,0.0,0.0
5,3,0.0,0.0,0.0,1.0,0.0,0.0,0.0,0.0,0.0
5,3,0.0,0.0,0.0,1.0,0.0,0.0,0.0,0.0,0.0
5,3,0.0,0.0,0.0,1.0,0.0,0.0,0.0,0.0,0.0
5,3,0.0,0.0,0.0,1.0,0.0,0.0,0.0,0.0,0.0
5,3,0.0,0.0,0.0,1.0,0.0,0.0,0.0,0.0,0.0
5,3,0.0,0.0,0.0,1.0,0.0,0.0,0.0,0.0,0.0
5,3,0.0,0.0,0.0,1.0,0.0,0.0,0.0,0.0,0.0
5,3,0.0,0.0,0.0,1.0,0.0,0.0,0.0,0.0,0.0
5,3,0.0,0.0,0.0,1.0,0.0,0.0,0.0,0.0,0.0
5,3,0.0,0.0,0.0,1.0,0.0,0.0,0.0,0.0,0.0
5,3,0.0,0.0,0.0,1.0,0.0,0.0,0.0,0.0,0.0
5,3,0.0,0.0,0.0,1.0,0.0,0.0,0.0,0.0,0.0
5,3,0.0,0.0,0.0,1.0,0.0,0.0,0.0,0.0,0.0
5,3,0.0,0.0,0.0,1.0,0.0,0.0,0.0,0.0,0.0
5,3,0.0,0.0,0.0,1.0,0.0,0.0,0.0,0.0,0.0
5,3,0.0,0.0,0.0,1.0,0.0,0.0,0.0,0.0,0.0
5,3,0.0,0.0,0.0,1.0,0.0,0.0,0.0,0.0,0.0
5,3,0.0,0.0,0.0,1.0,0.0,0.0,0.0,0.0,0.0
5,3,0.0,0.0,0.0,1.0,0.0,0.0,0.0,0.0,0.0
5,3,0.0,0.0,0.0,1.0,0.0,0.0,0.0,0.0,0.0
5,3,0.0,0.0,0.0,1.0,0.0,0.0,0.0,0.0,0.0
5,3,0.0,0.0,0.0,1.0,0.0,0.0,0.0,0.0,0.0
5,3,0.0,0.0,0.0,1.0,0.0,0.0,0.0,0.0,0.0
5,3,0.0,0.0,0.0,1.0,0.0,0.0,0.0,0.0,0.0
5,3,0.0,0.0,0.0,1.0,0.0,0.0,0.0,0.0,0.0
5,3,0.0,0.0,0.0,1.0,0.0,0.0,0.0,0.0,0.0
5,3,0.0,0.0,0.0,1.0,0.0,0.0,0.0,0.0,0.0
5,3,0.0,0.0,0.0,1.0,0.0,0.0,0.0,0.0,0.0
5,3,0.0,0.0,0.0,1.0,0.0,0.0,0.0,0.0,0.0
5,3,0.0,0.0,0.0,1.0,0.0,0.0,0.0,0.0,0.0
5,3,0.0,0.0,0.0,1.0,0.0,0.0,0.0,0.0,0.0
5,3,0.0,0.0,0.0,1.0,0.0,0.0,0.0,0.0,0.0
5,3,0.0,0.0,0.0,1.0,0.0,0.0,0.0,0.0,0.0
5,3,0.0,0.0,0.0,1.0,0.0,0.0,0.0,0.0,0.0
5,3,0.0,0.0,0.0,1.0,0.0,0.0,0.0,0.0,0.0
5,3,0.0,0.07109144,0.0,0.9289085,0.0,0.0,0.0,0.0,0.0
5,3,0.0,0.07109144,0.0,0.9289085,0.0,0.0,0.0,0.0,0.0
5,3,0.0,0.07109144,0.0,0.9289085,0.0,0.0,0.0,0.0,0.0
5,3,0.0,0.07109144,0.0,0.9289085,0.0,0.0,0.0,0.0,0.0
5,3,0.0,0.07109144,0.0,0.9289085,0.0,0.0,0.0,0.0,0.0
5,3,0.0,0.07109144,0.0,0.9289085,0.0,0.0,0.0,0.0,0.0
5,3,0.0,0.07109144,0.0,0.9289085,0.0,0.0,0.0,0.0,0.0
5,3,0.0,0.07109144,0.0,0.9289085,0.0,0.0,0.0,0.0,0.0
5,3,0.0,0.07109144,0.0,0.9289085,0.0,0.0,0.0,0.0,0.0
5,3,0.0,0.07109144,0.0,0.9289085,0.0,0.0,0.0,0.0,0.0
5,3,0.0,0.07109144,0.0,0.9289085,0.0,0.0,0.0,0.0,0.0
5,3,0.0,0.07109144,0.0,0.9289085,0.0,0.0,0.0,0.0,0.0
5,3,0.0,0.07109144,0.0,0.9289085,0.0,0.0,0.0,0.0,0.0
5,3,0.0,0.07109144,0.0,0.9289085,0.0,0.0,0.0,0.0,0.0
5,3,0.0,0.07109144,0.0,0.9289085,0.0,0.0,0.0,0.0,0.0
5,3,0.0,0.07109144,0.0,0.9289085,0.0,0.0,0.0,0.0,0.0
5,3,0.0,0.07109144,0.0,0.9289085,0.0,0.0,0.0,0.0,0.0
5,3,0.0,0.07109144,0.0,0.9289085,0.0,0.0,0.0,0.0,0.0
5,3,0.0,0.07109144,0.0,0.9289085,0.0,0.0,0.0,0.0,0.0
5,3,0.0,0.07109144,0.0,0.9289085,0.0,0.0,0.0,0.0,0.0
5,3,0.0,0.07109144,0.0,0.9289085,0.0,0.0,0.0,0.0,0.0
5,3,0.0,0.07109144,0.0,0.9289085,0.0,0.0,0.0,0.0,0.0
5,3,0.0,0.07109144,0.0,0.9289085,0.0,0.0,0.0,0.0,0.0
5,3,0.0,0.07109144,0.0,0.9289085,0.0,0.0,0.0,0.0,0.0
5,3,0.0,0.07109144,0.0,0.9289085,0.0,0.0,0.0,0.0,0.0
5,3,0.0,0.07109144,0.0,0.9289085,0.0,0.0,0.0,0.0,0.0
5,3,0.0,0.07109144,0.0,0.9289085,0.0,0.0,0.0,0.0,0.0
5,3,0.0,0.07109144,0.0,0.9289085,0.0,0.0,0.0,0.0,0.0
5,3,0.0,0.07109144,0.0,0.9289085,0.0,0.0,0.0,0.0,0.0
5,3,0.0,0.07109144,0.0,0.9289085,0.0,0.0,0.0,0.0,0.0
5,3,0.0,0.07109144,0.0,0.9289085,0.0,0.0,0.0,0.0,0.0
5,3,0.0,0.07109144,0.0,0.9289085,0.0,0.0,0.0,0.0,0.0
5,3,0.0,0.07109144,0.0,0.9289085,0.0,0.0,0.0,0.0,0.0
5,3,0.0,0.07109144,0.0,0.9289085,0.0,0.0,0.0,0.0,0.0
5,3,0.0,0.07109144,0.0,0.9289085,0.0,0.0,0.0,0.0,0.0
5,3,0.0,0.07109144,0.0,0.9289085,0.0,0.0,0.0,0.0,0.0
5,3,0.0,0.07109144,0.0,0.9289085,0.0,0.0,0.0,0.0,0.0
5,3,0.0,0.07109144,0.0,0.9289085,0.0,0.0,0.0,0.0,0.0
5,3,0.0,0.07109144,0.0,0.9289085,0.0,0.0,0.0,0.0,0.0
5,3,0.0,0.07109144,0.0,0.9289085,0.0,0.0,0.0,0.0,0.0
5,3,0.0,0.07109144,0.0,0.9289085,0.0,0.0,0.0,0.0,0.0
5,3,0.0,0.07109144,0.0,0.9289085,0.0,0.0,0.0,0.0,0.0
5,3,0.0,0.07109144,0.0,0.9289085,0.0,0.0,0.0,0.0,0.0
5,3,0.0,0.07109144,0.0,0.9289085,0.0,0.0,0.0,0.0,0.0
5,3,0.0,0.07109144,0.0,0.9289085,0.0,0.0,0.0,0.0,0.0
5,3,0.0,0.13005798,0.0,0.869942,0.0,0.0,0.0,0.0,0.0
5,3,0.0,0.13005798,0.0,0.869942,0.0,0.0,0.0,0.0,0.0
5,3,0.0,0.13005798,0.0,0.869942,0.0,0.0,0.0,0.0,0.0
5,3,0.0,0.13005798,0.0,0.869942,0.0,0.0,0.0,0.0,0.0
5,3,0.0,0.13005798,0.0,0.869942,0.0,0.0,0.0,0.0,0.0
5,3,0.0,0.13005798,0.0,0.869942,0.0,0.0,0.0,0.0,0.0
5,3,0.0,0.13005798,0.0,0.869942,0.0,0.0,0.0,0.0,0.0
5,3,0.0,0.13005798,0.0,0.869942,0.0,0.0,0.0,0.0,0.0
5,3,0.0,0.13005798,0.0,0.869942,0.0,0.0,0.0,0.0,0.0
5,3,0.0,0.13005798,0.0,0.869942,0.0,0.0,0.0,0.0,0.0
5,3,0.0,0.13005798,0.0,0.869942,0.0,0.0,0.0,0.0,0.0
5,3,0.0,0.13005798,0.0,0.869942,0.0,0.0,0.0,0.0,0.0
5,3,0.0,0.13005798,0.0,0.869942,0.0,0.0,0.0,0.0,0.0
5,3,0.0,0.13005798,0.0,0.869942,0.0,0.0,0.0,0.0,0.0
5,3,0.0,0.13005798,0.0,0.869942,0.0,0.0,0.0,0.0,0.0
5,3,0.0,0.13005798,0.0,0.869942,0.0,0.0,0.0,0.0,0.0
5,3,0.0,0.13005798,0.0,0.869942,0.0,0.0,0.0,0.0,0.0
5,3,0.0,0.13005798,0.0,0.869942,0.0,0.0,0.0,0.0,0.0
5,3,0.0,0.13005798,0.0,0.869942,0.0,0.0,0.0,0.0,0.0
5,3,0.0,0.13005798,0.0,0.869942,0.0,0.0,0.0,0.0,0.0
5,3,0.0,0.13005798,0.0,0.869942,0.0,0.0,0.0,0.0,0.0
5,3,0.0,0.13005798,0.0,0.869942,0.0,0.0,0.0,0.0,0.0
5,3,0.0,0.13005798,0.0,0.869942,0.0,0.0,0.0,0.0,0.0
5,3,0.0,0.13005798,0.0,0.869942,0.0,0.0,0.0,0.0,0.0
5,3,0.0,0.13005798,0.0,0.869942,0.0,0.0,0.0,0.0,0.0
5,3,0.0,0.13005798,0.0,0.869942,0.0,0.0,0.0,0.0,0.0
5,3,0.0,0.13005798,0.0,0.869942,0.0,0.0,0.0,0.0,0.0
5,3,0.0,0.13005798,0.0,0.869942,0.0,0.0,0.0,0.0,0.0
5,3,0.0,0.13005798,0.0,0.869942,0.0,0.0,0.0,0.0,0.0
5,3,0.0,0.13005798,0.0,0.869942,0.0,0.0,0.0,0.0,0.0
5,3,0.0,0.13005798,0.0,0.869942,0.0,0.0,0.0,0.0,0.0
5,3,0.0,0.13005798,0.0,0.869942,0.0,0.0,0.0,0.0,0.0
5,3,0.0,0.13005798,0.0,0.869942,0.0,0.0,0.0,0.0,0.0
5,3,0.0,0.13005798,0.0,0.869942,0.0,0.0,0.0,0.0,0.0
5,3,0.0,0.13005798,0.0,0.869942,0.0,0.0,0.0,0.0,0.0
5,3,0.0,0.13005798,0.0,0.869942,0.0,0.0,0.0,0.0,0.0
5,3,0.0,0.13005798,0.0,0.869942,0.0,0.0,0.0,0.0,0.0
5,3,0.0,0.13005798,0.0,0.869942,0.0,0.0,0.0,0.0,0.0
5,3,0.0,0.13005798,0.0,0.869942,0.0,0.0,0.0,0.0,0.0
5,3,0.0,0.13005798,0.0,0.869942,0.0,0.0,0.0,0.0,0.0
5,3,0.0,0.13005798,0.0,0.869942,0.0,0.0,0.0,0.0,0.0
5,3,0.0,0.13005798,0.0,0.869942,0.0,0.0,0.0,0.0,0.0
5,3,0.0,0.13005798,0.0,0.869942,0.0,0.0,0.0,0.0,0.0
5,3,0.0,0.13005798,0.0,0.869942,0.0,0.0,0.0,0.0,0.0
5,3,0.0,0.13005798,0.0,0.869942,0.0,0.0,0.0,0.0,0.0
5,3,0.0,0.13005798,0.0,0.869942,0.0,0.0,0.0,0.0,0.0
5,3,0.0,0.13005798,0.0,0.869942,0.0,0.0,0.0,0.0,0.0
5,3,0.0,0.13005798,0.0,0.869942,0.0,0.0,0.0,0.0,0.0
5,3,0.0,0.13005798,0.0,0.869942,0.0,0.0,0.0,0.0,0.0
5,3,0.0,0.13005798,0.0,0.869942,0.0,0.0,0.0,0.0,0.0
5,3,0.0,0.13005798,0.0,0.869942,0.0,0.0,0.0,0.0,0.0
5,3,0.0,0.13005798,0.0,0.869942,0.0,0.0,0.0,0.0,0.0
5,3,0.0,0.13005798,0.0,0.869942,0.0,0.0,0.0,0.0,0.0
5,3,0.0,0.13005798,0.0,0.869942,0.0,0.0,0.0,0.0,0.0
5,3,0.0,0.13005798,0.0,0.869942,0.0,0.0,0.0,0.0,0.0
5,3,0.0,0.13005798,0.0,0.869942,0.0,0.0,0.0,0.0,0.0
5,3,0.0,0.13005798,0.0,0.869942,0.0,0.0,0.0,0.0,0.0
5,3,0.0,0.13005798,0.0,0.869942,0.0,0.0,0.0,0.0,0.0
5,3,0.0,0.13005798,0.0,0.869942,0.0,0.0,0.0,0.0,0.0
5,3,0.0,0.13005798,0.0,0.869942,0.0,0.0,0.0,0.0,0.0
5,3,0.0,0.13005798,0.0,0.869942,0.0,0.0,0.0,0.0,0.0
5,3,0.0,0.13005798,0.0,0.869942,0.0,0.0,0.0,0.0,0.0
5,3,0.0,0.13005798,0.0,0.869942,0.0,0.0,0.0,0.0,0.0
5,3,0.0,0.13005798,0.0,0.869942,0.0,0.0,0.0,0.0,0.0
5,3,0.0,0.13005798,0.0,0.869942,0.0,0.0,0.0,0.0,0.0
5,3,0.0,0.13005798,0.0,0.869942,0.0,0.0,0.0,0.0,0.0
5,3,0.0,0.13005798,0.0,0.869942,0.0,0.0,0.0,0.0,0.0
5,3,0.0,0.13005798,0.0,0.869942,0.0,0.0,0.0,0.0,0.0
5,3,0.0,0.13005798,0.0,0.869942,0.0,0.0,0.0,0.0,0.0
5,3,0.0,0.13005798,0.0,0.869942,0.0,0.0,0.0,0.0,0.0
5,3,0.0,0.13005798,0.0,0.869942,0.0,0.0,0.0,0.0,0.0
5,3,0.0,0.13005798,0.0,0.869942,0.0,0.0,0.0,0.0,0.0
5,3,0.0,0.13005798,0.0,0.869942,0.0,0.0,0.0,0.0,0.0
5,3,0.0,0.13005798,0.0,0.869942,0.0,0.0,0.0,0.0,0.0
5,3,0.0,0.13005798,0.0,0.869942,0.0,0.0,0.0,0.0,0.0
5,3,0.0,0.13005798,0.0,0.869942,0.0,0.0,0.0,0.0,0.0
5,3,0.0,0.13005798,0.0,0.869942,0.0,0.0,0.0,0.0,0.0
5,3,0.0,0.13005798,0.0,0.869942,0.0,0.0,0.0,0.0,0.0
5,3,0.0,0.13005798,0.0,0.869942,0.0,0.0,0.0,0.0,0.0
5,3,0.0,0.13005798,0.0,0.869942,0.0,0.0,0.0,0.0,0.0
5,3,0.0,0.13005798,0.0,0.869942,0.0,0.0,0.0,0.0,0.0
5,3,0.0,0.13005798,0.0,0.869942,0.0,0.0,0.0,0.0,0.0
5,3,0.0,0.13005798,0.0,0.869942,0.0,0.0,0.0,0.0,0.0
5,3,0.0,0.13005798,0.0,0.869942,0.0,0.0,0.0,0.0,0.0
5,3,0.0,0.13005798,0.0,0.869942,0.0,0.0,0.0,0.0,0.0
5,3,0.0,0.13005798,0.0,0.869942,0.0,0.0,0.0,0.0,0.0
5,3,0.0,0.13005798,0.0,0.869942,0.0,0.0,0.0,0.0,0.0
5,3,0.0,0.13005798,0.0,0.869942,0.0,0.0,0.0,0.0,0.0
5,3,0.0,0.13005798,0.0,0.869942,0.0,0.0,0.0,0.0,0.0
5,3,0.0,0.13005798,0.0,0.869942,0.0,0.0,0.0,0.0,0.0
5,3,0.0,0.13005798,0.0,0.869942,0.0,0.0,0.0,0.0,0.0
5,3,0.0,0.13005798,0.0,0.869942,0.0,0.0,0.0,0.0,0.0
5,3,0.0,0.13005798,0.0,0.869942,0.0,0.0,0.0,0.0,0.0
5,3,0.0,0.13005798,0.0,0.869942,0.0,0.0,0.0,0.0,0.0
5,3,0.0,0.13005798,0.0,0.869942,0.0,0.0,0.0,0.0,0.0
5,3,0.0,0.13005798,0.0,0.869942,0.0,0.0,0.0,0.0,0.0
5,3,0.0,0.13005798,0.0,0.869942,0.0,0.0,0.0,0.0,0.0
5,3,0.0,0.13005798,0.0,0.869942,0.0,0.0,0.0,0.0,0.0
5,3,0.0,0.13005798,0.0,0.869942,0.0,0.0,0.0,0.0,0.0
5,3,0.0,0.13005798,0.0,0.869942,0.0,0.0,0.0,0.0,0.0
5,3,0.0,0.13005798,0.0,0.869942,0.0,0.0,0.0,0.0,0.0
5,3,0.0,0.13005798,0.0,0.869942,0.0,0.0,0.0,0.0,0.0
5,3,0.0,0.13005798,0.0,0.869942,0.0,0.0,0.0,0.0,0.0
5,3,0.0,0.13005798,0.0,0.869942,0.0,0.0,0.0,0.0,0.0
5,3,0.0,0.13005798,0.0,0.869942,0.0,0.0,0.0,0.0,0.0
5,3,0.0,0.13005798,0.0,0.869942,0.0,0.0,0.0,0.0,0.0
5,3,0.0,0.13005798,0.0,0.869942,0.0,0.0,0.0,0.0,0.0
5,3,0.0,0.13005798,0.0,0.869942,0.0,0.0,0.0,0.0,0.0
5,3,0.0,0.13005798,0.0,0.869942,0.0,0.0,0.0,0.0,0.0
5,3,0.0,0.13005798,0.0,0.869942,0.0,0.0,0.0,0.0,0.0
5,3,0.0,0.13005798,0.0,0.869942,0.0,0.0,0.0,0.0,0.0
5,3,0.0,0.13005798,0.0,0.869942,0.0,0.0,0.0,0.0,0.0
5,3,0.0,0.13005798,0.0,0.869942,0.0,0.0,0.0,0.0,0.0
5,3,0.0,0.13005798,0.0,0.869942,0.0,0.0,0.0,0.0,0.0
5,3,0.0,0.13005798,0.0,0.869942,0.0,0.0,0.0,0.0,0.0
5,3,0.0,0.13005798,0.0,0.869942,0.0,0.0,0.0,0.0,0.0
5,3,0.0,0.13005798,0.0,0.869942,0.0,0.0,0.0,0.0,0.0
5,3,0.0,0.13005798,0.0,0.869942,0.0,0.0,0.0,0.0,0.0
5,3,0.0,0.13005798,0.0,0.869942,0.0,0.0,0.0,0.0,0.0
5,3,0.0,0.13005798,0.0,0.869942,0.0,0.0,0.0,0.0,0.0
5,3,0.0,0.13005798,0.0,0.869942,0.0,0.0,0.0,0.0,0.0
5,3,0.0,0.13005798,0.0,0.869942,0.0,0.0,0.0,0.0,0.0
5,3,0.0,0.13005798,0.0,0.869942,0.0,0.0,0.0,0.0,0.0
5,3,0.0,0.13005798,0.0,0.869942,0.0,0.0,0.0,0.0,0.0
5,3,0.0,0.13005798,0.0,0.869942,0.0,0.0,0.0,0.0,0.0
5,3,0.0,0.13005798,0.0,0.869942,0.0,0.0,0.0,0.0,0.0
5,3,0.0,0.13005798,0.0,0.869942,0.0,0.0,0.0,0.0,0.0
5,3,0.0,0.13005798,0.0,0.869942,0.0,0.0,0.0,0.0,0.0
5,3,0.0,0.13005798,0.0,0.869942,0.0,0.0,0.0,0.0,0.0
5,3,0.0,0.13005798,0.0,0.869942,0.0,0.0,0.0,0.0,0.0
5,3,0.0,0.13005798,0.0,0.869942,0.0,0.0,0.0,0.0,0.0
5,3,0.0,0.13005798,0.0,0.869942,0.0,0.0,0.0,0.0,0.0
5,3,0.0,0.13005798,0.0,0.869942,0.0,0.0,0.0,0.0,0.0
5,3,0.0,0.13005798,0.0,0.869942,0.0,0.0,0.0,0.0,0.0
5,3,0.0,0.13005798,0.0,0.869942,0.0,0.0,0.0,0.0,0.0
5,3,0.0,0.13005798,0.0,0.869942,0.0,0.0,0.0,0.0,0.0
5,3,0.0,0.13005798,0.0,0.869942,0.0,0.0,0.0,0.0,0.0
5,3,0.0,0.13005798,0.0,0.869942,0.0,0.0,0.0,0.0,0.0
5,3,0.0,0.13005798,0.0,0.869942,0.0,0.0,0.0,0.0,0.0
5,3,0.0,0.13005798,0.0,0.869942,0.0,0.0,0.0,0.0,0.0
5,3,0.0,0.13005798,0.0,0.869942,0.0,0.0,0.0,0.0,0.0
5,3,0.0,0.13005798,0.0,0.869942,0.0,0.0,0.0,0.0,0.0
5,3,0.0,0.13005798,0.0,0.869942,0.0,0.0,0.0,0.0,0.0
5,3,0.0,0.13005798,0.0,0.869942,0.0,0.0,0.0,0.0,0.0
5,3,0.0,0.13005798,0.0,0.869942,0.0,0.0,0.0,0.0,0.0
5,3,0.0,0.13005798,0.0,0.869942,0.0,0.0,0.0,0.0,0.0
5,3,0.0,0.13005798,0.0,0.869942,0.0,0.0,0.0,0.0,0.0
5,3,0.0,0.13005798,0.0,0.869942,0.0,0.0,0.0,0.0,0.0
5,3,0.0,0.13005798,0.0,0.869942,0.0,0.0,0.0,0.0,0.0
5,3,0.0,0.13005798,0.0,0.869942,0.0,0.0,0.0,0.0,0.0
5,3,0.0,0.13005798,0.0,0.869942,0.0,0.0,0.0,0.0,0.0
5,3,0.0,0.13005798,0.0,0.869942,0.0,0.0,0.0,0.0,0.0
5,3,0.0,0.13005798,0.0,0.869942,0.0,0.0,0.0,0.0,0.0
5,3,0.0,0.13005798,0.0,0.869942,0.0,0.0,0.0,0.0,0.0
5,3,0.0,0.13005798,0.0,0.869942,0.0,0.0,0.0,0.0,0.0
5,3,0.0,0.13005798,0.0,0.869942,0.0,0.0,0.0,0.0,0.0
5,3,0.0,0.13005798,0.0,0.869942,0.0,0.0,0.0,0.0,0.0
5,3,0.0,0.13005798,0.0,0.869942,0.0,0.0,0.0,0.0,0.0
5,3,0.0,0.13005798,0.0,0.869942,0.0,0.0,0.0,0.0,0.0
5,3,0.0,0.13005798,0.0,0.869942,0.0,0.0,0.0,0.0,0.0
5,3,0.0,0.13005798,0.0,0.869942,0.0,0.0,0.0,0.0,0.0
5,3,0.0,0.13005798,0.0,0.869942,0.0,0.0,0.0,0.0,0.0
5,3,0.0,0.13005798,0.0,0.869942,0.0,0.0,0.0,0.0,0.0
5,3,0.0,0.13005798,0.0,0.869942,0.0,0.0,0.0,0.0,0.0
5,3,0.0,0.13005798,0.0,0.869942,0.0,0.0,0.0,0.0,0.0
5,3,0.0,0.13005798,0.0,0.869942,0.0,0.0,0.0,0.0,0.0
5,3,0.0,0.13005798,0.0,0.869942,0.0,0.0,0.0,0.0,0.0
5,3,0.0,0.13005798,0.0,0.869942,0.0,0.0,0.0,0.0,0.0
5,3,0.0,0.13005798,0.0,0.869942,0.0,0.0,0.0,0.0,0.0
5,3,0.0,0.13005798,0.0,0.869942,0.0,0.0,0.0,0.0,0.0
5,3,0.0,0.13005798,0.0,0.869942,0.0,0.0,0.0,0.0,0.0
5,3,0.0,0.13005798,0.0,0.869942,0.0,0.0,0.0,0.0,0.0
5,3,0.0,0.13005798,0.0,0.869942,0.0,0.0,0.0,0.0,0.0
5,3,0.0,0.13005798,0.0,0.869942,0.0,0.0,0.0,0.0,0.0
5,3,0.0,0.13005798,0.0,0.869942,0.0,0.0,0.0,0.0,0.0
5,3,0.0,0.13005798,0.0,0.869942,0.0,0.0,0.0,0.0,0.0
5,3,0.0,0.07109144,0.0,0.9289085,0.0,0.0,0.0,0.0,0.0
5,3,0.0,0.07109144,0.0,0.9289085,0.0,0.0,0.0,0.0,0.0
5,3,0.0,0.07109144,0.0,0.9289085,0.0,0.0,0.0,0.0,0.0
5,3,0.0,0.07109144,0.0,0.9289085,0.0,0.0,0.0,0.0,0.0
5,3,0.0,0.07109144,0.0,0.9289085,0.0,0.0,0.0,0.0,0.0
5,3,0.0,0.07109144,0.0,0.9289085,0.0,0.0,0.0,0.0,0.0
5,3,0.0,0.07109144,0.0,0.9289085,0.0,0.0,0.0,0.0,0.0
5,3,0.0,0.07109144,0.0,0.9289085,0.0,0.0,0.0,0.0,0.0
5,3,0.0,0.07109144,0.0,0.9289085,0.0,0.0,0.0,0.0,0.0
5,3,0.0,0.07109144,0.0,0.9289085,0.0,0.0,0.0,0.0,0.0
5,3,0.0,0.07109144,0.0,0.9289085,0.0,0.0,0.0,0.0,0.0
5,3,0.0,0.07109144,0.0,0.9289085,0.0,0.0,0.0,0.0,0.0
5,3,0.0,0.07109144,0.0,0.9289085,0.0,0.0,0.0,0.0,0.0
5,3,0.0,0.07109144,0.0,0.9289085,0.0,0.0,0.0,0.0,0.0
5,3,0.0,0.07109144,0.0,0.9289085,0.0,0.0,0.0,0.0,0.0
5,3,0.0,0.07109144,0.0,0.9289085,0.0,0.0,0.0,0.0,0.0
5,3,0.05633639,0.07109144,0.0,0.8725722,0.0,0.0,0.0,0.0,0.0
5,3,0.05633639,0.07109144,0.0,0.8725722,0.0,0.0,0.0,0.0,0.0
5,3,0.05633639,0.07109144,0.0,0.8725722,0.0,0.0,0.0,0.0,0.0
5,3,0.05633639,0.07109144,0.0,0.8725722,0.0,0.0,0.0,0.0,0.0
5,3,0.05633639,0.07109144,0.0,0.8725722,0.0,0.0,0.0,0.0,0.0
5,3,0.05633639,0.07109144,0.0,0.8725722,0.0,0.0,0.0,0.0,0.0
5,3,0.05633639,0.07109144,0.0,0.8725722,0.0,0.0,0.0,0.0,0.0
5,3,0.05633639,0.07109144,0.0,0.8725722,0.0,0.0,0.0,0.0,0.0
5,3,0.05633639,0.07109144,0.0,0.8725722,0.0,0.0,0.0,0.0,0.0
5,3,0.05633639,0.07109144,0.0,0.8725722,0.0,0.0,0.0,0.0,0.0
5,3,0.05633639,0.07109144,0.0,0.8725722,0.0,0.0,0.0,0.0,0.0
5,3,0.05633639,0.07109144,0.0,0.8725722,0.0,0.0,0.0,0.0,0.0
5,3,0.05633639,0.07109144,0.0,0.8725722,0.0,0.0,0.0,0.0,0.0
5,3,0.05633639,0.07109144,0.0,0.8725722,0.0,0.0,0.0,0.0,0.0
5,3,0.05633639,0.07109144,0.0,0.8725722,0.0,0.0,0.0,0.0,0.0
5,3,0.05633639,0.07109144,0.0,0.8725722,0.0,0.0,0.0,0.0,0.0
5,3,0.05633639,0.07109144,0.0,0.8725722,0.0,0.0,0.0,0.0,0.0
5,3,0.05633639,0.07109144,0.0,0.8725722,0.0,0.0,0.0,0.0,0.0
5,3,0.05633639,0.07109144,0.0,0.8725722,0.0,0.0,0.0,0.0,0.0
5,3,0.05633639,0.07109144,0.0,0.8725722,0.0,0.0,0.0,0.0,0.0
5,3,0.05633639,0.07109144,0.0,0.8725722,0.0,0.0,0.0,0.0,0.0
5,3,0.05633639,0.07109144,0.0,0.8725722,0.0,0.0,0.0,0.0,0.0
5,3,0.05633639,0.07109144,0.0,0.8725722,0.0,0.0,0.0,0.0,0.0
5,3,0.05633639,0.07109144,0.0,0.8725722,0.0,0.0,0.0,0.0,0.0
5,3,0.05633639,0.07109144,0.0,0.8725722,0.0,0.0,0.0,0.0,0.0
5,3,0.05633639,0.07109144,0.0,0.8725722,0.0,0.0,0.0,0.0,0.0
5,3,0.05633639,0.07109144,0.0,0.8725722,0.0,0.0,0.0,0.0,0.0
5,3,0.05633639,0.07109144,0.0,0.8725722,0.0,0.0,0.0,0.0,0.0
5,3,0.05633639,0.07109144,0.0,0.8725722,0.0,0.0,0.0,0.0,0.0
5,3,0.05633639,0.07109144,0.0,0.8725722,0.0,0.0,0.0,0.0,0.0
5,3,0.05633639,0.07109144,0.0,0.8725722,0.0,0.0,0.0,0.0,0.0
5,3,0.05633639,0.07109144,0.0,0.8725722,0.0,0.0,0.0,0.0,0.0
5,3,0.05633639,0.07109144,0.0,0.8725722,0.0,0.0,0.0,0.0,0.0
5,3,0.05633639,0.07109144,0.0,0.8725722,0.0,0.0,0.0,0.0,0.0
5,3,0.05633639,0.07109144,0.0,0.8725722,0.0,0.0,0.0,0.0,0.0
5,3,0.05633639,0.07109144,0.0,0.8725722,0.0,0.0,0.0,0.0,0.0
5,3,0.05633639,0.07109144,0.0,0.8725722,0.0,0.0,0.0,0.0,0.0
5,3,0.05633639,0.07109144,0.0,0.8725722,0.0,0.0,0.0,0.0,0.0
5,3,0.05633639,0.07109144,0.0,0.8725722,0.0,0.0,0.0,0.0,0.0
5,3,0.05633639,0.07109144,0.0,0.8725722,0.0,0.0,0.0,0.0,0.0
5,3,0.05633639,0.07109144,0.0,0.8725722,0.0,0.0,0.0,0.0,0.0
5,3,0.05633639,0.07109144,0.0,0.8725722,0.0,0.0,0.0,0.0,0.0
5,3,0.05633639,0.07109144,0.0,0.8725722,0.0,0.0,0.0,0.0,0.0
5,3,0.05633639,0.07109144,0.0,0.8725722,0.0,0.0,0.0,0.0,0.0
5,3,0.05633639,0.07109144,0.0,0.8725722,0.0,0.0,0.0,0.0,0.0
5,3,0.05633639,0.07109144,0.0,0.8725722,0.0,0.0,0.0,0.0,0.0
5,3,0.05633639,0.07109144,0.0,0.8725722,0.0,0.0,0.0,0.0,0.0
5,3,0.05633639,0.07109144,0.0,0.8725722,0.0,0.0,0.0,0.0,0.0
5,3,0.05633639,0.07109144,0.0,0.8725722,0.0,0.0,0.0,0.0,0.0
5,3,0.05633639,0.07109144,0.0,0.8725722,0.0,0.0,0.0,0.0,0.0
5,3,0.05633639,0.07109144,0.0,0.8725722,0.0,0.0,0.0,0.0,0.0
5,3,0.05633639,0.07109144,0.0,0.8725722,0.0,0.0,0.0,0.0,0.0
5,3,0.05633639,0.07109144,0.0,0.8725722,0.0,0.0,0.0,0.0,0.0
5,3,0.05633639,0.07109144,0.0,0.8725722,0.0,0.0,0.0,0.0,0.0
5,3,0.05633639,0.07109144,0.0,0.8725722,0.0,0.0,0.0,0.0,0.0
5,3,0.05633639,0.07109144,0.0,0.8725722,0.0,0.0,0.0,0.0,0.0
5,3,0.05633639,0.07109144,0.0,0.8725722,0.0,0.0,0.0,0.0,0.0
5,3,0.05633639,0.07109144,0.0,0.8725722,0.0,0.0,0.0,0.0,0.0
5,3,0.05633639,0.07109144,0.0,0.8725722,0.0,0.0,0.0,0.0,0.0
5,3,0.05633639,0.07109144,0.0,0.8725722,0.0,0.0,0.0,0.0,0.0
5,3,0.05633639,0.07109144,0.0,0.8725722,0.0,0.0,0.0,0.0,0.0
5,3,0.05633639,0.07109144,0.0,0.8725722,0.0,0.0,0.0,0.0,0.0
5,3,0.05633639,0.07109144,0.0,0.8725722,0.0,0.0,0.0,0.0,0.0
5,3,0.05633639,0.07109144,0.0,0.8725722,0.0,0.0,0.0,0.0,0.0
5,3,0.11550572,0.071091436,0.0,0.81340283,0.0,0.0,0.0,0.0,0.0
5,3,0.11550572,0.071091436,0.0,0.81340283,0.0,0.0,0.0,0.0,0.0
5,3,0.11550572,0.071091436,0.0,0.81340283,0.0,0.0,0.0,0.0,0.0
5,3,0.115505725,0.0,0.0,0.8844943,0.0,0.0,0.0,0.0,0.0
5,3,0.115505725,0.0,0.0,0.8844943,0.0,0.0,0.0,0.0,0.0
5,3,0.115505725,0.0,0.0,0.8844943,0.0,0.0,0.0,0.0,0.0
5,3,0.115505725,0.0,0.0,0.8844943,0.0,0.0,0.0,0.0,0.0
5,3,0.115505725,0.0,0.0,0.8844943,0.0,0.0,0.0,0.0,0.0
5,3,0.115505725,0.0,0.0,0.8844943,0.0,0.0,0.0,0.0,0.0
5,3,0.115505725,0.0,0.0,0.8844943,0.0,0.0,0.0,0.0,0.0
5,3,0.115505725,0.0,0.0,0.8844943,0.0,0.0,0.0,0.0,0.0
5,3,0.115505725,0.0,0.0,0.8844943,0.0,0.0,0.0,0.0,0.0
5,3,0.115505725,0.0,0.0,0.8844943,0.0,0.0,0.0,0.0,0.0
5,3,0.115505725,0.0,0.0,0.8844943,0.0,0.0,0.0,0.0,0.0
5,3,0.115505725,0.0,0.0,0.8844943,0.0,0.0,0.0,0.0,0.0
5,3,0.115505725,0.0,0.0,0.8844943,0.0,0.0,0.0,0.0,0.0
5,3,0.115505725,0.0,0.0,0.8844943,0.0,0.0,0.0,0.0,0.0
5,3,0.115505725,0.0,0.0,0.8844943,0.0,0.0,0.0,0.0,0.0
5,3,0.115505725,0.0,0.0,0.8844943,0.0,0.0,0.0,0.0,0.0
5,3,0.115505725,0.0,0.0,0.8844943,0.0,0.0,0.0,0.0,0.0
5,3,0.115505725,0.0,0.0,0.8844943,0.0,0.0,0.0,0.0,0.0
5,3,0.115505725,0.0,0.0,0.8844943,0.0,0.0,0.0,0.0,0.0
5,3,0.115505725,0.0,0.0,0.8844943,0.0,0.0,0.0,0.0,0.0
5,3,0.115505725,0.0,0.0,0.8844943,0.0,0.0,0.0,0.0,0.0
5,3,0.115505725,0.0,0.0,0.8844943,0.0,0.0,0.0,0.0,0.0
5,3,0.115505725,0.0,0.0,0.8844943,0.0,0.0,0.0,0.0,0.0
5,3,0.115505725,0.0,0.0,0.8844943,0.0,0.0,0.0,0.0,0.0
5,3,0.115505725,0.0,0.0,0.8844943,0.0,0.0,0.0,0.0,0.0
5,3,0.115505725,0.0,0.0,0.8844943,0.0,0.0,0.0,0.0,0.0
5,3,0.115505725,0.0,0.0,0.8844943,0.0,0.0,0.0,0.0,0.0
5,3,0.115505725,0.0,0.0,0.8844943,0.0,0.0,0.0,0.0,0.0
5,3,0.115505725,0.0,0.0,0.8844943,0.0,0.0,0.0,0.0,0.0
5,3,0.115505725,0.0,0.0,0.8844943,0.0,0.0,0.0,0.0,0.0
5,3,0.115505725,0.0,0.0,0.8844943,0.0,0.0,0.0,0.0,0.0
5,3,0.115505725,0.0,0.0,0.8844943,0.0,0.0,0.0,0.0,0.0
5,3,0.115505725,0.0,0.0,0.8844943,0.0,0.0,0.0,0.0,0.0
5,3,0.115505725,0.0,0.0,0.8844943,0.0,0.0,0.0,0.0,0.0
5,3,0.115505725,0.0,0.0,0.8844943,0.0,0.0,0.0,0.0,0.0
5,3,0.115505725,0.0,0.0,0.8844943,0.0,0.0,0.0,0.0,0.0
5,3,0.115505725,0.0,0.0,0.8844943,0.0,0.0,0.0,0.0,0.0
5,3,0.115505725,0.0,0.0,0.8844943,0.0,0.0,0.0,0.0,0.0
5,3,0.115505725,0.0,0.0,0.8844943,0.0,0.0,0.0,0.0,0.0
5,3,0.115505725,0.0,0.0,0.8844943,0.0,0.0,0.0,0.0,0.0
5,3,0.115505725,0.0,0.0,0.8844943,0.0,0.0,0.0,0.0,0.0
5,3,0.115505725,0.0,0.0,0.8844943,0.0,0.0,0.0,0.0,0.0
5,3,0.115505725,0.0,0.0,0.8844943,0.0,0.0,0.0,0.0,0.0
5,3,0.115505725,0.0,0.0,0.8844943,0.0,0.0,0.0,0.0,0.0
5,3,0.115505725,0.0,0.0,0.8844943,0.0,0.0,0.0,0.0,0.0
5,3,0.115505725,0.0,0.0,0.8844943,0.0,0.0,0.0,0.0,0.0
5,3,0.115505725,0.0,0.0,0.8844943,0.0,0.0,0.0,0.0,0.0
5,3,0.115505725,0.0,0.0,0.8844943,0.0,0.0,0.0,0.0,0.0
5,3,0.115505725,0.0,0.0,0.8844943,0.0,0.0,0.0,0.0,0.0
5,3,0.115505725,0.0,0.0,0.8844943,0.0,0.0,0.0,0.0,0.0
5,3,0.115505725,0.0,0.0,0.8844943,0.0,0.0,0.0,0.0,0.0
5,3,0.115505725,0.0,0.0,0.8844943,0.0,0.0,0.0,0.0,0.0
5,3,0.115505725,0.0,0.0,0.8844943,0.0,0.0,0.0,0.0,0.0
5,3,0.05916933,0.0,0.0,0.9408307,0.0,0.0,0.0,0.0,0.0
5,3,0.05916933,0.0,0.0,0.9408307,0.0,0.0,0.0,0.0,0.0
5,3,0.05916933,0.0,0.0,0.9408307,0.0,0.0,0.0,0.0,0.0
5,3,0.05916933,0.0,0.0,0.9408307,0.0,0.0,0.0,0.0,0.0
5,3,0.05916933,0.0,0.0,0.9408307,0.0,0.0,0.0,0.0,0.0
5,3,0.05916933,0.0,0.0,0.9408307,0.0,0.0,0.0,0.0,0.0
5,3,0.05916933,0.0,0.0,0.9408307,0.0,0.0,0.0,0.0,0.0
5,3,0.05916933,0.0,0.0,0.9408307,0.0,0.0,0.0,0.0,0.0
5,3,0.05916933,0.0,0.0,0.9408307,0.0,0.0,0.0,0.0,0.0
5,3,0.05916933,0.0,0.0,0.9408307,0.0,0.0,0.0,0.0,0.0
5,3,0.05916933,0.0,0.0,0.9408307,0.0,0.0,0.0,0.0,0.0
5,3,0.05916933,0.0,0.0,0.9408307,0.0,0.0,0.0,0.0,0.0
5,3,0.05916933,0.0,0.0,0.9408307,0.0,0.0,0.0,0.0,0.0
5,3,0.05916933,0.0,0.0,0.9408307,0.0,0.0,0.0,0.0,0.0
5,3,0.05916933,0.0,0.0,0.9408307,0.0,0.0,0.0,0.0,0.0
5,3,0.05916933,0.0,0.0,0.9408307,0.0,0.0,0.0,0.0,0.0
5,3,0.05916933,0.0,0.0,0.9408307,0.0,0.0,0.0,0.0,0.0
5,3,0.05916933,0.0,0.0,0.9408307,0.0,0.0,0.0,0.0,0.0
5,3,0.05916933,0.0,0.0,0.9408307,0.0,0.0,0.0,0.0,0.0
5,3,0.05916933,0.0,0.0,0.9408307,0.0,0.0,0.0,0.0,0.0
5,3,0.05916933,0.0,0.0,0.9408307,0.0,0.0,0.0,0.0,0.0
5,3,0.05916933,0.0,0.0,0.9408307,0.0,0.0,0.0,0.0,0.0
5,3,0.05916933,0.0,0.0,0.9408307,0.0,0.0,0.0,0.0,0.0
5,3,0.05916933,0.0,0.0,0.9408307,0.0,0.0,0.0,0.0,0.0
5,3,0.05916933,0.0,0.0,0.9408307,0.0,0.0,0.0,0.0,0.0
5,3,0.05916933,0.0,0.0,0.9408307,0.0,0.0,0.0,0.0,0.0
5,3,0.05916933,0.0,0.0,0.9408307,0.0,0.0,0.0,0.0,0.0
5,3,0.05916933,0.0,0.0,0.9408307,0.0,0.0,0.0,0.0,0.0
5,3,0.05916933,0.0,0.0,0.9408307,0.0,0.0,0.0,0.0,0.0
5,3,0.05916933,0.0,0.0,0.9408307,0.0,0.0,0.0,0.0,0.0
5,3,0.05916933,0.0,0.0,0.9408307,0.0,0.0,0.0,0.0,0.0
5,3,0.05916933,0.0,0.0,0.9408307,0.0,0.0,0.0,0.0,0.0
5,3,0.05916933,0.0,0.0,0.9408307,0.0,0.0,0.0,0.0,0.0
5,3,0.05916933,0.0,0.0,0.9408307,0.0,0.0,0.0,0.0,0.0
5,3,0.05916933,0.0,0.0,0.9408307,0.0,0.0,0.0,0.0,0.0
5,3,0.05916933,0.0,0.0,0.9408307,0.0,0.0,0.0,0.0,0.0
5,3,0.05916933,0.0,0.0,0.9408307,0.0,0.0,0.0,0.0,0.0
5,3,0.05916933,0.0,0.0,0.9408307,0.0,0.0,0.0,0.0,0.0
5,3,0.05916933,0.0,0.0,0.9408307,0.0,0.0,0.0,0.0,0.0
5,3,0.05916933,0.0,0.0,0.9408307,0.0,0.0,0.0,0.0,0.0
5,3,0.05916933,0.0,0.0,0.9408307,0.0,0.0,0.0,0.0,0.0
5,3,0.05916933,0.0,0.0,0.9408307,0.0,0.0,0.0,0.0,0.0
5,3,0.05916933,0.0,0.0,0.9408307,0.0,0.0,0.0,0.0,0.0
5,3,0.05916933,0.0,0.0,0.9408307,0.0,0.0,0.0,0.0,0.0
5,3,0.05916933,0.0,0.0,0.9408307,0.0,0.0,0.0,0.0,0.0
5,3,0.05916933,0.0,0.0,0.9408307,0.0,0.0,0.0,0.0,0.0
5,3,0.05916933,0.0,0.0,0.9408307,0.0,0.0,0.0,0.0,0.0
5,3,0.05916933,0.0,0.0,0.9408307,0.0,0.0,0.0,0.0,0.0
5,3,0.05916933,0.0,0.0,0.9408307,0.0,0.0,0.0,0.0,0.0
5,3,0.05916933,0.0,0.0,0.9408307,0.0,0.0,0.0,0.0,0.0
5,3,0.05916933,0.0,0.0,0.9408307,0.0,0.0,0.0,0.0,0.0
5,3,0.05916933,0.0,0.0,0.9408307,0.0,0.0,0.0,0.0,0.0
5,3,0.05916933,0.0,0.0,0.9408307,0.0,0.0,0.0,0.0,0.0
5,3,0.05916933,0.0,0.0,0.9408307,0.0,0.0,0.0,0.0,0.0
5,3,0.05916933,0.0,0.0,0.9408307,0.0,0.0,0.0,0.0,0.0
5,3,0.05916933,0.0,0.0,0.9408307,0.0,0.0,0.0,0.0,0.0
5,3,0.05916933,0.0,0.0,0.9408307,0.0,0.0,0.0,0.0,0.0
5,3,0.05916933,0.0,0.0,0.9408307,0.0,0.0,0.0,0.0,0.0
5,3,0.05916933,0.0,0.0,0.9408307,0.0,0.0,0.0,0.0,0.0
5,3,0.05916933,0.0,0.0,0.9408307,0.0,0.0,0.0,0.0,0.0
5,3,0.05916933,0.0,0.0,0.9408307,0.0,0.0,0.0,0.0,0.0
5,3,0.05916933,0.0,0.0,0.9408307,0.0,0.0,0.0,0.0,0.0
5,3,0.05916933,0.0,0.0,0.9408307,0.0,0.0,0.0,0.0,0.0
5,3,0.05916933,0.0,0.0,0.9408307,0.0,0.0,0.0,0.0,0.0
5,3,0.05916933,0.0,0.0,0.9408307,0.0,0.0,0.0,0.0,0.0
5,3,0.05916933,0.0,0.0,0.9408307,0.0,0.0,0.0,0.0,0.0
5,3,0.05916933,0.0,0.0,0.9408307,0.0,0.0,0.0,0.0,0.0
5,3,0.05916933,0.0,0.0,0.9408307,0.0,0.0,0.0,0.0,0.0
5,3,0.05916933,0.0,0.0,0.9408307,0.0,0.0,0.0,0.0,0.0
5,3,0.05916933,0.0,0.0,0.9408307,0.0,0.0,0.0,0.0,0.0
5,3,0.05916933,0.0,0.0,0.9408307,0.0,0.0,0.0,0.0,0.0
5,3,0.05916933,0.0,0.0,0.9408307,0.0,0.0,0.0,0.0,0.0
5,3,0.05916933,0.0,0.0,0.9408307,0.0,0.0,0.0,0.0,0.0
5,3,0.05916933,0.0,0.0,0.9408307,0.0,0.0,0.0,0.0,0.0
5,3,0.05916933,0.0,0.0,0.9408307,0.0,0.0,0.0,0.0,0.0
5,3,0.05916933,0.0,0.0,0.9408307,0.0,0.0,0.0,0.0,0.0
5,3,0.05916933,0.0,0.0,0.9408307,0.0,0.0,0.0,0.0,0.0
5,3,0.05916933,0.0,0.0,0.9408307,0.0,0.0,0.0,0.0,0.0
5,3,0.05916933,0.0,0.0,0.9408307,0.0,0.0,0.0,0.0,0.0
5,3,0.05916933,0.0,0.0,0.9408307,0.0,0.0,0.0,0.0,0.0
5,3,0.05916933,0.0,0.0,0.9408307,0.0,0.0,0.0,0.0,0.0
5,3,0.05916933,0.0,0.0,0.9408307,0.0,0.0,0.0,0.0,0.0
5,3,0.05916933,0.0,0.0,0.9408307,0.0,0.0,0.0,0.0,0.0
5,3,0.05916933,0.0,0.0,0.9408307,0.0,0.0,0.0,0.0,0.0
5,3,0.05916933,0.0,0.0,0.9408307,0.0,0.0,0.0,0.0,0.0
5,3,0.05916933,0.0,0.0,0.9408307,0.0,0.0,0.0,0.0,0.0
5,3,0.05916933,0.0,0.0,0.9408307,0.0,0.0,0.0,0.0,0.0
5,3,0.05916933,0.0,0.0,0.9408307,0.0,0.0,0.0,0.0,0.0
5,3,0.05916933,0.0,0.0,0.9408307,0.0,0.0,0.0,0.0,0.0
5,3,0.05916933,0.0,0.0,0.9408307,0.0,0.0,0.0,0.0,0.0
5,3,0.05916933,0.0,0.0,0.9408307,0.0,0.0,0.0,0.0,0.0
5,3,0.05916933,0.0,0.0,0.9408307,0.0,0.0,0.0,0.0,0.0
5,3,0.05916933,0.0,0.0,0.9408307,0.0,0.0,0.0,0.0,0.0
5,3,0.05916933,0.0,0.0,0.9408307,0.0,0.0,0.0,0.0,0.0
5,3,0.05916933,0.0,0.0,0.9408307,0.0,0.0,0.0,0.0,0.0
5,3,0.05916933,0.0,0.0,0.9408307,0.0,0.0,0.0,0.0,0.0
5,3,0.05916933,0.0,0.064715296,0.8761154,0.0,0.0,0.0,0.0,0.0
5,3,0.05916933,0.0,0.064715296,0.8761154,0.0,0.0,0.0,0.0,0.0
5,3,0.05916933,0.0,0.064715296,0.8761154,0.0,0.0,0.0,0.0,0.0
5,3,0.05916933,0.0,0.064715296,0.8761154,0.0,0.0,0.0,0.0,0.0
5,3,0.05916933,0.0,0.064715296,0.8761154,0.0,0.0,0.0,0.0,0.0
5,3,0.05916933,0.0,0.064715296,0.8761154,0.0,0.0,0.0,0.0,0.0
5,3,0.05916933,0.07109144,0.0647153,0.80502397,0.0,0.0,0.0,0.0,0.0
5,3,0.05916933,0.07109144,0.0647153,0.80502397,0.0,0.0,0.0,0.0,0.0
5,3,0.05916933,0.07109144,0.0647153,0.80502397,0.0,0.0,0.0,0.0,0.0
5,3,0.05916933,0.07109144,0.0647153,0.80502397,0.0,0.0,0.0,0.0,0.0
5,3,0.05916933,0.07109144,0.0647153,0.80502397,0.0,0.0,0.0,0.0,0.0
5,3,0.05916933,0.07109144,0.0647153,0.80502397,0.0,0.0,0.0,0.0,0.0
5,3,0.05916933,0.07109144,0.0647153,0.80502397,0.0,0.0,0.0,0.0,0.0
5,3,0.05916933,0.07109144,0.0647153,0.80502397,0.0,0.0,0.0,0.0,0.0
5,3,0.05916933,0.07109144,0.0647153,0.80502397,0.0,0.0,0.0,0.0,0.0
5,3,0.05916933,0.07109144,0.0647153,0.80502397,0.0,0.0,0.0,0.0,0.0
5,3,0.0,0.07109144,0.064715296,0.86419326,0.0,0.0,0.0,0.0,0.0
5,3,0.0,0.07109144,0.064715296,0.86419326,0.0,0.0,0.0,0.0,0.0
5,3,0.0,0.07109144,0.064715296,0.86419326,0.0,0.0,0.0,0.0,0.0
5,3,0.0,0.07109144,0.064715296,0.86419326,0.0,0.0,0.0,0.0,0.0
5,3,0.0,0.07109144,0.064715296,0.86419326,0.0,0.0,0.0,0.0,0.0
5,3,0.0,0.07109144,0.064715296,0.86419326,0.0,0.0,0.0,0.0,0.0
5,3,0.0,0.07109144,0.064715296,0.86419326,0.0,0.0,0.0,0.0,0.0
5,3,0.0,0.07109144,0.064715296,0.86419326,0.0,0.0,0.0,0.0,0.0
5,3,0.0,0.07109144,0.064715296,0.86419326,0.0,0.0,0.0,0.0,0.0
5,3,0.0,0.07109144,0.064715296,0.86419326,0.0,0.0,0.0,0.0,0.0
5,3,0.0,0.07109144,0.064715296,0.86419326,0.0,0.0,0.0,0.0,0.0
5,3,0.0,0.07109144,0.064715296,0.86419326,0.0,0.0,0.0,0.0,0.0
5,3,0.0,0.07109144,0.064715296,0.86419326,0.0,0.0,0.0,0.0,0.0
5,3,0.0,0.07109144,0.064715296,0.86419326,0.0,0.0,0.0,0.0,0.0
5,3,0.0,0.07109144,0.064715296,0.86419326,0.0,0.0,0.0,0.0,0.0
5,3,0.0,0.07109144,0.064715296,0.86419326,0.0,0.0,0.0,0.0,0.0
5,3,0.0,0.07109144,0.064715296,0.86419326,0.0,0.0,0.0,0.0,0.0
5,3,0.0,0.07109144,0.064715296,0.86419326,0.0,0.0,0.0,0.0,0.0
5,3,0.0,0.07109144,0.064715296,0.86419326,0.0,0.0,0.0,0.0,0.0
5,3,0.0,0.07109144,0.064715296,0.86419326,0.0,0.0,0.0,0.0,0.0
5,3,0.0,0.07109144,0.064715296,0.86419326,0.0,0.0,0.0,0.0,0.0
5,3,0.0,0.07109144,0.064715296,0.86419326,0.0,0.0,0.0,0.0,0.0
5,3,0.0,0.07109144,0.064715296,0.86419326,0.0,0.0,0.0,0.0,0.0
5,3,0.0,0.07109144,0.064715296,0.86419326,0.0,0.0,0.0,0.0,0.0
5,3,0.0,0.07109144,0.064715296,0.86419326,0.0,0.0,0.0,0.0,0.0
5,3,0.0,0.07109144,0.064715296,0.86419326,0.0,0.0,0.0,0.0,0.0
5,3,0.0,0.07109144,0.064715296,0.86419326,0.0,0.0,0.0,0.0,0.0
5,3,0.0,0.07109144,0.064715296,0.86419326,0.0,0.0,0.0,0.0,0.0
5,3,0.0,0.07109144,0.064715296,0.86419326,0.0,0.0,0.0,0.0,0.0
5,3,0.0,0.07109144,0.064715296,0.86419326,0.0,0.0,0.0,0.0,0.0
5,3,0.0,0.07109144,0.064715296,0.86419326,0.0,0.0,0.0,0.0,0.0
5,3,0.0,0.07109144,0.064715296,0.86419326,0.0,0.0,0.0,0.0,0.0
5,3,0.0,0.07109144,0.064715296,0.86419326,0.0,0.0,0.0,0.0,0.0
5,3,0.0,0.07109144,0.064715296,0.86419326,0.0,0.0,0.0,0.0,0.0
5,3,0.0,0.07109144,0.064715296,0.86419326,0.0,0.0,0.0,0.0,0.0
5,3,0.0,0.07109144,0.064715296,0.86419326,0.0,0.0,0.0,0.0,0.0
5,3,0.0,0.07109144,0.064715296,0.86419326,0.0,0.0,0.0,0.0,0.0
5,3,0.0,0.07109144,0.064715296,0.86419326,0.0,0.0,0.0,0.0,0.0
5,3,0.0,0.07109144,0.064715296,0.86419326,0.0,0.0,0.0,0.0,0.0
5,3,0.0,0.07109144,0.064715296,0.86419326,0.0,0.0,0.0,0.0,0.0
5,3,0.0,0.07109144,0.064715296,0.86419326,0.0,0.0,0.0,0.0,0.0
5,3,0.0,0.07109144,0.064715296,0.86419326,0.0,0.0,0.0,0.0,0.0
5,3,0.0,0.07109144,0.064715296,0.86419326,0.0,0.0,0.0,0.0,0.0
5,3,0.0,0.07109144,0.064715296,0.86419326,0.0,0.0,0.0,0.0,0.0
5,3,0.0,0.07109144,0.064715296,0.86419326,0.0,0.0,0.0,0.0,0.0
5,3,0.0,0.07109144,0.064715296,0.86419326,0.0,0.0,0.0,0.0,0.0
5,3,0.0,0.07109144,0.064715296,0.86419326,0.0,0.0,0.0,0.0,0.0
5,3,0.0,0.07109144,0.064715296,0.86419326,0.0,0.0,0.0,0.0,0.0
5,3,0.0,0.07109144,0.064715296,0.86419326,0.0,0.0,0.0,0.0,0.0
5,3,0.0,0.07109144,0.064715296,0.86419326,0.0,0.0,0.0,0.0,0.0
5,3,0.0,0.07109144,0.064715296,0.86419326,0.0,0.0,0.0,0.0,0.0
5,3,0.0,0.07109144,0.064715296,0.86419326,0.0,0.0,0.0,0.0,0.0
5,3,0.0,0.07109144,0.064715296,0.86419326,0.0,0.0,0.0,0.0,0.0
5,3,0.0,0.07109144,0.064715296,0.86419326,0.0,0.0,0.0,0.0,0.0
5,3,0.0,0.07109144,0.064715296,0.86419326,0.0,0.0,0.0,0.0,0.0
5,3,0.0,0.07109144,0.064715296,0.86419326,0.0,0.0,0.0,0.0,0.0
5,3,0.0,0.07109144,0.064715296,0.86419326,0.0,0.0,0.0,0.0,0.0
5,3,0.0,0.07109144,0.064715296,0.86419326,0.0,0.0,0.0,0.0,0.0
5,3,0.0,0.07109144,0.064715296,0.86419326,0.0,0.0,0.0,0.0,0.0
5,3,0.0,0.07109144,0.064715296,0.86419326,0.0,0.0,0.0,0.0,0.0
5,3,0.0,0.07109144,0.064715296,0.86419326,0.0,0.0,0.0,0.0,0.0
5,3,0.0,0.07109144,0.064715296,0.86419326,0.0,0.0,0.0,0.0,0.0
5,3,0.0,0.07109144,0.064715296,0.86419326,0.0,0.0,0.0,0.0,0.0
5,3,0.0,0.07109144,0.064715296,0.86419326,0.0,0.0,0.0,0.0,0.0
5,3,0.0,0.07109144,0.064715296,0.86419326,0.0,0.0,0.0,0.0,0.0
5,3,0.0,0.07109144,0.064715296,0.86419326,0.0,0.0,0.0,0.0,0.0
5,3,0.0,0.07109144,0.064715296,0.86419326,0.0,0.0,0.0,0.0,0.0
5,3,0.0,0.07109144,0.064715296,0.86419326,0.0,0.0,0.0,0.0,0.0
5,3,0.0,0.07109144,0.064715296,0.86419326,0.0,0.0,0.0,0.0,0.0
5,3,0.0,0.07109144,0.064715296,0.86419326,0.0,0.0,0.0,0.0,0.0
5,3,0.0,0.07109144,0.064715296,0.86419326,0.0,0.0,0.0,0.0,0.0
5,3,0.0,0.07109144,0.064715296,0.86419326,0.0,0.0,0.0,0.0,0.0
5,3,0.0,0.07109144,0.064715296,0.86419326,0.0,0.0,0.0,0.0,0.0
5,3,0.0,0.07109144,0.064715296,0.86419326,0.0,0.0,0.0,0.0,0.0
5,3,0.0,0.07109144,0.064715296,0.86419326,0.0,0.0,0.0,0.0,0.0
5,3,0.0,0.07109144,0.064715296,0.86419326,0.0,0.0,0.0,0.0,0.0
5,3,0.0,0.07109144,0.064715296,0.86419326,0.0,0.0,0.0,0.0,0.0
5,3,0.0,0.07109144,0.064715296,0.86419326,0.0,0.0,0.0,0.0,0.0
5,3,0.0,0.07109144,0.064715296,0.86419326,0.0,0.0,0.0,0.0,0.0
5,3,0.0,0.07109144,0.064715296,0.86419326,0.0,0.0,0.0,0.0,0.0
5,3,0.0,0.07109144,0.064715296,0.86419326,0.0,0.0,0.0,0.0,0.0
5,3,0.0,0.07109144,0.064715296,0.86419326,0.0,0.0,0.0,0.0,0.0
5,3,0.0,0.07109144,0.064715296,0.86419326,0.0,0.0,0.0,0.0,0.0
5,3,0.0,0.07109144,0.064715296,0.86419326,0.0,0.0,0.0,0.0,0.0
5,3,0.0,0.07109144,0.064715296,0.86419326,0.0,0.0,0.0,0.0,0.0
5,3,0.0,0.07109144,0.064715296,0.86419326,0.0,0.0,0.0,0.0,0.0
5,3,0.0,0.07109144,0.064715296,0.86419326,0.0,0.0,0.0,0.0,0.0
5,3,0.0,0.07109144,0.064715296,0.86419326,0.0,0.0,0.0,0.0,0.0
5,3,0.0,0.07109144,0.064715296,0.86419326,0.0,0.0,0.0,0.0,0.0
5,3,0.0,0.07109144,0.064715296,0.86419326,0.0,0.0,0.0,0.0,0.0
5,3,0.0,0.07109144,0.064715296,0.86419326,0.0,0.0,0.0,0.0,0.0
5,3,0.0,0.07109144,0.064715296,0.86419326,0.0,0.0,0.0,0.0,0.0
5,3,0.0,0.07109144,0.064715296,0.86419326,0.0,0.0,0.0,0.0,0.0
5,3,0.0,0.07109144,0.064715296,0.86419326,0.0,0.0,0.0,0.0,0.0
5,3,0.0,0.07109144,0.064715296,0.86419326,0.0,0.0,0.0,0.0,0.0
5,3,0.0,0.07109144,0.064715296,0.86419326,0.0,0.0,0.0,0.0,0.0
5,3,0.0,0.07109144,0.064715296,0.86419326,0.0,0.0,0.0,0.0,0.0
5,3,0.0,0.07109144,0.064715296,0.86419326,0.0,0.0,0.0,0.0,0.0
5,3,0.0,0.07109144,0.064715296,0.86419326,0.0,0.0,0.0,0.0,0.0
5,3,0.0,0.07109144,0.064715296,0.86419326,0.0,0.0,0.0,0.0,0.0
5,3,0.0,0.07109144,0.064715296,0.86419326,0.0,0.0,0.0,0.0,0.0
5,3,0.0,0.07109144,0.064715296,0.86419326,0.0,0.0,0.0,0.0,0.0
5,3,0.0,0.07109144,0.064715296,0.86419326,0.0,0.0,0.0,0.0,0.0
5,3,0.0,0.07109144,0.064715296,0.86419326,0.0,0.0,0.0,0.0,0.0
5,3,0.0,0.13005798,0.064715296,0.80522674,0.0,0.0,0.0,0.0,0.0
5,3,0.0,0.13005798,0.064715296,0.80522674,0.0,0.0,0.0,0.0,0.0
5,3,0.0,0.13005798,0.064715296,0.80522674,0.0,0.0,0.0,0.0,0.0
5,3,0.0,0.13005798,0.064715296,0.80522674,0.0,0.0,0.0,0.0,0.0
5,3,0.0,0.13005798,0.064715296,0.80522674,0.0,0.0,0.0,0.0,0.0
5,3,0.0,0.13005798,0.064715296,0.80522674,0.0,0.0,0.0,0.0,0.0
5,3,0.0,0.13005798,0.064715296,0.80522674,0.0,0.0,0.0,0.0,0.0
5,3,0.0,0.13005798,0.064715296,0.80522674,0.0,0.0,0.0,0.0,0.0
5,3,0.0,0.13005798,0.064715296,0.80522674,0.0,0.0,0.0,0.0,0.0
5,3,0.0,0.13005798,0.064715296,0.80522674,0.0,0.0,0.0,0.0,0.0
5,3,0.0,0.13005798,0.064715296,0.80522674,0.0,0.0,0.0,0.0,0.0
5,3,0.0,0.13005798,0.064715296,0.80522674,0.0,0.0,0.0,0.0,0.0
5,3,0.0,0.13005798,0.064715296,0.80522674,0.0,0.0,0.0,0.0,0.0
5,3,0.0,0.13005798,0.064715296,0.80522674,0.0,0.0,0.0,0.0,0.0
5,3,0.0,0.13005798,0.064715296,0.80522674,0.0,0.0,0.0,0.0,0.0
5,3,0.0,0.13005798,0.064715296,0.80522674,0.0,0.0,0.0,0.0,0.0
5,3,0.0,0.13005798,0.064715296,0.80522674,0.0,0.0,0.0,0.0,0.0
5,3,0.0,0.13005798,0.064715296,0.80522674,0.0,0.0,0.0,0.0,0.0
5,3,0.0,0.13005798,0.064715296,0.80522674,0.0,0.0,0.0,0.0,0.0
5,3,0.0,0.13005798,0.064715296,0.80522674,0.0,0.0,0.0,0.0,0.0
5,3,0.0,0.13005798,0.064715296,0.80522674,0.0,0.0,0.0,0.0,0.0
5,3,0.0,0.13005798,0.064715296,0.80522674,0.0,0.0,0.0,0.0,0.0
5,3,0.0,0.13005798,0.064715296,0.80522674,0.0,0.0,0.0,0.0,0.0
5,3,0.0,0.13005798,0.064715296,0.80522674,0.0,0.0,0.0,0.0,0.0
5,3,0.0,0.13005798,0.0,0.869942,0.0,0.0,0.0,0.0,0.0
5,3,0.0,0.13005798,0.0,0.869942,0.0,0.0,0.0,0.0,0.0
5,3,0.0,0.13005798,0.0,0.869942,0.0,0.0,0.0,0.0,0.0
5,3,0.0,0.13005798,0.0,0.869942,0.0,0.0,0.0,0.0,0.0
5,3,0.0,0.13005798,0.0,0.869942,0.0,0.0,0.0,0.0,0.0
5,3,0.0,0.13005798,0.0,0.869942,0.0,0.0,0.0,0.0,0.0
5,3,0.0,0.13005798,0.0,0.869942,0.0,0.0,0.0,0.0,0.0
5,3,0.0,0.13005798,0.0,0.869942,0.0,0.0,0.0,0.0,0.0
5,3,0.0,0.13005798,0.0,0.869942,0.0,0.0,0.0,0.0,0.0
5,3,0.0,0.13005798,0.0,0.869942,0.0,0.0,0.0,0.0,0.0
5,3,0.0,0.13005798,0.0,0.869942,0.0,0.0,0.0,0.0,0.0
5,3,0.0,0.13005798,0.0,0.869942,0.0,0.0,0.0,0.0,0.0
5,3,0.0,0.13005798,0.0,0.869942,0.0,0.0,0.0,0.0,0.0
5,3,0.0,0.13005798,0.0,0.869942,0.0,0.0,0.0,0.0,0.0
5,3,0.0,0.13005798,0.0,0.869942,0.0,0.0,0.0,0.0,0.0
5,3,0.0,0.13005798,0.0,0.869942,0.0,0.0,0.0,0.0,0.0
5,3,0.0,0.13005798,0.0,0.869942,0.0,0.0,0.0,0.0,0.0
5,3,0.0,0.13005798,0.0,0.869942,0.0,0.0,0.0,0.0,0.0
5,3,0.0,0.13005798,0.0,0.869942,0.0,0.0,0.0,0.0,0.0
5,3,0.0,0.13005798,0.0,0.869942,0.0,0.0,0.0,0.0,0.0
5,3,0.0,0.13005798,0.0,0.869942,0.0,0.0,0.0,0.0,0.0
5,3,0.0,0.13005798,0.0,0.869942,0.0,0.0,0.0,0.0,0.0
5,3,0.0,0.13005798,0.0,0.869942,0.0,0.0,0.0,0.0,0.0
5,3,0.0,0.13005798,0.0,0.869942,0.0,0.0,0.0,0.0,0.0
5,3,0.0,0.13005798,0.0,0.869942,0.0,0.0,0.0,0.0,0.0
5,3,0.0,0.13005798,0.0,0.869942,0.0,0.0,0.0,0.0,0.0
5,3,0.0,0.13005798,0.0,0.869942,0.0,0.0,0.0,0.0,0.0
5,3,0.0,0.13005798,0.0,0.869942,0.0,0.0,0.0,0.0,0.0
5,3,0.0,0.13005798,0.0,0.869942,0.0,0.0,0.0,0.0,0.0
5,3,0.0,0.13005798,0.0,0.869942,0.0,0.0,0.0,0.0,0.0
5,3,0.0,0.13005798,0.0,0.869942,0.0,0.0,0.0,0.0,0.0
5,3,0.0,0.13005798,0.0,0.869942,0.0,0.0,0.0,0.0,0.0
5,3,0.0,0.13005798,0.0,0.869942,0.0,0.0,0.0,0.0,0.0
5,3,0.0,0.13005798,0.0,0.869942,0.0,0.0,0.0,0.0,0.0
5,3,0.0,0.13005798,0.0,0.869942,0.0,0.0,0.0,0.0,0.0
5,3,0.0,0.13005798,0.0,0.869942,0.0,0.0,0.0,0.0,0.0
5,3,0.0,0.13005798,0.0,0.869942,0.0,0.0,0.0,0.0,0.0
5,3,0.0,0.13005798,0.0,0.869942,0.0,0.0,0.0,0.0,0.0
5,3,0.0,0.13005798,0.0,0.869942,0.0,0.0,0.0,0.0,0.0
5,3,0.0,0.13005798,0.0,0.869942,0.0,0.0,0.0,0.0,0.0
5,3,0.0,0.13005798,0.0,0.869942,0.0,0.0,0.0,0.0,0.0
5,3,0.0,0.13005798,0.0,0.869942,0.0,0.0,0.0,0.0,0.0
5,3,0.0,0.13005798,0.0,0.869942,0.0,0.0,0.0,0.0,0.0
5,3,0.0,0.13005798,0.0,0.869942,0.0,0.0,0.0,0.0,0.0
5,3,0.0,0.13005798,0.0,0.869942,0.0,0.0,0.0,0.0,0.0
5,3,0.0,0.13005798,0.0,0.869942,0.0,0.0,0.0,0.0,0.0
5,3,0.0,0.13005798,0.0,0.869942,0.0,0.0,0.0,0.0,0.0
5,3,0.0,0.13005798,0.0,0.869942,0.0,0.0,0.0,0.0,0.0
5,3,0.0,0.13005798,0.0,0.869942,0.0,0.0,0.0,0.0,0.0
5,3,0.0,0.13005798,0.0,0.869942,0.0,0.0,0.0,0.0,0.0
5,3,0.0,0.13005798,0.0,0.869942,0.0,0.0,0.0,0.0,0.0
5,3,0.0,0.13005798,0.0,0.869942,0.0,0.0,0.0,0.0,0.0
5,3,0.0,0.13005798,0.0,0.869942,0.0,0.0,0.0,0.0,0.0
5,3,0.0,0.13005798,0.0,0.869942,0.0,0.0,0.0,0.0,0.0
5,3,0.0,0.13005798,0.0,0.869942,0.0,0.0,0.0,0.0,0.0
5,3,0.0,0.13005798,0.0,0.869942,0.0,0.0,0.0,0.0,0.0
5,3,0.0,0.13005798,0.0,0.869942,0.0,0.0,0.0,0.0,0.0
5,3,0.0,0.13005798,0.0,0.869942,0.0,0.0,0.0,0.0,0.0
5,3,0.0,0.13005798,0.0,0.869942,0.0,0.0,0.0,0.0,0.0
5,3,0.0,0.13005798,0.0,0.869942,0.0,0.0,0.0,0.0,0.0
5,3,0.0,0.13005798,0.0,0.869942,0.0,0.0,0.0,0.0,0.0
5,3,0.0,0.18572947,0.0,0.81427056,0.0,0.0,0.0,0.0,0.0
5,3,0.0,0.18572947,0.0,0.81427056,0.0,0.0,0.0,0.0,0.0
5,3,0.0,0.18572947,0.0,0.81427056,0.0,0.0,0.0,0.0,0.0
5,3,0.0,0.18572947,0.0,0.81427056,0.0,0.0,0.0,0.0,0.0
5,3,0.0,0.18572947,0.0,0.81427056,0.0,0.0,0.0,0.0,0.0
5,3,0.0,0.18572947,0.0,0.81427056,0.0,0.0,0.0,0.0,0.0
5,3,0.0,0.18572947,0.0,0.81427056,0.0,0.0,0.0,0.0,0.0
5,3,0.0,0.18572947,0.0,0.81427056,0.0,0.0,0.0,0.0,0.0
5,3,0.0,0.18572947,0.0,0.81427056,0.0,0.0,0.0,0.0,0.0
5,3,0.0,0.18572947,0.0,0.81427056,0.0,0.0,0.0,0.0,0.0
5,3,0.0,0.18572947,0.0,0.81427056,0.0,0.0,0.0,0.0,0.0
5,3,0.0,0.18572947,0.0,0.81427056,0.0,0.0,0.0,0.0,0.0
5,3,0.0,0.18572947,0.0,0.81427056,0.0,0.0,0.0,0.0,0.0
5,3,0.0,0.18572947,0.0,0.81427056,0.0,0.0,0.0,0.0,0.0
5,3,0.0,0.18572947,0.0,0.81427056,0.0,0.0,0.0,0.0,0.0
5,3,0.0,0.18572947,0.0,0.81427056,0.0,0.0,0.0,0.0,0.0
5,3,0.0,0.18572947,0.0,0.81427056,0.0,0.0,0.0,0.0,0.0
5,3,0.0,0.18572947,0.0,0.81427056,0.0,0.0,0.0,0.0,0.0
5,3,0.0,0.18572947,0.0,0.81427056,0.0,0.0,0.0,0.0,0.0
5,3,0.0,0.18572947,0.0,0.81427056,0.0,0.0,0.0,0.0,0.0
5,3,0.0,0.18572947,0.0,0.81427056,0.0,0.0,0.0,0.0,0.0
5,3,0.0,0.18572947,0.0,0.81427056,0.0,0.0,0.0,0.0,0.0
5,3,0.0,0.18572947,0.0,0.81427056,0.0,0.0,0.0,0.0,0.0
5,3,0.0,0.18572947,0.0,0.81427056,0.0,0.0,0.0,0.0,0.0
5,3,0.0,0.18572947,0.0,0.81427056,0.0,0.0,0.0,0.0,0.0
5,3,0.0,0.18572947,0.0,0.81427056,0.0,0.0,0.0,0.0,0.0
5,3,0.0,0.18572947,0.0,0.81427056,0.0,0.0,0.0,0.0,0.0
5,3,0.0,0.18572947,0.0,0.81427056,0.0,0.0,0.0,0.0,0.0
5,3,0.0,0.18572947,0.0,0.81427056,0.0,0.0,0.0,0.0,0.0
5,3,0.0,0.18572947,0.0,0.81427056,0.0,0.0,0.0,0.0,0.0
5,3,0.0,0.18572947,0.0,0.81427056,0.0,0.0,0.0,0.0,0.0
5,3,0.0,0.18572947,0.0,0.81427056,0.0,0.0,0.0,0.0,0.0
5,3,0.0,0.18572947,0.0,0.81427056,0.0,0.0,0.0,0.0,0.0
5,3,0.0,0.18572947,0.0,0.81427056,0.0,0.0,0.0,0.0,0.0
5,3,0.0,0.18572947,0.0,0.81427056,0.0,0.0,0.0,0.0,0.0
5,3,0.0,0.18572947,0.0,0.81427056,0.0,0.0,0.0,0.0,0.0
5,3,0.0,0.18572947,0.0,0.81427056,0.0,0.0,0.0,0.0,0.0
5,3,0.0,0.18572947,0.0,0.81427056,0.0,0.0,0.0,0.0,0.0
5,3,0.0,0.18572947,0.0,0.81427056,0.0,0.0,0.0,0.0,0.0
5,3,0.0,0.18572947,0.0,0.81427056,0.0,0.0,0.0,0.0,0.0
5,3,0.0,0.18572947,0.0,0.81427056,0.0,0.0,0.0,0.0,0.0
5,3,0.0,0.18572947,0.0,0.81427056,0.0,0.0,0.0,0.0,0.0
5,3,0.0,0.18572947,0.0,0.81427056,0.0,0.0,0.0,0.0,0.0
5,3,0.0,0.18572947,0.0,0.81427056,0.0,0.0,0.0,0.0,0.0
5,3,0.0,0.18572947,0.0,0.81427056,0.0,0.0,0.0,0.0,0.0
5,3,0.0,0.18572947,0.0,0.81427056,0.0,0.0,0.0,0.0,0.0
5,3,0.0,0.18572947,0.0,0.81427056,0.0,0.0,0.0,0.0,0.0
5,3,0.0,0.18572947,0.0,0.81427056,0.0,0.0,0.0,0.0,0.0
5,3,0.0,0.18572947,0.0,0.81427056,0.0,0.0,0.0,0.0,0.0
5,3,0.0,0.18572947,0.0,0.81427056,0.0,0.0,0.0,0.0,0.0
5,3,0.0,0.18572947,0.0,0.81427056,0.0,0.0,0.0,0.0,0.0
5,3,0.0,0.18572947,0.0,0.81427056,0.0,0.0,0.0,0.0,0.0
5,3,0.0,0.18572947,0.0,0.81427056,0.0,0.0,0.0,0.0,0.0
5,3,0.0,0.18572947,0.0,0.81427056,0.0,0.0,0.0,0.0,0.0
5,3,0.0,0.18572947,0.0,0.81427056,0.0,0.0,0.0,0.0,0.0
5,3,0.0,0.18572947,0.0,0.81427056,0.0,0.0,0.0,0.0,0.0
5,3,0.0,0.18572947,0.0,0.81427056,0.0,0.0,0.0,0.0,0.0
5,3,0.0,0.18572947,0.0,0.81427056,0.0,0.0,0.0,0.0,0.0
5,3,0.0,0.18572947,0.0,0.81427056,0.0,0.0,0.0,0.0,0.0
5,3,0.0,0.18572947,0.0,0.81427056,0.0,0.0,0.0,0.0,0.0
5,3,0.0,0.18572947,0.0,0.81427056,0.0,0.0,0.0,0.0,0.0
5,3,0.0,0.18572947,0.0,0.81427056,0.0,0.0,0.0,0.0,0.0
5,3,0.0,0.18572947,0.0,0.81427056,0.0,0.0,0.0,0.0,0.0
5,3,0.0,0.18572947,0.0,0.81427056,0.0,0.0,0.0,0.0,0.0
5,3,0.0,0.18572947,0.0,0.81427056,0.0,0.0,0.0,0.0,0.0
5,3,0.0,0.18572947,0.0,0.81427056,0.0,0.0,0.0,0.0,0.0
5,3,0.0,0.18572947,0.0,0.81427056,0.0,0.0,0.0,0.0,0.0
5,3,0.0,0.18572947,0.0,0.81427056,0.0,0.0,0.0,0.0,0.0
5,3,0.0,0.18572947,0.0,0.81427056,0.0,0.0,0.0,0.0,0.0
5,3,0.0,0.18572947,0.0,0.81427056,0.0,0.0,0.0,0.0,0.0
5,3,0.0,0.18572947,0.0,0.81427056,0.0,0.0,0.0,0.0,0.0
5,3,0.0,0.18572947,0.0,0.81427056,0.0,0.0,0.0,0.0,0.0
5,3,0.0,0.18572947,0.0,0.81427056,0.0,0.0,0.0,0.0,0.0
5,3,0.0,0.18572947,0.0,0.81427056,0.0,0.0,0.0,0.0,0.0
5,3,0.0,0.18572947,0.0,0.81427056,0.0,0.0,0.0,0.0,0.0
5,3,0.0,0.18572947,0.0,0.81427056,0.0,0.0,0.0,0.0,0.0
5,3,0.0,0.18572947,0.0,0.81427056,0.0,0.0,0.0,0.0,0.0
5,3,0.0,0.18572947,0.0,0.81427056,0.0,0.0,0.0,0.0,0.0
5,3,0.0,0.18572947,0.0,0.81427056,0.0,0.0,0.0,0.0,0.0
5,3,0.0,0.18572947,0.0,0.81427056,0.0,0.0,0.0,0.0,0.0
5,3,0.0,0.18572947,0.0,0.81427056,0.0,0.0,0.0,0.0,0.0
5,3,0.0,0.18572947,0.0,0.81427056,0.0,0.0,0.0,0.0,0.0
5,3,0.0,0.18572947,0.0,0.81427056,0.0,0.0,0.0,0.0,0.0
5,3,0.0,0.18572947,0.0,0.81427056,0.0,0.0,0.0,0.0,0.0
5,3,0.0,0.18572947,0.0,0.81427056,0.0,0.0,0.0,0.0,0.0
5,3,0.0,0.18572947,0.0,0.81427056,0.0,0.0,0.0,0.0,0.0
5,3,0.0,0.18572947,0.0,0.81427056,0.0,0.0,0.0,0.0,0.0
5,3,0.0,0.18572947,0.0,0.81427056,0.0,0.0,0.0,0.0,0.0
5,3,0.0,0.18572947,0.0,0.81427056,0.0,0.0,0.0,0.0,0.0
5,3,0.0,0.18572947,0.0,0.81427056,0.0,0.0,0.0,0.0,0.0
5,3,0.0,0.18572947,0.0,0.81427056,0.0,0.0,0.0,0.0,0.0
5,3,0.0,0.12676294,0.0,0.8732371,0.0,0.0,0.0,0.0,0.0
5,3,0.0,0.12676294,0.0,0.8732371,0.0,0.0,0.0,0.0,0.0
5,3,0.0,0.12676294,0.0,0.8732371,0.0,0.0,0.0,0.0,0.0
5,3,0.0,0.12676294,0.0,0.8732371,0.0,0.0,0.0,0.0,0.0
5,3,0.0,0.12676294,0.0,0.8732371,0.0,0.0,0.0,0.0,0.0
5,3,0.0,0.12676294,0.0,0.8732371,0.0,0.0,0.0,0.0,0.0
5,3,0.0,0.12676294,0.0,0.8732371,0.0,0.0,0.0,0.0,0.0
5,3,0.0,0.12676294,0.0,0.8732371,0.0,0.0,0.0,0.0,0.0
5,3,0.0,0.12676294,0.0,0.8732371,0.0,0.0,0.0,0.0,0.0
5,3,0.0,0.12676294,0.0,0.8732371,0.0,0.0,0.0,0.0,0.0
5,3,0.0,0.12676294,0.0,0.8732371,0.0,0.0,0.0,0.0,0.0
5,3,0.0,0.12676294,0.0,0.8732371,0.0,0.0,0.0,0.0,0.0
5,3,0.0,0.12676294,0.0,0.8732371,0.0,0.0,0.0,0.0,0.0
5,3,0.0,0.12676294,0.0,0.8732371,0.0,0.0,0.0,0.0,0.0
5,3,0.0,0.12676294,0.0,0.8732371,0.0,0.0,0.0,0.0,0.0
5,3,0.0,0.12676294,0.0,0.8732371,0.0,0.0,0.0,0.0,0.0
5,3,0.0,0.12676294,0.0,0.8732371,0.0,0.0,0.0,0.0,0.0
5,3,0.0,0.07109144,0.0,0.9289085,0.0,0.0,0.0,0.0,0.0
5,3,0.0,0.07109144,0.0,0.9289085,0.0,0.0,0.0,0.0,0.0
5,3,0.0,0.07109144,0.0,0.9289085,0.0,0.0,0.0,0.0,0.0
5,3,0.0,0.07109144,0.0,0.9289085,0.0,0.0,0.0,0.0,0.0
5,3,0.0,0.07109144,0.0,0.9289085,0.0,0.0,0.0,0.0,0.0
5,3,0.0,0.07109144,0.0,0.9289085,0.0,0.0,0.0,0.0,0.0
5,3,0.0,0.07109144,0.0,0.9289085,0.0,0.0,0.0,0.0,0.0
5,3,0.0,0.07109144,0.0,0.9289085,0.0,0.0,0.0,0.0,0.0
5,3,0.0,0.07109144,0.0,0.9289085,0.0,0.0,0.0,0.0,0.0
5,3,0.0,0.07109144,0.0,0.9289085,0.0,0.0,0.0,0.0,0.0
5,3,0.0,0.07109144,0.0,0.9289085,0.0,0.0,0.0,0.0,0.0
5,3,0.0,0.07109144,0.0,0.9289085,0.0,0.0,0.0,0.0,0.0
5,3,0.0,0.07109144,0.0,0.9289085,0.0,0.0,0.0,0.0,0.0
5,3,0.0,0.07109144,0.0,0.9289085,0.0,0.0,0.0,0.0,0.0
5,3,0.0,0.07109144,0.0,0.9289085,0.0,0.0,0.0,0.0,0.0
5,3,0.0,0.07109144,0.0,0.9289085,0.0,0.0,0.0,0.0,0.0
5,3,0.0,0.07109144,0.0,0.9289085,0.0,0.0,0.0,0.0,0.0
5,3,0.0,0.07109144,0.0,0.9289085,0.0,0.0,0.0,0.0,0.0
5,3,0.0,0.07109144,0.0,0.9289085,0.0,0.0,0.0,0.0,0.0
5,3,0.0,0.07109144,0.0,0.9289085,0.0,0.0,0.0,0.0,0.0
5,3,0.0,0.07109144,0.0,0.9289085,0.0,0.0,0.0,0.0,0.0
5,3,0.0,0.07109144,0.0,0.9289085,0.0,0.0,0.0,0.0,0.0
5,3,0.0,0.07109144,0.0,0.9289085,0.0,0.0,0.0,0.0,0.0
5,3,0.0,0.07109144,0.0,0.9289085,0.0,0.0,0.0,0.0,0.0
5,3,0.0,0.07109144,0.0,0.9289085,0.0,0.0,0.0,0.0,0.0
5,3,0.0,0.07109144,0.0,0.9289085,0.0,0.0,0.0,0.0,0.0
5,3,0.0,0.07109144,0.0,0.9289085,0.0,0.0,0.0,0.0,0.0
5,3,0.0,0.07109144,0.0,0.9289085,0.0,0.0,0.0,0.0,0.0
5,3,0.0,0.07109144,0.0,0.9289085,0.0,0.0,0.0,0.0,0.0
5,3,0.0,0.07109144,0.0,0.9289085,0.0,0.0,0.0,0.0,0.0
5,3,0.0,0.07109144,0.0,0.9289085,0.0,0.0,0.0,0.0,0.0
5,3,0.0,0.07109144,0.0,0.9289085,0.0,0.0,0.0,0.0,0.0
5,3,0.0,0.07109144,0.0,0.9289085,0.0,0.0,0.0,0.0,0.0
5,3,0.0,0.07109144,0.0,0.9289085,0.0,0.0,0.0,0.0,0.0
5,3,0.0,0.07109144,0.0,0.9289085,0.0,0.0,0.0,0.0,0.0
5,3,0.0,0.07109144,0.0,0.9289085,0.0,0.0,0.0,0.0,0.0
5,3,0.0,0.07109144,0.0,0.9289085,0.0,0.0,0.0,0.0,0.0
5,3,0.0,0.07109144,0.0,0.9289085,0.0,0.0,0.0,0.0,0.0
5,3,0.0,0.07109144,0.0,0.9289085,0.0,0.0,0.0,0.0,0.0
5,3,0.0,0.07109144,0.0,0.9289085,0.0,0.0,0.0,0.0,0.0
5,3,0.0,0.07109144,0.0,0.9289085,0.0,0.0,0.0,0.0,0.0
5,3,0.0,0.07109144,0.0,0.9289085,0.0,0.0,0.0,0.0,0.0
5,3,0.0,0.07109144,0.0,0.9289085,0.0,0.0,0.0,0.0,0.0
5,3,0.0,0.07109144,0.0,0.9289085,0.0,0.0,0.0,0.0,0.0
5,3,0.0,0.07109144,0.0,0.9289085,0.0,0.0,0.0,0.0,0.0
5,3,0.0,0.07109144,0.0,0.9289085,0.0,0.0,0.0,0.0,0.0
5,3,0.0,0.07109144,0.0,0.9289085,0.0,0.0,0.0,0.0,0.0
5,3,0.0,0.07109144,0.0,0.9289085,0.0,0.0,0.0,0.0,0.0
5,3,0.0,0.07109144,0.0,0.9289085,0.0,0.0,0.0,0.0,0.0
5,3,0.0,0.07109144,0.0,0.9289085,0.0,0.0,0.0,0.0,0.0
5,3,0.0,0.0,0.0,1.0,0.0,0.0,0.0,0.0,0.0
5,3,0.0,0.0,0.0,1.0,0.0,0.0,0.0,0.0,0.0
5,3,0.0,0.0,0.0,1.0,0.0,0.0,0.0,0.0,0.0
5,3,0.0,0.0,0.0,1.0,0.0,0.0,0.0,0.0,0.0
5,3,0.0,0.0,0.0,1.0,0.0,0.0,0.0,0.0,0.0
5,3,0.0,0.0,0.0,1.0,0.0,0.0,0.0,0.0,0.0
5,3,0.0,0.0,0.0,1.0,0.0,0.0,0.0,0.0,0.0
5,3,0.0,0.0,0.0,1.0,0.0,0.0,0.0,0.0,0.0
5,3,0.0,0.0,0.0,1.0,0.0,0.0,0.0,0.0,0.0
5,3,0.0,0.0,0.0,1.0,0.0,0.0,0.0,0.0,0.0
5,3,0.0,0.0,0.0,1.0,0.0,0.0,0.0,0.0,0.0
5,3,0.0,0.0,0.0,1.0,0.0,0.0,0.0,0.0,0.0
5,3,0.0,0.0,0.0,1.0,0.0,0.0,0.0,0.0,0.0
5,3,0.06917775,0.0,0.0,0.93082225,0.0,0.0,0.0,0.0,0.0
5,3,0.06917775,0.0,0.0,0.93082225,0.0,0.0,0.0,0.0,0.0
5,3,0.06917775,0.0,0.0,0.93082225,0.0,0.0,0.0,0.0,0.0
5,3,0.06917775,0.0,0.0,0.93082225,0.0,0.0,0.0,0.0,0.0
5,3,0.06917775,0.0,0.0,0.93082225,0.0,0.0,0.0,0.0,0.0
5,3,0.06917775,0.0,0.0,0.93082225,0.0,0.0,0.0,0.0,0.0
5,3,0.06917775,0.0,0.0,0.93082225,0.0,0.0,0.0,0.0,0.0
5,3,0.06917775,0.0,0.0,0.93082225,0.0,0.0,0.0,0.0,0.0
5,3,0.06917775,0.0,0.0,0.93082225,0.0,0.0,0.0,0.0,0.0
5,3,0.06917775,0.0,0.0,0.93082225,0.0,0.0,0.0,0.0,0.0
5,3,0.06917775,0.0,0.0,0.93082225,0.0,0.0,0.0,0.0,0.0
5,3,0.06917775,0.0,0.0,0.93082225,0.0,0.0,0.0,0.0,0.0
5,3,0.06917775,0.0,0.0,0.93082225,0.0,0.0,0.0,0.0,0.0
5,3,0.06917775,0.0,0.0,0.93082225,0.0,0.0,0.0,0.0,0.0
5,3,0.06917775,0.0,0.0,0.93082225,0.0,0.0,0.0,0.0,0.0
5,3,0.06917775,0.0,0.0,0.93082225,0.0,0.0,0.0,0.0,0.0
5,3,0.06917775,0.0,0.0,0.93082225,0.0,0.0,0.0,0.0,0.0
5,3,0.06917775,0.0,0.0,0.93082225,0.0,0.0,0.0,0.0,0.0
5,3,0.06917775,0.0,0.0,0.93082225,0.0,0.0,0.0,0.0,0.0
5,3,0.06917775,0.0,0.0,0.93082225,0.0,0.0,0.0,0.0,0.0
5,3,0.06917775,0.0,0.0,0.93082225,0.0,0.0,0.0,0.0,0.0
5,3,0.06917775,0.0,0.0,0.93082225,0.0,0.0,0.0,0.0,0.0
5,3,0.06917775,0.0,0.0,0.93082225,0.0,0.0,0.0,0.0,0.0
5,3,0.06917775,0.0,0.0,0.93082225,0.0,0.0,0.0,0.0,0.0
5,3,0.06917775,0.0,0.0,0.93082225,0.0,0.0,0.0,0.0,0.0
5,3,0.06917775,0.0,0.0,0.93082225,0.0,0.0,0.0,0.0,0.0
5,3,0.06917775,0.0,0.0,0.93082225,0.0,0.0,0.0,0.0,0.0
5,3,0.06917775,0.0,0.0,0.93082225,0.0,0.0,0.0,0.0,0.0
5,3,0.06917775,0.0,0.0,0.93082225,0.0,0.0,0.0,0.0,0.0
5,3,0.06917775,0.0,0.0,0.93082225,0.0,0.0,0.0,0.0,0.0
5,3,0.06917775,0.0,0.0,0.93082225,0.0,0.0,0.0,0.0,0.0
5,3,0.06917775,0.0,0.0,0.93082225,0.0,0.0,0.0,0.0,0.0
5,3,0.12834707,0.0,0.0,0.87165296,0.0,0.0,0.0,0.0,0.0
5,3,0.12834707,0.0,0.0,0.87165296,0.0,0.0,0.0,0.0,0.0
5,3,0.12834707,0.0,0.0,0.87165296,0.0,0.0,0.0,0.0,0.0
5,3,0.12834707,0.0,0.0,0.87165296,0.0,0.0,0.0,0.0,0.0
5,3,0.12834707,0.0,0.0,0.87165296,0.0,0.0,0.0,0.0,0.0
5,3,0.12834707,0.0,0.0,0.87165296,0.0,0.0,0.0,0.0,0.0
5,3,0.05916933,0.0,0.0,0.9408307,0.0,0.0,0.0,0.0,0.0
5,3,0.05916933,0.0,0.0,0.9408307,0.0,0.0,0.0,0.0,0.0
5,3,0.05916933,0.0,0.0,0.9408307,0.0,0.0,0.0,0.0,0.0
5,3,0.05916933,0.0,0.0,0.9408307,0.0,0.0,0.0,0.0,0.0
5,3,0.05916933,0.0,0.0,0.9408307,0.0,0.0,0.0,0.0,0.0
5,3,0.05916933,0.0,0.0,0.9408307,0.0,0.0,0.0,0.0,0.0
5,3,0.05916933,0.0,0.0,0.9408307,0.0,0.0,0.0,0.0,0.0
5,3,0.05916933,0.0,0.0,0.9408307,0.0,0.0,0.0,0.0,0.0
5,3,0.05916933,0.0,0.0,0.9408307,0.0,0.0,0.0,0.0,0.0
5,3,0.05916933,0.0,0.0,0.9408307,0.0,0.0,0.0,0.0,0.0
5,3,0.05916933,0.0,0.0,0.9408307,0.0,0.0,0.0,0.0,0.0
5,3,0.05916933,0.0,0.0,0.9408307,0.0,0.0,0.0,0.0,0.0
5,3,0.05916933,0.0,0.0,0.9408307,0.0,0.0,0.0,0.0,0.0
5,3,0.05916933,0.0,0.0,0.9408307,0.0,0.0,0.0,0.0,0.0
5,3,0.05916933,0.0,0.0,0.9408307,0.0,0.0,0.0,0.0,0.0
5,3,0.05916933,0.0,0.0,0.9408307,0.0,0.0,0.0,0.0,0.0
5,3,0.05916933,0.0,0.0,0.9408307,0.0,0.0,0.0,0.0,0.0
5,3,0.05916933,0.0,0.0,0.9408307,0.0,0.0,0.0,0.0,0.0
5,3,0.05916933,0.0,0.0,0.9408307,0.0,0.0,0.0,0.0,0.0
5,3,0.05916933,0.0,0.0,0.9408307,0.0,0.0,0.0,0.0,0.0
5,3,0.05916933,0.0,0.0,0.9408307,0.0,0.0,0.0,0.0,0.0
5,3,0.05916933,0.0,0.0,0.9408307,0.0,0.0,0.0,0.0,0.0
5,3,0.05916933,0.0,0.0,0.9408307,0.0,0.0,0.0,0.0,0.0
5,3,0.05916933,0.0,0.0,0.9408307,0.0,0.0,0.0,0.0,0.0
5,3,0.05916933,0.0,0.0,0.9408307,0.0,0.0,0.0,0.0,0.0
5,3,0.05916933,0.0,0.0,0.9408307,0.0,0.0,0.0,0.0,0.0
5,3,0.05916933,0.0,0.0,0.9408307,0.0,0.0,0.0,0.0,0.0
5,3,0.05916933,0.0,0.0,0.9408307,0.0,0.0,0.0,0.0,0.0
5,3,0.05916933,0.0,0.0,0.9408307,0.0,0.0,0.0,0.0,0.0
5,3,0.05916933,0.0,0.0,0.9408307,0.0,0.0,0.0,0.0,0.0
5,3,0.05916933,0.0,0.0,0.9408307,0.0,0.0,0.0,0.0,0.0
5,3,0.05916933,0.0,0.0,0.9408307,0.0,0.0,0.0,0.0,0.0
5,3,0.05916933,0.0,0.0,0.9408307,0.0,0.0,0.0,0.0,0.0
5,3,0.05916933,0.0,0.0,0.9408307,0.0,0.0,0.0,0.0,0.0
5,3,0.05916933,0.0,0.0,0.9408307,0.0,0.0,0.0,0.0,0.0
5,3,0.05916933,0.0,0.0,0.9408307,0.0,0.0,0.0,0.0,0.0
5,3,0.05916933,0.0,0.0,0.9408307,0.0,0.0,0.0,0.0,0.0
5,3,0.05916933,0.0,0.0,0.9408307,0.0,0.0,0.0,0.0,0.0
5,3,0.05916933,0.0,0.0,0.9408307,0.0,0.0,0.0,0.0,0.0
5,3,0.05916933,0.0,0.0,0.9408307,0.0,0.0,0.0,0.0,0.0
5,3,0.05916933,0.0,0.0,0.9408307,0.0,0.0,0.0,0.0,0.0
5,3,0.05916933,0.0,0.0,0.9408307,0.0,0.0,0.0,0.0,0.0
5,3,0.05916933,0.0,0.0,0.9408307,0.0,0.0,0.0,0.0,0.0
5,3,0.05916933,0.0,0.0,0.9408307,0.0,0.0,0.0,0.0,0.0
5,3,0.05916933,0.0,0.0,0.9408307,0.0,0.0,0.0,0.0,0.0
5,3,0.05916933,0.0,0.0,0.9408307,0.0,0.0,0.0,0.0,0.0
5,3,0.05916933,0.0,0.0,0.9408307,0.0,0.0,0.0,0.0,0.0
5,3,0.05916933,0.0,0.0,0.9408307,0.0,0.0,0.0,0.0,0.0
5,3,0.05916933,0.0,0.0,0.9408307,0.0,0.0,0.0,0.0,0.0
5,3,0.05916933,0.0,0.0,0.9408307,0.0,0.0,0.0,0.0,0.0
5,3,0.05916933,0.0,0.0,0.9408307,0.0,0.0,0.0,0.0,0.0
5,3,0.05916933,0.0,0.0,0.9408307,0.0,0.0,0.0,0.0,0.0
5,3,0.05916933,0.0,0.0,0.9408307,0.0,0.0,0.0,0.0,0.0
5,3,0.05916933,0.0,0.0,0.9408307,0.0,0.0,0.0,0.0,0.0
5,3,0.05916933,0.0,0.0,0.9408307,0.0,0.0,0.0,0.0,0.0
5,3,0.05916933,0.0,0.0,0.9408307,0.0,0.0,0.0,0.0,0.0
5,3,0.05916933,0.0,0.0,0.9408307,0.0,0.0,0.0,0.0,0.0
5,3,0.05916933,0.0,0.0,0.9408307,0.0,0.0,0.0,0.0,0.0
5,3,0.05916933,0.0,0.0,0.9408307,0.0,0.0,0.0,0.0,0.0
5,3,0.05916933,0.0,0.0,0.9408307,0.0,0.0,0.0,0.0,0.0
5,3,0.05916933,0.0,0.0,0.9408307,0.0,0.0,0.0,0.0,0.0
5,3,0.05916933,0.0,0.0,0.9408307,0.0,0.0,0.0,0.0,0.0
5,3,0.05916933,0.0,0.0,0.9408307,0.0,0.0,0.0,0.0,0.0
5,3,0.05916933,0.0,0.0,0.9408307,0.0,0.0,0.0,0.0,0.0
5,3,0.05916933,0.0,0.0,0.9408307,0.0,0.0,0.0,0.0,0.0
5,3,0.05916933,0.0,0.0,0.9408307,0.0,0.0,0.0,0.0,0.0
5,3,0.05916933,0.0,0.0,0.9408307,0.0,0.0,0.0,0.0,0.0
5,3,0.05916933,0.0,0.0,0.9408307,0.0,0.0,0.0,0.0,0.0
5,3,0.05916933,0.0,0.0,0.9408307,0.0,0.0,0.0,0.0,0.0
5,3,0.05916933,0.0,0.0,0.9408307,0.0,0.0,0.0,0.0,0.0
5,3,0.05916933,0.0,0.0,0.9408307,0.0,0.0,0.0,0.0,0.0
5,3,0.05916933,0.0,0.0,0.9408307,0.0,0.0,0.0,0.0,0.0
5,3,0.05916933,0.0,0.0,0.9408307,0.0,0.0,0.0,0.0,0.0
5,3,0.05916933,0.0,0.0,0.9408307,0.0,0.0,0.0,0.0,0.0
5,3,0.05916933,0.0,0.0,0.9408307,0.0,0.0,0.0,0.0,0.0
5,3,0.05916933,0.0,0.0,0.9408307,0.0,0.0,0.0,0.0,0.0
5,3,0.12834707,0.0,0.0,0.87165296,0.0,0.0,0.0,0.0,0.0
5,3,0.12834707,0.0,0.0,0.87165296,0.0,0.0,0.0,0.0,0.0
5,3,0.12834707,0.0,0.0,0.87165296,0.0,0.0,0.0,0.0,0.0
5,3,0.12834707,0.0,0.0,0.87165296,0.0,0.0,0.0,0.0,0.0
5,3,0.12834707,0.0,0.0,0.87165296,0.0,0.0,0.0,0.0,0.0
5,3,0.12834707,0.0,0.0,0.87165296,0.0,0.0,0.0,0.0,0.0
5,3,0.12834707,0.0,0.0,0.87165296,0.0,0.0,0.0,0.0,0.0
5,3,0.12834707,0.0,0.0,0.87165296,0.0,0.0,0.0,0.0,0.0
5,3,0.12834707,0.0,0.0,0.87165296,0.0,0.0,0.0,0.0,0.0
5,3,0.12834707,0.0,0.0,0.87165296,0.0,0.0,0.0,0.0,0.0
5,3,0.12834707,0.0,0.0,0.87165296,0.0,0.0,0.0,0.0,0.0
5,3,0.12834707,0.0,0.0,0.87165296,0.0,0.0,0.0,0.0,0.0
5,3,0.12834707,0.0,0.0,0.87165296,0.0,0.0,0.0,0.0,0.0
5,3,0.12834707,0.0,0.0,0.87165296,0.0,0.0,0.0,0.0,0.0
5,3,0.12834707,0.0,0.0,0.87165296,0.0,0.0,0.0,0.0,0.0
5,3,0.12834707,0.0,0.0,0.87165296,0.0,0.0,0.0,0.0,0.0
5,3,0.12834707,0.0,0.0,0.87165296,0.0,0.0,0.0,0.0,0.0
5,3,0.12834707,0.0,0.0,0.87165296,0.0,0.0,0.0,0.0,0.0
5,3,0.12834707,0.0,0.0,0.87165296,0.0,0.0,0.0,0.0,0.0
5,3,0.12834707,0.0,0.0,0.87165296,0.0,0.0,0.0,0.0,0.0
5,3,0.12834707,0.0,0.0,0.87165296,0.0,0.0,0.0,0.0,0.0
5,3,0.12834707,0.0,0.0,0.87165296,0.0,0.0,0.0,0.0,0.0
5,3,0.12834707,0.0,0.0,0.87165296,0.0,0.0,0.0,0.0,0.0
5,3,0.12834707,0.0,0.0,0.87165296,0.0,0.0,0.0,0.0,0.0
5,3,0.12834707,0.0,0.0,0.87165296,0.0,0.0,0.0,0.0,0.0
5,3,0.12834707,0.0,0.0,0.87165296,0.0,0.0,0.0,0.0,0.0
5,3,0.12834707,0.0,0.0,0.87165296,0.0,0.0,0.0,0.0,0.0
5,3,0.12834707,0.0,0.0,0.87165296,0.0,0.0,0.0,0.0,0.0
5,3,0.12834707,0.0,0.0,0.87165296,0.0,0.0,0.0,0.0,0.0
5,3,0.12834707,0.0,0.0,0.87165296,0.0,0.0,0.0,0.0,0.0
5,3,0.12834707,0.0,0.0,0.87165296,0.0,0.0,0.0,0.0,0.0
5,3,0.12834707,0.0,0.0,0.87165296,0.0,0.0,0.0,0.0,0.0
5,3,0.12834707,0.0,0.0,0.87165296,0.0,0.0,0.0,0.0,0.0
5,3,0.12834707,0.0,0.0,0.87165296,0.0,0.0,0.0,0.0,0.0
5,3,0.12834707,0.0,0.0,0.87165296,0.0,0.0,0.0,0.0,0.0
5,3,0.12834707,0.0,0.0,0.87165296,0.0,0.0,0.0,0.0,0.0
5,3,0.12834707,0.0,0.0,0.87165296,0.0,0.0,0.0,0.0,0.0
5,3,0.12834707,0.0,0.0,0.87165296,0.0,0.0,0.0,0.0,0.0
5,3,0.05916933,0.0,0.0,0.9408307,0.0,0.0,0.0,0.0,0.0
5,3,0.05916933,0.0,0.0,0.9408307,0.0,0.0,0.0,0.0,0.0
5,3,0.05916933,0.0,0.0,0.9408307,0.0,0.0,0.0,0.0,0.0
5,3,0.05916933,0.0,0.0,0.9408307,0.0,0.0,0.0,0.0,0.0
5,3,0.05916933,0.0,0.0,0.9408307,0.0,0.0,0.0,0.0,0.0
5,3,0.05916933,0.0,0.0,0.9408307,0.0,0.0,0.0,0.0,0.0
5,3,0.05916933,0.0,0.0,0.9408307,0.0,0.0,0.0,0.0,0.0
5,3,0.05916933,0.0,0.0,0.9408307,0.0,0.0,0.0,0.0,0.0
5,3,0.05916933,0.0,0.0,0.9408307,0.0,0.0,0.0,0.0,0.0
5,3,0.05916933,0.0,0.0,0.9408307,0.0,0.0,0.0,0.0,0.0
5,3,0.05916933,0.0,0.0,0.9408307,0.0,0.0,0.0,0.0,0.0
5,3,0.05916933,0.0,0.0,0.9408307,0.0,0.0,0.0,0.0,0.0
5,3,0.05916933,0.0,0.0,0.9408307,0.0,0.0,0.0,0.0,0.0
5,3,0.05916933,0.0,0.0,0.9408307,0.0,0.0,0.0,0.0,0.0
5,3,0.05916933,0.0,0.0,0.9408307,0.0,0.0,0.0,0.0,0.0
5,3,0.05916933,0.0,0.0,0.9408307,0.0,0.0,0.0,0.0,0.0
5,3,0.05916933,0.0,0.0,0.9408307,0.0,0.0,0.0,0.0,0.0
5,3,0.05916933,0.0,0.0,0.9408307,0.0,0.0,0.0,0.0,0.0
5,3,0.05916933,0.0,0.0,0.9408307,0.0,0.0,0.0,0.0,0.0
5,3,0.05916933,0.0,0.0,0.9408307,0.0,0.0,0.0,0.0,0.0
5,3,0.05916933,0.0,0.0,0.9408307,0.0,0.0,0.0,0.0,0.0
5,3,0.05916933,0.0,0.0,0.9408307,0.0,0.0,0.0,0.0,0.0
5,3,0.05916933,0.0,0.0,0.9408307,0.0,0.0,0.0,0.0,0.0
5,3,0.05916933,0.0,0.0,0.9408307,0.0,0.0,0.0,0.0,0.0
5,3,0.05916933,0.0,0.0,0.9408307,0.0,0.0,0.0,0.0,0.0
5,3,0.05916933,0.0,0.0,0.9408307,0.0,0.0,0.0,0.0,0.0
5,3,0.05916933,0.0,0.0,0.9408307,0.0,0.0,0.0,0.0,0.0
5,3,0.05916933,0.0,0.0,0.9408307,0.0,0.0,0.0,0.0,0.0
5,3,0.05916933,0.0,0.0,0.9408307,0.0,0.0,0.0,0.0,0.0
5,3,0.05916933,0.0,0.0,0.9408307,0.0,0.0,0.0,0.0,0.0
5,3,0.05916933,0.0,0.0,0.9408307,0.0,0.0,0.0,0.0,0.0
5,3,0.05916933,0.0,0.0,0.9408307,0.0,0.0,0.0,0.0,0.0
5,3,0.05916933,0.0,0.0,0.9408307,0.0,0.0,0.0,0.0,0.0
5,3,0.05916933,0.0,0.0,0.9408307,0.0,0.0,0.0,0.0,0.0
5,3,0.05916933,0.0,0.0,0.9408307,0.0,0.0,0.0,0.0,0.0
5,3,0.05916933,0.0,0.0,0.9408307,0.0,0.0,0.0,0.0,0.0
5,3,0.05916933,0.0,0.0,0.9408307,0.0,0.0,0.0,0.0,0.0
5,3,0.05916933,0.0,0.0,0.9408307,0.0,0.0,0.0,0.0,0.0
5,3,0.05916933,0.0,0.0,0.9408307,0.0,0.0,0.0,0.0,0.0
5,3,0.05916933,0.0,0.0,0.9408307,0.0,0.0,0.0,0.0,0.0
5,3,0.05916933,0.0,0.0,0.9408307,0.0,0.0,0.0,0.0,0.0
5,3,0.05916933,0.0,0.0,0.9408307,0.0,0.0,0.0,0.0,0.0
5,3,0.05916933,0.0,0.0,0.9408307,0.0,0.0,0.0,0.0,0.0
5,3,0.05916933,0.0,0.0,0.9408307,0.0,0.0,0.0,0.0,0.0
5,3,0.05916933,0.0,0.0,0.9408307,0.0,0.0,0.0,0.0,0.0
5,3,0.05916933,0.0,0.0,0.9408307,0.0,0.0,0.0,0.0,0.0
5,3,0.05916933,0.0,0.0,0.9408307,0.0,0.0,0.0,0.0,0.0
5,3,0.05916933,0.0,0.0,0.9408307,0.0,0.0,0.0,0.0,0.0
5,3,0.12388463,0.0,0.0,0.8761154,0.0,0.0,0.0,0.0,0.0
5,3,0.12388463,0.0,0.0,0.8761154,0.0,0.0,0.0,0.0,0.0
5,3,0.12388463,0.0,0.0,0.8761154,0.0,0.0,0.0,0.0,0.0
5,3,0.12388463,0.0,0.0,0.8761154,0.0,0.0,0.0,0.0,0.0
5,3,0.12388463,0.0,0.0,0.8761154,0.0,0.0,0.0,0.0,0.0
5,3,0.12388463,0.0,0.0,0.8761154,0.0,0.0,0.0,0.0,0.0
5,3,0.12388463,0.0,0.0,0.8761154,0.0,0.0,0.0,0.0,0.0
5,3,0.12388463,0.0,0.0,0.8761154,0.0,0.0,0.0,0.0,0.0
5,3,0.12388463,0.0,0.0,0.8761154,0.0,0.0,0.0,0.0,0.0
5,3,0.12388463,0.0,0.0,0.8761154,0.0,0.0,0.0,0.0,0.0
5,3,0.12388463,0.0,0.0,0.8761154,0.0,0.0,0.0,0.0,0.0
5,3,0.12388463,0.0,0.0,0.8761154,0.0,0.0,0.0,0.0,0.0
5,3,0.12388463,0.0,0.0,0.8761154,0.0,0.0,0.0,0.0,0.0
5,3,0.12388463,0.0,0.0,0.8761154,0.0,0.0,0.0,0.0,0.0
5,3,0.12388463,0.0,0.0,0.8761154,0.0,0.0,0.0,0.0,0.0
5,3,0.12388463,0.0,0.0,0.8761154,0.0,0.0,0.0,0.0,0.0
5,3,0.18636464,0.0,0.0,0.81363535,0.0,0.0,0.0,0.0,0.0
5,3,0.18636464,0.0,0.0,0.81363535,0.0,0.0,0.0,0.0,0.0
5,3,0.18636464,0.0,0.0,0.81363535,0.0,0.0,0.0,0.0,0.0
5,3,0.18636464,0.0,0.0,0.81363535,0.0,0.0,0.0,0.0,0.0
5,3,0.18636464,0.0,0.0,0.81363535,0.0,0.0,0.0,0.0,0.0
5,3,0.18636464,0.0,0.0,0.81363535,0.0,0.0,0.0,0.0,0.0
5,3,0.18636464,0.0,0.0,0.81363535,0.0,0.0,0.0,0.0,0.0
5,3,0.18636464,0.0,0.0,0.81363535,0.0,0.0,0.0,0.0,0.0
5,3,0.18636464,0.0,0.0,0.81363535,0.0,0.0,0.0,0.0,0.0
5,3,0.18636464,0.0,0.0,0.81363535,0.0,0.0,0.0,0.0,0.0
5,3,0.18636464,0.0,0.0,0.81363535,0.0,0.0,0.0,0.0,0.0
5,3,0.18636464,0.0,0.0,0.81363535,0.0,0.0,0.0,0.0,0.0
5,3,0.18636464,0.0,0.0,0.81363535,0.0,0.0,0.0,0.0,0.0
5,3,0.18636464,0.0,0.0,0.81363535,0.0,0.0,0.0,0.0,0.0
5,3,0.18636464,0.0,0.0,0.81363535,0.0,0.0,0.0,0.0,0.0
5,3,0.18636464,0.0,0.0,0.81363535,0.0,0.0,0.0,0.0,0.0
5,3,0.18636464,0.0,0.0,0.81363535,0.0,0.0,0.0,0.0,0.0
5,3,0.18636464,0.0,0.0,0.81363535,0.0,0.0,0.0,0.0,0.0
5,3,0.18636464,0.0,0.0,0.81363535,0.0,0.0,0.0,0.0,0.0
5,3,0.18636464,0.0,0.0,0.81363535,0.0,0.0,0.0,0.0,0.0
5,3,0.18636464,0.0,0.0,0.81363535,0.0,0.0,0.0,0.0,0.0
5,3,0.18636464,0.0,0.0,0.81363535,0.0,0.0,0.0,0.0,0.0
5,3,0.18636464,0.0,0.0,0.81363535,0.0,0.0,0.0,0.0,0.0
5,3,0.18636464,0.0,0.0,0.81363535,0.0,0.0,0.0,0.0,0.0
5,3,0.18636464,0.0,0.0,0.81363535,0.0,0.0,0.0,0.0,0.0
5,3,0.18636464,0.0,0.0,0.81363535,0.0,0.0,0.0,0.0,0.0
5,3,0.18636464,0.0,0.0,0.81363535,0.0,0.0,0.0,0.0,0.0
5,3,0.18636464,0.0,0.0,0.81363535,0.0,0.0,0.0,0.0,0.0
5,3,0.18636464,0.0,0.0,0.81363535,0.0,0.0,0.0,0.0,0.0
5,3,0.18636464,0.0,0.0,0.81363535,0.0,0.0,0.0,0.0,0.0
5,3,0.18636464,0.0,0.0,0.81363535,0.0,0.0,0.0,0.0,0.0
5,3,0.18636464,0.0,0.0,0.81363535,0.0,0.0,0.0,0.0,0.0
5,3,0.18636464,0.0,0.0,0.81363535,0.0,0.0,0.0,0.0,0.0
5,3,0.18636464,0.0,0.0,0.81363535,0.0,0.0,0.0,0.0,0.0
5,3,0.18636464,0.0,0.0,0.81363535,0.0,0.0,0.0,0.0,0.0
5,3,0.18636464,0.0,0.0,0.81363535,0.0,0.0,0.0,0.0,0.0
5,3,0.18636464,0.0,0.0,0.81363535,0.0,0.0,0.0,0.0,0.0
5,3,0.18636464,0.0,0.0,0.81363535,0.0,0.0,0.0,0.0,0.0
5,3,0.18636464,0.0,0.0,0.81363535,0.0,0.0,0.0,0.0,0.0
5,3,0.18636464,0.0,0.0,0.81363535,0.0,0.0,0.0,0.0,0.0
5,3,0.18636464,0.0,0.0,0.81363535,0.0,0.0,0.0,0.0,0.0
5,3,0.18636464,0.0,0.0,0.81363535,0.0,0.0,0.0,0.0,0.0
5,3,0.18636464,0.0,0.0,0.81363535,0.0,0.0,0.0,0.0,0.0
5,3,0.18636464,0.0,0.0,0.81363535,0.0,0.0,0.0,0.0,0.0
5,3,0.18636464,0.0,0.0,0.81363535,0.0,0.0,0.0,0.0,0.0
5,3,0.18636464,0.0,0.0,0.81363535,0.0,0.0,0.0,0.0,0.0
5,3,0.18636464,0.0,0.0,0.81363535,0.0,0.0,0.0,0.0,0.0
5,3,0.18636464,0.0,0.0,0.81363535,0.0,0.0,0.0,0.0,0.0
5,3,0.18636464,0.0,0.0,0.81363535,0.0,0.0,0.0,0.0,0.0
5,3,0.18636464,0.0,0.0,0.81363535,0.0,0.0,0.0,0.0,0.0
5,3,0.18636464,0.0,0.0,0.81363535,0.0,0.0,0.0,0.0,0.0
5,3,0.18636464,0.0,0.0,0.81363535,0.0,0.0,0.0,0.0,0.0
5,3,0.18636464,0.0,0.0,0.81363535,0.0,0.0,0.0,0.0,0.0
5,3,0.18636464,0.0,0.0,0.81363535,0.0,0.0,0.0,0.0,0.0
5,3,0.18636464,0.0,0.0,0.81363535,0.0,0.0,0.0,0.0,0.0
5,3,0.18636464,0.0,0.0,0.81363535,0.0,0.0,0.0,0.0,0.0
5,3,0.18636462,0.058966536,0.0,0.75466883,0.0,0.0,0.0,0.0,0.0
5,3,0.18636462,0.058966536,0.0,0.75466883,0.0,0.0,0.0,0.0,0.0
5,3,0.18636462,0.058966536,0.0,0.75466883,0.0,0.0,0.0,0.0,0.0
5,3,0.18636462,0.058966536,0.0,0.75466883,0.0,0.0,0.0,0.0,0.0
5,3,0.18636462,0.058966536,0.0,0.75466883,0.0,0.0,0.0,0.0,0.0
5,3,0.18636462,0.058966536,0.0,0.75466883,0.0,0.0,0.0,0.0,0.0
5,3,0.18636462,0.058966536,0.0,0.75466883,0.0,0.0,0.0,0.0,0.0
5,3,0.18636462,0.058966536,0.0,0.75466883,0.0,0.0,0.0,0.0,0.0
5,3,0.18636462,0.058966536,0.0,0.75466883,0.0,0.0,0.0,0.0,0.0
5,3,0.18636462,0.058966536,0.0,0.75466883,0.0,0.0,0.0,0.0,0.0
5,3,0.18636462,0.058966536,0.0,0.75466883,0.0,0.0,0.0,0.0,0.0
5,3,0.18636462,0.058966536,0.0,0.75466883,0.0,0.0,0.0,0.0,0.0
5,3,0.18636462,0.058966536,0.0,0.75466883,0.0,0.0,0.0,0.0,0.0
5,3,0.18636462,0.058966536,0.0,0.75466883,0.0,0.0,0.0,0.0,0.0
5,3,0.18636462,0.058966536,0.0,0.75466883,0.0,0.0,0.0,0.0,0.0
5,3,0.18636462,0.058966536,0.0,0.75466883,0.0,0.0,0.0,0.0,0.0
5,3,0.18636462,0.058966536,0.0,0.75466883,0.0,0.0,0.0,0.0,0.0
5,3,0.18636462,0.058966536,0.0,0.75466883,0.0,0.0,0.0,0.0,0.0
5,3,0.18636462,0.058966536,0.0,0.75466883,0.0,0.0,0.0,0.0,0.0
5,3,0.18636462,0.058966536,0.0,0.75466883,0.0,0.0,0.0,0.0,0.0
5,3,0.18636462,0.058966536,0.0,0.75466883,0.0,0.0,0.0,0.0,0.0
5,3,0.18636462,0.058966536,0.0,0.75466883,0.0,0.0,0.0,0.0,0.0
5,3,0.18636462,0.058966536,0.0,0.75466883,0.0,0.0,0.0,0.0,0.0
5,3,0.18636462,0.058966536,0.0,0.75466883,0.0,0.0,0.0,0.0,0.0
5,3,0.18636462,0.058966536,0.0,0.75466883,0.0,0.0,0.0,0.0,0.0
5,3,0.18636462,0.058966536,0.0,0.75466883,0.0,0.0,0.0,0.0,0.0
5,3,0.18636462,0.058966536,0.0,0.75466883,0.0,0.0,0.0,0.0,0.0
5,3,0.18636462,0.058966536,0.0,0.75466883,0.0,0.0,0.0,0.0,0.0
5,3,0.18636462,0.058966536,0.0,0.75466883,0.0,0.0,0.0,0.0,0.0
5,3,0.18636462,0.058966536,0.0,0.75466883,0.0,0.0,0.0,0.0,0.0
5,3,0.18636462,0.058966536,0.0,0.75466883,0.0,0.0,0.0,0.0,0.0
5,3,0.18636462,0.058966536,0.0,0.75466883,0.0,0.0,0.0,0.0,0.0
5,3,0.18636462,0.058966536,0.0,0.75466883,0.0,0.0,0.0,0.0,0.0
5,3,0.18636462,0.058966536,0.0,0.75466883,0.0,0.0,0.0,0.0,0.0
5,3,0.18636462,0.058966536,0.0,0.75466883,0.0,0.0,0.0,0.0,0.0
5,3,0.18636462,0.058966536,0.0,0.75466883,0.0,0.0,0.0,0.0,0.0
5,3,0.18636462,0.058966536,0.0,0.75466883,0.0,0.0,0.0,0.0,0.0
5,3,0.18636462,0.058966536,0.0,0.75466883,0.0,0.0,0.0,0.0,0.0
5,3,0.18636462,0.058966536,0.0,0.75466883,0.0,0.0,0.0,0.0,0.0
5,3,0.18636462,0.058966536,0.0,0.75466883,0.0,0.0,0.0,0.0,0.0
5,3,0.18636462,0.058966536,0.0,0.75466883,0.0,0.0,0.0,0.0,0.0
5,3,0.18636462,0.058966536,0.0,0.75466883,0.0,0.0,0.0,0.0,0.0
5,3,0.18636462,0.058966536,0.0,0.75466883,0.0,0.0,0.0,0.0,0.0
5,3,0.18636462,0.058966536,0.0,0.75466883,0.0,0.0,0.0,0.0,0.0
5,3,0.18636462,0.058966536,0.0,0.75466883,0.0,0.0,0.0,0.0,0.0
5,3,0.18636462,0.058966536,0.0,0.75466883,0.0,0.0,0.0,0.0,0.0
5,3,0.18636462,0.058966536,0.0,0.75466883,0.0,0.0,0.0,0.0,0.0
5,3,0.18636462,0.058966536,0.0,0.75466883,0.0,0.0,0.0,0.0,0.0
5,3,0.18636462,0.058966536,0.0,0.75466883,0.0,0.0,0.0,0.0,0.0
5,3,0.18636462,0.058966536,0.0,0.75466883,0.0,0.0,0.0,0.0,0.0
5,3,0.18636462,0.058966536,0.0,0.75466883,0.0,0.0,0.0,0.0,0.0
5,3,0.18636462,0.058966536,0.0,0.75466883,0.0,0.0,0.0,0.0,0.0
5,3,0.18636462,0.058966536,0.0,0.75466883,0.0,0.0,0.0,0.0,0.0
5,3,0.18636462,0.058966536,0.0,0.75466883,0.0,0.0,0.0,0.0,0.0
5,3,0.18636462,0.058966536,0.0,0.75466883,0.0,0.0,0.0,0.0,0.0
5,3,0.18636462,0.058966536,0.0,0.75466883,0.0,0.0,0.0,0.0,0.0
5,3,0.18636462,0.058966536,0.0,0.75466883,0.0,0.0,0.0,0.0,0.0
5,3,0.18636462,0.058966536,0.0,0.75466883,0.0,0.0,0.0,0.0,0.0
5,3,0.18636462,0.058966536,0.0,0.75466883,0.0,0.0,0.0,0.0,0.0
5,3,0.18636462,0.058966536,0.0,0.75466883,0.0,0.0,0.0,0.0,0.0
5,3,0.18636462,0.058966536,0.0,0.75466883,0.0,0.0,0.0,0.0,0.0
5,3,0.18636462,0.058966536,0.0,0.75466883,0.0,0.0,0.0,0.0,0.0
5,3,0.18636462,0.058966536,0.0,0.75466883,0.0,0.0,0.0,0.0,0.0
5,3,0.18636462,0.058966536,0.0,0.75466883,0.0,0.0,0.0,0.0,0.0
5,3,0.18636462,0.058966536,0.0,0.75466883,0.0,0.0,0.0,0.0,0.0
5,3,0.18636462,0.058966536,0.0,0.75466883,0.0,0.0,0.0,0.0,0.0
5,3,0.18636462,0.058966536,0.0,0.75466883,0.0,0.0,0.0,0.0,0.0
5,3,0.18636462,0.058966536,0.0,0.75466883,0.0,0.0,0.0,0.0,0.0
5,3,0.18636462,0.058966536,0.0,0.75466883,0.0,0.0,0.0,0.0,0.0
5,3,0.18636462,0.058966536,0.0,0.75466883,0.0,0.0,0.0,0.0,0.0
5,3,0.18636462,0.058966536,0.0,0.75466883,0.0,0.0,0.0,0.0,0.0
5,3,0.18636462,0.058966536,0.0,0.75466883,0.0,0.0,0.0,0.0,0.0
5,3,0.12388462,0.058966536,0.0,0.81714886,0.0,0.0,0.0,0.0,0.0
5,3,0.12388462,0.058966536,0.0,0.81714886,0.0,0.0,0.0,0.0,0.0
5,3,0.12388462,0.058966536,0.0,0.81714886,0.0,0.0,0.0,0.0,0.0
5,3,0.12388462,0.058966536,0.0,0.81714886,0.0,0.0,0.0,0.0,0.0
5,3,0.12388462,0.058966536,0.0,0.81714886,0.0,0.0,0.0,0.0,0.0
5,3,0.12388462,0.058966536,0.0,0.81714886,0.0,0.0,0.0,0.0,0.0
5,3,0.12388462,0.058966536,0.0,0.81714886,0.0,0.0,0.0,0.0,0.0
5,3,0.12388462,0.058966536,0.0,0.81714886,0.0,0.0,0.0,0.0,0.0
5,3,0.12388462,0.058966536,0.0,0.81714886,0.0,0.0,0.0,0.0,0.0
5,3,0.12388462,0.058966536,0.0,0.81714886,0.0,0.0,0.0,0.0,0.0
5,3,0.12388462,0.058966536,0.0,0.81714886,0.0,0.0,0.0,0.0,0.0
5,3,0.12388462,0.058966536,0.0,0.81714886,0.0,0.0,0.0,0.0,0.0
5,3,0.12388462,0.058966536,0.0,0.81714886,0.0,0.0,0.0,0.0,0.0
5,3,0.12388462,0.058966536,0.0,0.81714886,0.0,0.0,0.0,0.0,0.0
5,3,0.12388462,0.058966536,0.0,0.81714886,0.0,0.0,0.0,0.0,0.0
5,3,0.12388462,0.058966536,0.0,0.81714886,0.0,0.0,0.0,0.0,0.0
5,3,0.12388462,0.058966536,0.0,0.81714886,0.0,0.0,0.0,0.0,0.0
5,3,0.12388462,0.058966536,0.0,0.81714886,0.0,0.0,0.0,0.0,0.0
5,3,0.12388462,0.058966536,0.0,0.81714886,0.0,0.0,0.0,0.0,0.0
5,3,0.12388462,0.058966536,0.0,0.81714886,0.0,0.0,0.0,0.0,0.0
5,3,0.12388462,0.058966536,0.0,0.81714886,0.0,0.0,0.0,0.0,0.0
5,3,0.12388462,0.058966536,0.0,0.81714886,0.0,0.0,0.0,0.0,0.0
5,3,0.12388462,0.058966536,0.0,0.81714886,0.0,0.0,0.0,0.0,0.0
5,3,0.12388462,0.058966536,0.0,0.81714886,0.0,0.0,0.0,0.0,0.0
5,3,0.12388462,0.058966536,0.0,0.81714886,0.0,0.0,0.0,0.0,0.0
5,3,0.12388462,0.058966536,0.0,0.81714886,0.0,0.0,0.0,0.0,0.0
5,3,0.12388462,0.058966536,0.0,0.81714886,0.0,0.0,0.0,0.0,0.0
5,3,0.12388462,0.058966536,0.0,0.81714886,0.0,0.0,0.0,0.0,0.0
5,3,0.12388462,0.058966536,0.0,0.81714886,0.0,0.0,0.0,0.0,0.0
5,3,0.12388462,0.058966536,0.0,0.81714886,0.0,0.0,0.0,0.0,0.0
5,3,0.12388462,0.058966536,0.0,0.81714886,0.0,0.0,0.0,0.0,0.0
5,3,0.12388462,0.058966536,0.0,0.81714886,0.0,0.0,0.0,0.0,0.0
5,3,0.12388462,0.058966536,0.0,0.81714886,0.0,0.0,0.0,0.0,0.0
5,3,0.12388462,0.058966536,0.0,0.81714886,0.0,0.0,0.0,0.0,0.0
5,3,0.12388462,0.058966536,0.0,0.81714886,0.0,0.0,0.0,0.0,0.0
5,3,0.12388462,0.058966536,0.0,0.81714886,0.0,0.0,0.0,0.0,0.0
5,3,0.12388462,0.058966536,0.0,0.81714886,0.0,0.0,0.0,0.0,0.0
5,3,0.12388462,0.058966536,0.0,0.81714886,0.0,0.0,0.0,0.0,0.0
5,3,0.12388462,0.058966536,0.0,0.81714886,0.0,0.0,0.0,0.0,0.0
5,3,0.12388462,0.058966536,0.0,0.81714886,0.0,0.0,0.0,0.0,0.0
5,3,0.12388462,0.058966536,0.0,0.81714886,0.0,0.0,0.0,0.0,0.0
5,3,0.12388462,0.058966536,0.0,0.81714886,0.0,0.0,0.0,0.0,0.0
5,3,0.12388462,0.058966536,0.0,0.81714886,0.0,0.0,0.0,0.0,0.0
5,3,0.12388462,0.058966536,0.0,0.81714886,0.0,0.0,0.0,0.0,0.0
5,3,0.12388462,0.058966536,0.0,0.81714886,0.0,0.0,0.0,0.0,0.0
5,3,0.12388462,0.058966536,0.0,0.81714886,0.0,0.0,0.0,0.0,0.0
5,3,0.12388462,0.058966536,0.0,0.81714886,0.0,0.0,0.0,0.0,0.0
5,3,0.12388462,0.058966536,0.0,0.81714886,0.0,0.0,0.0,0.0,0.0
5,3,0.12388462,0.058966536,0.0,0.81714886,0.0,0.0,0.0,0.0,0.0
5,3,0.12388462,0.058966536,0.0,0.81714886,0.0,0.0,0.0,0.0,0.0
5,3,0.12388462,0.058966536,0.0,0.81714886,0.0,0.0,0.0,0.0,0.0
5,3,0.12388462,0.058966536,0.0,0.81714886,0.0,0.0,0.0,0.0,0.0
5,3,0.12388462,0.058966536,0.0,0.81714886,0.0,0.0,0.0,0.0,0.0
5,3,0.12388462,0.058966536,0.0,0.81714886,0.0,0.0,0.0,0.0,0.0
5,3,0.12388462,0.058966536,0.0,0.81714886,0.0,0.0,0.0,0.0,0.0
5,3,0.12388462,0.058966536,0.0,0.81714886,0.0,0.0,0.0,0.0,0.0
5,3,0.12388462,0.058966536,0.0,0.81714886,0.0,0.0,0.0,0.0,0.0
5,3,0.12388462,0.058966536,0.0,0.81714886,0.0,0.0,0.0,0.0,0.0
5,3,0.12388462,0.058966536,0.0,0.81714886,0.0,0.0,0.0,0.0,0.0
5,3,0.12388462,0.058966536,0.0,0.81714886,0.0,0.0,0.0,0.0,0.0
5,3,0.12388462,0.058966536,0.0,0.81714886,0.0,0.0,0.0,0.0,0.0
5,3,0.12388462,0.058966536,0.0,0.81714886,0.0,0.0,0.0,0.0,0.0
5,3,0.12388462,0.058966536,0.0,0.81714886,0.0,0.0,0.0,0.0,0.0
5,3,0.12388462,0.058966536,0.0,0.81714886,0.0,0.0,0.0,0.0,0.0
5,3,0.12388462,0.058966536,0.0,0.81714886,0.0,0.0,0.0,0.0,0.0
5,3,0.12388462,0.058966536,0.0,0.81714886,0.0,0.0,0.0,0.0,0.0
5,3,0.12388462,0.058966536,0.0,0.81714886,0.0,0.0,0.0,0.0,0.0
5,3,0.12388462,0.058966536,0.0,0.81714886,0.0,0.0,0.0,0.0,0.0
5,3,0.12388462,0.058966536,0.0,0.81714886,0.0,0.0,0.0,0.0,0.0
5,3,0.12388462,0.058966536,0.0,0.81714886,0.0,0.0,0.0,0.0,0.0
5,3,0.12388462,0.058966536,0.0,0.81714886,0.0,0.0,0.0,0.0,0.0
5,3,0.12388462,0.058966536,0.0,0.81714886,0.0,0.0,0.0,0.0,0.0
5,3,0.12388462,0.058966536,0.0,0.81714886,0.0,0.0,0.0,0.0,0.0
5,3,0.12388462,0.058966536,0.0,0.81714886,0.0,0.0,0.0,0.0,0.0
5,3,0.12388462,0.058966536,0.0,0.81714886,0.0,0.0,0.0,0.0,0.0
5,3,0.12388462,0.058966536,0.0,0.81714886,0.0,0.0,0.0,0.0,0.0
5,3,0.12388462,0.058966536,0.0,0.81714886,0.0,0.0,0.0,0.0,0.0
5,3,0.12388462,0.058966536,0.0,0.81714886,0.0,0.0,0.0,0.0,0.0
5,3,0.12388462,0.058966536,0.0,0.81714886,0.0,0.0,0.0,0.0,0.0
5,3,0.12388462,0.058966536,0.0,0.81714886,0.0,0.0,0.0,0.0,0.0
5,3,0.12388462,0.058966536,0.0,0.81714886,0.0,0.0,0.0,0.0,0.0
5,3,0.12388462,0.058966536,0.0,0.81714886,0.0,0.0,0.0,0.0,0.0
5,3,0.12388462,0.058966536,0.0,0.81714886,0.0,0.0,0.0,0.0,0.0
5,3,0.12388462,0.058966536,0.0,0.81714886,0.0,0.0,0.0,0.0,0.0
5,3,0.12388462,0.058966536,0.0,0.81714886,0.0,0.0,0.0,0.0,0.0
5,3,0.12388462,0.058966536,0.0,0.81714886,0.0,0.0,0.0,0.0,0.0
5,3,0.12388462,0.058966536,0.0,0.81714886,0.0,0.0,0.0,0.0,0.0
5,3,0.12388462,0.058966536,0.0,0.81714886,0.0,0.0,0.0,0.0,0.0
5,3,0.12388462,0.058966536,0.0,0.81714886,0.0,0.0,0.0,0.0,0.0
5,3,0.12388462,0.058966536,0.0,0.81714886,0.0,0.0,0.0,0.0,0.0
5,3,0.12388462,0.058966536,0.0,0.81714886,0.0,0.0,0.0,0.0,0.0
5,3,0.12388462,0.058966536,0.0,0.81714886,0.0,0.0,0.0,0.0,0.0
5,3,0.12388462,0.058966536,0.0,0.81714886,0.0,0.0,0.0,0.0,0.0
5,3,0.12388462,0.058966536,0.0,0.81714886,0.0,0.0,0.0,0.0,0.0
5,3,0.12388462,0.058966536,0.0,0.81714886,0.0,0.0,0.0,0.0,0.0
5,3,0.12388462,0.058966536,0.0,0.81714886,0.0,0.0,0.0,0.0,0.0
5,3,0.12388462,0.058966536,0.0,0.81714886,0.0,0.0,0.0,0.0,0.0
5,3,0.12388462,0.058966536,0.0,0.81714886,0.0,0.0,0.0,0.0,0.0
5,3,0.12388462,0.058966536,0.0,0.81714886,0.0,0.0,0.0,0.0,0.0
5,3,0.12388462,0.058966536,0.0,0.81714886,0.0,0.0,0.0,0.0,0.0
5,3,0.12388462,0.058966536,0.0,0.81714886,0.0,0.0,0.0,0.0,0.0
5,3,0.12388462,0.058966536,0.0,0.81714886,0.0,0.0,0.0,0.0,0.0
5,3,0.12388462,0.058966536,0.0,0.81714886,0.0,0.0,0.0,0.0,0.0
5,3,0.12388462,0.058966536,0.0,0.81714886,0.0,0.0,0.0,0.0,0.0
5,3,0.12388462,0.058966536,0.0,0.81714886,0.0,0.0,0.0,0.0,0.0
5,3,0.12388462,0.058966536,0.0,0.81714886,0.0,0.0,0.0,0.0,0.0
5,3,0.12388462,0.058966536,0.0,0.81714886,0.0,0.0,0.0,0.0,0.0
5,3,0.12388462,0.058966536,0.0,0.81714886,0.0,0.0,0.0,0.0,0.0
5,3,0.12388462,0.058966536,0.0,0.81714886,0.0,0.0,0.0,0.0,0.0
5,3,0.12388462,0.058966536,0.0,0.81714886,0.0,0.0,0.0,0.0,0.0
5,3,0.12388462,0.058966536,0.0,0.81714886,0.0,0.0,0.0,0.0,0.0
5,3,0.12388462,0.058966536,0.0,0.81714886,0.0,0.0,0.0,0.0,0.0
5,3,0.12388462,0.058966536,0.0,0.81714886,0.0,0.0,0.0,0.0,0.0
5,3,0.12388462,0.058966536,0.0,0.81714886,0.0,0.0,0.0,0.0,0.0
5,3,0.12388462,0.058966536,0.0,0.81714886,0.0,0.0,0.0,0.0,0.0
5,3,0.12388462,0.058966536,0.0,0.81714886,0.0,0.0,0.0,0.0,0.0
5,3,0.12388462,0.058966536,0.0,0.81714886,0.0,0.0,0.0,0.0,0.0
5,3,0.12388462,0.058966536,0.0,0.81714886,0.0,0.0,0.0,0.0,0.0
5,3,0.12388462,0.058966536,0.0,0.81714886,0.0,0.0,0.0,0.0,0.0
5,3,0.12388462,0.058966536,0.0,0.81714886,0.0,0.0,0.0,0.0,0.0
5,3,0.12388462,0.058966536,0.0,0.81714886,0.0,0.0,0.0,0.0,0.0
5,3,0.12388462,0.058966536,0.0,0.81714886,0.0,0.0,0.0,0.0,0.0
5,3,0.12388462,0.058966536,0.0,0.81714886,0.0,0.0,0.0,0.0,0.0
5,3,0.12388462,0.058966536,0.0,0.81714886,0.0,0.0,0.0,0.0,0.0
5,3,0.12388462,0.058966536,0.0,0.81714886,0.0,0.0,0.0,0.0,0.0
5,3,0.12388462,0.058966536,0.0,0.81714886,0.0,0.0,0.0,0.0,0.0
5,3,0.12388462,0.058966536,0.0,0.81714886,0.0,0.0,0.0,0.0,0.0
5,3,0.12388462,0.058966536,0.0,0.81714886,0.0,0.0,0.0,0.0,0.0
5,3,0.12388462,0.058966536,0.0,0.81714886,0.0,0.0,0.0,0.0,0.0
5,3,0.12388462,0.058966536,0.0,0.81714886,0.0,0.0,0.0,0.0,0.0
5,3,0.12388462,0.058966536,0.0,0.81714886,0.0,0.0,0.0,0.0,0.0
5,3,0.12388462,0.058966536,0.0,0.81714886,0.0,0.0,0.0,0.0,0.0
5,3,0.12388462,0.058966536,0.0,0.81714886,0.0,0.0,0.0,0.0,0.0
5,3,0.12388462,0.058966536,0.0,0.81714886,0.0,0.0,0.0,0.0,0.0
5,3,0.12388462,0.058966536,0.0,0.81714886,0.0,0.0,0.0,0.0,0.0
5,3,0.12388462,0.058966536,0.0,0.81714886,0.0,0.0,0.0,0.0,0.0
5,3,0.12388462,0.058966536,0.0,0.81714886,0.0,0.0,0.0,0.0,0.0
5,3,0.12388462,0.058966536,0.0,0.81714886,0.0,0.0,0.0,0.0,0.0
5,3,0.12388462,0.058966536,0.0,0.81714886,0.0,0.0,0.0,0.0,0.0
5,3,0.12388462,0.058966536,0.0,0.81714886,0.0,0.0,0.0,0.0,0.0
5,3,0.12388462,0.058966536,0.0,0.81714886,0.0,0.0,0.0,0.0,0.0
5,3,0.12388462,0.058966536,0.0,0.81714886,0.0,0.0,0.0,0.0,0.0
5,3,0.12388462,0.058966536,0.0,0.81714886,0.0,0.0,0.0,0.0,0.0
5,3,0.12388462,0.058966536,0.0,0.81714886,0.0,0.0,0.0,0.0,0.0
5,3,0.059169326,0.058966536,0.0,0.88186413,0.0,0.0,0.0,0.0,0.0
5,3,0.059169326,0.058966536,0.0,0.88186413,0.0,0.0,0.0,0.0,0.0
5,3,0.059169326,0.058966536,0.0,0.88186413,0.0,0.0,0.0,0.0,0.0
5,3,0.059169326,0.058966536,0.0,0.88186413,0.0,0.0,0.0,0.0,0.0
5,3,0.059169326,0.058966536,0.0,0.88186413,0.0,0.0,0.0,0.0,0.0
5,3,0.059169326,0.058966536,0.0,0.88186413,0.0,0.0,0.0,0.0,0.0
5,3,0.059169326,0.058966536,0.0,0.88186413,0.0,0.0,0.0,0.0,0.0
5,3,0.059169326,0.058966536,0.0,0.88186413,0.0,0.0,0.0,0.0,0.0
5,3,0.059169326,0.058966536,0.0,0.88186413,0.0,0.0,0.0,0.0,0.0
5,3,0.059169326,0.058966536,0.0,0.88186413,0.0,0.0,0.0,0.0,0.0
5,3,0.059169326,0.058966536,0.0,0.88186413,0.0,0.0,0.0,0.0,0.0
5,3,0.059169326,0.058966536,0.0,0.88186413,0.0,0.0,0.0,0.0,0.0
5,3,0.059169326,0.058966536,0.0,0.88186413,0.0,0.0,0.0,0.0,0.0
5,3,0.059169326,0.058966536,0.0,0.88186413,0.0,0.0,0.0,0.0,0.0
5,3,0.059169326,0.058966536,0.0,0.88186413,0.0,0.0,0.0,0.0,0.0
5,3,0.059169326,0.058966536,0.0,0.88186413,0.0,0.0,0.0,0.0,0.0
5,3,0.059169326,0.058966536,0.0,0.88186413,0.0,0.0,0.0,0.0,0.0
5,3,0.059169326,0.058966536,0.0,0.88186413,0.0,0.0,0.0,0.0,0.0
5,3,0.059169326,0.058966536,0.0,0.88186413,0.0,0.0,0.0,0.0,0.0
5,3,0.059169326,0.058966536,0.0,0.88186413,0.0,0.0,0.0,0.0,0.0
5,3,0.059169326,0.058966536,0.0,0.88186413,0.0,0.0,0.0,0.0,0.0
5,3,0.059169326,0.058966536,0.0,0.88186413,0.0,0.0,0.0,0.0,0.0
5,3,0.059169326,0.058966536,0.0,0.88186413,0.0,0.0,0.0,0.0,0.0
5,3,0.059169326,0.058966536,0.0,0.88186413,0.0,0.0,0.0,0.0,0.0
5,3,0.059169326,0.058966536,0.0,0.88186413,0.0,0.0,0.0,0.0,0.0
5,3,0.059169326,0.058966536,0.0,0.88186413,0.0,0.0,0.0,0.0,0.0
5,3,0.059169326,0.058966536,0.0,0.88186413,0.0,0.0,0.0,0.0,0.0
5,3,0.059169326,0.058966536,0.0,0.88186413,0.0,0.0,0.0,0.0,0.0
5,3,0.059169326,0.058966536,0.0,0.88186413,0.0,0.0,0.0,0.0,0.0
5,3,0.059169326,0.058966536,0.0,0.88186413,0.0,0.0,0.0,0.0,0.0
5,3,0.059169326,0.058966536,0.0,0.88186413,0.0,0.0,0.0,0.0,0.0
5,3,0.059169326,0.058966536,0.0,0.88186413,0.0,0.0,0.0,0.0,0.0
5,3,0.059169326,0.058966536,0.0,0.88186413,0.0,0.0,0.0,0.0,0.0
5,3,0.059169326,0.058966536,0.0,0.88186413,0.0,0.0,0.0,0.0,0.0
5,3,0.059169326,0.058966536,0.0,0.88186413,0.0,0.0,0.0,0.0,0.0
5,3,0.059169326,0.058966536,0.0,0.88186413,0.0,0.0,0.0,0.0,0.0
5,3,0.059169326,0.058966536,0.0,0.88186413,0.0,0.0,0.0,0.0,0.0
5,3,0.059169326,0.058966536,0.0,0.88186413,0.0,0.0,0.0,0.0,0.0
5,3,0.059169326,0.058966536,0.0,0.88186413,0.0,0.0,0.0,0.0,0.0
5,3,0.059169326,0.058966536,0.0,0.88186413,0.0,0.0,0.0,0.0,0.0
5,3,0.059169326,0.058966536,0.0,0.88186413,0.0,0.0,0.0,0.0,0.0
5,3,0.059169326,0.058966536,0.0,0.88186413,0.0,0.0,0.0,0.0,0.0
5,3,0.059169326,0.058966536,0.0,0.88186413,0.0,0.0,0.0,0.0,0.0
5,3,0.059169326,0.058966536,0.0,0.88186413,0.0,0.0,0.0,0.0,0.0
5,3,0.059169326,0.058966536,0.0,0.88186413,0.0,0.0,0.0,0.0,0.0
5,3,0.059169326,0.058966536,0.0,0.88186413,0.0,0.0,0.0,0.0,0.0
5,3,0.059169326,0.058966536,0.0,0.88186413,0.0,0.0,0.0,0.0,0.0
5,3,0.059169326,0.058966536,0.0,0.88186413,0.0,0.0,0.0,0.0,0.0
5,3,0.05916933,0.0,0.0,0.9408307,0.0,0.0,0.0,0.0,0.0
5,3,0.05916933,0.0,0.0,0.9408307,0.0,0.0,0.0,0.0,0.0
5,3,0.05916933,0.0,0.0,0.9408307,0.0,0.0,0.0,0.0,0.0
5,3,0.05916933,0.0,0.0,0.9408307,0.0,0.0,0.0,0.0,0.0
5,3,0.05916933,0.0,0.0,0.9408307,0.0,0.0,0.0,0.0,0.0
5,3,0.05916933,0.0,0.0,0.9408307,0.0,0.0,0.0,0.0,0.0
5,3,0.05916933,0.0,0.0,0.9408307,0.0,0.0,0.0,0.0,0.0
5,3,0.05916933,0.0,0.0,0.9408307,0.0,0.0,0.0,0.0,0.0
5,3,0.05916933,0.0,0.0,0.9408307,0.0,0.0,0.0,0.0,0.0
5,3,0.05916933,0.0,0.0,0.9408307,0.0,0.0,0.0,0.0,0.0
5,3,0.05916933,0.0,0.0,0.9408307,0.0,0.0,0.0,0.0,0.0
5,3,0.05916933,0.0,0.0,0.9408307,0.0,0.0,0.0,0.0,0.0
5,3,0.05916933,0.0,0.0,0.9408307,0.0,0.0,0.0,0.0,0.0
5,3,0.05916933,0.0,0.0,0.9408307,0.0,0.0,0.0,0.0,0.0
5,3,0.05916933,0.0,0.0,0.9408307,0.0,0.0,0.0,0.0,0.0
5,3,0.05916933,0.0,0.0,0.9408307,0.0,0.0,0.0,0.0,0.0
5,3,0.05916933,0.0,0.0,0.9408307,0.0,0.0,0.0,0.0,0.0
5,3,0.05916933,0.0,0.0,0.9408307,0.0,0.0,0.0,0.0,0.0
5,3,0.05916933,0.0,0.0,0.9408307,0.0,0.0,0.0,0.0,0.0
5,3,0.05916933,0.0,0.0,0.9408307,0.0,0.0,0.0,0.0,0.0
5,3,0.05916933,0.0,0.0,0.9408307,0.0,0.0,0.0,0.0,0.0
5,3,0.05916933,0.0,0.0,0.9408307,0.0,0.0,0.0,0.0,0.0
5,3,0.05916933,0.0,0.0,0.9408307,0.0,0.0,0.0,0.0,0.0
5,3,0.05916933,0.0,0.0,0.9408307,0.0,0.0,0.0,0.0,0.0
5,3,0.05916933,0.0,0.0,0.9408307,0.0,0.0,0.0,0.0,0.0
5,3,0.05916933,0.0,0.0,0.9408307,0.0,0.0,0.0,0.0,0.0
5,3,0.05916933,0.0,0.0,0.9408307,0.0,0.0,0.0,0.0,0.0
5,3,0.05916933,0.0,0.0,0.9408307,0.0,0.0,0.0,0.0,0.0
5,3,0.05916933,0.0,0.0,0.9408307,0.0,0.0,0.0,0.0,0.0
5,3,0.05916933,0.0,0.0,0.9408307,0.0,0.0,0.0,0.0,0.0
5,3,0.05916933,0.0,0.0,0.9408307,0.0,0.0,0.0,0.0,0.0
5,3,0.05916933,0.0,0.0,0.9408307,0.0,0.0,0.0,0.0,0.0
5,3,0.05916933,0.0,0.0,0.9408307,0.0,0.0,0.0,0.0,0.0
5,3,0.05916933,0.0,0.0,0.9408307,0.0,0.0,0.0,0.0,0.0
5,3,0.05916933,0.0,0.0,0.9408307,0.0,0.0,0.0,0.0,0.0
5,3,0.05916933,0.0,0.0,0.9408307,0.0,0.0,0.0,0.0,0.0
5,3,0.05916933,0.0,0.0,0.9408307,0.0,0.0,0.0,0.0,0.0
5,3,0.05916933,0.0,0.0,0.9408307,0.0,0.0,0.0,0.0,0.0
5,3,0.05916933,0.0,0.0,0.9408307,0.0,0.0,0.0,0.0,0.0
5,3,0.05916933,0.0,0.0,0.9408307,0.0,0.0,0.0,0.0,0.0
5,3,0.05916933,0.0,0.0,0.9408307,0.0,0.0,0.0,0.0,0.0
5,3,0.05916933,0.0,0.0,0.9408307,0.0,0.0,0.0,0.0,0.0
5,3,0.05916933,0.0,0.0,0.9408307,0.0,0.0,0.0,0.0,0.0
5,3,0.05916933,0.0,0.0,0.9408307,0.0,0.0,0.0,0.0,0.0
5,3,0.05916933,0.0,0.0,0.9408307,0.0,0.0,0.0,0.0,0.0
5,3,0.05916933,0.0,0.0,0.9408307,0.0,0.0,0.0,0.0,0.0
5,3,0.05916933,0.0,0.0,0.9408307,0.0,0.0,0.0,0.0,0.0
5,3,0.05916933,0.0,0.0,0.9408307,0.0,0.0,0.0,0.0,0.0
5,3,0.05916933,0.0,0.0,0.9408307,0.0,0.0,0.0,0.0,0.0
5,3,0.05916933,0.0,0.0,0.9408307,0.0,0.0,0.0,0.0,0.0
5,3,0.05916933,0.0,0.0,0.9408307,0.0,0.0,0.0,0.0,0.0
5,3,0.05916933,0.0,0.0,0.9408307,0.0,0.0,0.0,0.0,0.0
5,3,0.05916933,0.0,0.0,0.9408307,0.0,0.0,0.0,0.0,0.0
5,3,0.05916933,0.0,0.0,0.9408307,0.0,0.0,0.0,0.0,0.0
5,3,0.05916933,0.0,0.0,0.9408307,0.0,0.0,0.0,0.0,0.0
5,3,0.05916933,0.0,0.0,0.9408307,0.0,0.0,0.0,0.0,0.0
5,3,0.05916933,0.0,0.0,0.9408307,0.0,0.0,0.0,0.0,0.0
5,3,0.05916933,0.0,0.0,0.9408307,0.0,0.0,0.0,0.0,0.0
5,3,0.05916933,0.0,0.0,0.9408307,0.0,0.0,0.0,0.0,0.0
5,3,0.05916933,0.0,0.0,0.9408307,0.0,0.0,0.0,0.0,0.0
5,3,0.05916933,0.0,0.0,0.9408307,0.0,0.0,0.0,0.0,0.0
5,3,0.05916933,0.0,0.0,0.9408307,0.0,0.0,0.0,0.0,0.0
5,3,0.05916933,0.0,0.0,0.9408307,0.0,0.0,0.0,0.0,0.0
5,3,0.05916933,0.0,0.0,0.9408307,0.0,0.0,0.0,0.0,0.0
5,3,0.05916933,0.0,0.0,0.9408307,0.0,0.0,0.0,0.0,0.0
5,3,0.05916933,0.0,0.0,0.9408307,0.0,0.0,0.0,0.0,0.0
5,3,0.05916933,0.0,0.0,0.9408307,0.0,0.0,0.0,0.0,0.0
5,3,0.05916933,0.0,0.0,0.9408307,0.0,0.0,0.0,0.0,0.0
5,3,0.05916933,0.0,0.0,0.9408307,0.0,0.0,0.0,0.0,0.0
5,3,0.05916933,0.0,0.0,0.9408307,0.0,0.0,0.0,0.0,0.0
5,3,0.05916933,0.0,0.0,0.9408307,0.0,0.0,0.0,0.0,0.0
5,3,0.05916933,0.0,0.0,0.9408307,0.0,0.0,0.0,0.0,0.0
5,3,0.05916933,0.0,0.0,0.9408307,0.0,0.0,0.0,0.0,0.0
5,3,0.05916933,0.0,0.0,0.9408307,0.0,0.0,0.0,0.0,0.0
5,3,0.05916933,0.0,0.0,0.9408307,0.0,0.0,0.0,0.0,0.0
5,3,0.05916933,0.0,0.0,0.9408307,0.0,0.0,0.0,0.0,0.0
5,3,0.05916933,0.0,0.0,0.9408307,0.0,0.0,0.0,0.0,0.0
5,3,0.05916933,0.0,0.0,0.9408307,0.0,0.0,0.0,0.0,0.0
5,3,0.05916933,0.0,0.0,0.9408307,0.0,0.0,0.0,0.0,0.0
5,3,0.05916933,0.0,0.0,0.9408307,0.0,0.0,0.0,0.0,0.0
5,3,0.05916933,0.0,0.0,0.9408307,0.0,0.0,0.0,0.0,0.0
5,3,0.05916933,0.0,0.0,0.9408307,0.0,0.0,0.0,0.0,0.0
5,3,0.05916933,0.0,0.0,0.9408307,0.0,0.0,0.0,0.0,0.0
5,3,0.05916933,0.0,0.0,0.9408307,0.0,0.0,0.0,0.0,0.0
5,3,0.05916933,0.0,0.0,0.9408307,0.0,0.0,0.0,0.0,0.0
5,3,0.05916933,0.0,0.0,0.9408307,0.0,0.0,0.0,0.0,0.0
5,3,0.05916933,0.0,0.0,0.9408307,0.0,0.0,0.0,0.0,0.0
5,3,0.05916933,0.0,0.0,0.9408307,0.0,0.0,0.0,0.0,0.0
5,3,0.05916933,0.0,0.0,0.9408307,0.0,0.0,0.0,0.0,0.0
5,3,0.05916933,0.0,0.0,0.9408307,0.0,0.0,0.0,0.0,0.0
5,3,0.05916933,0.0,0.0,0.9408307,0.0,0.0,0.0,0.0,0.0
5,3,0.05916933,0.0,0.0,0.9408307,0.0,0.0,0.0,0.0,0.0
5,3,0.05916933,0.0,0.0,0.9408307,0.0,0.0,0.0,0.0,0.0
5,3,0.05916933,0.0,0.0,0.9408307,0.0,0.0,0.0,0.0,0.0
5,3,0.05916933,0.0,0.0,0.9408307,0.0,0.0,0.0,0.0,0.0
5,3,0.05916933,0.0,0.0,0.9408307,0.0,0.0,0.0,0.0,0.0
5,3,0.05916933,0.0,0.0,0.9408307,0.0,0.0,0.0,0.0,0.0
5,3,0.05916933,0.0,0.0,0.9408307,0.0,0.0,0.0,0.0,0.0
5,3,0.05916933,0.0,0.0,0.9408307,0.0,0.0,0.0,0.0,0.0
5,3,0.05916933,0.0,0.0,0.9408307,0.0,0.0,0.0,0.0,0.0
5,3,0.05916933,0.0,0.0,0.9408307,0.0,0.0,0.0,0.0,0.0
5,3,0.05916933,0.0,0.0,0.9408307,0.0,0.0,0.0,0.0,0.0
5,3,0.05916933,0.0,0.0,0.9408307,0.0,0.0,0.0,0.0,0.0
5,3,0.05916933,0.0,0.0,0.9408307,0.0,0.0,0.0,0.0,0.0
5,3,0.05916933,0.0,0.0,0.9408307,0.0,0.0,0.0,0.0,0.0
5,3,0.05916933,0.0,0.0,0.9408307,0.0,0.0,0.0,0.0,0.0
5,3,0.05916933,0.0,0.0,0.9408307,0.0,0.0,0.0,0.0,0.0
5,3,0.05916933,0.0,0.0,0.9408307,0.0,0.0,0.0,0.0,0.0
5,3,0.05916933,0.0,0.0,0.9408307,0.0,0.0,0.0,0.0,0.0
5,3,0.05916933,0.0,0.0,0.9408307,0.0,0.0,0.0,0.0,0.0
5,3,0.05916933,0.0,0.0,0.9408307,0.0,0.0,0.0,0.0,0.0
5,3,0.05916933,0.0,0.0,0.9408307,0.0,0.0,0.0,0.0,0.0
5,3,0.0,0.0,0.0,1.0,0.0,0.0,0.0,0.0,0.0
5,3,0.0,0.0,0.0,1.0,0.0,0.0,0.0,0.0,0.0
5,3,0.0,0.0,0.0,1.0,0.0,0.0,0.0,0.0,0.0
5,3,0.0,0.0,0.0,1.0,0.0,0.0,0.0,0.0,0.0
5,3,0.0,0.0,0.0,1.0,0.0,0.0,0.0,0.0,0.0
5,3,0.0,0.0,0.0,1.0,0.0,0.0,0.0,0.0,0.0
5,3,0.0,0.0,0.0,1.0,0.0,0.0,0.0,0.0,0.0
5,3,0.0,0.0,0.0,1.0,0.0,0.0,0.0,0.0,0.0
5,3,0.0,0.0,0.0,1.0,0.0,0.0,0.0,0.0,0.0
5,3,0.0,0.0,0.0,1.0,0.0,0.0,0.0,0.0,0.0
5,3,0.0,0.0,0.0,1.0,0.0,0.0,0.0,0.0,0.0
5,3,0.0,0.0,0.0,1.0,0.0,0.0,0.0,0.0,0.0
5,3,0.0,0.0,0.0,1.0,0.0,0.0,0.0,0.0,0.0
5,3,0.0,0.0,0.0,1.0,0.0,0.0,0.0,0.0,0.0
5,3,0.0,0.0,0.0,1.0,0.0,0.0,0.0,0.0,0.0
5,3,0.0,0.0,0.0,1.0,0.0,0.0,0.0,0.0,0.0
5,3,0.0,0.0,0.0,1.0,0.0,0.0,0.0,0.0,0.0
5,3,0.0,0.0,0.0,1.0,0.0,0.0,0.0,0.0,0.0
5,3,0.0,0.0,0.0,1.0,0.0,0.0,0.0,0.0,0.0
5,3,0.0,0.0,0.0,1.0,0.0,0.0,0.0,0.0,0.0
5,3,0.0,0.0,0.0,1.0,0.0,0.0,0.0,0.0,0.0
5,3,0.0,0.0,0.0,1.0,0.0,0.0,0.0,0.0,0.0
5,3,0.0,0.0,0.0,1.0,0.0,0.0,0.0,0.0,0.0
5,3,0.0,0.0,0.0,1.0,0.0,0.0,0.0,0.0,0.0
5,3,0.0,0.0,0.0,1.0,0.0,0.0,0.0,0.0,0.0
5,3,0.0,0.0,0.0,1.0,0.0,0.0,0.0,0.0,0.0
5,3,0.0,0.0,0.0,1.0,0.0,0.0,0.0,0.0,0.0
5,3,0.0,0.0,0.0,1.0,0.0,0.0,0.0,0.0,0.0
5,3,0.0,0.0,0.0,1.0,0.0,0.0,0.0,0.0,0.0
5,3,0.0,0.0,0.0,1.0,0.0,0.0,0.0,0.0,0.0
5,3,0.0,0.0,0.0,1.0,0.0,0.0,0.0,0.0,0.0
5,3,0.0,0.0,0.0,1.0,0.0,0.0,0.0,0.0,0.0
5,3,0.0,0.0,0.0,1.0,0.0,0.0,0.0,0.0,0.0
5,3,0.0,0.0,0.0,1.0,0.0,0.0,0.0,0.0,0.0
5,3,0.0,0.0,0.0,1.0,0.0,0.0,0.0,0.0,0.0
5,3,0.0,0.0,0.0,1.0,0.0,0.0,0.0,0.0,0.0
5,3,0.0,0.0,0.0,1.0,0.0,0.0,0.0,0.0,0.0
5,3,0.0,0.0,0.0,1.0,0.0,0.0,0.0,0.0,0.0
5,3,0.0,0.0,0.0,1.0,0.0,0.0,0.0,0.0,0.0
5,3,0.0,0.0,0.0,1.0,0.0,0.0,0.0,0.0,0.0
5,3,0.0,0.0,0.0,1.0,0.0,0.0,0.0,0.0,0.0
5,3,0.0,0.0,0.0,1.0,0.0,0.0,0.0,0.0,0.0
5,3,0.0,0.0,0.0,1.0,0.0,0.0,0.0,0.0,0.0
5,3,0.0,0.0,0.0,1.0,0.0,0.0,0.0,0.0,0.0
5,3,0.0,0.0,0.0,1.0,0.0,0.0,0.0,0.0,0.0
5,3,0.0,0.0,0.0,1.0,0.0,0.0,0.0,0.0,0.0
5,3,0.0,0.0,0.0,1.0,0.0,0.0,0.0,0.0,0.0
5,3,0.0,0.0,0.0,1.0,0.0,0.0,0.0,0.0,0.0
5,3,0.0,0.0,0.0,1.0,0.0,0.0,0.0,0.0,0.0
5,3,0.0,0.0,0.0,1.0,0.0,0.0,0.0,0.0,0.0
5,3,0.0,0.0,0.0,1.0,0.0,0.0,0.0,0.0,0.0
5,3,0.0,0.07109144,0.0,0.9289085,0.0,0.0,0.0,0.0,0.0
5,3,0.0,0.07109144,0.0,0.9289085,0.0,0.0,0.0,0.0,0.0
5,3,0.0,0.07109144,0.0,0.9289085,0.0,0.0,0.0,0.0,0.0
5,3,0.0,0.07109144,0.0,0.9289085,0.0,0.0,0.0,0.0,0.0
5,3,0.0,0.07109144,0.0,0.9289085,0.0,0.0,0.0,0.0,0.0
5,3,0.0,0.07109144,0.0,0.9289085,0.0,0.0,0.0,0.0,0.0
5,3,0.0,0.07109144,0.0,0.9289085,0.0,0.0,0.0,0.0,0.0
5,3,0.0,0.07109144,0.0,0.9289085,0.0,0.0,0.0,0.0,0.0
5,3,0.0,0.07109144,0.0,0.9289085,0.0,0.0,0.0,0.0,0.0
5,3,0.0,0.07109144,0.0,0.9289085,0.0,0.0,0.0,0.0,0.0
5,3,0.0,0.07109144,0.0,0.9289085,0.0,0.0,0.0,0.0,0.0
5,3,0.0,0.07109144,0.0,0.9289085,0.0,0.0,0.0,0.0,0.0
5,3,0.0,0.07109144,0.0,0.9289085,0.0,0.0,0.0,0.0,0.0
5,3,0.0,0.07109144,0.0,0.9289085,0.0,0.0,0.0,0.0,0.0
5,3,0.0,0.07109144,0.0,0.9289085,0.0,0.0,0.0,0.0,0.0
5,3,0.0,0.07109144,0.0,0.9289085,0.0,0.0,0.0,0.0,0.0
5,3,0.0,0.07109144,0.0,0.9289085,0.0,0.0,0.0,0.0,0.0
5,3,0.0,0.07109144,0.0,0.9289085,0.0,0.0,0.0,0.0,0.0
5,3,0.0,0.07109144,0.0,0.9289085,0.0,0.0,0.0,0.0,0.0
5,3,0.0,0.07109144,0.0,0.9289085,0.0,0.0,0.0,0.0,0.0
5,3,0.0,0.07109144,0.0,0.9289085,0.0,0.0,0.0,0.0,0.0
5,3,0.0,0.07109144,0.0,0.9289085,0.0,0.0,0.0,0.0,0.0
5,3,0.0,0.07109144,0.0,0.9289085,0.0,0.0,0.0,0.0,0.0
5,3,0.0,0.07109144,0.0,0.9289085,0.0,0.0,0.0,0.0,0.0
5,3,0.0,0.07109144,0.0,0.9289085,0.0,0.0,0.0,0.0,0.0
5,3,0.0,0.07109144,0.0,0.9289085,0.0,0.0,0.0,0.0,0.0
5,3,0.0,0.07109144,0.0,0.9289085,0.0,0.0,0.0,0.0,0.0
5,3,0.0,0.07109144,0.0,0.9289085,0.0,0.0,0.0,0.0,0.0
5,3,0.0,0.07109144,0.0,0.9289085,0.0,0.0,0.0,0.0,0.0
5,3,0.0,0.07109144,0.0,0.9289085,0.0,0.0,0.0,0.0,0.0
5,3,0.0,0.07109144,0.0,0.9289085,0.0,0.0,0.0,0.0,0.0
5,3,0.0,0.07109144,0.0,0.9289085,0.0,0.0,0.0,0.0,0.0
5,3,0.0,0.07109144,0.0,0.9289085,0.0,0.0,0.0,0.0,0.0
5,3,0.0,0.07109144,0.0,0.9289085,0.0,0.0,0.0,0.0,0.0
5,3,0.0,0.07109144,0.0,0.9289085,0.0,0.0,0.0,0.0,0.0
5,3,0.0,0.07109144,0.0,0.9289085,0.0,0.0,0.0,0.0,0.0
5,3,0.0,0.07109144,0.0,0.9289085,0.0,0.0,0.0,0.0,0.0
5,3,0.0,0.07109144,0.0,0.9289085,0.0,0.0,0.0,0.0,0.0
5,3,0.0,0.07109144,0.0,0.9289085,0.0,0.0,0.0,0.0,0.0
5,3,0.0,0.07109144,0.0,0.9289085,0.0,0.0,0.0,0.0,0.0
5,3,0.0,0.07109144,0.0,0.9289085,0.0,0.0,0.0,0.0,0.0
5,3,0.0,0.07109144,0.0,0.9289085,0.0,0.0,0.0,0.0,0.0
5,3,0.0,0.07109144,0.0,0.9289085,0.0,0.0,0.0,0.0,0.0
5,3,0.0,0.07109144,0.0,0.9289085,0.0,0.0,0.0,0.0,0.0
5,3,0.0,0.07109144,0.0,0.9289085,0.0,0.0,0.0,0.0,0.0
5,3,0.0,0.07109144,0.0,0.9289085,0.0,0.0,0.0,0.0,0.0
5,3,0.0,0.07109144,0.0,0.9289085,0.0,0.0,0.0,0.0,0.0
5,3,0.0,0.07109144,0.0,0.9289085,0.0,0.0,0.0,0.0,0.0
5,3,0.0,0.07109144,0.0,0.9289085,0.0,0.0,0.0,0.0,0.0
5,3,0.0,0.07109144,0.0,0.9289085,0.0,0.0,0.0,0.0,0.0
5,3,0.0,0.07109144,0.0,0.9289085,0.0,0.0,0.0,0.0,0.0
5,3,0.0,0.07109144,0.0,0.9289085,0.0,0.0,0.0,0.0,0.0
5,3,0.0,0.07109144,0.0,0.9289085,0.0,0.0,0.0,0.0,0.0
5,3,0.0,0.07109144,0.0,0.9289085,0.0,0.0,0.0,0.0,0.0
5,3,0.0,0.07109144,0.0,0.9289085,0.0,0.0,0.0,0.0,0.0
5,3,0.0,0.07109144,0.0,0.9289085,0.0,0.0,0.0,0.0,0.0
5,3,0.0,0.07109144,0.0,0.9289085,0.0,0.0,0.0,0.0,0.0
5,3,0.0,0.07109144,0.0,0.9289085,0.0,0.0,0.0,0.0,0.0
5,3,0.0,0.07109144,0.0,0.9289085,0.0,0.0,0.0,0.0,0.0
5,3,0.0,0.07109144,0.0,0.9289085,0.0,0.0,0.0,0.0,0.0
5,3,0.0,0.07109144,0.0,0.9289085,0.0,0.0,0.0,0.0,0.0
5,3,0.0,0.07109144,0.0,0.9289085,0.0,0.0,0.0,0.0,0.0
5,3,0.0,0.07109144,0.0,0.9289085,0.0,0.0,0.0,0.0,0.0
5,3,0.0,0.07109144,0.0,0.9289085,0.0,0.0,0.0,0.0,0.0
5,3,0.0,0.07109144,0.0,0.9289085,0.0,0.0,0.0,0.0,0.0
5,3,0.0,0.07109144,0.0,0.9289085,0.0,0.0,0.0,0.0,0.0
5,3,0.0,0.07109144,0.0,0.9289085,0.0,0.0,0.0,0.0,0.0
5,3,0.0,0.07109144,0.0,0.9289085,0.0,0.0,0.0,0.0,0.0
5,3,0.0,0.07109144,0.0,0.9289085,0.0,0.0,0.0,0.0,0.0
5,3,0.0,0.07109144,0.0,0.9289085,0.0,0.0,0.0,0.0,0.0
5,3,0.0,0.07109144,0.0,0.9289085,0.0,0.0,0.0,0.0,0.0
5,3,0.0,0.07109144,0.0,0.9289085,0.0,0.0,0.0,0.0,0.0
5,3,0.0,0.07109144,0.0,0.9289085,0.0,0.0,0.0,0.0,0.0
5,3,0.0,0.07109144,0.0,0.9289085,0.0,0.0,0.0,0.0,0.0
5,3,0.0,0.07109144,0.0,0.9289085,0.0,0.0,0.0,0.0,0.0
5,3,0.0,0.07109144,0.0,0.9289085,0.0,0.0,0.0,0.0,0.0
5,3,0.0,0.07109144,0.0,0.9289085,0.0,0.0,0.0,0.0,0.0
5,3,0.0,0.07109144,0.0,0.9289085,0.0,0.0,0.0,0.0,0.0
5,3,0.0,0.07109144,0.0,0.9289085,0.0,0.0,0.0,0.0,0.0
5,3,0.0,0.07109144,0.0,0.9289085,0.0,0.0,0.0,0.0,0.0
5,3,0.0,0.07109144,0.0,0.9289085,0.0,0.0,0.0,0.0,0.0
5,3,0.0,0.07109144,0.0,0.9289085,0.0,0.0,0.0,0.0,0.0
5,3,0.0,0.07109144,0.0,0.9289085,0.0,0.0,0.0,0.0,0.0
5,3,0.0,0.07109144,0.0,0.9289085,0.0,0.0,0.0,0.0,0.0
5,3,0.0,0.07109144,0.0,0.9289085,0.0,0.0,0.0,0.0,0.0
5,3,0.0,0.07109144,0.0,0.9289085,0.0,0.0,0.0,0.0,0.0
5,3,0.0,0.07109144,0.0,0.9289085,0.0,0.0,0.0,0.0,0.0
5,3,0.0,0.07109144,0.0,0.9289085,0.0,0.0,0.0,0.0,0.0
5,3,0.0,0.07109144,0.0,0.9289085,0.0,0.0,0.0,0.0,0.0
5,3,0.0,0.07109144,0.0,0.9289085,0.0,0.0,0.0,0.0,0.0
5,3,0.0,0.07109144,0.0,0.9289085,0.0,0.0,0.0,0.0,0.0
5,3,0.0,0.07109144,0.0,0.9289085,0.0,0.0,0.0,0.0,0.0
5,3,0.0,0.07109144,0.0,0.9289085,0.0,0.0,0.0,0.0,0.0
5,3,0.0,0.07109144,0.0,0.9289085,0.0,0.0,0.0,0.0,0.0
5,3,0.0,0.07109144,0.0,0.9289085,0.0,0.0,0.0,0.0,0.0
5,3,0.0,0.07109144,0.0,0.9289085,0.0,0.0,0.0,0.0,0.0
5,3,0.0,0.07109144,0.0,0.9289085,0.0,0.0,0.0,0.0,0.0
5,3,0.0,0.07109144,0.0,0.9289085,0.0,0.0,0.0,0.0,0.0
5,3,0.0,0.07109144,0.0,0.9289085,0.0,0.0,0.0,0.0,0.0
5,3,0.0,0.07109144,0.0,0.9289085,0.0,0.0,0.0,0.0,0.0
5,3,0.0,0.07109144,0.0,0.9289085,0.0,0.0,0.0,0.0,0.0
5,3,0.0,0.13005798,0.0,0.869942,0.0,0.0,0.0,0.0,0.0
5,3,0.0,0.13005798,0.0,0.869942,0.0,0.0,0.0,0.0,0.0
5,3,0.0,0.13005798,0.0,0.869942,0.0,0.0,0.0,0.0,0.0
5,3,0.0,0.13005798,0.0,0.869942,0.0,0.0,0.0,0.0,0.0
5,3,0.0,0.13005798,0.0,0.869942,0.0,0.0,0.0,0.0,0.0
5,3,0.0,0.13005798,0.0,0.869942,0.0,0.0,0.0,0.0,0.0
5,3,0.0,0.13005798,0.0,0.869942,0.0,0.0,0.0,0.0,0.0
5,3,0.0,0.13005798,0.0,0.869942,0.0,0.0,0.0,0.0,0.0
5,3,0.0,0.13005798,0.0,0.869942,0.0,0.0,0.0,0.0,0.0
5,3,0.0,0.13005798,0.0,0.869942,0.0,0.0,0.0,0.0,0.0
5,3,0.0,0.13005798,0.0,0.869942,0.0,0.0,0.0,0.0,0.0
5,3,0.0,0.13005798,0.0,0.869942,0.0,0.0,0.0,0.0,0.0
5,3,0.0,0.13005798,0.0,0.869942,0.0,0.0,0.0,0.0,0.0
5,3,0.0,0.13005798,0.0,0.869942,0.0,0.0,0.0,0.0,0.0
5,3,0.0,0.13005798,0.0,0.869942,0.0,0.0,0.0,0.0,0.0
5,3,0.0,0.13005798,0.0,0.869942,0.0,0.0,0.0,0.0,0.0
5,3,0.0,0.13005798,0.0,0.869942,0.0,0.0,0.0,0.0,0.0
5,3,0.0,0.13005798,0.0,0.869942,0.0,0.0,0.0,0.0,0.0
5,3,0.0,0.13005798,0.0,0.869942,0.0,0.0,0.0,0.0,0.0
5,3,0.0,0.13005798,0.0,0.869942,0.0,0.0,0.0,0.0,0.0
5,3,0.0,0.13005798,0.0,0.869942,0.0,0.0,0.0,0.0,0.0
5,3,0.0,0.13005798,0.0,0.869942,0.0,0.0,0.0,0.0,0.0
5,3,0.0,0.13005798,0.0,0.869942,0.0,0.0,0.0,0.0,0.0
5,3,0.0,0.13005798,0.0,0.869942,0.0,0.0,0.0,0.0,0.0
5,3,0.0,0.13005798,0.0,0.869942,0.0,0.0,0.0,0.0,0.0
5,3,0.0,0.13005798,0.0,0.869942,0.0,0.0,0.0,0.0,0.0
5,3,0.0,0.13005798,0.0,0.869942,0.0,0.0,0.0,0.0,0.0
5,3,0.0,0.13005798,0.0,0.869942,0.0,0.0,0.0,0.0,0.0
5,3,0.0,0.13005798,0.0,0.869942,0.0,0.0,0.0,0.0,0.0
5,3,0.0,0.13005798,0.0,0.869942,0.0,0.0,0.0,0.0,0.0
5,3,0.0,0.13005798,0.0,0.869942,0.0,0.0,0.0,0.0,0.0
5,3,0.0,0.13005798,0.0,0.869942,0.0,0.0,0.0,0.0,0.0
5,3,0.0,0.13005798,0.0,0.869942,0.0,0.0,0.0,0.0,0.0
5,3,0.0,0.13005798,0.0,0.869942,0.0,0.0,0.0,0.0,0.0
5,3,0.0,0.13005798,0.0,0.869942,0.0,0.0,0.0,0.0,0.0
5,3,0.0,0.13005798,0.0,0.869942,0.0,0.0,0.0,0.0,0.0
5,3,0.0,0.13005798,0.0,0.869942,0.0,0.0,0.0,0.0,0.0
5,3,0.0,0.13005798,0.0,0.869942,0.0,0.0,0.0,0.0,0.0
5,3,0.0,0.13005798,0.0,0.869942,0.0,0.0,0.0,0.0,0.0
5,3,0.0,0.13005798,0.0,0.869942,0.0,0.0,0.0,0.0,0.0
5,3,0.0,0.13005798,0.0,0.869942,0.0,0.0,0.0,0.0,0.0
5,3,0.0,0.13005798,0.0,0.869942,0.0,0.0,0.0,0.0,0.0
5,3,0.0,0.13005798,0.0,0.869942,0.0,0.0,0.0,0.0,0.0
5,3,0.0,0.13005798,0.0,0.869942,0.0,0.0,0.0,0.0,0.0
5,3,0.0,0.13005798,0.0,0.869942,0.0,0.0,0.0,0.0,0.0
5,3,0.0,0.13005798,0.0,0.869942,0.0,0.0,0.0,0.0,0.0
5,3,0.0,0.13005798,0.0,0.869942,0.0,0.0,0.0,0.0,0.0
5,3,0.0,0.13005798,0.0,0.869942,0.0,0.0,0.0,0.0,0.0
5,3,0.0,0.13005798,0.0,0.869942,0.0,0.0,0.0,0.0,0.0
5,3,0.0,0.13005798,0.0,0.869942,0.0,0.0,0.0,0.0,0.0
5,3,0.0,0.13005798,0.0,0.869942,0.0,0.0,0.0,0.0,0.0
5,3,0.0,0.13005798,0.0,0.869942,0.0,0.0,0.0,0.0,0.0
5,3,0.0,0.13005798,0.0,0.869942,0.0,0.0,0.0,0.0,0.0
5,3,0.0,0.13005798,0.0,0.869942,0.0,0.0,0.0,0.0,0.0
5,3,0.0,0.13005798,0.0,0.869942,0.0,0.0,0.0,0.0,0.0
5,3,0.0,0.13005798,0.0,0.869942,0.0,0.0,0.0,0.0,0.0
5,3,0.0,0.13005798,0.0,0.869942,0.0,0.0,0.0,0.0,0.0
5,3,0.0,0.13005798,0.0,0.869942,0.0,0.0,0.0,0.0,0.0
5,3,0.0,0.13005798,0.0,0.869942,0.0,0.0,0.0,0.0,0.0
5,3,0.0,0.13005798,0.0,0.869942,0.0,0.0,0.0,0.0,0.0
5,3,0.0,0.13005798,0.0,0.869942,0.0,0.0,0.0,0.0,0.0
5,3,0.0,0.13005798,0.0,0.869942,0.0,0.0,0.0,0.0,0.0
5,3,0.0,0.13005798,0.0,0.869942,0.0,0.0,0.0,0.0,0.0
5,3,0.0,0.13005798,0.0,0.869942,0.0,0.0,0.0,0.0,0.0
5,3,0.0,0.13005798,0.0,0.869942,0.0,0.0,0.0,0.0,0.0
5,3,0.0,0.13005798,0.0,0.869942,0.0,0.0,0.0,0.0,0.0
5,3,0.0,0.13005798,0.0,0.869942,0.0,0.0,0.0,0.0,0.0
5,3,0.0,0.13005798,0.0,0.869942,0.0,0.0,0.0,0.0,0.0
5,3,0.0,0.13005798,0.0,0.869942,0.0,0.0,0.0,0.0,0.0
5,3,0.0,0.13005798,0.0,0.869942,0.0,0.0,0.0,0.0,0.0
5,3,0.0,0.13005798,0.0,0.869942,0.0,0.0,0.0,0.0,0.0
5,3,0.0,0.13005798,0.0,0.869942,0.0,0.0,0.0,0.0,0.0
5,3,0.0,0.13005798,0.0,0.869942,0.0,0.0,0.0,0.0,0.0
5,3,0.0,0.13005798,0.0,0.869942,0.0,0.0,0.0,0.0,0.0
5,3,0.0,0.13005798,0.0,0.869942,0.0,0.0,0.0,0.0,0.0
5,3,0.0,0.13005798,0.0,0.869942,0.0,0.0,0.0,0.0,0.0
5,3,0.0,0.13005798,0.0,0.869942,0.0,0.0,0.0,0.0,0.0
5,3,0.0,0.13005798,0.0,0.869942,0.0,0.0,0.0,0.0,0.0
5,3,0.0,0.13005798,0.0,0.869942,0.0,0.0,0.0,0.0,0.0
5,3,0.0,0.13005798,0.0,0.869942,0.0,0.0,0.0,0.0,0.0
5,3,0.0,0.13005798,0.0,0.869942,0.0,0.0,0.0,0.0,0.0
5,3,0.0,0.13005798,0.0,0.869942,0.0,0.0,0.0,0.0,0.0
5,3,0.0,0.13005798,0.0,0.869942,0.0,0.0,0.0,0.0,0.0
5,3,0.0,0.13005798,0.0,0.869942,0.0,0.0,0.0,0.0,0.0
5,3,0.0,0.13005798,0.0,0.869942,0.0,0.0,0.0,0.0,0.0
5,3,0.0,0.13005798,0.0,0.869942,0.0,0.0,0.0,0.0,0.0
5,3,0.0,0.13005798,0.0,0.869942,0.0,0.0,0.0,0.0,0.0
5,3,0.0,0.13005798,0.0,0.869942,0.0,0.0,0.0,0.0,0.0
5,3,0.0,0.13005798,0.0,0.869942,0.0,0.0,0.0,0.0,0.0
5,3,0.0,0.13005798,0.0,0.869942,0.0,0.0,0.0,0.0,0.0
5,3,0.0,0.13005798,0.0,0.869942,0.0,0.0,0.0,0.0,0.0
5,3,0.0,0.13005798,0.0,0.869942,0.0,0.0,0.0,0.0,0.0
5,3,0.0,0.13005798,0.0,0.869942,0.0,0.0,0.0,0.0,0.0
5,3,0.0,0.13005798,0.0,0.869942,0.0,0.0,0.0,0.0,0.0
5,3,0.0,0.13005798,0.0,0.869942,0.0,0.0,0.0,0.0,0.0
5,3,0.0,0.13005798,0.0,0.869942,0.0,0.0,0.0,0.0,0.0
5,3,0.0,0.13005798,0.0,0.869942,0.0,0.0,0.0,0.0,0.0
5,3,0.0,0.13005798,0.0,0.869942,0.0,0.0,0.0,0.0,0.0
5,3,0.0,0.13005798,0.0,0.869942,0.0,0.0,0.0,0.0,0.0
5,3,0.0,0.13005798,0.0,0.869942,0.0,0.0,0.0,0.0,0.0
5,3,0.0,0.13005798,0.0,0.869942,0.0,0.0,0.0,0.0,0.0
5,3,0.0,0.13005798,0.0,0.869942,0.0,0.0,0.0,0.0,0.0
5,3,0.0,0.13005798,0.0,0.869942,0.0,0.0,0.0,0.0,0.0
5,3,0.0,0.13005798,0.0,0.869942,0.0,0.0,0.0,0.0,0.0
5,3,0.0,0.13005798,0.0,0.869942,0.0,0.0,0.0,0.0,0.0
5,3,0.0,0.13005798,0.0,0.869942,0.0,0.0,0.0,0.0,0.0
5,3,0.0,0.13005798,0.0,0.869942,0.0,0.0,0.0,0.0,0.0
5,3,0.0,0.13005798,0.0,0.869942,0.0,0.0,0.0,0.0,0.0
5,3,0.0,0.13005798,0.0,0.869942,0.0,0.0,0.0,0.0,0.0
5,3,0.0,0.13005798,0.0,0.869942,0.0,0.0,0.0,0.0,0.0
5,3,0.0,0.13005798,0.0,0.869942,0.0,0.0,0.0,0.0,0.0
5,3,0.0,0.13005798,0.0,0.869942,0.0,0.0,0.0,0.0,0.0
5,3,0.0,0.13005798,0.0,0.869942,0.0,0.0,0.0,0.0,0.0
5,3,0.0,0.13005798,0.0,0.869942,0.0,0.0,0.0,0.0,0.0
5,3,0.0,0.13005798,0.0,0.869942,0.0,0.0,0.0,0.0,0.0
5,3,0.0,0.13005798,0.0,0.869942,0.0,0.0,0.0,0.0,0.0
5,3,0.0,0.13005798,0.0,0.869942,0.0,0.0,0.0,0.0,0.0
5,3,0.0,0.13005798,0.0,0.869942,0.0,0.0,0.0,0.0,0.0
5,3,0.0,0.13005798,0.0,0.869942,0.0,0.0,0.0,0.0,0.0
5,3,0.0,0.13005798,0.0,0.869942,0.0,0.0,0.0,0.0,0.0
5,3,0.0,0.13005798,0.0,0.869942,0.0,0.0,0.0,0.0,0.0
5,3,0.0,0.13005798,0.0,0.869942,0.0,0.0,0.0,0.0,0.0
5,3,0.0,0.13005798,0.0,0.869942,0.0,0.0,0.0,0.0,0.0
5,3,0.0,0.13005798,0.0,0.869942,0.0,0.0,0.0,0.0,0.0
5,3,0.0,0.13005798,0.0,0.869942,0.0,0.0,0.0,0.0,0.0
5,3,0.0,0.13005798,0.0,0.869942,0.0,0.0,0.0,0.0,0.0
5,3,0.0,0.13005798,0.0,0.869942,0.0,0.0,0.0,0.0,0.0
5,3,0.0,0.13005798,0.0,0.869942,0.0,0.0,0.0,0.0,0.0
5,3,0.0,0.13005798,0.0,0.869942,0.0,0.0,0.0,0.0,0.0
5,3,0.0,0.13005798,0.0,0.869942,0.0,0.0,0.0,0.0,0.0
5,3,0.0,0.13005798,0.0,0.869942,0.0,0.0,0.0,0.0,0.0
5,3,0.0,0.13005798,0.0,0.869942,0.0,0.0,0.0,0.0,0.0
5,3,0.0,0.13005798,0.0,0.869942,0.0,0.0,0.0,0.0,0.0
5,3,0.0,0.13005798,0.0,0.869942,0.0,0.0,0.0,0.0,0.0
5,3,0.0,0.13005798,0.0,0.869942,0.0,0.0,0.0,0.0,0.0
5,3,0.0,0.13005798,0.0,0.869942,0.0,0.0,0.0,0.0,0.0
5,3,0.0,0.13005798,0.0,0.869942,0.0,0.0,0.0,0.0,0.0
5,3,0.0,0.13005798,0.0,0.869942,0.0,0.0,0.0,0.0,0.0
5,3,0.0,0.13005798,0.0,0.869942,0.0,0.0,0.0,0.0,0.0
5,3,0.0,0.13005798,0.0,0.869942,0.0,0.0,0.0,0.0,0.0
5,3,0.0,0.13005798,0.0,0.869942,0.0,0.0,0.0,0.0,0.0
5,3,0.0,0.13005798,0.0,0.869942,0.0,0.0,0.0,0.0,0.0
5,3,0.0,0.13005798,0.0,0.869942,0.0,0.0,0.0,0.0,0.0
5,3,0.0,0.13005798,0.0,0.869942,0.0,0.0,0.0,0.0,0.0
5,3,0.0,0.13005798,0.0,0.869942,0.0,0.0,0.0,0.0,0.0
5,3,0.0,0.13005798,0.0,0.869942,0.0,0.0,0.0,0.0,0.0
5,3,0.0,0.13005798,0.0,0.869942,0.0,0.0,0.0,0.0,0.0
5,3,0.0,0.13005798,0.0,0.869942,0.0,0.0,0.0,0.0,0.0
5,3,0.0,0.13005798,0.0,0.869942,0.0,0.0,0.0,0.0,0.0
5,3,0.0,0.13005798,0.0,0.869942,0.0,0.0,0.0,0.0,0.0
5,3,0.0,0.13005798,0.0,0.869942,0.0,0.0,0.0,0.0,0.0
5,3,0.0,0.13005798,0.0,0.869942,0.0,0.0,0.0,0.0,0.0
5,3,0.0,0.13005798,0.0,0.869942,0.0,0.0,0.0,0.0,0.0
5,3,0.0,0.13005798,0.0,0.869942,0.0,0.0,0.0,0.0,0.0
5,3,0.0,0.13005798,0.0,0.869942,0.0,0.0,0.0,0.0,0.0
5,3,0.0,0.13005798,0.0,0.869942,0.0,0.0,0.0,0.0,0.0
5,3,0.0,0.13005798,0.0,0.869942,0.0,0.0,0.0,0.0,0.0
5,3,0.0,0.13005798,0.0,0.869942,0.0,0.0,0.0,0.0,0.0
5,3,0.0,0.13005798,0.0,0.869942,0.0,0.0,0.0,0.0,0.0
5,3,0.0,0.13005798,0.0,0.869942,0.0,0.0,0.0,0.0,0.0
5,3,0.0,0.13005798,0.0,0.869942,0.0,0.0,0.0,0.0,0.0
5,3,0.0,0.13005798,0.0,0.869942,0.0,0.0,0.0,0.0,0.0
5,3,0.0,0.13005798,0.0,0.869942,0.0,0.0,0.0,0.0,0.0
5,3,0.0,0.13005798,0.0,0.869942,0.0,0.0,0.0,0.0,0.0
5,3,0.0,0.13005798,0.0,0.869942,0.0,0.0,0.0,0.0,0.0
5,3,0.0,0.13005798,0.0,0.869942,0.0,0.0,0.0,0.0,0.0
5,3,0.0,0.13005798,0.0,0.869942,0.0,0.0,0.0,0.0,0.0
5,3,0.0,0.13005798,0.0,0.869942,0.0,0.0,0.0,0.0,0.0
5,3,0.0,0.13005798,0.0,0.869942,0.0,0.0,0.0,0.0,0.0
5,3,0.0,0.13005798,0.0,0.869942,0.0,0.0,0.0,0.0,0.0
5,3,0.0,0.13005798,0.0,0.869942,0.0,0.0,0.0,0.0,0.0
5,3,0.0,0.13005798,0.0,0.869942,0.0,0.0,0.0,0.0,0.0
5,3,0.0,0.13005798,0.0,0.869942,0.0,0.0,0.0,0.0,0.0
5,3,0.0,0.13005798,0.0,0.869942,0.0,0.0,0.0,0.0,0.0
5,3,0.0,0.13005798,0.0,0.869942,0.0,0.0,0.0,0.0,0.0
5,3,0.0,0.13005798,0.0,0.869942,0.0,0.0,0.0,0.0,0.0
5,3,0.0,0.07109144,0.0,0.9289085,0.0,0.0,0.0,0.0,0.0
5,3,0.0,0.07109144,0.0,0.9289085,0.0,0.0,0.0,0.0,0.0
5,3,0.0,0.07109144,0.0,0.9289085,0.0,0.0,0.0,0.0,0.0
5,3,0.0,0.07109144,0.0,0.9289085,0.0,0.0,0.0,0.0,0.0
5,3,0.0,0.07109144,0.0,0.9289085,0.0,0.0,0.0,0.0,0.0
5,3,0.0,0.07109144,0.0,0.9289085,0.0,0.0,0.0,0.0,0.0
5,3,0.0,0.07109144,0.0,0.9289085,0.0,0.0,0.0,0.0,0.0
5,3,0.0,0.07109144,0.0,0.9289085,0.0,0.0,0.0,0.0,0.0
5,3,0.0,0.07109144,0.0,0.9289085,0.0,0.0,0.0,0.0,0.0
5,3,0.0,0.07109144,0.0,0.9289085,0.0,0.0,0.0,0.0,0.0
5,3,0.0,0.07109144,0.0,0.9289085,0.0,0.0,0.0,0.0,0.0
5,3,0.0,0.07109144,0.0,0.9289085,0.0,0.0,0.0,0.0,0.0
5,3,0.0,0.07109144,0.0,0.9289085,0.0,0.0,0.0,0.0,0.0
5,3,0.0,0.07109144,0.0,0.9289085,0.0,0.0,0.0,0.0,0.0
5,3,0.0,0.07109144,0.0,0.9289085,0.0,0.0,0.0,0.0,0.0
5,3,0.0,0.07109144,0.0,0.9289085,0.0,0.0,0.0,0.0,0.0
5,3,0.0,0.07109144,0.0,0.9289085,0.0,0.0,0.0,0.0,0.0
5,3,0.0,0.07109144,0.0,0.9289085,0.0,0.0,0.0,0.0,0.0
5,3,0.0,0.07109144,0.0,0.9289085,0.0,0.0,0.0,0.0,0.0
5,3,0.0,0.07109144,0.0,0.9289085,0.0,0.0,0.0,0.0,0.0
5,3,0.0,0.07109144,0.0,0.9289085,0.0,0.0,0.0,0.0,0.0
5,3,0.0,0.07109144,0.0,0.9289085,0.0,0.0,0.0,0.0,0.0
5,3,0.0,0.07109144,0.0,0.9289085,0.0,0.0,0.0,0.0,0.0
5,3,0.0,0.07109144,0.0,0.9289085,0.0,0.0,0.0,0.0,0.0
5,3,0.0,0.07109144,0.0,0.9289085,0.0,0.0,0.0,0.0,0.0
5,3,0.0,0.07109144,0.0,0.9289085,0.0,0.0,0.0,0.0,0.0
5,3,0.0,0.07109144,0.0,0.9289085,0.0,0.0,0.0,0.0,0.0
5,3,0.0,0.07109144,0.0,0.9289085,0.0,0.0,0.0,0.0,0.0
5,3,0.0,0.07109144,0.0,0.9289085,0.0,0.0,0.0,0.0,0.0
5,3,0.0,0.07109144,0.0,0.9289085,0.0,0.0,0.0,0.0,0.0
5,3,0.0,0.07109144,0.0,0.9289085,0.0,0.0,0.0,0.0,0.0
5,3,0.0,0.07109144,0.0,0.9289085,0.0,0.0,0.0,0.0,0.0
5,3,0.0,0.07109144,0.0,0.9289085,0.0,0.0,0.0,0.0,0.0
5,3,0.0,0.07109144,0.0,0.9289085,0.0,0.0,0.0,0.0,0.0
5,3,0.0,0.07109144,0.0,0.9289085,0.0,0.0,0.0,0.0,0.0
5,3,0.0,0.07109144,0.0,0.9289085,0.0,0.0,0.0,0.0,0.0
5,3,0.0,0.07109144,0.0,0.9289085,0.0,0.0,0.0,0.0,0.0
5,3,0.0,0.07109144,0.0,0.9289085,0.0,0.0,0.0,0.0,0.0
5,3,0.0,0.07109144,0.0,0.9289085,0.0,0.0,0.0,0.0,0.0
5,3,0.0,0.07109144,0.0,0.9289085,0.0,0.0,0.0,0.0,0.0
5,3,0.0,0.07109144,0.0,0.9289085,0.0,0.0,0.0,0.0,0.0
5,3,0.0,0.07109144,0.0,0.9289085,0.0,0.0,0.0,0.0,0.0
5,3,0.0,0.07109144,0.0,0.9289085,0.0,0.0,0.0,0.0,0.0
5,3,0.0,0.07109144,0.0,0.9289085,0.0,0.0,0.0,0.0,0.0
5,3,0.0,0.07109144,0.0,0.9289085,0.0,0.0,0.0,0.0,0.0
5,3,0.0,0.07109144,0.0,0.9289085,0.0,0.0,0.0,0.0,0.0
5,3,0.0,0.07109144,0.0,0.9289085,0.0,0.0,0.0,0.0,0.0
5,3,0.0,0.07109144,0.0,0.9289085,0.0,0.0,0.0,0.0,0.0
5,3,0.0,0.07109144,0.0,0.9289085,0.0,0.0,0.0,0.0,0.0
5,3,0.0,0.07109144,0.0,0.9289085,0.0,0.0,0.0,0.0,0.0
5,3,0.0,0.07109144,0.0,0.9289085,0.0,0.0,0.0,0.0,0.0
5,3,0.0,0.07109144,0.0,0.9289085,0.0,0.0,0.0,0.0,0.0
5,3,0.0,0.07109144,0.0,0.9289085,0.0,0.0,0.0,0.0,0.0
5,3,0.0,0.07109144,0.0,0.9289085,0.0,0.0,0.0,0.0,0.0
5,3,0.0,0.07109144,0.0,0.9289085,0.0,0.0,0.0,0.0,0.0
5,3,0.0,0.07109144,0.0,0.9289085,0.0,0.0,0.0,0.0,0.0
5,3,0.0,0.07109144,0.0,0.9289085,0.0,0.0,0.0,0.0,0.0
5,3,0.0,0.07109144,0.0,0.9289085,0.0,0.0,0.0,0.0,0.0
5,3,0.0,0.07109144,0.0,0.9289085,0.0,0.0,0.0,0.0,0.0
5,3,0.0,0.07109144,0.0,0.9289085,0.0,0.0,0.0,0.0,0.0
5,3,0.0,0.07109144,0.0,0.9289085,0.0,0.0,0.0,0.0,0.0
5,3,0.0,0.07109144,0.0,0.9289085,0.0,0.0,0.0,0.0,0.0
5,3,0.0,0.07109144,0.0,0.9289085,0.0,0.0,0.0,0.0,0.0
5,3,0.0,0.07109144,0.0,0.9289085,0.0,0.0,0.0,0.0,0.0
5,3,0.0,0.07109144,0.0,0.9289085,0.0,0.0,0.0,0.0,0.0
5,3,0.0,0.07109144,0.0,0.9289085,0.0,0.0,0.0,0.0,0.0
5,3,0.0,0.07109144,0.0,0.9289085,0.0,0.0,0.0,0.0,0.0
5,3,0.0,0.07109144,0.0,0.9289085,0.0,0.0,0.0,0.0,0.0
5,3,0.0,0.07109144,0.0,0.9289085,0.0,0.0,0.0,0.0,0.0
5,3,0.0,0.07109144,0.0,0.9289085,0.0,0.0,0.0,0.0,0.0
5,3,0.0,0.07109144,0.0,0.9289085,0.0,0.0,0.0,0.0,0.0
5,3,0.0,0.07109144,0.0,0.9289085,0.0,0.0,0.0,0.0,0.0
5,3,0.0,0.07109144,0.0,0.9289085,0.0,0.0,0.0,0.0,0.0
5,3,0.0,0.07109144,0.0,0.9289085,0.0,0.0,0.0,0.0,0.0
5,3,0.0,0.07109144,0.0,0.9289085,0.0,0.0,0.0,0.0,0.0
5,3,0.0,0.07109144,0.0,0.9289085,0.0,0.0,0.0,0.0,0.0
5,3,0.0,0.07109144,0.0,0.9289085,0.0,0.0,0.0,0.0,0.0
5,3,0.0,0.07109144,0.0,0.9289085,0.0,0.0,0.0,0.0,0.0
5,3,0.0,0.07109144,0.0,0.9289085,0.0,0.0,0.0,0.0,0.0
5,3,0.0,0.07109144,0.0,0.9289085,0.0,0.0,0.0,0.0,0.0
5,3,0.0,0.0,0.0,1.0,0.0,0.0,0.0,0.0,0.0
5,3,0.0,0.0,0.0,1.0,0.0,0.0,0.0,0.0,0.0
5,3,0.0,0.0,0.0,1.0,0.0,0.0,0.0,0.0,0.0
5,3,0.0,0.0,0.0,1.0,0.0,0.0,0.0,0.0,0.0
5,3,0.0,0.0,0.0,1.0,0.0,0.0,0.0,0.0,0.0
5,3,0.0,0.0,0.0,1.0,0.0,0.0,0.0,0.0,0.0
5,3,0.0,0.0,0.0,1.0,0.0,0.0,0.0,0.0,0.0
5,3,0.0,0.0,0.0,1.0,0.0,0.0,0.0,0.0,0.0
5,3,0.0,0.0,0.0,1.0,0.0,0.0,0.0,0.0,0.0
5,3,0.0,0.0,0.0,1.0,0.0,0.0,0.0,0.0,0.0
5,3,0.0,0.0,0.0,1.0,0.0,0.0,0.0,0.0,0.0
5,3,0.0,0.0,0.0,1.0,0.0,0.0,0.0,0.0,0.0
5,3,0.0,0.0,0.0,1.0,0.0,0.0,0.0,0.0,0.0
5,3,0.0,0.0,0.0,1.0,0.0,0.0,0.0,0.0,0.0
5,3,0.0,0.0,0.0,1.0,0.0,0.0,0.0,0.0,0.0
5,3,0.0,0.0,0.0,1.0,0.0,0.0,0.0,0.0,0.0
5,3,0.0,0.0,0.0,1.0,0.0,0.0,0.0,0.0,0.0
5,3,0.0,0.0,0.0,1.0,0.0,0.0,0.0,0.0,0.0
5,3,0.0,0.0,0.0,1.0,0.0,0.0,0.0,0.0,0.0
5,3,0.0,0.0,0.0,1.0,0.0,0.0,0.0,0.0,0.0
5,3,0.0,0.0,0.0,1.0,0.0,0.0,0.0,0.0,0.0
5,3,0.0,0.0,0.0,1.0,0.0,0.0,0.0,0.0,0.0
5,3,0.0,0.0,0.0,1.0,0.0,0.0,0.0,0.0,0.0
5,3,0.0,0.0,0.0,1.0,0.0,0.0,0.0,0.0,0.0
5,3,0.0,0.0,0.0,1.0,0.0,0.0,0.0,0.0,0.0
5,3,0.0,0.0,0.0,1.0,0.0,0.0,0.0,0.0,0.0
5,3,0.0,0.0,0.0,1.0,0.0,0.0,0.0,0.0,0.0
5,3,0.0,0.0,0.0,1.0,0.0,0.0,0.0,0.0,0.0
5,3,0.0,0.0,0.0,1.0,0.0,0.0,0.0,0.0,0.0
5,3,0.0,0.0,0.0,1.0,0.0,0.0,0.0,0.0,0.0
5,3,0.0,0.0,0.0,1.0,0.0,0.0,0.0,0.0,0.0
5,3,0.0,0.0,0.0,1.0,0.0,0.0,0.0,0.0,0.0
5,3,0.0,0.0,0.0,1.0,0.0,0.0,0.0,0.0,0.0
5,3,0.0,0.0,0.0,1.0,0.0,0.0,0.0,0.0,0.0
5,3,0.0,0.0,0.0,1.0,0.0,0.0,0.0,0.0,0.0
5,3,0.0,0.0,0.0,1.0,0.0,0.0,0.0,0.0,0.0
5,3,0.0,0.0,0.0,1.0,0.0,0.0,0.0,0.0,0.0
5,3,0.0,0.0,0.0,1.0,0.0,0.0,0.0,0.0,0.0
5,3,0.0,0.0,0.0,1.0,0.0,0.0,0.0,0.0,0.0
5,3,0.0,0.0,0.0,1.0,0.0,0.0,0.0,0.0,0.0
5,3,0.0,0.0,0.0,1.0,0.0,0.0,0.0,0.0,0.0
5,3,0.0,0.0,0.0,1.0,0.0,0.0,0.0,0.0,0.0
5,3,0.0,0.0,0.0,1.0,0.0,0.0,0.0,0.0,0.0
5,3,0.0,0.0,0.0,1.0,0.0,0.0,0.0,0.0,0.0
5,3,0.0,0.0,0.0,1.0,0.0,0.0,0.0,0.0,0.0
5,3,0.0,0.0,0.0,1.0,0.0,0.0,0.0,0.0,0.0
5,3,0.0,0.0,0.0,1.0,0.0,0.0,0.0,0.0,0.0
5,3,0.0,0.0,0.0,1.0,0.0,0.0,0.0,0.0,0.0
5,3,0.0,0.0,0.0,1.0,0.0,0.0,0.0,0.0,0.0
5,3,0.0,0.0,0.0,1.0,0.0,0.0,0.0,0.0,0.0
5,3,0.0,0.0,0.0,1.0,0.0,0.0,0.0,0.0,0.0
5,3,0.0,0.0,0.0,1.0,0.0,0.0,0.0,0.0,0.0
5,3,0.0,0.0,0.0,1.0,0.0,0.0,0.0,0.0,0.0
5,3,0.0,0.0,0.0,1.0,0.0,0.0,0.0,0.0,0.0
5,3,0.0,0.0,0.0,1.0,0.0,0.0,0.0,0.0,0.0
5,3,0.0,0.0,0.0,1.0,0.0,0.0,0.0,0.0,0.0
5,3,0.0,0.0,0.0,1.0,0.0,0.0,0.0,0.0,0.0
5,3,0.0,0.0,0.0,1.0,0.0,0.0,0.0,0.0,0.0
5,3,0.0,0.0,0.0,1.0,0.0,0.0,0.0,0.0,0.0
5,3,0.0,0.0,0.0,1.0,0.0,0.0,0.0,0.0,0.0
5,3,0.0,0.0,0.0,1.0,0.0,0.0,0.0,0.0,0.0
5,3,0.0,0.0,0.0,1.0,0.0,0.0,0.0,0.0,0.0
5,3,0.0,0.0,0.0,1.0,0.0,0.0,0.0,0.0,0.0
5,3,0.0,0.0,0.0,1.0,0.0,0.0,0.0,0.0,0.0
5,3,0.0,0.0,0.0,1.0,0.0,0.0,0.0,0.0,0.0
5,3,0.0,0.0,0.0,1.0,0.0,0.0,0.0,0.0,0.0
5,3,0.0,0.0,0.0,1.0,0.0,0.0,0.0,0.0,0.0
5,3,0.0,0.0,0.0,1.0,0.0,0.0,0.0,0.0,0.0
5,3,0.0,0.0,0.0,1.0,0.0,0.0,0.0,0.0,0.0
5,3,0.0,0.0,0.0,1.0,0.0,0.0,0.0,0.0,0.0
5,3,0.0,0.0,0.0,1.0,0.0,0.0,0.0,0.0,0.0
5,3,0.0,0.0,0.0,1.0,0.0,0.0,0.0,0.0,0.0
5,3,0.0,0.0,0.0,1.0,0.0,0.0,0.0,0.0,0.0
5,3,0.0,0.0,0.0,1.0,0.0,0.0,0.0,0.0,0.0
5,3,0.0,0.0,0.0,1.0,0.0,0.0,0.0,0.0,0.0
5,3,0.0,0.0,0.0,1.0,0.0,0.0,0.0,0.0,0.0
5,3,0.0,0.0,0.0,1.0,0.0,0.0,0.0,0.0,0.0
5,3,0.0,0.0,0.0,1.0,0.0,0.0,0.0,0.0,0.0
5,3,0.0,0.0,0.0,1.0,0.0,0.0,0.0,0.0,0.0
5,3,0.0,0.0,0.0,1.0,0.0,0.0,0.0,0.0,0.0
5,3,0.0,0.0,0.0,1.0,0.0,0.0,0.0,0.0,0.0
5,3,0.0,0.0,0.0,1.0,0.0,0.0,0.0,0.0,0.0
5,3,0.0,0.0,0.0,1.0,0.0,0.0,0.0,0.0,0.0
5,3,0.0,0.0,0.0,1.0,0.0,0.0,0.0,0.0,0.0
5,3,0.0,0.0,0.0,1.0,0.0,0.0,0.0,0.0,0.0
5,3,0.0,0.0,0.0,1.0,0.0,0.0,0.0,0.0,0.0
5,3,0.0,0.0,0.0,1.0,0.0,0.0,0.0,0.0,0.0
5,3,0.0,0.0,0.0,1.0,0.0,0.0,0.0,0.0,0.0
5,3,0.0,0.0,0.0,1.0,0.0,0.0,0.0,0.0,0.0
5,3,0.0,0.0,0.0,1.0,0.0,0.0,0.0,0.0,0.0
5,3,0.0,0.0,0.0,1.0,0.0,0.0,0.0,0.0,0.0
5,3,0.0,0.0,0.0,1.0,0.0,0.0,0.0,0.0,0.0
5,3,0.0,0.0,0.0,1.0,0.0,0.0,0.0,0.0,0.0
5,3,0.0,0.0,0.0,1.0,0.0,0.0,0.0,0.0,0.0
5,3,0.0,0.0,0.0,1.0,0.0,0.0,0.0,0.0,0.0
5,3,0.0,0.0,0.0,1.0,0.0,0.0,0.0,0.0,0.0
5,3,0.0,0.0,0.0,1.0,0.0,0.0,0.0,0.0,0.0
5,3,0.0,0.0,0.0,1.0,0.0,0.0,0.0,0.0,0.0
5,3,0.0,0.0,0.0,1.0,0.0,0.0,0.0,0.0,0.0
5,3,0.0,0.0,0.0,1.0,0.0,0.0,0.0,0.0,0.0
5,3,0.0,0.0,0.0,1.0,0.0,0.0,0.0,0.0,0.0
5,3,0.0,0.0,0.0,1.0,0.0,0.0,0.0,0.0,0.0
5,3,0.0,0.0,0.0,1.0,0.0,0.0,0.0,0.0,0.0
5,3,0.0,0.0,0.0,1.0,0.0,0.0,0.0,0.0,0.0
5,3,0.0,0.0,0.0,1.0,0.0,0.0,0.0,0.0,0.0
5,3,0.0,0.0,0.0,1.0,0.0,0.0,0.0,0.0,0.0
5,3,0.0,0.0,0.0,1.0,0.0,0.0,0.0,0.0,0.0
5,3,0.0,0.0,0.0,1.0,0.0,0.0,0.0,0.0,0.0
5,3,0.0,0.0,0.0,1.0,0.0,0.0,0.0,0.0,0.0
5,3,0.0,0.0,0.0,1.0,0.0,0.0,0.0,0.0,0.0
5,3,0.0,0.0,0.0,1.0,0.0,0.0,0.0,0.0,0.0
5,3,0.0,0.0,0.0,1.0,0.0,0.0,0.0,0.0,0.0
5,3,0.0,0.0,0.0,1.0,0.0,0.0,0.0,0.0,0.0
5,3,0.0,0.0,0.0,1.0,0.0,0.0,0.0,0.0,0.0
5,3,0.0,0.0,0.0,1.0,0.0,0.0,0.0,0.0,0.0
5,3,0.0,0.0,0.0,1.0,0.0,0.0,0.0,0.0,0.0
5,3,0.0,0.0,0.0,1.0,0.0,0.0,0.0,0.0,0.0
5,3,0.0,0.0,0.0,1.0,0.0,0.0,0.0,0.0,0.0
5,3,0.0,0.0,0.0,1.0,0.0,0.0,0.0,0.0,0.0
5,3,0.0,0.0,0.0,1.0,0.0,0.0,0.0,0.0,0.0
5,3,0.0,0.0,0.0,1.0,0.0,0.0,0.0,0.0,0.0
5,3,0.0,0.0,0.0,1.0,0.0,0.0,0.0,0.0,0.0
5,3,0.0,0.0,0.0,1.0,0.0,0.0,0.0,0.0,0.0
5,3,0.0,0.0,0.0,1.0,0.0,0.0,0.0,0.0,0.0
5,3,0.0,0.0,0.0,1.0,0.0,0.0,0.0,0.0,0.0
5,3,0.0,0.0,0.0,1.0,0.0,0.0,0.0,0.0,0.0
5,3,0.0,0.0,0.0,1.0,0.0,0.0,0.0,0.0,0.0
5,3,0.0,0.0,0.0,1.0,0.0,0.0,0.0,0.0,0.0
5,3,0.0,0.0,0.0,1.0,0.0,0.0,0.0,0.0,0.0
5,3,0.0,0.0,0.0,1.0,0.0,0.0,0.0,0.0,0.0
5,3,0.0,0.0,0.0,1.0,0.0,0.0,0.0,0.0,0.0
5,3,0.0,0.0,0.0,1.0,0.0,0.0,0.0,0.0,0.0
5,3,0.0,0.0,0.0,1.0,0.0,0.0,0.0,0.0,0.0
5,3,0.0,0.0,0.0,1.0,0.0,0.0,0.0,0.0,0.0
5,3,0.0,0.0,0.0,1.0,0.0,0.0,0.0,0.0,0.0
5,3,0.0,0.0,0.0,1.0,0.0,0.0,0.0,0.0,0.0
5,3,0.0,0.0,0.0,1.0,0.0,0.0,0.0,0.0,0.0
5,3,0.0,0.0,0.0,1.0,0.0,0.0,0.0,0.0,0.0
5,3,0.0,0.0,0.0,1.0,0.0,0.0,0.0,0.0,0.0
5,3,0.0,0.0,0.0,1.0,0.0,0.0,0.0,0.0,0.0
5,3,0.0,0.0,0.0,1.0,0.0,0.0,0.0,0.0,0.0
5,3,0.0,0.0,0.0,1.0,0.0,0.0,0.0,0.0,0.0
5,3,0.0,0.0,0.0,1.0,0.0,0.0,0.0,0.0,0.0
5,3,0.0,0.0,0.0,1.0,0.0,0.0,0.0,0.0,0.0
5,3,0.0,0.0,0.0,1.0,0.0,0.0,0.0,0.0,0.0
5,3,0.0,0.0,0.0,1.0,0.0,0.0,0.0,0.0,0.0
5,3,0.0,0.0,0.0,1.0,0.0,0.0,0.0,0.0,0.0
5,3,0.0,0.0,0.0,1.0,0.0,0.0,0.0,0.0,0.0
5,3,0.0,0.0,0.0,1.0,0.0,0.0,0.0,0.0,0.0
5,3,0.0,0.0,0.0,1.0,0.0,0.0,0.0,0.0,0.0
5,3,0.0,0.0,0.0,1.0,0.0,0.0,0.0,0.0,0.0
5,3,0.0,0.0,0.0,1.0,0.0,0.0,0.0,0.0,0.0
5,3,0.0,0.0,0.0,1.0,0.0,0.0,0.0,0.0,0.0
5,3,0.0,0.07109144,0.0,0.9289085,0.0,0.0,0.0,0.0,0.0
5,3,0.0,0.07109144,0.0,0.9289085,0.0,0.0,0.0,0.0,0.0
5,3,0.0,0.07109144,0.0,0.9289085,0.0,0.0,0.0,0.0,0.0
5,3,0.0,0.07109144,0.0,0.9289085,0.0,0.0,0.0,0.0,0.0
5,3,0.0,0.07109144,0.0,0.9289085,0.0,0.0,0.0,0.0,0.0
5,3,0.0,0.07109144,0.0,0.9289085,0.0,0.0,0.0,0.0,0.0
5,3,0.0,0.07109144,0.0,0.9289085,0.0,0.0,0.0,0.0,0.0
5,3,0.0,0.07109144,0.0,0.9289085,0.0,0.0,0.0,0.0,0.0
5,3,0.0,0.07109144,0.0,0.9289085,0.0,0.0,0.0,0.0,0.0
5,3,0.0,0.07109144,0.0,0.9289085,0.0,0.0,0.0,0.0,0.0
5,3,0.0,0.07109144,0.0,0.9289085,0.0,0.0,0.0,0.0,0.0
5,3,0.0,0.07109144,0.0,0.9289085,0.0,0.0,0.0,0.0,0.0
5,3,0.0,0.07109144,0.0,0.9289085,0.0,0.0,0.0,0.0,0.0
5,3,0.0,0.07109144,0.0,0.9289085,0.0,0.0,0.0,0.0,0.0
5,3,0.0,0.07109144,0.0,0.9289085,0.0,0.0,0.0,0.0,0.0
5,3,0.0,0.07109144,0.0,0.9289085,0.0,0.0,0.0,0.0,0.0
5,3,0.0,0.07109144,0.0,0.9289085,0.0,0.0,0.0,0.0,0.0
5,3,0.0,0.07109144,0.0,0.9289085,0.0,0.0,0.0,0.0,0.0
5,3,0.0,0.07109144,0.0,0.9289085,0.0,0.0,0.0,0.0,0.0
5,3,0.0,0.07109144,0.0,0.9289085,0.0,0.0,0.0,0.0,0.0
5,3,0.0,0.07109144,0.0,0.9289085,0.0,0.0,0.0,0.0,0.0
5,3,0.0,0.07109144,0.0,0.9289085,0.0,0.0,0.0,0.0,0.0
5,3,0.0,0.07109144,0.0,0.9289085,0.0,0.0,0.0,0.0,0.0
5,3,0.0,0.07109144,0.0,0.9289085,0.0,0.0,0.0,0.0,0.0
5,3,0.0,0.07109144,0.0,0.9289085,0.0,0.0,0.0,0.0,0.0
5,3,0.0,0.07109144,0.0,0.9289085,0.0,0.0,0.0,0.0,0.0
5,3,0.0,0.07109144,0.0,0.9289085,0.0,0.0,0.0,0.0,0.0
5,3,0.0,0.07109144,0.0,0.9289085,0.0,0.0,0.0,0.0,0.0
5,3,0.0,0.07109144,0.0,0.9289085,0.0,0.0,0.0,0.0,0.0
5,3,0.0,0.07109144,0.0,0.9289085,0.0,0.0,0.0,0.0,0.0
5,3,0.0,0.07109144,0.0,0.9289085,0.0,0.0,0.0,0.0,0.0
5,3,0.0,0.07109144,0.0,0.9289085,0.0,0.0,0.0,0.0,0.0
5,3,0.0,0.07109144,0.0,0.9289085,0.0,0.0,0.0,0.0,0.0
5,3,0.0,0.07109144,0.0,0.9289085,0.0,0.0,0.0,0.0,0.0
5,3,0.0,0.07109144,0.0,0.9289085,0.0,0.0,0.0,0.0,0.0
5,3,0.0,0.07109144,0.0,0.9289085,0.0,0.0,0.0,0.0,0.0
5,3,0.0,0.07109144,0.0,0.9289085,0.0,0.0,0.0,0.0,0.0
5,3,0.0,0.07109144,0.0,0.9289085,0.0,0.0,0.0,0.0,0.0
5,3,0.0,0.07109144,0.0,0.9289085,0.0,0.0,0.0,0.0,0.0
5,3,0.0,0.07109144,0.0,0.9289085,0.0,0.0,0.0,0.0,0.0
5,3,0.0,0.07109144,0.0,0.9289085,0.0,0.0,0.0,0.0,0.0
5,3,0.0,0.07109144,0.0,0.9289085,0.0,0.0,0.0,0.0,0.0
5,3,0.0,0.07109144,0.0,0.9289085,0.0,0.0,0.0,0.0,0.0
5,3,0.0,0.07109144,0.0,0.9289085,0.0,0.0,0.0,0.0,0.0
5,3,0.0,0.07109144,0.0,0.9289085,0.0,0.0,0.0,0.0,0.0
5,3,0.0,0.07109144,0.0,0.9289085,0.0,0.0,0.0,0.0,0.0
5,3,0.0,0.07109144,0.0,0.9289085,0.0,0.0,0.0,0.0,0.0
5,3,0.0,0.07109144,0.0,0.9289085,0.0,0.0,0.0,0.0,0.0
5,3,0.0,0.07109144,0.0,0.9289085,0.0,0.0,0.0,0.0,0.0
5,3,0.0,0.07109144,0.0,0.9289085,0.0,0.0,0.0,0.0,0.0
5,3,0.0,0.07109144,0.0,0.9289085,0.0,0.0,0.0,0.0,0.0
5,3,0.0,0.07109144,0.0,0.9289085,0.0,0.0,0.0,0.0,0.0
5,3,0.0,0.07109144,0.0,0.9289085,0.0,0.0,0.0,0.0,0.0
5,3,0.0,0.07109144,0.0,0.9289085,0.0,0.0,0.0,0.0,0.0
5,3,0.0,0.07109144,0.0,0.9289085,0.0,0.0,0.0,0.0,0.0
5,3,0.0,0.07109144,0.0,0.9289085,0.0,0.0,0.0,0.0,0.0
5,3,0.0,0.07109144,0.0,0.9289085,0.0,0.0,0.0,0.0,0.0
5,3,0.0,0.07109144,0.0,0.9289085,0.0,0.0,0.0,0.0,0.0
5,3,0.0,0.07109144,0.0,0.9289085,0.0,0.0,0.0,0.0,0.0
5,3,0.0,0.07109144,0.0,0.9289085,0.0,0.0,0.0,0.0,0.0
5,3,0.0,0.07109144,0.0,0.9289085,0.0,0.0,0.0,0.0,0.0
5,3,0.0,0.07109144,0.0,0.9289085,0.0,0.0,0.0,0.0,0.0
5,3,0.0,0.07109144,0.0,0.9289085,0.0,0.0,0.0,0.0,0.0
5,3,0.0,0.07109144,0.0,0.9289085,0.0,0.0,0.0,0.0,0.0
5,3,0.0,0.07109144,0.0,0.9289085,0.0,0.0,0.0,0.0,0.0
5,3,0.0,0.07109144,0.0,0.9289085,0.0,0.0,0.0,0.0,0.0
5,3,0.0,0.07109144,0.0,0.9289085,0.0,0.0,0.0,0.0,0.0
5,3,0.0,0.07109144,0.0,0.9289085,0.0,0.0,0.0,0.0,0.0
5,3,0.0,0.07109144,0.0,0.9289085,0.0,0.0,0.0,0.0,0.0
5,3,0.0,0.07109144,0.0,0.9289085,0.0,0.0,0.0,0.0,0.0
5,3,0.0,0.07109144,0.0,0.9289085,0.0,0.0,0.0,0.0,0.0
5,3,0.0,0.07109144,0.0,0.9289085,0.0,0.0,0.0,0.0,0.0
5,3,0.0,0.07109144,0.0,0.9289085,0.0,0.0,0.0,0.0,0.0
5,3,0.0,0.07109144,0.0,0.9289085,0.0,0.0,0.0,0.0,0.0
5,3,0.0,0.07109144,0.0,0.9289085,0.0,0.0,0.0,0.0,0.0
5,3,0.0,0.07109144,0.0,0.9289085,0.0,0.0,0.0,0.0,0.0
5,3,0.0,0.07109144,0.0,0.9289085,0.0,0.0,0.0,0.0,0.0
5,3,0.0,0.07109144,0.0,0.9289085,0.0,0.0,0.0,0.0,0.0
5,3,0.0,0.07109144,0.0,0.9289085,0.0,0.0,0.0,0.0,0.0
5,3,0.0,0.07109144,0.0,0.9289085,0.0,0.0,0.0,0.0,0.0
5,3,0.0,0.07109144,0.0,0.9289085,0.0,0.0,0.0,0.0,0.0
5,3,0.0,0.07109144,0.0,0.9289085,0.0,0.0,0.0,0.0,0.0
5,3,0.0,0.07109144,0.0,0.9289085,0.0,0.0,0.0,0.0,0.0
5,3,0.0,0.07109144,0.0,0.9289085,0.0,0.0,0.0,0.0,0.0
5,3,0.0,0.07109144,0.0,0.9289085,0.0,0.0,0.0,0.0,0.0
5,3,0.0,0.07109144,0.0,0.9289085,0.0,0.0,0.0,0.0,0.0
5,3,0.0,0.07109144,0.0,0.9289085,0.0,0.0,0.0,0.0,0.0
5,3,0.0,0.07109144,0.0,0.9289085,0.0,0.0,0.0,0.0,0.0
5,3,0.0,0.07109144,0.0,0.9289085,0.0,0.0,0.0,0.0,0.0
5,3,0.0,0.07109144,0.0,0.9289085,0.0,0.0,0.0,0.0,0.0
5,3,0.0,0.07109144,0.0,0.9289085,0.0,0.0,0.0,0.0,0.0
5,3,0.0,0.07109144,0.0,0.9289085,0.0,0.0,0.0,0.0,0.0
5,3,0.0,0.07109144,0.0,0.9289085,0.0,0.0,0.0,0.0,0.0
5,3,0.0,0.07109144,0.0,0.9289085,0.0,0.0,0.0,0.0,0.0
5,3,0.0,0.07109144,0.0,0.9289085,0.0,0.0,0.0,0.0,0.0
5,3,0.0,0.07109144,0.0,0.9289085,0.0,0.0,0.0,0.0,0.0
5,3,0.0,0.07109144,0.0,0.9289085,0.0,0.0,0.0,0.0,0.0
5,3,0.0,0.07109144,0.0,0.9289085,0.0,0.0,0.0,0.0,0.0
5,3,0.0,0.07109144,0.0,0.9289085,0.0,0.0,0.0,0.0,0.0
5,3,0.0,0.07109144,0.0,0.9289085,0.0,0.0,0.0,0.0,0.0
5,3,0.0,0.07109144,0.0,0.9289085,0.0,0.0,0.0,0.0,0.0
5,3,0.0,0.07109144,0.0,0.9289085,0.0,0.0,0.0,0.0,0.0
5,3,0.0,0.07109144,0.0,0.9289085,0.0,0.0,0.0,0.0,0.0
5,3,0.0,0.07109144,0.0,0.9289085,0.0,0.0,0.0,0.0,0.0
5,3,0.0,0.07109144,0.0,0.9289085,0.0,0.0,0.0,0.0,0.0
5,3,0.0,0.07109144,0.0,0.9289085,0.0,0.0,0.0,0.0,0.0
5,3,0.0,0.07109144,0.0,0.9289085,0.0,0.0,0.0,0.0,0.0
5,3,0.0,0.07109144,0.0,0.9289085,0.0,0.0,0.0,0.0,0.0
5,3,0.0,0.07109144,0.0,0.9289085,0.0,0.0,0.0,0.0,0.0
5,3,0.0,0.07109144,0.0,0.9289085,0.0,0.0,0.0,0.0,0.0
5,3,0.0,0.07109144,0.0,0.9289085,0.0,0.0,0.0,0.0,0.0
5,3,0.0,0.07109144,0.0,0.9289085,0.0,0.0,0.0,0.0,0.0
5,3,0.0,0.07109144,0.0,0.9289085,0.0,0.0,0.0,0.0,0.0
5,3,0.0,0.07109144,0.0,0.9289085,0.0,0.0,0.0,0.0,0.0
5,3,0.0,0.07109144,0.0,0.9289085,0.0,0.0,0.0,0.0,0.0
5,3,0.0,0.07109144,0.0,0.9289085,0.0,0.0,0.0,0.0,0.0
5,3,0.0,0.07109144,0.0,0.9289085,0.0,0.0,0.0,0.0,0.0
5,3,0.0,0.07109144,0.0,0.9289085,0.0,0.0,0.0,0.0,0.0
5,3,0.0,0.07109144,0.0,0.9289085,0.0,0.0,0.0,0.0,0.0
5,3,0.0,0.07109144,0.0,0.9289085,0.0,0.0,0.0,0.0,0.0
5,3,0.0,0.07109144,0.0,0.9289085,0.0,0.0,0.0,0.0,0.0
5,3,0.0,0.07109144,0.0,0.9289085,0.0,0.0,0.0,0.0,0.0
5,3,0.0,0.07109144,0.0,0.9289085,0.0,0.0,0.0,0.0,0.0
5,3,0.0,0.07109144,0.0,0.9289085,0.0,0.0,0.0,0.0,0.0
5,3,0.0,0.07109144,0.0,0.9289085,0.0,0.0,0.0,0.0,0.0
5,3,0.0,0.07109144,0.0,0.9289085,0.0,0.0,0.0,0.0,0.0
5,3,0.0,0.07109144,0.0,0.9289085,0.0,0.0,0.0,0.0,0.0
5,3,0.0,0.07109144,0.0,0.9289085,0.0,0.0,0.0,0.0,0.0
5,3,0.0,0.07109144,0.0,0.9289085,0.0,0.0,0.0,0.0,0.0
5,3,0.0,0.07109144,0.0,0.9289085,0.0,0.0,0.0,0.0,0.0
5,3,0.0,0.07109144,0.0,0.9289085,0.0,0.0,0.0,0.0,0.0
5,3,0.0,0.07109144,0.0,0.9289085,0.0,0.0,0.0,0.0,0.0
5,3,0.0,0.07109144,0.0,0.9289085,0.0,0.0,0.0,0.0,0.0
5,3,0.0,0.07109144,0.0,0.9289085,0.0,0.0,0.0,0.0,0.0
5,3,0.0,0.07109144,0.0,0.9289085,0.0,0.0,0.0,0.0,0.0
5,3,0.0,0.07109144,0.0,0.9289085,0.0,0.0,0.0,0.0,0.0
5,3,0.0,0.07109144,0.0,0.9289085,0.0,0.0,0.0,0.0,0.0
5,3,0.0,0.07109144,0.0,0.9289085,0.0,0.0,0.0,0.0,0.0
5,3,0.0,0.07109144,0.0,0.9289085,0.0,0.0,0.0,0.0,0.0
5,3,0.0,0.07109144,0.0,0.9289085,0.0,0.0,0.0,0.0,0.0
5,3,0.0,0.07109144,0.0,0.9289085,0.0,0.0,0.0,0.0,0.0
5,3,0.0,0.07109144,0.0,0.9289085,0.0,0.0,0.0,0.0,0.0
5,3,0.0,0.07109144,0.0,0.9289085,0.0,0.0,0.0,0.0,0.0
5,3,0.0,0.13580674,0.0,0.86419326,0.0,0.0,0.0,0.0,0.0
5,3,0.0,0.13580674,0.0,0.86419326,0.0,0.0,0.0,0.0,0.0
5,3,0.0,0.13580674,0.0,0.86419326,0.0,0.0,0.0,0.0,0.0
5,3,0.0,0.13580674,0.0,0.86419326,0.0,0.0,0.0,0.0,0.0
5,3,0.0,0.13580674,0.0,0.86419326,0.0,0.0,0.0,0.0,0.0
5,3,0.0,0.13580674,0.0,0.86419326,0.0,0.0,0.0,0.0,0.0
5,3,0.0,0.13580674,0.0,0.86419326,0.0,0.0,0.0,0.0,0.0
5,3,0.0,0.13580674,0.0,0.86419326,0.0,0.0,0.0,0.0,0.0
5,3,0.0,0.13580674,0.0,0.86419326,0.0,0.0,0.0,0.0,0.0
5,3,0.0,0.13580674,0.0,0.86419326,0.0,0.0,0.0,0.0,0.0
5,3,0.0,0.13580674,0.0,0.86419326,0.0,0.0,0.0,0.0,0.0
5,3,0.0,0.13580674,0.0,0.86419326,0.0,0.0,0.0,0.0,0.0
5,3,0.0,0.13580674,0.0,0.86419326,0.0,0.0,0.0,0.0,0.0
5,3,0.0,0.13580674,0.0,0.86419326,0.0,0.0,0.0,0.0,0.0
5,3,0.0,0.13580674,0.0,0.86419326,0.0,0.0,0.0,0.0,0.0
5,3,0.0,0.13580674,0.0,0.86419326,0.0,0.0,0.0,0.0,0.0
5,3,0.0,0.13580674,0.0,0.86419326,0.0,0.0,0.0,0.0,0.0
5,3,0.0,0.13580674,0.0,0.86419326,0.0,0.0,0.0,0.0,0.0
5,3,0.0,0.13580674,0.0,0.86419326,0.0,0.0,0.0,0.0,0.0
5,3,0.0,0.13580674,0.0,0.86419326,0.0,0.0,0.0,0.0,0.0
5,3,0.0,0.13580674,0.0,0.86419326,0.0,0.0,0.0,0.0,0.0
5,3,0.0,0.13580674,0.0,0.86419326,0.0,0.0,0.0,0.0,0.0
5,3,0.0,0.13580674,0.0,0.86419326,0.0,0.0,0.0,0.0,0.0
5,3,0.0,0.13580674,0.0,0.86419326,0.0,0.0,0.0,0.0,0.0
5,3,0.0,0.13580674,0.0,0.86419326,0.0,0.0,0.0,0.0,0.0
5,3,0.0,0.13580674,0.0,0.86419326,0.0,0.0,0.0,0.0,0.0
5,3,0.0,0.13580674,0.0,0.86419326,0.0,0.0,0.0,0.0,0.0
5,3,0.0,0.13580674,0.0,0.86419326,0.0,0.0,0.0,0.0,0.0
5,3,0.0,0.13580674,0.0,0.86419326,0.0,0.0,0.0,0.0,0.0
5,3,0.0,0.13580674,0.0,0.86419326,0.0,0.0,0.0,0.0,0.0
5,3,0.0,0.13580674,0.0,0.86419326,0.0,0.0,0.0,0.0,0.0
5,3,0.0,0.13580674,0.0,0.86419326,0.0,0.0,0.0,0.0,0.0
5,3,0.0,0.13580674,0.0,0.86419326,0.0,0.0,0.0,0.0,0.0
5,3,0.0,0.13580674,0.0,0.86419326,0.0,0.0,0.0,0.0,0.0
5,3,0.0,0.13580674,0.0,0.86419326,0.0,0.0,0.0,0.0,0.0
5,3,0.0,0.13580674,0.0,0.86419326,0.0,0.0,0.0,0.0,0.0
5,3,0.0,0.13580674,0.0,0.86419326,0.0,0.0,0.0,0.0,0.0
5,3,0.0,0.13580674,0.0,0.86419326,0.0,0.0,0.0,0.0,0.0
5,3,0.0,0.13580674,0.0,0.86419326,0.0,0.0,0.0,0.0,0.0
5,3,0.0,0.13580674,0.0,0.86419326,0.0,0.0,0.0,0.0,0.0
5,3,0.0,0.13580674,0.0,0.86419326,0.0,0.0,0.0,0.0,0.0
5,3,0.0,0.13580674,0.0,0.86419326,0.0,0.0,0.0,0.0,0.0
5,3,0.0,0.13580674,0.0,0.86419326,0.0,0.0,0.0,0.0,0.0
5,3,0.0,0.13580674,0.0,0.86419326,0.0,0.0,0.0,0.0,0.0
5,3,0.0,0.13580674,0.0,0.86419326,0.0,0.0,0.0,0.0,0.0
5,3,0.0,0.13580674,0.0,0.86419326,0.0,0.0,0.0,0.0,0.0
5,3,0.0,0.13580674,0.0,0.86419326,0.0,0.0,0.0,0.0,0.0
5,3,0.0,0.13580674,0.0,0.86419326,0.0,0.0,0.0,0.0,0.0
5,3,0.0,0.13580674,0.0,0.86419326,0.0,0.0,0.0,0.0,0.0
5,3,0.0,0.13580674,0.0,0.86419326,0.0,0.0,0.0,0.0,0.0
5,3,0.0,0.13580674,0.0,0.86419326,0.0,0.0,0.0,0.0,0.0
5,3,0.0,0.13580674,0.0,0.86419326,0.0,0.0,0.0,0.0,0.0
5,3,0.0,0.13580674,0.0,0.86419326,0.0,0.0,0.0,0.0,0.0
5,3,0.0,0.13580674,0.0,0.86419326,0.0,0.0,0.0,0.0,0.0
5,3,0.0,0.13580674,0.0,0.86419326,0.0,0.0,0.0,0.0,0.0
5,3,0.0,0.13580674,0.0,0.86419326,0.0,0.0,0.0,0.0,0.0
5,3,0.0,0.13580674,0.0,0.86419326,0.0,0.0,0.0,0.0,0.0
5,3,0.0,0.13580674,0.0,0.86419326,0.0,0.0,0.0,0.0,0.0
5,3,0.0,0.13580674,0.0,0.86419326,0.0,0.0,0.0,0.0,0.0
5,3,0.0,0.13580674,0.0,0.86419326,0.0,0.0,0.0,0.0,0.0
5,3,0.0,0.13580674,0.0,0.86419326,0.0,0.0,0.0,0.0,0.0
5,3,0.0,0.13580674,0.0,0.86419326,0.0,0.0,0.0,0.0,0.0
5,3,0.0,0.13580674,0.0,0.86419326,0.0,0.0,0.0,0.0,0.0
5,3,0.0,0.13580674,0.0,0.86419326,0.0,0.0,0.0,0.0,0.0
5,3,0.058966536,0.13580674,0.0,0.80522674,0.0,0.0,0.0,0.0,0.0
5,3,0.058966536,0.13580674,0.0,0.80522674,0.0,0.0,0.0,0.0,0.0
5,3,0.058966536,0.13580674,0.0,0.80522674,0.0,0.0,0.0,0.0,0.0
5,3,0.058966536,0.13580674,0.0,0.80522674,0.0,0.0,0.0,0.0,0.0
5,3,0.058966536,0.13580674,0.0,0.80522674,0.0,0.0,0.0,0.0,0.0
5,3,0.058966536,0.13580674,0.0,0.80522674,0.0,0.0,0.0,0.0,0.0
5,3,0.058966536,0.13580674,0.0,0.80522674,0.0,0.0,0.0,0.0,0.0
5,3,0.058966536,0.13580674,0.0,0.80522674,0.0,0.0,0.0,0.0,0.0
5,3,0.058966536,0.13580674,0.0,0.80522674,0.0,0.0,0.0,0.0,0.0
5,3,0.058966536,0.13580674,0.0,0.80522674,0.0,0.0,0.0,0.0,0.0
5,3,0.058966536,0.13580674,0.0,0.80522674,0.0,0.0,0.0,0.0,0.0
5,3,0.058966536,0.13580674,0.0,0.80522674,0.0,0.0,0.0,0.0,0.0
5,3,0.058966536,0.13580674,0.0,0.80522674,0.0,0.0,0.0,0.0,0.0
5,3,0.058966536,0.13580674,0.0,0.80522674,0.0,0.0,0.0,0.0,0.0
5,3,0.058966536,0.13580674,0.0,0.80522674,0.0,0.0,0.0,0.0,0.0
5,3,0.058966536,0.13580674,0.0,0.80522674,0.0,0.0,0.0,0.0,0.0
5,3,0.058966536,0.13580674,0.0,0.80522674,0.0,0.0,0.0,0.0,0.0
5,3,0.058966536,0.13580674,0.0,0.80522674,0.0,0.0,0.0,0.0,0.0
5,3,0.058966536,0.13580674,0.0,0.80522674,0.0,0.0,0.0,0.0,0.0
5,3,0.058966536,0.13580674,0.0,0.80522674,0.0,0.0,0.0,0.0,0.0
5,3,0.058966536,0.13580674,0.0,0.80522674,0.0,0.0,0.0,0.0,0.0
5,3,0.058966536,0.13580674,0.0,0.80522674,0.0,0.0,0.0,0.0,0.0
5,3,0.058966536,0.13580674,0.0,0.80522674,0.0,0.0,0.0,0.0,0.0
5,3,0.058966536,0.13580674,0.0,0.80522674,0.0,0.0,0.0,0.0,0.0
5,3,0.058966536,0.13580674,0.0,0.80522674,0.0,0.0,0.0,0.0,0.0
5,3,0.058966536,0.13580674,0.0,0.80522674,0.0,0.0,0.0,0.0,0.0
5,3,0.058966536,0.13580674,0.0,0.80522674,0.0,0.0,0.0,0.0,0.0
5,3,0.058966536,0.13580674,0.0,0.80522674,0.0,0.0,0.0,0.0,0.0
5,3,0.058966536,0.13580674,0.0,0.80522674,0.0,0.0,0.0,0.0,0.0
5,3,0.058966536,0.20936915,0.0,0.7316643,0.0,0.0,0.0,0.0,0.0
5,3,0.058966536,0.20936915,0.0,0.7316643,0.0,0.0,0.0,0.0,0.0
5,3,0.058966536,0.20936915,0.0,0.7316643,0.0,0.0,0.0,0.0,0.0
5,3,0.058966536,0.26465285,0.0,0.6763806,0.0,0.0,0.0,0.0,0.0
5,3,0.058966536,0.26465285,0.0,0.6763806,0.0,0.0,0.0,0.0,0.0
5,3,0.058966536,0.26465285,0.0,0.6763806,0.0,0.0,0.0,0.0,0.0
5,3,0.058966544,0.26465288,0.0556715,0.6207091,0.0,0.0,0.0,0.0,0.0
5,3,0.058966544,0.26465288,0.0556715,0.6207091,0.0,0.0,0.0,0.0,0.0
5,3,0.058966544,0.26465288,0.0556715,0.6207091,0.0,0.0,0.0,0.0,0.0
5,3,0.058966544,0.26465288,0.0556715,0.6207091,0.0,0.0,0.0,0.0,0.0
5,3,0.058966544,0.26465288,0.0556715,0.6207091,0.0,0.0,0.0,0.0,0.0
5,3,0.058966544,0.26465288,0.0556715,0.6207091,0.0,0.0,0.0,0.0,0.0
5,3,0.058966544,0.26465288,0.0556715,0.6207091,0.0,0.0,0.0,0.0,0.0
5,3,0.058966544,0.26465288,0.0556715,0.6207091,0.0,0.0,0.0,0.0,0.0
5,3,0.058966544,0.26465288,0.0556715,0.6207091,0.0,0.0,0.0,0.0,0.0
5,3,0.058966536,0.3270184,0.05567149,0.5583435,0.0,0.0,0.0,0.0,0.0
5,3,0.058966536,0.3270184,0.05567149,0.5583435,0.0,0.0,0.0,0.0,0.0
5,3,0.058966536,0.3270184,0.05567149,0.5583435,0.0,0.0,0.0,0.0,0.0
5,3,0.058966536,0.3270184,0.05567149,0.5583435,0.0,0.0,0.0,0.0,0.0
5,3,0.058966536,0.3270184,0.05567149,0.5583435,0.0,0.0,0.0,0.0,0.0
5,3,0.058966536,0.3270184,0.05567149,0.5583435,0.0,0.0,0.0,0.0,0.0
5,3,0.058966536,0.3270184,0.05567149,0.5583435,0.0,0.0,0.0,0.0,0.0
5,3,0.058966536,0.3270184,0.05567149,0.5583435,0.0,0.0,0.0,0.0,0.0
6,3,0.058966536,0.3270184,0.05567149,0.5583435,0.0,0.0,0.0,0.0,0.0
6,3,0.058966536,0.3270184,0.05567149,0.5583435,0.0,0.0,0.0,0.0,0.0
6,3,0.058966536,0.3270184,0.05567149,0.5583435,0.0,0.0,0.0,0.0,0.0
6,3,0.058966536,0.3270184,0.05567149,0.5583435,0.0,0.0,0.0,0.0,0.0
6,3,0.058966536,0.3270184,0.05567149,0.5583435,0.0,0.0,0.0,0.0,0.0
6,3,0.058966536,0.3270184,0.05567149,0.5583435,0.0,0.0,0.0,0.0,0.0
6,3,0.058966536,0.3270184,0.05567149,0.5583435,0.0,0.0,0.0,0.0,0.0
6,3,0.058966536,0.3270184,0.05567149,0.5583435,0.0,0.0,0.0,0.0,0.0
6,3,0.058966536,0.3270184,0.05567149,0.5583435,0.0,0.0,0.0,0.0,0.0
6,3,0.058966536,0.3270184,0.05567149,0.5583435,0.0,0.0,0.0,0.0,0.0
6,3,0.058966536,0.3270184,0.05567149,0.5583435,0.0,0.0,0.0,0.0,0.0
6,3,0.058966536,0.3270184,0.05567149,0.5583435,0.0,0.0,0.0,0.0,0.0
6,3,0.058966536,0.3270184,0.05567149,0.5583435,0.0,0.0,0.0,0.0,0.0
6,3,0.058966536,0.3270184,0.05567149,0.5583435,0.0,0.0,0.0,0.0,0.0
6,3,0.058966536,0.3270184,0.05567149,0.5583435,0.0,0.0,0.0,0.0,0.0
6,3,0.058966536,0.3270184,0.05567149,0.5583435,0.0,0.0,0.0,0.0,0.0
6,3,0.058966536,0.3270184,0.05567149,0.5583435,0.0,0.0,0.0,0.0,0.0
6,3,0.058966536,0.3270184,0.05567149,0.5583435,0.0,0.0,0.0,0.0,0.0
6,3,0.058966536,0.3270184,0.05567149,0.5583435,0.0,0.0,0.0,0.0,0.0
6,3,0.058966536,0.3270184,0.05567149,0.5583435,0.0,0.0,0.0,0.0,0.0
6,3,0.12559398,0.3270184,0.05567149,0.49171612,0.0,0.0,0.0,0.0,0.0
6,3,0.12559398,0.3270184,0.05567149,0.49171612,0.0,0.0,0.0,0.0,0.0
6,3,0.12559398,0.3270184,0.05567149,0.49171612,0.0,0.0,0.0,0.0,0.0
6,3,0.12559398,0.3270184,0.05567149,0.49171612,0.0,0.0,0.0,0.0,0.0
6,3,0.12559398,0.3270184,0.05567149,0.49171612,0.0,0.0,0.0,0.0,0.0
6,3,0.12559398,0.3270184,0.05567149,0.49171612,0.0,0.0,0.0,0.0,0.0
6,3,0.12559398,0.3270184,0.05567149,0.49171612,0.0,0.0,0.0,0.0,0.0
6,3,0.12559398,0.3270184,0.05567149,0.49171612,0.0,0.0,0.0,0.0,0.0
6,3,0.18335143,0.32701844,0.055671494,0.37805232,0.055906363,0.0,0.0,0.0,0.0
6,3,0.18335143,0.32701844,0.055671494,0.37805232,0.055906363,0.0,0.0,0.0,0.0
6,3,0.18335143,0.32701844,0.055671494,0.37805232,0.055906363,0.0,0.0,0.0,0.0
6,3,0.18335143,0.32701844,0.055671494,0.37805232,0.055906363,0.0,0.0,0.0,0.0
6,3,0.18335143,0.32701844,0.055671494,0.37805232,0.055906363,0.0,0.0,0.0,0.0
6,3,0.18335143,0.32701844,0.055671494,0.37805232,0.055906363,0.0,0.0,0.0,0.0
6,3,0.18335143,0.32701844,0.055671494,0.37805232,0.055906363,0.0,0.0,0.0,0.0
6,3,0.18335143,0.32701844,0.055671494,0.37805232,0.055906363,0.0,0.0,0.0,0.0
6,3,0.18335143,0.32701844,0.055671494,0.37805232,0.055906363,0.0,0.0,0.0,0.0
6,3,0.18335143,0.32701844,0.055671494,0.37805232,0.055906363,0.0,0.0,0.0,0.0
6,3,0.18335143,0.32701844,0.055671494,0.37805232,0.055906363,0.0,0.0,0.0,0.0
6,3,0.18335143,0.32701844,0.055671494,0.37805232,0.055906363,0.0,0.0,0.0,0.0
6,3,0.18335143,0.32701844,0.055671494,0.37805232,0.055906363,0.0,0.0,0.0,0.0
6,3,0.18335143,0.32701844,0.055671494,0.37805232,0.055906363,0.0,0.0,0.0,0.0
6,3,0.18335143,0.32701844,0.055671494,0.37805232,0.055906363,0.0,0.0,0.0,0.0
6,3,0.18335143,0.32701844,0.055671494,0.37805232,0.055906363,0.0,0.0,0.0,0.0
6,3,0.18335143,0.32701844,0.055671494,0.37805232,0.055906363,0.0,0.0,0.0,0.0
6,3,0.18335143,0.32701844,0.055671494,0.37805232,0.055906363,0.0,0.0,0.0,0.0
6,3,0.18335143,0.32701844,0.055671494,0.37805232,0.055906363,0.0,0.0,0.0,0.0
6,3,0.18335143,0.255927,0.055671494,0.44914377,0.055906363,0.0,0.0,0.0,0.0
6,3,0.18335143,0.255927,0.055671494,0.44914377,0.055906363,0.0,0.0,0.0,0.0
6,3,0.18335143,0.255927,0.055671494,0.44914377,0.055906363,0.0,0.0,0.0,0.0
6,3,0.18335143,0.255927,0.055671494,0.44914377,0.055906363,0.0,0.0,0.0,0.0
6,3,0.18335143,0.255927,0.055671494,0.44914377,0.055906363,0.0,0.0,0.0,0.0
6,3,0.18335143,0.255927,0.055671494,0.44914377,0.055906363,0.0,0.0,0.0,0.0
6,3,0.18335143,0.255927,0.055671494,0.44914377,0.055906363,0.0,0.0,0.0,0.0
6,3,0.18335143,0.255927,0.055671494,0.44914377,0.055906363,0.0,0.0,0.0,0.0
6,3,0.18335143,0.255927,0.055671494,0.44914377,0.055906363,0.0,0.0,0.0,0.0
6,3,0.18335143,0.255927,0.055671494,0.44914377,0.055906363,0.0,0.0,0.0,0.0
6,3,0.18335143,0.255927,0.055671494,0.44914377,0.055906363,0.0,0.0,0.0,0.0
6,3,0.18335143,0.255927,0.055671494,0.44914377,0.055906363,0.0,0.0,0.0,0.0
6,3,0.18335143,0.255927,0.055671494,0.44914377,0.055906363,0.0,0.0,0.0,0.0
6,3,0.18335141,0.25592697,0.05567149,0.39103872,0.11401138,0.0,0.0,0.0,0.0
6,3,0.18335141,0.25592697,0.05567149,0.39103872,0.11401138,0.0,0.0,0.0,0.0
6,3,0.18335141,0.25592697,0.05567149,0.39103872,0.11401138,0.0,0.0,0.0,0.0
6,3,0.18335141,0.25592697,0.05567149,0.39103872,0.11401138,0.0,0.0,0.0,0.0
6,3,0.18335141,0.25592697,0.05567149,0.31825492,0.11401138,0.07278382,0.0,0.0,0.0
6,3,0.18335141,0.25592697,0.05567149,0.31825492,0.11401138,0.07278382,0.0,0.0,0.0
6,3,0.18335141,0.25592697,0.05567149,0.31825492,0.11401138,0.07278382,0.0,0.0,0.0
6,3,0.18335141,0.25592697,0.05567149,0.31825492,0.11401138,0.07278382,0.0,0.0,0.0
6,3,0.18335141,0.25592697,0.05567149,0.31825492,0.11401138,0.07278382,0.0,0.0,0.0
6,3,0.18335141,0.25592697,0.05567149,0.31825492,0.11401138,0.07278382,0.0,0.0,0.0
6,3,0.18335141,0.25592697,0.05567149,0.31825492,0.11401138,0.07278382,0.0,0.0,0.0
6,3,0.18335141,0.25592697,0.05567149,0.31825492,0.11401138,0.07278382,0.0,0.0,0.0
6,3,0.18335141,0.25592697,0.05567149,0.31825492,0.11401138,0.07278382,0.0,0.0,0.0
6,3,0.18335141,0.25592697,0.05567149,0.31825492,0.11401138,0.07278382,0.0,0.0,0.0
6,3,0.18335141,0.25592697,0.05567149,0.31825492,0.11401138,0.07278382,0.0,0.0,0.0
6,3,0.18335141,0.25592697,0.05567149,0.31825492,0.11401138,0.07278382,0.0,0.0,0.0
6,3,0.18335141,0.25592697,0.05567149,0.2590856,0.1731807,0.07278382,0.0,0.0,0.0
6,3,0.18335141,0.25592697,0.05567149,0.2590856,0.1731807,0.07278382,0.0,0.0,0.0
6,3,0.18335141,0.25592697,0.05567149,0.2590856,0.1731807,0.07278382,0.0,0.0,0.0
6,3,0.18335141,0.25592697,0.05567149,0.2590856,0.1731807,0.07278382,0.0,0.0,0.0
6,3,0.18335141,0.25592697,0.05567149,0.2590856,0.1731807,0.07278382,0.0,0.0,0.0
6,3,0.18335141,0.25592697,0.05567149,0.2590856,0.1731807,0.07278382,0.0,0.0,0.0
6,3,0.18335141,0.25592697,0.05567149,0.2590856,0.1731807,0.07278382,0.0,0.0,0.0
6,3,0.18335141,0.25592697,0.05567149,0.2590856,0.1731807,0.07278382,0.0,0.0,0.0
6,3,0.18335141,0.25592697,0.05567149,0.2590856,0.1731807,0.07278382,0.0,0.0,0.0
6,3,0.18335141,0.25592697,0.05567149,0.2590856,0.1731807,0.07278382,0.0,0.0,0.0
6,3,0.18335141,0.25592697,0.05567149,0.2590856,0.1731807,0.07278382,0.0,0.0,0.0
6,3,0.18335141,0.25592697,0.05567149,0.2590856,0.1731807,0.07278382,0.0,0.0,0.0
6,3,0.18335141,0.25592697,0.05567149,0.2590856,0.1731807,0.07278382,0.0,0.0,0.0
6,3,0.18335141,0.25592697,0.05567149,0.2590856,0.1731807,0.07278382,0.0,0.0,0.0
6,3,0.18335141,0.25592697,0.05567149,0.2590856,0.1731807,0.07278382,0.0,0.0,0.0
6,3,0.19416063,0.27101478,0.0,0.2743596,0.18339032,0.077074684,0.0,0.0,0.0
6,3,0.19416064,0.27101478,0.0,0.20819616,0.18339032,0.077074684,0.0,0.066163436,0.0
6,3,0.19416064,0.27101478,0.0,0.20819616,0.18339032,0.077074684,0.0,0.066163436,0.0
6,3,0.19416064,0.27101478,0.0,0.20819616,0.18339032,0.077074684,0.0,0.066163436,0.0
6,3,0.19416064,0.27101478,0.0,0.20819616,0.18339032,0.077074684,0.0,0.066163436,0.0
6,3,0.19416064,0.27101478,0.0,0.20819616,0.18339032,0.077074684,0.0,0.066163436,0.0
6,3,0.19416064,0.27101478,0.0,0.20819616,0.18339032,0.077074684,0.0,0.066163436,0.0
6,3,0.19416064,0.27101478,0.0,0.20819616,0.18339032,0.077074684,0.0,0.066163436,0.0
6,3,0.19416064,0.27101478,0.0,0.20819616,0.18339032,0.077074684,0.0,0.066163436,0.0
6,4,0.19416064,0.2124719,0.0,0.14853854,0.3015908,0.07707469,0.0,0.066163436,0.0
6,4,0.19416064,0.2124719,0.0,0.14853854,0.3015908,0.07707469,0.0,0.066163436,0.0
6,4,0.19416064,0.2124719,0.0,0.14853854,0.3015908,0.07707469,0.0,0.066163436,0.0
6,4,0.19416064,0.2124719,0.0,0.14853854,0.3015908,0.07707469,0.0,0.066163436,0.0
6,4,0.19416064,0.2124719,0.0,0.14853854,0.3015908,0.07707469,0.0,0.066163436,0.0
6,4,0.19416064,0.2124719,0.0,0.14853854,0.3015908,0.07707469,0.0,0.066163436,0.0
6,4,0.19416064,0.2124719,0.0,0.14853854,0.3015908,0.07707469,0.0,0.066163436,0.0
6,4,0.19416064,0.2124719,0.0,0.14853854,0.3015908,0.07707469,0.0,0.066163436,0.0
6,4,0.19416064,0.2124719,0.0,0.14853854,0.3015908,0.07707469,0.0,0.066163436,0.0
6,4,0.19416064,0.2124719,0.0,0.14853854,0.3015908,0.07707469,0.0,0.066163436,0.0
6,4,0.19416064,0.2124719,0.0,0.14853854,0.3015908,0.07707469,0.0,0.066163436,0.0
6,4,0.19416064,0.2124719,0.0,0.14853854,0.3015908,0.07707469,0.0,0.066163436,0.0
6,4,0.19416064,0.2124719,0.0,0.14853854,0.3015908,0.07707469,0.0,0.066163436,0.0
6,4,0.19416064,0.2124719,0.0,0.14853854,0.3015908,0.07707469,0.0,0.066163436,0.0
6,4,0.19416064,0.2124719,0.0,0.14853854,0.3015908,0.07707469,0.0,0.066163436,0.0
6,4,0.19416064,0.2124719,0.0,0.14853854,0.3015908,0.07707469,0.0,0.066163436,0.0
6,4,0.19416064,0.2124719,0.0,0.14853854,0.3015908,0.07707469,0.0,0.066163436,0.0
6,4,0.19416064,0.2124719,0.0,0.14853854,0.3015908,0.07707469,0.0,0.066163436,0.0
6,4,0.19416064,0.2124719,0.0,0.14853854,0.3015908,0.07707469,0.0,0.066163436,0.0
6,4,0.19416064,0.2124719,0.0,0.14853854,0.3015908,0.07707469,0.0,0.066163436,0.0
6,4,0.19416064,0.2124719,0.0,0.14853854,0.3015908,0.07707469,0.0,0.066163436,0.0
6,4,0.19416064,0.2124719,0.0,0.14853854,0.3015908,0.07707469,0.0,0.066163436,0.0
6,4,0.19416064,0.2124719,0.0,0.14853854,0.3015908,0.07707469,0.0,0.066163436,0.0
6,4,0.19416064,0.2124719,0.0,0.14853854,0.3015908,0.07707469,0.0,0.066163436,0.0
6,4,0.13171782,0.21247189,0.0,0.14853854,0.36775422,0.077074684,0.0,0.062442824,0.0
6,4,0.13171782,0.21247189,0.0,0.14853854,0.36775422,0.077074684,0.0,0.062442824,0.0
6,4,0.13171782,0.21247189,0.0,0.14853854,0.36775422,0.077074684,0.0,0.062442824,0.0
6,4,0.13171782,0.21247189,0.0,0.14853854,0.36775422,0.077074684,0.0,0.062442824,0.0
6,4,0.13171782,0.21247189,0.0,0.07528253,0.36775422,0.15033069,0.0,0.062442824,0.0
6,4,0.13171782,0.21247189,0.0,0.07528253,0.36775422,0.15033069,0.0,0.062442824,0.0
6,4,0.13171782,0.21247189,0.0,0.07528253,0.36775422,0.15033069,0.0,0.062442824,0.0
6,4,0.13171782,0.21247189,0.0,0.07528253,0.36775422,0.15033069,0.0,0.062442824,0.0
6,4,0.13171782,0.21247189,0.0,0.07528253,0.36775422,0.15033069,0.0,0.062442824,0.0
6,4,0.13171782,0.21247189,0.0,0.07528253,0.36775422,0.15033069,0.0,0.062442824,0.0
6,4,0.13171782,0.21247189,0.0,0.07528253,0.36775422,0.15033069,0.0,0.062442824,0.0
6,4,0.13171782,0.21247189,0.0,0.07528253,0.36775422,0.15033069,0.0,0.062442824,0.0
6,4,0.13171782,0.21247189,0.0,0.07528253,0.4448289,0.073256016,0.0,0.062442824,0.0
6,4,0.13171782,0.21247189,0.0,0.07528253,0.4448289,0.073256016,0.0,0.062442824,0.0
6,4,0.13171782,0.21247189,0.0,0.07528253,0.4448289,0.073256016,0.0,0.062442824,0.0
6,4,0.13171782,0.21247189,0.0,0.07528253,0.4448289,0.073256016,0.0,0.062442824,0.0
6,4,0.061162453,0.21247189,0.0,0.07528253,0.4448289,0.14381137,0.0,0.062442824,0.0
6,4,0.061162453,0.21247189,0.0,0.07528253,0.4448289,0.14381137,0.0,0.062442824,0.0
6,4,0.061162453,0.21247189,0.0,0.07528253,0.4448289,0.14381137,0.0,0.062442824,0.0
6,4,0.061162453,0.21247189,0.0,0.07528253,0.4448289,0.14381137,0.0,0.062442824,0.0
6,4,0.061162453,0.21247189,0.0,0.07528253,0.4448289,0.14381137,0.0,0.062442824,0.0
6,4,0.061162453,0.21247189,0.0,0.07528253,0.4448289,0.14381137,0.0,0.062442824,0.0
6,4,0.061162453,0.21247189,0.0,0.07528253,0.4448289,0.14381137,0.0,0.062442824,0.0
6,4,0.061162453,0.21247189,0.0,0.07528253,0.4448289,0.14381137,0.0,0.062442824,0.0
6,4,0.061162453,0.21247189,0.0,0.07528253,0.4448289,0.14381137,0.0,0.062442824,0.0
6,4,0.061162453,0.21247189,0.0,0.07528253,0.4448289,0.14381137,0.0,0.062442824,0.0
6,4,0.061162453,0.21247189,0.0,0.07528253,0.4448289,0.14381137,0.0,0.062442824,0.0
6,4,0.061162453,0.21247189,0.0,0.07528253,0.4448289,0.14381137,0.0,0.062442824,0.0
6,4,0.061162453,0.21247189,0.0,0.07528253,0.4448289,0.14381137,0.0,0.062442824,0.0
6,4,0.061162453,0.21247189,0.0,0.07528253,0.4448289,0.14381137,0.0,0.062442824,0.0
6,4,0.061162453,0.21247189,0.0,0.07528253,0.4448289,0.14381137,0.0,0.062442824,0.0
6,4,0.061162453,0.21247189,0.0,0.07528253,0.4448289,0.14381137,0.0,0.062442824,0.0
6,4,0.061162453,0.21247189,0.0,0.07528253,0.4448289,0.14381137,0.0,0.062442824,0.0
6,4,0.061162453,0.21247189,0.0,0.07528253,0.4448289,0.14381137,0.0,0.062442824,0.0
6,4,0.061162453,0.21247189,0.0,0.07528253,0.4448289,0.14381137,0.0,0.062442824,0.0
6,4,0.061162453,0.21247189,0.0,0.07528253,0.4448289,0.14381137,0.0,0.062442824,0.0
6,4,0.061162453,0.21247189,0.0,0.07528253,0.4448289,0.14381137,0.0,0.062442824,0.0
6,4,0.061162453,0.21247189,0.0,0.07528253,0.4448289,0.14381137,0.0,0.062442824,0.0
6,4,0.061162453,0.21247189,0.0,0.07528253,0.4448289,0.14381137,0.0,0.062442824,0.0
6,4,0.061162453,0.21247189,0.0,0.07528253,0.4448289,0.14381137,0.0,0.062442824,0.0
6,4,0.061162453,0.21247189,0.0,0.07528253,0.4448289,0.14381137,0.0,0.062442824,0.0
6,4,0.061162453,0.21247189,0.0,0.07528253,0.4448289,0.14381137,0.0,0.062442824,0.0
6,4,0.061162453,0.21247189,0.0,0.07528253,0.5180849,0.07055536,0.0,0.062442824,0.0
6,4,0.061162453,0.21247189,0.0,0.07528253,0.5180849,0.07055536,0.0,0.062442824,0.0
6,4,0.06116246,0.14642969,0.0,0.07528254,0.5841271,0.07055537,0.0,0.062442828,0.0
6,4,0.06116246,0.14642969,0.0,0.07528254,0.5841271,0.07055537,0.0,0.062442828,0.0
6,4,0.06116246,0.14642969,0.0,0.07528254,0.5841271,0.07055537,0.0,0.062442828,0.0
6,4,0.06116246,0.14642969,0.0,0.07528254,0.5841271,0.07055537,0.0,0.062442828,0.0
6,4,0.06566233,0.083630435,0.0,0.08082126,0.62710285,0.0757463,0.0,0.0670369,0.0
6,4,0.06566233,0.083630435,0.0,0.08082126,0.62710285,0.0757463,0.0,0.0670369,0.0
6,4,0.06566233,0.083630435,0.0,0.08082126,0.62710285,0.0757463,0.0,0.0670369,0.0
6,4,0.06566233,0.083630435,0.0,0.08082126,0.62710285,0.0757463,0.0,0.0670369,0.0
6,4,0.06566233,0.083630435,0.0,0.08082126,0.62710285,0.0757463,0.0,0.0670369,0.0
6,4,0.06566233,0.083630435,0.0,0.08082126,0.62710285,0.0757463,0.0,0.0670369,0.0
6,4,0.06566233,0.083630435,0.0,0.08082126,0.62710285,0.0757463,0.0,0.0670369,0.0
6,4,0.06566233,0.083630435,0.0,0.08082126,0.62710285,0.0757463,0.0,0.0670369,0.0
6,4,0.06566233,0.083630435,0.0,0.08082126,0.62710285,0.0757463,0.0,0.0670369,0.0
6,4,0.06566233,0.083630435,0.0,0.08082126,0.62710285,0.0757463,0.0,0.0670369,0.0
6,4,0.06566233,0.083630435,0.0,0.08082126,0.62710285,0.0757463,0.0,0.0670369,0.0
6,4,0.06566233,0.083630435,0.0,0.08082126,0.62710285,0.0757463,0.0,0.0670369,0.0
6,4,0.06566233,0.083630435,0.0,0.08082126,0.62710285,0.0757463,0.0,0.0670369,0.0
6,4,0.06566233,0.083630435,0.0,0.08082126,0.62710285,0.0757463,0.0,0.0670369,0.0
6,4,0.06566233,0.083630435,0.0,0.08082126,0.62710285,0.0757463,0.0,0.0670369,0.0
6,4,0.06566233,0.0,0.0,0.08082125,0.71073323,0.0757463,0.0,0.0670369,0.0
6,4,0.06566233,0.0,0.0,0.08082125,0.71073323,0.0757463,0.0,0.0670369,0.0
6,4,0.06566233,0.0,0.0,0.08082125,0.71073323,0.0757463,0.0,0.0670369,0.0
6,4,0.06566233,0.0,0.0,0.08082125,0.71073323,0.0757463,0.0,0.0670369,0.0
6,4,0.06566233,0.0,0.0,0.08082125,0.71073323,0.0757463,0.0,0.0670369,0.0
6,4,0.06566233,0.0,0.0,0.08082125,0.71073323,0.0757463,0.0,0.0670369,0.0
6,4,0.06566233,0.0,0.0,0.08082125,0.71073323,0.0757463,0.0,0.0670369,0.0
6,4,0.06566233,0.0,0.0,0.08082125,0.71073323,0.0757463,0.0,0.0670369,0.0
6,4,0.06566233,0.0,0.0,0.08082125,0.71073323,0.0757463,0.0,0.0670369,0.0
6,4,0.06566233,0.0,0.0,0.08082125,0.71073323,0.0757463,0.0,0.0670369,0.0
6,4,0.06566233,0.0,0.0,0.08082125,0.71073323,0.0757463,0.0,0.0670369,0.0
6,4,0.06566233,0.0,0.0,0.08082125,0.71073323,0.0757463,0.0,0.0670369,0.0
6,4,0.06566233,0.0,0.0,0.08082125,0.71073323,0.0757463,0.0,0.0670369,0.0
6,4,0.06566233,0.0,0.0,0.08082125,0.71073323,0.0757463,0.0,0.0670369,0.0
6,4,0.06566233,0.0,0.0,0.08082125,0.71073323,0.0757463,0.0,0.0670369,0.0
6,4,0.06566233,0.0,0.0,0.08082125,0.71073323,0.0757463,0.0,0.0670369,0.0
6,4,0.06566233,0.0,0.0,0.08082125,0.71073323,0.0757463,0.0,0.0670369,0.0
6,4,0.06566233,0.0,0.0,0.08082125,0.71073323,0.0757463,0.0,0.0670369,0.0
6,4,0.06566233,0.0,0.0,0.08082125,0.71073323,0.0757463,0.0,0.0670369,0.0
6,4,0.06566233,0.0,0.0,0.08082125,0.71073323,0.0757463,0.0,0.0670369,0.0
6,4,0.06566233,0.0,0.0,0.08082125,0.71073323,0.0757463,0.0,0.0670369,0.0
6,4,0.06566233,0.0,0.0,0.08082125,0.71073323,0.0757463,0.0,0.0670369,0.0
6,4,0.06566233,0.0,0.0,0.08082125,0.71073323,0.0757463,0.0,0.0670369,0.0
6,4,0.06566233,0.0,0.0,0.08082125,0.71073323,0.0757463,0.0,0.0670369,0.0
6,4,0.06566233,0.0,0.0,0.08082125,0.71073323,0.0757463,0.0,0.0670369,0.0
6,4,0.06566233,0.0,0.0,0.08082126,0.7777701,0.0757463,0.0,0.0,0.0
6,4,0.06566233,0.0,0.0,0.08082126,0.7777701,0.0757463,0.0,0.0,0.0
6,4,0.06566233,0.0,0.0,0.08082126,0.7777701,0.0757463,0.0,0.0,0.0
6,4,0.06566233,0.0,0.0,0.08082126,0.7777701,0.0757463,0.0,0.0,0.0
6,4,0.06566233,0.0,0.0,0.08082126,0.7777701,0.0757463,0.0,0.0,0.0
6,4,0.06566233,0.0,0.0,0.08082126,0.7777701,0.0757463,0.0,0.0,0.0
6,4,0.06566233,0.0,0.0,0.08082126,0.7777701,0.0757463,0.0,0.0,0.0
6,4,0.06566233,0.0,0.0,0.08082126,0.7777701,0.0757463,0.0,0.0,0.0
6,4,0.0,0.0,0.0,0.08082126,0.8535164,0.0,0.0,0.06566233,0.0
6,4,0.0,0.0,0.0,0.08082126,0.8535164,0.0,0.0,0.06566233,0.0
6,4,0.0,0.0,0.0,0.08082126,0.8535164,0.0,0.0,0.06566233,0.0
6,4,0.0,0.0,0.0,0.08082126,0.8535164,0.0,0.0,0.06566233,0.0
6,4,0.0,0.0,0.0,0.08082126,0.8535164,0.0,0.0,0.06566233,0.0
6,4,0.0,0.0,0.0,0.08082126,0.8535164,0.0,0.0,0.06566233,0.0
6,4,0.0,0.0,0.0,0.08082126,0.8535164,0.0,0.0,0.06566233,0.0
6,4,0.0,0.0,0.0,0.08082126,0.8535164,0.0,0.0,0.06566233,0.0
6,4,0.0,0.0,0.0,0.08082126,0.8535164,0.0,0.0,0.06566233,0.0
6,4,0.0,0.0,0.0,0.08082126,0.8535164,0.0,0.0,0.06566233,0.0
6,4,0.0,0.0,0.0,0.08082126,0.8535164,0.0,0.0,0.06566233,0.0
6,4,0.0,0.0,0.0,0.08082126,0.8535164,0.0,0.0,0.06566233,0.0
6,4,0.0,0.0,0.0,0.08082126,0.8535164,0.0,0.0,0.06566233,0.0
6,4,0.0,0.0,0.0,0.08082126,0.8535164,0.0,0.0,0.06566233,0.0
6,4,0.0,0.0,0.0,0.08082126,0.8535164,0.0,0.0,0.06566233,0.0
6,4,0.0,0.0,0.0,0.08082126,0.8535164,0.0,0.0,0.06566233,0.0
6,4,0.0,0.0,0.0,0.08082126,0.8535164,0.0,0.0,0.06566233,0.0
6,4,0.0,0.0,0.0,0.08082126,0.8535164,0.0,0.0,0.06566233,0.0
6,4,0.0,0.0,0.0,0.08082126,0.8535164,0.0,0.0,0.06566233,0.0
6,4,0.0,0.0,0.0,0.08082126,0.8535164,0.0,0.0,0.06566233,0.0
6,4,0.0,0.0,0.0,0.08082126,0.8535164,0.0,0.0,0.06566233,0.0
6,4,0.0,0.0,0.0,0.08082126,0.8535164,0.0,0.0,0.06566233,0.0
6,4,0.0,0.0,0.0,0.08082126,0.8535164,0.0,0.0,0.06566233,0.0
6,4,0.0,0.0,0.0,0.08082126,0.8535164,0.0,0.0,0.06566233,0.0
6,4,0.0,0.0,0.0,0.080821246,0.9191787,0.0,0.0,0.0,0.0
6,4,0.0,0.0,0.0,0.080821246,0.9191787,0.0,0.0,0.0,0.0
6,4,0.0,0.0,0.0,0.080821246,0.9191787,0.0,0.0,0.0,0.0
6,4,0.0,0.0,0.0,0.080821246,0.9191787,0.0,0.0,0.0,0.0
6,4,0.0,0.0,0.0,0.080821246,0.9191787,0.0,0.0,0.0,0.0
6,4,0.0,0.0,0.0,0.080821246,0.9191787,0.0,0.0,0.0,0.0
6,4,0.0,0.0,0.0,0.080821246,0.9191787,0.0,0.0,0.0,0.0
6,4,0.0,0.0,0.0,0.080821246,0.9191787,0.0,0.0,0.0,0.0
6,4,0.0,0.0,0.0,0.080821246,0.9191787,0.0,0.0,0.0,0.0
6,4,0.0,0.0,0.0,0.080821246,0.9191787,0.0,0.0,0.0,0.0
6,4,0.0,0.0,0.0,0.080821246,0.9191787,0.0,0.0,0.0,0.0
6,4,0.0,0.0,0.0,0.080821246,0.9191787,0.0,0.0,0.0,0.0
6,4,0.0,0.0,0.0,0.080821246,0.9191787,0.0,0.0,0.0,0.0
6,4,0.0,0.0,0.0,0.080821246,0.9191787,0.0,0.0,0.0,0.0
6,4,0.0,0.0,0.0,0.080821246,0.9191787,0.0,0.0,0.0,0.0
6,4,0.0,0.0,0.0,0.080821246,0.9191787,0.0,0.0,0.0,0.0
6,4,0.0,0.0,0.0,0.080821246,0.9191787,0.0,0.0,0.0,0.0
6,4,0.0,0.0,0.0,0.080821246,0.9191787,0.0,0.0,0.0,0.0
6,4,0.0,0.0,0.0,0.080821246,0.9191787,0.0,0.0,0.0,0.0
6,4,0.0,0.0,0.0,0.080821246,0.9191787,0.0,0.0,0.0,0.0
6,4,0.0,0.0,0.0,0.080821246,0.9191787,0.0,0.0,0.0,0.0
6,4,0.0,0.0,0.0,0.080821246,0.9191787,0.0,0.0,0.0,0.0
6,4,0.0,0.0,0.0,0.080821246,0.9191787,0.0,0.0,0.0,0.0
6,4,0.0,0.0,0.0,0.080821246,0.9191787,0.0,0.0,0.0,0.0
6,4,0.0,0.0,0.0,0.080821246,0.9191787,0.0,0.0,0.0,0.0
6,4,0.0,0.0,0.0,0.080821246,0.9191787,0.0,0.0,0.0,0.0
6,4,0.0,0.0,0.0,0.080821246,0.9191787,0.0,0.0,0.0,0.0
6,4,0.0,0.0,0.0,0.080821246,0.9191787,0.0,0.0,0.0,0.0
6,4,0.0,0.0,0.0,0.080821246,0.9191787,0.0,0.0,0.0,0.0
6,4,0.0,0.0,0.0,0.080821246,0.9191787,0.0,0.0,0.0,0.0
6,4,0.0,0.0,0.0,0.080821246,0.9191787,0.0,0.0,0.0,0.0
6,4,0.0,0.0,0.0,0.080821246,0.9191787,0.0,0.0,0.0,0.0
6,4,0.0,0.0,0.0,0.080821246,0.9191787,0.0,0.0,0.0,0.0
6,4,0.0,0.0,0.0,0.080821246,0.9191787,0.0,0.0,0.0,0.0
6,4,0.0,0.0,0.0,0.07601048,0.9239895,0.0,0.0,0.0,0.0
6,4,0.0,0.0,0.0,0.07601048,0.9239895,0.0,0.0,0.0,0.0
6,4,0.0,0.0,0.0,0.07601048,0.9239895,0.0,0.0,0.0,0.0
6,4,0.0,0.0,0.0,0.07601048,0.9239895,0.0,0.0,0.0,0.0
6,4,0.0,0.0,0.0,0.07601048,0.9239895,0.0,0.0,0.0,0.0
6,4,0.0,0.0,0.0,0.07601048,0.9239895,0.0,0.0,0.0,0.0
6,4,0.0,0.0,0.0,0.07601048,0.9239895,0.0,0.0,0.0,0.0
6,4,0.0,0.0,0.0,0.07601048,0.9239895,0.0,0.0,0.0,0.0
6,4,0.0,0.0,0.0,0.07601048,0.9239895,0.0,0.0,0.0,0.0
6,4,0.0,0.0,0.0,0.07601048,0.9239895,0.0,0.0,0.0,0.0
6,4,0.0,0.0,0.0,0.07601048,0.9239895,0.0,0.0,0.0,0.0
6,4,0.0,0.0,0.0,0.07601048,0.9239895,0.0,0.0,0.0,0.0
6,4,0.0,0.0,0.0,0.07601048,0.9239895,0.0,0.0,0.0,0.0
6,4,0.0,0.0,0.0,0.07601048,0.9239895,0.0,0.0,0.0,0.0
6,4,0.0,0.0,0.0,0.07601048,0.9239895,0.0,0.0,0.0,0.0
6,4,0.0,0.0,0.0,0.07601048,0.9239895,0.0,0.0,0.0,0.0
6,4,0.0,0.0,0.0,0.07601048,0.9239895,0.0,0.0,0.0,0.0
6,4,0.0,0.0,0.0,0.07601048,0.9239895,0.0,0.0,0.0,0.0
6,4,0.0,0.0,0.0,0.07601048,0.9239895,0.0,0.0,0.0,0.0
6,4,0.0,0.0,0.0,0.07601048,0.9239895,0.0,0.0,0.0,0.0
6,4,0.0,0.0,0.0,0.07601048,0.9239895,0.0,0.0,0.0,0.0
6,4,0.0,0.0,0.0,0.07601048,0.9239895,0.0,0.0,0.0,0.0
6,4,0.0,0.0,0.0,0.07601048,0.9239895,0.0,0.0,0.0,0.0
6,4,0.0,0.0,0.0,0.07601048,0.9239895,0.0,0.0,0.0,0.0
6,4,0.0,0.0,0.0,0.07601048,0.9239895,0.0,0.0,0.0,0.0
6,4,0.0,0.0,0.0,0.07601048,0.9239895,0.0,0.0,0.0,0.0
6,4,0.0,0.0,0.0,0.07601048,0.9239895,0.0,0.0,0.0,0.0
6,4,0.0,0.0,0.0,0.07601048,0.9239895,0.0,0.0,0.0,0.0
6,4,0.0,0.0,0.0,0.07601048,0.9239895,0.0,0.0,0.0,0.0
6,4,0.0,0.0,0.0,0.07601048,0.9239895,0.0,0.0,0.0,0.0
6,4,0.0,0.0,0.0,0.07601048,0.9239895,0.0,0.0,0.0,0.0
6,4,0.0,0.0,0.0,0.07601048,0.9239895,0.0,0.0,0.0,0.0
6,4,0.0,0.0,0.0,0.07601048,0.9239895,0.0,0.0,0.0,0.0
6,4,0.0,0.0,0.0,0.07601048,0.9239895,0.0,0.0,0.0,0.0
6,4,0.0,0.0,0.0,0.07601048,0.9239895,0.0,0.0,0.0,0.0
6,4,0.0,0.0,0.0,0.07601048,0.9239895,0.0,0.0,0.0,0.0
6,4,0.0,0.0,0.0,0.07601048,0.9239895,0.0,0.0,0.0,0.0
6,4,0.0,0.0,0.0,0.07601048,0.9239895,0.0,0.0,0.0,0.0
6,4,0.0,0.0,0.0,0.07109144,0.9289085,0.0,0.0,0.0,0.0
6,4,0.0,0.0,0.0,0.07109144,0.9289085,0.0,0.0,0.0,0.0
6,4,0.0,0.0,0.0,0.07109144,0.9289085,0.0,0.0,0.0,0.0
6,4,0.0,0.0,0.0,0.07109144,0.9289085,0.0,0.0,0.0,0.0
6,4,0.0,0.0,0.0,0.07109144,0.9289085,0.0,0.0,0.0,0.0
6,4,0.0,0.0,0.0,0.07109144,0.9289085,0.0,0.0,0.0,0.0
6,4,0.0,0.0,0.0,0.07109144,0.9289085,0.0,0.0,0.0,0.0
6,4,0.0,0.0,0.0,0.07109144,0.9289085,0.0,0.0,0.0,0.0
6,4,0.0,0.0,0.0,0.07109144,0.9289085,0.0,0.0,0.0,0.0
6,4,0.0,0.0,0.0,0.07109144,0.9289085,0.0,0.0,0.0,0.0
6,4,0.0,0.0,0.0,0.07109144,0.9289085,0.0,0.0,0.0,0.0
6,4,0.0,0.0,0.0,0.07109144,0.9289085,0.0,0.0,0.0,0.0
6,4,0.0,0.0,0.0,0.07109144,0.9289085,0.0,0.0,0.0,0.0
6,4,0.0,0.0,0.0,0.07109144,0.9289085,0.0,0.0,0.0,0.0
6,4,0.0,0.0,0.0,0.07109144,0.9289085,0.0,0.0,0.0,0.0
6,4,0.0,0.0,0.0,0.07109144,0.9289085,0.0,0.0,0.0,0.0
6,4,0.0,0.0,0.0,0.07109144,0.9289085,0.0,0.0,0.0,0.0
6,4,0.0,0.0,0.0,0.07109144,0.9289085,0.0,0.0,0.0,0.0
6,4,0.0,0.0,0.0,0.07109144,0.9289085,0.0,0.0,0.0,0.0
6,4,0.0,0.0,0.0,0.07109144,0.9289085,0.0,0.0,0.0,0.0
6,4,0.0,0.0,0.0,0.07109144,0.9289085,0.0,0.0,0.0,0.0
6,4,0.0,0.0,0.0,0.07109144,0.9289085,0.0,0.0,0.0,0.0
6,4,0.0,0.0,0.0,0.07109144,0.9289085,0.0,0.0,0.0,0.0
6,4,0.0,0.0,0.0,0.07109144,0.9289085,0.0,0.0,0.0,0.0
6,4,0.0,0.0,0.0,0.07109144,0.9289085,0.0,0.0,0.0,0.0
6,4,0.0,0.0,0.0,0.07109144,0.9289085,0.0,0.0,0.0,0.0
6,4,0.0,0.0,0.0,0.07109144,0.9289085,0.0,0.0,0.0,0.0
6,4,0.0,0.0,0.0,0.07109144,0.9289085,0.0,0.0,0.0,0.0
6,4,0.0,0.0,0.0,0.07109144,0.9289085,0.0,0.0,0.0,0.0
6,4,0.0,0.0,0.0,0.07109144,0.9289085,0.0,0.0,0.0,0.0
6,4,0.0,0.0,0.0,0.07109144,0.9289085,0.0,0.0,0.0,0.0
6,4,0.0,0.0,0.0,0.07109144,0.9289085,0.0,0.0,0.0,0.0
6,4,0.0,0.0,0.0,0.07109144,0.9289085,0.0,0.0,0.0,0.0
6,4,0.0,0.0,0.0,0.07109144,0.9289085,0.0,0.0,0.0,0.0
6,4,0.0,0.0,0.0,0.07109144,0.9289085,0.0,0.0,0.0,0.0
6,4,0.0,0.0,0.0,0.07109144,0.9289085,0.0,0.0,0.0,0.0
6,4,0.0,0.0,0.0,0.07109144,0.9289085,0.0,0.0,0.0,0.0
6,4,0.0,0.0,0.0,0.07109144,0.9289085,0.0,0.0,0.0,0.0
6,4,0.0,0.0,0.0,0.07109144,0.9289085,0.0,0.0,0.0,0.0
6,4,0.0,0.0,0.0,0.07109144,0.9289085,0.0,0.0,0.0,0.0
6,4,0.0,0.0,0.0,0.07109144,0.9289085,0.0,0.0,0.0,0.0
6,4,0.0,0.0,0.0,0.07109144,0.9289085,0.0,0.0,0.0,0.0
6,4,0.0,0.0,0.0,0.07109144,0.9289085,0.0,0.0,0.0,0.0
6,4,0.0,0.0,0.0,0.07109144,0.9289085,0.0,0.0,0.0,0.0
6,4,0.0,0.0,0.0,0.07109144,0.9289085,0.0,0.0,0.0,0.0
6,4,0.0,0.0,0.0,0.07109144,0.9289085,0.0,0.0,0.0,0.0
6,4,0.0,0.0,0.0,0.07109144,0.9289085,0.0,0.0,0.0,0.0
6,4,0.0,0.0,0.0,0.07109144,0.9289085,0.0,0.0,0.0,0.0
6,4,0.0,0.0,0.0,0.07109144,0.9289085,0.0,0.0,0.0,0.0
6,4,0.0,0.0,0.0,0.07109144,0.9289085,0.0,0.0,0.0,0.0
6,4,0.0,0.0,0.0,0.07109144,0.9289085,0.0,0.0,0.0,0.0
6,4,0.0,0.0,0.0,0.07109144,0.9289085,0.0,0.0,0.0,0.0
6,4,0.0,0.0,0.0,0.07109144,0.9289085,0.0,0.0,0.0,0.0
6,4,0.0,0.0,0.0,0.07109144,0.9289085,0.0,0.0,0.0,0.0
6,4,0.0,0.0,0.0,0.07109144,0.9289085,0.0,0.0,0.0,0.0
6,4,0.0,0.0,0.0,0.07109144,0.9289085,0.0,0.0,0.0,0.0
6,4,0.0,0.0,0.0,0.07109144,0.9289085,0.0,0.0,0.0,0.0
6,4,0.0,0.0,0.0,0.07109144,0.9289085,0.0,0.0,0.0,0.0
6,4,0.0,0.0,0.0,0.07109144,0.9289085,0.0,0.0,0.0,0.0
6,4,0.0,0.0,0.0,0.07109144,0.9289085,0.0,0.0,0.0,0.0
6,4,0.0,0.0,0.0,0.07109144,0.9289085,0.0,0.0,0.0,0.0
6,4,0.0,0.0,0.0,0.07109144,0.9289085,0.0,0.0,0.0,0.0
6,4,0.0,0.0,0.0,0.07109144,0.9289085,0.0,0.0,0.0,0.0
6,4,0.0,0.0,0.0,0.07109144,0.9289085,0.0,0.0,0.0,0.0
6,4,0.0,0.0,0.0,0.07109144,0.9289085,0.0,0.0,0.0,0.0
6,4,0.0,0.0,0.0,0.07109144,0.9289085,0.0,0.0,0.0,0.0
6,4,0.0,0.0,0.0,0.07109144,0.9289085,0.0,0.0,0.0,0.0
6,4,0.0,0.0,0.0,0.07109144,0.9289085,0.0,0.0,0.0,0.0
6,4,0.0,0.0,0.0,0.07109144,0.9289085,0.0,0.0,0.0,0.0
6,4,0.0,0.0,0.0,0.07109144,0.9289085,0.0,0.0,0.0,0.0
6,4,0.0,0.0,0.0,0.07109144,0.9289085,0.0,0.0,0.0,0.0
6,4,0.0,0.0,0.0,0.07109144,0.9289085,0.0,0.0,0.0,0.0
6,4,0.0,0.0,0.0,0.07109144,0.9289085,0.0,0.0,0.0,0.0
6,4,0.0,0.0,0.0,0.07109144,0.9289085,0.0,0.0,0.0,0.0
6,4,0.0,0.0,0.0,0.07109144,0.9289085,0.0,0.0,0.0,0.0
6,4,0.0,0.0,0.0,0.07109144,0.9289085,0.0,0.0,0.0,0.0
6,4,0.0,0.0,0.0,0.07109144,0.9289085,0.0,0.0,0.0,0.0
6,4,0.0,0.0,0.0,0.07109144,0.9289085,0.0,0.0,0.0,0.0
6,4,0.0,0.0,0.0,0.07109144,0.9289085,0.0,0.0,0.0,0.0
6,4,0.0,0.0,0.0,0.07109144,0.9289085,0.0,0.0,0.0,0.0
6,4,0.0,0.0,0.0,0.07109144,0.9289085,0.0,0.0,0.0,0.0
6,4,0.0,0.0,0.0,0.07109144,0.9289085,0.0,0.0,0.0,0.0
6,4,0.0,0.0,0.0,0.07109144,0.9289085,0.0,0.0,0.0,0.0
6,4,0.0,0.0,0.0,0.07109144,0.9289085,0.0,0.0,0.0,0.0
6,4,0.0,0.0,0.0,0.07109144,0.9289085,0.0,0.0,0.0,0.0
6,4,0.0,0.0,0.0,0.07109144,0.9289085,0.0,0.0,0.0,0.0
6,4,0.0,0.0,0.0,0.07109144,0.9289085,0.0,0.0,0.0,0.0
6,4,0.0,0.0,0.0,0.07109144,0.9289085,0.0,0.0,0.0,0.0
6,4,0.0,0.0,0.0,0.07109144,0.9289085,0.0,0.0,0.0,0.0
6,4,0.0,0.0,0.0,0.07109144,0.9289085,0.0,0.0,0.0,0.0
6,4,0.0,0.0,0.0,0.07109144,0.9289085,0.0,0.0,0.0,0.0
6,4,0.0,0.0,0.0,0.07109144,0.9289085,0.0,0.0,0.0,0.0
6,4,0.0,0.0,0.0,0.07109144,0.9289085,0.0,0.0,0.0,0.0
6,4,0.0,0.0,0.0,0.07109144,0.9289085,0.0,0.0,0.0,0.0
6,4,0.0,0.0,0.0,0.07109144,0.9289085,0.0,0.0,0.0,0.0
6,4,0.0,0.0,0.0,0.07109144,0.9289085,0.0,0.0,0.0,0.0
6,4,0.0,0.0,0.0,0.07109144,0.9289085,0.0,0.0,0.0,0.0
6,4,0.0,0.0,0.0,0.07109144,0.9289085,0.0,0.0,0.0,0.0
6,4,0.0,0.0,0.0,0.07109144,0.9289085,0.0,0.0,0.0,0.0
6,4,0.0,0.0,0.0,0.07109144,0.9289085,0.0,0.0,0.0,0.0
6,4,0.0,0.0,0.0,0.07109144,0.9289085,0.0,0.0,0.0,0.0
6,4,0.0,0.0,0.0,0.07109144,0.9289085,0.0,0.0,0.0,0.0
6,4,0.0,0.0,0.0,0.07109144,0.9289085,0.0,0.0,0.0,0.0
6,4,0.0,0.0,0.0,0.07109144,0.9289085,0.0,0.0,0.0,0.0
6,4,0.0,0.0,0.0,0.07109144,0.9289085,0.0,0.0,0.0,0.0
6,4,0.0,0.0,0.0,0.07109144,0.9289085,0.0,0.0,0.0,0.0
6,4,0.0,0.0,0.0,0.07109144,0.9289085,0.0,0.0,0.0,0.0
6,4,0.0,0.0,0.0,0.07109144,0.9289085,0.0,0.0,0.0,0.0
6,4,0.0,0.0,0.0,0.07109144,0.9289085,0.0,0.0,0.0,0.0
6,4,0.0,0.0,0.0,0.07109144,0.9289085,0.0,0.0,0.0,0.0
6,4,0.0,0.0,0.0,0.07109144,0.9289085,0.0,0.0,0.0,0.0
6,4,0.0,0.0,0.0,0.07109144,0.9289085,0.0,0.0,0.0,0.0
6,4,0.0,0.0,0.0,0.07109144,0.9289085,0.0,0.0,0.0,0.0
6,4,0.0,0.0,0.0,0.07109144,0.9289085,0.0,0.0,0.0,0.0
6,4,0.0,0.0,0.0,0.07109144,0.9289085,0.0,0.0,0.0,0.0
6,4,0.0,0.0,0.0,0.07109144,0.9289085,0.0,0.0,0.0,0.0
6,4,0.0,0.0,0.0,0.07109144,0.9289085,0.0,0.0,0.0,0.0
6,4,0.0,0.0,0.0,0.07109144,0.9289085,0.0,0.0,0.0,0.0
6,4,0.0,0.0,0.0,0.07109144,0.9289085,0.0,0.0,0.0,0.0
6,4,0.0,0.0,0.0,0.07109144,0.9289085,0.0,0.0,0.0,0.0
6,4,0.0,0.0,0.0,0.07109144,0.9289085,0.0,0.0,0.0,0.0
6,4,0.0,0.0,0.0,0.07109144,0.9289085,0.0,0.0,0.0,0.0
6,4,0.0,0.0,0.0,0.07109144,0.9289085,0.0,0.0,0.0,0.0
6,4,0.0,0.0,0.0,0.07109144,0.9289085,0.0,0.0,0.0,0.0
6,4,0.0,0.0,0.0,0.07109144,0.9289085,0.0,0.0,0.0,0.0
6,4,0.0,0.0,0.0,0.07109144,0.9289085,0.0,0.0,0.0,0.0
6,4,0.0,0.0,0.0,0.07109144,0.9289085,0.0,0.0,0.0,0.0
6,4,0.0,0.0,0.0,0.07109144,0.9289085,0.0,0.0,0.0,0.0
6,4,0.0,0.0,0.0,0.07109144,0.9289085,0.0,0.0,0.0,0.0
6,4,0.0,0.0,0.0,0.07109144,0.9289085,0.0,0.0,0.0,0.0
6,4,0.0,0.0,0.0,0.07109144,0.9289085,0.0,0.0,0.0,0.0
6,4,0.0,0.0,0.0,0.07109144,0.9289085,0.0,0.0,0.0,0.0
6,4,0.0,0.0,0.0,0.07109144,0.9289085,0.0,0.0,0.0,0.0
6,4,0.0,0.0,0.0,0.07109144,0.9289085,0.0,0.0,0.0,0.0
6,4,0.0,0.0,0.0,0.07109144,0.9289085,0.0,0.0,0.0,0.0
6,4,0.0,0.0,0.0,0.07109144,0.9289085,0.0,0.0,0.0,0.0
6,4,0.0,0.0,0.0,0.07109144,0.9289085,0.0,0.0,0.0,0.0
6,4,0.0,0.0,0.0,0.07109144,0.9289085,0.0,0.0,0.0,0.0
6,4,0.0,0.0,0.0,0.07109144,0.9289085,0.0,0.0,0.0,0.0
6,4,0.0,0.0,0.0,0.07109144,0.9289085,0.0,0.0,0.0,0.0
6,4,0.0,0.0,0.0,0.07109144,0.9289085,0.0,0.0,0.0,0.0
6,4,0.0,0.0,0.0,0.07109144,0.9289085,0.0,0.0,0.0,0.0
6,4,0.0,0.0,0.0,0.07109144,0.9289085,0.0,0.0,0.0,0.0
6,4,0.0,0.0,0.0,0.07109144,0.9289085,0.0,0.0,0.0,0.0
6,4,0.0,0.0,0.0,0.07109144,0.9289085,0.0,0.0,0.0,0.0
6,4,0.0,0.0,0.0,0.07109144,0.9289085,0.0,0.0,0.0,0.0
6,4,0.0,0.0,0.0,0.07109144,0.9289085,0.0,0.0,0.0,0.0
6,4,0.0,0.0,0.0,0.07109144,0.9289085,0.0,0.0,0.0,0.0
6,4,0.0,0.0,0.0,0.07109144,0.9289085,0.0,0.0,0.0,0.0
6,4,0.0,0.0,0.0,0.07109144,0.9289085,0.0,0.0,0.0,0.0
6,4,0.0,0.0,0.0,0.07109144,0.9289085,0.0,0.0,0.0,0.0
6,4,0.0,0.0,0.0,0.07109144,0.9289085,0.0,0.0,0.0,0.0
6,4,0.0,0.0,0.0,0.07109144,0.9289085,0.0,0.0,0.0,0.0
6,4,0.0,0.0,0.0,0.07109144,0.9289085,0.0,0.0,0.0,0.0
6,4,0.0,0.0,0.0,0.07109144,0.9289085,0.0,0.0,0.0,0.0
6,4,0.0,0.0,0.0,0.07109144,0.9289085,0.0,0.0,0.0,0.0
6,4,0.0,0.0,0.0,0.07109144,0.9289085,0.0,0.0,0.0,0.0
6,4,0.0,0.0,0.0,0.07109144,0.9289085,0.0,0.0,0.0,0.0
6,4,0.0,0.0,0.0,0.07109144,0.9289085,0.0,0.0,0.0,0.0
6,4,0.0,0.0,0.0,0.07109144,0.9289085,0.0,0.0,0.0,0.0
6,4,0.0,0.0,0.0,0.07109144,0.9289085,0.0,0.0,0.0,0.0
6,4,0.0,0.0,0.0,0.07109144,0.9289085,0.0,0.0,0.0,0.0
6,4,0.0,0.0,0.0,0.07109144,0.9289085,0.0,0.0,0.0,0.0
6,4,0.0,0.0,0.0,0.07109144,0.9289085,0.0,0.0,0.0,0.0
6,4,0.0,0.0,0.0,0.07109144,0.9289085,0.0,0.0,0.0,0.0
6,4,0.0,0.0,0.0,0.07109144,0.9289085,0.0,0.0,0.0,0.0
6,4,0.0,0.0,0.0,0.07109144,0.9289085,0.0,0.0,0.0,0.0
6,4,0.0,0.0,0.0,0.07109144,0.9289085,0.0,0.0,0.0,0.0
6,4,0.0,0.0,0.0,0.07109144,0.9289085,0.0,0.0,0.0,0.0
6,4,0.0,0.0,0.0,0.07109144,0.9289085,0.0,0.0,0.0,0.0
6,4,0.0,0.0,0.0,0.07109144,0.9289085,0.0,0.0,0.0,0.0
6,4,0.0,0.0,0.0,0.07109144,0.9289085,0.0,0.0,0.0,0.0
6,4,0.0,0.0,0.0,0.07109144,0.9289085,0.0,0.0,0.0,0.0
6,4,0.0,0.0,0.0,0.07109144,0.9289085,0.0,0.0,0.0,0.0
6,4,0.0,0.0,0.0,0.07109144,0.9289085,0.0,0.0,0.0,0.0
6,4,0.0,0.0,0.0,0.07109144,0.9289085,0.0,0.0,0.0,0.0
6,4,0.0,0.0,0.0,0.07109144,0.9289085,0.0,0.0,0.0,0.0
6,4,0.0,0.0,0.0,0.07109144,0.9289085,0.0,0.0,0.0,0.0
6,4,0.0,0.0,0.0,0.07109144,0.9289085,0.0,0.0,0.0,0.0
6,4,0.0,0.0,0.0,0.07109144,0.9289085,0.0,0.0,0.0,0.0
6,4,0.0,0.0,0.0,0.07109144,0.9289085,0.0,0.0,0.0,0.0
6,4,0.0,0.0,0.0,0.07109144,0.9289085,0.0,0.0,0.0,0.0
6,4,0.0,0.0,0.0,0.07109144,0.9289085,0.0,0.0,0.0,0.0
6,4,0.0,0.0,0.0,0.07109144,0.9289085,0.0,0.0,0.0,0.0
6,4,0.0,0.0,0.0,0.07109144,0.9289085,0.0,0.0,0.0,0.0
6,4,0.0,0.0,0.0,0.07109144,0.9289085,0.0,0.0,0.0,0.0
6,4,0.0,0.0,0.0,0.07109144,0.9289085,0.0,0.0,0.0,0.0
6,4,0.0,0.0,0.0,0.07109144,0.9289085,0.0,0.0,0.0,0.0
6,4,0.0,0.0,0.0,0.07109144,0.9289085,0.0,0.0,0.0,0.0
6,4,0.0,0.0,0.0,0.07109144,0.9289085,0.0,0.0,0.0,0.0
6,4,0.0,0.0,0.0,0.07109144,0.9289085,0.0,0.0,0.0,0.0
6,4,0.0,0.0,0.0,0.07109144,0.9289085,0.0,0.0,0.0,0.0
6,4,0.0,0.0,0.0,0.07109144,0.9289085,0.0,0.0,0.0,0.0
6,4,0.0,0.0,0.0,0.07109144,0.9289085,0.0,0.0,0.0,0.0
6,4,0.0,0.0,0.0,0.07109144,0.9289085,0.0,0.0,0.0,0.0
6,4,0.0,0.0,0.0,0.07109144,0.9289085,0.0,0.0,0.0,0.0
6,4,0.0,0.0,0.0,0.07109144,0.9289085,0.0,0.0,0.0,0.0
6,4,0.0,0.0,0.0,0.07109144,0.9289085,0.0,0.0,0.0,0.0
6,4,0.0,0.0,0.0,0.07109144,0.9289085,0.0,0.0,0.0,0.0
6,4,0.0,0.0,0.0,0.07109144,0.9289085,0.0,0.0,0.0,0.0
6,4,0.0,0.0,0.0,0.07109144,0.9289085,0.0,0.0,0.0,0.0
6,4,0.0,0.0,0.0,0.07109144,0.9289085,0.0,0.0,0.0,0.0
6,4,0.0,0.0,0.0,0.07109144,0.9289085,0.0,0.0,0.0,0.0
6,4,0.0,0.0,0.0,0.07109144,0.9289085,0.0,0.0,0.0,0.0
6,4,0.0,0.0,0.0,0.07109144,0.9289085,0.0,0.0,0.0,0.0
6,4,0.0,0.0,0.0,0.07109144,0.9289085,0.0,0.0,0.0,0.0
6,4,0.0,0.0,0.0,0.07109144,0.9289085,0.0,0.0,0.0,0.0
6,4,0.0,0.0,0.0,0.07109144,0.9289085,0.0,0.0,0.0,0.0
6,4,0.0,0.0,0.0,0.07109144,0.9289085,0.0,0.0,0.0,0.0
6,4,0.0,0.0,0.0,0.07109144,0.9289085,0.0,0.0,0.0,0.0
6,4,0.0,0.0,0.0,0.07109144,0.9289085,0.0,0.0,0.0,0.0
6,4,0.0,0.0,0.0,0.07109144,0.9289085,0.0,0.0,0.0,0.0
6,4,0.0,0.0,0.0,0.07109144,0.9289085,0.0,0.0,0.0,0.0
6,4,0.0,0.0,0.0,0.07109144,0.9289085,0.0,0.0,0.0,0.0
6,4,0.0,0.0,0.0,0.07109144,0.9289085,0.0,0.0,0.0,0.0
6,4,0.0,0.0,0.0,0.07109144,0.9289085,0.0,0.0,0.0,0.0
6,4,0.0,0.0,0.0,0.07109144,0.9289085,0.0,0.0,0.0,0.0
6,4,0.0,0.0,0.0,0.07109144,0.9289085,0.0,0.0,0.0,0.0
6,4,0.0,0.0,0.0,0.07109144,0.9289085,0.0,0.0,0.0,0.0
6,4,0.0,0.0,0.0,0.07109144,0.9289085,0.0,0.0,0.0,0.0
6,4,0.0,0.0,0.0,0.07109144,0.9289085,0.0,0.0,0.0,0.0
6,4,0.0,0.0,0.0,0.07109144,0.9289085,0.0,0.0,0.0,0.0
6,4,0.0,0.0,0.0,0.07109144,0.9289085,0.0,0.0,0.0,0.0
6,4,0.0,0.0,0.0,0.07109144,0.9289085,0.0,0.0,0.0,0.0
6,4,0.0,0.0,0.0,0.07109144,0.9289085,0.0,0.0,0.0,0.0
6,4,0.0,0.0,0.0,0.07109144,0.9289085,0.0,0.0,0.0,0.0
6,4,0.0,0.0,0.0,0.07109144,0.9289085,0.0,0.0,0.0,0.0
6,4,0.0,0.0,0.0,0.07109144,0.9289085,0.0,0.0,0.0,0.0
6,4,0.0,0.0,0.0,0.07109144,0.9289085,0.0,0.0,0.0,0.0
6,4,0.0,0.0,0.0,0.07109144,0.9289085,0.0,0.0,0.0,0.0
6,4,0.0,0.0,0.0,0.07109144,0.9289085,0.0,0.0,0.0,0.0
6,4,0.0,0.0,0.0,0.07109144,0.9289085,0.0,0.0,0.0,0.0
6,4,0.0,0.0,0.0,0.07109144,0.9289085,0.0,0.0,0.0,0.0
6,4,0.0,0.0,0.0,0.07109144,0.9289085,0.0,0.0,0.0,0.0
6,4,0.0,0.0,0.0,0.07109144,0.9289085,0.0,0.0,0.0,0.0
6,4,0.0,0.0,0.0,0.07109144,0.9289085,0.0,0.0,0.0,0.0
6,4,0.0,0.0,0.0,0.07109144,0.9289085,0.0,0.0,0.0,0.0
6,4,0.0,0.0,0.0,0.07109144,0.9289085,0.0,0.0,0.0,0.0
6,4,0.0,0.0,0.0,0.07109144,0.9289085,0.0,0.0,0.0,0.0
6,4,0.0,0.0,0.0,0.07109144,0.9289085,0.0,0.0,0.0,0.0
6,4,0.0,0.0,0.0,0.07109144,0.9289085,0.0,0.0,0.0,0.0
6,4,0.0,0.0,0.0,0.07109144,0.9289085,0.0,0.0,0.0,0.0
6,4,0.0,0.0,0.0,0.07109144,0.9289085,0.0,0.0,0.0,0.0
6,4,0.0,0.0,0.0,0.07109144,0.9289085,0.0,0.0,0.0,0.0
6,4,0.0,0.0,0.0,0.07109144,0.9289085,0.0,0.0,0.0,0.0
6,4,0.0,0.0,0.0,0.07109144,0.9289085,0.0,0.0,0.0,0.0
6,4,0.0,0.0,0.0,0.07109144,0.9289085,0.0,0.0,0.0,0.0
6,4,0.0,0.0,0.0,0.07109144,0.9289085,0.0,0.0,0.0,0.0
6,4,0.0,0.0,0.0,0.07109144,0.9289085,0.0,0.0,0.0,0.0
6,4,0.0,0.0,0.0,0.07109144,0.9289085,0.0,0.0,0.0,0.0
6,4,0.0,0.0,0.0,0.07109144,0.9289085,0.0,0.0,0.0,0.0
6,4,0.0,0.0,0.0,0.07109144,0.9289085,0.0,0.0,0.0,0.0
6,4,0.0,0.0,0.0,0.07109144,0.9289085,0.0,0.0,0.0,0.0
6,4,0.0,0.0,0.0,0.07109144,0.9289085,0.0,0.0,0.0,0.0
6,4,0.0,0.0,0.0,0.07109144,0.9289085,0.0,0.0,0.0,0.0
6,4,0.0,0.0,0.0,0.07109144,0.9289085,0.0,0.0,0.0,0.0
6,4,0.0,0.0,0.0,0.07109144,0.9289085,0.0,0.0,0.0,0.0
6,4,0.0,0.0,0.0,0.07109144,0.9289085,0.0,0.0,0.0,0.0
6,4,0.0,0.0,0.0,0.07109144,0.9289085,0.0,0.0,0.0,0.0
6,4,0.0,0.0,0.0,0.07109144,0.9289085,0.0,0.0,0.0,0.0
6,4,0.0,0.0,0.0,0.07109144,0.9289085,0.0,0.0,0.0,0.0
6,4,0.0,0.0,0.0,0.07109144,0.9289085,0.0,0.0,0.0,0.0
6,4,0.0,0.0,0.0,0.07109144,0.9289085,0.0,0.0,0.0,0.0
6,4,0.0,0.0,0.0,0.07109144,0.9289085,0.0,0.0,0.0,0.0
6,4,0.0,0.0,0.0,0.07109144,0.9289085,0.0,0.0,0.0,0.0
6,4,0.0,0.0,0.0,0.07109144,0.9289085,0.0,0.0,0.0,0.0
6,4,0.0,0.0,0.0,0.07109144,0.9289085,0.0,0.0,0.0,0.0
6,4,0.0,0.0,0.0,0.07109144,0.9289085,0.0,0.0,0.0,0.0
6,4,0.0,0.0,0.0,0.07109144,0.9289085,0.0,0.0,0.0,0.0
6,4,0.0,0.0,0.0,0.07109144,0.9289085,0.0,0.0,0.0,0.0
6,4,0.0,0.0,0.0,0.07109144,0.9289085,0.0,0.0,0.0,0.0
6,4,0.0,0.0,0.0,0.07109144,0.9289085,0.0,0.0,0.0,0.0
6,4,0.0,0.0,0.0,0.07109144,0.9289085,0.0,0.0,0.0,0.0
6,4,0.0,0.0,0.0,0.07109144,0.9289085,0.0,0.0,0.0,0.0
6,4,0.0,0.0,0.0,0.07109144,0.9289085,0.0,0.0,0.0,0.0
6,4,0.0,0.0,0.0,0.07109144,0.9289085,0.0,0.0,0.0,0.0
6,4,0.0,0.0,0.0,0.07109144,0.9289085,0.0,0.0,0.0,0.0
6,4,0.0,0.0,0.0,0.07109144,0.9289085,0.0,0.0,0.0,0.0
6,4,0.0,0.0,0.0,0.07109144,0.9289085,0.0,0.0,0.0,0.0
6,4,0.0,0.0,0.0,0.07109144,0.9289085,0.0,0.0,0.0,0.0
6,4,0.0,0.0,0.0,0.07109144,0.9289085,0.0,0.0,0.0,0.0
6,4,0.0,0.0,0.0,0.07109144,0.9289085,0.0,0.0,0.0,0.0
6,4,0.0,0.0,0.0,0.07109144,0.9289085,0.0,0.0,0.0,0.0
6,4,0.0,0.0,0.0,0.07109144,0.9289085,0.0,0.0,0.0,0.0
6,4,0.0,0.0,0.0,0.07109144,0.9289085,0.0,0.0,0.0,0.0
6,4,0.0,0.0,0.0,0.07109144,0.9289085,0.0,0.0,0.0,0.0
6,4,0.0,0.0,0.0,0.07109144,0.9289085,0.0,0.0,0.0,0.0
6,4,0.0,0.0,0.0,0.07109144,0.9289085,0.0,0.0,0.0,0.0
6,4,0.0,0.0,0.0,0.07109144,0.9289085,0.0,0.0,0.0,0.0
6,4,0.0,0.0,0.0,0.07109144,0.9289085,0.0,0.0,0.0,0.0
6,4,0.0,0.0,0.0,0.07109144,0.9289085,0.0,0.0,0.0,0.0
6,4,0.0,0.0,0.0,0.07109144,0.9289085,0.0,0.0,0.0,0.0
6,4,0.0,0.0,0.0,0.07109144,0.9289085,0.0,0.0,0.0,0.0
6,4,0.0,0.0,0.0,0.07109144,0.9289085,0.0,0.0,0.0,0.0
6,4,0.0,0.0,0.0,0.07109144,0.9289085,0.0,0.0,0.0,0.0
6,4,0.0,0.0,0.0,0.07109144,0.9289085,0.0,0.0,0.0,0.0
6,4,0.0,0.0,0.0,0.07109144,0.9289085,0.0,0.0,0.0,0.0
6,4,0.0,0.0,0.0,0.07109144,0.9289085,0.0,0.0,0.0,0.0
6,4,0.0,0.0,0.0,0.07109144,0.9289085,0.0,0.0,0.0,0.0
6,4,0.0,0.0,0.0,0.07109144,0.9289085,0.0,0.0,0.0,0.0
6,4,0.0,0.0,0.0,0.07109144,0.9289085,0.0,0.0,0.0,0.0
6,4,0.0,0.0,0.0,0.07109144,0.9289085,0.0,0.0,0.0,0.0
6,4,0.0,0.0,0.0,0.07109144,0.9289085,0.0,0.0,0.0,0.0
6,4,0.0,0.0,0.0,0.07109144,0.9289085,0.0,0.0,0.0,0.0
6,4,0.0,0.0,0.0,0.07109144,0.9289085,0.0,0.0,0.0,0.0
6,4,0.0,0.0,0.0,0.07109144,0.9289085,0.0,0.0,0.0,0.0
6,4,0.0,0.0,0.0,0.07637489,0.9236251,0.0,0.0,0.0,0.0
6,4,0.0,0.0,0.0,0.07637489,0.9236251,0.0,0.0,0.0,0.0
6,4,0.0,0.0,0.0,0.07637489,0.9236251,0.0,0.0,0.0,0.0
6,4,0.0,0.0,0.0,0.07637489,0.9236251,0.0,0.0,0.0,0.0
6,4,0.0,0.0,0.0,0.07637489,0.9236251,0.0,0.0,0.0,0.0
6,4,0.0,0.0,0.0,0.07637489,0.9236251,0.0,0.0,0.0,0.0
6,4,0.0,0.0,0.0,0.07637489,0.9236251,0.0,0.0,0.0,0.0
6,4,0.0,0.0,0.0,0.07637489,0.9236251,0.0,0.0,0.0,0.0
6,4,0.0,0.0,0.0,0.07637489,0.9236251,0.0,0.0,0.0,0.0
6,4,0.0,0.0,0.0,0.07637489,0.9236251,0.0,0.0,0.0,0.0
6,4,0.0,0.0,0.0,0.07637489,0.9236251,0.0,0.0,0.0,0.0
6,4,0.0,0.0,0.0,0.07637489,0.9236251,0.0,0.0,0.0,0.0
6,4,0.0,0.0,0.0,0.07637489,0.9236251,0.0,0.0,0.0,0.0
6,4,0.0,0.0,0.0,0.07637489,0.9236251,0.0,0.0,0.0,0.0
6,4,0.0,0.0,0.0,0.07637489,0.9236251,0.0,0.0,0.0,0.0
6,4,0.0,0.0,0.0,0.07637489,0.9236251,0.0,0.0,0.0,0.0
6,4,0.0,0.0,0.0,0.07637489,0.9236251,0.0,0.0,0.0,0.0
6,4,0.0,0.0,0.0,0.07637489,0.9236251,0.0,0.0,0.0,0.0
6,4,0.0,0.0,0.0,0.07637489,0.9236251,0.0,0.0,0.0,0.0
6,4,0.0,0.0,0.0,0.07637489,0.9236251,0.0,0.0,0.0,0.0
6,4,0.0,0.0,0.0,0.07637489,0.9236251,0.0,0.0,0.0,0.0
6,4,0.0,0.0,0.0,0.07637489,0.9236251,0.0,0.0,0.0,0.0
6,4,0.0,0.0,0.0,0.07637489,0.9236251,0.0,0.0,0.0,0.0
6,4,0.0,0.0,0.0,0.07637489,0.9236251,0.0,0.0,0.0,0.0
6,4,0.0,0.0,0.0,0.07637489,0.9236251,0.0,0.0,0.0,0.0
6,4,0.0,0.0,0.0,0.07637489,0.9236251,0.0,0.0,0.0,0.0
6,4,0.0,0.0,0.0,0.07637489,0.9236251,0.0,0.0,0.0,0.0
6,4,0.0,0.0,0.0,0.07637489,0.9236251,0.0,0.0,0.0,0.0
6,4,0.0,0.0,0.0,0.07637489,0.9236251,0.0,0.0,0.0,0.0
6,4,0.0,0.0,0.0,0.07637489,0.9236251,0.0,0.0,0.0,0.0
6,4,0.0,0.0,0.0,0.07637489,0.9236251,0.0,0.0,0.0,0.0
6,4,0.0,0.0,0.0,0.07637489,0.9236251,0.0,0.0,0.0,0.0
6,4,0.0,0.0,0.0,0.07637489,0.9236251,0.0,0.0,0.0,0.0
6,4,0.0,0.0,0.0,0.07637489,0.9236251,0.0,0.0,0.0,0.0
6,4,0.0,0.0,0.0,0.07637489,0.9236251,0.0,0.0,0.0,0.0
6,4,0.0,0.0,0.0,0.07637489,0.9236251,0.0,0.0,0.0,0.0
6,4,0.0,0.0,0.0,0.07637489,0.9236251,0.0,0.0,0.0,0.0
6,4,0.0,0.0,0.0,0.0,0.9236251,0.07637489,0.0,0.0,0.0
6,4,0.0,0.0,0.0,0.0,0.9236251,0.07637489,0.0,0.0,0.0
6,4,0.0,0.0,0.0,0.0,0.9236251,0.07637489,0.0,0.0,0.0
6,4,0.0,0.0,0.0,0.0,0.9236251,0.07637489,0.0,0.0,0.0
6,4,0.0,0.0,0.0,0.0,0.9236251,0.07637489,0.0,0.0,0.0
6,4,0.0,0.0,0.0,0.0,0.9236251,0.07637489,0.0,0.0,0.0
6,4,0.0,0.0,0.0,0.0,0.9236251,0.07637489,0.0,0.0,0.0
6,4,0.0,0.0,0.0,0.0,0.9236251,0.07637489,0.0,0.0,0.0
6,4,0.0,0.0,0.0,0.0,0.9236251,0.07637489,0.0,0.0,0.0
6,4,0.0,0.0,0.0,0.0,0.9236251,0.07637489,0.0,0.0,0.0
6,4,0.0,0.0,0.0,0.0,0.9236251,0.07637489,0.0,0.0,0.0
6,4,0.0,0.0,0.0,0.0,0.9236251,0.07637489,0.0,0.0,0.0
6,4,0.0,0.0,0.0,0.0,0.9236251,0.07637489,0.0,0.0,0.0
6,4,0.0,0.0,0.0,0.0,0.9236251,0.07637489,0.0,0.0,0.0
6,4,0.0,0.0,0.0,0.0,0.9236251,0.07637489,0.0,0.0,0.0
6,4,0.0,0.0,0.0,0.0,0.9236251,0.07637489,0.0,0.0,0.0
6,4,0.0,0.0,0.0,0.0,0.9236251,0.07637489,0.0,0.0,0.0
6,4,0.0,0.0,0.0,0.0,0.9236251,0.07637489,0.0,0.0,0.0
6,4,0.0,0.0,0.0,0.0,0.9236251,0.07637489,0.0,0.0,0.0
6,4,0.0,0.0,0.0,0.0,0.9236251,0.07637489,0.0,0.0,0.0
6,4,0.0,0.0,0.0,0.0,0.9236251,0.07637489,0.0,0.0,0.0
6,4,0.0,0.0,0.0,0.0,0.9236251,0.07637489,0.0,0.0,0.0
6,4,0.0,0.0,0.0,0.0,0.9236251,0.07637489,0.0,0.0,0.0
6,4,0.0,0.0,0.0,0.0,0.9236251,0.07637489,0.0,0.0,0.0
6,4,0.0,0.0,0.0,0.0,0.9236251,0.07637489,0.0,0.0,0.0
6,4,0.0,0.0,0.0,0.0,0.9236251,0.07637489,0.0,0.0,0.0
6,4,0.0,0.0,0.0,0.0,0.9236251,0.07637489,0.0,0.0,0.0
6,4,0.0,0.0,0.0,0.0,0.9236251,0.07637489,0.0,0.0,0.0
6,4,0.0,0.0,0.0,0.0,0.9236251,0.07637489,0.0,0.0,0.0
6,4,0.0,0.0,0.0,0.0,0.9236251,0.07637489,0.0,0.0,0.0
6,4,0.0,0.0,0.0,0.0,0.9236251,0.07637489,0.0,0.0,0.0
6,4,0.0,0.0,0.0,0.0,0.9236251,0.07637489,0.0,0.0,0.0
6,4,0.0,0.0,0.0,0.0,0.9236251,0.07637489,0.0,0.0,0.0
6,4,0.0,0.0,0.0,0.0,0.9236251,0.07637489,0.0,0.0,0.0
6,4,0.0,0.0,0.0,0.0,0.9236251,0.07637489,0.0,0.0,0.0
6,4,0.0,0.0,0.0,0.0,0.9236251,0.07637489,0.0,0.0,0.0
6,4,0.0,0.0,0.0,0.0,0.9236251,0.07637489,0.0,0.0,0.0
6,4,0.0,0.0,0.0,0.0,0.9236251,0.07637489,0.0,0.0,0.0
6,4,0.0,0.0,0.0,0.0,0.9236251,0.07637489,0.0,0.0,0.0
6,4,0.0,0.0,0.0,0.0,0.9236251,0.07637489,0.0,0.0,0.0
6,4,0.0,0.0,0.0,0.0,0.9236251,0.07637489,0.0,0.0,0.0
6,4,0.0,0.0,0.0,0.0,0.9181297,0.08187031,0.0,0.0,0.0
6,4,0.0,0.0,0.0,0.0,0.9181297,0.08187031,0.0,0.0,0.0
6,4,0.0,0.0,0.0,0.0,0.9181297,0.08187031,0.0,0.0,0.0
6,4,0.0,0.0,0.0,0.0,0.9181297,0.08187031,0.0,0.0,0.0
6,4,0.0,0.0,0.0,0.0,0.9181297,0.08187031,0.0,0.0,0.0
6,4,0.0,0.0,0.0,0.0,0.9181297,0.08187031,0.0,0.0,0.0
6,4,0.0,0.0,0.0,0.0,0.9181297,0.08187031,0.0,0.0,0.0
6,4,0.0,0.0,0.0,0.0,0.9181297,0.08187031,0.0,0.0,0.0
6,4,0.0,0.0,0.0,0.0,0.9181297,0.08187031,0.0,0.0,0.0
6,4,0.0,0.0,0.0,0.0,0.9181297,0.08187031,0.0,0.0,0.0
6,4,0.0,0.0,0.0,0.0,0.9181297,0.08187031,0.0,0.0,0.0
6,4,0.0,0.0,0.0,0.0,0.9181297,0.08187031,0.0,0.0,0.0
6,4,0.0,0.0,0.0,0.0,0.9181297,0.08187031,0.0,0.0,0.0
6,4,0.0,0.0,0.0,0.0,0.9181297,0.08187031,0.0,0.0,0.0
6,4,0.0,0.0,0.0,0.0,0.9181297,0.08187031,0.0,0.0,0.0
6,4,0.0,0.0,0.0,0.0,0.9181297,0.08187031,0.0,0.0,0.0
6,4,0.0,0.0,0.0,0.0,0.9181297,0.08187031,0.0,0.0,0.0
6,4,0.0,0.0,0.0,0.0,0.9181297,0.08187031,0.0,0.0,0.0
6,4,0.0,0.0,0.0,0.0,0.9181297,0.08187031,0.0,0.0,0.0
6,4,0.0,0.0,0.0,0.0,0.9181297,0.08187031,0.0,0.0,0.0
6,4,0.0,0.0,0.0,0.0,0.9181297,0.08187031,0.0,0.0,0.0
6,4,0.0,0.0,0.0,0.0,0.9181297,0.08187031,0.0,0.0,0.0
6,4,0.0,0.0,0.0,0.0,0.9181297,0.08187031,0.0,0.0,0.0
6,4,0.0,0.0,0.0,0.0,0.9181297,0.08187031,0.0,0.0,0.0
6,4,0.0,0.0,0.0,0.0,0.9181297,0.08187031,0.0,0.0,0.0
6,4,0.0,0.0,0.0,0.0,0.9181297,0.08187031,0.0,0.0,0.0
6,4,0.0,0.0,0.0,0.0,0.9181297,0.08187031,0.0,0.0,0.0
6,4,0.0,0.0,0.0,0.0,0.9181297,0.08187031,0.0,0.0,0.0
6,4,0.0,0.0,0.0,0.0,0.9181297,0.08187031,0.0,0.0,0.0
6,4,0.0,0.0,0.0,0.0,0.9181297,0.08187031,0.0,0.0,0.0
6,4,0.0,0.0,0.0,0.0,0.91256297,0.087437056,0.0,0.0,0.0
6,4,0.0,0.0,0.0,0.0,0.91256297,0.087437056,0.0,0.0,0.0
6,4,0.0,0.0,0.0,0.0,0.84380233,0.15619762,0.0,0.0,0.0
6,4,0.0,0.0,0.0,0.0,0.84380233,0.15619762,0.0,0.0,0.0
6,4,0.0,0.0,0.0,0.0,0.84380233,0.15619762,0.0,0.0,0.0
6,4,0.0,0.0,0.0,0.0,0.84380233,0.15619762,0.0,0.0,0.0
6,4,0.0,0.0,0.0,0.0,0.84380233,0.15619762,0.0,0.0,0.0
6,4,0.0,0.0,0.0,0.0,0.84380233,0.15619762,0.0,0.0,0.0
6,4,0.0,0.0,0.0,0.0,0.84380233,0.15619762,0.0,0.0,0.0
6,4,0.0,0.0,0.0,0.0,0.84380233,0.15619762,0.0,0.0,0.0
6,4,0.0,0.0,0.0,0.0,0.8308259,0.16917409,0.0,0.0,0.0
6,4,0.0,0.0,0.0,0.0,0.8308259,0.16917409,0.0,0.0,0.0
6,4,0.0,0.0,0.0,0.0,0.8308259,0.16917409,0.0,0.0,0.0
6,4,0.0,0.0,0.0,0.0,0.8308259,0.16917409,0.0,0.0,0.0
6,4,0.0,0.0,0.0,0.0,0.8308259,0.16917409,0.0,0.0,0.0
6,4,0.0,0.0,0.0,0.0,0.8308259,0.16917409,0.0,0.0,0.0
6,4,0.0,0.0,0.0,0.0,0.8308259,0.16917409,0.0,0.0,0.0
6,4,0.0,0.0,0.0,0.0,0.8308259,0.16917409,0.0,0.0,0.0
6,4,0.0,0.0,0.0,0.0,0.8167249,0.18327504,0.0,0.0,0.0
6,4,0.0,0.0,0.0,0.0,0.8167249,0.18327504,0.0,0.0,0.0
6,4,0.0,0.0,0.0,0.0,0.8167249,0.18327504,0.0,0.0,0.0
6,4,0.0,0.0,0.0,0.0,0.8167249,0.18327504,0.0,0.0,0.0
6,4,0.0,0.0,0.0,0.0,0.8167249,0.18327504,0.0,0.0,0.0
6,4,0.0,0.0,0.0,0.0,0.8167249,0.18327504,0.0,0.0,0.0
6,4,0.0,0.0,0.0,0.0,0.8167249,0.18327504,0.0,0.0,0.0
6,4,0.0,0.0,0.0,0.0,0.8167249,0.18327504,0.0,0.0,0.0
6,4,0.0,0.0,0.0,0.0,0.8167249,0.18327504,0.0,0.0,0.0
6,4,0.0,0.0,0.0,0.0,0.8167249,0.18327504,0.0,0.0,0.0
6,4,0.0,0.0,0.0,0.0,0.8167249,0.18327504,0.0,0.0,0.0
6,4,0.0,0.0,0.0,0.0,0.8167249,0.18327504,0.0,0.0,0.0
6,4,0.0,0.0,0.0,0.0,0.8167249,0.18327504,0.0,0.0,0.0
6,4,0.0,0.0,0.0,0.0,0.8167249,0.18327504,0.0,0.0,0.0
6,4,0.0,0.0,0.0,0.0,0.8167249,0.18327504,0.0,0.0,0.0
6,4,0.0,0.0,0.0,0.0,0.8167249,0.18327504,0.0,0.0,0.0
6,4,0.0,0.0,0.0,0.0,0.8167249,0.18327504,0.0,0.0,0.0
6,4,0.0,0.0,0.0,0.0,0.8167249,0.18327504,0.0,0.0,0.0
6,4,0.0,0.0,0.0,0.0,0.8167249,0.18327504,0.0,0.0,0.0
6,4,0.0,0.0,0.0,0.0,0.8167249,0.18327504,0.0,0.0,0.0
6,4,0.0,0.0,0.0,0.0,0.8167249,0.18327504,0.0,0.0,0.0
6,4,0.0,0.0,0.0,0.0,0.8167249,0.18327504,0.0,0.0,0.0
6,4,0.0,0.0,0.0,0.0,0.8167249,0.18327504,0.0,0.0,0.0
6,4,0.0,0.0,0.0,0.0,0.8167249,0.18327504,0.0,0.0,0.0
6,4,0.0,0.0,0.0,0.0,0.8167249,0.18327504,0.0,0.0,0.0
6,4,0.0,0.0,0.0,0.0,0.8167249,0.18327504,0.0,0.0,0.0
6,4,0.0,0.0,0.0,0.0,0.8167249,0.18327504,0.0,0.0,0.0
6,4,0.0,0.0,0.0,0.0,0.8167249,0.18327504,0.0,0.0,0.0
6,4,0.0,0.0,0.0,0.0,0.8167249,0.18327504,0.0,0.0,0.0
6,4,0.0,0.0,0.0,0.0,0.8167249,0.18327504,0.0,0.0,0.0
6,4,0.0,0.0,0.0,0.0,0.8167249,0.18327504,0.0,0.0,0.0
6,4,0.0,0.0,0.0,0.0,0.8167249,0.18327504,0.0,0.0,0.0
6,4,0.0,0.0,0.0,0.0,0.8167249,0.18327504,0.0,0.0,0.0
6,4,0.0,0.0,0.0,0.0,0.8167249,0.18327504,0.0,0.0,0.0
6,4,0.0,0.0,0.0,0.0,0.8167249,0.18327504,0.0,0.0,0.0
6,4,0.0,0.0,0.0,0.0,0.8167249,0.18327504,0.0,0.0,0.0
6,4,0.0,0.0,0.0,0.0,0.8167249,0.18327504,0.0,0.0,0.0
6,4,0.0,0.0,0.0,0.0,0.8167249,0.18327504,0.0,0.0,0.0
6,4,0.0,0.0,0.0,0.0,0.8167249,0.18327504,0.0,0.0,0.0
6,4,0.0,0.0,0.0,0.0,0.8167249,0.18327504,0.0,0.0,0.0
6,4,0.0,0.0,0.0,0.0,0.8167249,0.18327504,0.0,0.0,0.0
6,4,0.0,0.0,0.0,0.0,0.8167249,0.18327504,0.0,0.0,0.0
6,4,0.0,0.0,0.0,0.0,0.8167249,0.18327504,0.0,0.0,0.0
6,4,0.0,0.0,0.0,0.0,0.8167249,0.18327504,0.0,0.0,0.0
6,4,0.0,0.0,0.0,0.0,0.8167249,0.18327504,0.0,0.0,0.0
6,4,0.0,0.0,0.0,0.0,0.8167249,0.18327504,0.0,0.0,0.0
6,4,0.0,0.0,0.0,0.0,0.8167249,0.18327504,0.0,0.0,0.0
6,4,0.0,0.0,0.0,0.0,0.8167249,0.18327504,0.0,0.0,0.0
6,4,0.0,0.0,0.0,0.0,0.8167249,0.18327504,0.0,0.0,0.0
6,4,0.0,0.0,0.0,0.0,0.8167249,0.18327504,0.0,0.0,0.0
6,4,0.0,0.0,0.0,0.0,0.8167249,0.18327504,0.0,0.0,0.0
6,4,0.0,0.0,0.0,0.0,0.8167249,0.18327504,0.0,0.0,0.0
6,4,0.0,0.0,0.0,0.0,0.8167249,0.18327504,0.0,0.0,0.0
6,4,0.0,0.0,0.0,0.0,0.8167249,0.18327504,0.0,0.0,0.0
6,4,0.0,0.0,0.0,0.0,0.8167249,0.18327504,0.0,0.0,0.0
6,4,0.0,0.0,0.0,0.0,0.8167249,0.18327504,0.0,0.0,0.0
6,4,0.0,0.0,0.0,0.0,0.8167249,0.18327504,0.0,0.0,0.0
6,4,0.0,0.0,0.0,0.0,0.8167249,0.18327504,0.0,0.0,0.0
6,4,0.0,0.0,0.0,0.0,0.8167249,0.18327504,0.0,0.0,0.0
6,4,0.0,0.0,0.0,0.0,0.8167249,0.18327504,0.0,0.0,0.0
6,4,0.0,0.0,0.0,0.0,0.8167249,0.18327504,0.0,0.0,0.0
6,4,0.0,0.0,0.0,0.0,0.8167249,0.18327504,0.0,0.0,0.0
6,4,0.0,0.0,0.0,0.0,0.8167249,0.18327504,0.0,0.0,0.0
6,4,0.0,0.0,0.0,0.0,0.8167249,0.18327504,0.0,0.0,0.0
6,4,0.0,0.0,0.0,0.0,0.8167249,0.18327504,0.0,0.0,0.0
6,4,0.0,0.0,0.0,0.0,0.8167249,0.18327504,0.0,0.0,0.0
6,4,0.0,0.0,0.0,0.0,0.8167249,0.18327504,0.0,0.0,0.0
6,4,0.0,0.0,0.0,0.0,0.8167249,0.18327504,0.0,0.0,0.0
6,4,0.0,0.0,0.0,0.0,0.8167249,0.18327504,0.0,0.0,0.0
6,4,0.0,0.0,0.0,0.0,0.8167249,0.18327504,0.0,0.0,0.0
6,4,0.0,0.0,0.0,0.0,0.8167249,0.18327504,0.0,0.0,0.0
6,4,0.0,0.0,0.0,0.0,0.8167249,0.18327504,0.0,0.0,0.0
6,4,0.0,0.0,0.0,0.0,0.8167249,0.18327504,0.0,0.0,0.0
6,4,0.0,0.0,0.0,0.0,0.8167249,0.18327504,0.0,0.0,0.0
6,4,0.0,0.0,0.0,0.0,0.8167249,0.18327504,0.0,0.0,0.0
6,4,0.0,0.0,0.0,0.0,0.8167249,0.18327504,0.0,0.0,0.0
6,4,0.0,0.0,0.0,0.0,0.8167249,0.18327504,0.0,0.0,0.0
6,4,0.0,0.0,0.0,0.0,0.8167249,0.18327504,0.0,0.0,0.0
6,4,0.0,0.0,0.0,0.0,0.8167249,0.18327504,0.0,0.0,0.0
6,4,0.0,0.0,0.0,0.0,0.8167249,0.18327504,0.0,0.0,0.0
6,4,0.0,0.0,0.0,0.0,0.8167249,0.18327504,0.0,0.0,0.0
6,4,0.0,0.0,0.0,0.0,0.8167249,0.18327504,0.0,0.0,0.0
6,4,0.0,0.0,0.0,0.0,0.8167249,0.18327504,0.0,0.0,0.0
6,4,0.0,0.0,0.0,0.0,0.8167249,0.18327504,0.0,0.0,0.0
6,4,0.0,0.0,0.0,0.0,0.8167249,0.18327504,0.0,0.0,0.0
6,4,0.0,0.0,0.0,0.0,0.8167249,0.18327504,0.0,0.0,0.0
6,4,0.0,0.0,0.0,0.0,0.8167249,0.18327504,0.0,0.0,0.0
6,4,0.0,0.0,0.0,0.0,0.8167249,0.18327504,0.0,0.0,0.0
6,4,0.0,0.0,0.0,0.0,0.8167249,0.18327504,0.0,0.0,0.0
6,4,0.0,0.0,0.0,0.0,0.8167249,0.18327504,0.0,0.0,0.0
6,4,0.0,0.0,0.0,0.0,0.8167249,0.18327504,0.0,0.0,0.0
6,4,0.0,0.0,0.0,0.0,0.8167249,0.18327504,0.0,0.0,0.0
6,4,0.0,0.0,0.0,0.0,0.8167249,0.18327504,0.0,0.0,0.0
6,4,0.0,0.0,0.0,0.0,0.8167249,0.18327504,0.0,0.0,0.0
6,4,0.0,0.0,0.0,0.0,0.8167249,0.18327504,0.0,0.0,0.0
6,4,0.0,0.0,0.0,0.0,0.8167249,0.18327504,0.0,0.0,0.0
6,4,0.0,0.0,0.0,0.0,0.8167249,0.18327504,0.0,0.0,0.0
6,4,0.0,0.0,0.0,0.0,0.8167249,0.18327504,0.0,0.0,0.0
6,4,0.0,0.0,0.0,0.0,0.8167249,0.18327504,0.0,0.0,0.0
6,4,0.0,0.0,0.0,0.0,0.8167249,0.18327504,0.0,0.0,0.0
6,4,0.0,0.0,0.0,0.0,0.8167249,0.18327504,0.0,0.0,0.0
6,4,0.0,0.0,0.0,0.0,0.8167249,0.18327504,0.0,0.0,0.0
6,4,0.0,0.0,0.0,0.0,0.8167249,0.18327504,0.0,0.0,0.0
6,4,0.0,0.0,0.0,0.0,0.8167249,0.18327504,0.0,0.0,0.0
6,4,0.0,0.0,0.0,0.0,0.8167249,0.18327504,0.0,0.0,0.0
6,4,0.0,0.0,0.0,0.0,0.8167249,0.18327504,0.0,0.0,0.0
6,4,0.0,0.0,0.0,0.0,0.8167249,0.18327504,0.0,0.0,0.0
6,4,0.0,0.0,0.0,0.0,0.8167249,0.18327504,0.0,0.0,0.0
6,4,0.0,0.0,0.0,0.0,0.8167249,0.18327504,0.0,0.0,0.0
6,4,0.0,0.0,0.0,0.0,0.8167249,0.18327504,0.0,0.0,0.0
6,4,0.0,0.0,0.0,0.0,0.8167249,0.18327504,0.0,0.0,0.0
6,4,0.0,0.0,0.0,0.0,0.8167249,0.18327504,0.0,0.0,0.0
6,4,0.0,0.0,0.0,0.0,0.8167249,0.18327504,0.0,0.0,0.0
6,4,0.0,0.0,0.0,0.0,0.8167249,0.18327504,0.0,0.0,0.0
6,4,0.0,0.0,0.0,0.0,0.8167249,0.18327504,0.0,0.0,0.0
6,4,0.0,0.0,0.0,0.0,0.8167249,0.18327504,0.0,0.0,0.0
6,4,0.0,0.0,0.0,0.0,0.8167249,0.18327504,0.0,0.0,0.0
6,4,0.0,0.0,0.0,0.0,0.8167249,0.18327504,0.0,0.0,0.0
6,4,0.0,0.0,0.0,0.0,0.8167249,0.18327504,0.0,0.0,0.0
6,4,0.0,0.0,0.0,0.0,0.8167249,0.18327504,0.0,0.0,0.0
6,4,0.0,0.0,0.0,0.0,0.8308259,0.16917409,0.0,0.0,0.0
6,4,0.0,0.0,0.0,0.0,0.8308259,0.16917409,0.0,0.0,0.0
6,4,0.0,0.0,0.0,0.0,0.8308259,0.16917409,0.0,0.0,0.0
6,4,0.0,0.0,0.0,0.0,0.8308259,0.16917409,0.0,0.0,0.0
6,4,0.0,0.0,0.0,0.0,0.84380233,0.15619762,0.0,0.0,0.0
6,4,0.0,0.0,0.0,0.0,0.84380233,0.15619762,0.0,0.0,0.0
6,4,0.0,0.0,0.0,0.0,0.84380233,0.15619762,0.0,0.0,0.0
6,4,0.0,0.0,0.0,0.0,0.84380233,0.15619762,0.0,0.0,0.0
6,4,0.0,0.0,0.0,0.0,0.84380233,0.15619762,0.0,0.0,0.0
6,4,0.0,0.0,0.0,0.0,0.84380233,0.15619762,0.0,0.0,0.0
6,4,0.0,0.0,0.0,0.0,0.84380233,0.15619762,0.0,0.0,0.0
6,4,0.0,0.0,0.0,0.0,0.84380233,0.15619762,0.0,0.0,0.0
6,4,0.0,0.0,0.0,0.0,0.85374683,0.14625317,0.0,0.0,0.0
6,4,0.0,0.0,0.0,0.0,0.85374683,0.14625317,0.0,0.0,0.0
6,4,0.0,0.0,0.0,0.0,0.85374683,0.14625317,0.0,0.0,0.0
6,4,0.0,0.0,0.0,0.0,0.85374683,0.14625317,0.0,0.0,0.0
6,4,0.0,0.0,0.0,0.0,0.85374683,0.14625317,0.0,0.0,0.0
6,4,0.0,0.0,0.0,0.0,0.85374683,0.14625317,0.0,0.0,0.0
6,4,0.0,0.0,0.0,0.0,0.85374683,0.14625317,0.0,0.0,0.0
6,4,0.0,0.0,0.0,0.0,0.85374683,0.14625317,0.0,0.0,0.0
6,4,0.0,0.0,0.0,0.0,0.85374683,0.14625317,0.0,0.0,0.0
6,4,0.0,0.0,0.0,0.0,0.85374683,0.14625317,0.0,0.0,0.0
6,4,0.0,0.0,0.0,0.0,0.85374683,0.14625317,0.0,0.0,0.0
6,4,0.0,0.0,0.0,0.0,0.85374683,0.14625317,0.0,0.0,0.0
6,4,0.0,0.0,0.0,0.0,0.85374683,0.14625317,0.0,0.0,0.0
6,4,0.0,0.0,0.0,0.0,0.85374683,0.14625317,0.0,0.0,0.0
6,4,0.0,0.0,0.0,0.0,0.85374683,0.14625317,0.0,0.0,0.0
6,4,0.0,0.0,0.0,0.0,0.85374683,0.14625317,0.0,0.0,0.0
6,4,0.0,0.0,0.0,0.0,0.85374683,0.14625317,0.0,0.0,0.0
6,4,0.0,0.0,0.0,0.0,0.85374683,0.14625317,0.0,0.0,0.0
6,4,0.0,0.0,0.0,0.0,0.85374683,0.14625317,0.0,0.0,0.0
6,4,0.0,0.0,0.0,0.0,0.85374683,0.14625317,0.0,0.0,0.0
6,4,0.0,0.0,0.0,0.0,0.85374683,0.14625317,0.0,0.0,0.0
6,4,0.0,0.0,0.0,0.0,0.85374683,0.14625317,0.0,0.0,0.0
6,4,0.0,0.0,0.0,0.0,0.85374683,0.14625317,0.0,0.0,0.0
6,4,0.0,0.0,0.0,0.0,0.85374683,0.14625317,0.0,0.0,0.0
6,4,0.0,0.0,0.0,0.0,0.85374683,0.14625317,0.0,0.0,0.0
6,4,0.0,0.0,0.0,0.0,0.85374683,0.14625317,0.0,0.0,0.0
6,4,0.0,0.0,0.0,0.0,0.85374683,0.14625317,0.0,0.0,0.0
6,4,0.0,0.0,0.0,0.0,0.85374683,0.14625317,0.0,0.0,0.0
6,4,0.0,0.0,0.0,0.0,0.85374683,0.14625317,0.0,0.0,0.0
6,4,0.0,0.0,0.0,0.0,0.85374683,0.14625317,0.0,0.0,0.0
6,4,0.0,0.0,0.0,0.0,0.85374683,0.14625317,0.0,0.0,0.0
6,4,0.0,0.0,0.0,0.0,0.85374683,0.14625317,0.0,0.0,0.0
6,4,0.0,0.0,0.0,0.0,0.85374683,0.14625317,0.0,0.0,0.0
6,4,0.0,0.0,0.0,0.0,0.85374683,0.14625317,0.0,0.0,0.0
6,4,0.0,0.0,0.0,0.0,0.85374683,0.14625317,0.0,0.0,0.0
6,4,0.0,0.0,0.0,0.0,0.85374683,0.14625317,0.0,0.0,0.0
6,4,0.0,0.0,0.0,0.0,0.93561715,0.064382866,0.0,0.0,0.0
6,4,0.0,0.0,0.0,0.0,0.93561715,0.064382866,0.0,0.0,0.0
6,4,0.0,0.0,0.0,0.0,0.93561715,0.064382866,0.0,0.0,0.0
6,4,0.0,0.0,0.0,0.0,0.93561715,0.064382866,0.0,0.0,0.0
6,4,0.0,0.0,0.0,0.0,0.93561715,0.064382866,0.0,0.0,0.0
6,4,0.0,0.0,0.0,0.0,0.93561715,0.064382866,0.0,0.0,0.0
6,4,0.0,0.0,0.0,0.0,0.93561715,0.064382866,0.0,0.0,0.0
6,4,0.0,0.0,0.0,0.0,0.93561715,0.064382866,0.0,0.0,0.0
6,4,0.0,0.0,0.0,0.0,1.0,0.0,0.0,0.0,0.0
6,4,0.0,0.0,0.0,0.0,1.0,0.0,0.0,0.0,0.0
6,4,0.0,0.0,0.0,0.0,1.0,0.0,0.0,0.0,0.0
6,4,0.0,0.0,0.0,0.0,1.0,0.0,0.0,0.0,0.0
6,4,0.0,0.0,0.0,0.0,1.0,0.0,0.0,0.0,0.0
6,4,0.0,0.0,0.0,0.0,1.0,0.0,0.0,0.0,0.0
6,4,0.0,0.0,0.0,0.0,1.0,0.0,0.0,0.0,0.0
6,4,0.0,0.0,0.0,0.0,1.0,0.0,0.0,0.0,0.0
6,4,0.0,0.0,0.0,0.0,1.0,0.0,0.0,0.0,0.0
6,4,0.0,0.0,0.0,0.0,1.0,0.0,0.0,0.0,0.0
6,4,0.0,0.0,0.0,0.0,1.0,0.0,0.0,0.0,0.0
6,4,0.0,0.0,0.0,0.0,1.0,0.0,0.0,0.0,0.0
6,4,0.0,0.0,0.0,0.0,1.0,0.0,0.0,0.0,0.0
6,4,0.0,0.0,0.0,0.0,1.0,0.0,0.0,0.0,0.0
6,4,0.0,0.0,0.0,0.0,1.0,0.0,0.0,0.0,0.0
6,4,0.0,0.0,0.0,0.0,1.0,0.0,0.0,0.0,0.0
6,4,0.0,0.0,0.0,0.0,1.0,0.0,0.0,0.0,0.0
6,4,0.0,0.0,0.0,0.0,1.0,0.0,0.0,0.0,0.0
6,4,0.0,0.0,0.0,0.0,1.0,0.0,0.0,0.0,0.0
6,4,0.0,0.0,0.0,0.0,1.0,0.0,0.0,0.0,0.0
6,4,0.0,0.0,0.0,0.0,1.0,0.0,0.0,0.0,0.0
6,4,0.0,0.0,0.0,0.0,1.0,0.0,0.0,0.0,0.0
6,4,0.0,0.0,0.0,0.0,1.0,0.0,0.0,0.0,0.0
6,4,0.0,0.0,0.0,0.0,1.0,0.0,0.0,0.0,0.0
6,4,0.0,0.0,0.0,0.0,1.0,0.0,0.0,0.0,0.0
6,4,0.0,0.0,0.0,0.0,1.0,0.0,0.0,0.0,0.0
6,4,0.0,0.0,0.0,0.0,1.0,0.0,0.0,0.0,0.0
6,4,0.0,0.0,0.0,0.0,1.0,0.0,0.0,0.0,0.0
6,4,0.0,0.0,0.0,0.0,1.0,0.0,0.0,0.0,0.0
6,4,0.0,0.0,0.0,0.0,1.0,0.0,0.0,0.0,0.0
6,4,0.0,0.0,0.0,0.0,1.0,0.0,0.0,0.0,0.0
6,4,0.0,0.0,0.0,0.0,1.0,0.0,0.0,0.0,0.0
6,4,0.0,0.0,0.0,0.0,1.0,0.0,0.0,0.0,0.0
6,4,0.0,0.0,0.0,0.0,1.0,0.0,0.0,0.0,0.0
6,4,0.0,0.0,0.0,0.0,1.0,0.0,0.0,0.0,0.0
6,4,0.0,0.0,0.0,0.0,1.0,0.0,0.0,0.0,0.0
6,4,0.0,0.0,0.0,0.0,1.0,0.0,0.0,0.0,0.0
6,4,0.0,0.0,0.0,0.0,1.0,0.0,0.0,0.0,0.0
6,4,0.0,0.0,0.0,0.0,1.0,0.0,0.0,0.0,0.0
6,4,0.0,0.0,0.0,0.0,1.0,0.0,0.0,0.0,0.0
6,4,0.0,0.0,0.0,0.0,1.0,0.0,0.0,0.0,0.0
6,4,0.0,0.0,0.0,0.0,1.0,0.0,0.0,0.0,0.0
6,4,0.0,0.0,0.0,0.0,1.0,0.0,0.0,0.0,0.0
6,4,0.0,0.0,0.0,0.0,1.0,0.0,0.0,0.0,0.0
6,4,0.0,0.0,0.0,0.0,1.0,0.0,0.0,0.0,0.0
6,4,0.0,0.0,0.0,0.0,1.0,0.0,0.0,0.0,0.0
6,4,0.0,0.0,0.0,0.0,1.0,0.0,0.0,0.0,0.0
6,4,0.0,0.0,0.0,0.0,1.0,0.0,0.0,0.0,0.0
6,4,0.0,0.0,0.0,0.0,1.0,0.0,0.0,0.0,0.0
6,4,0.0,0.0,0.0,0.0,1.0,0.0,0.0,0.0,0.0
6,4,0.0,0.0,0.0,0.0,1.0,0.0,0.0,0.0,0.0
6,4,0.0,0.0,0.0,0.0,1.0,0.0,0.0,0.0,0.0
6,4,0.0,0.0,0.0,0.0,1.0,0.0,0.0,0.0,0.0
6,4,0.0,0.0,0.0,0.0,1.0,0.0,0.0,0.0,0.0
6,4,0.0,0.0,0.0,0.0,1.0,0.0,0.0,0.0,0.0
6,4,0.0,0.0,0.0,0.0,1.0,0.0,0.0,0.0,0.0
6,4,0.0,0.0,0.0,0.0,1.0,0.0,0.0,0.0,0.0
6,4,0.0,0.0,0.0,0.0,1.0,0.0,0.0,0.0,0.0
6,4,0.0,0.0,0.0,0.0,1.0,0.0,0.0,0.0,0.0
6,4,0.0,0.0,0.0,0.0,1.0,0.0,0.0,0.0,0.0
6,4,0.0,0.0,0.0,0.0,1.0,0.0,0.0,0.0,0.0
6,4,0.0,0.0,0.0,0.0,1.0,0.0,0.0,0.0,0.0
6,4,0.0,0.0,0.0,0.0,1.0,0.0,0.0,0.0,0.0
6,4,0.0,0.0,0.0,0.0,1.0,0.0,0.0,0.0,0.0
6,4,0.0,0.0,0.0,0.0,1.0,0.0,0.0,0.0,0.0
6,4,0.0,0.0,0.0,0.0,1.0,0.0,0.0,0.0,0.0
6,4,0.0,0.0,0.0,0.0,1.0,0.0,0.0,0.0,0.0
6,4,0.0,0.0,0.0,0.0,1.0,0.0,0.0,0.0,0.0
6,4,0.0,0.0,0.0,0.0,1.0,0.0,0.0,0.0,0.0
6,4,0.0,0.0,0.0,0.0,1.0,0.0,0.0,0.0,0.0
6,4,0.0,0.0,0.0,0.0,1.0,0.0,0.0,0.0,0.0
6,4,0.0,0.0,0.0,0.0,1.0,0.0,0.0,0.0,0.0
6,4,0.0,0.0,0.0,0.0,1.0,0.0,0.0,0.0,0.0
6,4,0.0,0.0,0.0,0.0,1.0,0.0,0.0,0.0,0.0
6,4,0.0,0.0,0.0,0.0,1.0,0.0,0.0,0.0,0.0
6,4,0.0,0.0,0.0,0.0,1.0,0.0,0.0,0.0,0.0
6,4,0.0,0.0,0.0,0.0,1.0,0.0,0.0,0.0,0.0
6,4,0.0,0.0,0.0,0.0,1.0,0.0,0.0,0.0,0.0
6,4,0.0,0.0,0.0,0.0,1.0,0.0,0.0,0.0,0.0
6,4,0.0,0.0,0.0,0.0,1.0,0.0,0.0,0.0,0.0
6,4,0.0,0.0,0.0,0.0,1.0,0.0,0.0,0.0,0.0
6,4,0.0,0.0,0.0,0.0,1.0,0.0,0.0,0.0,0.0
6,4,0.0,0.0,0.0,0.0,1.0,0.0,0.0,0.0,0.0
6,4,0.0,0.0,0.0,0.0,1.0,0.0,0.0,0.0,0.0
6,4,0.0,0.0,0.0,0.0,1.0,0.0,0.0,0.0,0.0
6,4,0.0,0.0,0.0,0.0,1.0,0.0,0.0,0.0,0.0
6,4,0.0,0.0,0.0,0.0,1.0,0.0,0.0,0.0,0.0
6,4,0.0,0.0,0.0,0.0,1.0,0.0,0.0,0.0,0.0
6,4,0.0,0.0,0.0,0.0,1.0,0.0,0.0,0.0,0.0
6,4,0.0,0.0,0.0,0.0,1.0,0.0,0.0,0.0,0.0
6,4,0.0,0.0,0.0,0.0,1.0,0.0,0.0,0.0,0.0
6,4,0.0,0.0,0.0,0.0,1.0,0.0,0.0,0.0,0.0
6,4,0.0,0.0,0.0,0.0,1.0,0.0,0.0,0.0,0.0
6,4,0.0,0.0,0.0,0.0,1.0,0.0,0.0,0.0,0.0
6,4,0.0,0.0,0.0,0.0,1.0,0.0,0.0,0.0,0.0
6,4,0.0,0.0,0.0,0.0,1.0,0.0,0.0,0.0,0.0
6,4,0.0,0.0,0.0,0.0,1.0,0.0,0.0,0.0,0.0
6,4,0.0,0.0,0.0,0.0,1.0,0.0,0.0,0.0,0.0
6,4,0.0,0.0,0.0,0.0,1.0,0.0,0.0,0.0,0.0
6,4,0.0,0.0,0.0,0.0,1.0,0.0,0.0,0.0,0.0
6,4,0.0,0.0,0.0,0.0,1.0,0.0,0.0,0.0,0.0
6,4,0.0,0.0,0.0,0.0,1.0,0.0,0.0,0.0,0.0
6,4,0.0,0.0,0.0,0.0,1.0,0.0,0.0,0.0,0.0
6,4,0.0,0.0,0.0,0.0,1.0,0.0,0.0,0.0,0.0
6,4,0.0,0.0,0.0,0.0,1.0,0.0,0.0,0.0,0.0
6,4,0.0,0.0,0.0,0.0,1.0,0.0,0.0,0.0,0.0
6,4,0.0,0.0,0.0,0.0,1.0,0.0,0.0,0.0,0.0
6,4,0.0,0.0,0.0,0.0,1.0,0.0,0.0,0.0,0.0
6,4,0.0,0.0,0.0,0.0,1.0,0.0,0.0,0.0,0.0
6,4,0.0,0.0,0.0,0.0,1.0,0.0,0.0,0.0,0.0
6,4,0.0,0.0,0.0,0.0,1.0,0.0,0.0,0.0,0.0
6,4,0.0,0.0,0.0,0.0,1.0,0.0,0.0,0.0,0.0
6,4,0.0,0.0,0.0,0.0,1.0,0.0,0.0,0.0,0.0
6,4,0.0,0.0,0.0,0.0,1.0,0.0,0.0,0.0,0.0
6,4,0.0,0.0,0.0,0.0,1.0,0.0,0.0,0.0,0.0
6,4,0.0,0.0,0.0,0.0,1.0,0.0,0.0,0.0,0.0
6,4,0.0,0.0,0.0,0.0,1.0,0.0,0.0,0.0,0.0
6,4,0.0,0.0,0.0,0.0,1.0,0.0,0.0,0.0,0.0
6,4,0.0,0.0,0.0,0.0,1.0,0.0,0.0,0.0,0.0
6,4,0.0,0.0,0.0,0.0,1.0,0.0,0.0,0.0,0.0
6,4,0.0,0.0,0.0,0.0,1.0,0.0,0.0,0.0,0.0
6,4,0.0,0.0,0.0,0.0,1.0,0.0,0.0,0.0,0.0
6,4,0.0,0.0,0.0,0.0,1.0,0.0,0.0,0.0,0.0
6,4,0.0,0.0,0.0,0.0,1.0,0.0,0.0,0.0,0.0
6,4,0.0,0.0,0.0,0.0,1.0,0.0,0.0,0.0,0.0
6,4,0.0,0.0,0.0,0.0,1.0,0.0,0.0,0.0,0.0
6,4,0.0,0.0,0.0,0.0,1.0,0.0,0.0,0.0,0.0
6,4,0.0,0.0,0.0,0.0,1.0,0.0,0.0,0.0,0.0
6,4,0.0,0.0,0.0,0.0,1.0,0.0,0.0,0.0,0.0
6,4,0.0,0.0,0.0,0.0,1.0,0.0,0.0,0.0,0.0
6,4,0.0,0.0,0.0,0.0,1.0,0.0,0.0,0.0,0.0
6,4,0.0,0.0,0.0,0.0,1.0,0.0,0.0,0.0,0.0
6,4,0.0,0.0,0.0,0.0,1.0,0.0,0.0,0.0,0.0
6,4,0.0,0.0,0.0,0.0,1.0,0.0,0.0,0.0,0.0
6,4,0.0,0.0,0.0,0.0,1.0,0.0,0.0,0.0,0.0
6,4,0.0,0.0,0.0,0.0,1.0,0.0,0.0,0.0,0.0
6,4,0.0,0.0,0.0,0.0,1.0,0.0,0.0,0.0,0.0
6,4,0.0,0.0,0.0,0.0,1.0,0.0,0.0,0.0,0.0
6,4,0.0,0.0,0.0,0.0,1.0,0.0,0.0,0.0,0.0
6,4,0.0,0.0,0.0,0.0,1.0,0.0,0.0,0.0,0.0
6,4,0.0,0.0,0.0,0.0,1.0,0.0,0.0,0.0,0.0
6,4,0.0,0.0,0.0,0.0,1.0,0.0,0.0,0.0,0.0
6,4,0.0,0.0,0.0,0.0,1.0,0.0,0.0,0.0,0.0
6,4,0.0,0.0,0.0,0.0,1.0,0.0,0.0,0.0,0.0
6,4,0.0,0.0,0.0,0.0,1.0,0.0,0.0,0.0,0.0
6,4,0.0,0.0,0.0,0.0,1.0,0.0,0.0,0.0,0.0
6,4,0.0,0.0,0.0,0.0,1.0,0.0,0.0,0.0,0.0
6,4,0.0,0.0,0.0,0.0,1.0,0.0,0.0,0.0,0.0
6,4,0.0,0.0,0.0,0.0,1.0,0.0,0.0,0.0,0.0
6,4,0.0,0.0,0.0,0.0,1.0,0.0,0.0,0.0,0.0
6,4,0.0,0.0,0.0,0.0,1.0,0.0,0.0,0.0,0.0
6,4,0.0,0.0,0.0,0.0,1.0,0.0,0.0,0.0,0.0
6,4,0.0,0.0,0.0,0.0,1.0,0.0,0.0,0.0,0.0
6,4,0.0,0.0,0.0,0.0,1.0,0.0,0.0,0.0,0.0
6,4,0.0,0.0,0.0,0.0,1.0,0.0,0.0,0.0,0.0
6,4,0.0,0.0,0.0,0.0,1.0,0.0,0.0,0.0,0.0
6,4,0.0,0.0,0.0,0.0,1.0,0.0,0.0,0.0,0.0
6,4,0.0,0.0,0.0,0.0,1.0,0.0,0.0,0.0,0.0
6,4,0.0,0.0,0.0,0.0,1.0,0.0,0.0,0.0,0.0
6,4,0.0,0.0,0.0,0.0,1.0,0.0,0.0,0.0,0.0
6,4,0.0,0.0,0.0,0.0,1.0,0.0,0.0,0.0,0.0
6,4,0.0,0.0,0.0,0.0,1.0,0.0,0.0,0.0,0.0
6,4,0.0,0.0,0.0,0.0,1.0,0.0,0.0,0.0,0.0
6,4,0.0,0.0,0.0,0.0,1.0,0.0,0.0,0.0,0.0
6,4,0.0,0.0,0.0,0.0,1.0,0.0,0.0,0.0,0.0
6,4,0.0,0.0,0.0,0.0,1.0,0.0,0.0,0.0,0.0
6,4,0.0,0.0,0.0,0.0,1.0,0.0,0.0,0.0,0.0
6,4,0.0,0.0,0.0,0.0,1.0,0.0,0.0,0.0,0.0
6,4,0.0,0.0,0.0,0.0,1.0,0.0,0.0,0.0,0.0
6,4,0.0,0.0,0.0,0.0,1.0,0.0,0.0,0.0,0.0
6,4,0.0,0.0,0.0,0.0,1.0,0.0,0.0,0.0,0.0
6,4,0.0,0.0,0.0,0.0,1.0,0.0,0.0,0.0,0.0
6,4,0.0,0.0,0.0,0.0,1.0,0.0,0.0,0.0,0.0
6,4,0.0,0.0,0.0,0.0,1.0,0.0,0.0,0.0,0.0
6,4,0.0,0.0,0.0,0.0,1.0,0.0,0.0,0.0,0.0
6,4,0.0,0.0,0.0,0.0,1.0,0.0,0.0,0.0,0.0
6,4,0.0,0.0,0.0,0.0,1.0,0.0,0.0,0.0,0.0
6,4,0.0,0.0,0.0,0.0,1.0,0.0,0.0,0.0,0.0
6,4,0.0,0.0,0.0,0.0,1.0,0.0,0.0,0.0,0.0
6,4,0.0,0.0,0.0,0.0,1.0,0.0,0.0,0.0,0.0
6,4,0.0,0.0,0.0,0.0,1.0,0.0,0.0,0.0,0.0
6,4,0.0,0.0,0.0,0.0,1.0,0.0,0.0,0.0,0.0
6,4,0.0,0.0,0.0,0.0,1.0,0.0,0.0,0.0,0.0
6,4,0.0,0.0,0.0,0.0,1.0,0.0,0.0,0.0,0.0
6,4,0.0,0.0,0.0,0.0,1.0,0.0,0.0,0.0,0.0
6,4,0.0,0.0,0.0,0.0,1.0,0.0,0.0,0.0,0.0
6,4,0.0,0.0,0.0,0.0,1.0,0.0,0.0,0.0,0.0
6,4,0.0,0.0,0.0,0.0,1.0,0.0,0.0,0.0,0.0
6,4,0.0,0.0,0.0,0.0,1.0,0.0,0.0,0.0,0.0
6,4,0.0,0.0,0.0,0.0,1.0,0.0,0.0,0.0,0.0
6,4,0.0,0.0,0.0,0.0,1.0,0.0,0.0,0.0,0.0
6,4,0.0,0.0,0.0,0.0,1.0,0.0,0.0,0.0,0.0
6,4,0.0,0.0,0.0,0.0,1.0,0.0,0.0,0.0,0.0
6,4,0.0,0.0,0.0,0.0,1.0,0.0,0.0,0.0,0.0
6,4,0.0,0.0,0.0,0.0,1.0,0.0,0.0,0.0,0.0
6,4,0.0,0.0,0.0,0.0,1.0,0.0,0.0,0.0,0.0
6,4,0.0,0.0,0.0,0.0,1.0,0.0,0.0,0.0,0.0
6,4,0.0,0.0,0.0,0.0,1.0,0.0,0.0,0.0,0.0
6,4,0.0,0.0,0.0,0.0,1.0,0.0,0.0,0.0,0.0
6,4,0.0,0.0,0.0,0.0,1.0,0.0,0.0,0.0,0.0
6,4,0.0,0.0,0.0,0.0,1.0,0.0,0.0,0.0,0.0
6,4,0.0,0.0,0.0,0.0,1.0,0.0,0.0,0.0,0.0
6,4,0.0,0.0,0.0,0.0,1.0,0.0,0.0,0.0,0.0
6,4,0.0,0.0,0.0,0.0,1.0,0.0,0.0,0.0,0.0
6,4,0.0,0.0,0.0,0.0,1.0,0.0,0.0,0.0,0.0
6,4,0.0,0.0,0.0,0.0,1.0,0.0,0.0,0.0,0.0
6,4,0.0,0.0,0.0,0.0,1.0,0.0,0.0,0.0,0.0
6,4,0.0,0.0,0.0,0.0,1.0,0.0,0.0,0.0,0.0
6,4,0.0,0.0,0.0,0.0,1.0,0.0,0.0,0.0,0.0
6,4,0.0,0.0,0.0,0.0,1.0,0.0,0.0,0.0,0.0
6,4,0.0,0.0,0.0,0.0,1.0,0.0,0.0,0.0,0.0
6,4,0.0,0.0,0.0,0.0,1.0,0.0,0.0,0.0,0.0
6,4,0.0,0.0,0.0,0.0,1.0,0.0,0.0,0.0,0.0
6,4,0.0,0.0,0.0,0.0,1.0,0.0,0.0,0.0,0.0
6,4,0.0,0.0,0.0,0.0,1.0,0.0,0.0,0.0,0.0
6,4,0.0,0.0,0.0,0.0,1.0,0.0,0.0,0.0,0.0
6,4,0.0,0.0,0.0,0.0,1.0,0.0,0.0,0.0,0.0
6,4,0.0,0.0,0.0,0.0,1.0,0.0,0.0,0.0,0.0
6,4,0.0,0.0,0.0,0.0,1.0,0.0,0.0,0.0,0.0
6,4,0.0,0.0,0.0,0.0,1.0,0.0,0.0,0.0,0.0
6,4,0.0,0.0,0.0,0.0,1.0,0.0,0.0,0.0,0.0
6,4,0.0,0.0,0.0,0.0,1.0,0.0,0.0,0.0,0.0
6,4,0.0,0.0,0.0,0.0,1.0,0.0,0.0,0.0,0.0
6,4,0.0,0.0,0.0,0.0,1.0,0.0,0.0,0.0,0.0
6,4,0.0,0.0,0.0,0.0,1.0,0.0,0.0,0.0,0.0
6,4,0.0,0.0,0.0,0.0,1.0,0.0,0.0,0.0,0.0
6,4,0.0,0.0,0.0,0.0,1.0,0.0,0.0,0.0,0.0
6,4,0.0,0.0,0.0,0.0,1.0,0.0,0.0,0.0,0.0
6,4,0.0,0.0,0.0,0.0,1.0,0.0,0.0,0.0,0.0
6,4,0.0,0.0,0.0,0.0,1.0,0.0,0.0,0.0,0.0
6,4,0.0,0.0,0.0,0.0,1.0,0.0,0.0,0.0,0.0
6,4,0.0,0.0,0.0,0.0,1.0,0.0,0.0,0.0,0.0
6,4,0.0,0.0,0.0,0.0,1.0,0.0,0.0,0.0,0.0
6,4,0.0,0.0,0.0,0.0,1.0,0.0,0.0,0.0,0.0
6,4,0.0,0.0,0.0,0.0,1.0,0.0,0.0,0.0,0.0
6,4,0.0,0.0,0.0,0.0,1.0,0.0,0.0,0.0,0.0
6,4,0.0,0.0,0.0,0.0,1.0,0.0,0.0,0.0,0.0
6,4,0.0,0.0,0.0,0.0,1.0,0.0,0.0,0.0,0.0
6,4,0.0,0.0,0.0,0.0,1.0,0.0,0.0,0.0,0.0
6,4,0.0,0.0,0.0,0.0,1.0,0.0,0.0,0.0,0.0
6,4,0.0,0.0,0.0,0.0,1.0,0.0,0.0,0.0,0.0
6,4,0.0,0.0,0.0,0.0,1.0,0.0,0.0,0.0,0.0
6,4,0.0,0.0,0.0,0.0,1.0,0.0,0.0,0.0,0.0
6,4,0.0,0.0,0.0,0.0,1.0,0.0,0.0,0.0,0.0
6,4,0.0,0.0,0.0,0.0,1.0,0.0,0.0,0.0,0.0
6,4,0.0,0.0,0.0,0.0,1.0,0.0,0.0,0.0,0.0
6,4,0.0,0.0,0.0,0.0,1.0,0.0,0.0,0.0,0.0
6,4,0.0,0.0,0.0,0.0,1.0,0.0,0.0,0.0,0.0
6,4,0.0,0.0,0.0,0.0,1.0,0.0,0.0,0.0,0.0
6,4,0.0,0.0,0.0,0.0,1.0,0.0,0.0,0.0,0.0
6,4,0.0,0.0,0.0,0.0,1.0,0.0,0.0,0.0,0.0
6,4,0.0,0.0,0.0,0.0,1.0,0.0,0.0,0.0,0.0
6,4,0.0,0.0,0.0,0.0,1.0,0.0,0.0,0.0,0.0
6,4,0.0,0.0,0.0,0.0,1.0,0.0,0.0,0.0,0.0
6,4,0.0,0.0,0.0,0.0,1.0,0.0,0.0,0.0,0.0
6,4,0.0,0.0,0.0,0.0,1.0,0.0,0.0,0.0,0.0
6,4,0.0,0.0,0.0,0.0,1.0,0.0,0.0,0.0,0.0
6,4,0.0,0.0,0.0,0.0,1.0,0.0,0.0,0.0,0.0
6,4,0.0,0.0,0.0,0.0,1.0,0.0,0.0,0.0,0.0
6,4,0.0,0.0,0.0,0.0,1.0,0.0,0.0,0.0,0.0
6,4,0.0,0.0,0.0,0.0,1.0,0.0,0.0,0.0,0.0
6,4,0.0,0.0,0.0,0.0,1.0,0.0,0.0,0.0,0.0
6,4,0.0,0.0,0.0,0.0,1.0,0.0,0.0,0.0,0.0
6,4,0.0,0.0,0.0,0.0,1.0,0.0,0.0,0.0,0.0
6,4,0.0,0.0,0.0,0.0,1.0,0.0,0.0,0.0,0.0
6,4,0.0,0.0,0.0,0.0,1.0,0.0,0.0,0.0,0.0
6,4,0.0,0.0,0.0,0.0,1.0,0.0,0.0,0.0,0.0
6,4,0.0,0.0,0.0,0.0,1.0,0.0,0.0,0.0,0.0
6,4,0.0,0.0,0.0,0.0,1.0,0.0,0.0,0.0,0.0
6,4,0.0,0.0,0.0,0.0,1.0,0.0,0.0,0.0,0.0
6,4,0.0,0.0,0.0,0.0,1.0,0.0,0.0,0.0,0.0
6,4,0.0,0.0,0.0,0.0,1.0,0.0,0.0,0.0,0.0
6,4,0.0,0.0,0.0,0.0,1.0,0.0,0.0,0.0,0.0
6,4,0.0,0.0,0.0,0.0,1.0,0.0,0.0,0.0,0.0
6,4,0.0,0.0,0.0,0.0,1.0,0.0,0.0,0.0,0.0
6,4,0.0,0.0,0.0,0.0,1.0,0.0,0.0,0.0,0.0
6,4,0.0,0.0,0.0,0.0,1.0,0.0,0.0,0.0,0.0
6,4,0.0,0.0,0.0,0.0,1.0,0.0,0.0,0.0,0.0
6,4,0.0,0.0,0.0,0.0,1.0,0.0,0.0,0.0,0.0
6,4,0.0,0.0,0.0,0.0,1.0,0.0,0.0,0.0,0.0
6,4,0.0,0.0,0.0,0.0,1.0,0.0,0.0,0.0,0.0
6,4,0.0,0.0,0.0,0.0,1.0,0.0,0.0,0.0,0.0
6,4,0.0,0.0,0.0,0.0,1.0,0.0,0.0,0.0,0.0
6,4,0.0,0.0,0.0,0.0,1.0,0.0,0.0,0.0,0.0
6,4,0.0,0.0,0.0,0.0,1.0,0.0,0.0,0.0,0.0
6,4,0.0,0.0,0.0,0.0,1.0,0.0,0.0,0.0,0.0
6,4,0.0,0.0,0.0,0.0,1.0,0.0,0.0,0.0,0.0
6,4,0.0,0.0,0.0,0.0,1.0,0.0,0.0,0.0,0.0
6,4,0.0,0.0,0.0,0.0,1.0,0.0,0.0,0.0,0.0
6,4,0.0,0.0,0.0,0.0,1.0,0.0,0.0,0.0,0.0
6,4,0.0,0.0,0.0,0.0,1.0,0.0,0.0,0.0,0.0
6,4,0.0,0.0,0.0,0.0,1.0,0.0,0.0,0.0,0.0
6,4,0.0,0.0,0.0,0.0,1.0,0.0,0.0,0.0,0.0
6,4,0.0,0.0,0.0,0.0,1.0,0.0,0.0,0.0,0.0
6,4,0.0,0.0,0.0,0.0,1.0,0.0,0.0,0.0,0.0
6,4,0.0,0.0,0.0,0.0,1.0,0.0,0.0,0.0,0.0
6,4,0.0,0.0,0.0,0.0,1.0,0.0,0.0,0.0,0.0
6,4,0.0,0.0,0.0,0.0,1.0,0.0,0.0,0.0,0.0
6,4,0.0,0.0,0.0,0.0,1.0,0.0,0.0,0.0,0.0
6,4,0.0,0.0,0.0,0.0,1.0,0.0,0.0,0.0,0.0
6,4,0.0,0.0,0.0,0.0,1.0,0.0,0.0,0.0,0.0
6,4,0.0,0.0,0.0,0.0,1.0,0.0,0.0,0.0,0.0
6,4,0.0,0.0,0.0,0.0,1.0,0.0,0.0,0.0,0.0
6,4,0.0,0.0,0.0,0.0,1.0,0.0,0.0,0.0,0.0
6,4,0.0,0.0,0.0,0.0,1.0,0.0,0.0,0.0,0.0
6,4,0.0,0.0,0.0,0.0,1.0,0.0,0.0,0.0,0.0
6,4,0.0,0.0,0.0,0.0,1.0,0.0,0.0,0.0,0.0
6,4,0.0,0.0,0.0,0.0,1.0,0.0,0.0,0.0,0.0
6,4,0.0,0.0,0.0,0.0,1.0,0.0,0.0,0.0,0.0
6,4,0.0,0.0,0.0,0.0,1.0,0.0,0.0,0.0,0.0
6,4,0.0,0.0,0.0,0.0,1.0,0.0,0.0,0.0,0.0
6,4,0.0,0.0,0.0,0.0,1.0,0.0,0.0,0.0,0.0
6,4,0.0,0.0,0.0,0.0,1.0,0.0,0.0,0.0,0.0
6,4,0.0,0.0,0.0,0.0,1.0,0.0,0.0,0.0,0.0
6,4,0.0,0.0,0.0,0.0,1.0,0.0,0.0,0.0,0.0
6,4,0.0,0.0,0.0,0.0,1.0,0.0,0.0,0.0,0.0
6,4,0.0,0.0,0.0,0.0,1.0,0.0,0.0,0.0,0.0
6,4,0.0,0.0,0.0,0.0,1.0,0.0,0.0,0.0,0.0
6,4,0.0,0.0,0.0,0.0,1.0,0.0,0.0,0.0,0.0
6,4,0.0,0.0,0.0,0.0,1.0,0.0,0.0,0.0,0.0
6,4,0.0,0.0,0.0,0.0,1.0,0.0,0.0,0.0,0.0
6,4,0.0,0.0,0.0,0.0,1.0,0.0,0.0,0.0,0.0
6,4,0.0,0.0,0.0,0.0,1.0,0.0,0.0,0.0,0.0
6,4,0.0,0.0,0.0,0.0,1.0,0.0,0.0,0.0,0.0
6,4,0.0,0.0,0.0,0.0,1.0,0.0,0.0,0.0,0.0
6,4,0.0,0.0,0.0,0.0,1.0,0.0,0.0,0.0,0.0
6,4,0.0,0.0,0.0,0.0,1.0,0.0,0.0,0.0,0.0
6,4,0.0,0.0,0.0,0.0,1.0,0.0,0.0,0.0,0.0
6,4,0.0,0.0,0.0,0.0,1.0,0.0,0.0,0.0,0.0
6,4,0.0,0.0,0.0,0.0,1.0,0.0,0.0,0.0,0.0
6,4,0.0,0.0,0.0,0.0,1.0,0.0,0.0,0.0,0.0
6,4,0.0,0.0,0.0,0.0,1.0,0.0,0.0,0.0,0.0
6,4,0.0,0.0,0.0,0.0,1.0,0.0,0.0,0.0,0.0
6,4,0.0,0.0,0.0,0.0,1.0,0.0,0.0,0.0,0.0
6,4,0.0,0.0,0.0,0.0,1.0,0.0,0.0,0.0,0.0
6,4,0.0,0.0,0.0,0.0,1.0,0.0,0.0,0.0,0.0
6,4,0.0,0.0,0.0,0.0,1.0,0.0,0.0,0.0,0.0
6,4,0.0,0.0,0.0,0.0,1.0,0.0,0.0,0.0,0.0
6,4,0.0,0.0,0.0,0.0,1.0,0.0,0.0,0.0,0.0
6,4,0.0,0.0,0.0,0.0,1.0,0.0,0.0,0.0,0.0
6,4,0.0,0.0,0.0,0.0,1.0,0.0,0.0,0.0,0.0
6,4,0.0,0.0,0.0,0.0,1.0,0.0,0.0,0.0,0.0
6,4,0.0,0.0,0.0,0.0,1.0,0.0,0.0,0.0,0.0
6,4,0.0,0.0,0.0,0.0,1.0,0.0,0.0,0.0,0.0
6,4,0.0,0.0,0.0,0.0,1.0,0.0,0.0,0.0,0.0
6,4,0.0,0.0,0.0,0.0,1.0,0.0,0.0,0.0,0.0
6,4,0.0,0.0,0.0,0.0,1.0,0.0,0.0,0.0,0.0
6,4,0.0,0.0,0.0,0.0,1.0,0.0,0.0,0.0,0.0
6,4,0.0,0.0,0.0,0.0,1.0,0.0,0.0,0.0,0.0
6,4,0.0,0.0,0.0,0.0,1.0,0.0,0.0,0.0,0.0
6,4,0.0,0.0,0.0,0.0,1.0,0.0,0.0,0.0,0.0
6,4,0.0,0.0,0.0,0.0,1.0,0.0,0.0,0.0,0.0
6,4,0.0,0.0,0.0,0.0,1.0,0.0,0.0,0.0,0.0
6,4,0.0,0.0,0.0,0.0,1.0,0.0,0.0,0.0,0.0
6,4,0.0,0.0,0.0,0.0,1.0,0.0,0.0,0.0,0.0
6,4,0.0,0.0,0.0,0.0,1.0,0.0,0.0,0.0,0.0
6,4,0.0,0.0,0.0,0.0,1.0,0.0,0.0,0.0,0.0
6,4,0.0,0.0,0.0,0.0,1.0,0.0,0.0,0.0,0.0
6,4,0.0,0.0,0.0,0.0,1.0,0.0,0.0,0.0,0.0
6,4,0.0,0.0,0.0,0.0,1.0,0.0,0.0,0.0,0.0
6,4,0.0,0.0,0.0,0.0,1.0,0.0,0.0,0.0,0.0
6,4,0.0,0.0,0.0,0.0,1.0,0.0,0.0,0.0,0.0
6,4,0.0,0.0,0.0,0.0,1.0,0.0,0.0,0.0,0.0
6,4,0.0,0.0,0.0,0.0,1.0,0.0,0.0,0.0,0.0
6,4,0.0,0.0,0.0,0.0,1.0,0.0,0.0,0.0,0.0
6,4,0.0,0.0,0.0,0.0,1.0,0.0,0.0,0.0,0.0
6,4,0.0,0.0,0.0,0.0,1.0,0.0,0.0,0.0,0.0
6,4,0.0,0.0,0.0,0.0,1.0,0.0,0.0,0.0,0.0
6,4,0.0,0.0,0.0,0.0,1.0,0.0,0.0,0.0,0.0
6,4,0.0,0.0,0.0,0.0,1.0,0.0,0.0,0.0,0.0
6,4,0.0,0.0,0.0,0.0,1.0,0.0,0.0,0.0,0.0
6,4,0.0,0.0,0.0,0.0,1.0,0.0,0.0,0.0,0.0
6,4,0.0,0.0,0.0,0.0,1.0,0.0,0.0,0.0,0.0
6,4,0.0,0.0,0.0,0.0,1.0,0.0,0.0,0.0,0.0
6,4,0.0,0.0,0.0,0.0,1.0,0.0,0.0,0.0,0.0
6,4,0.0,0.0,0.0,0.0,1.0,0.0,0.0,0.0,0.0
6,4,0.0,0.0,0.0,0.0,1.0,0.0,0.0,0.0,0.0
6,4,0.0,0.0,0.0,0.0,1.0,0.0,0.0,0.0,0.0
6,4,0.0,0.0,0.0,0.0,1.0,0.0,0.0,0.0,0.0
6,4,0.0,0.0,0.0,0.0,1.0,0.0,0.0,0.0,0.0
6,4,0.0,0.0,0.0,0.0,1.0,0.0,0.0,0.0,0.0
6,4,0.0,0.0,0.0,0.0,1.0,0.0,0.0,0.0,0.0
6,4,0.0,0.0,0.0,0.0,1.0,0.0,0.0,0.0,0.0
6,4,0.0,0.0,0.0,0.0,1.0,0.0,0.0,0.0,0.0
6,4,0.0,0.0,0.0,0.0,1.0,0.0,0.0,0.0,0.0
6,4,0.0,0.0,0.0,0.0,1.0,0.0,0.0,0.0,0.0
6,4,0.0,0.0,0.0,0.0,1.0,0.0,0.0,0.0,0.0
6,4,0.0,0.0,0.0,0.0,1.0,0.0,0.0,0.0,0.0
6,4,0.0,0.0,0.0,0.0,1.0,0.0,0.0,0.0,0.0
6,4,0.0,0.0,0.0,0.0,1.0,0.0,0.0,0.0,0.0
6,4,0.0,0.0,0.0,0.0,1.0,0.0,0.0,0.0,0.0
6,4,0.0,0.0,0.0,0.0,1.0,0.0,0.0,0.0,0.0
6,4,0.0,0.0,0.0,0.0,1.0,0.0,0.0,0.0,0.0
6,4,0.0,0.0,0.0,0.0,1.0,0.0,0.0,0.0,0.0
6,4,0.0,0.0,0.0,0.0,1.0,0.0,0.0,0.0,0.0
6,4,0.0,0.0,0.0,0.0,1.0,0.0,0.0,0.0,0.0
6,4,0.0,0.0,0.0,0.0,1.0,0.0,0.0,0.0,0.0
6,4,0.0,0.0,0.0,0.0,1.0,0.0,0.0,0.0,0.0
6,4,0.0,0.0,0.0,0.0,1.0,0.0,0.0,0.0,0.0
6,4,0.0,0.0,0.0,0.0,1.0,0.0,0.0,0.0,0.0
6,4,0.0,0.0,0.0,0.0,1.0,0.0,0.0,0.0,0.0
6,4,0.0,0.0,0.0,0.0,1.0,0.0,0.0,0.0,0.0
6,4,0.0,0.0,0.0,0.0,1.0,0.0,0.0,0.0,0.0
6,4,0.0,0.0,0.0,0.0,1.0,0.0,0.0,0.0,0.0
6,4,0.0,0.0,0.0,0.0,1.0,0.0,0.0,0.0,0.0
6,4,0.0,0.0,0.0,0.0,1.0,0.0,0.0,0.0,0.0
6,4,0.0,0.0,0.0,0.0,1.0,0.0,0.0,0.0,0.0
6,4,0.0,0.0,0.0,0.0,1.0,0.0,0.0,0.0,0.0
6,4,0.0,0.0,0.0,0.0,1.0,0.0,0.0,0.0,0.0
6,4,0.0,0.0,0.0,0.0,1.0,0.0,0.0,0.0,0.0
6,4,0.0,0.0,0.0,0.0,1.0,0.0,0.0,0.0,0.0
6,4,0.0,0.0,0.0,0.0,1.0,0.0,0.0,0.0,0.0
6,4,0.0,0.0,0.0,0.0,1.0,0.0,0.0,0.0,0.0
6,4,0.0,0.0,0.0,0.0,1.0,0.0,0.0,0.0,0.0
6,4,0.0,0.0,0.0,0.0,1.0,0.0,0.0,0.0,0.0
6,4,0.0,0.0,0.0,0.0,1.0,0.0,0.0,0.0,0.0
6,4,0.0,0.0,0.0,0.0,1.0,0.0,0.0,0.0,0.0
6,4,0.0,0.0,0.0,0.0,1.0,0.0,0.0,0.0,0.0
6,4,0.0,0.0,0.0,0.0,1.0,0.0,0.0,0.0,0.0
6,4,0.0,0.0,0.0,0.0,1.0,0.0,0.0,0.0,0.0
6,4,0.0,0.0,0.0,0.0,1.0,0.0,0.0,0.0,0.0
6,4,0.0,0.0,0.0,0.0,1.0,0.0,0.0,0.0,0.0
6,4,0.0,0.0,0.0,0.0,1.0,0.0,0.0,0.0,0.0
6,4,0.0,0.0,0.0,0.0,1.0,0.0,0.0,0.0,0.0
6,4,0.0,0.0,0.0,0.0,1.0,0.0,0.0,0.0,0.0
6,4,0.0,0.0,0.0,0.0,1.0,0.0,0.0,0.0,0.0
6,4,0.0,0.0,0.0,0.0,1.0,0.0,0.0,0.0,0.0
6,4,0.0,0.0,0.0,0.0,1.0,0.0,0.0,0.0,0.0
6,4,0.0,0.0,0.0,0.0,1.0,0.0,0.0,0.0,0.0
6,4,0.0,0.0,0.0,0.0,1.0,0.0,0.0,0.0,0.0
6,4,0.0,0.0,0.0,0.0,1.0,0.0,0.0,0.0,0.0
6,4,0.0,0.0,0.0,0.0,1.0,0.0,0.0,0.0,0.0
6,4,0.0,0.0,0.0,0.0,1.0,0.0,0.0,0.0,0.0
6,4,0.0,0.0,0.0,0.0,1.0,0.0,0.0,0.0,0.0
6,4,0.0,0.0,0.0,0.0,1.0,0.0,0.0,0.0,0.0
6,4,0.0,0.0,0.0,0.0,1.0,0.0,0.0,0.0,0.0
6,4,0.0,0.0,0.0,0.0,1.0,0.0,0.0,0.0,0.0
6,4,0.0,0.0,0.0,0.0,1.0,0.0,0.0,0.0,0.0
6,4,0.0,0.0,0.0,0.0,1.0,0.0,0.0,0.0,0.0
6,4,0.0,0.0,0.0,0.0,1.0,0.0,0.0,0.0,0.0
6,4,0.0,0.0,0.0,0.0,1.0,0.0,0.0,0.0,0.0
6,4,0.0,0.0,0.0,0.0,1.0,0.0,0.0,0.0,0.0
6,4,0.0,0.0,0.0,0.0,1.0,0.0,0.0,0.0,0.0
6,4,0.0,0.0,0.0,0.0,1.0,0.0,0.0,0.0,0.0
6,4,0.0,0.0,0.0,0.0,1.0,0.0,0.0,0.0,0.0
6,4,0.0,0.0,0.0,0.0,1.0,0.0,0.0,0.0,0.0
6,4,0.0,0.0,0.0,0.0,1.0,0.0,0.0,0.0,0.0
6,4,0.0,0.0,0.0,0.0,1.0,0.0,0.0,0.0,0.0
6,4,0.0,0.0,0.0,0.0,1.0,0.0,0.0,0.0,0.0
6,4,0.0,0.0,0.0,0.0,1.0,0.0,0.0,0.0,0.0
6,4,0.0,0.0,0.0,0.0,1.0,0.0,0.0,0.0,0.0
6,4,0.0,0.0,0.0,0.0,1.0,0.0,0.0,0.0,0.0
6,4,0.0,0.0,0.0,0.0,1.0,0.0,0.0,0.0,0.0
6,4,0.0,0.0,0.0,0.0,1.0,0.0,0.0,0.0,0.0
6,4,0.0,0.0,0.0,0.0,1.0,0.0,0.0,0.0,0.0
6,4,0.0,0.0,0.0,0.0,1.0,0.0,0.0,0.0,0.0
6,4,0.0,0.0,0.0,0.0,1.0,0.0,0.0,0.0,0.0
6,4,0.0,0.0,0.0,0.0,1.0,0.0,0.0,0.0,0.0
6,4,0.0,0.0,0.0,0.0,1.0,0.0,0.0,0.0,0.0
6,4,0.0,0.0,0.0,0.0,1.0,0.0,0.0,0.0,0.0
6,4,0.0,0.0,0.0,0.0,1.0,0.0,0.0,0.0,0.0
6,4,0.0,0.0,0.0,0.0,1.0,0.0,0.0,0.0,0.0
6,4,0.0,0.0,0.0,0.0,1.0,0.0,0.0,0.0,0.0
6,4,0.0,0.0,0.0,0.0,1.0,0.0,0.0,0.0,0.0
6,4,0.0,0.0,0.0,0.0,1.0,0.0,0.0,0.0,0.0
6,4,0.0,0.0,0.0,0.0,1.0,0.0,0.0,0.0,0.0
6,4,0.0,0.0,0.0,0.0,1.0,0.0,0.0,0.0,0.0
6,4,0.0,0.0,0.0,0.0,1.0,0.0,0.0,0.0,0.0
6,4,0.0,0.0,0.0,0.0,1.0,0.0,0.0,0.0,0.0
6,4,0.0,0.0,0.0,0.0,1.0,0.0,0.0,0.0,0.0
6,4,0.0,0.0,0.0,0.0,1.0,0.0,0.0,0.0,0.0
6,4,0.0,0.0,0.0,0.0,1.0,0.0,0.0,0.0,0.0
6,4,0.0,0.0,0.0,0.0,1.0,0.0,0.0,0.0,0.0
6,4,0.0,0.0,0.0,0.0,1.0,0.0,0.0,0.0,0.0
6,4,0.0,0.0,0.0,0.0,1.0,0.0,0.0,0.0,0.0
6,4,0.0,0.0,0.0,0.0,1.0,0.0,0.0,0.0,0.0
6,4,0.0,0.0,0.0,0.0,1.0,0.0,0.0,0.0,0.0
6,4,0.0,0.0,0.0,0.0,1.0,0.0,0.0,0.0,0.0
6,4,0.0,0.0,0.0,0.0,1.0,0.0,0.0,0.0,0.0
6,4,0.0,0.0,0.0,0.0,1.0,0.0,0.0,0.0,0.0
6,4,0.0,0.0,0.0,0.0,1.0,0.0,0.0,0.0,0.0
6,4,0.0,0.0,0.0,0.0,1.0,0.0,0.0,0.0,0.0
6,4,0.0,0.0,0.0,0.0,1.0,0.0,0.0,0.0,0.0
6,4,0.0,0.0,0.0,0.0,1.0,0.0,0.0,0.0,0.0
6,4,0.0,0.0,0.0,0.0,1.0,0.0,0.0,0.0,0.0
6,4,0.0,0.0,0.0,0.0,1.0,0.0,0.0,0.0,0.0
6,4,0.0,0.0,0.0,0.0,1.0,0.0,0.0,0.0,0.0
6,4,0.0,0.0,0.0,0.0,1.0,0.0,0.0,0.0,0.0
6,4,0.0,0.0,0.0,0.0,1.0,0.0,0.0,0.0,0.0
6,4,0.0,0.0,0.0,0.0,1.0,0.0,0.0,0.0,0.0
6,4,0.0,0.0,0.0,0.0,1.0,0.0,0.0,0.0,0.0
6,4,0.0,0.0,0.0,0.0,1.0,0.0,0.0,0.0,0.0
6,4,0.0,0.0,0.0,0.0,1.0,0.0,0.0,0.0,0.0
6,4,0.0,0.0,0.0,0.0,1.0,0.0,0.0,0.0,0.0
6,4,0.0,0.0,0.0,0.0,1.0,0.0,0.0,0.0,0.0
6,4,0.0,0.0,0.0,0.0,1.0,0.0,0.0,0.0,0.0
6,4,0.0,0.0,0.0,0.0,1.0,0.0,0.0,0.0,0.0
6,4,0.0,0.0,0.0,0.0,1.0,0.0,0.0,0.0,0.0
6,4,0.0,0.0,0.0,0.0,1.0,0.0,0.0,0.0,0.0
6,4,0.0,0.0,0.0,0.0,1.0,0.0,0.0,0.0,0.0
6,4,0.0,0.0,0.0,0.0,1.0,0.0,0.0,0.0,0.0
6,4,0.0,0.0,0.0,0.0,1.0,0.0,0.0,0.0,0.0
6,4,0.0,0.0,0.0,0.0,1.0,0.0,0.0,0.0,0.0
6,4,0.0,0.0,0.0,0.0,1.0,0.0,0.0,0.0,0.0
6,4,0.0,0.0,0.0,0.0,1.0,0.0,0.0,0.0,0.0
6,4,0.0,0.0,0.0,0.0,1.0,0.0,0.0,0.0,0.0
6,4,0.0,0.0,0.0,0.0,1.0,0.0,0.0,0.0,0.0
6,4,0.0,0.0,0.0,0.0,1.0,0.0,0.0,0.0,0.0
6,4,0.0,0.0,0.0,0.0,1.0,0.0,0.0,0.0,0.0
6,4,0.0,0.0,0.0,0.0,1.0,0.0,0.0,0.0,0.0
6,4,0.0,0.0,0.0,0.0,1.0,0.0,0.0,0.0,0.0
6,4,0.0,0.0,0.0,0.0,1.0,0.0,0.0,0.0,0.0
6,4,0.0,0.0,0.0,0.0,1.0,0.0,0.0,0.0,0.0
6,4,0.0,0.0,0.0,0.0,1.0,0.0,0.0,0.0,0.0
6,4,0.0,0.0,0.0,0.0,1.0,0.0,0.0,0.0,0.0
6,4,0.0,0.0,0.0,0.0,1.0,0.0,0.0,0.0,0.0
6,4,0.0,0.0,0.0,0.0,1.0,0.0,0.0,0.0,0.0
6,4,0.0,0.0,0.0,0.0,1.0,0.0,0.0,0.0,0.0
6,4,0.0,0.0,0.0,0.0,1.0,0.0,0.0,0.0,0.0
6,4,0.0,0.0,0.0,0.0,1.0,0.0,0.0,0.0,0.0
6,4,0.0,0.0,0.0,0.0,1.0,0.0,0.0,0.0,0.0
6,4,0.0,0.0,0.0,0.0,1.0,0.0,0.0,0.0,0.0
6,4,0.0,0.0,0.0,0.0,1.0,0.0,0.0,0.0,0.0
6,4,0.0,0.0,0.0,0.0,1.0,0.0,0.0,0.0,0.0
6,4,0.0,0.0,0.0,0.0,1.0,0.0,0.0,0.0,0.0
6,4,0.0,0.0,0.0,0.0,1.0,0.0,0.0,0.0,0.0
6,4,0.0,0.0,0.0,0.0,1.0,0.0,0.0,0.0,0.0
6,4,0.0,0.0,0.0,0.0,1.0,0.0,0.0,0.0,0.0
6,4,0.0,0.0,0.0,0.0,1.0,0.0,0.0,0.0,0.0
6,4,0.0,0.0,0.0,0.0,1.0,0.0,0.0,0.0,0.0
6,4,0.0,0.0,0.0,0.0,1.0,0.0,0.0,0.0,0.0
6,4,0.0,0.0,0.0,0.0,1.0,0.0,0.0,0.0,0.0
6,4,0.0,0.0,0.0,0.0,1.0,0.0,0.0,0.0,0.0
6,4,0.0,0.0,0.0,0.0,1.0,0.0,0.0,0.0,0.0
6,4,0.0,0.0,0.0,0.0,1.0,0.0,0.0,0.0,0.0
6,4,0.0,0.0,0.0,0.0,1.0,0.0,0.0,0.0,0.0
6,4,0.0,0.0,0.0,0.0,1.0,0.0,0.0,0.0,0.0
6,4,0.0,0.0,0.0,0.0,1.0,0.0,0.0,0.0,0.0
6,4,0.0,0.0,0.0,0.0,1.0,0.0,0.0,0.0,0.0
6,4,0.0,0.0,0.0,0.0,1.0,0.0,0.0,0.0,0.0
6,4,0.0,0.0,0.0,0.0,1.0,0.0,0.0,0.0,0.0
6,4,0.0,0.0,0.0,0.0,1.0,0.0,0.0,0.0,0.0
6,4,0.0,0.0,0.0,0.0,1.0,0.0,0.0,0.0,0.0
6,4,0.0,0.0,0.0,0.0,1.0,0.0,0.0,0.0,0.0
6,4,0.0,0.0,0.0,0.0,0.94224256,0.057757452,0.0,0.0,0.0
6,4,0.0,0.0,0.0,0.0,0.94224256,0.057757452,0.0,0.0,0.0
6,4,0.0,0.0,0.0,0.0,0.94224256,0.057757452,0.0,0.0,0.0
6,4,0.0,0.0,0.0,0.0,0.94224256,0.057757452,0.0,0.0,0.0
6,4,0.0,0.0,0.0,0.0,0.94224256,0.057757452,0.0,0.0,0.0
6,4,0.0,0.0,0.0,0.0,0.94224256,0.057757452,0.0,0.0,0.0
6,4,0.0,0.0,0.0,0.0,0.94224256,0.057757452,0.0,0.0,0.0
6,4,0.0,0.0,0.0,0.0,0.94224256,0.057757452,0.0,0.0,0.0
6,4,0.0,0.0,0.0,0.0,0.94224256,0.057757452,0.0,0.0,0.0
6,4,0.0,0.0,0.0,0.0,0.94224256,0.057757452,0.0,0.0,0.0
6,4,0.0,0.0,0.0,0.0,0.94224256,0.057757452,0.0,0.0,0.0
6,4,0.0,0.0,0.0,0.0,0.94224256,0.057757452,0.0,0.0,0.0
6,4,0.0,0.0,0.0,0.0,0.94224256,0.057757452,0.0,0.0,0.0
6,4,0.0,0.0,0.0,0.0,0.94224256,0.057757452,0.0,0.0,0.0
6,4,0.0,0.0,0.0,0.0,0.94224256,0.057757452,0.0,0.0,0.0
6,4,0.0,0.0,0.0,0.0,0.94224256,0.057757452,0.0,0.0,0.0
6,4,0.0,0.0,0.0,0.0,0.94224256,0.057757452,0.0,0.0,0.0
6,4,0.0,0.0,0.0,0.0,0.94224256,0.057757452,0.0,0.0,0.0
6,4,0.0,0.0,0.0,0.0,0.94224256,0.057757452,0.0,0.0,0.0
6,4,0.0,0.0,0.0,0.0,0.94224256,0.057757452,0.0,0.0,0.0
6,4,0.0,0.0,0.0,0.0,0.87987703,0.12012301,0.0,0.0,0.0
6,4,0.0,0.0,0.0,0.0,0.87987703,0.12012301,0.0,0.0,0.0
6,4,0.0,0.0,0.0,0.0,0.87987703,0.12012301,0.0,0.0,0.0
6,4,0.0,0.0,0.0,0.0,0.87987703,0.12012301,0.0,0.0,0.0
6,4,0.0,0.0,0.0,0.0,0.87987703,0.12012301,0.0,0.0,0.0
6,4,0.0,0.0,0.0,0.0,0.87987703,0.12012301,0.0,0.0,0.0
6,4,0.0,0.0,0.0,0.0,0.87987703,0.12012301,0.0,0.0,0.0
6,4,0.0,0.0,0.0,0.0,0.87987703,0.12012301,0.0,0.0,0.0
6,4,0.0,0.0,0.0,0.0,0.87094957,0.12905042,0.0,0.0,0.0
6,4,0.0,0.0,0.0,0.0,0.87094957,0.12905042,0.0,0.0,0.0
6,4,0.0,0.0,0.0,0.0,0.87094957,0.12905042,0.0,0.0,0.0
6,4,0.0,0.0,0.0,0.0,0.87094957,0.12905042,0.0,0.0,0.0
6,4,0.0,0.0,0.0,0.0,0.87094957,0.12905042,0.0,0.0,0.0
6,4,0.0,0.0,0.0,0.0,0.87094957,0.12905042,0.0,0.0,0.0
6,4,0.0,0.0,0.0,0.0,0.87094957,0.12905042,0.0,0.0,0.0
6,4,0.0,0.0,0.0,0.0,0.87094957,0.12905042,0.0,0.0,0.0
6,4,0.0,0.0,0.0,0.0,0.87094957,0.12905042,0.0,0.0,0.0
6,4,0.0,0.0,0.0,0.0,0.87094957,0.12905042,0.0,0.0,0.0
6,4,0.0,0.0,0.0,0.0,0.87094957,0.12905042,0.0,0.0,0.0
6,4,0.0,0.0,0.0,0.0,0.87094957,0.12905042,0.0,0.0,0.0
6,4,0.0,0.0,0.0,0.0,0.87094957,0.12905042,0.0,0.0,0.0
6,4,0.0,0.0,0.0,0.0,0.87094957,0.12905042,0.0,0.0,0.0
6,4,0.0,0.0,0.0,0.0,0.87094957,0.12905042,0.0,0.0,0.0
6,4,0.0,0.0,0.0,0.0,0.87094957,0.12905042,0.0,0.0,0.0
6,4,0.0,0.0,0.0,0.0,0.87094957,0.12905042,0.0,0.0,0.0
6,4,0.0,0.0,0.0,0.0,0.87094957,0.12905042,0.0,0.0,0.0
6,4,0.0,0.0,0.0,0.0,0.87094957,0.12905042,0.0,0.0,0.0
6,4,0.0,0.0,0.0,0.0,0.87094957,0.12905042,0.0,0.0,0.0
6,4,0.0,0.0,0.0,0.0,0.87094957,0.12905042,0.0,0.0,0.0
6,4,0.0,0.0,0.0,0.0,0.87094957,0.12905042,0.0,0.0,0.0
6,4,0.0,0.0,0.0,0.0,0.87094957,0.12905042,0.0,0.0,0.0
6,4,0.0,0.0,0.0,0.0,0.87094957,0.12905042,0.0,0.0,0.0
6,4,0.0,0.0,0.0,0.0,0.87094957,0.12905042,0.0,0.0,0.0
6,4,0.0,0.0,0.0,0.0,0.87094957,0.12905042,0.0,0.0,0.0
6,4,0.0,0.0,0.0,0.0,0.87094957,0.12905042,0.0,0.0,0.0
6,4,0.0,0.0,0.0,0.0,0.87094957,0.12905042,0.0,0.0,0.0
6,4,0.0,0.0,0.0,0.0,0.87094957,0.12905042,0.0,0.0,0.0
6,4,0.0,0.0,0.0,0.0,0.87094957,0.12905042,0.0,0.0,0.0
6,4,0.0,0.0,0.0,0.0,0.87094957,0.12905042,0.0,0.0,0.0
6,4,0.0,0.0,0.0,0.0,0.87094957,0.12905042,0.0,0.0,0.0
6,4,0.0,0.0,0.0,0.0,0.87094957,0.12905042,0.0,0.0,0.0
6,4,0.0,0.0,0.0,0.0,0.87094957,0.12905042,0.0,0.0,0.0
6,4,0.0,0.0,0.0,0.0,0.87094957,0.12905042,0.0,0.0,0.0
6,4,0.0,0.0,0.0,0.0,0.87094957,0.12905042,0.0,0.0,0.0
6,4,0.0,0.0,0.0,0.0,0.87094957,0.12905042,0.0,0.0,0.0
6,4,0.0,0.0,0.0,0.0,0.87094957,0.12905042,0.0,0.0,0.0
6,4,0.0,0.0,0.0,0.0,0.87987703,0.12012301,0.0,0.0,0.0
6,4,0.0,0.0,0.0,0.0,0.87987703,0.12012301,0.0,0.0,0.0
6,4,0.0,0.0,0.0,0.0,0.87987703,0.12012301,0.0,0.0,0.0
6,4,0.0,0.0,0.0,0.0,0.87987703,0.12012301,0.0,0.0,0.0
6,4,0.0,0.0,0.0,0.0,0.87987703,0.12012301,0.0,0.0,0.0
6,4,0.0,0.0,0.0,0.0,0.87987703,0.12012301,0.0,0.0,0.0
6,4,0.0,0.0,0.0,0.0,0.87987703,0.12012301,0.0,0.0,0.0
6,4,0.0,0.0,0.0,0.0,0.87987703,0.12012301,0.0,0.0,0.0
6,4,0.0,0.0,0.0,0.0,0.87987703,0.12012301,0.0,0.0,0.0
6,4,0.0,0.0,0.0,0.0,0.87987703,0.12012301,0.0,0.0,0.0
6,4,0.0,0.0,0.0,0.0,0.87987703,0.12012301,0.0,0.0,0.0
6,4,0.0,0.0,0.0,0.0,0.87987703,0.12012301,0.0,0.0,0.0
6,4,0.0,0.0,0.0,0.0,0.87987703,0.12012301,0.0,0.0,0.0
6,4,0.0,0.0,0.0,0.0,0.87987703,0.12012301,0.0,0.0,0.0
6,4,0.0,0.0,0.0,0.0,0.87987703,0.12012301,0.0,0.0,0.0
6,4,0.0,0.0,0.0,0.0,0.87987703,0.12012301,0.0,0.0,0.0
6,4,0.0,0.0,0.0,0.0,0.87987703,0.12012301,0.0,0.0,0.0
6,4,0.0,0.0,0.0,0.0,0.87987703,0.12012301,0.0,0.0,0.0
6,4,0.0,0.0,0.0,0.0,0.87987703,0.12012301,0.0,0.0,0.0
6,4,0.0,0.0,0.0,0.0,0.87987703,0.12012301,0.0,0.0,0.0
6,4,0.0,0.0,0.0,0.0,0.87987703,0.12012301,0.0,0.0,0.0
6,4,0.0,0.0,0.0,0.0,0.87987703,0.12012301,0.0,0.0,0.0
6,4,0.0,0.0,0.0,0.0,0.87987703,0.12012301,0.0,0.0,0.0
6,4,0.0,0.0,0.0,0.0,0.87987703,0.12012301,0.0,0.0,0.0
6,4,0.0,0.0,0.0,0.0,0.87987703,0.12012301,0.0,0.0,0.0
6,4,0.0,0.0,0.0,0.0,0.87987703,0.12012301,0.0,0.0,0.0
6,4,0.0,0.0,0.0,0.0,0.87987703,0.12012301,0.0,0.0,0.0
6,4,0.0,0.0,0.0,0.0,0.87987703,0.12012301,0.0,0.0,0.0
6,4,0.0,0.0,0.0,0.0,0.87987703,0.12012301,0.0,0.0,0.0
6,4,0.0,0.0,0.0,0.0,0.87987703,0.12012301,0.0,0.0,0.0
6,4,0.0,0.0,0.0,0.0,0.87987703,0.12012301,0.0,0.0,0.0
6,4,0.0,0.0,0.0,0.0,0.87987703,0.12012301,0.0,0.0,0.0
6,4,0.0,0.0,0.0,0.0,0.87987703,0.12012301,0.0,0.0,0.0
6,4,0.0,0.0,0.0,0.0,0.87987703,0.12012301,0.0,0.0,0.0
6,4,0.0,0.0,0.0,0.0,0.87987703,0.12012301,0.0,0.0,0.0
6,4,0.0,0.0,0.0,0.0,0.87987703,0.12012301,0.0,0.0,0.0
6,4,0.0,0.0,0.0,0.0,0.87987703,0.12012301,0.0,0.0,0.0
6,4,0.0,0.0,0.0,0.0,0.87987703,0.12012301,0.0,0.0,0.0
6,4,0.0,0.0,0.0,0.0,0.87987703,0.12012301,0.0,0.0,0.0
6,4,0.0,0.0,0.0,0.0,0.87987703,0.12012301,0.0,0.0,0.0
6,4,0.0,0.0,0.0,0.0,0.87987703,0.12012301,0.0,0.0,0.0
6,4,0.0,0.0,0.0,0.0,0.87987703,0.12012301,0.0,0.0,0.0
6,4,0.0,0.0,0.0,0.0,0.94224256,0.057757452,0.0,0.0,0.0
6,4,0.0,0.0,0.0,0.0,0.94224256,0.057757452,0.0,0.0,0.0
6,4,0.0,0.0,0.0,0.0,0.94224256,0.057757452,0.0,0.0,0.0
6,4,0.0,0.0,0.0,0.0,0.94224256,0.057757452,0.0,0.0,0.0
6,4,0.0,0.0,0.0,0.0,0.94224256,0.057757452,0.0,0.0,0.0
6,4,0.0,0.0,0.0,0.0,0.94224256,0.057757452,0.0,0.0,0.0
6,4,0.0,0.0,0.0,0.0,0.94224256,0.057757452,0.0,0.0,0.0
6,4,0.0,0.0,0.0,0.0,0.94224256,0.057757452,0.0,0.0,0.0
6,4,0.0,0.0,0.0,0.0,0.94224256,0.057757452,0.0,0.0,0.0
6,4,0.0,0.0,0.0,0.0,0.94224256,0.057757452,0.0,0.0,0.0
6,4,0.0,0.0,0.0,0.0,0.94224256,0.057757452,0.0,0.0,0.0
6,4,0.0,0.0,0.0,0.0,0.94224256,0.057757452,0.0,0.0,0.0
6,4,0.0,0.0,0.0,0.0,1.0,0.0,0.0,0.0,0.0
6,4,0.0,0.0,0.0,0.0,1.0,0.0,0.0,0.0,0.0
6,4,0.0,0.0,0.0,0.0,1.0,0.0,0.0,0.0,0.0
6,4,0.0,0.0,0.0,0.0,1.0,0.0,0.0,0.0,0.0
6,4,0.0,0.0,0.0,0.0,1.0,0.0,0.0,0.0,0.0
6,4,0.0,0.0,0.0,0.0,1.0,0.0,0.0,0.0,0.0
6,4,0.0,0.0,0.0,0.0,1.0,0.0,0.0,0.0,0.0
6,4,0.0,0.0,0.0,0.0,1.0,0.0,0.0,0.0,0.0
6,4,0.0,0.0,0.0,0.0,1.0,0.0,0.0,0.0,0.0
6,4,0.0,0.0,0.0,0.0,1.0,0.0,0.0,0.0,0.0
6,4,0.0,0.0,0.0,0.0,1.0,0.0,0.0,0.0,0.0
6,4,0.0,0.0,0.0,0.0,1.0,0.0,0.0,0.0,0.0
6,4,0.0,0.0,0.0,0.0,1.0,0.0,0.0,0.0,0.0
6,4,0.0,0.0,0.0,0.0,1.0,0.0,0.0,0.0,0.0
6,4,0.0,0.0,0.0,0.0,1.0,0.0,0.0,0.0,0.0
6,4,0.0,0.0,0.0,0.0,1.0,0.0,0.0,0.0,0.0
6,4,0.0,0.0,0.0,0.0,1.0,0.0,0.0,0.0,0.0
6,4,0.0,0.0,0.0,0.0,1.0,0.0,0.0,0.0,0.0
6,4,0.0,0.0,0.0,0.0,1.0,0.0,0.0,0.0,0.0
6,4,0.0,0.0,0.0,0.0,1.0,0.0,0.0,0.0,0.0
6,4,0.0,0.0,0.0,0.0,1.0,0.0,0.0,0.0,0.0
6,4,0.0,0.0,0.0,0.0,1.0,0.0,0.0,0.0,0.0
6,4,0.0,0.0,0.0,0.0,1.0,0.0,0.0,0.0,0.0
6,4,0.0,0.0,0.0,0.0,1.0,0.0,0.0,0.0,0.0
6,4,0.0,0.0,0.0,0.0,1.0,0.0,0.0,0.0,0.0
6,4,0.0,0.0,0.0,0.0,1.0,0.0,0.0,0.0,0.0
6,4,0.0,0.0,0.0,0.0,1.0,0.0,0.0,0.0,0.0
6,4,0.0,0.0,0.0,0.0,1.0,0.0,0.0,0.0,0.0
6,4,0.0,0.0,0.0,0.0,1.0,0.0,0.0,0.0,0.0
6,4,0.0,0.0,0.0,0.0,1.0,0.0,0.0,0.0,0.0
6,4,0.0,0.0,0.0,0.0,1.0,0.0,0.0,0.0,0.0
6,4,0.0,0.0,0.0,0.0,1.0,0.0,0.0,0.0,0.0
6,4,0.0,0.0,0.0,0.0,1.0,0.0,0.0,0.0,0.0
6,4,0.0,0.0,0.0,0.0,1.0,0.0,0.0,0.0,0.0
6,4,0.0,0.0,0.0,0.0,1.0,0.0,0.0,0.0,0.0
6,4,0.0,0.0,0.0,0.0,1.0,0.0,0.0,0.0,0.0
6,4,0.0,0.0,0.0,0.0,1.0,0.0,0.0,0.0,0.0
6,4,0.0,0.0,0.0,0.0,1.0,0.0,0.0,0.0,0.0
6,4,0.0,0.0,0.0,0.0,1.0,0.0,0.0,0.0,0.0
6,4,0.0,0.0,0.0,0.0,1.0,0.0,0.0,0.0,0.0
6,4,0.0,0.0,0.0,0.0,1.0,0.0,0.0,0.0,0.0
6,4,0.0,0.0,0.0,0.0,1.0,0.0,0.0,0.0,0.0
6,4,0.0,0.0,0.0,0.07109144,0.9289085,0.0,0.0,0.0,0.0
6,4,0.0,0.0,0.0,0.07109144,0.9289085,0.0,0.0,0.0,0.0
6,4,0.0,0.0,0.0,0.07109144,0.9289085,0.0,0.0,0.0,0.0
6,4,0.0,0.0,0.0,0.07109144,0.9289085,0.0,0.0,0.0,0.0
6,4,0.0,0.0,0.0,0.07109144,0.9289085,0.0,0.0,0.0,0.0
6,4,0.0,0.0,0.0,0.07109144,0.9289085,0.0,0.0,0.0,0.0
6,4,0.0,0.0,0.0,0.07109144,0.9289085,0.0,0.0,0.0,0.0
6,4,0.0,0.0,0.0,0.07109144,0.9289085,0.0,0.0,0.0,0.0
6,4,0.0,0.0,0.0,0.07109144,0.9289085,0.0,0.0,0.0,0.0
6,4,0.0,0.0,0.0,0.07109144,0.9289085,0.0,0.0,0.0,0.0
6,4,0.0,0.0,0.0,0.07109144,0.9289085,0.0,0.0,0.0,0.0
6,4,0.0,0.0,0.0,0.07109144,0.9289085,0.0,0.0,0.0,0.0
6,4,0.0,0.0,0.0,0.07109144,0.9289085,0.0,0.0,0.0,0.0
6,4,0.0,0.0,0.0,0.07109144,0.9289085,0.0,0.0,0.0,0.0
6,4,0.0,0.0,0.0,0.07109144,0.9289085,0.0,0.0,0.0,0.0
6,4,0.0,0.0,0.0,0.07109144,0.9289085,0.0,0.0,0.0,0.0
6,4,0.0,0.0,0.0,0.07109144,0.9289085,0.0,0.0,0.0,0.0
6,4,0.0,0.0,0.0,0.07109144,0.9289085,0.0,0.0,0.0,0.0
6,4,0.0,0.0,0.0,0.07109144,0.9289085,0.0,0.0,0.0,0.0
6,4,0.0,0.0,0.0,0.07109144,0.9289085,0.0,0.0,0.0,0.0
6,4,0.0,0.0,0.0,0.07109144,0.9289085,0.0,0.0,0.0,0.0
6,4,0.0,0.0,0.0,0.07109144,0.9289085,0.0,0.0,0.0,0.0
6,4,0.0,0.0,0.0,0.07109144,0.9289085,0.0,0.0,0.0,0.0
6,4,0.0,0.0,0.0,0.07109144,0.9289085,0.0,0.0,0.0,0.0
6,4,0.0,0.0,0.0,0.07109144,0.9289085,0.0,0.0,0.0,0.0
6,4,0.0,0.0,0.0,0.07109144,0.9289085,0.0,0.0,0.0,0.0
6,4,0.0,0.0,0.0,0.07109144,0.9289085,0.0,0.0,0.0,0.0
6,4,0.0,0.0,0.0,0.07109144,0.9289085,0.0,0.0,0.0,0.0
6,4,0.0,0.0,0.0,0.07109144,0.9289085,0.0,0.0,0.0,0.0
6,4,0.0,0.0,0.0,0.07109144,0.9289085,0.0,0.0,0.0,0.0
6,4,0.0,0.0,0.0,0.07109144,0.9289085,0.0,0.0,0.0,0.0
6,4,0.0,0.0,0.0,0.07109144,0.9289085,0.0,0.0,0.0,0.0
6,4,0.0,0.0,0.0,0.07109144,0.9289085,0.0,0.0,0.0,0.0
6,4,0.0,0.0,0.0,0.07109144,0.9289085,0.0,0.0,0.0,0.0
6,4,0.0,0.0,0.0,0.07109144,0.9289085,0.0,0.0,0.0,0.0
6,4,0.0,0.0,0.0,0.07109144,0.9289085,0.0,0.0,0.0,0.0
6,4,0.0,0.0,0.0,0.07109144,0.9289085,0.0,0.0,0.0,0.0
6,4,0.0,0.0,0.0,0.07109144,0.9289085,0.0,0.0,0.0,0.0
6,4,0.0,0.0,0.0,0.07109144,0.9289085,0.0,0.0,0.0,0.0
6,4,0.0,0.0,0.0,0.07109144,0.9289085,0.0,0.0,0.0,0.0
6,4,0.0,0.0,0.0,0.07109144,0.9289085,0.0,0.0,0.0,0.0
6,4,0.0,0.0,0.0,0.07109144,0.9289085,0.0,0.0,0.0,0.0
6,4,0.0,0.0,0.0,0.07109144,0.9289085,0.0,0.0,0.0,0.0
6,4,0.0,0.0,0.0,0.07109144,0.9289085,0.0,0.0,0.0,0.0
6,4,0.0,0.0,0.0,0.07109144,0.9289085,0.0,0.0,0.0,0.0
6,4,0.0,0.0,0.0,0.07109144,0.9289085,0.0,0.0,0.0,0.0
6,4,0.0,0.0,0.0,0.07109144,0.9289085,0.0,0.0,0.0,0.0
6,4,0.0,0.0,0.0,0.07109144,0.9289085,0.0,0.0,0.0,0.0
6,4,0.0,0.0,0.0,0.07109144,0.9289085,0.0,0.0,0.0,0.0
6,4,0.0,0.0,0.0,0.07109144,0.9289085,0.0,0.0,0.0,0.0
6,4,0.0,0.0,0.0,0.07109144,0.9289085,0.0,0.0,0.0,0.0
6,4,0.0,0.0,0.0,0.07109144,0.9289085,0.0,0.0,0.0,0.0
6,4,0.0,0.0,0.0,0.07109144,0.9289085,0.0,0.0,0.0,0.0
6,4,0.0,0.0,0.0,0.07109144,0.9289085,0.0,0.0,0.0,0.0
6,4,0.0,0.0,0.0,0.07109144,0.9289085,0.0,0.0,0.0,0.0
6,4,0.0,0.0,0.0,0.07109144,0.9289085,0.0,0.0,0.0,0.0
6,4,0.0,0.0,0.0,0.07109144,0.9289085,0.0,0.0,0.0,0.0
6,4,0.0,0.0,0.0,0.07109144,0.9289085,0.0,0.0,0.0,0.0
6,4,0.0,0.0,0.0,0.07109144,0.9289085,0.0,0.0,0.0,0.0
6,4,0.0,0.0,0.0,0.07109144,0.9289085,0.0,0.0,0.0,0.0
6,4,0.0,0.0,0.0,0.07109144,0.9289085,0.0,0.0,0.0,0.0
6,4,0.0,0.0,0.0,0.07109144,0.9289085,0.0,0.0,0.0,0.0
6,4,0.0,0.0,0.0,0.07109144,0.9289085,0.0,0.0,0.0,0.0
6,4,0.0,0.0,0.0,0.07109144,0.9289085,0.0,0.0,0.0,0.0
6,4,0.0,0.0,0.0,0.07109144,0.9289085,0.0,0.0,0.0,0.0
6,4,0.0,0.0,0.0,0.07109144,0.9289085,0.0,0.0,0.0,0.0
6,4,0.0,0.0,0.0,0.07109144,0.9289085,0.0,0.0,0.0,0.0
6,4,0.0,0.0,0.0,0.07109144,0.9289085,0.0,0.0,0.0,0.0
6,4,0.0,0.0,0.0,0.07109144,0.9289085,0.0,0.0,0.0,0.0
6,4,0.0,0.0,0.0,0.07109144,0.9289085,0.0,0.0,0.0,0.0
6,4,0.0,0.0,0.0,0.07109144,0.9289085,0.0,0.0,0.0,0.0
6,4,0.0,0.0,0.0,0.07109144,0.9289085,0.0,0.0,0.0,0.0
6,4,0.0,0.0,0.0,0.07109144,0.9289085,0.0,0.0,0.0,0.0
6,4,0.0,0.0,0.0,0.07109144,0.9289085,0.0,0.0,0.0,0.0
6,4,0.0,0.0,0.0,0.07109144,0.9289085,0.0,0.0,0.0,0.0
6,4,0.0,0.0,0.0,0.07109144,0.9289085,0.0,0.0,0.0,0.0
6,4,0.0,0.0,0.0,0.07109144,0.9289085,0.0,0.0,0.0,0.0
6,4,0.0,0.0,0.0,0.07109144,0.9289085,0.0,0.0,0.0,0.0
6,4,0.0,0.0,0.0,0.07109144,0.9289085,0.0,0.0,0.0,0.0
6,4,0.0,0.0,0.0,0.07109144,0.9289085,0.0,0.0,0.0,0.0
6,4,0.0,0.0,0.0,0.07109144,0.9289085,0.0,0.0,0.0,0.0
6,4,0.0,0.0,0.0,0.07109144,0.9289085,0.0,0.0,0.0,0.0
6,4,0.0,0.0,0.0,0.07109144,0.9289085,0.0,0.0,0.0,0.0
6,4,0.0,0.0,0.0,0.07109144,0.9289085,0.0,0.0,0.0,0.0
6,4,0.0,0.0,0.0,0.07109144,0.9289085,0.0,0.0,0.0,0.0
6,4,0.0,0.0,0.0,0.07109144,0.9289085,0.0,0.0,0.0,0.0
6,4,0.0,0.0,0.0,0.07109144,0.9289085,0.0,0.0,0.0,0.0
6,4,0.0,0.0,0.0,0.07109144,0.9289085,0.0,0.0,0.0,0.0
6,4,0.0,0.0,0.0,0.07109144,0.9289085,0.0,0.0,0.0,0.0
6,4,0.0,0.0,0.0,0.07109144,0.9289085,0.0,0.0,0.0,0.0
6,4,0.0,0.0,0.0,0.07109144,0.9289085,0.0,0.0,0.0,0.0
6,4,0.0,0.0,0.0,0.07109144,0.9289085,0.0,0.0,0.0,0.0
6,4,0.0,0.0,0.0,0.07109144,0.9289085,0.0,0.0,0.0,0.0
6,4,0.0,0.0,0.0,0.07109144,0.9289085,0.0,0.0,0.0,0.0
6,4,0.0,0.0,0.0,0.07109144,0.9289085,0.0,0.0,0.0,0.0
6,4,0.0,0.0,0.0,0.07109144,0.9289085,0.0,0.0,0.0,0.0
6,4,0.0,0.0,0.0,0.07109144,0.9289085,0.0,0.0,0.0,0.0
6,4,0.0,0.0,0.0,0.07109144,0.9289085,0.0,0.0,0.0,0.0
6,4,0.0,0.0,0.0,0.07109144,0.9289085,0.0,0.0,0.0,0.0
6,4,0.0,0.0,0.0,0.07109144,0.9289085,0.0,0.0,0.0,0.0
6,4,0.0,0.0,0.0,0.07109144,0.9289085,0.0,0.0,0.0,0.0
6,4,0.0,0.0,0.0,0.07109144,0.9289085,0.0,0.0,0.0,0.0
6,4,0.0,0.0,0.0,0.07109144,0.9289085,0.0,0.0,0.0,0.0
6,4,0.0,0.0,0.0,0.07109144,0.9289085,0.0,0.0,0.0,0.0
6,4,0.0,0.0,0.0,0.07109144,0.9289085,0.0,0.0,0.0,0.0
6,4,0.0,0.0,0.0,0.07109144,0.9289085,0.0,0.0,0.0,0.0
6,4,0.0,0.0,0.0,0.07109144,0.9289085,0.0,0.0,0.0,0.0
6,4,0.0,0.0,0.0,0.07109144,0.9289085,0.0,0.0,0.0,0.0
6,4,0.0,0.0,0.0,0.07109144,0.9289085,0.0,0.0,0.0,0.0
6,4,0.0,0.0,0.0,0.07109144,0.9289085,0.0,0.0,0.0,0.0
6,4,0.0,0.0,0.0,0.07109144,0.9289085,0.0,0.0,0.0,0.0
6,4,0.0,0.0,0.0,0.07109144,0.9289085,0.0,0.0,0.0,0.0
6,4,0.0,0.0,0.0,0.07109144,0.9289085,0.0,0.0,0.0,0.0
6,4,0.0,0.0,0.0,0.07109144,0.9289085,0.0,0.0,0.0,0.0
6,4,0.0,0.0,0.0,0.07109144,0.9289085,0.0,0.0,0.0,0.0
6,4,0.0,0.0,0.0,0.07109144,0.9289085,0.0,0.0,0.0,0.0
6,4,0.0,0.0,0.0,0.07109144,0.9289085,0.0,0.0,0.0,0.0
6,4,0.0,0.0,0.0,0.07109144,0.9289085,0.0,0.0,0.0,0.0
6,4,0.0,0.0,0.0,0.07109144,0.9289085,0.0,0.0,0.0,0.0
6,4,0.0,0.0,0.0,0.07109144,0.9289085,0.0,0.0,0.0,0.0
6,4,0.0,0.0,0.0,0.07109144,0.9289085,0.0,0.0,0.0,0.0
6,4,0.0,0.0,0.0,0.07109144,0.9289085,0.0,0.0,0.0,0.0
6,4,0.0,0.0,0.0,0.07109144,0.9289085,0.0,0.0,0.0,0.0
6,4,0.0,0.0,0.0,0.07109144,0.9289085,0.0,0.0,0.0,0.0
6,4,0.0,0.0,0.0,0.07109144,0.9289085,0.0,0.0,0.0,0.0
6,4,0.0,0.0,0.0,0.07109144,0.9289085,0.0,0.0,0.0,0.0
6,4,0.0,0.0,0.0,0.07109144,0.9289085,0.0,0.0,0.0,0.0
6,4,0.0,0.0,0.0,0.07109144,0.9289085,0.0,0.0,0.0,0.0
6,4,0.0,0.0,0.0,0.07109144,0.9289085,0.0,0.0,0.0,0.0
6,4,0.0,0.0,0.0,0.07109144,0.9289085,0.0,0.0,0.0,0.0
6,4,0.0,0.0,0.0,0.07109144,0.9289085,0.0,0.0,0.0,0.0
6,4,0.0,0.0,0.0,0.07109144,0.9289085,0.0,0.0,0.0,0.0
6,4,0.0,0.0,0.0,0.07109144,0.9289085,0.0,0.0,0.0,0.0
6,4,0.0,0.0,0.0,0.07109144,0.9289085,0.0,0.0,0.0,0.0
6,4,0.0,0.0,0.0,0.07109144,0.9289085,0.0,0.0,0.0,0.0
6,4,0.0,0.0,0.0,0.07109144,0.9289085,0.0,0.0,0.0,0.0
6,4,0.0,0.0,0.0,0.07109144,0.9289085,0.0,0.0,0.0,0.0
6,4,0.0,0.0,0.0,0.07109144,0.9289085,0.0,0.0,0.0,0.0
6,4,0.0,0.0,0.0,0.07109144,0.9289085,0.0,0.0,0.0,0.0
6,4,0.0,0.0,0.0,0.07109144,0.9289085,0.0,0.0,0.0,0.0
6,4,0.0,0.0,0.0,0.07109144,0.9289085,0.0,0.0,0.0,0.0
6,4,0.0,0.0,0.0,0.07109144,0.9289085,0.0,0.0,0.0,0.0
6,4,0.0,0.0,0.0,0.07109144,0.9289085,0.0,0.0,0.0,0.0
6,4,0.0,0.0,0.0,0.07109144,0.9289085,0.0,0.0,0.0,0.0
6,4,0.0,0.0,0.0,0.07109144,0.9289085,0.0,0.0,0.0,0.0
6,4,0.0,0.0,0.0,0.07109144,0.9289085,0.0,0.0,0.0,0.0
6,4,0.0,0.0,0.0,0.07109144,0.9289085,0.0,0.0,0.0,0.0
6,4,0.0,0.0,0.0,0.07109144,0.9289085,0.0,0.0,0.0,0.0
6,4,0.0,0.0,0.0,0.07109144,0.9289085,0.0,0.0,0.0,0.0
6,4,0.0,0.0,0.0,0.07109144,0.9289085,0.0,0.0,0.0,0.0
6,4,0.0,0.0,0.0,0.07109144,0.9289085,0.0,0.0,0.0,0.0
6,4,0.0,0.0,0.0,0.07109144,0.9289085,0.0,0.0,0.0,0.0
6,4,0.0,0.0,0.0,0.07109144,0.9289085,0.0,0.0,0.0,0.0
6,4,0.0,0.0,0.0,0.07109144,0.9289085,0.0,0.0,0.0,0.0
6,4,0.0,0.0,0.0,0.07109144,0.9289085,0.0,0.0,0.0,0.0
6,4,0.0,0.0,0.0,0.07109144,0.9289085,0.0,0.0,0.0,0.0
6,4,0.0,0.0,0.0,0.07109144,0.9289085,0.0,0.0,0.0,0.0
6,4,0.0,0.0,0.0,0.07109144,0.9289085,0.0,0.0,0.0,0.0
6,4,0.0,0.0,0.0,0.07109144,0.9289085,0.0,0.0,0.0,0.0
6,4,0.0,0.0,0.0,0.07109144,0.9289085,0.0,0.0,0.0,0.0
6,4,0.0,0.0,0.0,0.07109144,0.9289085,0.0,0.0,0.0,0.0
6,4,0.0,0.0,0.0,0.07109144,0.9289085,0.0,0.0,0.0,0.0
6,4,0.0,0.0,0.0,0.07109144,0.9289085,0.0,0.0,0.0,0.0
6,4,0.0,0.0,0.0,0.07109144,0.9289085,0.0,0.0,0.0,0.0
6,4,0.0,0.0,0.0,0.07109144,0.9289085,0.0,0.0,0.0,0.0
6,4,0.0,0.0,0.0,0.07109144,0.9289085,0.0,0.0,0.0,0.0
6,4,0.0,0.0,0.0,0.07109144,0.9289085,0.0,0.0,0.0,0.0
6,4,0.0,0.0,0.0,0.07109144,0.9289085,0.0,0.0,0.0,0.0
6,4,0.0,0.0,0.0,0.07109144,0.9289085,0.0,0.0,0.0,0.0
6,4,0.0,0.0,0.0,0.07109144,0.9289085,0.0,0.0,0.0,0.0
6,4,0.0,0.0,0.0,0.07109144,0.9289085,0.0,0.0,0.0,0.0
6,4,0.0,0.0,0.0,0.07109144,0.9289085,0.0,0.0,0.0,0.0
6,4,0.0,0.0,0.0,0.07109144,0.9289085,0.0,0.0,0.0,0.0
6,4,0.0,0.0,0.0,0.07109144,0.9289085,0.0,0.0,0.0,0.0
6,4,0.0,0.0,0.0,0.07109144,0.9289085,0.0,0.0,0.0,0.0
6,4,0.0,0.0,0.0,0.07109144,0.9289085,0.0,0.0,0.0,0.0
6,4,0.0,0.0,0.0,0.07109144,0.9289085,0.0,0.0,0.0,0.0
6,4,0.0,0.0,0.0,0.07109144,0.9289085,0.0,0.0,0.0,0.0
6,4,0.0,0.0,0.0,0.07109144,0.9289085,0.0,0.0,0.0,0.0
6,4,0.0,0.0,0.0,0.07109144,0.9289085,0.0,0.0,0.0,0.0
6,4,0.0,0.0,0.0,0.07109144,0.9289085,0.0,0.0,0.0,0.0
6,4,0.0,0.0,0.0,0.07109144,0.9289085,0.0,0.0,0.0,0.0
6,4,0.0,0.0,0.0,0.07109144,0.9289085,0.0,0.0,0.0,0.0
6,4,0.0,0.0,0.0,0.07109144,0.9289085,0.0,0.0,0.0,0.0
6,4,0.0,0.0,0.0,0.07109144,0.9289085,0.0,0.0,0.0,0.0
6,4,0.0,0.0,0.0,0.07109144,0.9289085,0.0,0.0,0.0,0.0
6,4,0.0,0.0,0.0,0.07109144,0.9289085,0.0,0.0,0.0,0.0
6,4,0.0,0.0,0.0,0.07109144,0.9289085,0.0,0.0,0.0,0.0
6,4,0.0,0.0,0.0,0.07109144,0.9289085,0.0,0.0,0.0,0.0
6,4,0.0,0.0,0.0,0.07109144,0.9289085,0.0,0.0,0.0,0.0
6,4,0.0,0.0,0.0,0.07109144,0.9289085,0.0,0.0,0.0,0.0
6,4,0.0,0.0,0.0,0.07109144,0.9289085,0.0,0.0,0.0,0.0
6,4,0.0,0.0,0.0,0.07109144,0.9289085,0.0,0.0,0.0,0.0
6,4,0.0,0.0,0.0,0.07109144,0.9289085,0.0,0.0,0.0,0.0
6,4,0.0,0.0,0.0,0.07109144,0.9289085,0.0,0.0,0.0,0.0
6,4,0.0,0.0,0.0,0.07109144,0.9289085,0.0,0.0,0.0,0.0
6,4,0.0,0.0,0.0,0.07109144,0.9289085,0.0,0.0,0.0,0.0
6,4,0.0,0.0,0.0,0.07109144,0.9289085,0.0,0.0,0.0,0.0
6,4,0.0,0.0,0.0,0.07109144,0.9289085,0.0,0.0,0.0,0.0
6,4,0.0,0.0,0.0,0.07109144,0.9289085,0.0,0.0,0.0,0.0
6,4,0.0,0.0,0.0,0.07109144,0.9289085,0.0,0.0,0.0,0.0
6,4,0.0,0.0,0.0,0.07109144,0.9289085,0.0,0.0,0.0,0.0
6,4,0.0,0.0,0.0,0.0,1.0,0.0,0.0,0.0,0.0
6,4,0.0,0.0,0.0,0.0,1.0,0.0,0.0,0.0,0.0
6,4,0.0,0.0,0.0,0.0,1.0,0.0,0.0,0.0,0.0
6,4,0.0,0.0,0.0,0.0,1.0,0.0,0.0,0.0,0.0
6,4,0.0,0.0,0.0,0.0,1.0,0.0,0.0,0.0,0.0
6,4,0.0,0.0,0.0,0.0,1.0,0.0,0.0,0.0,0.0
6,4,0.0,0.0,0.0,0.0,1.0,0.0,0.0,0.0,0.0
6,4,0.0,0.0,0.0,0.0,1.0,0.0,0.0,0.0,0.0
6,4,0.0,0.0,0.0,0.0,1.0,0.0,0.0,0.0,0.0
6,4,0.0,0.0,0.0,0.0,1.0,0.0,0.0,0.0,0.0
6,4,0.0,0.0,0.0,0.0,1.0,0.0,0.0,0.0,0.0
6,4,0.0,0.0,0.0,0.0,1.0,0.0,0.0,0.0,0.0
6,4,0.0,0.0,0.0,0.0,1.0,0.0,0.0,0.0,0.0
6,4,0.0,0.0,0.0,0.0,1.0,0.0,0.0,0.0,0.0
6,4,0.0,0.0,0.0,0.0,1.0,0.0,0.0,0.0,0.0
6,4,0.0,0.0,0.0,0.0,1.0,0.0,0.0,0.0,0.0
6,4,0.0,0.0,0.0,0.0,1.0,0.0,0.0,0.0,0.0
6,4,0.0,0.0,0.0,0.0,1.0,0.0,0.0,0.0,0.0
6,4,0.0,0.0,0.0,0.0,1.0,0.0,0.0,0.0,0.0
6,4,0.0,0.0,0.0,0.0,1.0,0.0,0.0,0.0,0.0
6,4,0.0,0.0,0.0,0.0,1.0,0.0,0.0,0.0,0.0
6,4,0.0,0.0,0.0,0.0,1.0,0.0,0.0,0.0,0.0
6,4,0.0,0.0,0.0,0.0,1.0,0.0,0.0,0.0,0.0
6,4,0.0,0.0,0.0,0.0,1.0,0.0,0.0,0.0,0.0
6,4,0.0,0.0,0.0,0.0,1.0,0.0,0.0,0.0,0.0
6,4,0.0,0.0,0.0,0.0,1.0,0.0,0.0,0.0,0.0
6,4,0.0,0.0,0.0,0.0,1.0,0.0,0.0,0.0,0.0
6,4,0.0,0.0,0.0,0.0,1.0,0.0,0.0,0.0,0.0
6,4,0.0,0.0,0.0,0.0,1.0,0.0,0.0,0.0,0.0
6,4,0.0,0.0,0.0,0.0,1.0,0.0,0.0,0.0,0.0
6,4,0.0,0.0,0.0,0.0,1.0,0.0,0.0,0.0,0.0
6,4,0.0,0.0,0.0,0.0,1.0,0.0,0.0,0.0,0.0
6,4,0.0,0.0,0.0,0.0,1.0,0.0,0.0,0.0,0.0
6,4,0.0,0.0,0.0,0.0,1.0,0.0,0.0,0.0,0.0
6,4,0.0,0.0,0.0,0.0,1.0,0.0,0.0,0.0,0.0
6,4,0.0,0.0,0.0,0.0,1.0,0.0,0.0,0.0,0.0
6,4,0.0,0.0,0.0,0.0,1.0,0.0,0.0,0.0,0.0
6,4,0.0,0.0,0.0,0.0,1.0,0.0,0.0,0.0,0.0
6,4,0.0,0.0,0.0,0.0,1.0,0.0,0.0,0.0,0.0
6,4,0.0,0.0,0.0,0.0,1.0,0.0,0.0,0.0,0.0
6,4,0.0,0.0,0.0,0.0,1.0,0.0,0.0,0.0,0.0
6,4,0.0,0.0,0.0,0.0,1.0,0.0,0.0,0.0,0.0
6,4,0.0,0.0,0.0,0.0,1.0,0.0,0.0,0.0,0.0
6,4,0.0,0.0,0.0,0.0,1.0,0.0,0.0,0.0,0.0
6,4,0.0,0.0,0.0,0.0,1.0,0.0,0.0,0.0,0.0
6,4,0.0,0.0,0.0,0.0,1.0,0.0,0.0,0.0,0.0
6,4,0.0,0.0,0.0,0.0,1.0,0.0,0.0,0.0,0.0
6,4,0.0,0.0,0.0,0.0,1.0,0.0,0.0,0.0,0.0
6,4,0.0,0.0,0.0,0.0,1.0,0.0,0.0,0.0,0.0
6,4,0.0,0.0,0.0,0.0,1.0,0.0,0.0,0.0,0.0
6,4,0.0,0.0,0.0,0.0,1.0,0.0,0.0,0.0,0.0
6,4,0.0,0.0,0.0,0.0,1.0,0.0,0.0,0.0,0.0
6,4,0.0,0.0,0.0,0.0,1.0,0.0,0.0,0.0,0.0
6,4,0.0,0.0,0.0,0.0,1.0,0.0,0.0,0.0,0.0
6,4,0.0,0.0,0.0,0.0,1.0,0.0,0.0,0.0,0.0
6,4,0.0,0.0,0.0,0.0,1.0,0.0,0.0,0.0,0.0
6,4,0.0,0.0,0.0,0.0,1.0,0.0,0.0,0.0,0.0
6,4,0.0,0.0,0.0,0.0,1.0,0.0,0.0,0.0,0.0
6,4,0.0,0.0,0.0,0.0,1.0,0.0,0.0,0.0,0.0
6,4,0.0,0.0,0.0,0.0,1.0,0.0,0.0,0.0,0.0
6,4,0.0,0.0,0.0,0.0,1.0,0.0,0.0,0.0,0.0
6,4,0.0,0.0,0.0,0.0,1.0,0.0,0.0,0.0,0.0
6,4,0.0,0.0,0.0,0.0,1.0,0.0,0.0,0.0,0.0
6,4,0.0,0.0,0.0,0.0,1.0,0.0,0.0,0.0,0.0
6,4,0.0,0.0,0.0,0.0,1.0,0.0,0.0,0.0,0.0
6,4,0.0,0.0,0.0,0.0,1.0,0.0,0.0,0.0,0.0
6,4,0.0,0.0,0.0,0.0,1.0,0.0,0.0,0.0,0.0
6,4,0.0,0.0,0.0,0.0,1.0,0.0,0.0,0.0,0.0
6,4,0.0,0.0,0.0,0.0,1.0,0.0,0.0,0.0,0.0
6,4,0.0,0.0,0.0,0.0,1.0,0.0,0.0,0.0,0.0
6,4,0.0,0.0,0.0,0.0,1.0,0.0,0.0,0.0,0.0
6,4,0.0,0.0,0.0,0.0,1.0,0.0,0.0,0.0,0.0
6,4,0.0,0.0,0.0,0.0,1.0,0.0,0.0,0.0,0.0
6,4,0.0,0.0,0.0,0.0,1.0,0.0,0.0,0.0,0.0
6,4,0.0,0.0,0.0,0.0,1.0,0.0,0.0,0.0,0.0
6,4,0.0,0.0,0.0,0.0,1.0,0.0,0.0,0.0,0.0
6,4,0.0,0.0,0.0,0.0,1.0,0.0,0.0,0.0,0.0
6,4,0.0,0.0,0.0,0.0,1.0,0.0,0.0,0.0,0.0
6,4,0.0,0.0,0.0,0.0,1.0,0.0,0.0,0.0,0.0
6,4,0.0,0.0,0.0,0.0,1.0,0.0,0.0,0.0,0.0
6,4,0.0,0.0,0.0,0.0,1.0,0.0,0.0,0.0,0.0
6,4,0.0,0.0,0.0,0.0,1.0,0.0,0.0,0.0,0.0
6,4,0.0,0.0,0.0,0.0,1.0,0.0,0.0,0.0,0.0
6,4,0.0,0.0,0.0,0.0,1.0,0.0,0.0,0.0,0.0
6,4,0.0,0.0,0.0,0.0,1.0,0.0,0.0,0.0,0.0
6,4,0.0,0.0,0.0,0.0,1.0,0.0,0.0,0.0,0.0
6,4,0.0,0.0,0.0,0.0,1.0,0.0,0.0,0.0,0.0
6,4,0.0,0.0,0.0,0.0,1.0,0.0,0.0,0.0,0.0
6,4,0.0,0.0,0.0,0.0,1.0,0.0,0.0,0.0,0.0
6,4,0.0,0.0,0.0,0.0,1.0,0.0,0.0,0.0,0.0
6,4,0.0,0.0,0.0,0.0,1.0,0.0,0.0,0.0,0.0
6,4,0.0,0.0,0.0,0.0,1.0,0.0,0.0,0.0,0.0
6,4,0.0,0.0,0.0,0.0,1.0,0.0,0.0,0.0,0.0
6,4,0.0,0.0,0.0,0.0,1.0,0.0,0.0,0.0,0.0
6,4,0.0,0.0,0.0,0.0,1.0,0.0,0.0,0.0,0.0
6,4,0.0,0.0,0.0,0.0,1.0,0.0,0.0,0.0,0.0
6,4,0.0,0.0,0.0,0.0,1.0,0.0,0.0,0.0,0.0
6,4,0.0,0.0,0.0,0.0,1.0,0.0,0.0,0.0,0.0
6,4,0.0,0.0,0.0,0.0,1.0,0.0,0.0,0.0,0.0
6,4,0.0,0.0,0.0,0.0,1.0,0.0,0.0,0.0,0.0
6,4,0.0,0.0,0.0,0.0,1.0,0.0,0.0,0.0,0.0
6,4,0.0,0.0,0.0,0.0,1.0,0.0,0.0,0.0,0.0
6,4,0.0,0.0,0.0,0.0,1.0,0.0,0.0,0.0,0.0
6,4,0.0,0.0,0.0,0.0,1.0,0.0,0.0,0.0,0.0
6,4,0.0,0.0,0.0,0.0,1.0,0.0,0.0,0.0,0.0
6,4,0.0,0.0,0.0,0.0,1.0,0.0,0.0,0.0,0.0
6,4,0.0,0.0,0.0,0.0,1.0,0.0,0.0,0.0,0.0
6,4,0.0,0.0,0.0,0.0,1.0,0.0,0.0,0.0,0.0
6,4,0.0,0.0,0.0,0.0,1.0,0.0,0.0,0.0,0.0
6,4,0.0,0.0,0.0,0.0,1.0,0.0,0.0,0.0,0.0
6,4,0.0,0.0,0.0,0.0,1.0,0.0,0.0,0.0,0.0
6,4,0.0,0.0,0.0,0.0,1.0,0.0,0.0,0.0,0.0
6,4,0.0,0.0,0.0,0.0,1.0,0.0,0.0,0.0,0.0
6,4,0.0,0.0,0.0,0.0,1.0,0.0,0.0,0.0,0.0
6,4,0.0,0.0,0.0,0.0,1.0,0.0,0.0,0.0,0.0
6,4,0.0,0.0,0.0,0.0,1.0,0.0,0.0,0.0,0.0
6,4,0.0,0.0,0.0,0.0,1.0,0.0,0.0,0.0,0.0
6,4,0.0,0.0,0.0,0.0,1.0,0.0,0.0,0.0,0.0
6,4,0.0,0.0,0.0,0.0,1.0,0.0,0.0,0.0,0.0
6,4,0.0,0.0,0.0,0.0,1.0,0.0,0.0,0.0,0.0
6,4,0.0,0.0,0.0,0.0,1.0,0.0,0.0,0.0,0.0
6,4,0.0,0.0,0.0,0.0,1.0,0.0,0.0,0.0,0.0
6,4,0.0,0.0,0.0,0.0,1.0,0.0,0.0,0.0,0.0
6,4,0.0,0.0,0.0,0.0,1.0,0.0,0.0,0.0,0.0
6,4,0.0,0.0,0.0,0.0,1.0,0.0,0.0,0.0,0.0
6,4,0.0,0.0,0.0,0.0,1.0,0.0,0.0,0.0,0.0
6,4,0.0,0.0,0.0,0.0,1.0,0.0,0.0,0.0,0.0
6,4,0.0,0.0,0.0,0.0,1.0,0.0,0.0,0.0,0.0
6,4,0.0,0.0,0.0,0.0,1.0,0.0,0.0,0.0,0.0
6,4,0.0,0.0,0.0,0.0,1.0,0.0,0.0,0.0,0.0
6,4,0.0,0.0,0.0,0.0,1.0,0.0,0.0,0.0,0.0
6,4,0.0,0.0,0.0,0.0,1.0,0.0,0.0,0.0,0.0
6,4,0.0,0.0,0.0,0.0,1.0,0.0,0.0,0.0,0.0
6,4,0.0,0.0,0.0,0.0,1.0,0.0,0.0,0.0,0.0
6,4,0.0,0.0,0.0,0.0,1.0,0.0,0.0,0.0,0.0
6,4,0.0,0.0,0.0,0.0,1.0,0.0,0.0,0.0,0.0
6,4,0.0,0.0,0.0,0.0,1.0,0.0,0.0,0.0,0.0
6,4,0.0,0.0,0.0,0.0,1.0,0.0,0.0,0.0,0.0
6,4,0.0,0.0,0.0,0.0,1.0,0.0,0.0,0.0,0.0
6,4,0.0,0.0,0.0,0.0,1.0,0.0,0.0,0.0,0.0
6,4,0.0,0.0,0.0,0.0,1.0,0.0,0.0,0.0,0.0
6,4,0.0,0.0,0.0,0.0,1.0,0.0,0.0,0.0,0.0
6,4,0.0,0.0,0.0,0.0,1.0,0.0,0.0,0.0,0.0
6,4,0.0,0.0,0.0,0.0,1.0,0.0,0.0,0.0,0.0
6,4,0.0,0.0,0.0,0.0,1.0,0.0,0.0,0.0,0.0
6,4,0.0,0.0,0.0,0.0,1.0,0.0,0.0,0.0,0.0
6,4,0.0,0.0,0.0,0.0,1.0,0.0,0.0,0.0,0.0
6,4,0.0,0.0,0.0,0.0,1.0,0.0,0.0,0.0,0.0
6,4,0.0,0.0,0.0,0.0,1.0,0.0,0.0,0.0,0.0
6,4,0.0,0.0,0.0,0.0,1.0,0.0,0.0,0.0,0.0
6,4,0.0,0.0,0.0,0.0,1.0,0.0,0.0,0.0,0.0
6,4,0.0,0.0,0.0,0.0,1.0,0.0,0.0,0.0,0.0
6,4,0.0,0.0,0.0,0.0,1.0,0.0,0.0,0.0,0.0
6,4,0.0,0.0,0.0,0.0,1.0,0.0,0.0,0.0,0.0
6,4,0.0,0.0,0.0,0.0,1.0,0.0,0.0,0.0,0.0
6,4,0.0,0.0,0.0,0.0,1.0,0.0,0.0,0.0,0.0
6,4,0.0,0.0,0.0,0.0,1.0,0.0,0.0,0.0,0.0
6,4,0.0,0.0,0.0,0.0,1.0,0.0,0.0,0.0,0.0
6,4,0.0,0.0,0.0,0.0,1.0,0.0,0.0,0.0,0.0
6,4,0.0,0.0,0.0,0.0,1.0,0.0,0.0,0.0,0.0
6,4,0.0,0.0,0.0,0.0,1.0,0.0,0.0,0.0,0.0
6,4,0.0,0.0,0.0,0.0,1.0,0.0,0.0,0.0,0.0
6,4,0.0,0.0,0.0,0.0,1.0,0.0,0.0,0.0,0.0
6,4,0.0,0.0,0.0,0.0,1.0,0.0,0.0,0.0,0.0
6,4,0.0,0.0,0.0,0.0,1.0,0.0,0.0,0.0,0.0
6,4,0.0,0.0,0.0,0.0,1.0,0.0,0.0,0.0,0.0
6,4,0.0,0.0,0.0,0.0,1.0,0.0,0.0,0.0,0.0
6,4,0.0,0.0,0.0,0.0,1.0,0.0,0.0,0.0,0.0
6,4,0.0,0.0,0.0,0.0,1.0,0.0,0.0,0.0,0.0
6,4,0.0,0.0,0.0,0.0,1.0,0.0,0.0,0.0,0.0
6,4,0.0,0.0,0.0,0.0,1.0,0.0,0.0,0.0,0.0
6,4,0.0,0.0,0.0,0.0,1.0,0.0,0.0,0.0,0.0
6,4,0.0,0.0,0.0,0.0,1.0,0.0,0.0,0.0,0.0
6,4,0.0,0.0,0.0,0.0,1.0,0.0,0.0,0.0,0.0
6,4,0.0,0.0,0.0,0.0,1.0,0.0,0.0,0.0,0.0
6,4,0.0,0.0,0.0,0.0,1.0,0.0,0.0,0.0,0.0
6,4,0.0,0.0,0.0,0.0,1.0,0.0,0.0,0.0,0.0
6,4,0.0,0.0,0.0,0.0,1.0,0.0,0.0,0.0,0.0
6,4,0.0,0.0,0.0,0.0,1.0,0.0,0.0,0.0,0.0
6,4,0.0,0.0,0.0,0.0,1.0,0.0,0.0,0.0,0.0
6,4,0.0,0.0,0.0,0.0,1.0,0.0,0.0,0.0,0.0
6,4,0.0,0.0,0.0,0.0,1.0,0.0,0.0,0.0,0.0
6,4,0.0,0.0,0.0,0.0,1.0,0.0,0.0,0.0,0.0
6,4,0.0,0.0,0.0,0.0,1.0,0.0,0.0,0.0,0.0
6,4,0.0,0.0,0.0,0.0,1.0,0.0,0.0,0.0,0.0
6,4,0.0,0.0,0.0,0.0,1.0,0.0,0.0,0.0,0.0
6,4,0.0,0.0,0.0,0.0,1.0,0.0,0.0,0.0,0.0
6,4,0.0,0.0,0.0,0.0,1.0,0.0,0.0,0.0,0.0
6,4,0.0,0.0,0.0,0.0,1.0,0.0,0.0,0.0,0.0
6,4,0.0,0.0,0.0,0.0,1.0,0.0,0.0,0.0,0.0
6,4,0.0,0.0,0.0,0.0,1.0,0.0,0.0,0.0,0.0
6,4,0.0,0.0,0.0,0.0,1.0,0.0,0.0,0.0,0.0
6,4,0.0,0.0,0.0,0.0,1.0,0.0,0.0,0.0,0.0
6,4,0.0,0.0,0.0,0.0,1.0,0.0,0.0,0.0,0.0
6,4,0.0,0.0,0.0,0.0,1.0,0.0,0.0,0.0,0.0
6,4,0.0,0.0,0.0,0.0,1.0,0.0,0.0,0.0,0.0
6,4,0.0,0.0,0.0,0.0,1.0,0.0,0.0,0.0,0.0
6,4,0.0,0.0,0.0,0.0,1.0,0.0,0.0,0.0,0.0
6,4,0.0,0.0,0.0,0.0,1.0,0.0,0.0,0.0,0.0
6,4,0.0,0.0,0.0,0.0,1.0,0.0,0.0,0.0,0.0
6,4,0.0,0.0,0.0,0.0,1.0,0.0,0.0,0.0,0.0
6,4,0.0,0.0,0.0,0.0,1.0,0.0,0.0,0.0,0.0
6,4,0.0,0.0,0.0,0.0,1.0,0.0,0.0,0.0,0.0
6,4,0.0,0.0,0.0,0.0,1.0,0.0,0.0,0.0,0.0
6,4,0.0,0.0,0.0,0.0,1.0,0.0,0.0,0.0,0.0
6,4,0.0,0.0,0.0,0.0,1.0,0.0,0.0,0.0,0.0
6,4,0.0,0.0,0.0,0.0,1.0,0.0,0.0,0.0,0.0
6,4,0.0,0.0,0.0,0.0,1.0,0.0,0.0,0.0,0.0
6,4,0.0,0.0,0.0,0.0,1.0,0.0,0.0,0.0,0.0
6,4,0.0,0.0,0.0,0.0,1.0,0.0,0.0,0.0,0.0
6,4,0.0,0.0,0.0,0.0,1.0,0.0,0.0,0.0,0.0
6,4,0.0,0.0,0.0,0.0,1.0,0.0,0.0,0.0,0.0
6,4,0.0,0.0,0.0,0.0,1.0,0.0,0.0,0.0,0.0
6,4,0.0,0.0,0.0,0.0,1.0,0.0,0.0,0.0,0.0
6,4,0.0,0.0,0.0,0.0,1.0,0.0,0.0,0.0,0.0
6,4,0.0,0.0,0.0,0.0,1.0,0.0,0.0,0.0,0.0
6,4,0.0,0.0,0.0,0.0,1.0,0.0,0.0,0.0,0.0
6,4,0.0,0.0,0.0,0.0,1.0,0.0,0.0,0.0,0.0
6,4,0.0,0.0,0.0,0.0,1.0,0.0,0.0,0.0,0.0
6,4,0.0,0.0,0.0,0.0,1.0,0.0,0.0,0.0,0.0
6,4,0.0,0.0,0.0,0.0,1.0,0.0,0.0,0.0,0.0
6,4,0.0,0.0,0.0,0.0,1.0,0.0,0.0,0.0,0.0
6,4,0.0,0.0,0.0,0.0,1.0,0.0,0.0,0.0,0.0
6,4,0.0,0.0,0.0,0.0,1.0,0.0,0.0,0.0,0.0
6,4,0.0,0.0,0.0,0.0,1.0,0.0,0.0,0.0,0.0
6,4,0.0,0.0,0.0,0.0,1.0,0.0,0.0,0.0,0.0
6,4,0.0,0.0,0.0,0.0,1.0,0.0,0.0,0.0,0.0
6,4,0.0,0.0,0.0,0.0,1.0,0.0,0.0,0.0,0.0
6,4,0.0,0.0,0.0,0.0,1.0,0.0,0.0,0.0,0.0
6,4,0.0,0.0,0.0,0.0,1.0,0.0,0.0,0.0,0.0
6,4,0.0,0.0,0.0,0.0,1.0,0.0,0.0,0.0,0.0
6,4,0.0,0.0,0.0,0.0,1.0,0.0,0.0,0.0,0.0
6,4,0.0,0.0,0.0,0.0,1.0,0.0,0.0,0.0,0.0
6,4,0.0,0.0,0.0,0.0,1.0,0.0,0.0,0.0,0.0
6,4,0.0,0.0,0.0,0.0,1.0,0.0,0.0,0.0,0.0
6,4,0.0,0.0,0.0,0.0,1.0,0.0,0.0,0.0,0.0
6,4,0.0,0.0,0.0,0.0,1.0,0.0,0.0,0.0,0.0
6,4,0.0,0.0,0.0,0.0,1.0,0.0,0.0,0.0,0.0
6,4,0.0,0.0,0.0,0.0,1.0,0.0,0.0,0.0,0.0
6,4,0.0,0.0,0.0,0.0,1.0,0.0,0.0,0.0,0.0
6,4,0.0,0.0,0.0,0.0,1.0,0.0,0.0,0.0,0.0
6,4,0.0,0.0,0.0,0.0,1.0,0.0,0.0,0.0,0.0
6,4,0.0,0.0,0.0,0.0,1.0,0.0,0.0,0.0,0.0
6,4,0.0,0.0,0.0,0.0,1.0,0.0,0.0,0.0,0.0
6,4,0.0,0.0,0.0,0.0,1.0,0.0,0.0,0.0,0.0
6,4,0.0,0.0,0.0,0.0,1.0,0.0,0.0,0.0,0.0
6,4,0.0,0.0,0.0,0.0,1.0,0.0,0.0,0.0,0.0
6,4,0.0,0.0,0.0,0.0,1.0,0.0,0.0,0.0,0.0
6,4,0.0,0.0,0.0,0.0,1.0,0.0,0.0,0.0,0.0
6,4,0.0,0.0,0.0,0.0,1.0,0.0,0.0,0.0,0.0
6,4,0.0,0.0,0.0,0.0,1.0,0.0,0.0,0.0,0.0
6,4,0.0,0.0,0.0,0.0,1.0,0.0,0.0,0.0,0.0
6,4,0.0,0.0,0.0,0.0,1.0,0.0,0.0,0.0,0.0
6,4,0.0,0.0,0.0,0.0,1.0,0.0,0.0,0.0,0.0
6,4,0.0,0.0,0.0,0.0,1.0,0.0,0.0,0.0,0.0
6,4,0.0,0.0,0.0,0.0,1.0,0.0,0.0,0.0,0.0
6,4,0.0,0.0,0.0,0.0,1.0,0.0,0.0,0.0,0.0
6,4,0.0,0.0,0.0,0.0,1.0,0.0,0.0,0.0,0.0
6,4,0.0,0.0,0.0,0.0,1.0,0.0,0.0,0.0,0.0
6,4,0.0,0.0,0.0,0.0,1.0,0.0,0.0,0.0,0.0
6,4,0.0,0.0,0.0,0.0,1.0,0.0,0.0,0.0,0.0
6,4,0.0,0.0,0.0,0.0,1.0,0.0,0.0,0.0,0.0
6,4,0.0,0.0,0.0,0.0,1.0,0.0,0.0,0.0,0.0
6,4,0.0,0.0,0.0,0.0,1.0,0.0,0.0,0.0,0.0
6,4,0.0,0.0,0.0,0.0,1.0,0.0,0.0,0.0,0.0
6,4,0.0,0.0,0.0,0.0,1.0,0.0,0.0,0.0,0.0
6,4,0.0,0.0,0.0,0.0,1.0,0.0,0.0,0.0,0.0
6,4,0.0,0.0,0.0,0.0,1.0,0.0,0.0,0.0,0.0
6,4,0.0,0.0,0.0,0.0,1.0,0.0,0.0,0.0,0.0
6,4,0.0,0.0,0.0,0.0,1.0,0.0,0.0,0.0,0.0
6,4,0.0,0.0,0.0,0.0,1.0,0.0,0.0,0.0,0.0
6,4,0.0,0.0,0.0,0.0,1.0,0.0,0.0,0.0,0.0
6,4,0.0,0.0,0.0,0.0,1.0,0.0,0.0,0.0,0.0
6,4,0.0,0.0,0.0,0.0,1.0,0.0,0.0,0.0,0.0
6,4,0.0,0.0,0.0,0.0,1.0,0.0,0.0,0.0,0.0
6,4,0.0,0.0,0.0,0.0,1.0,0.0,0.0,0.0,0.0
6,4,0.0,0.0,0.0,0.0,1.0,0.0,0.0,0.0,0.0
6,4,0.0,0.0,0.0,0.0,1.0,0.0,0.0,0.0,0.0
6,4,0.0,0.0,0.0,0.0,1.0,0.0,0.0,0.0,0.0
6,4,0.0,0.0,0.0,0.0,1.0,0.0,0.0,0.0,0.0
6,4,0.0,0.0,0.0,0.0,1.0,0.0,0.0,0.0,0.0
6,4,0.0,0.0,0.0,0.0,1.0,0.0,0.0,0.0,0.0
6,4,0.0,0.0,0.0,0.0,1.0,0.0,0.0,0.0,0.0
6,4,0.0,0.0,0.0,0.0,1.0,0.0,0.0,0.0,0.0
6,4,0.0,0.0,0.0,0.0,1.0,0.0,0.0,0.0,0.0
6,4,0.0,0.0,0.0,0.0,1.0,0.0,0.0,0.0,0.0
6,4,0.0,0.0,0.0,0.0,1.0,0.0,0.0,0.0,0.0
6,4,0.0,0.0,0.0,0.0,1.0,0.0,0.0,0.0,0.0
6,4,0.0,0.0,0.0,0.0,1.0,0.0,0.0,0.0,0.0
6,4,0.0,0.0,0.0,0.0,1.0,0.0,0.0,0.0,0.0
6,4,0.0,0.0,0.0,0.0,1.0,0.0,0.0,0.0,0.0
6,4,0.0,0.0,0.0,0.0,1.0,0.0,0.0,0.0,0.0
6,4,0.0,0.0,0.0,0.0,1.0,0.0,0.0,0.0,0.0
6,4,0.0,0.0,0.0,0.0,1.0,0.0,0.0,0.0,0.0
6,4,0.0,0.0,0.0,0.0,1.0,0.0,0.0,0.0,0.0
6,4,0.0,0.0,0.0,0.0,1.0,0.0,0.0,0.0,0.0
6,4,0.0,0.0,0.0,0.0,1.0,0.0,0.0,0.0,0.0
6,4,0.0,0.0,0.0,0.0,1.0,0.0,0.0,0.0,0.0
6,4,0.0,0.0,0.0,0.0,1.0,0.0,0.0,0.0,0.0
6,4,0.0,0.0,0.0,0.0,1.0,0.0,0.0,0.0,0.0
6,4,0.0,0.0,0.0,0.0,1.0,0.0,0.0,0.0,0.0
6,4,0.0,0.0,0.0,0.0,1.0,0.0,0.0,0.0,0.0
6,4,0.0,0.0,0.0,0.0,1.0,0.0,0.0,0.0,0.0
6,4,0.0,0.0,0.0,0.0,1.0,0.0,0.0,0.0,0.0
6,4,0.0,0.0,0.0,0.0,1.0,0.0,0.0,0.0,0.0
6,4,0.0,0.0,0.0,0.0,1.0,0.0,0.0,0.0,0.0
6,4,0.0,0.0,0.0,0.0,1.0,0.0,0.0,0.0,0.0
6,4,0.0,0.0,0.0,0.0,1.0,0.0,0.0,0.0,0.0
6,4,0.0,0.0,0.0,0.0,1.0,0.0,0.0,0.0,0.0
6,4,0.0,0.0,0.0,0.0,1.0,0.0,0.0,0.0,0.0
6,4,0.0,0.0,0.0,0.0,1.0,0.0,0.0,0.0,0.0
6,4,0.0,0.0,0.0,0.0,1.0,0.0,0.0,0.0,0.0
6,4,0.0,0.0,0.0,0.0,1.0,0.0,0.0,0.0,0.0
6,4,0.0,0.0,0.0,0.0,1.0,0.0,0.0,0.0,0.0
6,4,0.0,0.0,0.0,0.0,1.0,0.0,0.0,0.0,0.0
6,4,0.0,0.0,0.0,0.0,1.0,0.0,0.0,0.0,0.0
6,4,0.0,0.0,0.0,0.0,1.0,0.0,0.0,0.0,0.0
6,4,0.0,0.0,0.0,0.0,1.0,0.0,0.0,0.0,0.0
6,4,0.0,0.0,0.0,0.0,1.0,0.0,0.0,0.0,0.0
6,4,0.0,0.0,0.0,0.0,1.0,0.0,0.0,0.0,0.0
6,4,0.0,0.0,0.0,0.0,1.0,0.0,0.0,0.0,0.0
6,4,0.0,0.0,0.0,0.0,1.0,0.0,0.0,0.0,0.0
6,4,0.0,0.0,0.0,0.0,1.0,0.0,0.0,0.0,0.0
6,4,0.0,0.0,0.0,0.0,1.0,0.0,0.0,0.0,0.0
6,4,0.0,0.0,0.0,0.0,1.0,0.0,0.0,0.0,0.0
6,4,0.0,0.0,0.0,0.0,1.0,0.0,0.0,0.0,0.0
6,4,0.0,0.0,0.0,0.0,1.0,0.0,0.0,0.0,0.0
6,4,0.0,0.0,0.0,0.0,1.0,0.0,0.0,0.0,0.0
6,4,0.0,0.0,0.0,0.0,1.0,0.0,0.0,0.0,0.0
6,4,0.0,0.0,0.0,0.0,1.0,0.0,0.0,0.0,0.0
6,4,0.0,0.0,0.0,0.0,1.0,0.0,0.0,0.0,0.0
6,4,0.0,0.0,0.0,0.0,1.0,0.0,0.0,0.0,0.0
6,4,0.0,0.0,0.0,0.0,1.0,0.0,0.0,0.0,0.0
6,4,0.0,0.0,0.0,0.0,1.0,0.0,0.0,0.0,0.0
6,4,0.0,0.0,0.0,0.0,1.0,0.0,0.0,0.0,0.0
6,4,0.0,0.0,0.0,0.0,1.0,0.0,0.0,0.0,0.0
6,4,0.0,0.0,0.0,0.0,1.0,0.0,0.0,0.0,0.0
6,4,0.0,0.0,0.0,0.0,1.0,0.0,0.0,0.0,0.0
6,4,0.0,0.0,0.0,0.0,1.0,0.0,0.0,0.0,0.0
6,4,0.0,0.0,0.0,0.0,1.0,0.0,0.0,0.0,0.0
6,4,0.0,0.0,0.0,0.0,1.0,0.0,0.0,0.0,0.0
6,4,0.0,0.0,0.0,0.0,1.0,0.0,0.0,0.0,0.0
6,4,0.0,0.0,0.0,0.0,1.0,0.0,0.0,0.0,0.0
6,4,0.0,0.0,0.0,0.0,1.0,0.0,0.0,0.0,0.0
6,4,0.0,0.0,0.0,0.0,1.0,0.0,0.0,0.0,0.0
6,4,0.0,0.0,0.0,0.0,1.0,0.0,0.0,0.0,0.0
6,4,0.0,0.0,0.0,0.0,1.0,0.0,0.0,0.0,0.0
6,4,0.0,0.0,0.0,0.0,1.0,0.0,0.0,0.0,0.0
6,4,0.0,0.0,0.0,0.0,1.0,0.0,0.0,0.0,0.0
6,4,0.0,0.0,0.0,0.0,1.0,0.0,0.0,0.0,0.0
6,4,0.0,0.0,0.0,0.0,1.0,0.0,0.0,0.0,0.0
6,4,0.0,0.0,0.0,0.0,1.0,0.0,0.0,0.0,0.0
6,4,0.0,0.0,0.0,0.0,1.0,0.0,0.0,0.0,0.0
6,4,0.0,0.0,0.0,0.0,1.0,0.0,0.0,0.0,0.0
6,4,0.0,0.0,0.0,0.0,1.0,0.0,0.0,0.0,0.0
6,4,0.0,0.0,0.0,0.0,1.0,0.0,0.0,0.0,0.0
6,4,0.0,0.0,0.0,0.0,1.0,0.0,0.0,0.0,0.0
6,4,0.0,0.0,0.0,0.0,1.0,0.0,0.0,0.0,0.0
6,4,0.0,0.0,0.0,0.0,1.0,0.0,0.0,0.0,0.0
6,4,0.0,0.0,0.0,0.0,1.0,0.0,0.0,0.0,0.0
6,4,0.0,0.0,0.0,0.0,1.0,0.0,0.0,0.0,0.0
6,4,0.0,0.0,0.0,0.0,1.0,0.0,0.0,0.0,0.0
6,4,0.0,0.0,0.0,0.0,1.0,0.0,0.0,0.0,0.0
6,4,0.0,0.0,0.0,0.0,1.0,0.0,0.0,0.0,0.0
6,4,0.0,0.0,0.0,0.0,1.0,0.0,0.0,0.0,0.0
6,4,0.0,0.0,0.0,0.0,1.0,0.0,0.0,0.0,0.0
6,4,0.0,0.0,0.0,0.0,1.0,0.0,0.0,0.0,0.0
6,4,0.0,0.0,0.0,0.0,1.0,0.0,0.0,0.0,0.0
6,4,0.0,0.0,0.0,0.0,1.0,0.0,0.0,0.0,0.0
6,4,0.0,0.0,0.0,0.0,1.0,0.0,0.0,0.0,0.0
6,4,0.0,0.0,0.0,0.0,1.0,0.0,0.0,0.0,0.0
6,4,0.0,0.0,0.0,0.0,1.0,0.0,0.0,0.0,0.0
6,4,0.0,0.0,0.0,0.0,0.94409364,0.055906363,0.0,0.0,0.0
6,4,0.0,0.0,0.0,0.0,0.94409364,0.055906363,0.0,0.0,0.0
6,4,0.0,0.0,0.0,0.0,0.94409364,0.055906363,0.0,0.0,0.0
6,4,0.0,0.0,0.0,0.0,0.94409364,0.055906363,0.0,0.0,0.0
6,4,0.0,0.0,0.0,0.0,0.94409364,0.055906363,0.0,0.0,0.0
6,4,0.0,0.0,0.0,0.0,0.94409364,0.055906363,0.0,0.0,0.0
6,4,0.0,0.0,0.0,0.0,0.94409364,0.055906363,0.0,0.0,0.0
6,4,0.0,0.0,0.0,0.0,0.94409364,0.055906363,0.0,0.0,0.0
6,4,0.0,0.0,0.0,0.0,0.94409364,0.055906363,0.0,0.0,0.0
6,4,0.0,0.0,0.0,0.0,0.94409364,0.055906363,0.0,0.0,0.0
6,4,0.0,0.0,0.0,0.0,0.94409364,0.055906363,0.0,0.0,0.0
6,4,0.0,0.0,0.0,0.0,0.94409364,0.055906363,0.0,0.0,0.0
6,4,0.0,0.0,0.0,0.0,0.94409364,0.055906363,0.0,0.0,0.0
6,4,0.0,0.0,0.0,0.0,0.94409364,0.055906363,0.0,0.0,0.0
6,4,0.0,0.0,0.0,0.0,0.94409364,0.055906363,0.0,0.0,0.0
6,4,0.0,0.0,0.0,0.0,0.94409364,0.055906363,0.0,0.0,0.0
6,4,0.0,0.0,0.0,0.0,0.94409364,0.055906363,0.0,0.0,0.0
6,4,0.0,0.0,0.0,0.0,0.94409364,0.055906363,0.0,0.0,0.0
6,4,0.0,0.0,0.0,0.0,0.94409364,0.055906363,0.0,0.0,0.0
6,4,0.0,0.0,0.0,0.0,0.94409364,0.055906363,0.0,0.0,0.0
6,4,0.0,0.0,0.0,0.0,0.94409364,0.055906363,0.0,0.0,0.0
6,4,0.0,0.0,0.0,0.0,0.94409364,0.055906363,0.0,0.0,0.0
6,4,0.0,0.0,0.0,0.0,0.94409364,0.055906363,0.0,0.0,0.0
6,4,0.0,0.0,0.0,0.0,0.94409364,0.055906363,0.0,0.0,0.0
6,4,0.0,0.0,0.0,0.0,0.94409364,0.055906363,0.0,0.0,0.0
6,4,0.0,0.0,0.0,0.0,0.94409364,0.055906363,0.0,0.0,0.0
6,4,0.0,0.0,0.0,0.0,0.94409364,0.055906363,0.0,0.0,0.0
6,4,0.0,0.0,0.0,0.0,0.94409364,0.055906363,0.0,0.0,0.0
6,4,0.0,0.0,0.0,0.0,0.94409364,0.055906363,0.0,0.0,0.0
6,4,0.0,0.0,0.0,0.0,0.94409364,0.055906363,0.0,0.0,0.0
6,4,0.0,0.0,0.0,0.0,0.94409364,0.055906363,0.0,0.0,0.0
6,4,0.0,0.0,0.0,0.0,0.94409364,0.055906363,0.0,0.0,0.0
6,4,0.0,0.0,0.0,0.0,0.94409364,0.055906363,0.0,0.0,0.0
6,4,0.0,0.0,0.0,0.0,0.94409364,0.055906363,0.0,0.0,0.0
6,4,0.0,0.0,0.0,0.0,0.94409364,0.055906363,0.0,0.0,0.0
6,4,0.0,0.0,0.0,0.0,0.94409364,0.055906363,0.0,0.0,0.0
6,4,0.0,0.0,0.0,0.0,0.94409364,0.055906363,0.0,0.0,0.0
6,4,0.0,0.0,0.0,0.0,0.94409364,0.055906363,0.0,0.0,0.0
6,4,0.0,0.0,0.0,0.0,0.94409364,0.055906363,0.0,0.0,0.0
6,4,0.0,0.0,0.0,0.0,0.94409364,0.055906363,0.0,0.0,0.0
6,4,0.0,0.0,0.0,0.0,0.94409364,0.055906363,0.0,0.0,0.0
6,4,0.0,0.0,0.0,0.0,0.94409364,0.055906363,0.0,0.0,0.0
6,4,0.0,0.0,0.0,0.0,0.94409364,0.055906363,0.0,0.0,0.0
6,4,0.0,0.0,0.0,0.0,0.94409364,0.055906363,0.0,0.0,0.0
6,4,0.0,0.0,0.0,0.0,0.94409364,0.055906363,0.0,0.0,0.0
6,4,0.0,0.0,0.0,0.0,0.94409364,0.055906363,0.0,0.0,0.0
6,4,0.0,0.0,0.0,0.0,0.94409364,0.055906363,0.0,0.0,0.0
6,4,0.0,0.0,0.0,0.0,0.94409364,0.055906363,0.0,0.0,0.0
6,4,0.0,0.0,0.0,0.0,0.94409364,0.055906363,0.0,0.0,0.0
6,4,0.0,0.0,0.0,0.0,0.94409364,0.055906363,0.0,0.0,0.0
6,4,0.0,0.0,0.0,0.0,0.94409364,0.055906363,0.0,0.0,0.0
6,4,0.0,0.0,0.0,0.0,0.94409364,0.055906363,0.0,0.0,0.0
6,4,0.0,0.0,0.0,0.0,0.94409364,0.055906363,0.0,0.0,0.0
6,4,0.0,0.0,0.0,0.0,0.94409364,0.055906363,0.0,0.0,0.0
6,4,0.0,0.0,0.0,0.0,0.94409364,0.055906363,0.0,0.0,0.0
6,4,0.0,0.0,0.0,0.0,0.94409364,0.055906363,0.0,0.0,0.0
6,4,0.0,0.0,0.0,0.0,0.94409364,0.055906363,0.0,0.0,0.0
6,4,0.0,0.0,0.0,0.0,0.94409364,0.055906363,0.0,0.0,0.0
6,4,0.0,0.0,0.0,0.0,0.94409364,0.055906363,0.0,0.0,0.0
6,4,0.0,0.0,0.0,0.0,0.94409364,0.055906363,0.0,0.0,0.0
6,4,0.0,0.0,0.0,0.0,0.94409364,0.055906363,0.0,0.0,0.0
6,4,0.0,0.0,0.0,0.0,0.94409364,0.055906363,0.0,0.0,0.0
6,4,0.0,0.0,0.0,0.0,0.94409364,0.055906363,0.0,0.0,0.0
6,4,0.0,0.0,0.0,0.0,0.94409364,0.055906363,0.0,0.0,0.0
6,4,0.0,0.0,0.0,0.0,0.94409364,0.055906363,0.0,0.0,0.0
6,4,0.0,0.0,0.0,0.0,0.94409364,0.055906363,0.0,0.0,0.0
6,4,0.0,0.0,0.0,0.0,0.94409364,0.055906363,0.0,0.0,0.0
6,4,0.0,0.0,0.0,0.0,0.94409364,0.055906363,0.0,0.0,0.0
6,4,0.0,0.0,0.0,0.0,0.94409364,0.055906363,0.0,0.0,0.0
6,4,0.0,0.0,0.0,0.0,0.94409364,0.055906363,0.0,0.0,0.0
6,4,0.0,0.0,0.0,0.0,0.94409364,0.055906363,0.0,0.0,0.0
6,4,0.0,0.0,0.0,0.0,0.94409364,0.055906363,0.0,0.0,0.0
6,4,0.0,0.0,0.0,0.0,0.94409364,0.055906363,0.0,0.0,0.0
6,4,0.0,0.0,0.0,0.0,0.94409364,0.055906363,0.0,0.0,0.0
6,4,0.0,0.0,0.0,0.0,0.94409364,0.055906363,0.0,0.0,0.0
6,4,0.0,0.0,0.0,0.0,0.94409364,0.055906363,0.0,0.0,0.0
6,4,0.0,0.0,0.0,0.0,0.94409364,0.055906363,0.0,0.0,0.0
6,4,0.0,0.0,0.0,0.0,0.94409364,0.055906363,0.0,0.0,0.0
6,4,0.0,0.0,0.0,0.0,0.94409364,0.055906363,0.0,0.0,0.0
6,4,0.0,0.0,0.0,0.0,0.94409364,0.055906363,0.0,0.0,0.0
6,4,0.0,0.0,0.0,0.0,0.94409364,0.055906363,0.0,0.0,0.0
6,4,0.0,0.0,0.0,0.0,0.94409364,0.055906363,0.0,0.0,0.0
6,4,0.0,0.0,0.0,0.0,0.94409364,0.055906363,0.0,0.0,0.0
6,4,0.0,0.0,0.0,0.0,0.94409364,0.055906363,0.0,0.0,0.0
6,4,0.0,0.0,0.0,0.0,0.94409364,0.055906363,0.0,0.0,0.0
6,4,0.0,0.0,0.0,0.0,0.94409364,0.055906363,0.0,0.0,0.0
6,4,0.0,0.0,0.0,0.0,0.94409364,0.055906363,0.0,0.0,0.0
6,4,0.0,0.0,0.0,0.0,0.94409364,0.055906363,0.0,0.0,0.0
6,4,0.0,0.0,0.0,0.0,0.94409364,0.055906363,0.0,0.0,0.0
6,4,0.0,0.0,0.0,0.0,0.94409364,0.055906363,0.0,0.0,0.0
6,4,0.0,0.0,0.0,0.0,0.94409364,0.055906363,0.0,0.0,0.0
6,4,0.0,0.0,0.0,0.0,0.94409364,0.055906363,0.0,0.0,0.0
6,4,0.0,0.0,0.0,0.0,0.94409364,0.055906363,0.0,0.0,0.0
6,4,0.0,0.0,0.0,0.0,0.94409364,0.055906363,0.0,0.0,0.0
6,4,0.0,0.0,0.0,0.0,0.94409364,0.055906363,0.0,0.0,0.0
6,4,0.0,0.0,0.0,0.0,0.94409364,0.055906363,0.0,0.0,0.0
6,4,0.0,0.0,0.0,0.0,0.94409364,0.055906363,0.0,0.0,0.0
6,4,0.0,0.0,0.0,0.0,0.94409364,0.055906363,0.0,0.0,0.0
6,4,0.0,0.0,0.0,0.0,0.94409364,0.055906363,0.0,0.0,0.0
6,4,0.0,0.0,0.0,0.0,0.94409364,0.055906363,0.0,0.0,0.0
6,4,0.0,0.0,0.0,0.0,0.94409364,0.055906363,0.0,0.0,0.0
6,4,0.0,0.0,0.0,0.0,0.94409364,0.055906363,0.0,0.0,0.0
6,4,0.0,0.0,0.0,0.0,0.94409364,0.055906363,0.0,0.0,0.0
6,4,0.0,0.0,0.0,0.0,0.94409364,0.055906363,0.0,0.0,0.0
6,4,0.0,0.0,0.0,0.0,0.94409364,0.055906363,0.0,0.0,0.0
6,4,0.0,0.0,0.0,0.0,0.94409364,0.055906363,0.0,0.0,0.0
6,4,0.0,0.0,0.0,0.0,0.94409364,0.055906363,0.0,0.0,0.0
6,4,0.0,0.0,0.0,0.0,0.94409364,0.055906363,0.0,0.0,0.0
6,4,0.0,0.0,0.0,0.0,0.94409364,0.055906363,0.0,0.0,0.0
6,4,0.0,0.0,0.0,0.0,0.94409364,0.055906363,0.0,0.0,0.0
6,4,0.0,0.0,0.0,0.0,0.94409364,0.055906363,0.0,0.0,0.0
6,4,0.0,0.0,0.0,0.0,0.94409364,0.055906363,0.0,0.0,0.0
6,4,0.0,0.0,0.0,0.0,0.94409364,0.055906363,0.0,0.0,0.0
6,4,0.0,0.0,0.0,0.0,0.94409364,0.055906363,0.0,0.0,0.0
6,4,0.0,0.0,0.0,0.0,0.94409364,0.055906363,0.0,0.0,0.0
6,4,0.0,0.0,0.0,0.0,0.94409364,0.055906363,0.0,0.0,0.0
6,4,0.0,0.0,0.0,0.0,0.94409364,0.055906363,0.0,0.0,0.0
6,4,0.0,0.0,0.0,0.0,0.94409364,0.055906363,0.0,0.0,0.0
6,4,0.0,0.0,0.0,0.0,0.94409364,0.055906363,0.0,0.0,0.0
6,4,0.0,0.0,0.0,0.0,0.94409364,0.055906363,0.0,0.0,0.0
6,4,0.0,0.0,0.0,0.0,0.94409364,0.055906363,0.0,0.0,0.0
6,4,0.0,0.0,0.0,0.0,0.94409364,0.055906363,0.0,0.0,0.0
6,4,0.0,0.0,0.0,0.0,0.94409364,0.055906363,0.0,0.0,0.0
6,4,0.0,0.0,0.0,0.0,0.94409364,0.055906363,0.0,0.0,0.0
6,4,0.0,0.0,0.0,0.0,0.94409364,0.055906363,0.0,0.0,0.0
6,4,0.0,0.0,0.0,0.0,0.94409364,0.055906363,0.0,0.0,0.0
6,4,0.0,0.0,0.0,0.0,0.94409364,0.055906363,0.0,0.0,0.0
6,4,0.0,0.0,0.0,0.0,0.94409364,0.055906363,0.0,0.0,0.0
6,4,0.0,0.0,0.0,0.0,0.94409364,0.055906363,0.0,0.0,0.0
6,4,0.0,0.0,0.0,0.0,0.94409364,0.055906363,0.0,0.0,0.0
6,4,0.0,0.0,0.0,0.0,0.94409364,0.055906363,0.0,0.0,0.0
6,4,0.0,0.0,0.0,0.0,0.94409364,0.055906363,0.0,0.0,0.0
6,4,0.0,0.0,0.0,0.0,0.94409364,0.055906363,0.0,0.0,0.0
6,4,0.0,0.0,0.0,0.0,0.94409364,0.055906363,0.0,0.0,0.0
6,4,0.0,0.0,0.0,0.0,0.94409364,0.055906363,0.0,0.0,0.0
6,4,0.0,0.0,0.0,0.0,0.94409364,0.055906363,0.0,0.0,0.0
6,4,0.0,0.0,0.0,0.0,0.94409364,0.055906363,0.0,0.0,0.0
6,4,0.0,0.0,0.0,0.0,0.94409364,0.055906363,0.0,0.0,0.0
6,4,0.0,0.0,0.0,0.0,0.94409364,0.055906363,0.0,0.0,0.0
6,4,0.0,0.0,0.0,0.0,0.94409364,0.055906363,0.0,0.0,0.0
6,4,0.0,0.0,0.0,0.0,0.94409364,0.055906363,0.0,0.0,0.0
6,4,0.0,0.0,0.0,0.0,0.94409364,0.055906363,0.0,0.0,0.0
6,4,0.0,0.0,0.0,0.0,0.94409364,0.055906363,0.0,0.0,0.0
6,4,0.0,0.0,0.0,0.0,0.94409364,0.055906363,0.0,0.0,0.0
6,4,0.0,0.0,0.0,0.0,0.94409364,0.055906363,0.0,0.0,0.0
6,4,0.0,0.0,0.0,0.0,0.94409364,0.055906363,0.0,0.0,0.0
6,4,0.0,0.0,0.0,0.0,0.94409364,0.055906363,0.0,0.0,0.0
6,4,0.0,0.0,0.0,0.0,0.94409364,0.055906363,0.0,0.0,0.0
6,4,0.0,0.0,0.0,0.0,0.94409364,0.055906363,0.0,0.0,0.0
6,4,0.0,0.0,0.0,0.0,0.94409364,0.055906363,0.0,0.0,0.0
6,4,0.0,0.0,0.0,0.0,0.94409364,0.055906363,0.0,0.0,0.0
6,4,0.0,0.0,0.0,0.0,0.94409364,0.055906363,0.0,0.0,0.0
6,4,0.0,0.0,0.0,0.0,0.94409364,0.055906363,0.0,0.0,0.0
6,4,0.0,0.0,0.0,0.0,0.94409364,0.055906363,0.0,0.0,0.0
6,4,0.0,0.0,0.0,0.0,0.94409364,0.055906363,0.0,0.0,0.0
6,4,0.0,0.0,0.0,0.0,0.94409364,0.055906363,0.0,0.0,0.0
6,4,0.0,0.0,0.0,0.0,0.94409364,0.055906363,0.0,0.0,0.0
6,4,0.0,0.0,0.0,0.0,0.94409364,0.055906363,0.0,0.0,0.0
6,4,0.0,0.0,0.0,0.0,0.94409364,0.055906363,0.0,0.0,0.0
6,4,0.0,0.0,0.0,0.0,0.94409364,0.055906363,0.0,0.0,0.0
6,4,0.0,0.0,0.0,0.0,0.94409364,0.055906363,0.0,0.0,0.0
6,4,0.0,0.0,0.0,0.0,0.94409364,0.055906363,0.0,0.0,0.0
6,4,0.0,0.0,0.0,0.0,0.94409364,0.055906363,0.0,0.0,0.0
6,4,0.0,0.0,0.0,0.0,0.94409364,0.055906363,0.0,0.0,0.0
6,4,0.0,0.0,0.0,0.0,0.94409364,0.055906363,0.0,0.0,0.0
6,4,0.0,0.0,0.0,0.0,0.94409364,0.055906363,0.0,0.0,0.0
6,4,0.0,0.0,0.0,0.0,0.94409364,0.055906363,0.0,0.0,0.0
6,4,0.0,0.0,0.0,0.0,0.94409364,0.055906363,0.0,0.0,0.0
6,4,0.0,0.0,0.0,0.0,0.94409364,0.055906363,0.0,0.0,0.0
6,4,0.0,0.0,0.0,0.0,0.94409364,0.055906363,0.0,0.0,0.0
6,4,0.0,0.0,0.0,0.0,0.94409364,0.055906363,0.0,0.0,0.0
6,4,0.0,0.0,0.0,0.0,0.94409364,0.055906363,0.0,0.0,0.0
6,4,0.0,0.0,0.0,0.0,0.94409364,0.055906363,0.0,0.0,0.0
6,4,0.0,0.0,0.0,0.0,0.94409364,0.055906363,0.0,0.0,0.0
6,4,0.0,0.0,0.0,0.0,0.94409364,0.055906363,0.0,0.0,0.0
6,4,0.0,0.0,0.0,0.0,0.94409364,0.055906363,0.0,0.0,0.0
6,4,0.0,0.0,0.0,0.0,0.94409364,0.055906363,0.0,0.0,0.0
6,4,0.0,0.0,0.0,0.0,0.94409364,0.055906363,0.0,0.0,0.0
6,4,0.0,0.0,0.0,0.0,0.94409364,0.055906363,0.0,0.0,0.0
6,4,0.0,0.0,0.0,0.0,0.94409364,0.055906363,0.0,0.0,0.0
6,4,0.0,0.0,0.0,0.0,0.94409364,0.055906363,0.0,0.0,0.0
6,4,0.0,0.0,0.0,0.0,0.94409364,0.055906363,0.0,0.0,0.0
6,4,0.0,0.0,0.0,0.0,0.94409364,0.055906363,0.0,0.0,0.0
6,4,0.0,0.0,0.0,0.0,0.94409364,0.055906363,0.0,0.0,0.0
6,4,0.0,0.0,0.0,0.0,0.94409364,0.055906363,0.0,0.0,0.0
6,4,0.0,0.0,0.0,0.0,0.94409364,0.055906363,0.0,0.0,0.0
6,4,0.0,0.0,0.0,0.0,0.94409364,0.055906363,0.0,0.0,0.0
6,4,0.0,0.0,0.0,0.0,0.94409364,0.055906363,0.0,0.0,0.0
6,4,0.0,0.0,0.0,0.0,0.94409364,0.055906363,0.0,0.0,0.0
6,4,0.0,0.0,0.0,0.0,0.94409364,0.055906363,0.0,0.0,0.0
6,4,0.0,0.0,0.0,0.0,0.94409364,0.055906363,0.0,0.0,0.0
6,4,0.0,0.0,0.0,0.0,0.94409364,0.055906363,0.0,0.0,0.0
6,4,0.0,0.0,0.0,0.0,1.0,0.0,0.0,0.0,0.0
6,4,0.0,0.0,0.0,0.0,1.0,0.0,0.0,0.0,0.0
6,4,0.0,0.0,0.0,0.0,1.0,0.0,0.0,0.0,0.0
6,4,0.0,0.0,0.0,0.0,1.0,0.0,0.0,0.0,0.0
6,4,0.0,0.0,0.0,0.0,1.0,0.0,0.0,0.0,0.0
6,4,0.0,0.0,0.0,0.0,1.0,0.0,0.0,0.0,0.0
6,4,0.0,0.0,0.0,0.0,1.0,0.0,0.0,0.0,0.0
6,4,0.0,0.0,0.0,0.0,1.0,0.0,0.0,0.0,0.0
6,4,0.0,0.0,0.0,0.0,1.0,0.0,0.0,0.0,0.0
6,4,0.0,0.0,0.0,0.0,1.0,0.0,0.0,0.0,0.0
6,4,0.0,0.0,0.0,0.0,1.0,0.0,0.0,0.0,0.0
6,4,0.0,0.0,0.0,0.0,1.0,0.0,0.0,0.0,0.0
6,4,0.0,0.0,0.0,0.0,1.0,0.0,0.0,0.0,0.0
6,4,0.0,0.0,0.0,0.0,1.0,0.0,0.0,0.0,0.0
6,4,0.0,0.0,0.0,0.0,1.0,0.0,0.0,0.0,0.0
6,4,0.0,0.0,0.0,0.0,1.0,0.0,0.0,0.0,0.0
6,4,0.0,0.0,0.0,0.0,1.0,0.0,0.0,0.0,0.0
6,4,0.0,0.0,0.0,0.0,1.0,0.0,0.0,0.0,0.0
6,4,0.0,0.0,0.0,0.0,1.0,0.0,0.0,0.0,0.0
6,4,0.0,0.0,0.0,0.0,1.0,0.0,0.0,0.0,0.0
6,4,0.0,0.0,0.0,0.0,1.0,0.0,0.0,0.0,0.0
6,4,0.0,0.0,0.0,0.0,1.0,0.0,0.0,0.0,0.0
6,4,0.0,0.0,0.0,0.0,1.0,0.0,0.0,0.0,0.0
6,4,0.0,0.0,0.0,0.0,1.0,0.0,0.0,0.0,0.0
6,4,0.0,0.0,0.0,0.0,1.0,0.0,0.0,0.0,0.0
6,4,0.0,0.0,0.0,0.0,1.0,0.0,0.0,0.0,0.0
6,4,0.0,0.0,0.0,0.0,1.0,0.0,0.0,0.0,0.0
6,4,0.0,0.0,0.0,0.0,1.0,0.0,0.0,0.0,0.0
6,4,0.0,0.0,0.0,0.0,1.0,0.0,0.0,0.0,0.0
6,4,0.0,0.0,0.0,0.0,1.0,0.0,0.0,0.0,0.0
6,4,0.0,0.0,0.0,0.0,1.0,0.0,0.0,0.0,0.0
6,4,0.0,0.0,0.0,0.0,1.0,0.0,0.0,0.0,0.0
6,4,0.0,0.0,0.0,0.0,1.0,0.0,0.0,0.0,0.0
6,4,0.0,0.0,0.0,0.0,1.0,0.0,0.0,0.0,0.0
6,4,0.0,0.0,0.0,0.0,1.0,0.0,0.0,0.0,0.0
6,4,0.0,0.0,0.0,0.0,1.0,0.0,0.0,0.0,0.0
6,4,0.0,0.0,0.0,0.0,1.0,0.0,0.0,0.0,0.0
6,4,0.0,0.0,0.0,0.0,1.0,0.0,0.0,0.0,0.0
6,4,0.0,0.0,0.0,0.0,1.0,0.0,0.0,0.0,0.0
6,4,0.0,0.0,0.0,0.0,1.0,0.0,0.0,0.0,0.0
6,4,0.0,0.0,0.0,0.0,1.0,0.0,0.0,0.0,0.0
6,4,0.0,0.0,0.0,0.0,1.0,0.0,0.0,0.0,0.0
6,4,0.0,0.0,0.0,0.0,1.0,0.0,0.0,0.0,0.0
6,4,0.0,0.0,0.0,0.0,1.0,0.0,0.0,0.0,0.0
6,4,0.0,0.0,0.0,0.0,1.0,0.0,0.0,0.0,0.0
6,4,0.0,0.0,0.0,0.0,1.0,0.0,0.0,0.0,0.0
6,4,0.0,0.0,0.0,0.0,1.0,0.0,0.0,0.0,0.0
6,4,0.0,0.0,0.0,0.0,1.0,0.0,0.0,0.0,0.0
6,4,0.0,0.0,0.0,0.0,1.0,0.0,0.0,0.0,0.0
6,4,0.0,0.0,0.0,0.0,1.0,0.0,0.0,0.0,0.0
6,4,0.0,0.0,0.0,0.0,1.0,0.0,0.0,0.0,0.0
6,4,0.0,0.0,0.0,0.0,1.0,0.0,0.0,0.0,0.0
6,4,0.0,0.0,0.0,0.0,1.0,0.0,0.0,0.0,0.0
6,4,0.0,0.0,0.0,0.0,1.0,0.0,0.0,0.0,0.0
6,4,0.0,0.0,0.0,0.0,1.0,0.0,0.0,0.0,0.0
6,4,0.0,0.0,0.0,0.0,1.0,0.0,0.0,0.0,0.0
6,4,0.0,0.0,0.0,0.0,1.0,0.0,0.0,0.0,0.0
6,4,0.0,0.0,0.0,0.0,1.0,0.0,0.0,0.0,0.0
6,4,0.0,0.0,0.0,0.0,1.0,0.0,0.0,0.0,0.0
6,4,0.0,0.0,0.0,0.0,1.0,0.0,0.0,0.0,0.0
6,4,0.0,0.0,0.0,0.0,1.0,0.0,0.0,0.0,0.0
6,4,0.0,0.0,0.0,0.0,1.0,0.0,0.0,0.0,0.0
6,4,0.0,0.0,0.0,0.0,1.0,0.0,0.0,0.0,0.0
6,4,0.0,0.0,0.0,0.0,1.0,0.0,0.0,0.0,0.0
6,4,0.0,0.0,0.0,0.0,1.0,0.0,0.0,0.0,0.0
6,4,0.0,0.0,0.0,0.0,1.0,0.0,0.0,0.0,0.0
6,4,0.0,0.0,0.0,0.0,1.0,0.0,0.0,0.0,0.0
6,4,0.0,0.0,0.0,0.0,1.0,0.0,0.0,0.0,0.0
6,4,0.0,0.0,0.0,0.0,1.0,0.0,0.0,0.0,0.0
6,4,0.0,0.0,0.0,0.0,1.0,0.0,0.0,0.0,0.0
6,4,0.0,0.0,0.0,0.0,1.0,0.0,0.0,0.0,0.0
6,4,0.0,0.0,0.0,0.0,1.0,0.0,0.0,0.0,0.0
6,4,0.0,0.0,0.0,0.0,1.0,0.0,0.0,0.0,0.0
6,4,0.0,0.0,0.0,0.0,1.0,0.0,0.0,0.0,0.0
6,4,0.0,0.0,0.0,0.0,1.0,0.0,0.0,0.0,0.0
6,4,0.0,0.0,0.0,0.0,1.0,0.0,0.0,0.0,0.0
6,4,0.0,0.0,0.0,0.0,1.0,0.0,0.0,0.0,0.0
6,4,0.0,0.0,0.0,0.0,1.0,0.0,0.0,0.0,0.0
6,4,0.0,0.0,0.0,0.0,1.0,0.0,0.0,0.0,0.0
6,4,0.0,0.0,0.0,0.0,1.0,0.0,0.0,0.0,0.0
6,4,0.0,0.0,0.0,0.0,1.0,0.0,0.0,0.0,0.0
6,4,0.0,0.0,0.0,0.0,1.0,0.0,0.0,0.0,0.0
6,4,0.0,0.0,0.0,0.0,1.0,0.0,0.0,0.0,0.0
6,4,0.0,0.0,0.0,0.0,1.0,0.0,0.0,0.0,0.0
6,4,0.0,0.0,0.0,0.0,1.0,0.0,0.0,0.0,0.0
6,4,0.0,0.0,0.0,0.0,1.0,0.0,0.0,0.0,0.0
6,4,0.0,0.0,0.0,0.0,1.0,0.0,0.0,0.0,0.0
6,4,0.0,0.0,0.0,0.0,1.0,0.0,0.0,0.0,0.0
6,4,0.0,0.0,0.0,0.0,1.0,0.0,0.0,0.0,0.0
6,4,0.0,0.0,0.0,0.0,1.0,0.0,0.0,0.0,0.0
6,4,0.0,0.0,0.0,0.0,1.0,0.0,0.0,0.0,0.0
6,4,0.0,0.0,0.0,0.0,1.0,0.0,0.0,0.0,0.0
6,4,0.0,0.0,0.0,0.0,1.0,0.0,0.0,0.0,0.0
6,4,0.0,0.0,0.0,0.0,1.0,0.0,0.0,0.0,0.0
6,4,0.0,0.0,0.0,0.0,1.0,0.0,0.0,0.0,0.0
6,4,0.0,0.0,0.0,0.0,1.0,0.0,0.0,0.0,0.0
6,4,0.0,0.0,0.0,0.0,1.0,0.0,0.0,0.0,0.0
6,4,0.0,0.0,0.0,0.0,1.0,0.0,0.0,0.0,0.0
6,4,0.0,0.0,0.0,0.0,1.0,0.0,0.0,0.0,0.0
6,4,0.0,0.0,0.0,0.0,1.0,0.0,0.0,0.0,0.0
6,4,0.0,0.0,0.0,0.0,1.0,0.0,0.0,0.0,0.0
6,4,0.0,0.0,0.0,0.0,1.0,0.0,0.0,0.0,0.0
6,4,0.0,0.0,0.0,0.0,1.0,0.0,0.0,0.0,0.0
6,4,0.0,0.0,0.0,0.0,1.0,0.0,0.0,0.0,0.0
6,4,0.0,0.0,0.0,0.0,1.0,0.0,0.0,0.0,0.0
6,4,0.0,0.0,0.0,0.0,1.0,0.0,0.0,0.0,0.0
6,4,0.0,0.0,0.0,0.0,1.0,0.0,0.0,0.0,0.0
6,4,0.0,0.0,0.0,0.0,1.0,0.0,0.0,0.0,0.0
6,4,0.0,0.0,0.0,0.0,1.0,0.0,0.0,0.0,0.0
6,4,0.0,0.0,0.0,0.0,1.0,0.0,0.0,0.0,0.0
6,4,0.0,0.0,0.0,0.0,1.0,0.0,0.0,0.0,0.0
6,4,0.0,0.0,0.0,0.0,1.0,0.0,0.0,0.0,0.0
6,4,0.0,0.0,0.0,0.0,1.0,0.0,0.0,0.0,0.0
6,4,0.0,0.0,0.0,0.0,1.0,0.0,0.0,0.0,0.0
6,4,0.0,0.0,0.0,0.0,1.0,0.0,0.0,0.0,0.0
6,4,0.0,0.0,0.0,0.0,1.0,0.0,0.0,0.0,0.0
6,4,0.0,0.0,0.0,0.0,1.0,0.0,0.0,0.0,0.0
6,4,0.0,0.0,0.0,0.0,1.0,0.0,0.0,0.0,0.0
6,4,0.0,0.0,0.0,0.0,1.0,0.0,0.0,0.0,0.0
6,4,0.0,0.0,0.0,0.0,1.0,0.0,0.0,0.0,0.0
6,4,0.0,0.0,0.0,0.0,1.0,0.0,0.0,0.0,0.0
6,4,0.0,0.0,0.0,0.0,1.0,0.0,0.0,0.0,0.0
6,4,0.0,0.0,0.0,0.0,1.0,0.0,0.0,0.0,0.0
6,4,0.0,0.0,0.0,0.0,1.0,0.0,0.0,0.0,0.0
6,4,0.0,0.0,0.0,0.0,1.0,0.0,0.0,0.0,0.0
6,4,0.0,0.0,0.0,0.0,1.0,0.0,0.0,0.0,0.0
6,4,0.0,0.0,0.0,0.0,1.0,0.0,0.0,0.0,0.0
6,4,0.0,0.0,0.0,0.0,1.0,0.0,0.0,0.0,0.0
6,4,0.0,0.0,0.0,0.0,1.0,0.0,0.0,0.0,0.0
6,4,0.0,0.0,0.0,0.0,1.0,0.0,0.0,0.0,0.0
6,4,0.0,0.0,0.0,0.0,1.0,0.0,0.0,0.0,0.0
6,4,0.0,0.0,0.0,0.0,1.0,0.0,0.0,0.0,0.0
6,4,0.0,0.0,0.0,0.0,1.0,0.0,0.0,0.0,0.0
6,4,0.0,0.0,0.0,0.0,1.0,0.0,0.0,0.0,0.0
6,4,0.0,0.0,0.0,0.0,1.0,0.0,0.0,0.0,0.0
6,4,0.0,0.0,0.0,0.0,1.0,0.0,0.0,0.0,0.0
6,4,0.0,0.0,0.0,0.0,1.0,0.0,0.0,0.0,0.0
6,4,0.0,0.0,0.0,0.0,1.0,0.0,0.0,0.0,0.0
6,4,0.0,0.0,0.0,0.0,1.0,0.0,0.0,0.0,0.0
6,4,0.0,0.0,0.0,0.0,1.0,0.0,0.0,0.0,0.0
6,4,0.0,0.0,0.0,0.0,1.0,0.0,0.0,0.0,0.0
6,4,0.0,0.0,0.0,0.0,1.0,0.0,0.0,0.0,0.0
6,4,0.0,0.0,0.0,0.0,1.0,0.0,0.0,0.0,0.0
6,4,0.0,0.0,0.0,0.0,1.0,0.0,0.0,0.0,0.0
6,4,0.0,0.0,0.0,0.0,1.0,0.0,0.0,0.0,0.0
6,4,0.0,0.0,0.0,0.0,1.0,0.0,0.0,0.0,0.0
6,4,0.0,0.0,0.0,0.0,1.0,0.0,0.0,0.0,0.0
6,4,0.0,0.0,0.0,0.0,1.0,0.0,0.0,0.0,0.0
6,4,0.0,0.0,0.0,0.0,1.0,0.0,0.0,0.0,0.0
6,4,0.0,0.0,0.0,0.0,1.0,0.0,0.0,0.0,0.0
6,4,0.0,0.0,0.0,0.0,1.0,0.0,0.0,0.0,0.0
6,4,0.0,0.0,0.0,0.0,1.0,0.0,0.0,0.0,0.0
6,4,0.0,0.0,0.0,0.0,1.0,0.0,0.0,0.0,0.0
6,4,0.0,0.0,0.0,0.0,1.0,0.0,0.0,0.0,0.0
6,4,0.0,0.0,0.0,0.0,1.0,0.0,0.0,0.0,0.0
6,4,0.0,0.0,0.0,0.0,1.0,0.0,0.0,0.0,0.0
6,4,0.0,0.0,0.0,0.0,1.0,0.0,0.0,0.0,0.0
6,4,0.0,0.0,0.0,0.0,1.0,0.0,0.0,0.0,0.0
6,4,0.0,0.0,0.0,0.0,1.0,0.0,0.0,0.0,0.0
6,4,0.0,0.0,0.0,0.0,1.0,0.0,0.0,0.0,0.0
6,4,0.0,0.0,0.0,0.0,1.0,0.0,0.0,0.0,0.0
6,4,0.0,0.0,0.0,0.0,1.0,0.0,0.0,0.0,0.0
6,4,0.0,0.0,0.0,0.0,1.0,0.0,0.0,0.0,0.0
6,4,0.0,0.0,0.0,0.0,1.0,0.0,0.0,0.0,0.0
6,4,0.0,0.0,0.0,0.0,1.0,0.0,0.0,0.0,0.0
6,4,0.0,0.0,0.0,0.0,1.0,0.0,0.0,0.0,0.0
6,4,0.0,0.0,0.0,0.0,1.0,0.0,0.0,0.0,0.0
6,4,0.0,0.0,0.0,0.0,1.0,0.0,0.0,0.0,0.0
6,4,0.0,0.0,0.0,0.0,1.0,0.0,0.0,0.0,0.0
6,4,0.0,0.0,0.0,0.0,1.0,0.0,0.0,0.0,0.0
6,4,0.0,0.0,0.0,0.0,1.0,0.0,0.0,0.0,0.0
6,4,0.0,0.0,0.0,0.0,1.0,0.0,0.0,0.0,0.0
6,4,0.0,0.0,0.0,0.0,1.0,0.0,0.0,0.0,0.0
6,4,0.0,0.0,0.0,0.0,1.0,0.0,0.0,0.0,0.0
6,4,0.0,0.0,0.0,0.0,1.0,0.0,0.0,0.0,0.0
6,4,0.0,0.0,0.0,0.0,1.0,0.0,0.0,0.0,0.0
6,4,0.0,0.0,0.0,0.0,1.0,0.0,0.0,0.0,0.0
6,4,0.0,0.0,0.0,0.0,1.0,0.0,0.0,0.0,0.0
6,4,0.0,0.0,0.0,0.0,1.0,0.0,0.0,0.0,0.0
6,4,0.0,0.0,0.0,0.0,1.0,0.0,0.0,0.0,0.0
6,4,0.0,0.0,0.0,0.0,1.0,0.0,0.0,0.0,0.0
6,4,0.0,0.0,0.0,0.0,1.0,0.0,0.0,0.0,0.0
6,4,0.0,0.0,0.0,0.0,1.0,0.0,0.0,0.0,0.0
6,4,0.0,0.0,0.0,0.0,1.0,0.0,0.0,0.0,0.0
6,4,0.0,0.0,0.0,0.0,1.0,0.0,0.0,0.0,0.0
6,4,0.0,0.0,0.0,0.0,1.0,0.0,0.0,0.0,0.0
6,4,0.0,0.0,0.0,0.0,1.0,0.0,0.0,0.0,0.0
6,4,0.0,0.0,0.0,0.0,1.0,0.0,0.0,0.0,0.0
6,4,0.0,0.0,0.0,0.0,1.0,0.0,0.0,0.0,0.0
6,4,0.0,0.0,0.0,0.0,1.0,0.0,0.0,0.0,0.0
6,4,0.0,0.0,0.0,0.0,1.0,0.0,0.0,0.0,0.0
6,4,0.0,0.0,0.0,0.0,1.0,0.0,0.0,0.0,0.0
6,4,0.0,0.0,0.0,0.0,1.0,0.0,0.0,0.0,0.0
6,4,0.0,0.0,0.0,0.0,1.0,0.0,0.0,0.0,0.0
6,4,0.0,0.0,0.0,0.0,1.0,0.0,0.0,0.0,0.0
6,4,0.0,0.0,0.0,0.0,1.0,0.0,0.0,0.0,0.0
6,4,0.0,0.0,0.0,0.0,1.0,0.0,0.0,0.0,0.0
6,4,0.0,0.0,0.0,0.0,1.0,0.0,0.0,0.0,0.0
6,4,0.0,0.0,0.0,0.0,1.0,0.0,0.0,0.0,0.0
6,4,0.0,0.0,0.0,0.0,1.0,0.0,0.0,0.0,0.0
6,4,0.0,0.0,0.0,0.0,1.0,0.0,0.0,0.0,0.0
6,4,0.0,0.0,0.0,0.0,1.0,0.0,0.0,0.0,0.0
6,4,0.0,0.0,0.0,0.0,1.0,0.0,0.0,0.0,0.0
6,4,0.0,0.0,0.0,0.0,1.0,0.0,0.0,0.0,0.0
6,4,0.0,0.0,0.0,0.0,1.0,0.0,0.0,0.0,0.0
6,4,0.0,0.0,0.0,0.0,1.0,0.0,0.0,0.0,0.0
6,4,0.0,0.0,0.0,0.0,1.0,0.0,0.0,0.0,0.0
6,4,0.0,0.0,0.0,0.0,1.0,0.0,0.0,0.0,0.0
6,4,0.0,0.0,0.0,0.0,1.0,0.0,0.0,0.0,0.0
6,4,0.0,0.0,0.0,0.0,1.0,0.0,0.0,0.0,0.0
6,4,0.0,0.0,0.0,0.0,1.0,0.0,0.0,0.0,0.0
6,4,0.0,0.0,0.0,0.0,1.0,0.0,0.0,0.0,0.0
6,4,0.0,0.0,0.0,0.0,1.0,0.0,0.0,0.0,0.0
6,4,0.0,0.0,0.0,0.0,1.0,0.0,0.0,0.0,0.0
6,4,0.0,0.0,0.0,0.0,1.0,0.0,0.0,0.0,0.0
6,4,0.0,0.0,0.0,0.0,1.0,0.0,0.0,0.0,0.0
6,4,0.0,0.0,0.0,0.0,1.0,0.0,0.0,0.0,0.0
6,4,0.0,0.0,0.0,0.0,1.0,0.0,0.0,0.0,0.0
6,4,0.0,0.0,0.0,0.0,1.0,0.0,0.0,0.0,0.0
6,4,0.0,0.0,0.0,0.0,1.0,0.0,0.0,0.0,0.0
6,4,0.0,0.0,0.0,0.0,1.0,0.0,0.0,0.0,0.0
6,4,0.0,0.0,0.0,0.0,1.0,0.0,0.0,0.0,0.0
6,4,0.0,0.0,0.0,0.0,1.0,0.0,0.0,0.0,0.0
6,4,0.0,0.0,0.0,0.0,1.0,0.0,0.0,0.0,0.0
6,4,0.0,0.0,0.0,0.0,1.0,0.0,0.0,0.0,0.0
6,4,0.0,0.0,0.0,0.0,1.0,0.0,0.0,0.0,0.0
6,4,0.0,0.0,0.0,0.0,1.0,0.0,0.0,0.0,0.0
6,4,0.0,0.0,0.0,0.0,1.0,0.0,0.0,0.0,0.0
6,4,0.0,0.0,0.0,0.0,1.0,0.0,0.0,0.0,0.0
6,4,0.0,0.0,0.0,0.0,1.0,0.0,0.0,0.0,0.0
6,4,0.0,0.0,0.0,0.0,1.0,0.0,0.0,0.0,0.0
6,4,0.0,0.0,0.0,0.0,1.0,0.0,0.0,0.0,0.0
6,4,0.0,0.0,0.0,0.0,1.0,0.0,0.0,0.0,0.0
6,4,0.0,0.0,0.0,0.0,1.0,0.0,0.0,0.0,0.0
6,4,0.0,0.0,0.0,0.0,1.0,0.0,0.0,0.0,0.0
6,4,0.0,0.0,0.0,0.0,1.0,0.0,0.0,0.0,0.0
6,4,0.0,0.0,0.0,0.0,1.0,0.0,0.0,0.0,0.0
6,4,0.0,0.0,0.0,0.0,1.0,0.0,0.0,0.0,0.0
6,4,0.0,0.0,0.0,0.0,1.0,0.0,0.0,0.0,0.0
6,4,0.0,0.0,0.0,0.0,1.0,0.0,0.0,0.0,0.0
6,4,0.0,0.0,0.0,0.0,1.0,0.0,0.0,0.0,0.0
6,4,0.0,0.0,0.0,0.0,1.0,0.0,0.0,0.0,0.0
6,4,0.0,0.0,0.0,0.0,1.0,0.0,0.0,0.0,0.0
6,4,0.0,0.0,0.0,0.0,1.0,0.0,0.0,0.0,0.0
6,4,0.0,0.0,0.0,0.0,1.0,0.0,0.0,0.0,0.0
6,4,0.0,0.0,0.0,0.0,1.0,0.0,0.0,0.0,0.0
6,4,0.0,0.0,0.0,0.0,1.0,0.0,0.0,0.0,0.0
6,4,0.0,0.0,0.0,0.0,1.0,0.0,0.0,0.0,0.0
6,4,0.0,0.0,0.0,0.0,1.0,0.0,0.0,0.0,0.0
6,4,0.0,0.0,0.0,0.0,1.0,0.0,0.0,0.0,0.0
6,4,0.0,0.0,0.0,0.0,1.0,0.0,0.0,0.0,0.0
6,4,0.0,0.0,0.0,0.0,1.0,0.0,0.0,0.0,0.0
6,4,0.0,0.0,0.0,0.0,1.0,0.0,0.0,0.0,0.0
6,4,0.0,0.0,0.0,0.0,1.0,0.0,0.0,0.0,0.0
6,4,0.0,0.0,0.0,0.0,1.0,0.0,0.0,0.0,0.0
6,4,0.0,0.0,0.0,0.0,1.0,0.0,0.0,0.0,0.0
6,4,0.0,0.0,0.0,0.0,0.8713098,0.1286902,0.0,0.0,0.0
6,4,0.0,0.0,0.0,0.0,0.8713098,0.1286902,0.0,0.0,0.0
6,4,0.0,0.0,0.0,0.0,0.8713098,0.1286902,0.0,0.0,0.0
6,4,0.0,0.0,0.0,0.0,0.8713098,0.1286902,0.0,0.0,0.0
6,4,0.0,0.0,0.0,0.0,0.8713098,0.1286902,0.0,0.0,0.0
6,4,0.0,0.0,0.0,0.0,0.8713098,0.1286902,0.0,0.0,0.0
6,4,0.0,0.0,0.0,0.0,0.8713098,0.1286902,0.0,0.0,0.0
6,4,0.0,0.0,0.0,0.0,0.8713098,0.1286902,0.0,0.0,0.0
6,4,0.0,0.0,0.0,0.0,0.8713098,0.1286902,0.0,0.0,0.0
6,4,0.0,0.0,0.0,0.0,0.8713098,0.1286902,0.0,0.0,0.0
6,4,0.0,0.0,0.0,0.0,0.8713098,0.1286902,0.0,0.0,0.0
6,4,0.0,0.0,0.0,0.0,0.8713098,0.1286902,0.0,0.0,0.0
6,4,0.0,0.0,0.0,0.0,0.8713098,0.1286902,0.0,0.0,0.0
6,4,0.0,0.0,0.0,0.0,0.8713098,0.1286902,0.0,0.0,0.0
6,4,0.0,0.0,0.0,0.0,0.8713098,0.1286902,0.0,0.0,0.0
6,4,0.0,0.0,0.0,0.0,0.8713098,0.1286902,0.0,0.0,0.0
6,4,0.0,0.0,0.0,0.0,0.8713098,0.1286902,0.0,0.0,0.0
6,4,0.0,0.0,0.0,0.0,0.8713098,0.1286902,0.0,0.0,0.0
6,4,0.0,0.0,0.0,0.0,0.8713098,0.1286902,0.0,0.0,0.0
6,4,0.0,0.0,0.0,0.0,0.8713098,0.1286902,0.0,0.0,0.0
6,4,0.0,0.0,0.0,0.0,0.8713098,0.1286902,0.0,0.0,0.0
6,4,0.0,0.0,0.0,0.0,0.8713098,0.1286902,0.0,0.0,0.0
6,4,0.0,0.0,0.0,0.0,0.8713098,0.1286902,0.0,0.0,0.0
6,4,0.0,0.0,0.0,0.0,0.8713098,0.1286902,0.0,0.0,0.0
6,4,0.0,0.0,0.0,0.0,0.8713098,0.1286902,0.0,0.0,0.0
6,4,0.0,0.0,0.0,0.0,0.8713098,0.1286902,0.0,0.0,0.0
6,4,0.0,0.0,0.0,0.0,0.8713098,0.1286902,0.0,0.0,0.0
6,4,0.0,0.0,0.0,0.0,0.8713098,0.1286902,0.0,0.0,0.0
6,4,0.0,0.0,0.0,0.0,0.8713098,0.1286902,0.0,0.0,0.0
6,4,0.0,0.0,0.0,0.0,0.8713098,0.1286902,0.0,0.0,0.0
6,4,0.0,0.0,0.0,0.0,0.8713098,0.1286902,0.0,0.0,0.0
6,4,0.0,0.0,0.0,0.0,0.8713098,0.1286902,0.0,0.0,0.0
6,4,0.0,0.0,0.0,0.0,0.8713098,0.1286902,0.0,0.0,0.0
6,4,0.0,0.0,0.0,0.0,0.8713098,0.1286902,0.0,0.0,0.0
6,4,0.0,0.0,0.0,0.0,0.8713098,0.1286902,0.0,0.0,0.0
6,4,0.0,0.0,0.0,0.0,0.8713098,0.1286902,0.0,0.0,0.0
6,4,0.0,0.0,0.0,0.0,0.8713098,0.1286902,0.0,0.0,0.0
6,4,0.0,0.0,0.0,0.0,0.8713098,0.1286902,0.0,0.0,0.0
6,4,0.0,0.0,0.0,0.0,0.8713098,0.1286902,0.0,0.0,0.0
6,4,0.0,0.0,0.0,0.0,0.8713098,0.1286902,0.0,0.0,0.0
6,4,0.0,0.0,0.0,0.0,0.8713098,0.1286902,0.0,0.0,0.0
6,4,0.0,0.0,0.0,0.0,0.8713098,0.1286902,0.0,0.0,0.0
6,4,0.0,0.0,0.0,0.0,0.8713098,0.1286902,0.0,0.0,0.0
6,4,0.0,0.0,0.0,0.0,0.8713098,0.1286902,0.0,0.0,0.0
6,4,0.0,0.0,0.0,0.0,0.8713098,0.1286902,0.0,0.0,0.0
6,4,0.0,0.0,0.0,0.0,0.8713098,0.1286902,0.0,0.0,0.0
6,4,0.0,0.0,0.0,0.0,0.8713098,0.1286902,0.0,0.0,0.0
6,4,0.0,0.0,0.0,0.0,0.8713098,0.1286902,0.0,0.0,0.0
6,4,0.0,0.0,0.0,0.0,0.8046824,0.19531761,0.0,0.0,0.0
6,4,0.0,0.0,0.0,0.0,0.8046824,0.19531761,0.0,0.0,0.0
6,4,0.0,0.0,0.0,0.0,0.8046824,0.19531761,0.0,0.0,0.0
6,4,0.0,0.0,0.0,0.0,0.8046824,0.19531761,0.0,0.0,0.0
6,4,0.0,0.0,0.0,0.0,0.8046824,0.19531761,0.0,0.0,0.0
6,4,0.0,0.0,0.0,0.0,0.8046824,0.19531761,0.0,0.0,0.0
6,4,0.0,0.0,0.0,0.0,0.8046824,0.19531761,0.0,0.0,0.0
6,4,0.0,0.0,0.0,0.0,0.8046824,0.19531761,0.0,0.0,0.0
6,4,0.0,0.0,0.0,0.0,0.8046824,0.19531761,0.0,0.0,0.0
6,4,0.0,0.0,0.0,0.0,0.8046824,0.19531761,0.0,0.0,0.0
6,4,0.0,0.0,0.0,0.0,0.8046824,0.19531761,0.0,0.0,0.0
6,4,0.0,0.0,0.0,0.0,0.8046824,0.19531761,0.0,0.0,0.0
6,4,0.0,0.0,0.0,0.0,0.8046824,0.19531761,0.0,0.0,0.0
6,4,0.0,0.0,0.0,0.0,0.8046824,0.19531761,0.0,0.0,0.0
6,4,0.0,0.0,0.0,0.0,0.8046824,0.19531761,0.0,0.0,0.0
6,4,0.0,0.0,0.0,0.0,0.8046824,0.19531761,0.0,0.0,0.0
6,4,0.0,0.0,0.0,0.0,0.74220234,0.25779763,0.0,0.0,0.0
6,4,0.0,0.0,0.0,0.0,0.74220234,0.25779763,0.0,0.0,0.0
6,4,0.0,0.0,0.0,0.0,0.74220234,0.25779763,0.0,0.0,0.0
6,4,0.0,0.0,0.0,0.0,0.74220234,0.25779763,0.0,0.0,0.0
6,4,0.0,0.0,0.0,0.0,0.6798368,0.32016322,0.0,0.0,0.0
6,4,0.0,0.0,0.0,0.0,0.6798368,0.32016322,0.0,0.0,0.0
6,4,0.0,0.0,0.0,0.0,0.6798368,0.32016322,0.0,0.0,0.0
6,4,0.0,0.0,0.0,0.0,0.6798368,0.32016322,0.0,0.0,0.0
6,4,0.0,0.0,0.0,0.0,0.6798368,0.32016322,0.0,0.0,0.0
6,4,0.0,0.0,0.0,0.0,0.6798368,0.32016322,0.0,0.0,0.0
6,4,0.0,0.0,0.0,0.0,0.6798368,0.32016322,0.0,0.0,0.0
6,4,0.0,0.0,0.0,0.0,0.6798368,0.32016322,0.0,0.0,0.0
6,4,0.0,0.0,0.0,0.0,0.6798368,0.32016322,0.0,0.0,0.0
6,4,0.0,0.0,0.0,0.0,0.6798368,0.32016322,0.0,0.0,0.0
6,4,0.0,0.0,0.0,0.0,0.6798368,0.32016322,0.0,0.0,0.0
6,4,0.0,0.0,0.0,0.0,0.6798368,0.32016322,0.0,0.0,0.0
6,4,0.0,0.0,0.0,0.0,0.6798368,0.32016322,0.0,0.0,0.0
6,4,0.0,0.0,0.0,0.0,0.6798368,0.32016322,0.0,0.0,0.0
6,4,0.0,0.0,0.0,0.0,0.6798368,0.32016322,0.0,0.0,0.0
6,4,0.0,0.0,0.0,0.0,0.6798368,0.32016322,0.0,0.0,0.0
6,4,0.0,0.0,0.0,0.0,0.6798368,0.32016322,0.0,0.0,0.0
6,4,0.0,0.0,0.0,0.0,0.6798368,0.32016322,0.0,0.0,0.0
6,4,0.0,0.0,0.0,0.0,0.6798368,0.32016322,0.0,0.0,0.0
6,4,0.0,0.0,0.0,0.0,0.6798368,0.32016322,0.0,0.0,0.0
6,4,0.0,0.0,0.0,0.0,0.6235004,0.3764996,0.0,0.0,0.0
6,4,0.0,0.0,0.0,0.0,0.6235004,0.3764996,0.0,0.0,0.0
6,4,0.0,0.0,0.0,0.0,0.6235004,0.3764996,0.0,0.0,0.0
6,4,0.0,0.0,0.0,0.0,0.6235004,0.3764996,0.0,0.0,0.0
6,4,0.0,0.0,0.0,0.0,0.6235004,0.3764996,0.0,0.0,0.0
6,4,0.0,0.0,0.0,0.0,0.6235004,0.3764996,0.0,0.0,0.0
6,4,0.0,0.0,0.0,0.0,0.6235004,0.3764996,0.0,0.0,0.0
6,4,0.0,0.0,0.0,0.0,0.6235004,0.3764996,0.0,0.0,0.0
6,4,0.0,0.0,0.0,0.0,0.6235004,0.3764996,0.0,0.0,0.0
6,4,0.0,0.0,0.0,0.0,0.6235004,0.3764996,0.0,0.0,0.0
6,4,0.0,0.0,0.0,0.0,0.6235004,0.3764996,0.0,0.0,0.0
6,4,0.0,0.0,0.0,0.0,0.6235004,0.3764996,0.0,0.0,0.0
6,4,0.0,0.0,0.0,0.0,0.6235004,0.3764996,0.0,0.0,0.0
6,4,0.0,0.0,0.0,0.0,0.6235004,0.3764996,0.0,0.0,0.0
6,4,0.0,0.0,0.0,0.0,0.6235004,0.3764996,0.0,0.0,0.0
6,4,0.0,0.0,0.0,0.0,0.6235004,0.3764996,0.0,0.0,0.0
6,4,0.0,0.0,0.0,0.0,0.6235004,0.3764996,0.0,0.0,0.0
6,4,0.0,0.0,0.0,0.0,0.6235004,0.3764996,0.0,0.0,0.0
6,4,0.0,0.0,0.0,0.0,0.6235004,0.3764996,0.0,0.0,0.0
6,4,0.0,0.0,0.0,0.0,0.6235004,0.3764996,0.0,0.0,0.0
6,4,0.0,0.0,0.0,0.0,0.6235004,0.3764996,0.0,0.0,0.0
6,4,0.0,0.0,0.0,0.0,0.6235004,0.3764996,0.0,0.0,0.0
6,4,0.0,0.0,0.0,0.0,0.6235004,0.3764996,0.0,0.0,0.0
6,4,0.0,0.0,0.0,0.0,0.6235004,0.3764996,0.0,0.0,0.0
6,4,0.0,0.0,0.0,0.0,0.5999084,0.40009156,0.0,0.0,0.0
6,4,0.0,0.0,0.0,0.0,0.5999084,0.40009156,0.0,0.0,0.0
6,4,0.0,0.0,0.0,0.0,0.5999084,0.40009156,0.0,0.0,0.0
6,4,0.0,0.0,0.0,0.0,0.5999084,0.40009156,0.0,0.0,0.0
6,4,0.0,0.0,0.0,0.0,0.5999084,0.40009156,0.0,0.0,0.0
6,4,0.0,0.0,0.0,0.0,0.5999084,0.40009156,0.0,0.0,0.0
6,4,0.0,0.0,0.0,0.0,0.5999084,0.40009156,0.0,0.0,0.0
6,4,0.0,0.0,0.0,0.0,0.5999084,0.40009156,0.0,0.0,0.0
6,4,0.0,0.0,0.0,0.0,0.5999084,0.40009156,0.0,0.0,0.0
6,4,0.0,0.0,0.0,0.0,0.5999084,0.40009156,0.0,0.0,0.0
6,4,0.0,0.0,0.0,0.0,0.5999084,0.40009156,0.0,0.0,0.0
6,4,0.0,0.0,0.0,0.0,0.5999084,0.40009156,0.0,0.0,0.0
6,4,0.0,0.0,0.0,0.0,0.5999084,0.40009156,0.0,0.0,0.0
6,4,0.0,0.0,0.0,0.0,0.5999084,0.40009156,0.0,0.0,0.0
6,4,0.0,0.0,0.0,0.0,0.5999084,0.40009156,0.0,0.0,0.0
6,4,0.0,0.0,0.0,0.0,0.5999084,0.40009156,0.0,0.0,0.0
6,4,0.0,0.0,0.0,0.0,0.5999084,0.40009156,0.0,0.0,0.0
6,4,0.0,0.0,0.0,0.0,0.5999084,0.40009156,0.0,0.0,0.0
6,4,0.0,0.0,0.0,0.0,0.5999084,0.40009156,0.0,0.0,0.0
6,4,0.0,0.0,0.0,0.0,0.5999084,0.40009156,0.0,0.0,0.0
6,4,0.0,0.0,0.0,0.0,0.5999084,0.40009156,0.0,0.0,0.0
6,4,0.0,0.0,0.0,0.0,0.5999084,0.40009156,0.0,0.0,0.0
6,4,0.0,0.0,0.0,0.0,0.5999084,0.40009156,0.0,0.0,0.0
6,4,0.0,0.0,0.0,0.0,0.5999084,0.40009156,0.0,0.0,0.0
6,4,0.0,0.0,0.0,0.0,0.5999084,0.40009156,0.0,0.0,0.0
6,4,0.0,0.0,0.0,0.0,0.5407484,0.45925158,0.0,0.0,0.0
6,4,0.0,0.0,0.0,0.0,0.5407484,0.45925158,0.0,0.0,0.0
6,4,0.0,0.0,0.0,0.0,0.5407484,0.45925158,0.0,0.0,0.0
6,4,0.0,0.0,0.0,0.0,0.5407484,0.45925158,0.0,0.0,0.0
6,4,0.0,0.0,0.0,0.0,0.5407484,0.45925158,0.0,0.0,0.0
6,4,0.0,0.0,0.0,0.0,0.5407484,0.45925158,0.0,0.0,0.0
6,4,0.0,0.0,0.0,0.0,0.5407484,0.45925158,0.0,0.0,0.0
6,4,0.0,0.0,0.0,0.0,0.5407484,0.45925158,0.0,0.0,0.0
6,4,0.0,0.0,0.0,0.0,0.5407484,0.45925158,0.0,0.0,0.0
6,4,0.0,0.0,0.0,0.0,0.5407484,0.45925158,0.0,0.0,0.0
6,4,0.0,0.0,0.0,0.0,0.5407484,0.45925158,0.0,0.0,0.0
6,4,0.0,0.0,0.0,0.0,0.5407484,0.45925158,0.0,0.0,0.0
6,4,0.0,0.0,0.0,0.0,0.5407484,0.45925158,0.0,0.0,0.0
6,4,0.0,0.0,0.0,0.0,0.5407484,0.45925158,0.0,0.0,0.0
6,4,0.0,0.0,0.0,0.0,0.5407484,0.45925158,0.0,0.0,0.0
6,4,0.0,0.0,0.0,0.0,0.5407484,0.45925158,0.0,0.0,0.0
6,4,0.0,0.0,0.0,0.0,0.5407484,0.45925158,0.0,0.0,0.0
6,4,0.0,0.0,0.0,0.0,0.5407484,0.45925158,0.0,0.0,0.0
6,4,0.0,0.0,0.0,0.0,0.5407484,0.45925158,0.0,0.0,0.0
6,4,0.0,0.0,0.0,0.0,0.5407484,0.45925158,0.0,0.0,0.0
6,4,0.0,0.0,0.0,0.0,0.5407484,0.45925158,0.0,0.0,0.0
6,4,0.0,0.0,0.0,0.0,0.5407484,0.45925158,0.0,0.0,0.0
6,4,0.0,0.0,0.0,0.0,0.5407484,0.45925158,0.0,0.0,0.0
6,4,0.0,0.0,0.0,0.061376616,0.47937182,0.45925158,0.0,0.0,0.0
6,4,0.0,0.0,0.0,0.061376616,0.47937182,0.45925158,0.0,0.0,0.0
6,4,0.0,0.0,0.0,0.061376616,0.47937182,0.45925158,0.0,0.0,0.0
6,4,0.0,0.0,0.0,0.061376616,0.47937182,0.45925158,0.0,0.0,0.0
6,4,0.0,0.0,0.0,0.061376616,0.47937182,0.45925158,0.0,0.0,0.0
6,4,0.0,0.0,0.0,0.061376616,0.47937182,0.45925158,0.0,0.0,0.0
6,4,0.0,0.0,0.0,0.061376616,0.47937182,0.45925158,0.0,0.0,0.0
6,4,0.0,0.0,0.0,0.061376616,0.47937182,0.45925158,0.0,0.0,0.0
6,5,0.0,0.0,0.0,0.061376616,0.41649488,0.5221285,0.0,0.0,0.0
6,5,0.0,0.0,0.0,0.061376616,0.41649488,0.5221285,0.0,0.0,0.0
6,5,0.0,0.0,0.0,0.061376616,0.41649488,0.5221285,0.0,0.0,0.0
6,5,0.0,0.0,0.0,0.061376616,0.41649488,0.5221285,0.0,0.0,0.0
6,5,0.0,0.0,0.0,0.061376616,0.41649488,0.5221285,0.0,0.0,0.0
6,5,0.0,0.0,0.0,0.061376616,0.41649488,0.5221285,0.0,0.0,0.0
6,5,0.0,0.0,0.0,0.061376616,0.41649488,0.5221285,0.0,0.0,0.0
6,5,0.0,0.0,0.0,0.061376616,0.41649488,0.5221285,0.0,0.0,0.0
6,5,0.0,0.0,0.0,0.061376616,0.41649488,0.5221285,0.0,0.0,0.0
6,5,0.0,0.0,0.0,0.061376616,0.41649488,0.5221285,0.0,0.0,0.0
6,5,0.0,0.0,0.0,0.061376616,0.41649488,0.5221285,0.0,0.0,0.0
6,5,0.0,0.0,0.0,0.061376616,0.41649488,0.5221285,0.0,0.0,0.0
6,5,0.0,0.0,0.0,0.061376616,0.41649488,0.5221285,0.0,0.0,0.0
6,5,0.0,0.0,0.0,0.061376616,0.41649488,0.5221285,0.0,0.0,0.0
6,5,0.0,0.0,0.0,0.061376616,0.41649488,0.5221285,0.0,0.0,0.0
6,5,0.0,0.0,0.0,0.061376616,0.41649488,0.5221285,0.0,0.0,0.0
6,5,0.0,0.0,0.0,0.061376616,0.41649488,0.5221285,0.0,0.0,0.0
6,5,0.0,0.0,0.0,0.061376616,0.41649488,0.5221285,0.0,0.0,0.0
6,5,0.0,0.0,0.0,0.061376616,0.41649488,0.5221285,0.0,0.0,0.0
6,5,0.0,0.0,0.0,0.061376616,0.41649488,0.5221285,0.0,0.0,0.0
6,5,0.0,0.0,0.0,0.061376616,0.41649488,0.5221285,0.0,0.0,0.0
6,5,0.0,0.0,0.0,0.061376616,0.41649488,0.5221285,0.0,0.0,0.0
6,5,0.0,0.0,0.0,0.061376616,0.41649488,0.5221285,0.0,0.0,0.0
6,5,0.0,0.0,0.0,0.061376616,0.41649488,0.5221285,0.0,0.0,0.0
6,5,0.0,0.0,0.0,0.061376616,0.41649488,0.5221285,0.0,0.0,0.0
6,5,0.0,0.0,0.0,0.061376616,0.41649488,0.5221285,0.0,0.0,0.0
6,5,0.0,0.0,0.0,0.061376616,0.41649488,0.5221285,0.0,0.0,0.0
6,5,0.0,0.0,0.0,0.061376616,0.41649488,0.5221285,0.0,0.0,0.0
6,5,0.0,0.0,0.0,0.061376616,0.41649488,0.5221285,0.0,0.0,0.0
6,5,0.0,0.0,0.0,0.061376616,0.41649488,0.5221285,0.0,0.0,0.0
6,5,0.0,0.0,0.0,0.061376616,0.41649488,0.5221285,0.0,0.0,0.0
6,5,0.0,0.0,0.0,0.061376616,0.41649488,0.5221285,0.0,0.0,0.0
6,5,0.0,0.0,0.0,0.057757456,0.32084423,0.6213984,0.0,0.0,0.0
6,5,0.0,0.0,0.0,0.057757456,0.32084423,0.6213984,0.0,0.0,0.0
6,5,0.0,0.0,0.0,0.057757456,0.32084423,0.6213984,0.0,0.0,0.0
6,5,0.0,0.0,0.0,0.057757456,0.32084423,0.6213984,0.0,0.0,0.0
6,5,0.0,0.0,0.0,0.057757456,0.32084423,0.6213984,0.0,0.0,0.0
6,5,0.0,0.0,0.0,0.057757456,0.32084423,0.6213984,0.0,0.0,0.0
6,5,0.0,0.0,0.0,0.057757456,0.32084423,0.6213984,0.0,0.0,0.0
6,5,0.0,0.0,0.0,0.057757456,0.32084423,0.6213984,0.0,0.0,0.0
6,5,0.0,0.0,0.0,0.057757456,0.32084423,0.6213984,0.0,0.0,0.0
6,5,0.0,0.0,0.0,0.057757456,0.32084423,0.6213984,0.0,0.0,0.0
6,5,0.0,0.0,0.0,0.057757456,0.32084423,0.6213984,0.0,0.0,0.0
6,5,0.0,0.0,0.0,0.057757456,0.32084423,0.6213984,0.0,0.0,0.0
6,5,0.0,0.0,0.0,0.057757456,0.32084423,0.6213984,0.0,0.0,0.0
6,5,0.0,0.0,0.0,0.057757456,0.32084423,0.6213984,0.0,0.0,0.0
6,5,0.0,0.0,0.0,0.057757456,0.32084423,0.6213984,0.0,0.0,0.0
6,5,0.0,0.0,0.0,0.057757456,0.32084423,0.6213984,0.0,0.0,0.0
6,5,0.0,0.0,0.0,0.057757456,0.32084423,0.6213984,0.0,0.0,0.0
6,5,0.0,0.0,0.0,0.057757456,0.32084423,0.6213984,0.0,0.0,0.0
6,5,0.0,0.0,0.0,0.057757456,0.32084423,0.6213984,0.0,0.0,0.0
6,5,0.0,0.0,0.0,0.057757456,0.32084423,0.6213984,0.0,0.0,0.0
6,5,0.0,0.0,0.0,0.057757456,0.32084423,0.6213984,0.0,0.0,0.0
6,5,0.0,0.0,0.0,0.057757456,0.32084423,0.6213984,0.0,0.0,0.0
6,5,0.0,0.0,0.0,0.057757456,0.32084423,0.6213984,0.0,0.0,0.0
6,5,0.0,0.0,0.0,0.057757456,0.32084423,0.6213984,0.0,0.0,0.0
6,5,0.0,0.0,0.0,0.057757456,0.32084423,0.6213984,0.0,0.0,0.0
6,5,0.0,0.0,0.0,0.057757456,0.32084423,0.6213984,0.0,0.0,0.0
6,5,0.0,0.0,0.0,0.057757456,0.32084423,0.6213984,0.0,0.0,0.0
6,5,0.0,0.0,0.0,0.057757456,0.32084423,0.6213984,0.0,0.0,0.0
6,5,0.0,0.0,0.0,0.057757456,0.32084423,0.6213984,0.0,0.0,0.0
6,5,0.0,0.0,0.0,0.057757456,0.32084423,0.6213984,0.0,0.0,0.0
6,5,0.0,0.0,0.0,0.057757456,0.32084423,0.6213984,0.0,0.0,0.0
6,5,0.0,0.0,0.0,0.057757456,0.32084423,0.6213984,0.0,0.0,0.0
6,5,0.0,0.0,0.0,0.057757456,0.32084423,0.6213984,0.0,0.0,0.0
6,5,0.0,0.0,0.0,0.057757456,0.32084423,0.6213984,0.0,0.0,0.0
6,5,0.0,0.0,0.0,0.057757456,0.32084423,0.6213984,0.0,0.0,0.0
6,5,0.0,0.0,0.0,0.057757456,0.32084423,0.6213984,0.0,0.0,0.0
6,5,0.0,0.0,0.0,0.057757456,0.32084423,0.6213984,0.0,0.0,0.0
6,5,0.0,0.0,0.0,0.057757456,0.32084423,0.6213984,0.0,0.0,0.0
6,5,0.0,0.0,0.0,0.057757456,0.32084423,0.6213984,0.0,0.0,0.0
6,5,0.0,0.0,0.0,0.057757456,0.32084423,0.6213984,0.0,0.0,0.0
6,5,0.0,0.0,0.0,0.057757456,0.32084423,0.6213984,0.0,0.0,0.0
6,5,0.0,0.0,0.0,0.057757456,0.32084423,0.6213984,0.0,0.0,0.0
6,5,0.0,0.0,0.0,0.057757456,0.32084423,0.6213984,0.0,0.0,0.0
6,5,0.0,0.0,0.0,0.057757456,0.32084423,0.6213984,0.0,0.0,0.0
6,5,0.0,0.0,0.0,0.057757456,0.32084423,0.6213984,0.0,0.0,0.0
6,5,0.0,0.0,0.0,0.057757456,0.32084423,0.6213984,0.0,0.0,0.0
6,5,0.0,0.0,0.0,0.057757456,0.32084423,0.6213984,0.0,0.0,0.0
6,5,0.0,0.0,0.0,0.057757456,0.32084423,0.6213984,0.0,0.0,0.0
7,5,0.0,0.0,0.0,0.057757456,0.32084423,0.6213984,0.0,0.0,0.0
7,5,0.0,0.0,0.0,0.057757456,0.32084423,0.6213984,0.0,0.0,0.0
7,5,0.0,0.0,0.0,0.057757456,0.32084423,0.6213984,0.0,0.0,0.0
7,5,0.0,0.0,0.0,0.057757456,0.32084423,0.6213984,0.0,0.0,0.0
7,5,0.0,0.0,0.0,0.057757456,0.32084423,0.6213984,0.0,0.0,0.0
7,5,0.0,0.0,0.0,0.057757456,0.32084423,0.6213984,0.0,0.0,0.0
7,5,0.0,0.0,0.0,0.057757456,0.32084423,0.6213984,0.0,0.0,0.0
7,5,0.0,0.0,0.0,0.057757456,0.32084423,0.6213984,0.0,0.0,0.0
7,5,0.0,0.0,0.0,0.057757456,0.26273918,0.6795034,0.0,0.0,0.0
7,5,0.0,0.0,0.0,0.057757456,0.26273918,0.6795034,0.0,0.0,0.0
7,5,0.0,0.0,0.0,0.057757456,0.26273918,0.6795034,0.0,0.0,0.0
7,5,0.0,0.0,0.0,0.057757456,0.26273918,0.6795034,0.0,0.0,0.0
7,5,0.0,0.0,0.0,0.057757456,0.26273918,0.6795034,0.0,0.0,0.0
7,5,0.0,0.0,0.0,0.057757456,0.26273918,0.6795034,0.0,0.0,0.0
7,5,0.0,0.0,0.0,0.057757456,0.26273918,0.6795034,0.0,0.0,0.0
7,5,0.0,0.0,0.0,0.057757456,0.26273918,0.6795034,0.0,0.0,0.0
7,5,0.0,0.0,0.0,0.057757456,0.26273918,0.6795034,0.0,0.0,0.0
7,5,0.0,0.0,0.0,0.057757456,0.26273918,0.6795034,0.0,0.0,0.0
7,5,0.0,0.0,0.0,0.057757456,0.26273918,0.6795034,0.0,0.0,0.0
7,5,0.0,0.0,0.0,0.057757456,0.26273918,0.6795034,0.0,0.0,0.0
7,5,0.0,0.0,0.0,0.057757456,0.26273918,0.6795034,0.0,0.0,0.0
7,5,0.0,0.0,0.0,0.057757456,0.26273918,0.6795034,0.0,0.0,0.0
7,5,0.0,0.0,0.0,0.057757456,0.26273918,0.6795034,0.0,0.0,0.0
7,5,0.0,0.0,0.0,0.057757456,0.26273918,0.6795034,0.0,0.0,0.0
7,5,0.0,0.0,0.0,0.057757456,0.26273918,0.6795034,0.0,0.0,0.0
7,5,0.0,0.0,0.0,0.057757456,0.26273918,0.6795034,0.0,0.0,0.0
7,5,0.0,0.0,0.0,0.057757456,0.26273918,0.6795034,0.0,0.0,0.0
7,5,0.0,0.0,0.0,0.057757456,0.26273918,0.6795034,0.0,0.0,0.0
7,5,0.0,0.0,0.0,0.057757456,0.26273918,0.6795034,0.0,0.0,0.0
7,5,0.0,0.0,0.0,0.057757456,0.26273918,0.6795034,0.0,0.0,0.0
7,5,0.0,0.0,0.0,0.057757456,0.26273918,0.6795034,0.0,0.0,0.0
7,5,0.0,0.0,0.0,0.057757456,0.26273918,0.6795034,0.0,0.0,0.0
7,5,0.0,0.0,0.0,0.057757456,0.26273918,0.6795034,0.0,0.0,0.0
7,5,0.0,0.0,0.0,0.057757456,0.26273918,0.6795034,0.0,0.0,0.0
7,5,0.0,0.0,0.0,0.057757456,0.26273918,0.6795034,0.0,0.0,0.0
7,5,0.0,0.0,0.0,0.057757456,0.26273918,0.6795034,0.0,0.0,0.0
7,5,0.0,0.0,0.0,0.057757456,0.26273918,0.6795034,0.0,0.0,0.0
7,5,0.0,0.0,0.0,0.057757456,0.26273918,0.6795034,0.0,0.0,0.0
7,5,0.0,0.0,0.0,0.057757456,0.26273918,0.6795034,0.0,0.0,0.0
7,5,0.0,0.0,0.0,0.057757456,0.26273918,0.6795034,0.0,0.0,0.0
7,5,0.0,0.0,0.0,0.057757456,0.26273918,0.6795034,0.0,0.0,0.0
7,5,0.0,0.0,0.0,0.057757456,0.26273918,0.6795034,0.0,0.0,0.0
7,5,0.0,0.0,0.0,0.057757456,0.26273918,0.6795034,0.0,0.0,0.0
7,5,0.0,0.0,0.0,0.057757456,0.26273918,0.6795034,0.0,0.0,0.0
7,5,0.0,0.0,0.0,0.057757456,0.26273918,0.6795034,0.0,0.0,0.0
7,5,0.0,0.0,0.0,0.057757456,0.26273918,0.6795034,0.0,0.0,0.0
7,5,0.0,0.0,0.0,0.057757456,0.26273918,0.6795034,0.0,0.0,0.0
7,5,0.0,0.0,0.0,0.057757456,0.26273918,0.6795034,0.0,0.0,0.0
7,5,0.0,0.0,0.0,0.057757456,0.26273918,0.6795034,0.0,0.0,0.0
7,5,0.0,0.0,0.0,0.057757456,0.26273918,0.6795034,0.0,0.0,0.0
7,5,0.0,0.0,0.0,0.057757456,0.20745547,0.7347871,0.0,0.0,0.0
7,5,0.0,0.0,0.0,0.057757456,0.20745547,0.7347871,0.0,0.0,0.0
7,5,0.0,0.0,0.0,0.057757456,0.20745547,0.7347871,0.0,0.0,0.0
7,5,0.0,0.0,0.0,0.057757456,0.20745547,0.7347871,0.0,0.0,0.0
7,5,0.0,0.0,0.0,0.057757456,0.20745547,0.7347871,0.0,0.0,0.0
7,5,0.0,0.0,0.0,0.057757456,0.20745547,0.7347871,0.0,0.0,0.0
7,5,0.0,0.0,0.0,0.057757456,0.20745547,0.7347871,0.0,0.0,0.0
7,5,0.0,0.0,0.0,0.057757456,0.20745547,0.7347871,0.0,0.0,0.0
7,5,0.0,0.0,0.0,0.057757456,0.20745547,0.7347871,0.0,0.0,0.0
7,5,0.0,0.0,0.0,0.057757456,0.20745547,0.7347871,0.0,0.0,0.0
7,5,0.0,0.0,0.0,0.057757456,0.20745547,0.7347871,0.0,0.0,0.0
7,5,0.0,0.0,0.0,0.057757456,0.20745547,0.7347871,0.0,0.0,0.0
7,5,0.0,0.0,0.0,0.057757456,0.20745547,0.7347871,0.0,0.0,0.0
7,5,0.0,0.0,0.0,0.057757456,0.20745547,0.7347871,0.0,0.0,0.0
7,5,0.0,0.0,0.0,0.057757456,0.20745547,0.7347871,0.0,0.0,0.0
7,5,0.0,0.0,0.0,0.057757456,0.20745547,0.7347871,0.0,0.0,0.0
7,5,0.0,0.0,0.0,0.057757456,0.20745547,0.7347871,0.0,0.0,0.0
7,5,0.0,0.0,0.0,0.057757456,0.20745547,0.7347871,0.0,0.0,0.0
7,5,0.0,0.0,0.0,0.057757456,0.20745547,0.7347871,0.0,0.0,0.0
7,5,0.0,0.0,0.0,0.057757456,0.20745547,0.7347871,0.0,0.0,0.0
7,5,0.0,0.0,0.0,0.057757456,0.20745547,0.7347871,0.0,0.0,0.0
7,5,0.0,0.0,0.0,0.057757456,0.20745547,0.7347871,0.0,0.0,0.0
7,5,0.0,0.0,0.0,0.057757456,0.20745547,0.7347871,0.0,0.0,0.0
7,5,0.0,0.0,0.0,0.057757456,0.20745547,0.7347871,0.0,0.0,0.0
7,5,0.0,0.0,0.0,0.057757456,0.20745547,0.7347871,0.0,0.0,0.0
7,5,0.0,0.0,0.0,0.057757456,0.20745547,0.7347871,0.0,0.0,0.0
7,5,0.0,0.0,0.0,0.057757456,0.20745547,0.7347871,0.0,0.0,0.0
7,5,0.0,0.0,0.0,0.057757456,0.20745547,0.7347871,0.0,0.0,0.0
7,5,0.0,0.0,0.0,0.057757456,0.20745547,0.7347871,0.0,0.0,0.0
7,5,0.0,0.0,0.0,0.057757456,0.20745547,0.7347871,0.0,0.0,0.0
7,5,0.0,0.0,0.0,0.057757456,0.20745547,0.7347871,0.0,0.0,0.0
7,5,0.0,0.0,0.0,0.057757456,0.20745547,0.7347871,0.0,0.0,0.0
7,5,0.0,0.0,0.0,0.057757456,0.20745547,0.7347871,0.0,0.0,0.0
7,5,0.0,0.0,0.0,0.057757456,0.20745547,0.7347871,0.0,0.0,0.0
7,5,0.0,0.0,0.0,0.057757456,0.20745547,0.7347871,0.0,0.0,0.0
7,5,0.0,0.0,0.0,0.057757456,0.20745547,0.7347871,0.0,0.0,0.0
7,5,0.0,0.0,0.0,0.057757456,0.20745547,0.7347871,0.0,0.0,0.0
7,5,0.0,0.0,0.0,0.057757456,0.20745547,0.7347871,0.0,0.0,0.0
7,5,0.0,0.0,0.0,0.057757456,0.20745547,0.7347871,0.0,0.0,0.0
7,5,0.0,0.0,0.0,0.057757456,0.20745547,0.7347871,0.0,0.0,0.0
7,5,0.0,0.0,0.0,0.057757456,0.20745547,0.7347871,0.0,0.0,0.0
7,5,0.0,0.0,0.0,0.057757456,0.20745547,0.7347871,0.0,0.0,0.0
7,5,0.0,0.0,0.0,0.057757456,0.20745547,0.7347871,0.0,0.0,0.0
7,5,0.0,0.0,0.0,0.057757456,0.20745547,0.7347871,0.0,0.0,0.0
7,5,0.0,0.0,0.0,0.057757456,0.20745547,0.7347871,0.0,0.0,0.0
7,5,0.0,0.0,0.0,0.057757456,0.20745547,0.7347871,0.0,0.0,0.0
7,5,0.0,0.0,0.0,0.057757456,0.20745547,0.7347871,0.0,0.0,0.0
7,5,0.0,0.0,0.0,0.057757456,0.20745547,0.7347871,0.0,0.0,0.0
7,5,0.0,0.0,0.0,0.057757456,0.20745547,0.7347871,0.0,0.0,0.0
7,5,0.0,0.0,0.0,0.057757456,0.20745547,0.7347871,0.0,0.0,0.0
7,5,0.0,0.0,0.0,0.057757456,0.20745547,0.7347871,0.0,0.0,0.0
7,5,0.0,0.0,0.0,0.057757456,0.20745547,0.7347871,0.0,0.0,0.0
7,5,0.0,0.0,0.0,0.057757456,0.20745547,0.7347871,0.0,0.0,0.0
7,5,0.0,0.0,0.0,0.057757456,0.20745547,0.7347871,0.0,0.0,0.0
7,5,0.0,0.0,0.0,0.057757456,0.20745547,0.7347871,0.0,0.0,0.0
7,5,0.0,0.0,0.0,0.057757456,0.20745547,0.7347871,0.0,0.0,0.0
7,5,0.0,0.0,0.0,0.057757456,0.20745547,0.7347871,0.0,0.0,0.0
7,5,0.0,0.0,0.0,0.057757456,0.20745547,0.7347871,0.0,0.0,0.0
7,5,0.0,0.0,0.0,0.057757456,0.20745547,0.7347871,0.0,0.0,0.0
7,5,0.0,0.0,0.0,0.057757456,0.20745547,0.7347871,0.0,0.0,0.0
7,5,0.0,0.0,0.0,0.057757456,0.20745547,0.7347871,0.0,0.0,0.0
7,5,0.0,0.0,0.0,0.057757456,0.20745547,0.7347871,0.0,0.0,0.0
7,5,0.0,0.0,0.0,0.057757456,0.20745547,0.7347871,0.0,0.0,0.0
7,5,0.0,0.0,0.0,0.057757456,0.20745547,0.7347871,0.0,0.0,0.0
7,5,0.0,0.0,0.0,0.057757456,0.20745547,0.7347871,0.0,0.0,0.0
7,5,0.0,0.0,0.0,0.057757456,0.20745547,0.7347871,0.0,0.0,0.0
7,5,0.0,0.0,0.0,0.057757456,0.20745547,0.7347871,0.0,0.0,0.0
7,5,0.0,0.0,0.0,0.057757456,0.20745547,0.7347871,0.0,0.0,0.0
7,5,0.0,0.0,0.0,0.057757456,0.20745547,0.7347871,0.0,0.0,0.0
7,5,0.0,0.0,0.0,0.057757456,0.20745547,0.7347871,0.0,0.0,0.0
7,5,0.0,0.0,0.0,0.057757456,0.20745547,0.7347871,0.0,0.0,0.0
7,5,0.0,0.0,0.0,0.057757456,0.20745547,0.7347871,0.0,0.0,0.0
7,5,0.0,0.0,0.0,0.057757456,0.20745547,0.7347871,0.0,0.0,0.0
7,5,0.0,0.0,0.0,0.057757456,0.20745547,0.7347871,0.0,0.0,0.0
7,5,0.0,0.0,0.0,0.057757456,0.20745547,0.7347871,0.0,0.0,0.0
7,5,0.0,0.0,0.0,0.057757456,0.20745547,0.7347871,0.0,0.0,0.0
7,5,0.0,0.0,0.0,0.057757456,0.20745547,0.7347871,0.0,0.0,0.0
7,5,0.0,0.0,0.0,0.057757456,0.20745547,0.7347871,0.0,0.0,0.0
7,5,0.0,0.0,0.0,0.057757456,0.20745547,0.7347871,0.0,0.0,0.0
7,5,0.0,0.0,0.0,0.057757456,0.20745547,0.7347871,0.0,0.0,0.0
7,5,0.0,0.0,0.0,0.057757456,0.20745547,0.7347871,0.0,0.0,0.0
7,5,0.0,0.0,0.0,0.057757456,0.20745547,0.7347871,0.0,0.0,0.0
7,5,0.0,0.0,0.0,0.057757456,0.20745547,0.7347871,0.0,0.0,0.0
7,5,0.0,0.0,0.0,0.057757456,0.20745547,0.7347871,0.0,0.0,0.0
7,5,0.0,0.0,0.0,0.057757456,0.20745547,0.7347871,0.0,0.0,0.0
7,5,0.0,0.0,0.0,0.057757456,0.20745547,0.7347871,0.0,0.0,0.0
7,5,0.0,0.0,0.0,0.057757456,0.20745547,0.7347871,0.0,0.0,0.0
7,5,0.0,0.0,0.0,0.057757456,0.20745547,0.7347871,0.0,0.0,0.0
7,5,0.0,0.0,0.0,0.057757456,0.20745547,0.7347871,0.0,0.0,0.0
7,5,0.0,0.0,0.0,0.057757456,0.20745547,0.7347871,0.0,0.0,0.0
7,5,0.0,0.0,0.0,0.057757456,0.20745547,0.7347871,0.0,0.0,0.0
7,5,0.0,0.0,0.0,0.057757456,0.20745547,0.7347871,0.0,0.0,0.0
7,5,0.0,0.0,0.0,0.057757456,0.20745547,0.7347871,0.0,0.0,0.0
7,5,0.0,0.0,0.0,0.057757456,0.20745547,0.7347871,0.0,0.0,0.0
7,5,0.0,0.0,0.0,0.057757456,0.20745547,0.7347871,0.0,0.0,0.0
7,5,0.0,0.0,0.0,0.057757456,0.20745547,0.7347871,0.0,0.0,0.0
7,5,0.0,0.0,0.0,0.057757456,0.20745547,0.7347871,0.0,0.0,0.0
7,5,0.0,0.0,0.0,0.057757456,0.20745547,0.7347871,0.0,0.0,0.0
7,5,0.0,0.0,0.0,0.057757456,0.20745547,0.7347871,0.0,0.0,0.0
7,5,0.0,0.0,0.0,0.057757456,0.20745547,0.7347871,0.0,0.0,0.0
7,5,0.0,0.0,0.0,0.057757456,0.20745547,0.7347871,0.0,0.0,0.0
7,5,0.0,0.0,0.0,0.057757456,0.20745547,0.7347871,0.0,0.0,0.0
7,5,0.0,0.0,0.0,0.057757452,0.14274018,0.7995024,0.0,0.0,0.0
7,5,0.0,0.0,0.0,0.057757452,0.14274018,0.7995024,0.0,0.0,0.0
7,5,0.0,0.0,0.0,0.057757452,0.14274018,0.7995024,0.0,0.0,0.0
7,5,0.0,0.0,0.0,0.057757452,0.14274018,0.7995024,0.0,0.0,0.0
7,5,0.0,0.0,0.0,0.057757452,0.14274018,0.7995024,0.0,0.0,0.0
7,5,0.0,0.0,0.0,0.057757452,0.14274018,0.7995024,0.0,0.0,0.0
7,5,0.0,0.0,0.0,0.057757452,0.14274018,0.7995024,0.0,0.0,0.0
7,5,0.0,0.0,0.0,0.057757452,0.14274018,0.7995024,0.0,0.0,0.0
7,5,0.0,0.0,0.0,0.057757452,0.14274018,0.7995024,0.0,0.0,0.0
7,5,0.0,0.0,0.0,0.057757452,0.14274018,0.7995024,0.0,0.0,0.0
7,5,0.0,0.0,0.0,0.057757452,0.14274018,0.7995024,0.0,0.0,0.0
7,5,0.0,0.0,0.0,0.057757452,0.14274018,0.7995024,0.0,0.0,0.0
7,5,0.0,0.0,0.0,0.057757452,0.14274018,0.7995024,0.0,0.0,0.0
7,5,0.0,0.0,0.0,0.057757452,0.14274018,0.7995024,0.0,0.0,0.0
7,5,0.0,0.0,0.0,0.057757452,0.14274018,0.7995024,0.0,0.0,0.0
7,5,0.0,0.0,0.0,0.057757452,0.14274018,0.7995024,0.0,0.0,0.0
7,5,0.0,0.0,0.0,0.057757452,0.14274018,0.7995024,0.0,0.0,0.0
7,5,0.0,0.0,0.0,0.057757452,0.14274018,0.7995024,0.0,0.0,0.0
7,5,0.0,0.0,0.0,0.057757452,0.14274018,0.7995024,0.0,0.0,0.0
7,5,0.0,0.0,0.0,0.057757452,0.14274018,0.7995024,0.0,0.0,0.0
7,5,0.0,0.0,0.0,0.057757452,0.14274018,0.7995024,0.0,0.0,0.0
7,5,0.0,0.0,0.0,0.057757452,0.14274018,0.7995024,0.0,0.0,0.0
7,5,0.0,0.0,0.0,0.057757452,0.14274018,0.7995024,0.0,0.0,0.0
7,5,0.0,0.0,0.0,0.057757452,0.14274018,0.7995024,0.0,0.0,0.0
7,5,0.0,0.0,0.0,0.057757452,0.14274018,0.7995024,0.0,0.0,0.0
7,5,0.0,0.0,0.0,0.057757452,0.14274018,0.7995024,0.0,0.0,0.0
7,5,0.0,0.0,0.0,0.057757452,0.14274018,0.7995024,0.0,0.0,0.0
7,5,0.0,0.0,0.0,0.057757452,0.14274018,0.7995024,0.0,0.0,0.0
7,5,0.0,0.0,0.0,0.057757452,0.14274018,0.7995024,0.0,0.0,0.0
7,5,0.0,0.0,0.0,0.057757452,0.14274018,0.7995024,0.0,0.0,0.0
7,5,0.0,0.0,0.0,0.057757452,0.14274018,0.7995024,0.0,0.0,0.0
7,5,0.0,0.0,0.0,0.057757452,0.14274018,0.7995024,0.0,0.0,0.0
7,5,0.0,0.0,0.0,0.057757452,0.14274018,0.7995024,0.0,0.0,0.0
7,5,0.0,0.0,0.0,0.057757452,0.14274018,0.7995024,0.0,0.0,0.0
7,5,0.0,0.0,0.0,0.057757452,0.14274018,0.7995024,0.0,0.0,0.0
7,5,0.0,0.0,0.0,0.057757452,0.14274018,0.7995024,0.0,0.0,0.0
7,5,0.0,0.0,0.0,0.057757452,0.14274018,0.7995024,0.0,0.0,0.0
7,5,0.0,0.0,0.0,0.057757452,0.14274018,0.7995024,0.0,0.0,0.0
7,5,0.0,0.0,0.0,0.057757452,0.14274018,0.7995024,0.0,0.0,0.0
7,5,0.0,0.0,0.0,0.057757452,0.14274018,0.7995024,0.0,0.0,0.0
7,5,0.0,0.0,0.0,0.057757452,0.14274018,0.7995024,0.0,0.0,0.0
7,5,0.0,0.0,0.0,0.057757452,0.14274018,0.7995024,0.0,0.0,0.0
7,5,0.0,0.0,0.0,0.057757452,0.14274018,0.7995024,0.0,0.0,0.0
7,5,0.0,0.0,0.0,0.057757452,0.14274018,0.7995024,0.0,0.0,0.0
7,5,0.0,0.0,0.0,0.057757452,0.14274018,0.7995024,0.0,0.0,0.0
7,5,0.0,0.0,0.0,0.057757452,0.14274018,0.7995024,0.0,0.0,0.0
7,5,0.0,0.0,0.0,0.057757452,0.14274018,0.7995024,0.0,0.0,0.0
7,5,0.0,0.0,0.0,0.057757452,0.14274018,0.7995024,0.0,0.0,0.0
7,5,0.0,0.0,0.0,0.0,0.14274018,0.8572598,0.0,0.0,0.0
7,5,0.0,0.0,0.0,0.0,0.14274018,0.8572598,0.0,0.0,0.0
7,5,0.0,0.0,0.0,0.0,0.14274018,0.8572598,0.0,0.0,0.0
7,5,0.0,0.0,0.0,0.0,0.14274018,0.8572598,0.0,0.0,0.0
7,5,0.0,0.0,0.0,0.0,0.14274018,0.8572598,0.0,0.0,0.0
7,5,0.0,0.0,0.0,0.0,0.14274018,0.8572598,0.0,0.0,0.0
7,5,0.0,0.0,0.0,0.0,0.14274018,0.8572598,0.0,0.0,0.0
7,5,0.0,0.0,0.0,0.0,0.14274018,0.8572598,0.0,0.0,0.0
7,5,0.0,0.0,0.0,0.0,0.14274018,0.8572598,0.0,0.0,0.0
7,5,0.0,0.0,0.0,0.0,0.14274018,0.8572598,0.0,0.0,0.0
7,5,0.0,0.0,0.0,0.0,0.14274018,0.8572598,0.0,0.0,0.0
7,5,0.0,0.0,0.0,0.0,0.14274018,0.8572598,0.0,0.0,0.0
7,5,0.0,0.0,0.0,0.0,0.14274018,0.8572598,0.0,0.0,0.0
7,5,0.0,0.0,0.0,0.0,0.14274018,0.8572598,0.0,0.0,0.0
7,5,0.0,0.0,0.0,0.0,0.14274018,0.8572598,0.0,0.0,0.0
7,5,0.0,0.0,0.0,0.0,0.14274018,0.8572598,0.0,0.0,0.0
7,5,0.0,0.0,0.0,0.0,0.14274018,0.8572598,0.0,0.0,0.0
7,5,0.0,0.0,0.0,0.0,0.14274018,0.8572598,0.0,0.0,0.0
7,5,0.0,0.0,0.0,0.0,0.14274018,0.8572598,0.0,0.0,0.0
7,5,0.0,0.0,0.0,0.0,0.14274018,0.8572598,0.0,0.0,0.0
7,5,0.0,0.0,0.0,0.0,0.14274018,0.8572598,0.0,0.0,0.0
7,5,0.0,0.0,0.0,0.0,0.14274018,0.8572598,0.0,0.0,0.0
7,5,0.0,0.0,0.0,0.0,0.14274018,0.8572598,0.0,0.0,0.0
7,5,0.0,0.0,0.0,0.0,0.14274018,0.8572598,0.0,0.0,0.0
7,5,0.0,0.0,0.0,0.0,0.14274018,0.8572598,0.0,0.0,0.0
7,5,0.0,0.0,0.0,0.0,0.14274018,0.8572598,0.0,0.0,0.0
7,5,0.0,0.0,0.0,0.0,0.14274018,0.8572598,0.0,0.0,0.0
7,5,0.0,0.0,0.0,0.0,0.14274018,0.8572598,0.0,0.0,0.0
7,5,0.0,0.0,0.0,0.0,0.14274018,0.8572598,0.0,0.0,0.0
7,5,0.0,0.0,0.0,0.0,0.14274018,0.8572598,0.0,0.0,0.0
7,5,0.0,0.0,0.0,0.0,0.14274018,0.8572598,0.0,0.0,0.0
7,5,0.0,0.0,0.0,0.0,0.14274018,0.8572598,0.0,0.0,0.0
7,5,0.0,0.0,0.0,0.0,0.14274018,0.8572598,0.0,0.0,0.0
7,5,0.0,0.0,0.0,0.0,0.14274018,0.8572598,0.0,0.0,0.0
7,5,0.0,0.0,0.0,0.0,0.14274018,0.8572598,0.0,0.0,0.0
7,5,0.0,0.0,0.0,0.0,0.14274018,0.8572598,0.0,0.0,0.0
7,5,0.0,0.0,0.0,0.0,0.14274018,0.8572598,0.0,0.0,0.0
7,5,0.0,0.0,0.0,0.0,0.14274018,0.8572598,0.0,0.0,0.0
7,5,0.0,0.0,0.0,0.0,0.14274018,0.8572598,0.0,0.0,0.0
7,5,0.0,0.0,0.0,0.0,0.14274018,0.8572598,0.0,0.0,0.0
7,5,0.0,0.0,0.0,0.0,0.14274018,0.8572598,0.0,0.0,0.0
7,5,0.0,0.0,0.0,0.0,0.14274018,0.8572598,0.0,0.0,0.0
7,5,0.0,0.0,0.0,0.0,0.14274018,0.8572598,0.0,0.0,0.0
7,5,0.0,0.0,0.0,0.0,0.14274018,0.8572598,0.0,0.0,0.0
7,5,0.0,0.0,0.0,0.0,0.14274018,0.8572598,0.0,0.0,0.0
7,5,0.0,0.0,0.0,0.0,0.14274018,0.8572598,0.0,0.0,0.0
7,5,0.0,0.0,0.0,0.0,0.14274018,0.8572598,0.0,0.0,0.0
7,5,0.0,0.0,0.0,0.0,0.14274018,0.8572598,0.0,0.0,0.0
7,5,0.0,0.0,0.0,0.0,0.14274018,0.8572598,0.0,0.0,0.0
7,5,0.0,0.0,0.0,0.0,0.14274018,0.8572598,0.0,0.0,0.0
7,5,0.0,0.0,0.0,0.0,0.14274018,0.8572598,0.0,0.0,0.0
7,5,0.0,0.0,0.0,0.0,0.14274018,0.8572598,0.0,0.0,0.0
7,5,0.0,0.0,0.0,0.0,0.14274018,0.8572598,0.0,0.0,0.0
7,5,0.0,0.0,0.0,0.0,0.14274018,0.8572598,0.0,0.0,0.0
7,5,0.0,0.0,0.0,0.0,0.14274018,0.8572598,0.0,0.0,0.0
7,5,0.0,0.0,0.0,0.0,0.14274018,0.8572598,0.0,0.0,0.0
7,5,0.0,0.0,0.0,0.0,0.14274018,0.8572598,0.0,0.0,0.0
7,5,0.0,0.0,0.0,0.0,0.14274018,0.8572598,0.0,0.0,0.0
7,5,0.0,0.0,0.0,0.0,0.14274018,0.8572598,0.0,0.0,0.0
7,5,0.0,0.0,0.0,0.0,0.14274018,0.8572598,0.0,0.0,0.0
7,5,0.0,0.0,0.0,0.0,0.20510574,0.7948943,0.0,0.0,0.0
7,5,0.0,0.0,0.0,0.0,0.20510574,0.7948943,0.0,0.0,0.0
7,5,0.0,0.0,0.0,0.0,0.20510574,0.7948943,0.0,0.0,0.0
7,5,0.0,0.0,0.0,0.0,0.20510574,0.7948943,0.0,0.0,0.0
7,5,0.0,0.0,0.0,0.0,0.20510574,0.7948943,0.0,0.0,0.0
7,5,0.0,0.0,0.0,0.0,0.20510574,0.7948943,0.0,0.0,0.0
7,5,0.0,0.0,0.0,0.0,0.20510574,0.7948943,0.0,0.0,0.0
7,5,0.0,0.0,0.0,0.0,0.20510574,0.7948943,0.0,0.0,0.0
7,5,0.0,0.0,0.0,0.0,0.20510574,0.7948943,0.0,0.0,0.0
7,5,0.0,0.0,0.0,0.0,0.20510574,0.7948943,0.0,0.0,0.0
7,5,0.0,0.0,0.0,0.0,0.20510574,0.7948943,0.0,0.0,0.0
7,5,0.0,0.0,0.0,0.0,0.20510574,0.7948943,0.0,0.0,0.0
7,5,0.0,0.0,0.0,0.0,0.20510574,0.7948943,0.0,0.0,0.0
7,5,0.0,0.0,0.0,0.0,0.20510574,0.7948943,0.0,0.0,0.0
7,5,0.0,0.0,0.0,0.0,0.20510574,0.7948943,0.0,0.0,0.0
7,5,0.0,0.0,0.0,0.0,0.20510574,0.7948943,0.0,0.0,0.0
7,5,0.0,0.0,0.0,0.0,0.20510574,0.7948943,0.0,0.0,0.0
7,5,0.0,0.0,0.0,0.0,0.20510574,0.7948943,0.0,0.0,0.0
7,5,0.0,0.0,0.0,0.0,0.20510574,0.7948943,0.0,0.0,0.0
7,5,0.0,0.0,0.0,0.0,0.20510574,0.7948943,0.0,0.0,0.0
7,5,0.0,0.0,0.0,0.0,0.20510574,0.7948943,0.0,0.0,0.0
7,5,0.0,0.0,0.0,0.0,0.20510574,0.7948943,0.0,0.0,0.0
7,5,0.0,0.0,0.0,0.0,0.20510574,0.7948943,0.0,0.0,0.0
7,5,0.0,0.0,0.0,0.0,0.20510574,0.7948943,0.0,0.0,0.0
7,5,0.0,0.0,0.0,0.0,0.20510574,0.7948943,0.0,0.0,0.0
7,5,0.0,0.0,0.0,0.0,0.20510574,0.7948943,0.0,0.0,0.0
7,5,0.0,0.0,0.0,0.0,0.20510574,0.7948943,0.0,0.0,0.0
7,5,0.0,0.0,0.0,0.0,0.20510574,0.7948943,0.0,0.0,0.0
7,5,0.0,0.0,0.0,0.0,0.20510574,0.7948943,0.0,0.0,0.0
7,5,0.0,0.0,0.0,0.0,0.20510574,0.7948943,0.0,0.0,0.0
7,5,0.0,0.0,0.0,0.0,0.20510574,0.7948943,0.0,0.0,0.0
7,5,0.0,0.0,0.0,0.0,0.20510574,0.7948943,0.0,0.0,0.0
7,5,0.0,0.0,0.0,0.0,0.20510574,0.7948943,0.0,0.0,0.0
7,5,0.0,0.0,0.0,0.0,0.20510574,0.7948943,0.0,0.0,0.0
7,5,0.0,0.0,0.0,0.0,0.20510574,0.7948943,0.0,0.0,0.0
7,5,0.0,0.0,0.0,0.0,0.20510574,0.7948943,0.0,0.0,0.0
7,5,0.0,0.0,0.0,0.0,0.20510574,0.7948943,0.0,0.0,0.0
7,5,0.0,0.0,0.0,0.0,0.20510574,0.7948943,0.0,0.0,0.0
7,5,0.0,0.0,0.0,0.0,0.20510574,0.7948943,0.0,0.0,0.0
7,5,0.0,0.0,0.0,0.0,0.20510574,0.7948943,0.0,0.0,0.0
7,5,0.0,0.0,0.0,0.0,0.20510574,0.7948943,0.0,0.0,0.0
7,5,0.0,0.0,0.0,0.0,0.20510574,0.7948943,0.0,0.0,0.0
7,5,0.0,0.0,0.0,0.0,0.20510574,0.7948943,0.0,0.0,0.0
7,5,0.0,0.0,0.0,0.0,0.20510574,0.7948943,0.0,0.0,0.0
7,5,0.0,0.0,0.0,0.0,0.20510574,0.7948943,0.0,0.0,0.0
7,5,0.0,0.0,0.0,0.0,0.20510574,0.7948943,0.0,0.0,0.0
7,5,0.0,0.0,0.0,0.0,0.20510574,0.7948943,0.0,0.0,0.0
7,5,0.0,0.0,0.0,0.0,0.20510574,0.7948943,0.0,0.0,0.0
7,5,0.0,0.0,0.0,0.0,0.20510574,0.7948943,0.0,0.0,0.0
7,5,0.0,0.0,0.0,0.0,0.20510574,0.7948943,0.0,0.0,0.0
7,5,0.0,0.0,0.0,0.0,0.20510574,0.7948943,0.0,0.0,0.0
7,5,0.0,0.0,0.0,0.0,0.20510574,0.7948943,0.0,0.0,0.0
7,5,0.0,0.0,0.0,0.0,0.20510574,0.7948943,0.0,0.0,0.0
7,5,0.0,0.0,0.0,0.0,0.20510574,0.7948943,0.0,0.0,0.0
7,5,0.0,0.0,0.0,0.0,0.20510574,0.7948943,0.0,0.0,0.0
7,5,0.0,0.0,0.0,0.0,0.20510574,0.7948943,0.0,0.0,0.0
7,5,0.0,0.0,0.0,0.0,0.20510574,0.7948943,0.0,0.0,0.0
7,5,0.0,0.0,0.0,0.0,0.20510574,0.7948943,0.0,0.0,0.0
7,5,0.0,0.0,0.0,0.0,0.20510574,0.7948943,0.0,0.0,0.0
7,5,0.0,0.0,0.0,0.0,0.20510574,0.7948943,0.0,0.0,0.0
7,5,0.0,0.0,0.0,0.0,0.20510574,0.7948943,0.0,0.0,0.0
7,5,0.0,0.0,0.0,0.0,0.20510574,0.7948943,0.0,0.0,0.0
7,5,0.0,0.0,0.0,0.0,0.20510574,0.7948943,0.0,0.0,0.0
7,5,0.0,0.0,0.0,0.0,0.20510574,0.7948943,0.0,0.0,0.0
7,5,0.0,0.0,0.0,0.0,0.20510574,0.7948943,0.0,0.0,0.0
7,5,0.0,0.0,0.0,0.0,0.20510574,0.7948943,0.0,0.0,0.0
7,5,0.0,0.0,0.0,0.0,0.20510574,0.7948943,0.0,0.0,0.0
7,5,0.0,0.0,0.0,0.0,0.20510574,0.7948943,0.0,0.0,0.0
7,5,0.0,0.0,0.0,0.0,0.20510574,0.7948943,0.0,0.0,0.0
7,5,0.0,0.0,0.0,0.0,0.20510574,0.7948943,0.0,0.0,0.0
7,5,0.0,0.0,0.0,0.0,0.20510574,0.7948943,0.0,0.0,0.0
7,5,0.0,0.0,0.0,0.0,0.20510574,0.7948943,0.0,0.0,0.0
7,5,0.0,0.0,0.0,0.0,0.20510574,0.7948943,0.0,0.0,0.0
7,5,0.0,0.0,0.0,0.0,0.20510574,0.7948943,0.0,0.0,0.0
7,5,0.0,0.0,0.0,0.0,0.20510574,0.7948943,0.0,0.0,0.0
7,5,0.0,0.0,0.0,0.0,0.20510574,0.7948943,0.0,0.0,0.0
7,5,0.0,0.0,0.0,0.0,0.20510574,0.7948943,0.0,0.0,0.0
7,5,0.0,0.0,0.0,0.0,0.20510574,0.7948943,0.0,0.0,0.0
7,5,0.0,0.0,0.0,0.0,0.20510574,0.7948943,0.0,0.0,0.0
7,5,0.0,0.0,0.0,0.0,0.20510574,0.7948943,0.0,0.0,0.0
7,5,0.0,0.0,0.0,0.0,0.20510574,0.7948943,0.0,0.0,0.0
7,5,0.0,0.0,0.0,0.0,0.20510574,0.7948943,0.0,0.0,0.0
7,5,0.0,0.0,0.0,0.0,0.20510574,0.7948943,0.0,0.0,0.0
7,5,0.0,0.0,0.0,0.0,0.20510574,0.7948943,0.0,0.0,0.0
7,5,0.0,0.0,0.0,0.0,0.20510574,0.7948943,0.0,0.0,0.0
7,5,0.0,0.0,0.0,0.0,0.20510574,0.7948943,0.0,0.0,0.0
7,5,0.0,0.0,0.0,0.0,0.20510574,0.7948943,0.0,0.0,0.0
7,5,0.0,0.0,0.0,0.0,0.20510574,0.7948943,0.0,0.0,0.0
7,5,0.0,0.0,0.0,0.0,0.20510574,0.7948943,0.0,0.0,0.0
7,5,0.0,0.0,0.0,0.0,0.20510574,0.7948943,0.0,0.0,0.0
7,5,0.0,0.0,0.0,0.0,0.20510574,0.7948943,0.0,0.0,0.0
7,5,0.0,0.0,0.0,0.0,0.20510574,0.7948943,0.0,0.0,0.0
7,5,0.0,0.0,0.0,0.0,0.20510574,0.7948943,0.0,0.0,0.0
7,5,0.0,0.0,0.0,0.0,0.20510574,0.7948943,0.0,0.0,0.0
7,5,0.0,0.0,0.0,0.0,0.20510574,0.7948943,0.0,0.0,0.0
7,5,0.0,0.0,0.0,0.0,0.20510574,0.7948943,0.0,0.0,0.0
7,5,0.0,0.0,0.0,0.0,0.20510574,0.7948943,0.0,0.0,0.0
7,5,0.0,0.0,0.0,0.0,0.20510574,0.7948943,0.0,0.0,0.0
7,5,0.0,0.0,0.0,0.0,0.20510574,0.7948943,0.0,0.0,0.0
7,5,0.0,0.0,0.0,0.0,0.20510574,0.7948943,0.0,0.0,0.0
7,5,0.0,0.0,0.0,0.0,0.20510574,0.7948943,0.0,0.0,0.0
7,5,0.0,0.0,0.0,0.0,0.20510574,0.7948943,0.0,0.0,0.0
7,5,0.0,0.0,0.0,0.0,0.20510574,0.7948943,0.0,0.0,0.0
7,5,0.0,0.0,0.0,0.0,0.20510574,0.7948943,0.0,0.0,0.0
7,5,0.0,0.0,0.0,0.0,0.20510574,0.7948943,0.0,0.0,0.0
7,5,0.0,0.0,0.0,0.0,0.20510574,0.7948943,0.0,0.0,0.0
7,5,0.0,0.0,0.0,0.0,0.20510574,0.7948943,0.0,0.0,0.0
7,5,0.0,0.0,0.0,0.0,0.20510574,0.7948943,0.0,0.0,0.0
7,5,0.0,0.0,0.0,0.0,0.20510574,0.7948943,0.0,0.0,0.0
7,5,0.0,0.0,0.0,0.0,0.20510574,0.7948943,0.0,0.0,0.0
7,5,0.0,0.0,0.0,0.0,0.20510574,0.7948943,0.0,0.0,0.0
7,5,0.0,0.0,0.0,0.0,0.20510574,0.7948943,0.0,0.0,0.0
7,5,0.0,0.0,0.0,0.0,0.20510574,0.7948943,0.0,0.0,0.0
7,5,0.0,0.0,0.0,0.0,0.20510574,0.7948943,0.0,0.0,0.0
7,5,0.0,0.0,0.0,0.0,0.20510574,0.7948943,0.0,0.0,0.0
7,5,0.0,0.0,0.0,0.0,0.20510574,0.7948943,0.0,0.0,0.0
7,5,0.0,0.0,0.0,0.0,0.20510574,0.7948943,0.0,0.0,0.0
7,5,0.0,0.0,0.0,0.0,0.20510574,0.7948943,0.0,0.0,0.0
7,5,0.0,0.0,0.0,0.0,0.20510574,0.7948943,0.0,0.0,0.0
7,5,0.0,0.0,0.0,0.0,0.20510574,0.7948943,0.0,0.0,0.0
7,5,0.0,0.0,0.0,0.0,0.20510574,0.7948943,0.0,0.0,0.0
7,5,0.0,0.0,0.0,0.0,0.20510574,0.7948943,0.0,0.0,0.0
7,5,0.0,0.0,0.0,0.0,0.20510574,0.7948943,0.0,0.0,0.0
7,5,0.0,0.0,0.0,0.0,0.20510574,0.7948943,0.0,0.0,0.0
7,5,0.0,0.0,0.0,0.0,0.20510574,0.7948943,0.0,0.0,0.0
7,5,0.0,0.0,0.0,0.0,0.20510574,0.7948943,0.0,0.0,0.0
7,5,0.0,0.0,0.0,0.0,0.20510574,0.7948943,0.0,0.0,0.0
7,5,0.0,0.0,0.0,0.0,0.20510574,0.7948943,0.0,0.0,0.0
7,5,0.0,0.0,0.0,0.0,0.20510574,0.7948943,0.0,0.0,0.0
7,5,0.0,0.0,0.0,0.0,0.20510574,0.7948943,0.0,0.0,0.0
7,5,0.0,0.0,0.0,0.0,0.20510574,0.7948943,0.0,0.0,0.0
7,5,0.0,0.0,0.0,0.0,0.20510574,0.7948943,0.0,0.0,0.0
7,5,0.0,0.0,0.0,0.0,0.14274018,0.8572598,0.0,0.0,0.0
7,5,0.0,0.0,0.0,0.0,0.14274018,0.8572598,0.0,0.0,0.0
7,5,0.0,0.0,0.0,0.0,0.14274018,0.8572598,0.0,0.0,0.0
7,5,0.0,0.0,0.0,0.0,0.14274018,0.8572598,0.0,0.0,0.0
7,5,0.0,0.0,0.0,0.0,0.14274018,0.8572598,0.0,0.0,0.0
7,5,0.0,0.0,0.0,0.0,0.14274018,0.8572598,0.0,0.0,0.0
7,5,0.0,0.0,0.0,0.0,0.14274018,0.8572598,0.0,0.0,0.0
7,5,0.0,0.0,0.0,0.0,0.14274018,0.8572598,0.0,0.0,0.0
7,5,0.0,0.0,0.0,0.0,0.14274018,0.8572598,0.0,0.0,0.0
7,5,0.0,0.0,0.0,0.0,0.14274018,0.8572598,0.0,0.0,0.0
7,5,0.0,0.0,0.0,0.0,0.14274018,0.8572598,0.0,0.0,0.0
7,5,0.0,0.0,0.0,0.0,0.14274018,0.8572598,0.0,0.0,0.0
7,5,0.0,0.0,0.0,0.0,0.14274018,0.8572598,0.0,0.0,0.0
7,5,0.0,0.0,0.0,0.0,0.14274018,0.8572598,0.0,0.0,0.0
7,5,0.0,0.0,0.0,0.0,0.14274018,0.8572598,0.0,0.0,0.0
7,5,0.0,0.0,0.0,0.0,0.14274018,0.8572598,0.0,0.0,0.0
7,5,0.0,0.0,0.0,0.0,0.14274018,0.8572598,0.0,0.0,0.0
7,5,0.0,0.0,0.0,0.0,0.14274018,0.8572598,0.0,0.0,0.0
7,5,0.0,0.0,0.0,0.0,0.14274018,0.8572598,0.0,0.0,0.0
7,5,0.0,0.0,0.0,0.0,0.14274018,0.8572598,0.0,0.0,0.0
7,5,0.0,0.0,0.0,0.0,0.14274018,0.8572598,0.0,0.0,0.0
7,5,0.0,0.0,0.0,0.0,0.14274018,0.8572598,0.0,0.0,0.0
7,5,0.0,0.0,0.0,0.0,0.14274018,0.8572598,0.0,0.0,0.0
7,5,0.0,0.0,0.0,0.0,0.14274018,0.8572598,0.0,0.0,0.0
7,5,0.0,0.0,0.0,0.0,0.15148984,0.84851015,0.0,0.0,0.0
7,5,0.0,0.0,0.0,0.0,0.15148984,0.84851015,0.0,0.0,0.0
7,5,0.0,0.0,0.0,0.0,0.15148984,0.84851015,0.0,0.0,0.0
7,5,0.0,0.0,0.0,0.0,0.15148984,0.84851015,0.0,0.0,0.0
7,5,0.0,0.0,0.0,0.0,0.15148984,0.84851015,0.0,0.0,0.0
7,5,0.0,0.0,0.0,0.0,0.15148984,0.84851015,0.0,0.0,0.0
7,5,0.0,0.0,0.0,0.0,0.15148984,0.84851015,0.0,0.0,0.0
7,5,0.0,0.0,0.0,0.0,0.15148984,0.84851015,0.0,0.0,0.0
7,5,0.0,0.0,0.0,0.0,0.15148984,0.84851015,0.0,0.0,0.0
7,5,0.0,0.0,0.0,0.0,0.15148984,0.84851015,0.0,0.0,0.0
7,5,0.0,0.0,0.0,0.0,0.15148984,0.84851015,0.0,0.0,0.0
7,5,0.0,0.0,0.0,0.0,0.15148984,0.84851015,0.0,0.0,0.0
7,5,0.0,0.0,0.0,0.0,0.15148984,0.84851015,0.0,0.0,0.0
7,5,0.0,0.0,0.0,0.0,0.15148984,0.84851015,0.0,0.0,0.0
7,5,0.0,0.0,0.0,0.0,0.15148984,0.84851015,0.0,0.0,0.0
7,5,0.0,0.0,0.0,0.0,0.15148984,0.84851015,0.0,0.0,0.0
7,5,0.0,0.0,0.0,0.0,0.15148984,0.84851015,0.0,0.0,0.0
7,5,0.0,0.0,0.0,0.0,0.15148984,0.84851015,0.0,0.0,0.0
7,5,0.0,0.0,0.0,0.0,0.15148984,0.84851015,0.0,0.0,0.0
7,5,0.0,0.0,0.0,0.0,0.15148984,0.84851015,0.0,0.0,0.0
7,5,0.0,0.0,0.0,0.0,0.15148984,0.84851015,0.0,0.0,0.0
7,5,0.0,0.0,0.0,0.0,0.15148984,0.84851015,0.0,0.0,0.0
7,5,0.0,0.0,0.0,0.0,0.15148984,0.84851015,0.0,0.0,0.0
7,5,0.0,0.0,0.0,0.0,0.15148984,0.84851015,0.0,0.0,0.0
7,5,0.0,0.0,0.0,0.0,0.20049763,0.7995024,0.0,0.0,0.0
7,5,0.0,0.0,0.0,0.0,0.20049763,0.7995024,0.0,0.0,0.0
7,5,0.0,0.0,0.0,0.0,0.20049763,0.7995024,0.0,0.0,0.0
7,5,0.0,0.0,0.0,0.0,0.20049763,0.7995024,0.0,0.0,0.0
7,5,0.0,0.0,0.0,0.0,0.20049763,0.7995024,0.0,0.0,0.0
7,5,0.0,0.0,0.0,0.0,0.20049763,0.7995024,0.0,0.0,0.0
7,5,0.0,0.0,0.0,0.0,0.20049763,0.7995024,0.0,0.0,0.0
7,5,0.0,0.0,0.0,0.0,0.20049763,0.7995024,0.0,0.0,0.0
7,5,0.0,0.0,0.0,0.0,0.20049763,0.7995024,0.0,0.0,0.0
7,5,0.0,0.0,0.0,0.0,0.20049763,0.7995024,0.0,0.0,0.0
7,5,0.0,0.0,0.0,0.0,0.20049763,0.7995024,0.0,0.0,0.0
7,5,0.0,0.0,0.0,0.0,0.20049763,0.7995024,0.0,0.0,0.0
7,5,0.0,0.0,0.0,0.0,0.20049763,0.7995024,0.0,0.0,0.0
7,5,0.0,0.0,0.0,0.0,0.20049763,0.7995024,0.0,0.0,0.0
7,5,0.0,0.0,0.0,0.0,0.20049763,0.7995024,0.0,0.0,0.0
7,5,0.0,0.0,0.0,0.0,0.20049763,0.7995024,0.0,0.0,0.0
7,5,0.0,0.0,0.0,0.0,0.20049763,0.7995024,0.0,0.0,0.0
7,5,0.0,0.0,0.0,0.0,0.20049763,0.7995024,0.0,0.0,0.0
7,5,0.0,0.0,0.0,0.0,0.20049763,0.7995024,0.0,0.0,0.0
7,5,0.0,0.0,0.0,0.0,0.20049763,0.7995024,0.0,0.0,0.0
7,5,0.0,0.0,0.0,0.0,0.20049763,0.7995024,0.0,0.0,0.0
7,5,0.0,0.0,0.0,0.0,0.20049763,0.7995024,0.0,0.0,0.0
7,5,0.0,0.0,0.0,0.0,0.20049763,0.7995024,0.0,0.0,0.0
7,5,0.0,0.0,0.0,0.0,0.20049763,0.7995024,0.0,0.0,0.0
7,5,0.0,0.0,0.0,0.0,0.20049763,0.7995024,0.0,0.0,0.0
7,5,0.0,0.0,0.0,0.0,0.20049763,0.7995024,0.0,0.0,0.0
7,5,0.0,0.0,0.0,0.0,0.20049763,0.7995024,0.0,0.0,0.0
7,5,0.0,0.0,0.0,0.0,0.20049763,0.7995024,0.0,0.0,0.0
7,5,0.0,0.0,0.0,0.0,0.20049763,0.7995024,0.0,0.0,0.0
7,5,0.0,0.0,0.0,0.0,0.1269352,0.8730648,0.0,0.0,0.0
7,5,0.0,0.0,0.0,0.0,0.1269352,0.8730648,0.0,0.0,0.0
7,5,0.0,0.0,0.0,0.0,0.1269352,0.8730648,0.0,0.0,0.0
7,5,0.0,0.0,0.0,0.0,0.1269352,0.8730648,0.0,0.0,0.0
7,5,0.0,0.0,0.0,0.0,0.1269352,0.8730648,0.0,0.0,0.0
7,5,0.0,0.0,0.0,0.0,0.1269352,0.8730648,0.0,0.0,0.0
7,5,0.0,0.0,0.0,0.0,0.1269352,0.8730648,0.0,0.0,0.0
7,5,0.0,0.0,0.0,0.0,0.1269352,0.8730648,0.0,0.0,0.0
7,5,0.0,0.0,0.0,0.0,0.1269352,0.8730648,0.0,0.0,0.0
7,5,0.0,0.0,0.0,0.0,0.1269352,0.8730648,0.0,0.0,0.0
7,5,0.0,0.0,0.0,0.0,0.1269352,0.8730648,0.0,0.0,0.0
7,5,0.0,0.0,0.0,0.0,0.1269352,0.8730648,0.0,0.0,0.0
7,5,0.0,0.0,0.0,0.0,0.1269352,0.8730648,0.0,0.0,0.0
7,5,0.0,0.0,0.0,0.0,0.1269352,0.8730648,0.0,0.0,0.0
7,5,0.0,0.0,0.0,0.0,0.1269352,0.8730648,0.0,0.0,0.0
7,5,0.0,0.0,0.0,0.0,0.1269352,0.8730648,0.0,0.0,0.0
7,5,0.0,0.0,0.0,0.0,0.1269352,0.8730648,0.0,0.0,0.0
7,5,0.0,0.0,0.0,0.0,0.1269352,0.8730648,0.0,0.0,0.0
7,5,0.0,0.0,0.0,0.0,0.1269352,0.8730648,0.0,0.0,0.0
7,5,0.0,0.0,0.0,0.0,0.1269352,0.8730648,0.0,0.0,0.0
7,5,0.0,0.0,0.0,0.0,0.1269352,0.8730648,0.0,0.0,0.0
7,5,0.0,0.0,0.0,0.0,0.1269352,0.8730648,0.0,0.0,0.0
7,5,0.0,0.0,0.0,0.0,0.1269352,0.8730648,0.0,0.0,0.0
7,5,0.0,0.0,0.0,0.0,0.1269352,0.8730648,0.0,0.0,0.0
7,5,0.0,0.0,0.0,0.0,0.1269352,0.8730648,0.0,0.0,0.0
7,5,0.0,0.0,0.0,0.0,0.19971904,0.800281,0.0,0.0,0.0
7,5,0.0,0.0,0.0,0.0,0.19971904,0.800281,0.0,0.0,0.0
7,5,0.0,0.0,0.0,0.0,0.19971904,0.800281,0.0,0.0,0.0
7,5,0.0,0.0,0.0,0.0,0.19971904,0.800281,0.0,0.0,0.0
7,5,0.0,0.0,0.0,0.0,0.19971904,0.800281,0.0,0.0,0.0
7,5,0.0,0.0,0.0,0.0,0.19971904,0.800281,0.0,0.0,0.0
7,5,0.0,0.0,0.0,0.0,0.2550027,0.7449973,0.0,0.0,0.0
7,5,0.0,0.0,0.0,0.0,0.2550027,0.7449973,0.0,0.0,0.0
7,5,0.0,0.0,0.0,0.0,0.2550027,0.7449973,0.0,0.0,0.0
7,5,0.0,0.0,0.0,0.0,0.2550027,0.7449973,0.0,0.0,0.0
7,5,0.0,0.0,0.0,0.0,0.2550027,0.7449973,0.0,0.0,0.0
7,5,0.0,0.0,0.0,0.0,0.2550027,0.7449973,0.0,0.0,0.0
7,5,0.0,0.0,0.0,0.0,0.2550027,0.7449973,0.0,0.0,0.0
7,5,0.0,0.0,0.0,0.0,0.2550027,0.7449973,0.0,0.0,0.0
7,5,0.0,0.0,0.0,0.0,0.2550027,0.7449973,0.0,0.0,0.0
7,5,0.0,0.0,0.0,0.0,0.2550027,0.7449973,0.0,0.0,0.0
7,5,0.0,0.0,0.0,0.0,0.2550027,0.7449973,0.0,0.0,0.0
7,5,0.0,0.0,0.0,0.0,0.2550027,0.7449973,0.0,0.0,0.0
7,5,0.0,0.0,0.0,0.0,0.20933597,0.7906641,0.0,0.0,0.0
7,5,0.0,0.0,0.0,0.0,0.20933597,0.7906641,0.0,0.0,0.0
7,5,0.0,0.0,0.0,0.0,0.20933597,0.7906641,0.0,0.0,0.0
7,5,0.0,0.0,0.0,0.0,0.20933597,0.7906641,0.0,0.0,0.0
7,5,0.0,0.0,0.0,0.0,0.20933597,0.7906641,0.0,0.0,0.0
7,5,0.0,0.0,0.0,0.0,0.20933597,0.7906641,0.0,0.0,0.0
7,5,0.0,0.0,0.0,0.0,0.20933597,0.7906641,0.0,0.0,0.0
7,5,0.0,0.0,0.0,0.0,0.20933597,0.7906641,0.0,0.0,0.0
7,5,0.0,0.0,0.0,0.0,0.20933597,0.7906641,0.0,0.0,0.0
7,5,0.0,0.0,0.0,0.0,0.20933597,0.7906641,0.0,0.0,0.0
7,5,0.0,0.0,0.0,0.0,0.20933597,0.7906641,0.0,0.0,0.0
7,5,0.0,0.0,0.0,0.0,0.20933597,0.7906641,0.0,0.0,0.0
7,5,0.0,0.0,0.0,0.0,0.20933597,0.7906641,0.0,0.0,0.0
7,5,0.0,0.0,0.0,0.0,0.20933597,0.7906641,0.0,0.0,0.0
7,5,0.0,0.0,0.0,0.0,0.20933597,0.7906641,0.0,0.0,0.0
7,5,0.0,0.0,0.0,0.0,0.20933597,0.7906641,0.0,0.0,0.0
7,5,0.0,0.0,0.0,0.0,0.20933597,0.7906641,0.0,0.0,0.0
7,5,0.0,0.0,0.0,0.0,0.13209066,0.8679093,0.0,0.0,0.0
7,5,0.0,0.0,0.0,0.0,0.13209066,0.8679093,0.0,0.0,0.0
7,5,0.0,0.0,0.0,0.0,0.13209066,0.8679093,0.0,0.0,0.0
7,5,0.0,0.0,0.0,0.0,0.13209066,0.8679093,0.0,0.0,0.0
7,5,0.0,0.0,0.0,0.0,0.13209066,0.8679093,0.0,0.0,0.0
7,5,0.0,0.0,0.0,0.0,0.058672458,0.9413276,0.0,0.0,0.0
7,5,0.0,0.0,0.0,0.0,0.058672458,0.9413276,0.0,0.0,0.0
7,5,0.0,0.0,0.0,0.0,0.058672458,0.9413276,0.0,0.0,0.0
7,5,0.0,0.0,0.0,0.0,0.058672458,0.9413276,0.0,0.0,0.0
7,5,0.0,0.0,0.0,0.0,0.058672458,0.9413276,0.0,0.0,0.0
7,5,0.0,0.0,0.0,0.0,0.058672458,0.9413276,0.0,0.0,0.0
7,5,0.0,0.0,0.0,0.0,0.058672458,0.9413276,0.0,0.0,0.0
7,5,0.0,0.0,0.0,0.0,0.058672458,0.9413276,0.0,0.0,0.0
7,5,0.0,0.0,0.0,0.0,0.058672458,0.9413276,0.0,0.0,0.0
7,5,0.0,0.0,0.0,0.0,0.058672458,0.9413276,0.0,0.0,0.0
7,5,0.0,0.0,0.0,0.0,0.058672458,0.9413276,0.0,0.0,0.0
7,5,0.0,0.0,0.0,0.0,0.058672458,0.9413276,0.0,0.0,0.0
7,5,0.0,0.0,0.0,0.0,0.058672458,0.9413276,0.0,0.0,0.0
7,5,0.0,0.0,0.0,0.0,0.058672458,0.9413276,0.0,0.0,0.0
7,5,0.0,0.0,0.0,0.0,0.058672458,0.9413276,0.0,0.0,0.0
7,5,0.0,0.0,0.0,0.0,0.058672458,0.9413276,0.0,0.0,0.0
7,5,0.0,0.0,0.0,0.0,0.058672458,0.9413276,0.0,0.0,0.0
7,5,0.0,0.0,0.0,0.0,0.058672458,0.9413276,0.0,0.0,0.0
7,5,0.0,0.0,0.0,0.0,0.058672458,0.9413276,0.0,0.0,0.0
7,5,0.0,0.0,0.0,0.0,0.058672458,0.9413276,0.0,0.0,0.0
7,5,0.0,0.0,0.0,0.0,0.058672458,0.9413276,0.0,0.0,0.0
7,5,0.0,0.0,0.0,0.0,0.058672458,0.9413276,0.0,0.0,0.0
7,5,0.0,0.0,0.0,0.0,0.058672458,0.9413276,0.0,0.0,0.0
7,5,0.0,0.0,0.0,0.0,0.058672458,0.9413276,0.0,0.0,0.0
7,5,0.0,0.0,0.0,0.0,0.058672458,0.9413276,0.0,0.0,0.0
7,5,0.0,0.0,0.0,0.0,0.058672458,0.9413276,0.0,0.0,0.0
7,5,0.0,0.0,0.0,0.0,0.17966858,0.8203314,0.0,0.0,0.0
7,5,0.0,0.0,0.0,0.0,0.17966858,0.8203314,0.0,0.0,0.0
7,5,0.0,0.0,0.0,0.0,0.17966858,0.8203314,0.0,0.0,0.0
7,5,0.0,0.0,0.0,0.0,0.17966858,0.8203314,0.0,0.0,0.0
7,5,0.0,0.0,0.0,0.0,0.17966858,0.8203314,0.0,0.0,0.0
7,5,0.0,0.0,0.0,0.0,0.17966858,0.8203314,0.0,0.0,0.0
7,5,0.0,0.0,0.0,0.0,0.17966858,0.8203314,0.0,0.0,0.0
7,5,0.0,0.0,0.0,0.0,0.17966858,0.8203314,0.0,0.0,0.0
7,5,0.0,0.0,0.0,0.0,0.17966858,0.8203314,0.0,0.0,0.0
7,5,0.0,0.0,0.0,0.0,0.17966858,0.8203314,0.0,0.0,0.0
7,5,0.0,0.0,0.0,0.0,0.17966858,0.8203314,0.0,0.0,0.0
7,5,0.0,0.0,0.0,0.0,0.17966858,0.8203314,0.0,0.0,0.0
7,5,0.0,0.0,0.0,0.0,0.17966858,0.8203314,0.0,0.0,0.0
7,5,0.0,0.0,0.0,0.0,0.17966858,0.8203314,0.0,0.0,0.0
7,5,0.0,0.0,0.0,0.0,0.17966858,0.8203314,0.0,0.0,0.0
7,5,0.0,0.0,0.0,0.0,0.17966858,0.8203314,0.0,0.0,0.0
7,5,0.0,0.0,0.0,0.0,0.17966858,0.8203314,0.0,0.0,0.0
7,5,0.0,0.0,0.0,0.0,0.17966858,0.8203314,0.0,0.0,0.0
7,5,0.0,0.0,0.0,0.0,0.17966858,0.8203314,0.0,0.0,0.0
7,5,0.0,0.0,0.0,0.0,0.17966858,0.8203314,0.0,0.0,0.0
7,5,0.0,0.0,0.0,0.0,0.17966858,0.8203314,0.0,0.0,0.0
7,5,0.0,0.0,0.0,0.0,0.17966858,0.8203314,0.0,0.0,0.0
7,5,0.0,0.0,0.0,0.0,0.17966858,0.8203314,0.0,0.0,0.0
7,5,0.0,0.0,0.0,0.0,0.17966858,0.8203314,0.0,0.0,0.0
7,5,0.0,0.0,0.0,0.0,0.12938403,0.870616,0.0,0.0,0.0
7,5,0.0,0.0,0.0,0.0,0.12938403,0.870616,0.0,0.0,0.0
7,5,0.0,0.0,0.0,0.0,0.12938403,0.870616,0.0,0.0,0.0
7,5,0.0,0.0,0.0,0.0,0.12938403,0.870616,0.0,0.0,0.0
7,5,0.0,0.0,0.0,0.0,0.12938403,0.870616,0.0,0.0,0.0
7,5,0.0,0.0,0.0,0.0,0.12938403,0.870616,0.0,0.0,0.0
7,5,0.0,0.0,0.0,0.0,0.12938403,0.870616,0.0,0.0,0.0
7,5,0.0,0.0,0.0,0.0,0.12938403,0.870616,0.0,0.0,0.0
7,5,0.0,0.0,0.0,0.0,0.12938403,0.870616,0.0,0.0,0.0
7,5,0.0,0.0,0.0,0.0,0.12938403,0.870616,0.0,0.0,0.0
7,5,0.0,0.0,0.0,0.0,0.12938403,0.870616,0.0,0.0,0.0
7,5,0.0,0.0,0.0,0.0,0.12938403,0.870616,0.0,0.0,0.0
7,5,0.0,0.0,0.0,0.0,0.12938403,0.870616,0.0,0.0,0.0
7,5,0.0,0.0,0.0,0.0,0.12938403,0.870616,0.0,0.0,0.0
7,5,0.0,0.0,0.0,0.0,0.12938403,0.870616,0.0,0.0,0.0
7,5,0.0,0.0,0.0,0.0,0.12938403,0.870616,0.0,0.0,0.0
7,5,0.0,0.0,0.0,0.0,0.12938403,0.870616,0.0,0.0,0.0
7,5,0.0,0.0,0.0,0.0,0.12938403,0.870616,0.0,0.0,0.0
7,5,0.0,0.0,0.0,0.0,0.12938403,0.870616,0.0,0.0,0.0
7,5,0.0,0.0,0.0,0.0,0.20662934,0.79337066,0.0,0.0,0.0
7,5,0.0,0.0,0.0,0.0,0.20662934,0.79337066,0.0,0.0,0.0
7,5,0.0,0.0,0.0,0.0,0.20662934,0.79337066,0.0,0.0,0.0
7,5,0.0,0.0,0.0,0.0,0.20662934,0.79337066,0.0,0.0,0.0
7,5,0.0,0.0,0.0,0.0,0.20662934,0.79337066,0.0,0.0,0.0
7,5,0.0,0.0,0.0,0.0,0.20662934,0.79337066,0.0,0.0,0.0
7,5,0.0,0.0,0.0,0.0,0.20662934,0.79337066,0.0,0.0,0.0
7,5,0.0,0.0,0.0,0.0,0.20662934,0.79337066,0.0,0.0,0.0
7,5,0.0,0.0,0.0,0.0,0.20662934,0.79337066,0.0,0.0,0.0
7,5,0.0,0.0,0.0,0.0,0.20662934,0.79337066,0.0,0.0,0.0
7,5,0.0,0.0,0.0,0.0,0.20662934,0.79337066,0.0,0.0,0.0
7,5,0.0,0.0,0.0,0.0,0.20662934,0.79337066,0.0,0.0,0.0
7,5,0.0,0.0,0.0,0.0,0.20662934,0.79337066,0.0,0.0,0.0
7,5,0.0,0.0,0.0,0.0,0.20662934,0.79337066,0.0,0.0,0.0
7,5,0.0,0.0,0.0,0.0,0.20662934,0.79337066,0.0,0.0,0.0
7,5,0.0,0.0,0.0,0.0,0.20662934,0.79337066,0.0,0.0,0.0
7,5,0.0,0.0,0.0,0.0,0.20662934,0.79337066,0.0,0.0,0.0
7,5,0.0,0.0,0.0,0.0,0.20662934,0.79337066,0.0,0.0,0.0
7,5,0.0,0.0,0.0,0.0,0.20662934,0.79337066,0.0,0.0,0.0
7,5,0.0,0.0,0.0,0.0,0.20662934,0.79337066,0.0,0.0,0.0
7,5,0.0,0.0,0.0,0.0,0.20662934,0.79337066,0.0,0.0,0.0
7,5,0.0,0.0,0.0,0.0,0.20662934,0.79337066,0.0,0.0,0.0
7,5,0.0,0.0,0.0,0.0,0.20662934,0.79337066,0.0,0.0,0.0
7,5,0.0,0.0,0.0,0.0,0.20662934,0.79337066,0.0,0.0,0.0
7,5,0.0,0.0,0.0,0.0,0.20662934,0.79337066,0.0,0.0,0.0
7,5,0.0,0.0,0.0,0.0,0.20662934,0.79337066,0.0,0.0,0.0
7,5,0.0,0.0,0.0,0.0,0.20662934,0.79337066,0.0,0.0,0.0
7,5,0.0,0.0,0.0,0.0,0.20662934,0.79337066,0.0,0.0,0.0
7,5,0.0,0.0,0.0,0.0,0.20662934,0.79337066,0.0,0.0,0.0
7,5,0.0,0.0,0.0,0.0,0.20662934,0.79337066,0.0,0.0,0.0
7,5,0.0,0.0,0.0,0.0,0.20662934,0.79337066,0.0,0.0,0.0
7,5,0.0,0.0,0.0,0.0,0.20662934,0.79337066,0.0,0.0,0.0
7,5,0.0,0.0,0.0,0.0,0.20662934,0.79337066,0.0,0.0,0.0
7,5,0.0,0.0,0.0,0.0,0.20662934,0.79337066,0.0,0.0,0.0
7,5,0.0,0.0,0.0,0.0,0.20662934,0.79337066,0.0,0.0,0.0
7,5,0.0,0.0,0.0,0.0,0.20662934,0.79337066,0.0,0.0,0.0
7,5,0.0,0.0,0.0,0.0,0.20662934,0.79337066,0.0,0.0,0.0
7,5,0.0,0.0,0.0,0.0,0.20662934,0.79337066,0.0,0.0,0.0
7,5,0.0,0.0,0.0,0.0,0.20662934,0.79337066,0.0,0.0,0.0
7,5,0.0,0.0,0.0,0.0,0.20662934,0.79337066,0.0,0.0,0.0
7,5,0.0,0.0,0.0,0.0,0.20662934,0.79337066,0.0,0.0,0.0
7,5,0.0,0.0,0.0,0.0,0.20662934,0.79337066,0.0,0.0,0.0
7,5,0.0,0.0,0.0,0.0,0.20662934,0.79337066,0.0,0.0,0.0
7,5,0.0,0.0,0.0,0.0,0.20662934,0.79337066,0.0,0.0,0.0
7,5,0.0,0.0,0.0,0.0,0.20662934,0.79337066,0.0,0.0,0.0
7,5,0.0,0.0,0.0,0.0,0.20662934,0.79337066,0.0,0.0,0.0
7,5,0.0,0.0,0.0,0.0,0.20662934,0.79337066,0.0,0.0,0.0
7,5,0.0,0.0,0.0,0.0,0.20662934,0.79337066,0.0,0.0,0.0
7,5,0.0,0.0,0.0,0.0,0.20662934,0.79337066,0.0,0.0,0.0
7,5,0.0,0.0,0.0,0.0,0.20662934,0.79337066,0.0,0.0,0.0
7,5,0.0,0.0,0.0,0.0,0.20662934,0.79337066,0.0,0.0,0.0
7,5,0.0,0.0,0.0,0.0,0.20662934,0.79337066,0.0,0.0,0.0
7,5,0.0,0.0,0.0,0.0,0.20662934,0.79337066,0.0,0.0,0.0
7,5,0.0,0.0,0.0,0.0,0.20662934,0.79337066,0.0,0.0,0.0
7,5,0.0,0.0,0.0,0.0,0.20662934,0.79337066,0.0,0.0,0.0
7,5,0.0,0.0,0.0,0.0,0.20662934,0.79337066,0.0,0.0,0.0
7,5,0.0,0.0,0.0,0.0,0.20662934,0.79337066,0.0,0.0,0.0
7,5,0.0,0.0,0.0,0.0,0.20662934,0.79337066,0.0,0.0,0.0
7,5,0.0,0.0,0.0,0.0,0.20662934,0.79337066,0.0,0.0,0.0
7,5,0.0,0.0,0.0,0.0,0.20662934,0.79337066,0.0,0.0,0.0
7,5,0.0,0.0,0.0,0.0,0.20662934,0.79337066,0.0,0.0,0.0
7,5,0.0,0.0,0.0,0.0,0.20662934,0.79337066,0.0,0.0,0.0
7,5,0.0,0.0,0.0,0.0,0.20662934,0.79337066,0.0,0.0,0.0
7,5,0.0,0.0,0.0,0.0,0.20662934,0.79337066,0.0,0.0,0.0
7,5,0.0,0.0,0.0,0.0,0.20662934,0.79337066,0.0,0.0,0.0
7,5,0.0,0.0,0.0,0.0,0.20662934,0.79337066,0.0,0.0,0.0
7,5,0.0,0.0,0.0,0.0,0.20662934,0.79337066,0.0,0.0,0.0
7,5,0.0,0.0,0.0,0.0,0.20662934,0.79337066,0.0,0.0,0.0
7,5,0.0,0.0,0.0,0.0,0.20662934,0.79337066,0.0,0.0,0.0
7,5,0.0,0.0,0.0,0.0,0.20662934,0.79337066,0.0,0.0,0.0
7,5,0.0,0.0,0.0,0.0,0.20662934,0.79337066,0.0,0.0,0.0
7,5,0.0,0.0,0.0,0.0,0.20662934,0.79337066,0.0,0.0,0.0
7,5,0.0,0.0,0.0,0.0,0.20662934,0.79337066,0.0,0.0,0.0
7,5,0.0,0.0,0.0,0.0,0.20662934,0.79337066,0.0,0.0,0.0
7,5,0.0,0.0,0.0,0.0,0.20662934,0.79337066,0.0,0.0,0.0
7,5,0.0,0.0,0.0,0.0,0.20662934,0.79337066,0.0,0.0,0.0
7,5,0.0,0.0,0.0,0.0,0.20662934,0.79337066,0.0,0.0,0.0
7,5,0.0,0.0,0.0,0.0,0.20662934,0.79337066,0.0,0.0,0.0
7,5,0.0,0.0,0.0,0.0,0.20662934,0.79337066,0.0,0.0,0.0
7,5,0.0,0.0,0.0,0.0,0.20662934,0.79337066,0.0,0.0,0.0
7,5,0.0,0.0,0.0,0.0,0.20662934,0.79337066,0.0,0.0,0.0
7,5,0.0,0.0,0.0,0.0,0.20662934,0.79337066,0.0,0.0,0.0
7,5,0.0,0.0,0.0,0.0,0.20662934,0.79337066,0.0,0.0,0.0
7,5,0.0,0.0,0.0,0.0,0.20662934,0.79337066,0.0,0.0,0.0
7,5,0.0,0.0,0.0,0.0,0.20662934,0.79337066,0.0,0.0,0.0
7,5,0.0,0.0,0.0,0.0,0.20662934,0.79337066,0.0,0.0,0.0
7,5,0.0,0.0,0.0,0.0,0.20662934,0.79337066,0.0,0.0,0.0
7,5,0.0,0.0,0.0,0.0,0.20662934,0.79337066,0.0,0.0,0.0
7,5,0.0,0.0,0.0,0.0,0.20662934,0.79337066,0.0,0.0,0.0
7,5,0.0,0.0,0.0,0.0,0.20662934,0.79337066,0.0,0.0,0.0
7,5,0.0,0.0,0.0,0.0,0.20662934,0.79337066,0.0,0.0,0.0
7,5,0.0,0.0,0.0,0.0,0.20662934,0.79337066,0.0,0.0,0.0
7,5,0.0,0.0,0.0,0.0,0.20662934,0.79337066,0.0,0.0,0.0
7,5,0.0,0.0,0.0,0.0,0.20662934,0.79337066,0.0,0.0,0.0
7,5,0.0,0.0,0.0,0.0,0.20662934,0.79337066,0.0,0.0,0.0
7,5,0.0,0.0,0.0,0.0,0.20662934,0.79337066,0.0,0.0,0.0
7,5,0.0,0.0,0.0,0.0,0.20662934,0.79337066,0.0,0.0,0.0
7,5,0.0,0.0,0.0,0.0,0.20662934,0.79337066,0.0,0.0,0.0
7,5,0.0,0.0,0.0,0.0,0.20662934,0.79337066,0.0,0.0,0.0
7,5,0.0,0.0,0.0,0.0,0.20662934,0.79337066,0.0,0.0,0.0
7,5,0.0,0.0,0.0,0.0,0.20662934,0.79337066,0.0,0.0,0.0
7,5,0.0,0.0,0.0,0.0,0.20662934,0.79337066,0.0,0.0,0.0
7,5,0.0,0.0,0.0,0.0,0.20662934,0.79337066,0.0,0.0,0.0
7,5,0.0,0.0,0.0,0.0,0.20662934,0.79337066,0.0,0.0,0.0
7,5,0.0,0.0,0.0,0.0,0.20662934,0.79337066,0.0,0.0,0.0
7,5,0.0,0.0,0.0,0.0,0.20662934,0.79337066,0.0,0.0,0.0
7,5,0.0,0.0,0.0,0.0,0.20662934,0.79337066,0.0,0.0,0.0
7,5,0.0,0.0,0.0,0.0,0.20662934,0.79337066,0.0,0.0,0.0
7,5,0.0,0.0,0.0,0.0,0.20662934,0.79337066,0.0,0.0,0.0
7,5,0.0,0.0,0.0,0.0,0.20662934,0.79337066,0.0,0.0,0.0
7,5,0.0,0.0,0.0,0.0,0.20662934,0.79337066,0.0,0.0,0.0
7,5,0.0,0.0,0.0,0.0,0.20662934,0.79337066,0.0,0.0,0.0
7,5,0.0,0.0,0.0,0.0,0.20662934,0.79337066,0.0,0.0,0.0
7,5,0.0,0.0,0.0,0.0,0.20662934,0.79337066,0.0,0.0,0.0
7,5,0.0,0.0,0.0,0.0,0.20662934,0.79337066,0.0,0.0,0.0
7,5,0.0,0.0,0.0,0.0,0.20662934,0.79337066,0.0,0.0,0.0
7,5,0.0,0.0,0.0,0.0,0.20662934,0.79337066,0.0,0.0,0.0
7,5,0.0,0.0,0.0,0.0,0.20662934,0.79337066,0.0,0.0,0.0
7,5,0.0,0.0,0.0,0.0,0.20662934,0.79337066,0.0,0.0,0.0
7,5,0.0,0.0,0.0,0.0,0.20662934,0.79337066,0.0,0.0,0.0
7,5,0.0,0.0,0.0,0.0,0.20662934,0.79337066,0.0,0.0,0.0
7,5,0.0,0.0,0.0,0.0,0.20662934,0.79337066,0.0,0.0,0.0
7,5,0.0,0.0,0.0,0.0,0.20662934,0.79337066,0.0,0.0,0.0
7,5,0.0,0.0,0.0,0.0,0.20662934,0.79337066,0.0,0.0,0.0
7,5,0.0,0.0,0.0,0.0,0.20662934,0.79337066,0.0,0.0,0.0
7,5,0.0,0.0,0.0,0.0,0.19469494,0.80530506,0.0,0.0,0.0
7,5,0.0,0.0,0.0,0.0,0.19469494,0.80530506,0.0,0.0,0.0
7,5,0.0,0.0,0.0,0.0,0.19469494,0.80530506,0.0,0.0,0.0
7,5,0.0,0.0,0.0,0.0,0.19469494,0.80530506,0.0,0.0,0.0
7,5,0.0,0.0,0.0,0.0,0.19469494,0.80530506,0.0,0.0,0.0
7,5,0.0,0.0,0.0,0.0,0.19469494,0.80530506,0.0,0.0,0.0
7,5,0.0,0.0,0.0,0.0,0.19469494,0.80530506,0.0,0.0,0.0
7,5,0.0,0.0,0.0,0.0,0.19469494,0.80530506,0.0,0.0,0.0
7,5,0.0,0.0,0.0,0.0,0.19469494,0.80530506,0.0,0.0,0.0
7,5,0.0,0.0,0.0,0.0,0.19469494,0.80530506,0.0,0.0,0.0
7,5,0.0,0.0,0.0,0.0,0.19469494,0.80530506,0.0,0.0,0.0
7,5,0.0,0.0,0.0,0.0,0.19469494,0.80530506,0.0,0.0,0.0
7,5,0.0,0.0,0.0,0.0,0.19469494,0.80530506,0.0,0.0,0.0
7,5,0.0,0.0,0.0,0.0,0.19469494,0.80530506,0.0,0.0,0.0
7,5,0.0,0.0,0.0,0.0,0.19469494,0.80530506,0.0,0.0,0.0
7,5,0.0,0.0,0.0,0.0,0.19469494,0.80530506,0.0,0.0,0.0
7,5,0.0,0.0,0.0,0.0,0.19469494,0.80530506,0.0,0.0,0.0
7,5,0.0,0.0,0.0,0.0,0.19469494,0.80530506,0.0,0.0,0.0
7,5,0.0,0.0,0.0,0.0,0.19469494,0.80530506,0.0,0.0,0.0
7,5,0.0,0.0,0.0,0.0,0.19469494,0.80530506,0.0,0.0,0.0
7,5,0.0,0.0,0.0,0.0,0.19469494,0.80530506,0.0,0.0,0.0
7,5,0.0,0.0,0.0,0.0,0.19469494,0.80530506,0.0,0.0,0.0
7,5,0.0,0.0,0.0,0.0,0.19469494,0.80530506,0.0,0.0,0.0
7,5,0.0,0.0,0.0,0.0,0.19469494,0.80530506,0.0,0.0,0.0
7,5,0.0,0.0,0.0,0.0,0.19469494,0.80530506,0.0,0.0,0.0
7,5,0.0,0.0,0.0,0.0,0.19469494,0.80530506,0.0,0.0,0.0
7,5,0.0,0.0,0.0,0.0,0.19469494,0.80530506,0.0,0.0,0.0
7,5,0.0,0.0,0.0,0.0,0.19469494,0.80530506,0.0,0.0,0.0
7,5,0.0,0.0,0.0,0.0,0.19469494,0.80530506,0.0,0.0,0.0
7,5,0.0,0.0,0.0,0.0,0.19469494,0.80530506,0.0,0.0,0.0
7,5,0.0,0.0,0.0,0.0,0.19469494,0.80530506,0.0,0.0,0.0
7,5,0.0,0.0,0.0,0.0,0.19469494,0.80530506,0.0,0.0,0.0
7,5,0.0,0.0,0.0,0.0,0.19469494,0.80530506,0.0,0.0,0.0
7,5,0.0,0.0,0.0,0.0,0.19469494,0.80530506,0.0,0.0,0.0
7,5,0.0,0.0,0.0,0.0,0.19469494,0.80530506,0.0,0.0,0.0
7,5,0.0,0.0,0.0,0.0,0.19469494,0.80530506,0.0,0.0,0.0
7,5,0.0,0.0,0.0,0.0,0.19469494,0.80530506,0.0,0.0,0.0
7,5,0.0,0.0,0.0,0.0,0.19469494,0.80530506,0.0,0.0,0.0
7,5,0.0,0.0,0.0,0.0,0.19469494,0.80530506,0.0,0.0,0.0
7,5,0.0,0.0,0.0,0.0,0.19469494,0.80530506,0.0,0.0,0.0
7,5,0.0,0.0,0.0,0.0,0.19469494,0.80530506,0.0,0.0,0.0
7,5,0.0,0.0,0.0,0.0,0.19469494,0.80530506,0.0,0.0,0.0
7,5,0.0,0.0,0.0,0.0,0.19469494,0.80530506,0.0,0.0,0.0
7,5,0.0,0.0,0.0,0.0,0.19469494,0.80530506,0.0,0.0,0.0
7,5,0.0,0.0,0.0,0.0,0.19469494,0.80530506,0.0,0.0,0.0
7,5,0.0,0.0,0.0,0.0,0.19469494,0.80530506,0.0,0.0,0.0
7,5,0.0,0.0,0.0,0.0,0.19469494,0.80530506,0.0,0.0,0.0
7,5,0.0,0.0,0.0,0.0,0.19469494,0.80530506,0.0,0.0,0.0
7,5,0.0,0.0,0.0,0.0,0.2528,0.7472,0.0,0.0,0.0
7,5,0.0,0.0,0.0,0.0,0.2528,0.7472,0.0,0.0,0.0
7,5,0.0,0.0,0.0,0.0,0.2528,0.7472,0.0,0.0,0.0
7,5,0.0,0.0,0.0,0.0,0.2528,0.7472,0.0,0.0,0.0
7,5,0.0,0.0,0.0,0.0,0.2528,0.7472,0.0,0.0,0.0
7,5,0.0,0.0,0.0,0.0,0.2528,0.7472,0.0,0.0,0.0
7,5,0.0,0.0,0.0,0.0,0.2528,0.7472,0.0,0.0,0.0
7,5,0.0,0.0,0.0,0.0,0.2528,0.7472,0.0,0.0,0.0
7,5,0.0,0.0,0.0,0.0,0.2528,0.7472,0.0,0.0,0.0
7,5,0.0,0.0,0.0,0.0,0.2528,0.7472,0.0,0.0,0.0
7,5,0.0,0.0,0.0,0.0,0.2528,0.7472,0.0,0.0,0.0
7,5,0.0,0.0,0.0,0.0,0.2528,0.7472,0.0,0.0,0.0
7,5,0.0,0.0,0.0,0.0,0.2528,0.7472,0.0,0.0,0.0
7,5,0.0,0.0,0.0,0.0,0.2528,0.7472,0.0,0.0,0.0
7,5,0.0,0.0,0.0,0.0,0.2528,0.7472,0.0,0.0,0.0
7,5,0.0,0.0,0.0,0.0,0.2528,0.7472,0.0,0.0,0.0
7,5,0.0,0.0,0.0,0.0,0.2528,0.7472,0.0,0.0,0.0
7,5,0.0,0.0,0.0,0.0,0.2528,0.7472,0.0,0.0,0.0
7,5,0.0,0.0,0.0,0.0,0.2528,0.7472,0.0,0.0,0.0
7,5,0.0,0.0,0.0,0.0,0.2528,0.7472,0.0,0.0,0.0
7,5,0.0,0.0,0.0,0.0,0.2528,0.7472,0.0,0.0,0.0
7,5,0.0,0.0,0.0,0.0,0.2528,0.7472,0.0,0.0,0.0
7,5,0.0,0.0,0.0,0.0,0.2528,0.7472,0.0,0.0,0.0
7,5,0.0,0.0,0.0,0.0,0.2528,0.7472,0.0,0.0,0.0
7,5,0.0,0.0,0.0,0.0,0.25385267,0.74614733,0.0,0.0,0.0
7,5,0.0,0.0,0.0,0.0,0.25385267,0.74614733,0.0,0.0,0.0
7,5,0.0,0.0,0.0,0.0,0.25385267,0.74614733,0.0,0.0,0.0
7,5,0.0,0.0,0.0,0.0,0.25385267,0.74614733,0.0,0.0,0.0
7,5,0.0,0.0,0.0,0.0,0.25385267,0.74614733,0.0,0.0,0.0
7,5,0.0,0.0,0.0,0.0,0.25385267,0.74614733,0.0,0.0,0.0
7,5,0.0,0.0,0.0,0.0,0.25385267,0.74614733,0.0,0.0,0.0
7,5,0.0,0.0,0.0,0.0,0.25385267,0.74614733,0.0,0.0,0.0
7,5,0.0,0.0,0.0,0.0,0.25385267,0.74614733,0.0,0.0,0.0
7,5,0.0,0.0,0.0,0.0,0.25385267,0.74614733,0.0,0.0,0.0
7,5,0.0,0.0,0.0,0.0,0.25385267,0.74614733,0.0,0.0,0.0
7,5,0.0,0.0,0.0,0.0,0.25385267,0.74614733,0.0,0.0,0.0
7,5,0.0,0.0,0.0,0.0,0.25385267,0.74614733,0.0,0.0,0.0
7,5,0.0,0.0,0.0,0.0,0.25385267,0.74614733,0.0,0.0,0.0
7,5,0.0,0.0,0.0,0.0,0.25385267,0.74614733,0.0,0.0,0.0
7,5,0.0,0.0,0.0,0.0,0.25385267,0.74614733,0.0,0.0,0.0
7,5,0.0,0.0,0.0,0.0,0.25385267,0.74614733,0.0,0.0,0.0
7,5,0.0,0.0,0.0,0.0,0.25385267,0.74614733,0.0,0.0,0.0
7,5,0.0,0.0,0.0,0.0,0.25385267,0.74614733,0.0,0.0,0.0
7,5,0.0,0.0,0.0,0.0,0.25385267,0.74614733,0.0,0.0,0.0
7,5,0.0,0.0,0.0,0.0,0.25385267,0.74614733,0.0,0.0,0.0
7,5,0.0,0.0,0.0,0.0,0.25385267,0.74614733,0.0,0.0,0.0
7,5,0.0,0.0,0.0,0.0,0.25385267,0.74614733,0.0,0.0,0.0
7,5,0.0,0.0,0.0,0.0,0.25385267,0.74614733,0.0,0.0,0.0
7,5,0.0,0.0,0.0,0.0,0.25385267,0.74614733,0.0,0.0,0.0
7,5,0.0,0.0,0.0,0.0,0.25385267,0.74614733,0.0,0.0,0.0
7,5,0.0,0.0,0.0,0.0,0.25385267,0.74614733,0.0,0.0,0.0
7,5,0.0,0.0,0.0,0.0,0.25385267,0.74614733,0.0,0.0,0.0
7,5,0.0,0.0,0.0,0.0,0.25385267,0.74614733,0.0,0.0,0.0
7,5,0.0,0.0,0.0,0.0,0.25385267,0.74614733,0.0,0.0,0.0
7,5,0.0,0.0,0.0,0.0,0.25385267,0.74614733,0.0,0.0,0.0
7,5,0.0,0.0,0.0,0.0,0.25385267,0.74614733,0.0,0.0,0.0
7,5,0.0,0.0,0.0,0.0,0.25385267,0.74614733,0.0,0.0,0.0
7,5,0.0,0.0,0.0,0.0,0.25385267,0.74614733,0.0,0.0,0.0
7,5,0.0,0.0,0.0,0.0,0.25385267,0.74614733,0.0,0.0,0.0
7,5,0.0,0.0,0.0,0.0,0.25385267,0.74614733,0.0,0.0,0.0
7,5,0.0,0.0,0.0,0.0,0.25385267,0.74614733,0.0,0.0,0.0
7,5,0.0,0.0,0.0,0.0,0.25385267,0.74614733,0.0,0.0,0.0
7,5,0.0,0.0,0.0,0.0,0.25385267,0.74614733,0.0,0.0,0.0
7,5,0.0,0.0,0.0,0.0,0.25385267,0.74614733,0.0,0.0,0.0
7,5,0.0,0.0,0.0,0.0,0.25385267,0.74614733,0.0,0.0,0.0
7,5,0.0,0.0,0.0,0.0,0.25385267,0.74614733,0.0,0.0,0.0
7,5,0.0,0.0,0.0,0.0,0.25385267,0.74614733,0.0,0.0,0.0
7,5,0.0,0.0,0.0,0.0,0.25385267,0.74614733,0.0,0.0,0.0
7,5,0.0,0.0,0.0,0.0,0.25385267,0.74614733,0.0,0.0,0.0
7,5,0.0,0.0,0.0,0.0,0.25385267,0.74614733,0.0,0.0,0.0
7,5,0.0,0.0,0.0,0.0,0.25385267,0.74614733,0.0,0.0,0.0
7,5,0.0,0.0,0.0,0.0,0.25385267,0.74614733,0.0,0.0,0.0
7,5,0.0,0.0,0.0,0.0,0.25385267,0.74614733,0.0,0.0,0.0
7,5,0.0,0.0,0.0,0.0,0.25385267,0.74614733,0.0,0.0,0.0
7,5,0.0,0.0,0.0,0.0,0.25385267,0.74614733,0.0,0.0,0.0
7,5,0.0,0.0,0.0,0.0,0.25385267,0.74614733,0.0,0.0,0.0
7,5,0.0,0.0,0.0,0.0,0.25385267,0.74614733,0.0,0.0,0.0
7,5,0.0,0.0,0.0,0.0,0.25385267,0.74614733,0.0,0.0,0.0
7,5,0.0,0.0,0.0,0.0,0.25385267,0.74614733,0.0,0.0,0.0
7,5,0.0,0.0,0.0,0.0,0.25385267,0.74614733,0.0,0.0,0.0
7,5,0.0,0.0,0.0,0.0,0.25385267,0.74614733,0.0,0.0,0.0
7,5,0.0,0.0,0.0,0.0,0.25385267,0.74614733,0.0,0.0,0.0
7,5,0.0,0.0,0.0,0.0,0.25385267,0.74614733,0.0,0.0,0.0
7,5,0.0,0.0,0.0,0.0,0.25385267,0.74614733,0.0,0.0,0.0
7,5,0.0,0.0,0.0,0.0,0.3091364,0.6908636,0.0,0.0,0.0
7,5,0.0,0.0,0.0,0.0,0.3091364,0.6908636,0.0,0.0,0.0
7,5,0.0,0.0,0.0,0.0,0.3091364,0.6908636,0.0,0.0,0.0
7,5,0.0,0.0,0.0,0.0,0.3091364,0.6908636,0.0,0.0,0.0
7,5,0.0,0.0,0.0,0.0,0.3091364,0.6908636,0.0,0.0,0.0
7,5,0.0,0.0,0.0,0.0,0.3091364,0.6908636,0.0,0.0,0.0
7,5,0.0,0.0,0.0,0.0,0.3091364,0.6908636,0.0,0.0,0.0
7,5,0.0,0.0,0.0,0.0,0.3091364,0.6908636,0.0,0.0,0.0
7,5,0.0,0.0,0.0,0.0,0.3091364,0.6908636,0.0,0.0,0.0
7,5,0.0,0.0,0.0,0.0,0.3091364,0.6908636,0.0,0.0,0.0
7,5,0.0,0.0,0.0,0.0,0.3091364,0.6908636,0.0,0.0,0.0
7,5,0.0,0.0,0.0,0.0,0.3091364,0.6908636,0.0,0.0,0.0
7,5,0.0,0.0,0.0,0.0,0.3738517,0.62614834,0.0,0.0,0.0
7,5,0.0,0.0,0.0,0.0,0.3738517,0.62614834,0.0,0.0,0.0
7,5,0.0,0.0,0.0,0.0,0.3738517,0.62614834,0.0,0.0,0.0
7,5,0.0,0.0,0.0,0.0,0.3738517,0.62614834,0.0,0.0,0.0
7,5,0.0,0.0,0.0,0.0,0.3738517,0.62614834,0.0,0.0,0.0
7,5,0.0,0.0,0.0,0.0,0.3738517,0.62614834,0.0,0.0,0.0
7,5,0.0,0.0,0.0,0.0,0.3738517,0.62614834,0.0,0.0,0.0
7,5,0.0,0.0,0.0,0.0,0.3738517,0.62614834,0.0,0.0,0.0
7,5,0.0,0.0,0.0,0.0,0.3738517,0.62614834,0.0,0.0,0.0
7,5,0.0,0.0,0.0,0.0,0.3738517,0.62614834,0.0,0.0,0.0
7,5,0.0,0.0,0.0,0.0,0.3738517,0.62614834,0.0,0.0,0.0
7,5,0.0,0.0,0.0,0.0,0.3738517,0.62614834,0.0,0.0,0.0
7,5,0.0,0.0,0.0,0.0,0.3738517,0.62614834,0.0,0.0,0.0
7,5,0.0,0.0,0.0,0.0,0.3738517,0.62614834,0.0,0.0,0.0
7,5,0.0,0.0,0.0,0.0,0.3738517,0.62614834,0.0,0.0,0.0
7,5,0.0,0.0,0.0,0.0,0.3738517,0.62614834,0.0,0.0,0.0
7,5,0.0,0.0,0.0,0.0,0.3738517,0.62614834,0.0,0.0,0.0
7,5,0.0,0.0,0.0,0.0,0.3738517,0.62614834,0.0,0.0,0.0
7,5,0.0,0.0,0.0,0.0,0.31856796,0.681432,0.0,0.0,0.0
7,5,0.0,0.0,0.0,0.0,0.31856796,0.681432,0.0,0.0,0.0
7,5,0.0,0.0,0.0,0.0,0.31856796,0.681432,0.0,0.0,0.0
7,5,0.0,0.0,0.0,0.0,0.31856796,0.681432,0.0,0.0,0.0
7,5,0.0,0.0,0.0,0.0,0.31856796,0.681432,0.0,0.0,0.0
7,5,0.0,0.0,0.0,0.0,0.31856796,0.681432,0.0,0.0,0.0
7,5,0.0,0.0,0.0,0.0,0.31856796,0.681432,0.0,0.0,0.0
7,5,0.0,0.0,0.0,0.0,0.31856796,0.681432,0.0,0.0,0.0
7,5,0.0,0.0,0.0,0.0,0.31856796,0.681432,0.0,0.0,0.0
7,5,0.0,0.0,0.0,0.0,0.31856796,0.681432,0.0,0.0,0.0
7,5,0.0,0.0,0.0,0.0,0.31856796,0.681432,0.0,0.0,0.0
7,5,0.0,0.0,0.0,0.0,0.31856796,0.681432,0.0,0.0,0.0
7,5,0.0,0.0,0.0,0.0,0.31856796,0.681432,0.0,0.0,0.0
7,5,0.0,0.0,0.0,0.0,0.31856796,0.681432,0.0,0.0,0.0
7,5,0.0,0.0,0.0,0.055906355,0.31856793,0.62552565,0.0,0.0,0.0
7,5,0.0,0.0,0.0,0.055906355,0.31856793,0.62552565,0.0,0.0,0.0
7,5,0.0,0.0,0.0,0.055906355,0.31856793,0.62552565,0.0,0.0,0.0
7,5,0.0,0.0,0.0,0.055906355,0.31856793,0.62552565,0.0,0.0,0.0
7,5,0.0,0.0,0.0,0.055906355,0.31856793,0.62552565,0.0,0.0,0.0
7,5,0.0,0.0,0.0,0.055906355,0.31856793,0.62552565,0.0,0.0,0.0
7,5,0.0,0.0,0.0,0.055906355,0.31856793,0.62552565,0.0,0.0,0.0
7,5,0.0,0.0,0.0,0.055906355,0.31856793,0.62552565,0.0,0.0,0.0
7,5,0.0,0.0,0.0,0.055906355,0.31856793,0.62552565,0.0,0.0,0.0
7,5,0.0,0.0,0.0,0.055906355,0.31856793,0.62552565,0.0,0.0,0.0
7,5,0.0,0.0,0.0,0.055906355,0.31856793,0.62552565,0.0,0.0,0.0
7,5,0.0,0.0,0.0,0.055906355,0.31856793,0.62552565,0.0,0.0,0.0
7,5,0.0,0.0,0.0,0.055906355,0.31856793,0.62552565,0.0,0.0,0.0
7,5,0.0,0.0,0.0,0.055906355,0.31856793,0.62552565,0.0,0.0,0.0
7,5,0.0,0.0,0.0,0.055906355,0.31856793,0.62552565,0.0,0.0,0.0
7,5,0.0,0.0,0.0,0.055906355,0.31856793,0.62552565,0.0,0.0,0.0
7,5,0.0,0.0,0.0,0.055906355,0.31856793,0.62552565,0.0,0.0,0.0
7,5,0.0,0.0,0.0,0.055906355,0.31856793,0.62552565,0.0,0.0,0.0
7,5,0.0,0.0,0.0,0.055906355,0.31856793,0.62552565,0.0,0.0,0.0
7,5,0.0,0.0,0.0,0.055906355,0.31856793,0.62552565,0.0,0.0,0.0
7,5,0.0,0.0,0.0,0.055906355,0.31856793,0.62552565,0.0,0.0,0.0
7,5,0.0,0.0,0.0,0.055906355,0.31856793,0.62552565,0.0,0.0,0.0
7,5,0.0,0.0,0.0,0.055906355,0.31856793,0.62552565,0.0,0.0,0.0
7,5,0.0,0.0,0.0,0.055906355,0.31856793,0.62552565,0.0,0.0,0.0
7,5,0.0,0.0,0.0,0.055906355,0.31856793,0.62552565,0.0,0.0,0.0
7,5,0.0,0.0,0.0,0.055906355,0.31856793,0.62552565,0.0,0.0,0.0
7,5,0.0,0.0,0.0,0.055906355,0.31856793,0.62552565,0.0,0.0,0.0
7,5,0.0,0.0,0.0,0.055906355,0.31856793,0.62552565,0.0,0.0,0.0
7,5,0.0,0.0,0.0,0.055906355,0.31856793,0.62552565,0.0,0.0,0.0
7,5,0.0,0.0,0.0,0.055906355,0.31856793,0.62552565,0.0,0.0,0.0
7,5,0.0,0.0,0.0,0.055906355,0.31856793,0.62552565,0.0,0.0,0.0
7,5,0.0,0.0,0.0,0.055906355,0.31856793,0.62552565,0.0,0.0,0.0
7,5,0.0,0.0,0.0,0.055906355,0.26046294,0.68363065,0.0,0.0,0.0
7,5,0.0,0.0,0.0,0.055906355,0.26046294,0.68363065,0.0,0.0,0.0
7,5,0.0,0.0,0.0,0.055906355,0.26046294,0.68363065,0.0,0.0,0.0
7,5,0.0,0.0,0.0,0.055906355,0.26046294,0.68363065,0.0,0.0,0.0
7,5,0.0,0.0,0.0,0.055906355,0.26046294,0.68363065,0.0,0.0,0.0
7,5,0.0,0.0,0.0,0.055906355,0.26046294,0.68363065,0.0,0.0,0.0
7,5,0.0,0.0,0.0,0.055906355,0.26046294,0.68363065,0.0,0.0,0.0
7,5,0.0,0.0,0.0,0.055906355,0.26046294,0.68363065,0.0,0.0,0.0
7,5,0.0,0.0,0.0,0.113663815,0.26046297,0.62587327,0.0,0.0,0.0
7,5,0.0,0.0,0.0,0.113663815,0.26046297,0.62587327,0.0,0.0,0.0
7,5,0.0,0.0,0.0,0.113663815,0.3340254,0.5523108,0.0,0.0,0.0
7,5,0.0,0.0,0.0,0.113663815,0.3340254,0.5523108,0.0,0.0,0.0
7,5,0.0,0.0,0.0,0.113663815,0.3340254,0.5523108,0.0,0.0,0.0
7,5,0.0,0.0,0.0,0.113663815,0.3340254,0.5523108,0.0,0.0,0.0
7,5,0.0,0.0,0.0,0.113663815,0.3340254,0.5523108,0.0,0.0,0.0
7,5,0.0,0.0,0.0,0.113663815,0.3340254,0.5523108,0.0,0.0,0.0
7,5,0.0,0.0,0.0,0.113663815,0.3340254,0.5523108,0.0,0.0,0.0
7,5,0.0,0.0,0.0,0.113663815,0.3340254,0.5523108,0.0,0.0,0.0
7,5,0.0,0.0,0.0,0.113663815,0.3340254,0.5523108,0.0,0.0,0.0
7,5,0.0,0.0,0.0,0.113663815,0.3340254,0.5523108,0.0,0.0,0.0
7,5,0.0,0.0,0.0,0.113663815,0.3340254,0.5523108,0.0,0.0,0.0
7,5,0.0,0.0,0.0,0.113663815,0.3340254,0.5523108,0.0,0.0,0.0
7,5,0.0,0.0,0.0,0.113663815,0.3340254,0.5523108,0.0,0.0,0.0
7,5,0.0,0.0,0.0,0.113663815,0.3340254,0.5523108,0.0,0.0,0.0
7,5,0.0,0.0,0.0,0.113663815,0.26739797,0.61893827,0.0,0.0,0.0
7,5,0.0,0.0,0.0,0.113663815,0.26739797,0.61893827,0.0,0.0,0.0
7,5,0.0,0.0,0.0,0.113663815,0.26739797,0.61893827,0.0,0.0,0.0
7,5,0.0,0.0,0.0,0.113663815,0.26739797,0.61893827,0.0,0.0,0.0
7,5,0.0,0.0,0.0,0.113663815,0.26739797,0.61893827,0.0,0.0,0.0
7,5,0.0,0.0,0.0,0.113663815,0.26739797,0.61893827,0.0,0.0,0.0
7,5,0.0,0.0,0.0,0.113663815,0.26739797,0.61893827,0.0,0.0,0.0
7,5,0.0,0.0,0.0,0.113663815,0.26739797,0.61893827,0.0,0.0,0.0
7,5,0.0,0.0,0.0,0.113663815,0.26739797,0.61893827,0.0,0.0,0.0
7,5,0.0,0.0,0.0,0.113663815,0.26739797,0.61893827,0.0,0.0,0.0
7,5,0.0,0.0,0.0,0.113663815,0.26739797,0.61893827,0.0,0.0,0.0
7,5,0.0,0.0,0.0,0.113663815,0.26739797,0.61893827,0.0,0.0,0.0
7,5,0.0,0.0,0.0,0.113663815,0.26739797,0.61893827,0.0,0.0,0.0
7,5,0.0,0.0,0.0,0.113663815,0.26739797,0.61893827,0.0,0.0,0.0
7,5,0.0,0.0,0.0,0.113663815,0.26739797,0.61893827,0.0,0.0,0.0
7,5,0.0,0.0,0.0,0.113663815,0.26739797,0.61893827,0.0,0.0,0.0
7,5,0.0,0.0,0.0,0.113663815,0.26739797,0.61893827,0.0,0.0,0.0
7,5,0.0,0.0,0.0,0.113663815,0.26739797,0.61893827,0.0,0.0,0.0
7,5,0.0,0.0,0.0,0.113663815,0.26739797,0.61893827,0.0,0.0,0.0
7,5,0.0,0.0,0.0,0.113663815,0.26739797,0.61893827,0.0,0.0,0.0
7,5,0.0,0.0,0.0,0.113663815,0.26739797,0.61893827,0.0,0.0,0.0
7,5,0.0,0.0,0.0,0.113663815,0.26739797,0.61893827,0.0,0.0,0.0
7,5,0.0,0.0,0.0,0.113663815,0.26739797,0.61893827,0.0,0.0,0.0
7,5,0.0,0.0,0.0,0.113663815,0.26739797,0.61893827,0.0,0.0,0.0
7,5,0.0,0.0,0.0,0.113663815,0.26739797,0.61893827,0.0,0.0,0.0
7,5,0.0,0.0,0.0,0.113663815,0.26739797,0.61893827,0.0,0.0,0.0
7,5,0.0,0.0,0.0,0.113663815,0.26739797,0.61893827,0.0,0.0,0.0
7,5,0.0,0.0,0.0,0.113663815,0.26739797,0.61893827,0.0,0.0,0.0
7,5,0.0,0.0,0.0,0.113663815,0.26739797,0.61893827,0.0,0.0,0.0
7,5,0.0,0.0,0.0,0.113663815,0.26739797,0.61893827,0.0,0.0,0.0
7,5,0.0,0.0,0.0,0.113663815,0.26739797,0.61893827,0.0,0.0,0.0
7,5,0.0,0.0,0.0,0.113663815,0.26739797,0.61893827,0.0,0.0,0.0
7,5,0.0,0.0,0.0,0.113663815,0.26739797,0.61893827,0.0,0.0,0.0
7,5,0.0,0.0,0.0,0.113663815,0.26739797,0.61893827,0.0,0.0,0.0
7,5,0.0,0.0,0.0,0.113663815,0.26739797,0.61893827,0.0,0.0,0.0
7,5,0.0,0.0,0.0,0.113663815,0.26739797,0.61893827,0.0,0.0,0.0
7,5,0.0,0.0,0.0,0.113663815,0.26739797,0.61893827,0.0,0.0,0.0
7,5,0.0,0.0,0.0,0.113663815,0.26739797,0.61893827,0.0,0.0,0.0
7,5,0.0,0.0,0.0,0.113663815,0.26739797,0.61893827,0.0,0.0,0.0
7,5,0.0,0.0,0.0,0.113663815,0.26739797,0.61893827,0.0,0.0,0.0
7,5,0.0,0.0,0.0,0.113663815,0.26739797,0.61893827,0.0,0.0,0.0
7,5,0.0,0.0,0.0,0.113663815,0.26739797,0.61893827,0.0,0.0,0.0
7,5,0.0,0.0,0.0,0.113663815,0.26739797,0.61893827,0.0,0.0,0.0
7,5,0.0,0.0,0.0,0.113663815,0.26739797,0.61893827,0.0,0.0,0.0
7,5,0.0,0.0,0.0,0.113663815,0.26739797,0.61893827,0.0,0.0,0.0
7,5,0.0,0.0,0.0,0.113663815,0.26739797,0.61893827,0.0,0.0,0.0
7,5,0.0,0.0,0.0,0.113663815,0.26739797,0.61893827,0.0,0.0,0.0
7,5,0.0,0.0,0.0,0.113663815,0.26739797,0.61893827,0.0,0.0,0.0
7,5,0.0,0.0,0.0,0.113663815,0.26739797,0.61893827,0.0,0.0,0.0
7,5,0.0,0.0,0.0,0.113663815,0.26739797,0.61893827,0.0,0.0,0.0
7,5,0.0,0.0,0.0,0.113663815,0.26739797,0.61893827,0.0,0.0,0.0
7,5,0.0,0.0,0.0,0.113663815,0.26739797,0.61893827,0.0,0.0,0.0
7,5,0.0,0.0,0.0,0.11366382,0.19461413,0.6917221,0.0,0.0,0.0
7,5,0.0,0.0,0.0,0.11366382,0.19461413,0.6917221,0.0,0.0,0.0
7,5,0.0,0.0,0.0,0.11366382,0.19461413,0.6917221,0.0,0.0,0.0
7,5,0.0,0.0,0.0,0.11366382,0.19461413,0.6917221,0.0,0.0,0.0
7,5,0.0,0.0,0.0,0.11366382,0.19461413,0.6917221,0.0,0.0,0.0
7,5,0.0,0.0,0.0,0.11366382,0.19461413,0.6917221,0.0,0.0,0.0
7,5,0.0,0.0,0.0,0.11366382,0.19461413,0.6917221,0.0,0.0,0.0
7,5,0.0,0.0,0.0,0.11366382,0.19461413,0.6917221,0.0,0.0,0.0
7,5,0.0,0.0,0.0,0.11366382,0.19461413,0.6917221,0.0,0.0,0.0
7,5,0.0,0.0,0.0,0.11366382,0.19461413,0.6917221,0.0,0.0,0.0
7,5,0.0,0.0,0.0,0.11366382,0.19461413,0.6917221,0.0,0.0,0.0
7,5,0.0,0.0,0.0,0.11366382,0.19461413,0.6917221,0.0,0.0,0.0
7,5,0.0,0.0,0.0,0.11366382,0.19461413,0.6917221,0.0,0.0,0.0
7,5,0.0,0.0,0.0,0.11366382,0.19461413,0.6917221,0.0,0.0,0.0
7,5,0.0,0.0,0.0,0.11366382,0.19461413,0.6917221,0.0,0.0,0.0
7,5,0.0,0.0,0.0,0.11366382,0.19461413,0.6917221,0.0,0.0,0.0
7,5,0.0,0.0,0.0,0.11366382,0.19461413,0.6917221,0.0,0.0,0.0
7,5,0.0,0.0,0.0,0.11366382,0.19461413,0.6917221,0.0,0.0,0.0
7,5,0.0,0.0,0.0,0.11366382,0.19461413,0.6917221,0.0,0.0,0.0
7,5,0.0,0.0,0.0,0.11366382,0.19461413,0.6917221,0.0,0.0,0.0
7,5,0.0,0.0,0.0,0.11366382,0.19461413,0.6917221,0.0,0.0,0.0
7,5,0.0,0.0,0.0,0.11366382,0.19461413,0.6917221,0.0,0.0,0.0
7,5,0.0,0.0,0.0,0.11366382,0.19461413,0.6917221,0.0,0.0,0.0
7,5,0.0,0.0,0.0,0.11366382,0.19461413,0.6917221,0.0,0.0,0.0
7,5,0.0,0.0,0.0,0.11366382,0.19461413,0.6917221,0.0,0.0,0.0
7,5,0.0,0.0,0.0,0.11366382,0.19461413,0.6917221,0.0,0.0,0.0
7,5,0.0,0.0,0.0,0.11366382,0.19461413,0.6917221,0.0,0.0,0.0
7,5,0.0,0.0,0.0,0.11366382,0.19461413,0.6917221,0.0,0.0,0.0
7,5,0.0,0.0,0.0,0.11366382,0.19461413,0.6917221,0.0,0.0,0.0
7,5,0.0,0.0,0.0,0.11366382,0.19461413,0.6917221,0.0,0.0,0.0
7,5,0.0,0.0,0.0,0.11366382,0.19461413,0.6917221,0.0,0.0,0.0
7,5,0.0,0.0,0.0,0.11366382,0.19461413,0.6917221,0.0,0.0,0.0
7,5,0.0,0.0,0.0,0.11366382,0.19461413,0.6917221,0.0,0.0,0.0
7,5,0.0,0.0,0.0,0.11366382,0.19461413,0.6917221,0.0,0.0,0.0
7,5,0.0,0.0,0.0,0.11366382,0.19461413,0.6917221,0.0,0.0,0.0
7,5,0.0,0.0,0.0,0.11366382,0.19461413,0.6917221,0.0,0.0,0.0
7,5,0.0,0.0,0.0,0.11366382,0.19461413,0.6917221,0.0,0.0,0.0
7,5,0.0,0.0,0.0,0.11366382,0.19461413,0.6917221,0.0,0.0,0.0
7,5,0.0,0.0,0.0,0.11366382,0.1210517,0.76528454,0.0,0.0,0.0
7,5,0.0,0.0,0.0,0.11366382,0.1210517,0.76528454,0.0,0.0,0.0
7,5,0.0,0.0,0.0,0.11366382,0.1210517,0.76528454,0.0,0.0,0.0
7,5,0.0,0.0,0.0,0.11366382,0.1210517,0.76528454,0.0,0.0,0.0
7,5,0.0,0.0,0.0,0.11366382,0.1210517,0.76528454,0.0,0.0,0.0
7,5,0.0,0.0,0.0,0.11366382,0.1210517,0.76528454,0.0,0.0,0.0
7,5,0.0,0.0,0.0,0.11366382,0.1210517,0.76528454,0.0,0.0,0.0
7,5,0.0,0.0,0.0,0.11366382,0.1210517,0.76528454,0.0,0.0,0.0
7,5,0.0,0.0,0.0,0.11366382,0.1210517,0.76528454,0.0,0.0,0.0
7,5,0.0,0.0,0.0,0.11366382,0.1210517,0.76528454,0.0,0.0,0.0
7,5,0.0,0.0,0.0,0.11366382,0.1210517,0.76528454,0.0,0.0,0.0
7,5,0.0,0.0,0.0,0.11366382,0.1210517,0.76528454,0.0,0.0,0.0
7,5,0.0,0.0,0.0,0.11366382,0.1210517,0.76528454,0.0,0.0,0.0
7,5,0.0,0.0,0.0,0.11366382,0.1210517,0.76528454,0.0,0.0,0.0
7,5,0.0,0.0,0.0,0.11366382,0.1210517,0.76528454,0.0,0.0,0.0
7,5,0.0,0.0,0.0,0.11366382,0.1210517,0.76528454,0.0,0.0,0.0
7,5,0.0,0.0,0.0,0.11366382,0.1210517,0.76528454,0.0,0.0,0.0
7,5,0.0,0.0,0.0,0.11366382,0.1210517,0.76528454,0.0,0.0,0.0
7,5,0.0,0.0,0.0,0.11366382,0.1210517,0.76528454,0.0,0.0,0.0
7,5,0.0,0.0,0.0,0.11366382,0.1210517,0.76528454,0.0,0.0,0.0
7,5,0.0,0.0,0.0,0.11366382,0.1210517,0.76528454,0.0,0.0,0.0
7,5,0.0,0.0,0.0,0.11366382,0.1210517,0.76528454,0.0,0.0,0.0
7,5,0.0,0.0,0.0,0.11366382,0.1210517,0.76528454,0.0,0.0,0.0
7,5,0.0,0.0,0.0,0.11366382,0.1210517,0.76528454,0.0,0.0,0.0
7,5,0.0,0.0,0.0,0.11366382,0.1210517,0.76528454,0.0,0.0,0.0
7,5,0.0,0.0,0.0,0.11366382,0.1210517,0.76528454,0.0,0.0,0.0
7,5,0.0,0.0,0.0,0.11366382,0.1210517,0.76528454,0.0,0.0,0.0
7,5,0.0,0.0,0.0,0.11366382,0.1210517,0.76528454,0.0,0.0,0.0
7,5,0.0,0.0,0.0,0.11366382,0.1210517,0.76528454,0.0,0.0,0.0
7,5,0.0,0.0,0.0,0.11366382,0.1210517,0.76528454,0.0,0.0,0.0
7,5,0.0,0.0,0.0,0.11366382,0.1210517,0.76528454,0.0,0.0,0.0
7,5,0.0,0.0,0.0,0.11366382,0.1210517,0.76528454,0.0,0.0,0.0
7,5,0.0,0.0,0.0,0.11366382,0.1210517,0.76528454,0.0,0.0,0.0
7,5,0.0,0.0,0.0,0.11366382,0.1210517,0.76528454,0.0,0.0,0.0
7,5,0.0,0.0,0.0,0.11366382,0.1210517,0.76528454,0.0,0.0,0.0
7,5,0.0,0.0,0.0,0.11366382,0.1210517,0.76528454,0.0,0.0,0.0
7,5,0.0,0.0,0.0,0.11366382,0.1210517,0.76528454,0.0,0.0,0.0
7,5,0.0,0.0,0.0,0.11366382,0.1210517,0.76528454,0.0,0.0,0.0
7,5,0.0,0.0,0.0,0.11366382,0.1210517,0.76528454,0.0,0.0,0.0
7,5,0.0,0.0,0.0,0.11366382,0.1210517,0.76528454,0.0,0.0,0.0
7,5,0.0,0.0,0.0,0.11366382,0.1210517,0.76528454,0.0,0.0,0.0
7,5,0.0,0.0,0.0,0.11366382,0.1210517,0.76528454,0.0,0.0,0.0
7,5,0.0,0.0,0.0,0.11366382,0.1210517,0.76528454,0.0,0.0,0.0
7,5,0.0,0.0,0.0,0.11366382,0.1210517,0.76528454,0.0,0.0,0.0
7,5,0.0,0.0,0.0,0.11366382,0.1210517,0.76528454,0.0,0.0,0.0
7,5,0.0,0.0,0.0,0.11366382,0.1210517,0.76528454,0.0,0.0,0.0
7,5,0.0,0.0,0.0,0.11366382,0.1210517,0.76528454,0.0,0.0,0.0
7,5,0.0,0.0,0.0,0.11366382,0.1210517,0.76528454,0.0,0.0,0.0
7,5,0.0,0.0,0.0,0.11366382,0.1210517,0.76528454,0.0,0.0,0.0
7,5,0.0,0.0,0.0,0.11366382,0.1210517,0.76528454,0.0,0.0,0.0
7,5,0.0,0.0,0.0,0.11366382,0.1210517,0.76528454,0.0,0.0,0.0
7,5,0.0,0.0,0.0,0.11366382,0.1210517,0.76528454,0.0,0.0,0.0
7,5,0.0,0.0,0.0,0.11366382,0.1210517,0.76528454,0.0,0.0,0.0
7,5,0.0,0.0,0.0,0.11366382,0.1210517,0.76528454,0.0,0.0,0.0
7,5,0.0,0.0,0.0,0.11366382,0.1210517,0.76528454,0.0,0.0,0.0
7,5,0.0,0.0,0.0,0.11366382,0.1210517,0.76528454,0.0,0.0,0.0
7,5,0.0,0.0,0.0,0.11366382,0.1210517,0.76528454,0.0,0.0,0.0
7,5,0.0,0.0,0.0,0.11366382,0.1210517,0.76528454,0.0,0.0,0.0
7,5,0.0,0.0,0.0,0.11366382,0.1210517,0.76528454,0.0,0.0,0.0
7,5,0.0,0.0,0.0,0.11366382,0.1210517,0.76528454,0.0,0.0,0.0
7,5,0.0,0.0,0.0,0.11366382,0.1210517,0.76528454,0.0,0.0,0.0
7,5,0.0,0.0,0.0,0.11366382,0.1210517,0.76528454,0.0,0.0,0.0
7,5,0.0,0.0,0.0,0.11366382,0.1210517,0.76528454,0.0,0.0,0.0
7,5,0.0,0.0,0.0,0.11366382,0.1210517,0.76528454,0.0,0.0,0.0
7,5,0.0,0.0,0.0,0.11366382,0.1210517,0.76528454,0.0,0.0,0.0
7,5,0.0,0.0,0.0,0.11366382,0.1210517,0.76528454,0.0,0.0,0.0
7,5,0.0,0.0,0.0,0.11366382,0.1210517,0.76528454,0.0,0.0,0.0
7,5,0.0,0.0,0.0,0.11366382,0.1210517,0.76528454,0.0,0.0,0.0
7,5,0.0,0.0,0.0,0.11366382,0.1210517,0.76528454,0.0,0.0,0.0
7,5,0.0,0.0,0.0,0.11366382,0.1210517,0.76528454,0.0,0.0,0.0
7,5,0.0,0.0,0.0,0.11366382,0.1210517,0.76528454,0.0,0.0,0.0
7,5,0.0,0.0,0.0,0.11366382,0.1210517,0.76528454,0.0,0.0,0.0
7,5,0.0,0.0,0.0,0.11366382,0.1210517,0.76528454,0.0,0.0,0.0
7,5,0.0,0.0,0.0,0.11366382,0.1210517,0.76528454,0.0,0.0,0.0
7,5,0.0,0.0,0.0,0.11366382,0.1210517,0.76528454,0.0,0.0,0.0
7,5,0.0,0.0,0.0,0.11366382,0.1210517,0.76528454,0.0,0.0,0.0
7,5,0.0,0.0,0.0,0.11366382,0.1210517,0.76528454,0.0,0.0,0.0
7,5,0.0,0.0,0.0,0.11366382,0.1210517,0.76528454,0.0,0.0,0.0
7,5,0.0,0.0,0.0,0.11366382,0.1210517,0.76528454,0.0,0.0,0.0
7,5,0.0,0.0,0.0,0.11366382,0.1210517,0.76528454,0.0,0.0,0.0
7,5,0.0,0.0,0.0,0.11366382,0.1210517,0.76528454,0.0,0.0,0.0
7,5,0.0,0.0,0.0,0.11366382,0.1210517,0.76528454,0.0,0.0,0.0
7,5,0.0,0.0,0.0,0.11366382,0.1210517,0.76528454,0.0,0.0,0.0
7,5,0.0,0.0,0.0,0.11366382,0.1210517,0.76528454,0.0,0.0,0.0
7,5,0.0,0.0,0.0,0.11366382,0.1210517,0.76528454,0.0,0.0,0.0
7,5,0.0,0.0,0.0,0.11366382,0.1210517,0.76528454,0.0,0.0,0.0
7,5,0.0,0.0,0.0,0.11366382,0.1210517,0.76528454,0.0,0.0,0.0
7,5,0.0,0.0,0.0,0.11366382,0.1210517,0.76528454,0.0,0.0,0.0
7,5,0.0,0.0,0.0,0.11366382,0.1210517,0.76528454,0.0,0.0,0.0
7,5,0.0,0.0,0.0,0.11366382,0.1210517,0.76528454,0.0,0.0,0.0
7,5,0.0,0.0,0.0,0.11366382,0.1210517,0.76528454,0.0,0.0,0.0
7,5,0.0,0.0,0.0,0.11366382,0.1210517,0.76528454,0.0,0.0,0.0
7,5,0.0,0.0,0.0,0.11366382,0.1210517,0.76528454,0.0,0.0,0.0
7,5,0.0,0.0,0.0,0.11366382,0.1210517,0.76528454,0.0,0.0,0.0
7,5,0.0,0.0,0.0,0.11366382,0.1210517,0.76528454,0.0,0.0,0.0
7,5,0.0,0.0,0.0,0.11366382,0.1210517,0.76528454,0.0,0.0,0.0
7,5,0.0,0.0,0.0,0.11366382,0.1210517,0.76528454,0.0,0.0,0.0
7,5,0.0,0.0,0.0,0.11366382,0.1210517,0.76528454,0.0,0.0,0.0
7,5,0.0,0.0,0.0,0.11366382,0.1210517,0.76528454,0.0,0.0,0.0
7,5,0.0,0.0,0.0,0.11366382,0.1210517,0.76528454,0.0,0.0,0.0
7,5,0.0,0.0,0.0,0.11366382,0.1210517,0.76528454,0.0,0.0,0.0
7,5,0.0,0.0,0.0,0.11366382,0.1210517,0.76528454,0.0,0.0,0.0
7,5,0.0,0.0,0.0,0.11366382,0.1210517,0.76528454,0.0,0.0,0.0
7,5,0.0,0.0,0.0,0.11366382,0.1210517,0.76528454,0.0,0.0,0.0
7,5,0.0,0.0,0.0,0.11366382,0.1210517,0.76528454,0.0,0.0,0.0
7,5,0.0,0.0,0.0,0.11366382,0.1210517,0.76528454,0.0,0.0,0.0
7,5,0.0,0.0,0.0,0.11366382,0.1210517,0.76528454,0.0,0.0,0.0
7,5,0.0,0.0,0.0,0.11366382,0.1210517,0.76528454,0.0,0.0,0.0
7,5,0.0,0.0,0.0,0.11366382,0.1210517,0.76528454,0.0,0.0,0.0
7,5,0.0,0.0,0.0,0.11366382,0.1210517,0.76528454,0.0,0.0,0.0
7,5,0.0,0.0,0.0,0.057757452,0.12105169,0.8211909,0.0,0.0,0.0
7,5,0.0,0.0,0.0,0.057757452,0.12105169,0.8211909,0.0,0.0,0.0
7,5,0.0,0.0,0.0,0.057757452,0.12105169,0.8211909,0.0,0.0,0.0
7,5,0.0,0.0,0.0,0.057757452,0.12105169,0.8211909,0.0,0.0,0.0
7,5,0.0,0.0,0.0,0.057757452,0.12105169,0.8211909,0.0,0.0,0.0
7,5,0.0,0.0,0.0,0.057757452,0.12105169,0.8211909,0.0,0.0,0.0
7,5,0.0,0.0,0.0,0.057757452,0.12105169,0.8211909,0.0,0.0,0.0
7,5,0.0,0.0,0.0,0.057757452,0.12105169,0.8211909,0.0,0.0,0.0
7,5,0.0,0.0,0.0,0.057757452,0.12105169,0.8211909,0.0,0.0,0.0
7,5,0.0,0.0,0.0,0.057757452,0.12105169,0.8211909,0.0,0.0,0.0
7,5,0.0,0.0,0.0,0.057757452,0.12105169,0.8211909,0.0,0.0,0.0
7,5,0.0,0.0,0.0,0.057757452,0.12105169,0.8211909,0.0,0.0,0.0
7,5,0.0,0.0,0.0,0.057757452,0.12105169,0.8211909,0.0,0.0,0.0
7,5,0.0,0.0,0.0,0.057757452,0.12105169,0.8211909,0.0,0.0,0.0
7,5,0.0,0.0,0.0,0.057757452,0.12105169,0.8211909,0.0,0.0,0.0
7,5,0.0,0.0,0.0,0.057757452,0.12105169,0.8211909,0.0,0.0,0.0
7,5,0.0,0.0,0.0,0.057757452,0.12105169,0.8211909,0.0,0.0,0.0
7,5,0.0,0.0,0.0,0.057757452,0.12105169,0.8211909,0.0,0.0,0.0
7,5,0.0,0.0,0.0,0.057757452,0.12105169,0.8211909,0.0,0.0,0.0
7,5,0.0,0.0,0.0,0.057757452,0.12105169,0.8211909,0.0,0.0,0.0
7,5,0.0,0.0,0.0,0.057757452,0.12105169,0.8211909,0.0,0.0,0.0
7,5,0.0,0.0,0.0,0.057757452,0.12105169,0.8211909,0.0,0.0,0.0
7,5,0.0,0.0,0.0,0.057757452,0.12105169,0.8211909,0.0,0.0,0.0
7,5,0.0,0.0,0.0,0.057757452,0.12105169,0.8211909,0.0,0.0,0.0
7,5,0.0,0.0,0.0,0.057757452,0.12105169,0.8211909,0.0,0.0,0.0
7,5,0.0,0.0,0.0,0.057757452,0.12105169,0.8211909,0.0,0.0,0.0
7,5,0.0,0.0,0.0,0.057757452,0.12105169,0.8211909,0.0,0.0,0.0
7,5,0.0,0.0,0.0,0.057757452,0.12105169,0.8211909,0.0,0.0,0.0
7,5,0.0,0.0,0.0,0.057757452,0.12105169,0.8211909,0.0,0.0,0.0
7,5,0.0,0.0,0.0,0.057757452,0.12105169,0.8211909,0.0,0.0,0.0
7,5,0.0,0.0,0.0,0.057757452,0.12105169,0.8211909,0.0,0.0,0.0
7,5,0.0,0.0,0.0,0.057757452,0.12105169,0.8211909,0.0,0.0,0.0
7,5,0.0,0.0,0.0,0.057757452,0.12105169,0.8211909,0.0,0.0,0.0
7,5,0.0,0.0,0.0,0.057757452,0.12105169,0.8211909,0.0,0.0,0.0
7,5,0.0,0.0,0.0,0.057757452,0.12105169,0.8211909,0.0,0.0,0.0
7,5,0.0,0.0,0.0,0.057757452,0.12105169,0.8211909,0.0,0.0,0.0
7,5,0.0,0.0,0.0,0.057757452,0.12105169,0.8211909,0.0,0.0,0.0
7,5,0.0,0.0,0.0,0.057757452,0.12105169,0.8211909,0.0,0.0,0.0
7,5,0.0,0.0,0.0,0.057757452,0.12105169,0.8211909,0.0,0.0,0.0
7,5,0.0,0.0,0.0,0.057757452,0.12105169,0.8211909,0.0,0.0,0.0
7,5,0.0,0.0,0.0,0.057757452,0.12105169,0.8211909,0.0,0.0,0.0
7,5,0.0,0.0,0.0,0.057757452,0.12105169,0.8211909,0.0,0.0,0.0
7,5,0.0,0.0,0.0,0.057757452,0.12105169,0.8211909,0.0,0.0,0.0
7,5,0.0,0.0,0.0,0.057757452,0.12105169,0.8211909,0.0,0.0,0.0
7,5,0.0,0.0,0.0,0.057757452,0.12105169,0.8211909,0.0,0.0,0.0
7,5,0.0,0.0,0.0,0.057757452,0.12105169,0.8211909,0.0,0.0,0.0
7,5,0.0,0.0,0.0,0.057757452,0.12105169,0.8211909,0.0,0.0,0.0
7,5,0.0,0.0,0.0,0.057757452,0.12105169,0.8211909,0.0,0.0,0.0
7,5,0.0,0.0,0.0,0.057757452,0.12105169,0.8211909,0.0,0.0,0.0
7,5,0.0,0.0,0.0,0.057757452,0.12105169,0.8211909,0.0,0.0,0.0
7,5,0.0,0.0,0.0,0.057757452,0.12105169,0.8211909,0.0,0.0,0.0
7,5,0.0,0.0,0.0,0.057757452,0.12105169,0.8211909,0.0,0.0,0.0
7,5,0.0,0.0,0.0,0.057757452,0.12105169,0.8211909,0.0,0.0,0.0
7,5,0.0,0.0,0.0,0.057757452,0.12105169,0.8211909,0.0,0.0,0.0
7,5,0.0,0.0,0.0,0.057757452,0.12105169,0.8211909,0.0,0.0,0.0
7,5,0.0,0.0,0.0,0.057757452,0.12105169,0.8211909,0.0,0.0,0.0
7,5,0.0,0.0,0.0,0.057757452,0.12105169,0.8211909,0.0,0.0,0.0
7,5,0.0,0.0,0.0,0.057757452,0.12105169,0.8211909,0.0,0.0,0.0
7,5,0.0,0.0,0.0,0.057757452,0.12105169,0.8211909,0.0,0.0,0.0
7,5,0.0,0.0,0.0,0.057757452,0.12105169,0.8211909,0.0,0.0,0.0
7,5,0.0,0.0,0.0,0.057757452,0.12105169,0.8211909,0.0,0.0,0.0
7,5,0.0,0.0,0.0,0.057757452,0.12105169,0.8211909,0.0,0.0,0.0
7,5,0.0,0.0,0.0,0.057757452,0.12105169,0.8211909,0.0,0.0,0.0
7,5,0.0,0.0,0.0,0.057757452,0.12105169,0.8211909,0.0,0.0,0.0
7,5,0.0,0.0,0.0,0.057757452,0.12105169,0.8211909,0.0,0.0,0.0
7,5,0.0,0.0,0.0,0.057757452,0.12105169,0.8211909,0.0,0.0,0.0
7,5,0.0,0.0,0.0,0.057757452,0.12105169,0.8211909,0.0,0.0,0.0
7,5,0.0,0.0,0.0,0.057757452,0.12105169,0.8211909,0.0,0.0,0.0
7,5,0.0,0.0,0.0,0.057757452,0.12105169,0.8211909,0.0,0.0,0.0
7,5,0.0,0.0,0.0,0.057757452,0.12105169,0.8211909,0.0,0.0,0.0
7,5,0.0,0.0,0.0,0.057757452,0.12105169,0.8211909,0.0,0.0,0.0
7,5,0.0,0.0,0.0,0.057757452,0.12105169,0.8211909,0.0,0.0,0.0
7,5,0.0,0.0,0.0,0.0,0.12105169,0.87894833,0.0,0.0,0.0
7,5,0.0,0.0,0.0,0.0,0.12105169,0.87894833,0.0,0.0,0.0
7,5,0.0,0.0,0.0,0.0,0.12105169,0.87894833,0.0,0.0,0.0
7,5,0.0,0.0,0.0,0.0,0.12105169,0.87894833,0.0,0.0,0.0
7,5,0.0,0.0,0.0,0.0,0.12105169,0.87894833,0.0,0.0,0.0
7,5,0.0,0.0,0.0,0.0,0.12105169,0.87894833,0.0,0.0,0.0
7,5,0.0,0.0,0.0,0.0,0.12105169,0.87894833,0.0,0.0,0.0
7,5,0.0,0.0,0.0,0.0,0.1767232,0.8232768,0.0,0.0,0.0
7,5,0.0,0.0,0.0,0.0,0.24335061,0.7566494,0.0,0.0,0.0
7,5,0.0,0.0,0.0,0.0,0.24335061,0.7566494,0.0,0.0,0.0
7,5,0.0,0.0,0.0,0.0,0.24335061,0.7566494,0.0,0.0,0.0
7,5,0.0,0.0,0.0,0.0,0.24335061,0.7566494,0.0,0.0,0.0
7,5,0.0,0.0,0.0,0.0,0.24335061,0.7566494,0.0,0.0,0.0
7,5,0.0,0.0,0.0,0.0,0.24335061,0.7566494,0.0,0.0,0.0
7,5,0.0,0.0,0.0,0.0,0.24335061,0.7566494,0.0,0.0,0.0
7,5,0.0,0.0,0.0,0.0,0.24335061,0.7566494,0.0,0.0,0.0
7,5,0.0,0.0,0.0,0.0,0.24335061,0.7566494,0.0,0.0,0.0
7,5,0.0,0.0,0.0,0.0,0.24335061,0.7566494,0.0,0.0,0.0
7,5,0.0,0.0,0.0,0.0,0.24335061,0.7566494,0.0,0.0,0.0
7,5,0.0,0.0,0.0,0.0,0.24335061,0.7566494,0.0,0.0,0.0
7,5,0.0,0.0,0.0,0.0,0.24335061,0.7566494,0.0,0.0,0.0
7,5,0.0,0.0,0.0,0.0,0.24335061,0.7566494,0.0,0.0,0.0
7,5,0.0,0.0,0.0,0.0,0.24335061,0.7566494,0.0,0.0,0.0
7,5,0.0,0.0,0.0,0.0,0.24335061,0.7566494,0.0,0.0,0.0
7,5,0.0,0.0,0.0,0.0,0.24335061,0.7566494,0.0,0.0,0.0
7,5,0.0,0.0,0.0,0.0,0.24335061,0.7566494,0.0,0.0,0.0
7,5,0.0,0.0,0.0,0.0,0.24335061,0.7566494,0.0,0.0,0.0
7,5,0.0,0.0,0.0,0.0,0.24335061,0.7566494,0.0,0.0,0.0
7,5,0.0,0.0,0.0,0.0,0.24335061,0.7566494,0.0,0.0,0.0
7,5,0.0,0.0,0.0,0.0,0.24335061,0.7566494,0.0,0.0,0.0
7,5,0.0,0.0,0.0,0.0,0.24335061,0.7566494,0.0,0.0,0.0
7,5,0.0,0.0,0.0,0.0,0.24335061,0.7566494,0.0,0.0,0.0
7,5,0.0,0.0,0.0,0.0,0.24335061,0.7566494,0.0,0.0,0.0
7,5,0.0,0.0,0.0,0.0,0.24335061,0.7566494,0.0,0.0,0.0
7,5,0.0,0.0,0.0,0.0,0.24335061,0.7566494,0.0,0.0,0.0
7,5,0.0,0.0,0.0,0.0,0.24335061,0.7566494,0.0,0.0,0.0
7,5,0.0,0.0,0.0,0.0,0.24335061,0.7566494,0.0,0.0,0.0
7,5,0.0,0.0,0.0,0.0,0.24335061,0.7566494,0.0,0.0,0.0
7,5,0.0,0.0,0.0,0.0,0.24335061,0.7566494,0.0,0.0,0.0
7,5,0.0,0.0,0.0,0.0,0.24335061,0.7566494,0.0,0.0,0.0
7,5,0.0,0.0,0.0,0.0,0.24335061,0.7566494,0.0,0.0,0.0
7,5,0.0,0.0,0.0,0.0,0.24335061,0.7566494,0.0,0.0,0.0
7,5,0.0,0.0,0.0,0.0,0.24335061,0.7566494,0.0,0.0,0.0
7,5,0.0,0.0,0.0,0.0,0.24335061,0.7566494,0.0,0.0,0.0
7,5,0.0,0.0,0.0,0.0,0.24335061,0.7566494,0.0,0.0,0.0
7,5,0.0,0.0,0.0,0.0,0.24335061,0.7566494,0.0,0.0,0.0
7,5,0.0,0.0,0.0,0.0,0.24335061,0.7566494,0.0,0.0,0.0
7,5,0.0,0.0,0.0,0.0,0.24335061,0.7566494,0.0,0.0,0.0
7,5,0.0,0.0,0.0,0.0,0.18701424,0.8129858,0.0,0.0,0.0
7,5,0.0,0.0,0.0,0.0,0.18701424,0.8129858,0.0,0.0,0.0
7,5,0.0,0.0,0.0,0.0,0.18701424,0.8129858,0.0,0.0,0.0
7,5,0.0,0.0,0.0,0.0,0.18701424,0.8129858,0.0,0.0,0.0
7,5,0.0,0.0,0.0,0.0,0.18701424,0.8129858,0.0,0.0,0.0
7,5,0.0,0.0,0.0,0.0,0.18701424,0.8129858,0.0,0.0,0.0
7,5,0.0,0.0,0.0,0.0,0.18701424,0.8129858,0.0,0.0,0.0
7,5,0.0,0.0,0.0,0.0,0.18701424,0.8129858,0.0,0.0,0.0
7,5,0.0,0.0,0.0,0.0,0.18701424,0.8129858,0.0,0.0,0.0
7,5,0.0,0.0,0.0,0.0,0.18701424,0.8129858,0.0,0.0,0.0
7,5,0.0,0.0,0.0,0.0,0.18701424,0.8129858,0.0,0.0,0.0
7,5,0.0,0.0,0.0,0.0,0.18701424,0.8129858,0.0,0.0,0.0
7,5,0.0,0.0,0.0,0.0,0.18701424,0.8129858,0.0,0.0,0.0
7,5,0.0,0.0,0.0,0.0,0.18701424,0.8129858,0.0,0.0,0.0
7,5,0.0,0.0,0.0,0.0,0.18701424,0.8129858,0.0,0.0,0.0
7,5,0.0,0.0,0.0,0.0,0.18701424,0.8129858,0.0,0.0,0.0
7,5,0.0,0.0,0.0,0.0,0.18701424,0.8129858,0.0,0.0,0.0
7,5,0.0,0.0,0.0,0.0,0.18701424,0.8129858,0.0,0.0,0.0
7,5,0.0,0.0,0.0,0.0,0.18701424,0.8129858,0.0,0.0,0.0
7,5,0.0,0.0,0.0,0.0,0.18701424,0.8129858,0.0,0.0,0.0
7,5,0.0,0.0,0.0,0.0,0.18701424,0.8129858,0.0,0.0,0.0
7,5,0.0,0.0,0.0,0.0,0.18701424,0.8129858,0.0,0.0,0.0
7,5,0.0,0.0,0.0,0.0,0.18701424,0.8129858,0.0,0.0,0.0
7,5,0.0,0.0,0.0,0.0,0.18701424,0.8129858,0.0,0.0,0.0
7,5,0.0,0.0,0.0,0.0,0.122298926,0.87770104,0.0,0.0,0.0
7,5,0.0,0.0,0.0,0.0,0.122298926,0.87770104,0.0,0.0,0.0
7,5,0.0,0.0,0.0,0.0,0.122298926,0.87770104,0.0,0.0,0.0
7,5,0.0,0.0,0.0,0.0,0.122298926,0.87770104,0.0,0.0,0.0
7,5,0.0,0.0,0.0,0.0,0.122298926,0.87770104,0.0,0.0,0.0
7,5,0.0,0.0,0.0,0.0,0.122298926,0.87770104,0.0,0.0,0.0
7,5,0.0,0.0,0.0,0.0,0.122298926,0.87770104,0.0,0.0,0.0
7,5,0.0,0.0,0.0,0.0,0.122298926,0.87770104,0.0,0.0,0.0
7,5,0.0,0.0,0.0,0.0,0.122298926,0.87770104,0.0,0.0,0.0
7,5,0.0,0.0,0.0,0.0,0.122298926,0.87770104,0.0,0.0,0.0
7,5,0.0,0.0,0.0,0.0,0.122298926,0.87770104,0.0,0.0,0.0
7,5,0.0,0.0,0.0,0.0,0.122298926,0.87770104,0.0,0.0,0.0
7,5,0.0,0.0,0.0,0.0,0.122298926,0.87770104,0.0,0.0,0.0
7,5,0.0,0.0,0.0,0.0,0.122298926,0.87770104,0.0,0.0,0.0
7,5,0.0,0.0,0.0,0.0,0.122298926,0.87770104,0.0,0.0,0.0
7,5,0.0,0.0,0.0,0.0,0.122298926,0.87770104,0.0,0.0,0.0
7,5,0.0,0.0,0.0,0.0,0.122298926,0.87770104,0.0,0.0,0.0
7,5,0.0,0.0,0.0,0.0,0.122298926,0.87770104,0.0,0.0,0.0
7,5,0.0,0.0,0.0,0.0,0.122298926,0.87770104,0.0,0.0,0.0
7,5,0.0,0.0,0.0,0.0,0.122298926,0.87770104,0.0,0.0,0.0
7,5,0.0,0.0,0.0,0.0,0.122298926,0.87770104,0.0,0.0,0.0
7,5,0.0,0.0,0.0,0.0,0.122298926,0.87770104,0.0,0.0,0.0
7,5,0.0,0.0,0.0,0.0,0.122298926,0.87770104,0.0,0.0,0.0
7,5,0.0,0.0,0.0,0.0,0.122298926,0.87770104,0.0,0.0,0.0
7,5,0.0,0.0,0.0,0.0,0.122298926,0.87770104,0.0,0.0,0.0
7,5,0.0,0.0,0.0,0.0,0.122298926,0.87770104,0.0,0.0,0.0
7,5,0.0,0.0,0.0,0.0,0.122298926,0.87770104,0.0,0.0,0.0
7,5,0.0,0.0,0.0,0.0,0.122298926,0.87770104,0.0,0.0,0.0
7,5,0.0,0.0,0.0,0.0,0.122298926,0.87770104,0.0,0.0,0.0
7,5,0.0,0.0,0.0,0.0,0.122298926,0.87770104,0.0,0.0,0.0
7,5,0.0,0.0,0.0,0.0,0.122298926,0.87770104,0.0,0.0,0.0
7,5,0.0,0.0,0.0,0.0,0.122298926,0.87770104,0.0,0.0,0.0
7,5,0.0,0.0,0.0,0.0,0.122298926,0.87770104,0.0,0.0,0.0
7,5,0.0,0.0,0.0,0.0,0.122298926,0.87770104,0.0,0.0,0.0
7,5,0.0,0.0,0.0,0.0,0.122298926,0.87770104,0.0,0.0,0.0
7,5,0.0,0.0,0.0,0.0,0.122298926,0.87770104,0.0,0.0,0.0
7,5,0.0,0.0,0.0,0.0,0.122298926,0.87770104,0.0,0.0,0.0
7,5,0.0,0.0,0.0,0.0,0.122298926,0.87770104,0.0,0.0,0.0
7,5,0.0,0.0,0.0,0.0,0.122298926,0.87770104,0.0,0.0,0.0
7,5,0.0,0.0,0.0,0.0,0.122298926,0.87770104,0.0,0.0,0.0
7,5,0.0,0.0,0.0,0.0,0.122298926,0.87770104,0.0,0.0,0.0
7,5,0.0,0.0,0.0,0.0,0.122298926,0.87770104,0.0,0.0,0.0
7,5,0.0,0.0,0.0,0.0,0.122298926,0.87770104,0.0,0.0,0.0
7,5,0.0,0.0,0.0,0.0,0.122298926,0.87770104,0.0,0.0,0.0
7,5,0.0,0.0,0.0,0.0,0.122298926,0.87770104,0.0,0.0,0.0
7,5,0.0,0.0,0.0,0.0,0.122298926,0.87770104,0.0,0.0,0.0
7,5,0.0,0.0,0.0,0.0,0.122298926,0.87770104,0.0,0.0,0.0
7,5,0.0,0.0,0.0,0.0,0.122298926,0.87770104,0.0,0.0,0.0
7,5,0.0,0.0,0.0,0.0,0.122298926,0.87770104,0.0,0.0,0.0
7,5,0.0,0.0,0.0,0.0,0.122298926,0.87770104,0.0,0.0,0.0
7,5,0.0,0.0,0.0,0.0,0.122298926,0.87770104,0.0,0.0,0.0
7,5,0.0,0.0,0.0,0.0,0.122298926,0.87770104,0.0,0.0,0.0
7,5,0.0,0.0,0.0,0.0,0.122298926,0.87770104,0.0,0.0,0.0
7,5,0.0,0.0,0.0,0.0,0.122298926,0.87770104,0.0,0.0,0.0
7,5,0.0,0.0,0.0,0.0,0.122298926,0.87770104,0.0,0.0,0.0
7,5,0.0,0.0,0.0,0.0,0.122298926,0.87770104,0.0,0.0,0.0
7,5,0.0,0.0,0.0,0.0,0.18126547,0.8187345,0.0,0.0,0.0
7,5,0.0,0.0,0.0,0.0,0.18126547,0.8187345,0.0,0.0,0.0
7,5,0.0,0.0,0.0,0.0,0.18126547,0.8187345,0.0,0.0,0.0
7,5,0.0,0.0,0.0,0.0,0.18126547,0.8187345,0.0,0.0,0.0
7,5,0.0,0.0,0.0,0.0,0.18126547,0.8187345,0.0,0.0,0.0
7,5,0.0,0.0,0.0,0.0,0.18126547,0.8187345,0.0,0.0,0.0
7,5,0.0,0.0,0.0,0.0,0.18126547,0.8187345,0.0,0.0,0.0
7,5,0.0,0.0,0.0,0.0,0.18126547,0.8187345,0.0,0.0,0.0
7,5,0.0,0.0,0.0,0.0,0.18126547,0.8187345,0.0,0.0,0.0
7,5,0.0,0.0,0.0,0.0,0.18126547,0.8187345,0.0,0.0,0.0
7,5,0.0,0.0,0.0,0.0,0.18126547,0.8187345,0.0,0.0,0.0
7,5,0.0,0.0,0.0,0.0,0.18126547,0.8187345,0.0,0.0,0.0
7,5,0.0,0.0,0.0,0.0,0.18126547,0.8187345,0.0,0.0,0.0
7,5,0.0,0.0,0.0,0.0,0.18126547,0.8187345,0.0,0.0,0.0
7,5,0.0,0.0,0.0,0.0,0.18126547,0.8187345,0.0,0.0,0.0
7,5,0.0,0.0,0.0,0.0,0.18126547,0.8187345,0.0,0.0,0.0
7,5,0.0,0.0,0.0,0.0,0.18126547,0.8187345,0.0,0.0,0.0
7,5,0.0,0.0,0.0,0.0,0.18126547,0.8187345,0.0,0.0,0.0
7,5,0.0,0.0,0.0,0.0,0.18126547,0.8187345,0.0,0.0,0.0
7,5,0.0,0.0,0.0,0.0,0.18126547,0.8187345,0.0,0.0,0.0
7,5,0.0,0.0,0.0,0.0,0.18126547,0.8187345,0.0,0.0,0.0
7,5,0.0,0.0,0.0,0.0,0.18126547,0.8187345,0.0,0.0,0.0
7,5,0.0,0.0,0.0,0.0,0.18126547,0.8187345,0.0,0.0,0.0
7,5,0.0,0.0,0.0,0.0,0.18126547,0.8187345,0.0,0.0,0.0
7,5,0.0,0.0,0.0,0.0,0.18126547,0.8187345,0.0,0.0,0.0
7,5,0.0,0.0,0.0,0.0,0.18126547,0.8187345,0.0,0.0,0.0
7,5,0.0,0.0,0.0,0.0,0.18126547,0.8187345,0.0,0.0,0.0
7,5,0.0,0.0,0.0,0.0,0.18126547,0.8187345,0.0,0.0,0.0
7,5,0.0,0.0,0.0,0.0,0.18126547,0.8187345,0.0,0.0,0.0
7,5,0.0,0.0,0.0,0.0,0.18126547,0.8187345,0.0,0.0,0.0
7,5,0.0,0.0,0.0,0.0,0.18126547,0.8187345,0.0,0.0,0.0
7,5,0.0,0.0,0.0,0.0,0.18126547,0.8187345,0.0,0.0,0.0
7,5,0.0,0.0,0.0,0.0,0.18126547,0.8187345,0.0,0.0,0.0
7,5,0.0,0.0,0.0,0.0,0.18126547,0.8187345,0.0,0.0,0.0
7,5,0.0,0.0,0.0,0.0,0.18126547,0.8187345,0.0,0.0,0.0
7,5,0.0,0.0,0.0,0.0,0.18126547,0.8187345,0.0,0.0,0.0
7,5,0.0,0.0,0.0,0.0,0.18126547,0.8187345,0.0,0.0,0.0
7,5,0.0,0.0,0.0,0.0,0.18126547,0.8187345,0.0,0.0,0.0
7,5,0.0,0.0,0.0,0.0,0.18126547,0.8187345,0.0,0.0,0.0
7,5,0.0,0.0,0.0,0.0,0.18126547,0.8187345,0.0,0.0,0.0
7,5,0.0,0.0,0.0,0.0,0.17097442,0.82902557,0.0,0.0,0.0
7,5,0.0,0.0,0.0,0.0,0.115302935,0.8846971,0.0,0.0,0.0
7,5,0.0,0.0,0.0,0.0,0.115302935,0.8846971,0.0,0.0,0.0
7,5,0.0,0.0,0.0,0.0,0.115302935,0.8846971,0.0,0.0,0.0
7,5,0.0,0.0,0.0,0.0,0.115302935,0.8846971,0.0,0.0,0.0
7,5,0.0,0.0,0.0,0.0,0.115302935,0.8846971,0.0,0.0,0.0
7,5,0.0,0.0,0.0,0.0,0.115302935,0.8846971,0.0,0.0,0.0
7,5,0.0,0.0,0.0,0.0,0.115302935,0.8846971,0.0,0.0,0.0
7,5,0.0,0.0,0.0,0.0,0.115302935,0.8846971,0.0,0.0,0.0
7,5,0.0,0.0,0.0,0.0,0.115302935,0.8846971,0.0,0.0,0.0
7,5,0.0,0.0,0.0,0.0,0.115302935,0.8846971,0.0,0.0,0.0
7,5,0.0,0.0,0.0,0.0,0.115302935,0.8846971,0.0,0.0,0.0
7,5,0.0,0.0,0.0,0.0,0.115302935,0.8846971,0.0,0.0,0.0
7,5,0.0,0.0,0.0,0.0,0.115302935,0.8846971,0.0,0.0,0.0
7,5,0.0,0.0,0.0,0.0,0.115302935,0.8846971,0.0,0.0,0.0
7,5,0.0,0.0,0.0,0.0,0.115302935,0.8846971,0.0,0.0,0.0
7,5,0.0,0.0,0.0,0.0,0.115302935,0.8846971,0.0,0.0,0.0
7,5,0.0,0.0,0.0,0.0,0.115302935,0.8846971,0.0,0.0,0.0
7,5,0.0,0.0,0.0,0.0,0.115302935,0.8846971,0.0,0.0,0.0
7,5,0.0,0.0,0.0,0.0,0.115302935,0.8846971,0.0,0.0,0.0
7,5,0.0,0.0,0.0,0.0,0.115302935,0.8846971,0.0,0.0,0.0
7,5,0.0,0.0,0.0,0.0,0.115302935,0.8846971,0.0,0.0,0.0
7,5,0.0,0.0,0.0,0.0,0.115302935,0.8846971,0.0,0.0,0.0
7,5,0.0,0.0,0.0,0.0,0.115302935,0.8846971,0.0,0.0,0.0
7,5,0.0,0.0,0.0,0.0,0.115302935,0.8846971,0.0,0.0,0.0
7,5,0.0,0.0,0.0,0.0,0.115302935,0.8846971,0.0,0.0,0.0
7,5,0.0,0.0,0.0,0.0,0.115302935,0.8846971,0.0,0.0,0.0
7,5,0.0,0.0,0.0,0.0,0.115302935,0.8846971,0.0,0.0,0.0
7,5,0.0,0.0,0.0,0.0,0.115302935,0.8846971,0.0,0.0,0.0
7,5,0.0,0.0,0.0,0.0,0.115302935,0.8846971,0.0,0.0,0.0
7,5,0.0,0.0,0.0,0.0,0.115302935,0.8846971,0.0,0.0,0.0
7,5,0.0,0.0,0.0,0.0,0.115302935,0.8846971,0.0,0.0,0.0
7,5,0.0,0.0,0.0,0.0,0.115302935,0.8846971,0.0,0.0,0.0
7,5,0.0,0.0,0.0,0.0,0.115302935,0.8846971,0.0,0.0,0.0
7,5,0.0,0.0,0.0,0.0,0.115302935,0.8846971,0.0,0.0,0.0
7,5,0.0,0.0,0.0,0.0,0.115302935,0.8846971,0.0,0.0,0.0
7,5,0.0,0.0,0.0,0.0,0.115302935,0.8846971,0.0,0.0,0.0
7,5,0.0,0.0,0.0,0.0,0.115302935,0.8846971,0.0,0.0,0.0
7,5,0.0,0.0,0.0,0.0,0.115302935,0.8846971,0.0,0.0,0.0
7,5,0.0,0.0,0.0,0.0,0.115302935,0.8846971,0.0,0.0,0.0
7,5,0.0,0.0,0.0,0.0,0.115302935,0.8846971,0.0,0.0,0.0
7,5,0.0,0.0,0.0,0.0,0.115302935,0.8846971,0.0,0.0,0.0
7,5,0.0,0.0,0.0,0.0,0.115302935,0.8846971,0.0,0.0,0.0
7,5,0.0,0.0,0.0,0.0,0.115302935,0.8846971,0.0,0.0,0.0
7,5,0.0,0.0,0.0,0.0,0.115302935,0.8846971,0.0,0.0,0.0
7,5,0.0,0.0,0.0,0.0,0.115302935,0.8846971,0.0,0.0,0.0
7,5,0.0,0.0,0.0,0.0,0.115302935,0.8846971,0.0,0.0,0.0
7,5,0.0,0.0,0.0,0.0,0.115302935,0.8846971,0.0,0.0,0.0
7,5,0.0,0.0,0.0,0.0,0.056336388,0.7644596,0.0,0.179204,0.0
7,5,0.0,0.0,0.0,0.0,0.056336388,0.7644596,0.0,0.179204,0.0
7,5,0.0,0.0,0.0,0.0,0.056336388,0.7644596,0.0,0.179204,0.0
7,5,0.0,0.0,0.0,0.0,0.056336388,0.7644596,0.0,0.179204,0.0
7,5,0.0,0.0,0.0,0.0,0.056336388,0.7644596,0.0,0.179204,0.0
7,5,0.0,0.0,0.0,0.0,0.056336388,0.7644596,0.0,0.179204,0.0
7,5,0.0,0.0,0.0,0.0,0.056336388,0.7644596,0.0,0.179204,0.0
7,5,0.0,0.0,0.0,0.0,0.056336388,0.7644596,0.0,0.179204,0.0
7,5,0.0,0.0,0.0,0.0,0.056336388,0.7644596,0.0,0.179204,0.0
7,5,0.0,0.0,0.0,0.0,0.056336388,0.7644596,0.0,0.179204,0.0
7,5,0.0,0.0,0.0,0.0,0.056336388,0.7644596,0.0,0.179204,0.0
7,5,0.0,0.0,0.0,0.0,0.056336388,0.7644596,0.0,0.179204,0.0
7,5,0.0,0.0,0.0,0.0,0.056336388,0.7644596,0.0,0.179204,0.0
7,5,0.0,0.0,0.0,0.0,0.056336388,0.7644596,0.0,0.179204,0.0
7,5,0.0,0.0,0.0,0.0,0.056336388,0.7644596,0.0,0.179204,0.0
7,5,0.0,0.0,0.0,0.0,0.056336388,0.7644596,0.0,0.179204,0.0
7,5,0.0,0.0,0.0,0.0,0.056336388,0.7644596,0.0,0.179204,0.0
7,5,0.0,0.0,0.0,0.0,0.056336388,0.7644596,0.0,0.179204,0.0
7,5,0.0,0.0,0.0,0.0,0.056336388,0.7644596,0.0,0.179204,0.0
7,5,0.0,0.0,0.0,0.0,0.056336388,0.7644596,0.0,0.179204,0.0
7,5,0.0,0.0,0.0,0.0,0.056336388,0.7644596,0.0,0.179204,0.0
7,5,0.0,0.0,0.0,0.0,0.056336388,0.7644596,0.0,0.179204,0.0
7,5,0.0,0.0,0.0,0.0,0.056336388,0.7644596,0.0,0.179204,0.0
7,5,0.0,0.0,0.0,0.0,0.056336388,0.7644596,0.0,0.179204,0.0
7,5,0.0,0.0,0.0,0.0,0.056336388,0.7644596,0.0,0.179204,0.0
7,5,0.0,0.0,0.0,0.0,0.056336388,0.7644596,0.0,0.179204,0.0
7,5,0.0,0.0,0.0,0.0,0.056336388,0.7644596,0.0,0.179204,0.0
7,5,0.0,0.0,0.0,0.0,0.056336388,0.7644596,0.0,0.179204,0.0
7,5,0.0,0.0,0.0,0.0,0.056336388,0.7644596,0.0,0.179204,0.0
7,5,0.0,0.0,0.0,0.0,0.056336388,0.7644596,0.0,0.179204,0.0
7,5,0.0,0.0,0.0,0.0,0.056336388,0.7644596,0.0,0.179204,0.0
7,5,0.0,0.0,0.0,0.0,0.056336388,0.7644596,0.0,0.179204,0.0
7,5,0.0,0.0,0.0,0.0,0.056336388,0.69783217,0.0,0.24583143,0.0
7,5,0.0,0.0,0.0,0.0,0.056336388,0.69783217,0.0,0.24583143,0.0
7,5,0.0,0.0,0.0,0.0,0.056336388,0.69783217,0.0,0.24583143,0.0
7,5,0.0,0.0,0.0,0.0,0.056336388,0.69783217,0.0,0.24583143,0.0
7,5,0.0,0.0,0.0,0.0,0.056336388,0.69783217,0.0,0.24583143,0.0
7,5,0.0,0.0,0.0,0.0,0.056336388,0.69783217,0.0,0.24583143,0.0
7,5,0.0,0.0,0.0,0.0,0.056336388,0.69783217,0.0,0.24583143,0.0
7,5,0.0,0.0,0.0,0.0,0.056336388,0.69783217,0.0,0.24583143,0.0
7,5,0.0,0.0,0.0,0.0,0.056336388,0.69783217,0.0,0.24583143,0.0
7,5,0.0,0.0,0.0,0.0,0.056336388,0.69783217,0.0,0.24583143,0.0
7,5,0.0,0.0,0.0,0.0,0.056336388,0.69783217,0.0,0.24583143,0.0
7,5,0.0,0.0,0.0,0.0,0.056336388,0.69783217,0.0,0.24583143,0.0
7,5,0.06236556,0.0,0.0,0.0,0.056336395,0.63546664,0.0,0.24583146,0.0
7,5,0.06236556,0.0,0.0,0.0,0.056336395,0.63546664,0.0,0.24583146,0.0
7,5,0.06236556,0.0,0.0,0.0,0.056336395,0.63546664,0.0,0.24583146,0.0
7,5,0.06236556,0.0,0.0,0.0,0.056336395,0.63546664,0.0,0.24583146,0.0
7,5,0.06236556,0.0,0.0,0.0,0.056336395,0.63546664,0.0,0.24583146,0.0
7,5,0.06236556,0.0,0.0,0.0,0.056336395,0.63546664,0.0,0.24583146,0.0
7,5,0.06236556,0.0,0.0,0.0,0.056336395,0.63546664,0.0,0.24583146,0.0
7,5,0.06236556,0.0,0.0,0.0,0.056336395,0.63546664,0.0,0.24583146,0.0
8,5,0.06236556,0.0,0.0,0.0,0.056336395,0.63546664,0.0,0.24583146,0.0
8,5,0.06236556,0.0,0.0,0.0,0.056336395,0.63546664,0.0,0.24583146,0.0
8,5,0.06236556,0.0,0.0,0.0,0.056336395,0.63546664,0.0,0.24583146,0.0
8,5,0.06236556,0.0,0.0,0.0,0.056336395,0.63546664,0.0,0.24583146,0.0
8,5,0.06236556,0.0,0.0,0.0,0.056336395,0.63546664,0.0,0.24583146,0.0
8,5,0.06236556,0.0,0.0,0.0,0.056336395,0.63546664,0.0,0.24583146,0.0
8,5,0.06236556,0.0,0.0,0.0,0.056336395,0.63546664,0.0,0.24583146,0.0
8,5,0.06236556,0.0,0.0,0.0,0.056336395,0.63546664,0.0,0.24583146,0.0
8,5,0.06236556,0.0,0.0,0.0,0.056336395,0.63546664,0.0,0.24583146,0.0
8,5,0.06236556,0.0,0.0,0.0,0.056336395,0.63546664,0.0,0.24583146,0.0
8,5,0.06236556,0.0,0.0,0.0,0.056336395,0.63546664,0.0,0.24583146,0.0
8,5,0.06236556,0.0,0.0,0.0,0.056336395,0.63546664,0.0,0.24583146,0.0
8,5,0.06236556,0.0,0.0,0.0,0.056336395,0.63546664,0.0,0.24583146,0.0
8,5,0.06236556,0.0,0.0,0.0,0.056336395,0.63546664,0.0,0.24583146,0.0
8,5,0.06236556,0.0,0.0,0.0,0.056336395,0.63546664,0.0,0.24583146,0.0
8,5,0.06236556,0.0,0.0,0.0,0.056336395,0.63546664,0.0,0.24583146,0.0
8,5,0.06236556,0.0,0.0,0.0,0.056336395,0.63546664,0.0,0.24583146,0.0
8,5,0.06236556,0.0,0.0,0.0,0.056336395,0.63546664,0.0,0.24583146,0.0
8,5,0.06236556,0.0,0.0,0.0,0.056336395,0.63546664,0.0,0.24583146,0.0
8,5,0.06236556,0.0,0.0,0.0,0.056336395,0.63546664,0.0,0.24583146,0.0
8,5,0.06236556,0.0,0.0,0.0,0.056336395,0.63546664,0.0,0.24583146,0.0
8,5,0.06236556,0.0,0.0,0.0,0.056336395,0.63546664,0.0,0.24583146,0.0
8,5,0.06236556,0.0,0.0,0.0,0.056336395,0.63546664,0.0,0.24583146,0.0
8,5,0.06236556,0.0,0.0,0.0,0.056336395,0.63546664,0.0,0.24583146,0.0
8,5,0.06236556,0.0,0.0,0.0,0.056336395,0.63546664,0.0,0.24583146,0.0
8,5,0.06236556,0.0,0.0,0.0,0.056336395,0.63546664,0.0,0.24583146,0.0
8,5,0.06236556,0.0,0.0,0.0,0.056336395,0.63546664,0.0,0.24583146,0.0
8,5,0.06236556,0.0,0.0,0.0,0.056336395,0.63546664,0.0,0.24583146,0.0
8,5,0.06236556,0.0,0.0,0.0,0.056336395,0.63546664,0.0,0.24583146,0.0
8,5,0.06236556,0.0,0.0,0.0,0.056336395,0.63546664,0.0,0.24583146,0.0
8,5,0.062365554,0.0,0.0,0.0,0.056336388,0.5626828,0.07278382,0.24583143,0.0
8,5,0.062365554,0.0,0.0,0.0,0.056336388,0.5626828,0.07278382,0.24583143,0.0
8,5,0.062365554,0.0,0.0,0.0,0.056336388,0.5626828,0.07278382,0.24583143,0.0
8,5,0.062365554,0.0,0.0,0.0,0.056336388,0.5626828,0.07278382,0.24583143,0.0
8,5,0.062365554,0.0,0.0,0.0,0.056336388,0.5626828,0.07278382,0.24583143,0.0
8,5,0.062365554,0.0,0.0,0.0,0.056336388,0.5626828,0.07278382,0.24583143,0.0
8,5,0.0,0.0,0.0,0.0,0.05633639,0.5070113,0.19082087,0.24583144,0.0
8,5,0.0,0.0,0.0,0.0,0.05633639,0.5070113,0.19082087,0.24583144,0.0
8,5,0.0,0.0,0.0,0.0,0.05633639,0.5070113,0.19082087,0.24583144,0.0
8,5,0.0,0.0,0.0,0.0,0.05633639,0.5070113,0.19082087,0.24583144,0.0
8,5,0.0,0.0,0.0,0.0,0.05633639,0.5070113,0.19082087,0.24583144,0.0
8,5,0.0,0.0,0.0,0.0,0.05633639,0.5070113,0.19082087,0.24583144,0.0
8,5,0.0,0.0,0.0,0.0,0.05633639,0.5070113,0.19082087,0.24583144,0.0
8,5,0.0,0.0,0.0,0.0,0.05633639,0.5070113,0.19082087,0.24583144,0.0
8,5,0.0,0.0,0.06267315,0.0,0.059672456,0.353599,0.26366654,0.26038882,0.0
8,5,0.0,0.0,0.06267315,0.0,0.059672456,0.353599,0.26366654,0.26038882,0.0
8,5,0.0,0.0,0.06267315,0.0,0.059672456,0.353599,0.26366654,0.26038882,0.0
8,5,0.0,0.0,0.06267315,0.0,0.059672456,0.353599,0.26366654,0.26038882,0.0
8,5,0.0,0.0,0.06267315,0.0,0.059672456,0.353599,0.26366654,0.26038882,0.0
8,5,0.0,0.0,0.06267315,0.0,0.059672456,0.353599,0.26366654,0.26038882,0.0
8,5,0.0,0.0,0.06267315,0.0,0.059672456,0.353599,0.26366654,0.26038882,0.0
8,5,0.0,0.0,0.06267315,0.0,0.059672456,0.353599,0.26366654,0.26038882,0.0
8,5,0.0,0.0,0.06267315,0.0,0.059672456,0.353599,0.26366654,0.26038882,0.0
8,5,0.0,0.0,0.06267315,0.0,0.059672456,0.353599,0.26366654,0.26038882,0.0
8,5,0.0,0.0,0.06267315,0.0,0.059672456,0.353599,0.26366654,0.26038882,0.0
8,5,0.0,0.0,0.06267315,0.0,0.059672456,0.353599,0.26366654,0.26038882,0.0
8,5,0.0,0.0,0.06267315,0.0,0.059672456,0.353599,0.26366654,0.26038882,0.0
8,5,0.0,0.0,0.06267315,0.0,0.059672456,0.353599,0.26366654,0.26038882,0.0
8,5,0.0,0.0,0.06267315,0.0,0.059672456,0.353599,0.26366654,0.26038882,0.0
8,5,0.0,0.0,0.06267315,0.0,0.059672456,0.353599,0.26366654,0.26038882,0.0
8,5,0.0,0.0,0.06267315,0.0,0.059672456,0.353599,0.26366654,0.26038882,0.0
8,5,0.0,0.0,0.06267315,0.0,0.059672456,0.353599,0.26366654,0.26038882,0.0
8,5,0.0,0.0,0.06267315,0.0,0.059672456,0.353599,0.26366654,0.26038882,0.0
8,5,0.0,0.0,0.06267315,0.0,0.059672456,0.353599,0.26366654,0.26038882,0.0
8,5,0.0,0.0,0.06267315,0.0,0.059672456,0.353599,0.26366654,0.26038882,0.0
8,5,0.0,0.0,0.06267315,0.0,0.059672456,0.353599,0.26366654,0.26038882,0.0
8,5,0.0,0.0,0.06267315,0.0,0.059672456,0.353599,0.26366654,0.26038882,0.0
8,5,0.0,0.0,0.06267315,0.0,0.059672456,0.353599,0.26366654,0.26038882,0.0
8,5,0.0,0.0,0.06267315,0.0,0.059672456,0.353599,0.26366654,0.26038882,0.0
8,5,0.0,0.0,0.06267315,0.0,0.059672456,0.353599,0.26366654,0.26038882,0.0
8,5,0.0,0.0,0.06267315,0.0,0.059672456,0.353599,0.26366654,0.26038882,0.0
8,5,0.0,0.0,0.06267315,0.0,0.059672456,0.353599,0.26366654,0.26038882,0.0
8,5,0.0,0.0,0.06267315,0.0,0.059672456,0.353599,0.26366654,0.26038882,0.0
8,5,0.0,0.0,0.06267315,0.0,0.059672456,0.353599,0.26366654,0.26038882,0.0
8,5,0.0,0.0,0.06267315,0.0,0.059672456,0.353599,0.26366654,0.26038882,0.0
8,5,0.0,0.0,0.06267315,0.0,0.059672456,0.353599,0.26366654,0.26038882,0.0
8,5,0.0,0.0,0.06267315,0.0,0.059672456,0.353599,0.26366654,0.26038882,0.0
8,5,0.0,0.0,0.06267315,0.0,0.059672456,0.353599,0.26366654,0.26038882,0.0
8,5,0.0,0.0,0.06267315,0.0,0.059672456,0.353599,0.26366654,0.26038882,0.0
8,5,0.0,0.0,0.06267315,0.0,0.059672456,0.353599,0.26366654,0.26038882,0.0
8,5,0.0,0.0,0.0665714,0.0,0.06338406,0.3133931,0.2800665,0.27658492,0.0
8,5,0.0,0.0,0.0665714,0.0,0.06338406,0.3133931,0.2800665,0.27658492,0.0
8,5,0.0,0.0,0.0665714,0.0,0.06338406,0.3133931,0.2800665,0.27658492,0.0
8,5,0.0,0.0,0.0665714,0.0,0.06338406,0.3133931,0.2800665,0.27658492,0.0
8,5,0.0,0.0,0.0665714,0.0,0.06338406,0.3133931,0.2800665,0.27658492,0.0
8,5,0.0,0.0,0.0665714,0.0,0.06338406,0.3133931,0.2800665,0.27658492,0.0
8,5,0.0,0.0,0.0665714,0.0,0.06338406,0.3133931,0.2800665,0.27658492,0.0
8,5,0.0,0.0,0.0665714,0.0,0.06338406,0.3133931,0.2800665,0.27658492,0.0
8,5,0.0,0.0,0.0665714,0.0,0.06338406,0.3133931,0.2800665,0.27658492,0.0
8,5,0.0,0.0,0.0665714,0.0,0.06338406,0.3133931,0.2800665,0.27658492,0.0
8,5,0.0,0.0,0.0665714,0.0,0.06338406,0.3133931,0.2800665,0.27658492,0.0
8,5,0.0,0.0,0.0665714,0.0,0.06338406,0.3133931,0.2800665,0.27658492,0.0
8,6,0.0,0.0,0.0665714,0.0,0.06338406,0.24058191,0.34504938,0.2844132,0.0
8,6,0.0,0.0,0.0665714,0.0,0.06338406,0.24058191,0.34504938,0.2844132,0.0
8,6,0.0,0.0,0.0665714,0.0,0.06338406,0.24058191,0.34504938,0.2844132,0.0
8,6,0.0,0.0,0.0665714,0.0,0.06338406,0.24058191,0.34504938,0.2844132,0.0
8,6,0.0,0.0,0.0665714,0.0,0.06338406,0.24058191,0.34504938,0.2844132,0.0
8,6,0.0,0.0,0.0665714,0.0,0.06338406,0.24058191,0.34504938,0.2844132,0.0
8,6,0.0,0.0,0.0665714,0.0,0.06338406,0.24058191,0.34504938,0.2844132,0.0
8,6,0.0,0.0,0.0665714,0.0,0.06338406,0.24058191,0.34504938,0.2844132,0.0
8,6,0.0,0.0,0.0,0.0,0.06338407,0.24058193,0.48658335,0.20945069,0.0
8,6,0.0,0.0,0.0,0.0,0.06338407,0.24058193,0.48658335,0.20945069,0.0
8,6,0.0,0.0,0.0,0.0,0.06338407,0.24058193,0.48658335,0.20945069,0.0
8,6,0.0,0.0,0.0,0.0,0.06338407,0.24058193,0.48658335,0.20945069,0.0
8,6,0.0,0.0,0.0,0.0,0.06338407,0.24058193,0.48658335,0.20945069,0.0
8,6,0.0,0.0,0.0,0.0,0.06338407,0.24058193,0.48658335,0.20945069,0.0
8,6,0.0,0.0,0.0,0.0,0.06338407,0.24058193,0.48658335,0.20945069,0.0
8,6,0.0,0.0,0.0,0.0,0.06338407,0.24058193,0.48658335,0.20945069,0.0
8,6,0.0,0.0,0.0,0.0,0.059633125,0.22634478,0.5169663,0.19705582,0.0
8,6,0.0,0.0,0.0,0.0,0.059633125,0.22634478,0.5169663,0.19705582,0.0
8,6,0.0,0.0,0.0,0.0,0.05633639,0.21383162,0.5436702,0.18616186,0.0
8,6,0.0,0.0,0.0,0.0,0.05633639,0.21383162,0.5436702,0.18616186,0.0
8,6,0.0,0.0,0.0,0.0,0.05633639,0.21383162,0.5436702,0.18616186,0.0
8,6,0.0,0.0,0.0,0.0,0.05633639,0.21383162,0.5436702,0.18616186,0.0
8,6,0.0,0.0,0.0,0.0,0.05633639,0.21383162,0.5436702,0.18616186,0.0
8,6,0.0,0.0,0.0,0.0,0.05633639,0.21383162,0.5436702,0.18616186,0.0
8,6,0.0,0.0,0.0,0.0,0.05633639,0.21383162,0.5436702,0.18616186,0.0
8,6,0.0,0.0,0.0,0.0,0.05633639,0.21383162,0.5436702,0.18616186,0.0
8,6,0.0,0.0,0.0,0.0,0.05633639,0.21383162,0.5436702,0.18616186,0.0
8,6,0.0,0.0,0.0,0.0,0.05633639,0.21383162,0.5436702,0.18616186,0.0
8,6,0.0,0.0,0.0,0.0,0.05633639,0.21383162,0.5436702,0.18616186,0.0
8,6,0.0,0.0,0.0,0.0,0.05633639,0.21383162,0.5436702,0.18616186,0.0
8,6,0.0,0.0,0.0,0.0,0.05633639,0.21383162,0.5436702,0.18616186,0.0
8,6,0.0,0.0,0.0,0.0,0.05633639,0.21383162,0.5436702,0.18616186,0.0
8,6,0.0,0.0,0.0,0.0,0.05633639,0.21383162,0.6026367,0.12719531,0.0
8,6,0.0,0.0,0.0,0.0,0.05633639,0.21383162,0.6026367,0.12719531,0.0
8,6,0.0,0.0,0.0,0.0,0.05633639,0.21383162,0.6026367,0.12719531,0.0
8,6,0.0,0.0,0.0,0.0,0.05633639,0.21383162,0.6026367,0.12719531,0.0
8,6,0.0,0.0,0.0,0.0,0.05633639,0.21383162,0.6026367,0.12719531,0.0
8,6,0.0,0.0,0.0,0.0,0.05633639,0.21383162,0.6026367,0.12719531,0.0
8,6,0.0,0.0,0.0,0.0,0.05633639,0.21383162,0.6026367,0.12719531,0.0
8,6,0.0,0.0,0.0,0.0,0.05633639,0.21383162,0.6026367,0.12719531,0.0
8,6,0.0,0.0,0.0,0.0,0.05633639,0.21383162,0.6026367,0.12719531,0.0
8,6,0.0,0.0,0.0,0.0,0.056336395,0.1402692,0.67619914,0.12719533,0.0
8,6,0.0,0.0,0.0,0.0,0.056336395,0.1402692,0.67619914,0.12719533,0.0
8,6,0.0,0.0,0.0,0.0,0.056336395,0.069177754,0.74729055,0.12719533,0.0
8,6,0.0,0.0,0.0,0.0,0.056336395,0.069177754,0.74729055,0.12719533,0.0
8,6,0.0,0.0,0.0,0.0,0.056336395,0.069177754,0.74729055,0.12719533,0.0
8,6,0.0,0.0,0.0,0.0,0.056336395,0.069177754,0.74729055,0.12719533,0.0
8,6,0.0,0.0,0.0,0.0,0.056336395,0.069177754,0.74729055,0.12719533,0.0
8,6,0.0,0.0,0.0,0.0,0.0,0.06917775,0.8661069,0.064715296,0.0
8,6,0.0,0.0,0.0,0.0,0.0,0.06917775,0.8661069,0.064715296,0.0
8,6,0.0,0.0,0.0,0.0,0.0,0.06917775,0.8661069,0.064715296,0.0
8,6,0.0,0.0,0.0,0.0,0.0,0.06917775,0.8661069,0.064715296,0.0
8,6,0.0,0.0,0.0,0.0,0.0,0.06917775,0.8661069,0.064715296,0.0
8,6,0.0,0.0,0.0,0.0,0.0,0.06917775,0.8661069,0.064715296,0.0
8,6,0.0,0.0,0.0,0.0,0.0,0.06917775,0.8661069,0.064715296,0.0
8,6,0.0,0.0,0.0,0.0,0.0,0.06917775,0.8661069,0.064715296,0.0
8,6,0.0,0.0,0.0,0.0,0.0,0.06917775,0.8661069,0.064715296,0.0
8,6,0.0,0.0,0.0,0.0,0.0,0.06917775,0.8661069,0.064715296,0.0
8,6,0.0,0.0,0.0,0.0,0.0,0.06917775,0.8661069,0.064715296,0.0
8,6,0.0,0.0,0.0,0.0,0.0,0.06917775,0.8661069,0.064715296,0.0
8,6,0.0,0.0,0.0,0.0,0.0,0.06917775,0.8661069,0.064715296,0.0
8,6,0.0,0.0,0.0,0.0,0.0,0.06917775,0.8661069,0.064715296,0.0
8,6,0.0,0.0,0.0,0.0,0.0,0.06917775,0.8661069,0.064715296,0.0
8,6,0.0,0.0,0.0,0.0,0.0,0.06917775,0.8661069,0.064715296,0.0
8,6,0.0,0.0,0.0,0.0,0.0,0.06917775,0.8661069,0.064715296,0.0
8,6,0.0,0.0,0.0,0.0,0.0,0.06917775,0.8661069,0.064715296,0.0
8,6,0.0,0.0,0.0,0.0,0.0,0.06917775,0.8661069,0.064715296,0.0
8,6,0.0,0.0,0.0,0.0,0.0,0.06917775,0.8661069,0.064715296,0.0
8,6,0.0,0.0,0.0,0.0,0.0,0.06917775,0.8661069,0.064715296,0.0
8,6,0.0,0.0,0.0,0.0,0.0,0.06917775,0.8661069,0.064715296,0.0
8,6,0.0,0.0,0.0,0.0,0.0,0.06917775,0.8661069,0.064715296,0.0
8,6,0.0,0.0,0.0,0.0,0.0,0.06917775,0.8661069,0.064715296,0.0
8,6,0.0,0.0,0.0,0.0,0.0,0.06917775,0.8661069,0.064715296,0.0
8,6,0.0,0.0,0.0,0.0,0.0,0.06917775,0.8661069,0.064715296,0.0
8,6,0.0,0.0,0.0,0.0,0.0,0.06917775,0.8661069,0.064715296,0.0
8,6,0.0,0.0,0.0,0.0,0.0,0.06917775,0.8661069,0.064715296,0.0
8,6,0.0,0.0,0.0,0.0,0.0,0.06917775,0.8661069,0.064715296,0.0
8,6,0.0,0.0,0.0,0.0,0.0,0.06917775,0.8661069,0.064715296,0.0
8,6,0.0,0.0,0.0,0.0,0.0,0.06917775,0.8661069,0.064715296,0.0
8,6,0.0,0.0,0.0,0.0,0.0,0.06917775,0.8661069,0.064715296,0.0
8,6,0.0,0.0,0.0,0.0,0.0,0.06917775,0.8661069,0.064715296,0.0
8,6,0.0,0.0,0.0,0.0,0.0,0.06917775,0.8661069,0.064715296,0.0
8,6,0.0,0.0,0.0,0.0,0.0,0.0,0.8661069,0.13389304,0.0
8,6,0.0,0.0,0.0,0.0,0.0,0.0,0.8661069,0.13389304,0.0
8,6,0.0,0.0,0.0,0.0,0.0,0.0,0.8661069,0.13389304,0.0
8,6,0.0,0.0,0.0,0.0,0.0,0.0,0.8661069,0.13389304,0.0
8,6,0.0,0.0,0.0,0.0,0.0,0.0,0.8661069,0.13389304,0.0
8,6,0.0,0.0,0.0,0.0,0.0,0.0,0.8661069,0.13389304,0.0
8,6,0.0,0.0,0.0,0.0,0.0,0.0,0.8661069,0.13389304,0.0
8,6,0.0,0.0,0.0,0.0,0.0,0.0,0.8661069,0.13389304,0.0
8,6,0.0,0.0,0.0,0.0,0.0,0.0,0.8661069,0.13389304,0.0
8,6,0.0,0.0,0.0,0.0,0.0,0.0,0.8661069,0.13389304,0.0
8,6,0.0,0.0,0.0,0.0,0.0,0.0,0.8661069,0.13389304,0.0
8,6,0.0,0.0,0.0,0.0,0.0,0.0,0.8661069,0.13389304,0.0
8,6,0.0,0.0,0.0,0.0,0.0,0.0,0.8661069,0.13389304,0.0
8,6,0.0,0.0,0.0,0.0,0.0,0.0,0.8661069,0.13389304,0.0
8,6,0.0,0.0,0.0,0.0,0.0,0.0,0.8661069,0.13389304,0.0
8,6,0.0,0.0,0.0,0.0,0.0,0.0,0.8661069,0.13389304,0.0
8,6,0.0,0.0,0.0,0.0,0.0,0.0,0.8661069,0.13389304,0.0
8,6,0.0,0.0,0.0,0.0,0.0,0.0,0.8661069,0.13389304,0.0
8,6,0.0,0.0,0.0,0.0,0.0,0.0,0.8661069,0.13389304,0.0
8,6,0.0,0.0,0.0,0.0,0.0,0.0,0.8661069,0.13389304,0.0
8,6,0.0,0.0,0.0,0.0,0.0,0.0,0.8661069,0.13389304,0.0
8,6,0.0,0.0,0.0,0.0,0.0,0.0,0.8661069,0.13389304,0.0
8,6,0.0,0.0,0.0,0.0,0.0,0.0,0.8661069,0.13389304,0.0
8,6,0.0,0.0,0.0,0.0,0.0,0.0,0.8661069,0.13389304,0.0
8,6,0.0,0.0,0.0,0.0,0.0,0.0,0.8661069,0.13389304,0.0
8,6,0.0,0.0,0.0,0.0,0.0,0.0,0.8661069,0.13389304,0.0
8,6,0.0,0.0,0.0,0.0,0.0,0.0,0.8661069,0.13389304,0.0
8,6,0.0,0.0,0.0,0.0,0.0,0.0,0.8661069,0.13389304,0.0
8,6,0.0,0.0,0.0,0.0,0.0,0.0,0.8661069,0.13389304,0.0
8,6,0.0,0.0,0.0,0.0,0.0,0.0,0.8661069,0.13389304,0.0
8,6,0.0,0.0,0.0,0.0,0.0,0.0,0.8661069,0.13389304,0.0
8,6,0.0,0.0,0.0,0.0,0.0,0.0,0.8661069,0.13389304,0.0
8,6,0.0,0.0,0.0,0.0,0.0,0.0,0.8661069,0.13389304,0.0
8,6,0.0,0.0,0.0,0.0,0.0,0.0,0.8661069,0.13389304,0.0
8,6,0.0,0.0,0.0,0.0,0.0,0.0,0.8661069,0.13389304,0.0
8,6,0.0,0.0,0.0,0.0,0.0,0.0,0.8661069,0.13389304,0.0
8,6,0.0,0.0,0.0,0.0,0.0,0.0,0.8661069,0.13389304,0.0
8,6,0.0,0.0,0.0,0.0,0.0,0.0,0.8661069,0.13389304,0.0
8,6,0.0,0.0,0.0,0.0,0.0,0.0,0.9352847,0.064715296,0.0
8,6,0.0,0.0,0.0,0.0,0.0,0.0,0.9352847,0.064715296,0.0
8,6,0.0,0.0,0.0,0.0,0.0,0.0,0.9352847,0.064715296,0.0
8,6,0.0,0.0,0.0,0.0,0.0,0.0,0.9352847,0.064715296,0.0
8,6,0.0,0.0,0.0,0.0,0.0,0.0,0.9352847,0.064715296,0.0
8,6,0.0,0.0,0.0,0.0,0.0,0.0,0.9352847,0.064715296,0.0
8,6,0.0,0.0,0.0,0.0,0.0,0.0,0.9352847,0.064715296,0.0
8,6,0.0,0.0,0.0,0.0,0.0,0.0,0.9352847,0.064715296,0.0
8,6,0.0,0.0,0.0,0.0,0.0,0.0,0.9352847,0.064715296,0.0
8,6,0.0,0.0,0.0,0.0,0.0,0.0,0.9352847,0.064715296,0.0
8,6,0.0,0.0,0.0,0.0,0.0,0.0,0.9352847,0.064715296,0.0
8,6,0.0,0.0,0.0,0.0,0.0,0.0,0.9352847,0.064715296,0.0
8,6,0.0,0.0,0.0,0.0,0.0,0.0,0.9352847,0.064715296,0.0
8,6,0.0,0.0,0.0,0.0,0.0,0.0,0.9352847,0.064715296,0.0
8,6,0.0,0.0,0.0,0.0,0.0,0.0,0.9352847,0.064715296,0.0
8,6,0.0,0.0,0.0,0.0,0.0,0.0,0.9352847,0.064715296,0.0
8,6,0.0,0.0,0.0,0.0,0.0,0.0,0.9352847,0.064715296,0.0
8,6,0.0,0.0,0.0,0.0,0.0,0.0,0.9352847,0.064715296,0.0
8,6,0.0,0.0,0.0,0.0,0.0,0.0,0.9352847,0.064715296,0.0
8,6,0.0,0.0,0.0,0.0,0.0,0.0,0.9352847,0.064715296,0.0
8,6,0.0,0.0,0.0,0.0,0.0,0.0,0.9352847,0.064715296,0.0
8,6,0.0,0.0,0.0,0.0,0.0,0.0,0.9352847,0.064715296,0.0
8,6,0.0,0.0,0.0,0.0,0.0,0.0,0.9352847,0.064715296,0.0
8,6,0.0,0.0,0.0,0.0,0.0,0.0,0.9352847,0.064715296,0.0
8,6,0.0,0.0,0.0,0.0,0.0,0.0,1.0,0.0,0.0
8,6,0.0,0.0,0.0,0.0,0.0,0.0,1.0,0.0,0.0
8,6,0.0,0.0,0.0,0.0,0.0,0.0,1.0,0.0,0.0
8,6,0.0,0.0,0.0,0.0,0.0,0.0,1.0,0.0,0.0
8,6,0.0,0.0,0.0,0.0,0.0,0.0,1.0,0.0,0.0
8,6,0.0,0.0,0.0,0.0,0.0,0.0,1.0,0.0,0.0
8,6,0.0,0.0,0.0,0.0,0.0,0.0,1.0,0.0,0.0
8,6,0.0,0.0,0.0,0.0,0.0,0.0,1.0,0.0,0.0
8,6,0.0,0.0,0.0,0.0,0.0,0.0,1.0,0.0,0.0
8,6,0.0,0.0,0.0,0.0,0.0,0.0,1.0,0.0,0.0
8,6,0.0,0.0,0.0,0.0,0.0,0.0,1.0,0.0,0.0
8,6,0.0,0.0,0.0,0.0,0.0,0.0,1.0,0.0,0.0
8,6,0.0,0.0,0.0,0.0,0.0,0.0,1.0,0.0,0.0
8,6,0.0,0.0,0.0,0.0,0.0,0.0,1.0,0.0,0.0
8,6,0.0,0.0,0.0,0.0,0.0,0.0,1.0,0.0,0.0
8,6,0.0,0.0,0.0,0.0,0.0,0.0,1.0,0.0,0.0
8,6,0.0,0.0,0.0,0.0,0.0,0.0,1.0,0.0,0.0
8,6,0.0,0.0,0.0,0.0,0.0,0.0,1.0,0.0,0.0
8,6,0.0,0.0,0.0,0.0,0.0,0.0,1.0,0.0,0.0
8,6,0.0,0.0,0.0,0.0,0.0,0.0,1.0,0.0,0.0
8,6,0.0,0.0,0.0,0.0,0.0,0.0,1.0,0.0,0.0
8,6,0.0,0.0,0.0,0.0,0.0,0.0,1.0,0.0,0.0
8,6,0.0,0.0,0.0,0.0,0.0,0.0,1.0,0.0,0.0
8,6,0.0,0.0,0.0,0.0,0.0,0.0,1.0,0.0,0.0
8,6,0.0,0.0,0.0,0.0,0.0,0.0,1.0,0.0,0.0
8,6,0.0,0.0,0.0,0.0,0.0,0.0,1.0,0.0,0.0
8,6,0.0,0.0,0.0,0.0,0.0,0.0,1.0,0.0,0.0
8,6,0.0,0.0,0.0,0.0,0.0,0.0,1.0,0.0,0.0
8,6,0.0,0.0,0.0,0.0,0.0,0.0,1.0,0.0,0.0
8,6,0.0,0.0,0.0,0.0,0.0,0.0,1.0,0.0,0.0
8,6,0.0,0.0,0.0,0.0,0.0,0.0,1.0,0.0,0.0
8,6,0.0,0.0,0.0,0.0,0.0,0.0,1.0,0.0,0.0
8,6,0.0,0.0,0.0,0.0,0.0,0.0,1.0,0.0,0.0
8,6,0.0,0.0,0.0,0.0,0.0,0.0,1.0,0.0,0.0
8,6,0.0,0.0,0.0,0.0,0.0,0.0,1.0,0.0,0.0
8,6,0.0,0.0,0.0,0.0,0.0,0.0,1.0,0.0,0.0
8,6,0.0,0.0,0.0,0.0,0.0,0.0,1.0,0.0,0.0
8,6,0.0,0.0,0.0,0.0,0.0,0.0,1.0,0.0,0.0
8,6,0.0,0.0,0.0,0.0,0.0,0.0,1.0,0.0,0.0
8,6,0.0,0.0,0.0,0.0,0.0,0.0,1.0,0.0,0.0
8,6,0.0,0.0,0.0,0.0,0.0,0.0,1.0,0.0,0.0
8,6,0.0,0.0,0.0,0.0,0.0,0.0,1.0,0.0,0.0
8,6,0.0,0.0,0.0,0.0,0.0,0.0,1.0,0.0,0.0
8,6,0.0,0.0,0.0,0.0,0.0,0.0,1.0,0.0,0.0
8,6,0.0,0.0,0.0,0.0,0.0,0.0,1.0,0.0,0.0
8,6,0.0,0.0,0.0,0.0,0.0,0.0,1.0,0.0,0.0
8,6,0.0,0.0,0.0,0.0,0.0,0.0,1.0,0.0,0.0
8,6,0.0,0.0,0.0,0.0,0.0,0.0,1.0,0.0,0.0
8,6,0.0,0.0,0.0,0.0,0.0,0.0,1.0,0.0,0.0
8,6,0.0,0.0,0.0,0.0,0.0,0.0,1.0,0.0,0.0
8,6,0.0,0.0,0.0,0.0,0.0,0.0,1.0,0.0,0.0
8,6,0.0,0.0,0.0,0.0,0.0,0.0,1.0,0.0,0.0
8,6,0.0,0.0,0.0,0.0,0.0,0.0,1.0,0.0,0.0
8,6,0.0,0.0,0.0,0.0,0.0,0.0,1.0,0.0,0.0
8,6,0.0,0.0,0.0,0.0,0.0,0.0,1.0,0.0,0.0
8,6,0.0,0.0,0.0,0.0,0.0,0.0,1.0,0.0,0.0
8,6,0.0,0.0,0.0,0.0,0.0,0.0,1.0,0.0,0.0
8,6,0.0,0.0,0.0,0.0,0.0,0.0,1.0,0.0,0.0
8,6,0.0,0.0,0.0,0.0,0.0,0.0,1.0,0.0,0.0
8,6,0.0,0.0,0.0,0.0,0.0,0.0,1.0,0.0,0.0
8,6,0.0,0.0,0.0,0.0,0.0,0.0,1.0,0.0,0.0
8,6,0.0,0.0,0.0,0.0,0.0,0.0,1.0,0.0,0.0
8,6,0.0,0.0,0.0,0.0,0.0,0.0,1.0,0.0,0.0
8,6,0.0,0.0,0.0,0.0,0.0,0.0,1.0,0.0,0.0
8,6,0.0,0.0,0.0,0.0,0.0,0.0,1.0,0.0,0.0
8,6,0.0,0.0,0.0,0.0,0.0,0.0,1.0,0.0,0.0
8,6,0.0,0.0,0.0,0.0,0.0,0.0,1.0,0.0,0.0
8,6,0.0,0.0,0.0,0.0,0.0,0.0,1.0,0.0,0.0
8,6,0.0,0.0,0.0,0.0,0.0,0.0,1.0,0.0,0.0
8,6,0.0,0.0,0.0,0.0,0.0,0.0,1.0,0.0,0.0
8,6,0.0,0.0,0.0,0.0,0.0,0.0,1.0,0.0,0.0
8,6,0.0,0.0,0.0,0.0,0.0,0.0,1.0,0.0,0.0
8,6,0.0,0.0,0.0,0.0,0.0,0.0,1.0,0.0,0.0
8,6,0.0,0.0,0.0,0.0,0.0,0.0,1.0,0.0,0.0
8,6,0.0,0.0,0.0,0.0,0.0,0.0,1.0,0.0,0.0
8,6,0.0,0.0,0.0,0.0,0.0,0.0,1.0,0.0,0.0
8,6,0.0,0.0,0.0,0.0,0.0,0.0,1.0,0.0,0.0
8,6,0.0,0.0,0.0,0.0,0.0,0.0,1.0,0.0,0.0
8,6,0.0,0.0,0.0,0.0,0.0,0.0,1.0,0.0,0.0
8,6,0.0,0.0,0.0,0.0,0.0,0.0,1.0,0.0,0.0
8,6,0.0,0.0,0.0,0.0,0.0,0.0,1.0,0.0,0.0
8,6,0.0,0.0,0.0,0.0,0.0,0.0,1.0,0.0,0.0
8,6,0.0,0.0,0.0,0.0,0.0,0.0,1.0,0.0,0.0
8,6,0.0,0.0,0.0,0.0,0.0,0.0,1.0,0.0,0.0
8,6,0.0,0.0,0.0,0.0,0.0,0.0,1.0,0.0,0.0
8,6,0.0,0.0,0.0,0.0,0.0,0.0,1.0,0.0,0.0
8,6,0.0,0.0,0.0,0.0,0.0,0.0,1.0,0.0,0.0
8,6,0.0,0.0,0.0,0.0,0.0,0.0,1.0,0.0,0.0
8,6,0.0,0.0,0.0,0.0,0.0,0.0,1.0,0.0,0.0
8,6,0.0,0.0,0.0,0.0,0.0,0.0,1.0,0.0,0.0
8,6,0.0,0.0,0.0,0.0,0.0,0.0,1.0,0.0,0.0
8,6,0.0,0.0,0.0,0.0,0.0,0.0,1.0,0.0,0.0
8,6,0.0,0.0,0.0,0.0,0.0,0.0,1.0,0.0,0.0
8,6,0.0,0.0,0.0,0.0,0.0,0.0,1.0,0.0,0.0
8,6,0.0,0.0,0.0,0.0,0.0,0.0,1.0,0.0,0.0
8,6,0.0,0.0,0.0,0.0,0.0,0.0,1.0,0.0,0.0
8,6,0.0,0.0,0.0,0.0,0.0,0.0,1.0,0.0,0.0
8,6,0.0,0.0,0.0,0.0,0.0,0.0,1.0,0.0,0.0
8,6,0.0,0.0,0.0,0.0,0.0,0.0,1.0,0.0,0.0
8,6,0.0,0.0,0.0,0.0,0.0,0.0,1.0,0.0,0.0
8,6,0.0,0.0,0.0,0.0,0.0,0.0,1.0,0.0,0.0
8,6,0.0,0.0,0.0,0.0,0.0,0.0,1.0,0.0,0.0
8,6,0.0,0.0,0.0,0.0,0.0,0.0,1.0,0.0,0.0
8,6,0.0,0.0,0.0,0.0,0.0,0.0,1.0,0.0,0.0
8,6,0.0,0.0,0.0,0.0,0.0,0.0,1.0,0.0,0.0
8,6,0.0,0.0,0.0,0.0,0.0,0.0,1.0,0.0,0.0
8,6,0.0,0.0,0.0,0.0,0.0,0.0,1.0,0.0,0.0
8,6,0.0,0.0,0.0,0.0,0.0,0.0,1.0,0.0,0.0
8,6,0.0,0.0,0.0,0.0,0.0,0.0,1.0,0.0,0.0
8,6,0.0,0.0,0.0,0.0,0.0,0.0,1.0,0.0,0.0
8,6,0.0,0.0,0.0,0.0,0.0,0.0,1.0,0.0,0.0
8,6,0.0,0.0,0.0,0.0,0.0,0.0,1.0,0.0,0.0
8,6,0.0,0.0,0.0,0.0,0.0,0.0,1.0,0.0,0.0
8,6,0.0,0.0,0.0,0.0,0.0,0.0,1.0,0.0,0.0
8,6,0.0,0.0,0.0,0.0,0.0,0.0,1.0,0.0,0.0
8,6,0.0,0.0,0.0,0.0,0.0,0.0,1.0,0.0,0.0
8,6,0.0,0.0,0.0,0.0,0.0,0.0,1.0,0.0,0.0
8,6,0.0,0.0,0.0,0.0,0.0,0.0,1.0,0.0,0.0
8,6,0.0,0.0,0.0,0.0,0.0,0.0,1.0,0.0,0.0
8,6,0.0,0.0,0.0,0.0,0.0,0.0,1.0,0.0,0.0
8,6,0.0,0.0,0.0,0.0,0.0,0.0,1.0,0.0,0.0
8,6,0.0,0.0,0.0,0.0,0.0,0.0,1.0,0.0,0.0
8,6,0.0,0.0,0.0,0.0,0.0,0.0,1.0,0.0,0.0
8,6,0.0,0.0,0.0,0.0,0.0,0.0,1.0,0.0,0.0
8,6,0.0,0.0,0.0,0.0,0.0,0.0,1.0,0.0,0.0
8,6,0.0,0.0,0.0,0.0,0.0,0.0,1.0,0.0,0.0
8,6,0.0,0.0,0.0,0.0,0.0,0.0,1.0,0.0,0.0
8,6,0.0,0.0,0.0,0.0,0.0,0.0,1.0,0.0,0.0
8,6,0.0,0.0,0.0,0.0,0.0,0.0,1.0,0.0,0.0
8,6,0.0,0.0,0.0,0.0,0.0,0.0,1.0,0.0,0.0
8,6,0.0,0.0,0.0,0.0,0.0,0.0,1.0,0.0,0.0
8,6,0.0,0.0,0.0,0.0,0.0,0.0,1.0,0.0,0.0
8,6,0.0,0.0,0.0,0.0,0.0,0.0,1.0,0.0,0.0
8,6,0.0,0.0,0.0,0.0,0.0,0.0,1.0,0.0,0.0
8,6,0.0,0.0,0.0,0.0,0.0,0.0,1.0,0.0,0.0
8,6,0.0,0.0,0.0,0.0,0.0,0.0,1.0,0.0,0.0
8,6,0.0,0.0,0.0,0.0,0.0,0.0,1.0,0.0,0.0
8,6,0.0,0.0,0.0,0.0,0.0,0.0,1.0,0.0,0.0
8,6,0.0,0.0,0.0,0.0,0.0,0.0,1.0,0.0,0.0
8,6,0.0,0.0,0.0,0.0,0.0,0.0,1.0,0.0,0.0
8,6,0.0,0.0,0.0,0.0,0.0,0.0,1.0,0.0,0.0
8,6,0.0,0.0,0.0,0.0,0.0,0.0,1.0,0.0,0.0
8,6,0.0,0.0,0.0,0.0,0.0,0.0,1.0,0.0,0.0
8,6,0.0,0.0,0.0,0.0,0.0,0.0,1.0,0.0,0.0
8,6,0.0,0.0,0.0,0.0,0.0,0.0,1.0,0.0,0.0
8,6,0.0,0.0,0.0,0.0,0.0,0.0,1.0,0.0,0.0
8,6,0.0,0.0,0.0,0.0,0.0,0.0,1.0,0.0,0.0
8,6,0.0,0.0,0.0,0.0,0.0,0.0,1.0,0.0,0.0
8,6,0.0,0.0,0.0,0.0,0.0,0.0,1.0,0.0,0.0
8,6,0.0,0.0,0.0,0.0,0.0,0.0,1.0,0.0,0.0
8,6,0.0,0.0,0.0,0.0,0.0,0.0,1.0,0.0,0.0
8,6,0.0,0.0,0.0,0.0,0.0,0.0,1.0,0.0,0.0
8,6,0.0,0.0,0.0,0.0,0.0,0.0,1.0,0.0,0.0
8,6,0.0,0.0,0.0,0.0,0.0,0.0,1.0,0.0,0.0
8,6,0.0,0.0,0.0,0.0,0.0,0.0,1.0,0.0,0.0
8,6,0.0,0.0,0.0,0.0,0.0,0.0,1.0,0.0,0.0
8,6,0.0,0.0,0.0,0.0,0.0,0.0,1.0,0.0,0.0
8,6,0.0,0.0,0.0,0.0,0.0,0.0,1.0,0.0,0.0
8,6,0.0,0.0,0.0,0.0,0.0,0.0,1.0,0.0,0.0
8,6,0.0,0.0,0.0,0.0,0.0,0.0,1.0,0.0,0.0
8,6,0.0,0.0,0.0,0.0,0.0,0.0,1.0,0.0,0.0
8,6,0.0,0.0,0.0,0.0,0.0,0.0,1.0,0.0,0.0
8,6,0.0,0.0,0.0,0.0,0.0,0.0,1.0,0.0,0.0
8,6,0.0,0.0,0.0,0.0,0.0,0.0,1.0,0.0,0.0
8,6,0.0,0.0,0.0,0.0,0.0,0.0,1.0,0.0,0.0
8,6,0.0,0.0,0.0,0.0,0.0,0.0,1.0,0.0,0.0
8,6,0.0,0.0,0.0,0.0,0.0,0.0,1.0,0.0,0.0
8,6,0.0,0.0,0.0,0.0,0.0,0.0,1.0,0.0,0.0
8,6,0.0,0.0,0.0,0.0,0.0,0.0,1.0,0.0,0.0
8,6,0.0,0.0,0.0,0.0,0.0,0.0,1.0,0.0,0.0
8,6,0.0,0.0,0.0,0.0,0.0,0.0,1.0,0.0,0.0
8,6,0.0,0.0,0.0,0.0,0.0,0.0,1.0,0.0,0.0
8,6,0.0,0.0,0.0,0.0,0.0,0.0,1.0,0.0,0.0
8,6,0.0,0.0,0.0,0.0,0.0,0.0,1.0,0.0,0.0
8,6,0.0,0.0,0.0,0.0,0.0,0.0,1.0,0.0,0.0
8,6,0.0,0.0,0.0,0.0,0.0,0.0,1.0,0.0,0.0
8,6,0.0,0.0,0.0,0.0,0.0,0.0,1.0,0.0,0.0
8,6,0.0,0.0,0.0,0.0,0.0,0.0,1.0,0.0,0.0
8,6,0.0,0.0,0.0,0.0,0.0,0.0,1.0,0.0,0.0
8,6,0.0,0.0,0.0,0.0,0.0,0.0,1.0,0.0,0.0
8,6,0.0,0.0,0.0,0.0,0.0,0.0,1.0,0.0,0.0
8,6,0.0,0.0,0.0,0.0,0.0,0.0,1.0,0.0,0.0
8,6,0.0,0.0,0.0,0.0,0.0,0.0,1.0,0.0,0.0
8,6,0.0,0.0,0.0,0.0,0.0,0.0,1.0,0.0,0.0
8,6,0.0,0.0,0.0,0.0,0.0,0.0,1.0,0.0,0.0
8,6,0.0,0.0,0.0,0.0,0.0,0.0,1.0,0.0,0.0
8,6,0.0,0.0,0.0,0.0,0.0,0.0,1.0,0.0,0.0
8,6,0.0,0.0,0.0,0.0,0.0,0.0,1.0,0.0,0.0
8,6,0.0,0.0,0.0,0.0,0.0,0.0,1.0,0.0,0.0
8,6,0.0,0.0,0.0,0.0,0.0,0.0,1.0,0.0,0.0
8,6,0.0,0.0,0.0,0.0,0.0,0.0,1.0,0.0,0.0
8,6,0.0,0.0,0.0,0.0,0.0,0.0,1.0,0.0,0.0
8,6,0.0,0.0,0.0,0.0,0.0,0.0,1.0,0.0,0.0
8,6,0.0,0.0,0.0,0.0,0.0,0.0,1.0,0.0,0.0
8,6,0.0,0.0,0.0,0.0,0.0,0.0,1.0,0.0,0.0
8,6,0.0,0.0,0.0,0.0,0.0,0.0,1.0,0.0,0.0
8,6,0.0,0.0,0.0,0.0,0.0,0.0,1.0,0.0,0.0
8,6,0.0,0.0,0.0,0.0,0.0,0.0,1.0,0.0,0.0
8,6,0.0,0.0,0.0,0.0,0.0,0.0,1.0,0.0,0.0
8,6,0.0,0.0,0.0,0.0,0.0,0.0,1.0,0.0,0.0
8,6,0.0,0.0,0.0,0.0,0.0,0.0,1.0,0.0,0.0
8,6,0.0,0.0,0.0,0.0,0.0,0.0,1.0,0.0,0.0
8,6,0.0,0.0,0.0,0.0,0.0,0.0,1.0,0.0,0.0
8,6,0.0,0.0,0.0,0.0,0.0,0.0,1.0,0.0,0.0
8,6,0.0,0.0,0.0,0.0,0.0,0.0,1.0,0.0,0.0
8,6,0.0,0.0,0.0,0.0,0.0,0.0,1.0,0.0,0.0
8,6,0.0,0.0,0.0,0.0,0.0,0.0,1.0,0.0,0.0
8,6,0.0,0.0,0.0,0.0,0.0,0.0,1.0,0.0,0.0
8,6,0.0,0.0,0.0,0.0,0.0,0.0,1.0,0.0,0.0
8,6,0.0,0.0,0.0,0.0,0.0,0.0,1.0,0.0,0.0
8,6,0.0,0.0,0.0,0.0,0.0,0.0,1.0,0.0,0.0
8,6,0.0,0.0,0.0,0.0,0.0,0.0,1.0,0.0,0.0
8,6,0.0,0.0,0.0,0.0,0.0,0.0,1.0,0.0,0.0
8,6,0.0,0.0,0.0,0.0,0.0,0.0,1.0,0.0,0.0
8,6,0.0,0.0,0.0,0.0,0.0,0.0,1.0,0.0,0.0
8,6,0.0,0.0,0.0,0.0,0.0,0.0,1.0,0.0,0.0
8,6,0.0,0.0,0.0,0.0,0.0,0.0,1.0,0.0,0.0
8,6,0.0,0.0,0.0,0.0,0.0,0.0,1.0,0.0,0.0
8,6,0.0,0.0,0.0,0.0,0.0,0.0,1.0,0.0,0.0
8,6,0.0,0.0,0.0,0.0,0.0,0.0,1.0,0.0,0.0
8,6,0.0,0.0,0.0,0.0,0.0,0.0,1.0,0.0,0.0
8,6,0.0,0.0,0.0,0.0,0.0,0.0,1.0,0.0,0.0
8,6,0.0,0.0,0.0,0.0,0.0,0.0,1.0,0.0,0.0
8,6,0.0,0.0,0.0,0.0,0.0,0.0,1.0,0.0,0.0
8,6,0.0,0.0,0.0,0.0,0.0,0.0,1.0,0.0,0.0
8,6,0.0,0.0,0.0,0.0,0.0,0.0,1.0,0.0,0.0
8,6,0.0,0.0,0.0,0.0,0.0,0.0,1.0,0.0,0.0
8,6,0.0,0.0,0.0,0.0,0.0,0.0,1.0,0.0,0.0
8,6,0.0,0.0,0.0,0.0,0.0,0.0,1.0,0.0,0.0
8,6,0.0,0.0,0.0,0.0,0.0,0.0,1.0,0.0,0.0
8,6,0.0,0.0,0.0,0.0,0.0,0.0,1.0,0.0,0.0
8,6,0.0,0.0,0.0,0.0,0.0,0.0,1.0,0.0,0.0
8,6,0.0,0.0,0.0,0.0,0.0,0.0,1.0,0.0,0.0
8,6,0.0,0.0,0.0,0.0,0.0,0.0,1.0,0.0,0.0
8,6,0.0,0.0,0.0,0.0,0.0,0.0,1.0,0.0,0.0
8,6,0.0,0.0,0.0,0.0,0.0,0.0,1.0,0.0,0.0
8,6,0.0,0.0,0.0,0.0,0.0,0.0,1.0,0.0,0.0
8,6,0.0,0.0,0.0,0.0,0.0,0.0,1.0,0.0,0.0
8,6,0.0,0.0,0.0,0.0,0.0,0.0,1.0,0.0,0.0
8,6,0.0,0.0,0.0,0.0,0.0,0.0,1.0,0.0,0.0
8,6,0.0,0.0,0.0,0.0,0.0,0.0,1.0,0.0,0.0
8,6,0.0,0.0,0.0,0.0,0.0,0.0,1.0,0.0,0.0
8,6,0.0,0.0,0.0,0.0,0.0,0.0,1.0,0.0,0.0
8,6,0.0,0.0,0.0,0.0,0.0,0.0,1.0,0.0,0.0
8,6,0.0,0.0,0.0,0.0,0.0,0.0,1.0,0.0,0.0
8,6,0.0,0.0,0.0,0.0,0.0,0.0,1.0,0.0,0.0
8,6,0.0,0.0,0.0,0.0,0.0,0.0,1.0,0.0,0.0
8,6,0.0,0.0,0.0,0.0,0.0,0.0,1.0,0.0,0.0
8,6,0.0,0.0,0.0,0.0,0.0,0.0,1.0,0.0,0.0
8,6,0.0,0.0,0.0,0.0,0.0,0.0,1.0,0.0,0.0
8,6,0.0,0.0,0.0,0.0,0.0,0.0,1.0,0.0,0.0
8,6,0.0,0.0,0.0,0.0,0.0,0.0,1.0,0.0,0.0
8,6,0.0,0.0,0.0,0.0,0.0,0.0,1.0,0.0,0.0
8,6,0.0,0.0,0.0,0.0,0.0,0.0,1.0,0.0,0.0
8,6,0.0,0.0,0.0,0.0,0.0,0.0,1.0,0.0,0.0
8,6,0.0,0.0,0.0,0.0,0.0,0.0,1.0,0.0,0.0
8,6,0.0,0.0,0.0,0.0,0.0,0.0,1.0,0.0,0.0
8,6,0.0,0.0,0.0,0.0,0.0,0.0,1.0,0.0,0.0
8,6,0.0,0.0,0.0,0.0,0.0,0.0,1.0,0.0,0.0
8,6,0.0,0.0,0.0,0.0,0.0,0.0,1.0,0.0,0.0
8,6,0.0,0.0,0.0,0.0,0.0,0.0,1.0,0.0,0.0
8,6,0.0,0.0,0.0,0.0,0.0,0.0,1.0,0.0,0.0
8,6,0.0,0.0,0.0,0.0,0.0,0.0,1.0,0.0,0.0
8,6,0.0,0.0,0.0,0.0,0.0,0.0,1.0,0.0,0.0
8,6,0.0,0.0,0.0,0.0,0.0,0.0,1.0,0.0,0.0
8,6,0.0,0.0,0.0,0.0,0.0,0.0,1.0,0.0,0.0
8,6,0.0,0.0,0.0,0.0,0.0,0.0,1.0,0.0,0.0
8,6,0.0,0.0,0.0,0.0,0.0,0.0,1.0,0.0,0.0
8,6,0.0,0.0,0.0,0.0,0.0,0.0,1.0,0.0,0.0
8,6,0.0,0.0,0.0,0.0,0.0,0.0,1.0,0.0,0.0
8,6,0.0,0.0,0.0,0.0,0.0,0.0,1.0,0.0,0.0
8,6,0.0,0.0,0.0,0.0,0.0,0.0,1.0,0.0,0.0
8,6,0.0,0.0,0.0,0.0,0.0,0.0,1.0,0.0,0.0
8,6,0.0,0.0,0.0,0.0,0.0,0.0,1.0,0.0,0.0
8,6,0.0,0.0,0.0,0.0,0.0,0.0,1.0,0.0,0.0
8,6,0.0,0.0,0.0,0.0,0.0,0.0,1.0,0.0,0.0
8,6,0.0,0.0,0.0,0.0,0.0,0.0,1.0,0.0,0.0
8,6,0.0,0.0,0.0,0.0,0.0,0.0,1.0,0.0,0.0
8,6,0.0,0.0,0.0,0.0,0.0,0.0,1.0,0.0,0.0
8,6,0.0,0.0,0.0,0.0,0.0,0.0,1.0,0.0,0.0
8,6,0.0,0.0,0.0,0.0,0.0,0.0,1.0,0.0,0.0
8,6,0.0,0.0,0.0,0.0,0.0,0.0,1.0,0.0,0.0
8,6,0.0,0.0,0.0,0.0,0.0,0.0,1.0,0.0,0.0
8,6,0.0,0.0,0.0,0.0,0.0,0.0,1.0,0.0,0.0
8,6,0.0,0.0,0.0,0.0,0.0,0.0,1.0,0.0,0.0
8,6,0.0,0.0,0.0,0.0,0.0,0.0,1.0,0.0,0.0
8,6,0.0,0.0,0.0,0.0,0.0,0.0,1.0,0.0,0.0
8,6,0.0,0.0,0.0,0.0,0.0,0.0,1.0,0.0,0.0
8,6,0.0,0.0,0.0,0.0,0.0,0.0,1.0,0.0,0.0
8,6,0.0,0.0,0.0,0.0,0.0,0.0,1.0,0.0,0.0
8,6,0.0,0.0,0.0,0.0,0.0,0.0,1.0,0.0,0.0
8,6,0.0,0.0,0.0,0.0,0.0,0.0,1.0,0.0,0.0
8,6,0.0,0.0,0.0,0.0,0.0,0.0,1.0,0.0,0.0
8,6,0.0,0.0,0.0,0.0,0.0,0.0,1.0,0.0,0.0
8,6,0.0,0.0,0.0,0.0,0.0,0.0,1.0,0.0,0.0
8,6,0.0,0.0,0.0,0.0,0.0,0.0,1.0,0.0,0.0
8,6,0.0,0.0,0.0,0.0,0.0,0.0,1.0,0.0,0.0
8,6,0.0,0.0,0.0,0.0,0.0,0.0,1.0,0.0,0.0
8,6,0.0,0.0,0.0,0.0,0.0,0.0,1.0,0.0,0.0
8,6,0.0,0.0,0.0,0.0,0.0,0.0,1.0,0.0,0.0
8,6,0.0,0.0,0.0,0.0,0.0,0.0,1.0,0.0,0.0
8,6,0.0,0.0,0.0,0.0,0.0,0.0,1.0,0.0,0.0
8,6,0.0,0.0,0.0,0.0,0.0,0.0,1.0,0.0,0.0
8,6,0.0,0.0,0.0,0.0,0.0,0.0,1.0,0.0,0.0
8,6,0.0,0.0,0.0,0.0,0.0,0.0,1.0,0.0,0.0
8,6,0.0,0.0,0.0,0.0,0.0,0.0,1.0,0.0,0.0
8,6,0.0,0.0,0.0,0.0,0.0,0.0,1.0,0.0,0.0
8,6,0.0,0.0,0.0,0.0,0.0,0.0,1.0,0.0,0.0
8,6,0.0,0.0,0.0,0.0,0.0,0.0,1.0,0.0,0.0
8,6,0.0,0.0,0.0,0.0,0.0,0.0,1.0,0.0,0.0
8,6,0.0,0.0,0.0,0.0,0.0,0.0,1.0,0.0,0.0
8,6,0.0,0.0,0.0,0.0,0.0,0.0,1.0,0.0,0.0
8,6,0.0,0.0,0.0,0.0,0.0,0.0,1.0,0.0,0.0
8,6,0.0,0.0,0.0,0.0,0.0,0.0,1.0,0.0,0.0
8,6,0.0,0.0,0.0,0.0,0.0,0.0,1.0,0.0,0.0
8,6,0.0,0.0,0.0,0.0,0.0,0.0,1.0,0.0,0.0
8,6,0.0,0.0,0.0,0.0,0.0,0.0,1.0,0.0,0.0
8,6,0.0,0.0,0.0,0.0,0.0,0.0,1.0,0.0,0.0
8,6,0.0,0.0,0.0,0.0,0.0,0.0,1.0,0.0,0.0
8,6,0.0,0.0,0.0,0.0,0.0,0.0,1.0,0.0,0.0
8,6,0.0,0.0,0.0,0.0,0.0,0.0,1.0,0.0,0.0
8,6,0.0,0.0,0.0,0.0,0.0,0.0,1.0,0.0,0.0
8,6,0.0,0.0,0.0,0.0,0.0,0.0,1.0,0.0,0.0
8,6,0.0,0.0,0.0,0.0,0.0,0.0,1.0,0.0,0.0
8,6,0.0,0.0,0.0,0.0,0.0,0.0,1.0,0.0,0.0
8,6,0.0,0.0,0.0,0.0,0.0,0.0,1.0,0.0,0.0
8,6,0.0,0.0,0.0,0.0,0.0,0.0,1.0,0.0,0.0
8,6,0.0,0.0,0.0,0.0,0.0,0.0,1.0,0.0,0.0
8,6,0.0,0.0,0.0,0.0,0.0,0.0,1.0,0.0,0.0
8,6,0.0,0.0,0.0,0.0,0.0,0.0,1.0,0.0,0.0
8,6,0.0,0.0,0.0,0.0,0.0,0.0,1.0,0.0,0.0
8,6,0.0,0.0,0.0,0.0,0.0,0.0,1.0,0.0,0.0
8,6,0.0,0.0,0.0,0.0,0.0,0.0,1.0,0.0,0.0
8,6,0.0,0.0,0.0,0.0,0.0,0.0,1.0,0.0,0.0
8,6,0.0,0.0,0.0,0.0,0.0,0.0,1.0,0.0,0.0
8,6,0.0,0.0,0.0,0.0,0.0,0.0,1.0,0.0,0.0
8,6,0.0,0.0,0.0,0.0,0.0,0.0,1.0,0.0,0.0
8,6,0.0,0.0,0.0,0.0,0.0,0.0,1.0,0.0,0.0
8,6,0.0,0.0,0.0,0.0,0.0,0.0,1.0,0.0,0.0
8,6,0.0,0.0,0.0,0.0,0.0,0.0,1.0,0.0,0.0
8,6,0.0,0.0,0.0,0.0,0.0,0.0,1.0,0.0,0.0
8,6,0.0,0.0,0.0,0.0,0.0,0.0,1.0,0.0,0.0
8,6,0.0,0.0,0.0,0.0,0.0,0.0,1.0,0.0,0.0
8,6,0.0,0.0,0.0,0.0,0.0,0.0,1.0,0.0,0.0
8,6,0.0,0.0,0.0,0.0,0.0,0.0,1.0,0.0,0.0
8,6,0.0,0.0,0.0,0.0,0.0,0.0,1.0,0.0,0.0
8,6,0.0,0.0,0.0,0.0,0.0,0.0,1.0,0.0,0.0
8,6,0.0,0.0,0.0,0.0,0.0,0.0,1.0,0.0,0.0
8,6,0.0,0.0,0.0,0.0,0.0,0.0,1.0,0.0,0.0
8,6,0.0,0.0,0.0,0.0,0.0,0.0,1.0,0.0,0.0
8,6,0.0,0.0,0.0,0.0,0.0,0.0,1.0,0.0,0.0
8,6,0.0,0.0,0.0,0.0,0.0,0.0,1.0,0.0,0.0
8,6,0.0,0.0,0.0,0.0,0.0,0.0,1.0,0.0,0.0
8,6,0.0,0.0,0.0,0.0,0.0,0.0,1.0,0.0,0.0
8,6,0.0,0.0,0.0,0.0,0.0,0.0,1.0,0.0,0.0
8,6,0.0,0.0,0.0,0.0,0.0,0.0,1.0,0.0,0.0
8,6,0.0,0.0,0.0,0.0,0.0,0.0,1.0,0.0,0.0
8,6,0.0,0.0,0.0,0.0,0.0,0.0,1.0,0.0,0.0
8,6,0.0,0.0,0.0,0.0,0.0,0.0,1.0,0.0,0.0
8,6,0.0,0.0,0.0,0.0,0.0,0.0,1.0,0.0,0.0
8,6,0.0,0.0,0.0,0.0,0.0,0.0,1.0,0.0,0.0
8,6,0.0,0.0,0.0,0.0,0.0,0.0,1.0,0.0,0.0
8,6,0.0,0.0,0.0,0.0,0.0,0.0,1.0,0.0,0.0
8,6,0.0,0.0,0.0,0.0,0.0,0.0,1.0,0.0,0.0
8,6,0.0,0.0,0.0,0.0,0.0,0.0,1.0,0.0,0.0
8,6,0.0,0.0,0.0,0.0,0.0,0.0,1.0,0.0,0.0
8,6,0.0,0.0,0.0,0.0,0.0,0.0,1.0,0.0,0.0
8,6,0.0,0.0,0.0,0.0,0.0,0.0,1.0,0.0,0.0
8,6,0.0,0.0,0.0,0.0,0.0,0.0,1.0,0.0,0.0
8,6,0.0,0.0,0.0,0.0,0.0,0.0,1.0,0.0,0.0
8,6,0.0,0.0,0.0,0.0,0.0,0.0,1.0,0.0,0.0
8,6,0.0,0.0,0.0,0.0,0.0,0.0,1.0,0.0,0.0
8,6,0.0,0.0,0.0,0.0,0.0,0.0,1.0,0.0,0.0
8,6,0.0,0.0,0.0,0.0,0.0,0.0,1.0,0.0,0.0
8,6,0.0,0.0,0.0,0.0,0.0,0.0,1.0,0.0,0.0
8,6,0.0,0.0,0.0,0.0,0.0,0.0,1.0,0.0,0.0
8,6,0.0,0.0,0.0,0.0,0.0,0.0,1.0,0.0,0.0
8,6,0.0,0.0,0.0,0.0,0.0,0.0,1.0,0.0,0.0
8,6,0.0,0.0,0.0,0.0,0.0,0.0,1.0,0.0,0.0
8,6,0.0,0.0,0.0,0.0,0.0,0.0,1.0,0.0,0.0
8,6,0.0,0.0,0.0,0.0,0.0,0.0,1.0,0.0,0.0
8,6,0.0,0.0,0.0,0.0,0.0,0.0,1.0,0.0,0.0
8,6,0.0,0.0,0.0,0.0,0.0,0.0,1.0,0.0,0.0
8,6,0.0,0.0,0.0,0.0,0.0,0.0,1.0,0.0,0.0
8,6,0.0,0.0,0.0,0.0,0.0,0.0,1.0,0.0,0.0
8,6,0.0,0.0,0.0,0.0,0.0,0.0,1.0,0.0,0.0
8,6,0.0,0.0,0.0,0.0,0.0,0.0,1.0,0.0,0.0
8,6,0.0,0.0,0.0,0.0,0.0,0.0,1.0,0.0,0.0
8,6,0.0,0.0,0.0,0.0,0.0,0.0,1.0,0.0,0.0
8,6,0.0,0.0,0.0,0.0,0.0,0.0,1.0,0.0,0.0
8,6,0.0,0.0,0.0,0.0,0.0,0.0,1.0,0.0,0.0
8,6,0.0,0.0,0.0,0.0,0.0,0.0,1.0,0.0,0.0
8,6,0.0,0.0,0.0,0.0,0.0,0.0,1.0,0.0,0.0
8,6,0.0,0.0,0.0,0.0,0.0,0.0,1.0,0.0,0.0
8,6,0.0,0.0,0.0,0.0,0.0,0.0,1.0,0.0,0.0
8,6,0.0,0.0,0.0,0.0,0.0,0.0,1.0,0.0,0.0
8,6,0.0,0.0,0.0,0.0,0.0,0.0,1.0,0.0,0.0
8,6,0.0,0.0,0.0,0.0,0.0,0.0,1.0,0.0,0.0
8,6,0.0,0.0,0.0,0.0,0.0,0.0,1.0,0.0,0.0
8,6,0.0,0.0,0.0,0.0,0.0,0.0,1.0,0.0,0.0
8,6,0.0,0.0,0.0,0.0,0.0,0.0,1.0,0.0,0.0
8,6,0.0,0.0,0.0,0.0,0.0,0.0,1.0,0.0,0.0
8,6,0.0,0.0,0.0,0.0,0.0,0.0,1.0,0.0,0.0
8,6,0.0,0.0,0.0,0.0,0.0,0.0,1.0,0.0,0.0
8,6,0.0,0.0,0.0,0.0,0.0,0.0,1.0,0.0,0.0
8,6,0.0,0.0,0.0,0.0,0.0,0.0,1.0,0.0,0.0
8,6,0.0,0.0,0.0,0.0,0.0,0.0,1.0,0.0,0.0
8,6,0.0,0.0,0.0,0.0,0.0,0.0,1.0,0.0,0.0
8,6,0.0,0.0,0.0,0.0,0.0,0.0,1.0,0.0,0.0
8,6,0.0,0.0,0.0,0.0,0.0,0.0,1.0,0.0,0.0
8,6,0.0,0.0,0.0,0.0,0.0,0.0,1.0,0.0,0.0
8,6,0.0,0.0,0.0,0.0,0.0,0.0,1.0,0.0,0.0
8,6,0.0,0.0,0.0,0.0,0.0,0.0,1.0,0.0,0.0
8,6,0.0,0.0,0.0,0.0,0.0,0.0,1.0,0.0,0.0
8,6,0.0,0.0,0.0,0.0,0.0,0.0,1.0,0.0,0.0
8,6,0.0,0.0,0.0,0.0,0.0,0.0,1.0,0.0,0.0
8,6,0.0,0.0,0.0,0.0,0.0,0.0,1.0,0.0,0.0
8,6,0.0,0.0,0.0,0.0,0.0,0.0,1.0,0.0,0.0
8,6,0.0,0.0,0.0,0.0,0.0,0.0,1.0,0.0,0.0
8,6,0.0,0.0,0.0,0.0,0.0,0.0,1.0,0.0,0.0
8,6,0.0,0.0,0.0,0.0,0.0,0.0,1.0,0.0,0.0
8,6,0.0,0.0,0.0,0.0,0.0,0.0,1.0,0.0,0.0
8,6,0.0,0.0,0.0,0.0,0.0,0.0,1.0,0.0,0.0
8,6,0.0,0.0,0.0,0.0,0.0,0.0,1.0,0.0,0.0
8,6,0.0,0.0,0.0,0.0,0.0,0.0,1.0,0.0,0.0
8,6,0.0,0.0,0.0,0.0,0.0,0.0,1.0,0.0,0.0
8,6,0.0,0.0,0.0,0.0,0.0,0.0,1.0,0.0,0.0
8,6,0.0,0.0,0.0,0.0,0.0,0.0,1.0,0.0,0.0
8,6,0.0,0.0,0.0,0.0,0.0,0.0,1.0,0.0,0.0
8,6,0.0,0.0,0.0,0.0,0.0,0.0,1.0,0.0,0.0
8,6,0.0,0.0,0.0,0.0,0.0,0.0,1.0,0.0,0.0
8,6,0.0,0.0,0.0,0.0,0.0,0.0,1.0,0.0,0.0
8,6,0.0,0.0,0.0,0.0,0.0,0.0,1.0,0.0,0.0
8,6,0.0,0.0,0.0,0.0,0.0,0.0,1.0,0.0,0.0
8,6,0.0,0.0,0.0,0.0,0.0,0.0,1.0,0.0,0.0
8,6,0.0,0.0,0.0,0.0,0.0,0.0,1.0,0.0,0.0
8,6,0.0,0.0,0.0,0.0,0.0,0.0,1.0,0.0,0.0
8,6,0.0,0.0,0.0,0.0,0.0,0.0,1.0,0.0,0.0
8,6,0.0,0.0,0.0,0.0,0.0,0.0,1.0,0.0,0.0
8,6,0.0,0.0,0.0,0.0,0.0,0.0,1.0,0.0,0.0
8,6,0.0,0.0,0.0,0.0,0.0,0.0,1.0,0.0,0.0
8,6,0.0,0.0,0.0,0.0,0.0,0.0,1.0,0.0,0.0
8,6,0.0,0.0,0.0,0.0,0.0,0.0,1.0,0.0,0.0
8,6,0.0,0.0,0.0,0.0,0.0,0.0,1.0,0.0,0.0
8,6,0.0,0.0,0.0,0.0,0.0,0.0,1.0,0.0,0.0
8,6,0.0,0.0,0.0,0.0,0.0,0.0,1.0,0.0,0.0
8,6,0.0,0.0,0.0,0.0,0.0,0.0,1.0,0.0,0.0
8,6,0.0,0.0,0.0,0.0,0.0,0.0,1.0,0.0,0.0
8,6,0.0,0.0,0.0,0.0,0.0,0.0,1.0,0.0,0.0
8,6,0.0,0.0,0.0,0.0,0.0,0.0,1.0,0.0,0.0
8,6,0.0,0.0,0.0,0.0,0.0,0.0,1.0,0.0,0.0
8,6,0.0,0.0,0.0,0.0,0.0,0.0,1.0,0.0,0.0
8,6,0.0,0.0,0.0,0.0,0.0,0.0,1.0,0.0,0.0
8,6,0.0,0.0,0.0,0.0,0.0,0.0,1.0,0.0,0.0
8,6,0.0,0.0,0.0,0.0,0.0,0.0,1.0,0.0,0.0
8,6,0.0,0.0,0.0,0.0,0.0,0.0,1.0,0.0,0.0
8,6,0.0,0.0,0.0,0.0,0.0,0.0,1.0,0.0,0.0
8,6,0.0,0.0,0.0,0.0,0.0,0.0,1.0,0.0,0.0
8,6,0.0,0.0,0.0,0.0,0.0,0.0,1.0,0.0,0.0
8,6,0.0,0.0,0.0,0.0,0.0,0.0,1.0,0.0,0.0
8,6,0.0,0.0,0.0,0.0,0.0,0.0,1.0,0.0,0.0
8,6,0.0,0.0,0.0,0.0,0.0,0.0,1.0,0.0,0.0
8,6,0.0,0.0,0.0,0.0,0.0,0.0,1.0,0.0,0.0
8,6,0.0,0.0,0.0,0.0,0.0,0.0,1.0,0.0,0.0
8,6,0.0,0.0,0.0,0.0,0.0,0.0,1.0,0.0,0.0
8,6,0.0,0.0,0.0,0.0,0.0,0.0,1.0,0.0,0.0
8,6,0.0,0.0,0.0,0.0,0.0,0.0,1.0,0.0,0.0
8,6,0.0,0.0,0.0,0.0,0.0,0.0,1.0,0.0,0.0
8,6,0.0,0.0,0.0,0.0,0.0,0.0,1.0,0.0,0.0
8,6,0.0,0.0,0.0,0.0,0.0,0.0,1.0,0.0,0.0
8,6,0.0,0.0,0.0,0.0,0.0,0.0,1.0,0.0,0.0
8,6,0.0,0.0,0.0,0.0,0.0,0.0,1.0,0.0,0.0
8,6,0.0,0.0,0.0,0.0,0.0,0.0,1.0,0.0,0.0
8,6,0.0,0.0,0.0,0.0,0.0,0.0,1.0,0.0,0.0
8,6,0.0,0.0,0.0,0.0,0.0,0.0,1.0,0.0,0.0
8,6,0.0,0.0,0.0,0.0,0.0,0.0,1.0,0.0,0.0
8,6,0.0,0.0,0.0,0.0,0.0,0.0,1.0,0.0,0.0
8,6,0.0,0.0,0.0,0.0,0.0,0.0,1.0,0.0,0.0
8,6,0.0,0.0,0.0,0.0,0.0,0.0,1.0,0.0,0.0
8,6,0.0,0.0,0.0,0.0,0.0,0.0,1.0,0.0,0.0
8,6,0.0,0.0,0.0,0.0,0.0,0.0,1.0,0.0,0.0
8,6,0.0,0.0,0.0,0.0,0.0,0.0,1.0,0.0,0.0
8,6,0.0,0.0,0.0,0.0,0.0,0.0,1.0,0.0,0.0
8,6,0.0,0.0,0.0,0.0,0.0,0.0,1.0,0.0,0.0
8,6,0.0,0.0,0.0,0.0,0.0,0.0,1.0,0.0,0.0
8,6,0.0,0.0,0.0,0.0,0.0,0.0,1.0,0.0,0.0
8,6,0.0,0.0,0.0,0.0,0.0,0.0,1.0,0.0,0.0
8,6,0.0,0.0,0.0,0.0,0.0,0.0,1.0,0.0,0.0
8,6,0.0,0.0,0.0,0.0,0.0,0.0,1.0,0.0,0.0
8,6,0.0,0.0,0.0,0.0,0.0,0.0,1.0,0.0,0.0
8,6,0.0,0.0,0.0,0.0,0.0,0.0,1.0,0.0,0.0
8,6,0.0,0.0,0.0,0.0,0.0,0.0,1.0,0.0,0.0
8,6,0.0,0.0,0.0,0.0,0.0,0.0,1.0,0.0,0.0
8,6,0.0,0.0,0.0,0.0,0.0,0.0,1.0,0.0,0.0
8,6,0.0,0.0,0.0,0.0,0.0,0.0,1.0,0.0,0.0
8,6,0.0,0.0,0.0,0.0,0.0,0.0,1.0,0.0,0.0
8,6,0.0,0.0,0.0,0.0,0.0,0.0,1.0,0.0,0.0
8,6,0.0,0.0,0.0,0.0,0.0,0.0,1.0,0.0,0.0
8,6,0.0,0.0,0.0,0.0,0.0,0.0,1.0,0.0,0.0
8,6,0.0,0.0,0.0,0.0,0.0,0.0,1.0,0.0,0.0
8,6,0.0,0.0,0.0,0.0,0.0,0.0,1.0,0.0,0.0
8,6,0.0,0.0,0.0,0.0,0.0,0.0,1.0,0.0,0.0
8,6,0.0,0.0,0.0,0.0,0.0,0.0,1.0,0.0,0.0
8,6,0.0,0.0,0.0,0.0,0.0,0.0,1.0,0.0,0.0
8,6,0.0,0.0,0.0,0.0,0.0,0.0,1.0,0.0,0.0
8,6,0.0,0.0,0.0,0.0,0.0,0.0,1.0,0.0,0.0
8,6,0.0,0.0,0.0,0.0,0.0,0.0,1.0,0.0,0.0
8,6,0.0,0.0,0.0,0.0,0.0,0.0,1.0,0.0,0.0
8,6,0.0,0.0,0.0,0.0,0.0,0.0,1.0,0.0,0.0
8,6,0.0,0.0,0.0,0.0,0.0,0.0,1.0,0.0,0.0
8,6,0.0,0.0,0.0,0.0,0.0,0.0,1.0,0.0,0.0
8,6,0.0,0.0,0.0,0.0,0.0,0.0,1.0,0.0,0.0
8,6,0.0,0.0,0.0,0.0,0.0,0.0,1.0,0.0,0.0
8,6,0.0,0.0,0.0,0.0,0.0,0.0,1.0,0.0,0.0
8,6,0.0,0.0,0.0,0.0,0.0,0.0,1.0,0.0,0.0
8,6,0.0,0.0,0.0,0.0,0.0,0.0,1.0,0.0,0.0
8,6,0.0,0.0,0.0,0.0,0.0,0.0,1.0,0.0,0.0
8,6,0.0,0.0,0.0,0.0,0.0,0.0,1.0,0.0,0.0
8,6,0.0,0.0,0.0,0.0,0.0,0.0,1.0,0.0,0.0
8,6,0.0,0.0,0.0,0.0,0.0,0.0,1.0,0.0,0.0
8,6,0.0,0.0,0.0,0.0,0.0,0.0,1.0,0.0,0.0
8,6,0.0,0.0,0.0,0.0,0.0,0.0,1.0,0.0,0.0
8,6,0.0,0.0,0.0,0.0,0.0,0.0,1.0,0.0,0.0
8,6,0.0,0.0,0.0,0.0,0.0,0.0,1.0,0.0,0.0
8,6,0.0,0.0,0.0,0.0,0.0,0.0,1.0,0.0,0.0
8,6,0.0,0.0,0.0,0.0,0.0,0.0,1.0,0.0,0.0
8,6,0.0,0.0,0.0,0.0,0.0,0.0,1.0,0.0,0.0
8,6,0.0,0.0,0.0,0.0,0.0,0.0,1.0,0.0,0.0
8,6,0.0,0.0,0.0,0.0,0.0,0.0,1.0,0.0,0.0
8,6,0.0,0.0,0.0,0.0,0.0,0.0,1.0,0.0,0.0
8,6,0.0,0.0,0.0,0.0,0.0,0.0,1.0,0.0,0.0
8,6,0.0,0.0,0.0,0.0,0.0,0.0,1.0,0.0,0.0
8,6,0.0,0.0,0.0,0.0,0.0,0.0,1.0,0.0,0.0
8,6,0.0,0.0,0.0,0.0,0.0,0.0,1.0,0.0,0.0
8,6,0.0,0.0,0.0,0.0,0.0,0.0,1.0,0.0,0.0
8,6,0.0,0.0,0.0,0.0,0.0,0.0,1.0,0.0,0.0
8,6,0.0,0.0,0.0,0.0,0.0,0.0,1.0,0.0,0.0
8,6,0.0,0.0,0.0,0.0,0.0,0.0,1.0,0.0,0.0
8,6,0.0,0.0,0.0,0.0,0.0,0.0,1.0,0.0,0.0
8,6,0.0,0.0,0.0,0.0,0.0,0.0,1.0,0.0,0.0
8,6,0.0,0.0,0.0,0.0,0.0,0.0,1.0,0.0,0.0
8,6,0.0,0.0,0.0,0.0,0.0,0.0,1.0,0.0,0.0
8,6,0.0,0.0,0.0,0.0,0.0,0.0,1.0,0.0,0.0
8,6,0.0,0.0,0.0,0.0,0.0,0.0,1.0,0.0,0.0
8,6,0.0,0.0,0.0,0.0,0.0,0.0,1.0,0.0,0.0
8,6,0.0,0.0,0.0,0.0,0.0,0.0,1.0,0.0,0.0
8,6,0.0,0.0,0.0,0.0,0.0,0.0,1.0,0.0,0.0
8,6,0.0,0.0,0.0,0.0,0.0,0.0,1.0,0.0,0.0
8,6,0.0,0.0,0.0,0.0,0.0,0.0,1.0,0.0,0.0
8,6,0.0,0.0,0.0,0.0,0.0,0.0,1.0,0.0,0.0
8,6,0.0,0.0,0.0,0.0,0.0,0.0,1.0,0.0,0.0
8,6,0.0,0.0,0.0,0.0,0.0,0.0,1.0,0.0,0.0
8,6,0.0,0.0,0.0,0.0,0.0,0.0,1.0,0.0,0.0
8,6,0.0,0.0,0.0,0.0,0.0,0.0,1.0,0.0,0.0
8,6,0.0,0.0,0.0,0.0,0.0,0.0,1.0,0.0,0.0
8,6,0.0,0.0,0.0,0.0,0.0,0.0,1.0,0.0,0.0
8,6,0.0,0.0,0.0,0.0,0.0,0.0,1.0,0.0,0.0
8,6,0.0,0.0,0.0,0.0,0.0,0.0,1.0,0.0,0.0
8,6,0.0,0.0,0.0,0.0,0.0,0.0,1.0,0.0,0.0
8,6,0.0,0.0,0.0,0.0,0.0,0.0,1.0,0.0,0.0
8,6,0.0,0.0,0.0,0.0,0.0,0.0,1.0,0.0,0.0
8,6,0.0,0.0,0.0,0.0,0.0,0.0,1.0,0.0,0.0
8,6,0.0,0.0,0.0,0.0,0.0,0.0,1.0,0.0,0.0
8,6,0.0,0.0,0.0,0.0,0.0,0.0,1.0,0.0,0.0
8,6,0.0,0.0,0.0,0.0,0.0,0.0,1.0,0.0,0.0
8,6,0.0,0.0,0.0,0.0,0.0,0.0,1.0,0.0,0.0
8,6,0.0,0.0,0.0,0.0,0.0,0.0,1.0,0.0,0.0
8,6,0.0,0.0,0.0,0.0,0.0,0.0,1.0,0.0,0.0
8,6,0.0,0.0,0.0,0.0,0.0,0.0,1.0,0.0,0.0
8,6,0.0,0.0,0.0,0.0,0.0,0.0,1.0,0.0,0.0
8,6,0.0,0.0,0.0,0.0,0.0,0.0,1.0,0.0,0.0
8,6,0.0,0.0,0.0,0.0,0.0,0.0,1.0,0.0,0.0
8,6,0.0,0.0,0.0,0.0,0.0,0.0,1.0,0.0,0.0
8,6,0.0,0.0,0.0,0.0,0.0,0.0,1.0,0.0,0.0
8,6,0.0,0.0,0.0,0.0,0.0,0.0,1.0,0.0,0.0
8,6,0.0,0.0,0.0,0.0,0.0,0.0,1.0,0.0,0.0
8,6,0.0,0.0,0.0,0.0,0.0,0.0,1.0,0.0,0.0
8,6,0.0,0.0,0.0,0.0,0.0,0.0,1.0,0.0,0.0
8,6,0.0,0.0,0.0,0.0,0.0,0.0,1.0,0.0,0.0
8,6,0.0,0.0,0.0,0.0,0.0,0.0,1.0,0.0,0.0
8,6,0.0,0.0,0.0,0.0,0.0,0.0,1.0,0.0,0.0
8,6,0.0,0.0,0.0,0.0,0.0,0.0,1.0,0.0,0.0
8,6,0.0,0.0,0.0,0.0,0.0,0.0,1.0,0.0,0.0
8,6,0.0,0.0,0.0,0.0,0.0,0.0,1.0,0.0,0.0
8,6,0.0,0.0,0.0,0.0,0.0,0.0,1.0,0.0,0.0
8,6,0.0,0.0,0.0,0.0,0.0,0.0,1.0,0.0,0.0
8,6,0.0,0.0,0.0,0.0,0.0,0.0,1.0,0.0,0.0
8,6,0.0,0.0,0.0,0.0,0.0,0.0,1.0,0.0,0.0
8,6,0.0,0.0,0.0,0.0,0.0,0.0,1.0,0.0,0.0
8,6,0.0,0.0,0.0,0.0,0.0,0.0,1.0,0.0,0.0
8,6,0.0,0.0,0.0,0.0,0.0,0.0,1.0,0.0,0.0
8,6,0.0,0.0,0.0,0.0,0.0,0.0,1.0,0.0,0.0
8,6,0.0,0.0,0.0,0.0,0.0,0.0,1.0,0.0,0.0
8,6,0.0,0.0,0.0,0.0,0.0,0.0,1.0,0.0,0.0
8,6,0.0,0.0,0.0,0.0,0.0,0.0,1.0,0.0,0.0
8,6,0.0,0.0,0.0,0.0,0.0,0.0,1.0,0.0,0.0
8,6,0.0,0.0,0.0,0.0,0.0,0.0,1.0,0.0,0.0
8,6,0.0,0.0,0.0,0.0,0.0,0.0,1.0,0.0,0.0
8,6,0.0,0.0,0.0,0.0,0.0,0.0,1.0,0.0,0.0
8,6,0.0,0.0,0.0,0.0,0.0,0.0,1.0,0.0,0.0
8,6,0.0,0.0,0.0,0.0,0.0,0.0,1.0,0.0,0.0
8,6,0.0,0.0,0.0,0.0,0.0,0.0,1.0,0.0,0.0
8,6,0.0,0.0,0.0,0.0,0.0,0.0,1.0,0.0,0.0
8,6,0.0,0.0,0.0,0.0,0.0,0.0,1.0,0.0,0.0
8,6,0.0,0.0,0.0,0.0,0.0,0.0,1.0,0.0,0.0
8,6,0.0,0.0,0.0,0.0,0.0,0.0,1.0,0.0,0.0
8,6,0.0,0.0,0.0,0.0,0.0,0.0,1.0,0.0,0.0
8,6,0.0,0.0,0.0,0.0,0.0,0.0,1.0,0.0,0.0
8,6,0.0,0.0,0.0,0.0,0.0,0.0,1.0,0.0,0.0
8,6,0.0,0.0,0.0,0.0,0.0,0.0,1.0,0.0,0.0
8,6,0.0,0.0,0.0,0.0,0.0,0.0,1.0,0.0,0.0
8,6,0.0,0.0,0.0,0.0,0.0,0.0,1.0,0.0,0.0
8,6,0.0,0.0,0.0,0.0,0.0,0.0,1.0,0.0,0.0
8,6,0.0,0.0,0.0,0.0,0.0,0.0,1.0,0.0,0.0
8,6,0.0,0.0,0.0,0.0,0.0,0.0,1.0,0.0,0.0
8,6,0.0,0.0,0.0,0.0,0.0,0.0,1.0,0.0,0.0
8,6,0.0,0.0,0.0,0.0,0.0,0.0,1.0,0.0,0.0
8,6,0.0,0.0,0.0,0.0,0.0,0.0,1.0,0.0,0.0
8,6,0.0,0.0,0.0,0.0,0.0,0.0,1.0,0.0,0.0
8,6,0.0,0.0,0.0,0.0,0.0,0.0,1.0,0.0,0.0
8,6,0.0,0.0,0.0,0.0,0.0,0.0,1.0,0.0,0.0
8,6,0.0,0.0,0.0,0.0,0.0,0.0,1.0,0.0,0.0
8,6,0.0,0.0,0.0,0.0,0.0,0.0,1.0,0.0,0.0
8,6,0.0,0.0,0.0,0.0,0.0,0.0,1.0,0.0,0.0
8,6,0.0,0.0,0.0,0.0,0.0,0.0,1.0,0.0,0.0
8,6,0.0,0.0,0.0,0.0,0.0,0.0,1.0,0.0,0.0
8,6,0.0,0.0,0.0,0.0,0.0,0.0,1.0,0.0,0.0
8,6,0.0,0.0,0.0,0.0,0.0,0.0,1.0,0.0,0.0
8,6,0.0,0.0,0.0,0.0,0.0,0.0,1.0,0.0,0.0
8,6,0.0,0.0,0.0,0.0,0.0,0.0,1.0,0.0,0.0
8,6,0.0,0.0,0.0,0.0,0.0,0.0,1.0,0.0,0.0
8,6,0.0,0.0,0.0,0.0,0.0,0.0,1.0,0.0,0.0
8,6,0.0,0.0,0.0,0.0,0.0,0.0,1.0,0.0,0.0
8,6,0.0,0.0,0.0,0.0,0.0,0.0,1.0,0.0,0.0
8,6,0.0,0.0,0.0,0.0,0.0,0.0,1.0,0.0,0.0
8,6,0.0,0.0,0.0,0.0,0.0,0.0,1.0,0.0,0.0
8,6,0.0,0.0,0.0,0.0,0.0,0.0,1.0,0.0,0.0
8,6,0.0,0.0,0.0,0.0,0.0,0.0,1.0,0.0,0.0
8,6,0.0,0.0,0.0,0.0,0.0,0.0,1.0,0.0,0.0
8,6,0.0,0.0,0.0,0.0,0.0,0.0,1.0,0.0,0.0
8,6,0.0,0.0,0.0,0.0,0.0,0.0,1.0,0.0,0.0
8,6,0.0,0.0,0.0,0.0,0.0,0.0,1.0,0.0,0.0
8,6,0.0,0.0,0.0,0.0,0.0,0.0,1.0,0.0,0.0
8,6,0.0,0.0,0.0,0.0,0.0,0.0,1.0,0.0,0.0
8,6,0.0,0.0,0.0,0.0,0.0,0.0,1.0,0.0,0.0
8,6,0.0,0.0,0.0,0.0,0.0,0.0,1.0,0.0,0.0
8,6,0.0,0.0,0.0,0.0,0.0,0.0,1.0,0.0,0.0
8,6,0.0,0.0,0.0,0.0,0.0,0.0,1.0,0.0,0.0
8,6,0.0,0.0,0.0,0.0,0.0,0.0,1.0,0.0,0.0
8,6,0.0,0.0,0.0,0.0,0.0,0.0,1.0,0.0,0.0
8,6,0.0,0.0,0.0,0.0,0.0,0.0,1.0,0.0,0.0
8,6,0.0,0.0,0.0,0.0,0.0,0.0,1.0,0.0,0.0
8,6,0.0,0.0,0.0,0.0,0.0,0.0,1.0,0.0,0.0
8,6,0.0,0.0,0.0,0.0,0.0,0.0,1.0,0.0,0.0
8,6,0.0,0.0,0.0,0.0,0.0,0.0,1.0,0.0,0.0
8,6,0.0,0.0,0.0,0.0,0.0,0.0,1.0,0.0,0.0
8,6,0.0,0.0,0.0,0.0,0.0,0.0,1.0,0.0,0.0
8,6,0.0,0.0,0.0,0.0,0.0,0.0,1.0,0.0,0.0
8,6,0.0,0.0,0.0,0.0,0.0,0.0,1.0,0.0,0.0
8,6,0.0,0.0,0.0,0.0,0.0,0.0,1.0,0.0,0.0
8,6,0.0,0.0,0.0,0.0,0.0,0.0,1.0,0.0,0.0
8,6,0.0,0.0,0.0,0.0,0.0,0.0,1.0,0.0,0.0
8,6,0.0,0.0,0.0,0.0,0.0,0.0,1.0,0.0,0.0
8,6,0.0,0.0,0.0,0.0,0.0,0.0,1.0,0.0,0.0
8,6,0.0,0.0,0.0,0.0,0.0,0.0,1.0,0.0,0.0
8,6,0.0,0.0,0.0,0.0,0.0,0.0,1.0,0.0,0.0
8,6,0.0,0.0,0.0,0.0,0.0,0.0,1.0,0.0,0.0
8,6,0.0,0.0,0.0,0.0,0.0,0.0,1.0,0.0,0.0
8,6,0.0,0.0,0.0,0.0,0.0,0.0,1.0,0.0,0.0
8,6,0.0,0.0,0.0,0.0,0.0,0.0,1.0,0.0,0.0
8,6,0.0,0.0,0.0,0.0,0.0,0.0,1.0,0.0,0.0
8,6,0.0,0.0,0.0,0.0,0.0,0.0,1.0,0.0,0.0
8,6,0.0,0.0,0.0,0.0,0.0,0.0,1.0,0.0,0.0
8,6,0.0,0.0,0.0,0.0,0.0,0.0,1.0,0.0,0.0
8,6,0.0,0.0,0.0,0.0,0.0,0.0,1.0,0.0,0.0
8,6,0.0,0.0,0.0,0.0,0.0,0.0,1.0,0.0,0.0
8,6,0.0,0.0,0.0,0.0,0.0,0.0,1.0,0.0,0.0
8,6,0.0,0.0,0.0,0.0,0.0,0.0,1.0,0.0,0.0
8,6,0.0,0.0,0.0,0.0,0.0,0.0,1.0,0.0,0.0
8,6,0.0,0.0,0.0,0.0,0.0,0.0,1.0,0.0,0.0
8,6,0.0,0.0,0.0,0.0,0.0,0.0,1.0,0.0,0.0
8,6,0.0,0.0,0.0,0.0,0.0,0.0,1.0,0.0,0.0
8,6,0.0,0.0,0.0,0.0,0.0,0.0,1.0,0.0,0.0
8,6,0.0,0.0,0.0,0.0,0.0,0.0,1.0,0.0,0.0
8,6,0.0,0.0,0.0,0.0,0.0,0.0,1.0,0.0,0.0
8,6,0.0,0.0,0.0,0.0,0.0,0.0,1.0,0.0,0.0
8,6,0.0,0.0,0.0,0.0,0.0,0.0,1.0,0.0,0.0
8,6,0.0,0.0,0.0,0.0,0.0,0.0,1.0,0.0,0.0
8,6,0.0,0.0,0.0,0.0,0.0,0.0,1.0,0.0,0.0
8,6,0.0,0.0,0.0,0.0,0.0,0.0,1.0,0.0,0.0
8,6,0.0,0.0,0.0,0.0,0.0,0.0,1.0,0.0,0.0
8,6,0.0,0.0,0.0,0.0,0.0,0.0,1.0,0.0,0.0
8,6,0.0,0.0,0.0,0.0,0.0,0.0,1.0,0.0,0.0
8,6,0.0,0.0,0.0,0.0,0.0,0.0,1.0,0.0,0.0
8,6,0.0,0.0,0.0,0.0,0.0,0.0,1.0,0.0,0.0
8,6,0.0,0.0,0.0,0.0,0.0,0.0,1.0,0.0,0.0
8,6,0.0,0.0,0.0,0.0,0.0,0.0,1.0,0.0,0.0
8,6,0.0,0.0,0.0,0.0,0.0,0.0,1.0,0.0,0.0
8,6,0.0,0.0,0.0,0.0,0.0,0.0,1.0,0.0,0.0
8,6,0.0,0.0,0.0,0.0,0.0,0.0,1.0,0.0,0.0
8,6,0.0,0.0,0.0,0.0,0.0,0.0,1.0,0.0,0.0
8,6,0.0,0.0,0.0,0.0,0.0,0.0,1.0,0.0,0.0
8,6,0.0,0.0,0.0,0.0,0.0,0.0,1.0,0.0,0.0
8,6,0.0,0.0,0.0,0.0,0.0,0.0,1.0,0.0,0.0
8,6,0.0,0.0,0.0,0.0,0.0,0.0,1.0,0.0,0.0
8,6,0.0,0.0,0.0,0.0,0.0,0.0,1.0,0.0,0.0
8,6,0.0,0.0,0.0,0.0,0.0,0.0,1.0,0.0,0.0
8,6,0.0,0.0,0.0,0.0,0.0,0.0,1.0,0.0,0.0
8,6,0.0,0.0,0.0,0.0,0.0,0.0,1.0,0.0,0.0
8,6,0.0,0.0,0.0,0.0,0.0,0.0,1.0,0.0,0.0
8,6,0.0,0.0,0.0,0.0,0.0,0.0,1.0,0.0,0.0
8,6,0.0,0.0,0.0,0.0,0.0,0.0,1.0,0.0,0.0
8,6,0.0,0.0,0.0,0.0,0.0,0.0,1.0,0.0,0.0
8,6,0.0,0.0,0.0,0.0,0.0,0.0,1.0,0.0,0.0
8,6,0.0,0.0,0.0,0.0,0.0,0.0,1.0,0.0,0.0
8,6,0.0,0.0,0.0,0.0,0.0,0.0,1.0,0.0,0.0
8,6,0.0,0.0,0.0,0.0,0.0,0.0,1.0,0.0,0.0
8,6,0.0,0.0,0.0,0.0,0.0,0.0,1.0,0.0,0.0
8,6,0.0,0.0,0.0,0.0,0.0,0.0,1.0,0.0,0.0
8,6,0.0,0.0,0.0,0.0,0.0,0.0,1.0,0.0,0.0
8,6,0.0,0.0,0.0,0.0,0.0,0.0,1.0,0.0,0.0
8,6,0.0,0.0,0.0,0.0,0.0,0.0,1.0,0.0,0.0
8,6,0.0,0.0,0.0,0.0,0.0,0.0,1.0,0.0,0.0
8,6,0.0,0.0,0.0,0.0,0.0,0.0,1.0,0.0,0.0
8,6,0.0,0.0,0.0,0.0,0.0,0.0,1.0,0.0,0.0
8,6,0.0,0.0,0.0,0.0,0.0,0.0,1.0,0.0,0.0
8,6,0.0,0.0,0.0,0.0,0.0,0.0,1.0,0.0,0.0
8,6,0.0,0.0,0.0,0.0,0.0,0.0,1.0,0.0,0.0
8,6,0.0,0.0,0.0,0.0,0.0,0.0,1.0,0.0,0.0
8,6,0.0,0.0,0.0,0.0,0.0,0.0,1.0,0.0,0.0
8,6,0.0,0.0,0.0,0.0,0.0,0.0,1.0,0.0,0.0
8,6,0.0,0.0,0.0,0.0,0.0,0.0,1.0,0.0,0.0
8,6,0.0,0.0,0.0,0.0,0.0,0.0,1.0,0.0,0.0
8,6,0.0,0.0,0.0,0.0,0.0,0.0,1.0,0.0,0.0
8,6,0.0,0.0,0.0,0.0,0.0,0.0,1.0,0.0,0.0
8,6,0.0,0.0,0.0,0.0,0.0,0.0,1.0,0.0,0.0
8,6,0.0,0.0,0.0,0.0,0.0,0.0,1.0,0.0,0.0
8,6,0.0,0.0,0.0,0.0,0.0,0.0,1.0,0.0,0.0
8,6,0.0,0.0,0.0,0.0,0.0,0.0,1.0,0.0,0.0
8,6,0.0,0.0,0.0,0.0,0.0,0.0,1.0,0.0,0.0
8,6,0.0,0.0,0.0,0.0,0.0,0.0,1.0,0.0,0.0
8,6,0.0,0.0,0.0,0.0,0.0,0.0,1.0,0.0,0.0
8,6,0.0,0.0,0.0,0.0,0.0,0.0,1.0,0.0,0.0
8,6,0.0,0.0,0.0,0.0,0.0,0.0,1.0,0.0,0.0
8,6,0.0,0.0,0.0,0.0,0.0,0.0,1.0,0.0,0.0
8,6,0.0,0.0,0.0,0.0,0.0,0.0,1.0,0.0,0.0
8,6,0.0,0.0,0.0,0.0,0.0,0.0,1.0,0.0,0.0
8,6,0.0,0.0,0.0,0.0,0.0,0.0,1.0,0.0,0.0
8,6,0.0,0.0,0.0,0.0,0.0,0.0,1.0,0.0,0.0
8,6,0.0,0.0,0.0,0.0,0.0,0.0,1.0,0.0,0.0
8,6,0.0,0.0,0.0,0.0,0.0,0.0,1.0,0.0,0.0
8,6,0.0,0.0,0.0,0.0,0.0,0.0,1.0,0.0,0.0
8,6,0.0,0.0,0.0,0.0,0.0,0.0,1.0,0.0,0.0
8,6,0.0,0.0,0.0,0.0,0.0,0.0,1.0,0.0,0.0
8,6,0.0,0.0,0.0,0.0,0.0,0.0,1.0,0.0,0.0
8,6,0.0,0.0,0.0,0.0,0.0,0.0,1.0,0.0,0.0
8,6,0.0,0.0,0.0,0.0,0.0,0.0,1.0,0.0,0.0
8,6,0.0,0.0,0.0,0.0,0.0,0.0,1.0,0.0,0.0
8,6,0.0,0.0,0.0,0.0,0.0,0.0,1.0,0.0,0.0
8,6,0.0,0.0,0.0,0.0,0.0,0.0,1.0,0.0,0.0
8,6,0.0,0.0,0.0,0.0,0.0,0.0,1.0,0.0,0.0
8,6,0.0,0.0,0.0,0.0,0.0,0.0,1.0,0.0,0.0
8,6,0.0,0.0,0.0,0.0,0.0,0.0,1.0,0.0,0.0
8,6,0.0,0.0,0.0,0.0,0.0,0.0,1.0,0.0,0.0
8,6,0.0,0.0,0.0,0.0,0.0,0.0,1.0,0.0,0.0
8,6,0.0,0.0,0.0,0.0,0.0,0.0,1.0,0.0,0.0
8,6,0.0,0.0,0.0,0.0,0.0,0.0,1.0,0.0,0.0
8,6,0.0,0.0,0.0,0.0,0.0,0.0,1.0,0.0,0.0
8,6,0.0,0.0,0.0,0.0,0.0,0.0,1.0,0.0,0.0
8,6,0.0,0.0,0.0,0.0,0.0,0.0,1.0,0.0,0.0
8,6,0.0,0.0,0.0,0.0,0.0,0.0,1.0,0.0,0.0
8,6,0.0,0.0,0.0,0.0,0.0,0.0,1.0,0.0,0.0
8,6,0.0,0.0,0.0,0.0,0.0,0.0,1.0,0.0,0.0
8,6,0.0,0.0,0.0,0.0,0.0,0.0,1.0,0.0,0.0
8,6,0.0,0.0,0.0,0.0,0.0,0.0,1.0,0.0,0.0
8,6,0.0,0.0,0.0,0.0,0.0,0.0,1.0,0.0,0.0
8,6,0.0,0.0,0.0,0.0,0.0,0.0,1.0,0.0,0.0
8,6,0.0,0.0,0.0,0.0,0.0,0.0,1.0,0.0,0.0
8,6,0.0,0.0,0.0,0.0,0.0,0.0,1.0,0.0,0.0
8,6,0.0,0.0,0.0,0.0,0.0,0.0,1.0,0.0,0.0
8,6,0.0,0.0,0.0,0.0,0.0,0.0,1.0,0.0,0.0
8,6,0.0,0.0,0.0,0.0,0.0,0.0,1.0,0.0,0.0
8,6,0.0,0.0,0.0,0.0,0.0,0.0,1.0,0.0,0.0
8,6,0.0,0.0,0.0,0.0,0.0,0.0,1.0,0.0,0.0
8,6,0.0,0.0,0.0,0.0,0.0,0.0,1.0,0.0,0.0
8,6,0.0,0.0,0.0,0.0,0.0,0.0,1.0,0.0,0.0
8,6,0.0,0.0,0.0,0.0,0.0,0.0,1.0,0.0,0.0
8,6,0.0,0.0,0.0,0.0,0.0,0.0,1.0,0.0,0.0
8,6,0.0,0.0,0.0,0.0,0.0,0.0,1.0,0.0,0.0
8,6,0.0,0.0,0.0,0.0,0.0,0.0,1.0,0.0,0.0
8,6,0.0,0.0,0.0,0.0,0.0,0.0,1.0,0.0,0.0
8,6,0.0,0.0,0.0,0.0,0.0,0.0,1.0,0.0,0.0
8,6,0.0,0.0,0.0,0.0,0.0,0.0,1.0,0.0,0.0
8,6,0.0,0.0,0.0,0.0,0.0,0.0,1.0,0.0,0.0
8,6,0.0,0.0,0.0,0.0,0.0,0.0,1.0,0.0,0.0
8,6,0.0,0.0,0.0,0.0,0.0,0.0,1.0,0.0,0.0
8,6,0.0,0.0,0.0,0.0,0.0,0.0,1.0,0.0,0.0
8,6,0.0,0.0,0.0,0.0,0.0,0.0,1.0,0.0,0.0
8,6,0.0,0.0,0.0,0.0,0.0,0.0,1.0,0.0,0.0
8,6,0.0,0.0,0.0,0.0,0.0,0.0,1.0,0.0,0.0
8,6,0.0,0.0,0.0,0.0,0.0,0.0,1.0,0.0,0.0
8,6,0.0,0.0,0.0,0.0,0.0,0.0,1.0,0.0,0.0
8,6,0.0,0.0,0.0,0.0,0.0,0.0,1.0,0.0,0.0
8,6,0.0,0.0,0.0,0.0,0.0,0.0,1.0,0.0,0.0
8,6,0.0,0.0,0.0,0.0,0.0,0.0,1.0,0.0,0.0
8,6,0.0,0.0,0.0,0.0,0.0,0.0,1.0,0.0,0.0
8,6,0.0,0.0,0.0,0.0,0.0,0.0,1.0,0.0,0.0
8,6,0.0,0.0,0.0,0.0,0.0,0.0,1.0,0.0,0.0
8,6,0.0,0.0,0.0,0.0,0.0,0.0,1.0,0.0,0.0
8,6,0.0,0.0,0.0,0.0,0.0,0.0,1.0,0.0,0.0
8,6,0.0,0.0,0.0,0.0,0.0,0.0,1.0,0.0,0.0
8,6,0.0,0.0,0.0,0.0,0.0,0.0,1.0,0.0,0.0
8,6,0.0,0.0,0.0,0.0,0.0,0.0,1.0,0.0,0.0
8,6,0.0,0.0,0.0,0.0,0.0,0.0,1.0,0.0,0.0
8,6,0.0,0.0,0.0,0.0,0.0,0.0,1.0,0.0,0.0
8,6,0.0,0.0,0.0,0.0,0.0,0.0,1.0,0.0,0.0
8,6,0.0,0.0,0.0,0.0,0.0,0.0,1.0,0.0,0.0
8,6,0.0,0.0,0.0,0.0,0.0,0.0,1.0,0.0,0.0
8,6,0.0,0.0,0.0,0.0,0.0,0.0,1.0,0.0,0.0
8,6,0.0,0.0,0.0,0.0,0.0,0.0,1.0,0.0,0.0
8,6,0.0,0.0,0.0,0.0,0.0,0.0,1.0,0.0,0.0
8,6,0.0,0.0,0.0,0.0,0.0,0.0,1.0,0.0,0.0
8,6,0.0,0.0,0.0,0.0,0.0,0.0,1.0,0.0,0.0
8,6,0.0,0.0,0.0,0.0,0.0,0.0,1.0,0.0,0.0
8,6,0.0,0.0,0.0,0.0,0.0,0.0,1.0,0.0,0.0
8,6,0.0,0.0,0.0,0.0,0.0,0.0,1.0,0.0,0.0
8,6,0.0,0.0,0.0,0.0,0.0,0.0,1.0,0.0,0.0
8,6,0.0,0.0,0.0,0.0,0.0,0.0,1.0,0.0,0.0
8,6,0.0,0.0,0.0,0.0,0.0,0.0,1.0,0.0,0.0
8,6,0.0,0.0,0.0,0.0,0.0,0.0,1.0,0.0,0.0
8,6,0.0,0.0,0.0,0.0,0.0,0.0,1.0,0.0,0.0
8,6,0.0,0.0,0.0,0.0,0.0,0.0,1.0,0.0,0.0
8,6,0.0,0.0,0.0,0.0,0.0,0.0,1.0,0.0,0.0
8,6,0.0,0.0,0.0,0.0,0.0,0.0,1.0,0.0,0.0
8,6,0.0,0.0,0.0,0.0,0.0,0.0,1.0,0.0,0.0
8,6,0.0,0.0,0.0,0.0,0.0,0.0,1.0,0.0,0.0
8,6,0.0,0.0,0.0,0.0,0.0,0.0,1.0,0.0,0.0
8,6,0.0,0.0,0.0,0.0,0.0,0.0,1.0,0.0,0.0
8,6,0.0,0.0,0.0,0.0,0.0,0.0,1.0,0.0,0.0
8,6,0.0,0.0,0.0,0.0,0.0,0.0,1.0,0.0,0.0
8,6,0.0,0.0,0.0,0.0,0.0,0.0,1.0,0.0,0.0
8,6,0.0,0.0,0.0,0.0,0.0,0.0,1.0,0.0,0.0
8,6,0.0,0.0,0.0,0.0,0.0,0.0,1.0,0.0,0.0
8,6,0.0,0.0,0.0,0.0,0.0,0.0,1.0,0.0,0.0
8,6,0.0,0.0,0.0,0.0,0.0,0.0,1.0,0.0,0.0
8,6,0.0,0.0,0.0,0.0,0.0,0.0,1.0,0.0,0.0
8,6,0.0,0.0,0.0,0.0,0.0,0.0,1.0,0.0,0.0
8,6,0.0,0.0,0.0,0.0,0.0,0.0,1.0,0.0,0.0
8,6,0.0,0.0,0.0,0.0,0.0,0.0,1.0,0.0,0.0
8,6,0.0,0.0,0.0,0.0,0.0,0.0,1.0,0.0,0.0
8,6,0.0,0.0,0.0,0.0,0.0,0.0,1.0,0.0,0.0
8,6,0.0,0.0,0.0,0.0,0.0,0.0,1.0,0.0,0.0
8,6,0.0,0.0,0.0,0.0,0.0,0.0,1.0,0.0,0.0
8,6,0.0,0.0,0.0,0.0,0.0,0.0,1.0,0.0,0.0
8,6,0.0,0.0,0.0,0.0,0.0,0.0,1.0,0.0,0.0
8,6,0.0,0.0,0.0,0.0,0.0,0.0,1.0,0.0,0.0
8,6,0.0,0.0,0.0,0.0,0.0,0.0,1.0,0.0,0.0
8,6,0.0,0.0,0.0,0.0,0.0,0.0,1.0,0.0,0.0
8,6,0.0,0.0,0.0,0.0,0.0,0.0,1.0,0.0,0.0
8,6,0.0,0.0,0.0,0.0,0.0,0.0,1.0,0.0,0.0
8,6,0.0,0.0,0.0,0.0,0.0,0.0,1.0,0.0,0.0
8,6,0.0,0.0,0.0,0.0,0.0,0.0,1.0,0.0,0.0
8,6,0.0,0.0,0.0,0.0,0.0,0.0,1.0,0.0,0.0
8,6,0.0,0.0,0.0,0.0,0.0,0.0,1.0,0.0,0.0
8,6,0.0,0.0,0.0,0.0,0.0,0.0,1.0,0.0,0.0
8,6,0.0,0.0,0.0,0.0,0.0,0.0,1.0,0.0,0.0
8,6,0.0,0.0,0.0,0.0,0.0,0.0,1.0,0.0,0.0
8,6,0.0,0.0,0.0,0.0,0.0,0.0,1.0,0.0,0.0
8,6,0.0,0.0,0.0,0.0,0.0,0.0,1.0,0.0,0.0
8,6,0.0,0.0,0.0,0.0,0.0,0.0,1.0,0.0,0.0
8,6,0.0,0.0,0.0,0.0,0.0,0.0,1.0,0.0,0.0
8,6,0.0,0.0,0.0,0.0,0.0,0.0,1.0,0.0,0.0
8,6,0.0,0.0,0.0,0.0,0.0,0.0,1.0,0.0,0.0
8,6,0.0,0.0,0.0,0.0,0.0,0.0,1.0,0.0,0.0
8,6,0.0,0.0,0.0,0.0,0.0,0.0,1.0,0.0,0.0
8,6,0.0,0.0,0.0,0.0,0.0,0.0,1.0,0.0,0.0
8,6,0.0,0.0,0.0,0.0,0.0,0.0,1.0,0.0,0.0
8,6,0.0,0.0,0.0,0.0,0.0,0.0,1.0,0.0,0.0
8,6,0.0,0.0,0.0,0.0,0.0,0.0,1.0,0.0,0.0
8,6,0.0,0.0,0.0,0.0,0.0,0.0,1.0,0.0,0.0
8,6,0.0,0.0,0.0,0.0,0.0,0.0,1.0,0.0,0.0
8,6,0.0,0.0,0.0,0.0,0.0,0.0,1.0,0.0,0.0
8,6,0.0,0.0,0.0,0.0,0.0,0.0,1.0,0.0,0.0
8,6,0.0,0.0,0.0,0.0,0.0,0.0,1.0,0.0,0.0
8,6,0.0,0.0,0.0,0.0,0.0,0.0,1.0,0.0,0.0
8,6,0.0,0.0,0.0,0.0,0.0,0.0,1.0,0.0,0.0
8,6,0.0,0.0,0.0,0.0,0.0,0.0,1.0,0.0,0.0
8,6,0.0,0.0,0.0,0.0,0.0,0.0,1.0,0.0,0.0
8,6,0.0,0.0,0.0,0.0,0.0,0.0,1.0,0.0,0.0
8,6,0.0,0.0,0.0,0.0,0.0,0.0,1.0,0.0,0.0
8,6,0.0,0.0,0.0,0.0,0.0,0.0,1.0,0.0,0.0
8,6,0.0,0.0,0.0,0.0,0.0,0.0,1.0,0.0,0.0
8,6,0.0,0.0,0.0,0.0,0.0,0.0,1.0,0.0,0.0
8,6,0.0,0.0,0.0,0.0,0.0,0.0,1.0,0.0,0.0
8,6,0.0,0.0,0.0,0.0,0.0,0.0,1.0,0.0,0.0
8,6,0.0,0.0,0.0,0.0,0.0,0.0,1.0,0.0,0.0
8,6,0.0,0.0,0.0,0.0,0.0,0.0,1.0,0.0,0.0
8,6,0.0,0.0,0.0,0.0,0.0,0.0,1.0,0.0,0.0
8,6,0.0,0.0,0.0,0.0,0.0,0.0,1.0,0.0,0.0
8,6,0.0,0.0,0.0,0.0,0.0,0.0,1.0,0.0,0.0
8,6,0.0,0.0,0.0,0.0,0.0,0.0,1.0,0.0,0.0
8,6,0.0,0.0,0.0,0.0,0.0,0.0,1.0,0.0,0.0
8,6,0.0,0.0,0.0,0.0,0.0,0.0,1.0,0.0,0.0
8,6,0.0,0.0,0.0,0.0,0.0,0.0,1.0,0.0,0.0
8,6,0.0,0.0,0.0,0.0,0.0,0.0,1.0,0.0,0.0
8,6,0.0,0.0,0.0,0.0,0.0,0.0,1.0,0.0,0.0
8,6,0.0,0.0,0.0,0.0,0.0,0.0,1.0,0.0,0.0
8,6,0.0,0.0,0.0,0.0,0.0,0.0,1.0,0.0,0.0
8,6,0.0,0.0,0.0,0.0,0.0,0.0,1.0,0.0,0.0
8,6,0.0,0.0,0.0,0.0,0.0,0.0,1.0,0.0,0.0
8,6,0.0,0.0,0.0,0.0,0.0,0.0,1.0,0.0,0.0
8,6,0.0,0.0,0.0,0.0,0.0,0.0,1.0,0.0,0.0
8,6,0.0,0.0,0.0,0.0,0.0,0.0,1.0,0.0,0.0
8,6,0.0,0.0,0.0,0.0,0.0,0.0,1.0,0.0,0.0
8,6,0.0,0.0,0.0,0.0,0.0,0.0,1.0,0.0,0.0
8,6,0.0,0.0,0.0,0.0,0.0,0.0,1.0,0.0,0.0
8,6,0.0,0.0,0.0,0.0,0.0,0.0,1.0,0.0,0.0
8,6,0.0,0.0,0.0,0.0,0.0,0.0,1.0,0.0,0.0
8,6,0.0,0.0,0.0,0.0,0.0,0.0,1.0,0.0,0.0
8,6,0.0,0.0,0.0,0.0,0.0,0.0,1.0,0.0,0.0
8,6,0.0,0.0,0.0,0.0,0.0,0.0,1.0,0.0,0.0
8,6,0.0,0.0,0.0,0.0,0.0,0.0,1.0,0.0,0.0
8,6,0.0,0.0,0.0,0.0,0.0,0.0,1.0,0.0,0.0
8,6,0.0,0.0,0.0,0.0,0.0,0.0,1.0,0.0,0.0
8,6,0.0,0.0,0.0,0.0,0.0,0.0,1.0,0.0,0.0
8,6,0.0,0.0,0.0,0.0,0.0,0.0,1.0,0.0,0.0
8,6,0.0,0.0,0.0,0.0,0.0,0.0,1.0,0.0,0.0
8,6,0.0,0.0,0.0,0.0,0.0,0.0,1.0,0.0,0.0
8,6,0.0,0.0,0.0,0.0,0.0,0.0,1.0,0.0,0.0
8,6,0.0,0.0,0.0,0.0,0.0,0.0,1.0,0.0,0.0
8,6,0.0,0.0,0.0,0.0,0.0,0.0,1.0,0.0,0.0
8,6,0.0,0.0,0.0,0.0,0.0,0.0,1.0,0.0,0.0
8,6,0.0,0.0,0.0,0.0,0.0,0.0,1.0,0.0,0.0
8,6,0.0,0.0,0.0,0.0,0.0,0.0,1.0,0.0,0.0
8,6,0.0,0.0,0.0,0.0,0.0,0.0,1.0,0.0,0.0
8,6,0.0,0.0,0.0,0.0,0.0,0.0,1.0,0.0,0.0
8,6,0.0,0.0,0.0,0.0,0.0,0.0,1.0,0.0,0.0
8,6,0.0,0.0,0.0,0.0,0.0,0.0,1.0,0.0,0.0
8,6,0.0,0.0,0.0,0.0,0.0,0.0,1.0,0.0,0.0
8,6,0.0,0.0,0.0,0.0,0.0,0.0,1.0,0.0,0.0
8,6,0.0,0.0,0.0,0.0,0.0,0.0,1.0,0.0,0.0
8,6,0.0,0.0,0.0,0.0,0.0,0.0,1.0,0.0,0.0
8,6,0.0,0.0,0.0,0.0,0.0,0.0,1.0,0.0,0.0
8,6,0.0,0.0,0.0,0.0,0.0,0.0,1.0,0.0,0.0
8,6,0.0,0.0,0.0,0.0,0.0,0.0,1.0,0.0,0.0
8,6,0.0,0.0,0.0,0.0,0.0,0.0,1.0,0.0,0.0
8,6,0.0,0.0,0.0,0.0,0.0,0.0,1.0,0.0,0.0
8,6,0.0,0.0,0.0,0.0,0.0,0.0,1.0,0.0,0.0
8,6,0.0,0.0,0.0,0.0,0.0,0.0,1.0,0.0,0.0
8,6,0.0,0.0,0.0,0.0,0.0,0.0,1.0,0.0,0.0
8,6,0.0,0.0,0.0,0.0,0.0,0.0,1.0,0.0,0.0
8,6,0.0,0.0,0.0,0.0,0.0,0.0,1.0,0.0,0.0
8,6,0.0,0.0,0.0,0.0,0.0,0.0,1.0,0.0,0.0
8,6,0.0,0.0,0.0,0.0,0.0,0.0,1.0,0.0,0.0
8,6,0.0,0.0,0.0,0.0,0.0,0.0,1.0,0.0,0.0
8,6,0.0,0.0,0.0,0.0,0.0,0.0,1.0,0.0,0.0
8,6,0.0,0.0,0.0,0.0,0.0,0.0,1.0,0.0,0.0
8,6,0.0,0.0,0.0,0.0,0.0,0.0,1.0,0.0,0.0
8,6,0.0,0.0,0.0,0.0,0.0,0.0,1.0,0.0,0.0
8,6,0.0,0.0,0.0,0.0,0.0,0.0,1.0,0.0,0.0
8,6,0.0,0.0,0.0,0.0,0.0,0.0,1.0,0.0,0.0
8,6,0.0,0.0,0.0,0.0,0.0,0.0,1.0,0.0,0.0
8,6,0.0,0.0,0.0,0.0,0.0,0.0,1.0,0.0,0.0
8,6,0.0,0.0,0.0,0.0,0.0,0.0,1.0,0.0,0.0
8,6,0.0,0.0,0.0,0.0,0.0,0.0,1.0,0.0,0.0
8,6,0.0,0.0,0.0,0.0,0.0,0.0,1.0,0.0,0.0
8,6,0.0,0.0,0.0,0.0,0.0,0.0,1.0,0.0,0.0
8,6,0.0,0.0,0.0,0.0,0.0,0.0,1.0,0.0,0.0
8,6,0.0,0.0,0.0,0.0,0.0,0.0,1.0,0.0,0.0
8,6,0.0,0.0,0.0,0.0,0.0,0.0,1.0,0.0,0.0
8,6,0.0,0.0,0.0,0.0,0.0,0.0,1.0,0.0,0.0
8,6,0.0,0.0,0.0,0.0,0.0,0.0,1.0,0.0,0.0
8,6,0.0,0.0,0.0,0.0,0.0,0.0,1.0,0.0,0.0
8,6,0.0,0.0,0.0,0.0,0.0,0.0,1.0,0.0,0.0
8,6,0.0,0.0,0.0,0.0,0.0,0.0,1.0,0.0,0.0
8,6,0.0,0.0,0.0,0.0,0.0,0.0,1.0,0.0,0.0
8,6,0.0,0.0,0.0,0.0,0.0,0.0,1.0,0.0,0.0
8,6,0.0,0.0,0.0,0.0,0.0,0.0,1.0,0.0,0.0
8,6,0.0,0.0,0.0,0.0,0.0,0.0,1.0,0.0,0.0
8,6,0.0,0.0,0.0,0.0,0.0,0.0,1.0,0.0,0.0
8,6,0.0,0.0,0.0,0.0,0.0,0.0,1.0,0.0,0.0
8,6,0.0,0.0,0.0,0.0,0.0,0.0,1.0,0.0,0.0
8,6,0.0,0.0,0.0,0.0,0.0,0.0,1.0,0.0,0.0
8,6,0.0,0.0,0.0,0.0,0.0,0.0,1.0,0.0,0.0
8,6,0.0,0.0,0.0,0.0,0.0,0.0,1.0,0.0,0.0
8,6,0.0,0.0,0.0,0.0,0.0,0.0,1.0,0.0,0.0
8,6,0.0,0.0,0.0,0.0,0.0,0.0,1.0,0.0,0.0
8,6,0.0,0.0,0.0,0.0,0.0,0.0,1.0,0.0,0.0
8,6,0.0,0.0,0.0,0.0,0.0,0.0,1.0,0.0,0.0
8,6,0.0,0.0,0.0,0.0,0.0,0.0,1.0,0.0,0.0
8,6,0.0,0.0,0.0,0.0,0.0,0.0,1.0,0.0,0.0
8,6,0.0,0.0,0.0,0.0,0.0,0.0,1.0,0.0,0.0
8,6,0.0,0.0,0.0,0.0,0.0,0.0,1.0,0.0,0.0
8,6,0.0,0.0,0.0,0.0,0.0,0.0,1.0,0.0,0.0
8,6,0.0,0.0,0.0,0.0,0.0,0.0,1.0,0.0,0.0
8,6,0.0,0.0,0.0,0.0,0.0,0.0,1.0,0.0,0.0
8,6,0.0,0.0,0.0,0.0,0.0,0.0,1.0,0.0,0.0
8,6,0.0,0.0,0.0,0.0,0.0,0.0,1.0,0.0,0.0
8,6,0.0,0.0,0.0,0.0,0.0,0.0,1.0,0.0,0.0
8,6,0.0,0.0,0.0,0.0,0.0,0.0,1.0,0.0,0.0
8,6,0.0,0.0,0.0,0.0,0.0,0.0,1.0,0.0,0.0
8,6,0.0,0.0,0.0,0.0,0.0,0.0,1.0,0.0,0.0
8,6,0.0,0.0,0.0,0.0,0.0,0.0,1.0,0.0,0.0
8,6,0.0,0.0,0.0,0.0,0.0,0.0,1.0,0.0,0.0
8,6,0.0,0.0,0.0,0.0,0.0,0.0,1.0,0.0,0.0
8,6,0.0,0.0,0.0,0.0,0.0,0.0,1.0,0.0,0.0
8,6,0.0,0.0,0.0,0.0,0.0,0.0,1.0,0.0,0.0
8,6,0.0,0.0,0.0,0.0,0.0,0.0,1.0,0.0,0.0
8,6,0.0,0.0,0.0,0.0,0.0,0.0,1.0,0.0,0.0
8,6,0.0,0.0,0.0,0.0,0.0,0.0,1.0,0.0,0.0
8,6,0.0,0.0,0.0,0.0,0.0,0.0,1.0,0.0,0.0
8,6,0.0,0.0,0.0,0.0,0.0,0.0,1.0,0.0,0.0
8,6,0.0,0.0,0.0,0.0,0.0,0.0,1.0,0.0,0.0
8,6,0.0,0.0,0.0,0.0,0.0,0.0,1.0,0.0,0.0
8,6,0.0,0.0,0.0,0.0,0.0,0.0,1.0,0.0,0.0
8,6,0.0,0.0,0.0,0.0,0.0,0.0,1.0,0.0,0.0
8,6,0.0,0.0,0.0,0.0,0.0,0.0,1.0,0.0,0.0
8,6,0.0,0.0,0.0,0.0,0.0,0.0,1.0,0.0,0.0
8,6,0.0,0.0,0.0,0.0,0.0,0.0,1.0,0.0,0.0
8,6,0.0,0.0,0.0,0.0,0.0,0.0,1.0,0.0,0.0
8,6,0.0,0.0,0.0,0.0,0.0,0.0,1.0,0.0,0.0
8,6,0.0,0.0,0.0,0.0,0.0,0.0,1.0,0.0,0.0
8,6,0.0,0.0,0.0,0.0,0.0,0.0,1.0,0.0,0.0
8,6,0.0,0.0,0.0,0.0,0.0,0.0,1.0,0.0,0.0
8,6,0.0,0.0,0.0,0.0,0.0,0.0,1.0,0.0,0.0
8,6,0.0,0.0,0.0,0.0,0.0,0.0,1.0,0.0,0.0
8,6,0.0,0.0,0.0,0.0,0.0,0.0,1.0,0.0,0.0
8,6,0.0,0.0,0.0,0.0,0.0,0.0,1.0,0.0,0.0
8,6,0.0,0.0,0.0,0.0,0.0,0.0,1.0,0.0,0.0
8,6,0.0,0.0,0.0,0.0,0.0,0.0,1.0,0.0,0.0
8,6,0.0,0.0,0.0,0.0,0.0,0.0,1.0,0.0,0.0
8,6,0.0,0.0,0.0,0.0,0.0,0.0,1.0,0.0,0.0
8,6,0.0,0.0,0.0,0.0,0.0,0.0,1.0,0.0,0.0
8,6,0.0,0.0,0.0,0.0,0.0,0.0,1.0,0.0,0.0
8,6,0.0,0.0,0.0,0.0,0.0,0.0,1.0,0.0,0.0
8,6,0.0,0.0,0.0,0.0,0.0,0.0,1.0,0.0,0.0
8,6,0.0,0.0,0.0,0.0,0.0,0.0,1.0,0.0,0.0
8,6,0.0,0.0,0.0,0.0,0.0,0.0,1.0,0.0,0.0
8,6,0.0,0.0,0.0,0.0,0.0,0.0,1.0,0.0,0.0
8,6,0.0,0.0,0.0,0.0,0.0,0.0,1.0,0.0,0.0
8,6,0.0,0.0,0.0,0.0,0.0,0.0,1.0,0.0,0.0
8,6,0.0,0.0,0.0,0.0,0.0,0.0,1.0,0.0,0.0
8,6,0.0,0.0,0.0,0.0,0.0,0.0,1.0,0.0,0.0
8,6,0.0,0.0,0.0,0.0,0.0,0.0,1.0,0.0,0.0
8,6,0.0,0.0,0.0,0.0,0.0,0.0,1.0,0.0,0.0
8,6,0.0,0.0,0.0,0.0,0.0,0.0,1.0,0.0,0.0
8,6,0.0,0.0,0.0,0.0,0.0,0.0,1.0,0.0,0.0
8,6,0.0,0.0,0.0,0.0,0.0,0.0,1.0,0.0,0.0
8,6,0.0,0.0,0.0,0.0,0.0,0.0,1.0,0.0,0.0
8,6,0.0,0.0,0.0,0.0,0.0,0.0,1.0,0.0,0.0
8,6,0.0,0.0,0.0,0.0,0.0,0.0,1.0,0.0,0.0
8,6,0.0,0.0,0.0,0.0,0.0,0.0,1.0,0.0,0.0
8,6,0.0,0.0,0.0,0.0,0.0,0.0,1.0,0.0,0.0
8,6,0.0,0.0,0.0,0.0,0.0,0.0,1.0,0.0,0.0
8,6,0.0,0.0,0.0,0.0,0.0,0.0,1.0,0.0,0.0
8,6,0.0,0.0,0.0,0.0,0.0,0.0,1.0,0.0,0.0
8,6,0.0,0.0,0.0,0.0,0.0,0.0,1.0,0.0,0.0
8,6,0.0,0.0,0.0,0.0,0.0,0.0,1.0,0.0,0.0
8,6,0.0,0.0,0.0,0.0,0.0,0.0,1.0,0.0,0.0
8,6,0.0,0.0,0.0,0.0,0.0,0.0,1.0,0.0,0.0
8,6,0.0,0.0,0.0,0.0,0.0,0.0,1.0,0.0,0.0
8,6,0.0,0.0,0.0,0.0,0.0,0.0,1.0,0.0,0.0
8,6,0.0,0.0,0.0,0.0,0.0,0.0,1.0,0.0,0.0
8,6,0.0,0.0,0.0,0.0,0.0,0.0,1.0,0.0,0.0
8,6,0.0,0.0,0.0,0.0,0.0,0.0,1.0,0.0,0.0
8,6,0.0,0.0,0.0,0.0,0.0,0.0,1.0,0.0,0.0
8,6,0.0,0.0,0.0,0.0,0.0,0.0,1.0,0.0,0.0
8,6,0.0,0.0,0.0,0.0,0.0,0.0,1.0,0.0,0.0
8,6,0.0,0.0,0.0,0.0,0.0,0.0,1.0,0.0,0.0
8,6,0.0,0.0,0.0,0.0,0.0,0.0,1.0,0.0,0.0
8,6,0.0,0.0,0.0,0.0,0.0,0.0,1.0,0.0,0.0
8,6,0.0,0.0,0.0,0.0,0.0,0.0,1.0,0.0,0.0
8,6,0.0,0.0,0.0,0.0,0.0,0.0,1.0,0.0,0.0
8,6,0.0,0.0,0.0,0.0,0.0,0.0,1.0,0.0,0.0
8,6,0.0,0.0,0.0,0.0,0.0,0.0,1.0,0.0,0.0
8,6,0.0,0.0,0.0,0.0,0.0,0.0,1.0,0.0,0.0
8,6,0.0,0.0,0.0,0.0,0.0,0.0,1.0,0.0,0.0
8,6,0.0,0.0,0.0,0.0,0.0,0.0,1.0,0.0,0.0
8,6,0.0,0.0,0.0,0.0,0.0,0.0,1.0,0.0,0.0
8,6,0.0,0.0,0.0,0.0,0.0,0.0,1.0,0.0,0.0
8,6,0.0,0.0,0.0,0.0,0.0,0.0,1.0,0.0,0.0
8,6,0.0,0.0,0.0,0.0,0.0,0.0,1.0,0.0,0.0
8,6,0.0,0.0,0.0,0.0,0.0,0.0,1.0,0.0,0.0
8,6,0.0,0.0,0.0,0.0,0.0,0.0,1.0,0.0,0.0
8,6,0.0,0.0,0.0,0.0,0.0,0.0,1.0,0.0,0.0
8,6,0.0,0.0,0.0,0.0,0.0,0.0,1.0,0.0,0.0
8,6,0.0,0.0,0.0,0.0,0.0,0.0,1.0,0.0,0.0
8,6,0.0,0.0,0.0,0.0,0.0,0.0,1.0,0.0,0.0
8,6,0.0,0.0,0.0,0.0,0.0,0.0,1.0,0.0,0.0
8,6,0.0,0.0,0.0,0.0,0.0,0.0,1.0,0.0,0.0
8,6,0.0,0.0,0.0,0.0,0.0,0.0,1.0,0.0,0.0
8,6,0.0,0.0,0.0,0.0,0.0,0.0,1.0,0.0,0.0
8,6,0.0,0.0,0.0,0.0,0.0,0.0,1.0,0.0,0.0
8,6,0.0,0.0,0.0,0.0,0.0,0.0,1.0,0.0,0.0
8,6,0.0,0.0,0.0,0.0,0.0,0.0,1.0,0.0,0.0
8,6,0.0,0.0,0.0,0.0,0.0,0.0,1.0,0.0,0.0
8,6,0.0,0.0,0.0,0.0,0.0,0.0,1.0,0.0,0.0
8,6,0.0,0.0,0.0,0.0,0.0,0.0,1.0,0.0,0.0
8,6,0.0,0.0,0.0,0.0,0.0,0.0,1.0,0.0,0.0
8,6,0.0,0.0,0.0,0.0,0.0,0.0,1.0,0.0,0.0
8,6,0.0,0.0,0.0,0.0,0.0,0.0,1.0,0.0,0.0
8,6,0.0,0.0,0.0,0.0,0.0,0.0,1.0,0.0,0.0
8,6,0.0,0.0,0.0,0.0,0.0,0.0,1.0,0.0,0.0
8,6,0.0,0.0,0.0,0.0,0.0,0.0,1.0,0.0,0.0
8,6,0.0,0.0,0.0,0.0,0.0,0.0,1.0,0.0,0.0
8,6,0.0,0.0,0.0,0.0,0.0,0.0,1.0,0.0,0.0
8,6,0.0,0.0,0.0,0.0,0.0,0.0,1.0,0.0,0.0
8,6,0.0,0.0,0.0,0.0,0.0,0.0,1.0,0.0,0.0
8,6,0.0,0.0,0.0,0.0,0.0,0.0,1.0,0.0,0.0
8,6,0.0,0.0,0.0,0.0,0.0,0.0,1.0,0.0,0.0
8,6,0.0,0.0,0.0,0.0,0.0,0.0,1.0,0.0,0.0
8,6,0.0,0.0,0.0,0.0,0.0,0.0,1.0,0.0,0.0
8,6,0.0,0.0,0.0,0.0,0.0,0.0,1.0,0.0,0.0
8,6,0.0,0.0,0.0,0.0,0.0,0.0,1.0,0.0,0.0
8,6,0.0,0.0,0.0,0.0,0.0,0.0,1.0,0.0,0.0
8,6,0.0,0.0,0.0,0.0,0.0,0.0,1.0,0.0,0.0
8,6,0.0,0.0,0.0,0.0,0.0,0.0,1.0,0.0,0.0
8,6,0.0,0.0,0.0,0.0,0.0,0.0,1.0,0.0,0.0
8,6,0.0,0.0,0.0,0.0,0.0,0.0,1.0,0.0,0.0
8,6,0.0,0.0,0.0,0.0,0.0,0.0,1.0,0.0,0.0
8,6,0.0,0.0,0.0,0.0,0.0,0.0,1.0,0.0,0.0
8,6,0.0,0.0,0.0,0.0,0.0,0.0,1.0,0.0,0.0
8,6,0.0,0.0,0.0,0.0,0.0,0.0,1.0,0.0,0.0
8,6,0.0,0.0,0.0,0.0,0.0,0.0,1.0,0.0,0.0
8,6,0.0,0.0,0.0,0.0,0.0,0.0,1.0,0.0,0.0
8,6,0.0,0.0,0.0,0.0,0.0,0.0,1.0,0.0,0.0
8,6,0.0,0.0,0.0,0.0,0.0,0.0,1.0,0.0,0.0
8,6,0.0,0.0,0.0,0.0,0.0,0.0,1.0,0.0,0.0
8,6,0.0,0.0,0.0,0.0,0.0,0.0,1.0,0.0,0.0
8,6,0.0,0.0,0.0,0.0,0.0,0.0,1.0,0.0,0.0
8,6,0.0,0.0,0.0,0.0,0.0,0.0,1.0,0.0,0.0
8,6,0.0,0.0,0.0,0.0,0.0,0.0,1.0,0.0,0.0
8,6,0.0,0.0,0.0,0.0,0.0,0.0,1.0,0.0,0.0
8,6,0.0,0.0,0.0,0.0,0.0,0.0,1.0,0.0,0.0
8,6,0.0,0.0,0.0,0.0,0.0,0.0,1.0,0.0,0.0
8,6,0.0,0.0,0.0,0.0,0.0,0.0,1.0,0.0,0.0
8,6,0.0,0.0,0.0,0.0,0.0,0.0,1.0,0.0,0.0
8,6,0.0,0.0,0.0,0.0,0.0,0.0,1.0,0.0,0.0
8,6,0.0,0.0,0.0,0.0,0.0,0.0,1.0,0.0,0.0
8,6,0.0,0.0,0.0,0.0,0.0,0.0,1.0,0.0,0.0
8,6,0.0,0.0,0.0,0.0,0.0,0.0,1.0,0.0,0.0
8,6,0.0,0.0,0.0,0.0,0.0,0.0,1.0,0.0,0.0
8,6,0.0,0.0,0.0,0.0,0.0,0.0,1.0,0.0,0.0
8,6,0.0,0.0,0.0,0.0,0.0,0.0,1.0,0.0,0.0
8,6,0.0,0.0,0.0,0.0,0.0,0.0,1.0,0.0,0.0
8,6,0.0,0.0,0.0,0.0,0.0,0.0,1.0,0.0,0.0
8,6,0.0,0.0,0.0,0.0,0.0,0.0,1.0,0.0,0.0
8,6,0.0,0.0,0.0,0.0,0.0,0.0,1.0,0.0,0.0
8,6,0.0,0.0,0.0,0.0,0.0,0.0,1.0,0.0,0.0
8,6,0.0,0.0,0.0,0.0,0.0,0.0,1.0,0.0,0.0
8,6,0.0,0.0,0.0,0.0,0.0,0.0,1.0,0.0,0.0
8,6,0.0,0.0,0.0,0.0,0.0,0.0,1.0,0.0,0.0
8,6,0.0,0.0,0.0,0.0,0.0,0.0,1.0,0.0,0.0
8,6,0.0,0.0,0.0,0.0,0.0,0.0,1.0,0.0,0.0
8,6,0.0,0.0,0.0,0.0,0.0,0.0,1.0,0.0,0.0
8,6,0.0,0.0,0.0,0.0,0.0,0.0,1.0,0.0,0.0
8,6,0.0,0.0,0.0,0.0,0.0,0.0,1.0,0.0,0.0
8,6,0.0,0.0,0.0,0.0,0.0,0.0,1.0,0.0,0.0
8,6,0.0,0.0,0.0,0.0,0.0,0.0,1.0,0.0,0.0
8,6,0.0,0.0,0.0,0.0,0.0,0.0,1.0,0.0,0.0
8,6,0.0,0.0,0.0,0.0,0.0,0.0,1.0,0.0,0.0
8,6,0.0,0.0,0.0,0.0,0.0,0.0,1.0,0.0,0.0
8,6,0.0,0.0,0.0,0.0,0.0,0.0,1.0,0.0,0.0
8,6,0.0,0.0,0.0,0.0,0.0,0.0,1.0,0.0,0.0
8,6,0.0,0.0,0.0,0.0,0.0,0.0,1.0,0.0,0.0
8,6,0.0,0.0,0.0,0.0,0.0,0.0,1.0,0.0,0.0
8,6,0.0,0.0,0.0,0.0,0.0,0.0,1.0,0.0,0.0
8,6,0.0,0.0,0.0,0.0,0.0,0.0,1.0,0.0,0.0
8,6,0.0,0.0,0.0,0.0,0.0,0.0,1.0,0.0,0.0
8,6,0.0,0.0,0.0,0.0,0.0,0.0,1.0,0.0,0.0
8,6,0.0,0.0,0.0,0.0,0.0,0.0,1.0,0.0,0.0
8,6,0.0,0.0,0.0,0.0,0.0,0.0,1.0,0.0,0.0
8,6,0.0,0.0,0.0,0.0,0.0,0.0,1.0,0.0,0.0
8,6,0.0,0.0,0.0,0.0,0.0,0.0,1.0,0.0,0.0
8,6,0.0,0.0,0.0,0.0,0.0,0.0,1.0,0.0,0.0
8,6,0.0,0.0,0.0,0.0,0.0,0.0,1.0,0.0,0.0
8,6,0.0,0.0,0.0,0.0,0.0,0.0,1.0,0.0,0.0
8,6,0.0,0.0,0.0,0.0,0.0,0.0,1.0,0.0,0.0
8,6,0.0,0.0,0.0,0.0,0.0,0.0,1.0,0.0,0.0
8,6,0.0,0.0,0.0,0.0,0.0,0.0,1.0,0.0,0.0
8,6,0.0,0.0,0.0,0.0,0.0,0.0,1.0,0.0,0.0
8,6,0.0,0.0,0.0,0.0,0.0,0.0,1.0,0.0,0.0
8,6,0.0,0.0,0.0,0.0,0.0,0.0,1.0,0.0,0.0
8,6,0.0,0.0,0.0,0.0,0.0,0.0,1.0,0.0,0.0
8,6,0.0,0.0,0.0,0.0,0.0,0.0,1.0,0.0,0.0
8,6,0.0,0.0,0.0,0.0,0.0,0.0,1.0,0.0,0.0
8,6,0.0,0.0,0.0,0.0,0.0,0.0,1.0,0.0,0.0
8,6,0.0,0.0,0.0,0.0,0.0,0.0,1.0,0.0,0.0
8,6,0.0,0.0,0.0,0.0,0.0,0.0,1.0,0.0,0.0
8,6,0.0,0.0,0.0,0.0,0.0,0.0,1.0,0.0,0.0
8,6,0.0,0.0,0.0,0.0,0.0,0.0,1.0,0.0,0.0
8,6,0.0,0.0,0.0,0.0,0.0,0.0,1.0,0.0,0.0
8,6,0.0,0.0,0.0,0.0,0.0,0.0,1.0,0.0,0.0
8,6,0.0,0.0,0.0,0.0,0.0,0.0,1.0,0.0,0.0
8,6,0.0,0.0,0.0,0.0,0.0,0.0,1.0,0.0,0.0
8,6,0.0,0.0,0.0,0.0,0.0,0.0,1.0,0.0,0.0
8,6,0.0,0.0,0.0,0.0,0.0,0.0,1.0,0.0,0.0
8,6,0.0,0.0,0.0,0.0,0.0,0.0,1.0,0.0,0.0
8,6,0.0,0.0,0.0,0.0,0.0,0.0,1.0,0.0,0.0
8,6,0.0,0.0,0.0,0.0,0.0,0.0,1.0,0.0,0.0
8,6,0.0,0.0,0.0,0.0,0.0,0.0,1.0,0.0,0.0
8,6,0.0,0.0,0.0,0.0,0.0,0.0,1.0,0.0,0.0
8,6,0.0,0.0,0.0,0.0,0.0,0.0,1.0,0.0,0.0
8,6,0.0,0.0,0.0,0.0,0.0,0.0,1.0,0.0,0.0
8,6,0.0,0.0,0.0,0.0,0.0,0.0,1.0,0.0,0.0
8,6,0.0,0.0,0.0,0.0,0.0,0.0,1.0,0.0,0.0
8,6,0.0,0.0,0.0,0.0,0.0,0.0,1.0,0.0,0.0
8,6,0.0,0.0,0.0,0.0,0.0,0.0,1.0,0.0,0.0
8,6,0.0,0.0,0.0,0.0,0.0,0.0,1.0,0.0,0.0
8,6,0.0,0.0,0.0,0.0,0.0,0.0,1.0,0.0,0.0
8,6,0.0,0.0,0.0,0.0,0.0,0.0,1.0,0.0,0.0
8,6,0.0,0.0,0.0,0.0,0.0,0.0,1.0,0.0,0.0
8,6,0.0,0.0,0.0,0.0,0.0,0.0,1.0,0.0,0.0
8,6,0.0,0.0,0.0,0.0,0.0,0.0,1.0,0.0,0.0
8,6,0.0,0.0,0.0,0.0,0.0,0.0,1.0,0.0,0.0
8,6,0.0,0.0,0.0,0.0,0.0,0.0,1.0,0.0,0.0
8,6,0.0,0.0,0.0,0.0,0.0,0.0,1.0,0.0,0.0
8,6,0.0,0.0,0.0,0.0,0.0,0.0,1.0,0.0,0.0
8,6,0.0,0.0,0.0,0.0,0.0,0.0,1.0,0.0,0.0
8,6,0.0,0.0,0.0,0.0,0.0,0.0,1.0,0.0,0.0
8,6,0.0,0.0,0.0,0.0,0.0,0.0,1.0,0.0,0.0
8,6,0.0,0.0,0.0,0.0,0.0,0.0,1.0,0.0,0.0
8,6,0.0,0.0,0.0,0.0,0.0,0.0,1.0,0.0,0.0
8,6,0.0,0.0,0.0,0.0,0.0,0.0,1.0,0.0,0.0
8,6,0.0,0.0,0.0,0.0,0.0,0.0,1.0,0.0,0.0
8,6,0.0,0.0,0.0,0.0,0.0,0.0,1.0,0.0,0.0
8,6,0.0,0.0,0.0,0.0,0.0,0.0,1.0,0.0,0.0
8,6,0.0,0.0,0.0,0.0,0.0,0.0,1.0,0.0,0.0
8,6,0.0,0.0,0.0,0.0,0.0,0.0,1.0,0.0,0.0
8,6,0.0,0.0,0.0,0.0,0.0,0.0,1.0,0.0,0.0
8,6,0.0,0.0,0.0,0.0,0.0,0.0,1.0,0.0,0.0
8,6,0.0,0.0,0.0,0.0,0.0,0.0,1.0,0.0,0.0
8,6,0.0,0.0,0.0,0.0,0.0,0.0,1.0,0.0,0.0
8,6,0.0,0.0,0.0,0.0,0.0,0.0,1.0,0.0,0.0
8,6,0.0,0.0,0.0,0.0,0.0,0.0,1.0,0.0,0.0
8,6,0.0,0.0,0.0,0.0,0.0,0.0,1.0,0.0,0.0
8,6,0.0,0.0,0.0,0.0,0.0,0.0,1.0,0.0,0.0
8,6,0.0,0.0,0.0,0.0,0.0,0.0,1.0,0.0,0.0
8,6,0.0,0.0,0.0,0.0,0.0,0.0,1.0,0.0,0.0
8,6,0.0,0.0,0.0,0.0,0.0,0.0,1.0,0.0,0.0
8,6,0.0,0.0,0.0,0.0,0.0,0.0,1.0,0.0,0.0
8,6,0.0,0.0,0.0,0.0,0.0,0.0,1.0,0.0,0.0
8,6,0.0,0.0,0.0,0.0,0.0,0.0,1.0,0.0,0.0
8,6,0.0,0.0,0.0,0.0,0.0,0.0,1.0,0.0,0.0
8,6,0.0,0.0,0.0,0.0,0.0,0.0,1.0,0.0,0.0
8,6,0.0,0.0,0.0,0.0,0.0,0.0,1.0,0.0,0.0
8,6,0.0,0.0,0.0,0.0,0.0,0.0,1.0,0.0,0.0
8,6,0.0,0.0,0.0,0.0,0.0,0.0,1.0,0.0,0.0
8,6,0.0,0.0,0.0,0.0,0.0,0.0,1.0,0.0,0.0
8,6,0.0,0.0,0.0,0.0,0.0,0.0,1.0,0.0,0.0
8,6,0.0,0.0,0.0,0.0,0.0,0.0,1.0,0.0,0.0
8,6,0.0,0.0,0.0,0.0,0.0,0.0,1.0,0.0,0.0
8,6,0.0,0.0,0.0,0.0,0.0,0.0,1.0,0.0,0.0
8,6,0.0,0.0,0.0,0.0,0.0,0.0,1.0,0.0,0.0
8,6,0.0,0.0,0.0,0.0,0.0,0.0,1.0,0.0,0.0
8,6,0.0,0.0,0.0,0.0,0.0,0.0,1.0,0.0,0.0
8,6,0.0,0.0,0.0,0.0,0.0,0.0,1.0,0.0,0.0
8,6,0.0,0.0,0.0,0.0,0.0,0.0,1.0,0.0,0.0
8,6,0.0,0.0,0.0,0.0,0.0,0.0,1.0,0.0,0.0
8,6,0.0,0.0,0.0,0.0,0.0,0.0,1.0,0.0,0.0
8,6,0.0,0.0,0.0,0.0,0.0,0.0,1.0,0.0,0.0
8,6,0.0,0.0,0.0,0.0,0.0,0.0,1.0,0.0,0.0
8,6,0.0,0.0,0.0,0.0,0.0,0.0,1.0,0.0,0.0
8,6,0.0,0.0,0.0,0.0,0.0,0.0,1.0,0.0,0.0
8,6,0.0,0.0,0.0,0.0,0.0,0.0,1.0,0.0,0.0
8,6,0.0,0.0,0.0,0.0,0.0,0.0,1.0,0.0,0.0
8,6,0.0,0.0,0.0,0.0,0.0,0.0,1.0,0.0,0.0
8,6,0.0,0.0,0.0,0.0,0.0,0.0,1.0,0.0,0.0
8,6,0.0,0.0,0.0,0.0,0.0,0.0,1.0,0.0,0.0
8,6,0.0,0.0,0.0,0.0,0.0,0.0,1.0,0.0,0.0
8,6,0.0,0.0,0.0,0.0,0.0,0.0,1.0,0.0,0.0
8,6,0.0,0.0,0.0,0.0,0.0,0.0,1.0,0.0,0.0
8,6,0.0,0.0,0.0,0.0,0.0,0.0,1.0,0.0,0.0
8,6,0.0,0.0,0.0,0.0,0.0,0.0,1.0,0.0,0.0
8,6,0.0,0.0,0.0,0.0,0.0,0.0,1.0,0.0,0.0
8,6,0.0,0.0,0.0,0.0,0.0,0.0,1.0,0.0,0.0
8,6,0.0,0.0,0.0,0.0,0.0,0.0,1.0,0.0,0.0
8,6,0.0,0.0,0.0,0.0,0.0,0.0,1.0,0.0,0.0
8,6,0.0,0.0,0.0,0.0,0.0,0.0,1.0,0.0,0.0
8,6,0.0,0.0,0.0,0.0,0.0,0.0,1.0,0.0,0.0
8,6,0.0,0.0,0.0,0.0,0.0,0.0,1.0,0.0,0.0
8,6,0.0,0.0,0.0,0.0,0.0,0.0,1.0,0.0,0.0
8,6,0.0,0.0,0.0,0.0,0.0,0.0,1.0,0.0,0.0
8,6,0.0,0.0,0.0,0.0,0.0,0.0,1.0,0.0,0.0
8,6,0.0,0.0,0.0,0.0,0.0,0.0,1.0,0.0,0.0
8,6,0.0,0.0,0.0,0.0,0.0,0.0,1.0,0.0,0.0
8,6,0.0,0.0,0.0,0.0,0.0,0.0,1.0,0.0,0.0
8,6,0.0,0.0,0.0,0.0,0.0,0.0,1.0,0.0,0.0
8,6,0.0,0.0,0.0,0.0,0.0,0.0,1.0,0.0,0.0
8,6,0.0,0.0,0.0,0.0,0.0,0.0,1.0,0.0,0.0
8,6,0.0,0.0,0.0,0.0,0.0,0.0,1.0,0.0,0.0
8,6,0.0,0.0,0.0,0.0,0.0,0.0,1.0,0.0,0.0
8,6,0.0,0.0,0.0,0.0,0.0,0.0,1.0,0.0,0.0
8,6,0.0,0.0,0.0,0.0,0.0,0.0,1.0,0.0,0.0
8,6,0.0,0.0,0.0,0.0,0.0,0.0,1.0,0.0,0.0
8,6,0.0,0.0,0.0,0.0,0.0,0.0,1.0,0.0,0.0
8,6,0.0,0.0,0.0,0.0,0.0,0.0,1.0,0.0,0.0
8,6,0.0,0.0,0.0,0.0,0.0,0.0,1.0,0.0,0.0
8,6,0.0,0.0,0.0,0.0,0.0,0.0,1.0,0.0,0.0
8,6,0.0,0.0,0.0,0.0,0.0,0.0,1.0,0.0,0.0
8,6,0.0,0.0,0.0,0.0,0.0,0.0,1.0,0.0,0.0
8,6,0.0,0.0,0.0,0.0,0.0,0.0,1.0,0.0,0.0
8,6,0.0,0.0,0.0,0.0,0.0,0.0,1.0,0.0,0.0
8,6,0.0,0.0,0.0,0.0,0.0,0.0,1.0,0.0,0.0
8,6,0.0,0.0,0.0,0.0,0.0,0.0,1.0,0.0,0.0
8,6,0.0,0.0,0.0,0.0,0.0,0.0,1.0,0.0,0.0
8,6,0.0,0.0,0.0,0.0,0.0,0.0,1.0,0.0,0.0
8,6,0.0,0.0,0.0,0.0,0.0,0.0,1.0,0.0,0.0
8,6,0.0,0.0,0.0,0.0,0.0,0.0,1.0,0.0,0.0
8,6,0.0,0.0,0.0,0.0,0.0,0.0,1.0,0.0,0.0
8,6,0.0,0.0,0.0,0.0,0.0,0.0,1.0,0.0,0.0
8,6,0.0,0.0,0.0,0.0,0.0,0.0,1.0,0.0,0.0
8,6,0.0,0.0,0.0,0.0,0.0,0.0,1.0,0.0,0.0
8,6,0.0,0.0,0.0,0.0,0.0,0.0,1.0,0.0,0.0
8,6,0.0,0.0,0.0,0.0,0.0,0.0,1.0,0.0,0.0
8,6,0.0,0.0,0.0,0.0,0.0,0.0,1.0,0.0,0.0
8,6,0.0,0.0,0.0,0.0,0.0,0.0,1.0,0.0,0.0
8,6,0.0,0.0,0.0,0.0,0.0,0.0,1.0,0.0,0.0
8,6,0.0,0.0,0.0,0.0,0.0,0.0,1.0,0.0,0.0
8,6,0.0,0.0,0.0,0.0,0.0,0.0,1.0,0.0,0.0
8,6,0.0,0.0,0.0,0.0,0.0,0.0,1.0,0.0,0.0
8,6,0.0,0.0,0.0,0.0,0.0,0.0,1.0,0.0,0.0
8,6,0.0,0.0,0.0,0.0,0.0,0.0,1.0,0.0,0.0
8,6,0.0,0.0,0.0,0.0,0.0,0.0,1.0,0.0,0.0
8,6,0.0,0.0,0.0,0.0,0.0,0.0,1.0,0.0,0.0
8,6,0.0,0.0,0.0,0.0,0.0,0.0,1.0,0.0,0.0
8,6,0.0,0.0,0.0,0.0,0.0,0.0,1.0,0.0,0.0
8,6,0.0,0.0,0.0,0.0,0.0,0.0,1.0,0.0,0.0
8,6,0.0,0.0,0.0,0.0,0.0,0.0,1.0,0.0,0.0
8,6,0.0,0.0,0.0,0.0,0.0,0.0,1.0,0.0,0.0
8,6,0.0,0.0,0.0,0.0,0.0,0.0,1.0,0.0,0.0
8,6,0.0,0.0,0.0,0.0,0.0,0.0,1.0,0.0,0.0
8,6,0.0,0.0,0.0,0.0,0.0,0.0,1.0,0.0,0.0
8,6,0.0,0.0,0.0,0.0,0.0,0.0,1.0,0.0,0.0
8,6,0.0,0.0,0.0,0.0,0.0,0.0,1.0,0.0,0.0
8,6,0.0,0.0,0.0,0.0,0.0,0.0,1.0,0.0,0.0
8,6,0.0,0.0,0.0,0.0,0.0,0.0,1.0,0.0,0.0
8,6,0.0,0.0,0.0,0.0,0.0,0.0,1.0,0.0,0.0
8,6,0.0,0.0,0.0,0.0,0.0,0.0,1.0,0.0,0.0
8,6,0.0,0.0,0.0,0.0,0.0,0.0,1.0,0.0,0.0
8,6,0.0,0.0,0.0,0.0,0.0,0.0,1.0,0.0,0.0
8,6,0.0,0.0,0.0,0.0,0.0,0.0,1.0,0.0,0.0
8,6,0.0,0.0,0.0,0.0,0.0,0.0,1.0,0.0,0.0
8,6,0.0,0.0,0.0,0.0,0.0,0.0,1.0,0.0,0.0
8,6,0.0,0.0,0.0,0.0,0.0,0.0,1.0,0.0,0.0
8,6,0.0,0.0,0.0,0.0,0.0,0.0,1.0,0.0,0.0
8,6,0.0,0.0,0.0,0.0,0.0,0.0,1.0,0.0,0.0
8,6,0.0,0.0,0.0,0.0,0.0,0.0,1.0,0.0,0.0
8,6,0.0,0.0,0.0,0.0,0.0,0.0,1.0,0.0,0.0
8,6,0.0,0.0,0.0,0.0,0.0,0.0,1.0,0.0,0.0
8,6,0.0,0.0,0.0,0.0,0.0,0.0,1.0,0.0,0.0
8,6,0.0,0.0,0.0,0.0,0.0,0.0,1.0,0.0,0.0
8,6,0.0,0.0,0.0,0.0,0.0,0.0,1.0,0.0,0.0
8,6,0.0,0.0,0.0,0.0,0.0,0.0,1.0,0.0,0.0
8,6,0.0,0.0,0.0,0.0,0.0,0.0,1.0,0.0,0.0
8,6,0.0,0.0,0.0,0.0,0.0,0.0,1.0,0.0,0.0
8,6,0.0,0.0,0.0,0.0,0.0,0.0,1.0,0.0,0.0
8,6,0.0,0.0,0.0,0.0,0.0,0.0,1.0,0.0,0.0
8,6,0.0,0.0,0.0,0.0,0.0,0.0,1.0,0.0,0.0
8,6,0.0,0.0,0.0,0.0,0.0,0.0,1.0,0.0,0.0
8,6,0.0,0.0,0.0,0.0,0.0,0.0,1.0,0.0,0.0
8,6,0.0,0.0,0.0,0.0,0.0,0.0,1.0,0.0,0.0
8,6,0.0,0.0,0.0,0.0,0.0,0.0,1.0,0.0,0.0
8,6,0.0,0.0,0.0,0.0,0.0,0.0,1.0,0.0,0.0
8,6,0.0,0.0,0.0,0.0,0.0,0.0,1.0,0.0,0.0
8,6,0.0,0.0,0.0,0.0,0.0,0.0,1.0,0.0,0.0
8,6,0.0,0.0,0.0,0.0,0.0,0.0,1.0,0.0,0.0
8,6,0.0,0.0,0.0,0.0,0.0,0.0,1.0,0.0,0.0
8,6,0.0,0.0,0.0,0.0,0.0,0.0,1.0,0.0,0.0
8,6,0.0,0.0,0.0,0.0,0.0,0.0,1.0,0.0,0.0
8,6,0.0,0.0,0.0,0.0,0.0,0.0,1.0,0.0,0.0
8,6,0.0,0.0,0.0,0.0,0.0,0.0,1.0,0.0,0.0
8,6,0.0,0.0,0.0,0.0,0.0,0.0,1.0,0.0,0.0
8,6,0.0,0.0,0.0,0.0,0.0,0.0,1.0,0.0,0.0
8,6,0.0,0.0,0.0,0.0,0.0,0.0,1.0,0.0,0.0
8,6,0.0,0.0,0.0,0.0,0.0,0.0,1.0,0.0,0.0
8,6,0.0,0.0,0.0,0.0,0.0,0.0,1.0,0.0,0.0
8,6,0.0,0.0,0.0,0.0,0.0,0.0,1.0,0.0,0.0
8,6,0.0,0.0,0.0,0.0,0.0,0.0,1.0,0.0,0.0
8,6,0.0,0.0,0.0,0.0,0.0,0.0,1.0,0.0,0.0
8,6,0.0,0.0,0.0,0.0,0.0,0.0,1.0,0.0,0.0
8,6,0.0,0.0,0.0,0.0,0.0,0.0,1.0,0.0,0.0
8,6,0.0,0.0,0.0,0.0,0.0,0.0,1.0,0.0,0.0
8,6,0.0,0.0,0.0,0.0,0.0,0.0,1.0,0.0,0.0
8,6,0.0,0.0,0.0,0.0,0.0,0.0,1.0,0.0,0.0
8,6,0.0,0.0,0.0,0.0,0.0,0.0,1.0,0.0,0.0
8,6,0.0,0.0,0.0,0.0,0.0,0.0,1.0,0.0,0.0
8,6,0.0,0.0,0.0,0.0,0.0,0.0,1.0,0.0,0.0
8,6,0.0,0.0,0.0,0.0,0.0,0.0,1.0,0.0,0.0
8,6,0.0,0.0,0.0,0.0,0.0,0.0,1.0,0.0,0.0
8,6,0.0,0.0,0.0,0.0,0.0,0.0,1.0,0.0,0.0
8,6,0.0,0.0,0.0,0.0,0.0,0.0,1.0,0.0,0.0
8,6,0.0,0.0,0.0,0.0,0.0,0.0,1.0,0.0,0.0
8,6,0.0,0.0,0.0,0.0,0.0,0.0,1.0,0.0,0.0
8,6,0.0,0.0,0.0,0.0,0.0,0.0,1.0,0.0,0.0
8,6,0.0,0.0,0.0,0.0,0.0,0.0,1.0,0.0,0.0
8,6,0.0,0.0,0.0,0.0,0.0,0.0,1.0,0.0,0.0
8,6,0.0,0.0,0.0,0.0,0.0,0.0,1.0,0.0,0.0
8,6,0.0,0.0,0.0,0.0,0.0,0.0,1.0,0.0,0.0
8,6,0.0,0.0,0.0,0.0,0.0,0.0,1.0,0.0,0.0
8,6,0.0,0.0,0.0,0.0,0.0,0.0,1.0,0.0,0.0
8,6,0.0,0.0,0.0,0.0,0.0,0.0,1.0,0.0,0.0
8,6,0.0,0.0,0.0,0.0,0.0,0.0,1.0,0.0,0.0
8,6,0.0,0.0,0.0,0.0,0.0,0.0,1.0,0.0,0.0
8,6,0.0,0.0,0.0,0.0,0.0,0.0,1.0,0.0,0.0
8,6,0.0,0.0,0.0,0.0,0.0,0.0,1.0,0.0,0.0
8,6,0.0,0.0,0.0,0.0,0.0,0.0,1.0,0.0,0.0
8,6,0.0,0.0,0.0,0.0,0.0,0.0,1.0,0.0,0.0
8,6,0.0,0.0,0.0,0.0,0.0,0.0,1.0,0.0,0.0
8,6,0.0,0.0,0.0,0.0,0.0,0.0,1.0,0.0,0.0
8,6,0.0,0.0,0.0,0.0,0.0,0.0,1.0,0.0,0.0
8,6,0.0,0.0,0.0,0.0,0.0,0.0,1.0,0.0,0.0
8,6,0.0,0.0,0.0,0.0,0.0,0.0,1.0,0.0,0.0
8,6,0.0,0.0,0.0,0.0,0.0,0.0,1.0,0.0,0.0
8,6,0.0,0.0,0.0,0.0,0.0,0.0,1.0,0.0,0.0
8,6,0.0,0.0,0.0,0.0,0.0,0.0,1.0,0.0,0.0
8,6,0.0,0.0,0.0,0.0,0.0,0.0,1.0,0.0,0.0
8,6,0.0,0.0,0.0,0.0,0.0,0.0,1.0,0.0,0.0
8,6,0.0,0.0,0.0,0.0,0.0,0.0,1.0,0.0,0.0
8,6,0.0,0.0,0.0,0.0,0.0,0.0,1.0,0.0,0.0
8,6,0.0,0.0,0.0,0.0,0.0,0.0,1.0,0.0,0.0
8,6,0.0,0.0,0.0,0.0,0.0,0.0,1.0,0.0,0.0
8,6,0.0,0.0,0.0,0.0,0.0,0.0,1.0,0.0,0.0
8,6,0.0,0.0,0.0,0.0,0.0,0.0,1.0,0.0,0.0
8,6,0.0,0.0,0.0,0.0,0.0,0.0,1.0,0.0,0.0
8,6,0.0,0.0,0.0,0.0,0.0,0.0,1.0,0.0,0.0
8,6,0.0,0.0,0.0,0.0,0.0,0.0,1.0,0.0,0.0
8,6,0.0,0.0,0.0,0.0,0.0,0.0,1.0,0.0,0.0
8,6,0.0,0.0,0.0,0.0,0.0,0.0,1.0,0.0,0.0
8,6,0.0,0.0,0.0,0.0,0.0,0.0,1.0,0.0,0.0
8,6,0.0,0.0,0.0,0.0,0.0,0.0,1.0,0.0,0.0
8,6,0.0,0.0,0.0,0.0,0.0,0.0,1.0,0.0,0.0
8,6,0.0,0.0,0.0,0.0,0.0,0.0,1.0,0.0,0.0
8,6,0.0,0.0,0.0,0.0,0.0,0.0,1.0,0.0,0.0
8,6,0.0,0.0,0.0,0.0,0.0,0.0,1.0,0.0,0.0
8,6,0.0,0.0,0.0,0.0,0.0,0.0,1.0,0.0,0.0
8,6,0.0,0.0,0.0,0.0,0.0,0.0,1.0,0.0,0.0
8,6,0.0,0.0,0.0,0.0,0.0,0.0,1.0,0.0,0.0
8,6,0.0,0.0,0.0,0.0,0.0,0.0,1.0,0.0,0.0
8,6,0.0,0.0,0.0,0.0,0.0,0.0,1.0,0.0,0.0
8,6,0.0,0.0,0.0,0.0,0.0,0.0,1.0,0.0,0.0
8,6,0.0,0.0,0.0,0.0,0.0,0.0,1.0,0.0,0.0
8,6,0.0,0.0,0.0,0.0,0.0,0.0,1.0,0.0,0.0
8,6,0.0,0.0,0.0,0.0,0.0,0.0,1.0,0.0,0.0
8,6,0.0,0.0,0.0,0.0,0.0,0.0,1.0,0.0,0.0
8,6,0.0,0.0,0.0,0.0,0.0,0.0,1.0,0.0,0.0
8,6,0.0,0.0,0.0,0.0,0.0,0.0,1.0,0.0,0.0
8,6,0.0,0.0,0.0,0.0,0.0,0.0,1.0,0.0,0.0
8,6,0.0,0.0,0.0,0.0,0.0,0.0,1.0,0.0,0.0
8,6,0.0,0.0,0.0,0.0,0.0,0.0,1.0,0.0,0.0
8,6,0.0,0.0,0.0,0.0,0.0,0.0,1.0,0.0,0.0
8,6,0.0,0.0,0.0,0.0,0.0,0.0,1.0,0.0,0.0
8,6,0.0,0.0,0.0,0.0,0.0,0.0,1.0,0.0,0.0
8,6,0.0,0.0,0.0,0.0,0.0,0.0,1.0,0.0,0.0
8,6,0.0,0.0,0.0,0.0,0.0,0.0,1.0,0.0,0.0
8,6,0.0,0.0,0.0,0.0,0.0,0.0,1.0,0.0,0.0
8,6,0.0,0.0,0.0,0.0,0.0,0.0,1.0,0.0,0.0
8,6,0.0,0.0,0.0,0.0,0.0,0.0,1.0,0.0,0.0
8,6,0.0,0.0,0.0,0.0,0.0,0.0,1.0,0.0,0.0
8,6,0.0,0.0,0.0,0.0,0.0,0.0,1.0,0.0,0.0
8,6,0.0,0.0,0.0,0.0,0.0,0.0,1.0,0.0,0.0
8,6,0.0,0.0,0.0,0.0,0.0,0.0,1.0,0.0,0.0
8,6,0.0,0.0,0.0,0.0,0.0,0.0,1.0,0.0,0.0
8,6,0.0,0.0,0.0,0.0,0.0,0.0,1.0,0.0,0.0
8,6,0.0,0.0,0.0,0.0,0.0,0.0,1.0,0.0,0.0
8,6,0.0,0.0,0.0,0.0,0.0,0.0,1.0,0.0,0.0
8,6,0.0,0.0,0.0,0.0,0.0,0.0,1.0,0.0,0.0
8,6,0.0,0.0,0.0,0.0,0.0,0.0,1.0,0.0,0.0
8,6,0.0,0.0,0.0,0.0,0.0,0.0,1.0,0.0,0.0
8,6,0.0,0.0,0.0,0.0,0.0,0.0,1.0,0.0,0.0
8,6,0.0,0.0,0.0,0.0,0.0,0.0,1.0,0.0,0.0
8,6,0.0,0.0,0.0,0.0,0.0,0.0,1.0,0.0,0.0
8,6,0.0,0.0,0.0,0.0,0.0,0.0,1.0,0.0,0.0
8,6,0.0,0.0,0.0,0.0,0.0,0.0,1.0,0.0,0.0
8,6,0.0,0.0,0.0,0.0,0.0,0.0,1.0,0.0,0.0
8,6,0.0,0.0,0.0,0.0,0.0,0.0,1.0,0.0,0.0
8,6,0.0,0.0,0.0,0.0,0.0,0.0,1.0,0.0,0.0
8,6,0.0,0.0,0.0,0.0,0.0,0.0,1.0,0.0,0.0
8,6,0.0,0.0,0.0,0.0,0.0,0.0,1.0,0.0,0.0
8,6,0.0,0.0,0.0,0.0,0.0,0.0,1.0,0.0,0.0
8,6,0.0,0.0,0.0,0.0,0.0,0.0,1.0,0.0,0.0
8,6,0.0,0.0,0.0,0.0,0.0,0.0,1.0,0.0,0.0
8,6,0.0,0.0,0.0,0.0,0.0,0.0,1.0,0.0,0.0
8,6,0.0,0.0,0.0,0.0,0.0,0.0,1.0,0.0,0.0
8,6,0.0,0.0,0.0,0.0,0.0,0.0,1.0,0.0,0.0
8,6,0.0,0.0,0.0,0.0,0.0,0.0,1.0,0.0,0.0
8,6,0.0,0.0,0.0,0.0,0.0,0.0,1.0,0.0,0.0
8,6,0.0,0.0,0.0,0.0,0.0,0.0,1.0,0.0,0.0
8,6,0.0,0.0,0.0,0.0,0.0,0.0,1.0,0.0,0.0
8,6,0.0,0.0,0.0,0.0,0.0,0.0,1.0,0.0,0.0
8,6,0.0,0.0,0.0,0.0,0.0,0.0,1.0,0.0,0.0
8,6,0.0,0.0,0.0,0.0,0.0,0.0,1.0,0.0,0.0
8,6,0.0,0.0,0.0,0.0,0.0,0.0,1.0,0.0,0.0
8,6,0.0,0.0,0.0,0.0,0.0,0.0,1.0,0.0,0.0
8,6,0.0,0.0,0.0,0.0,0.0,0.0,1.0,0.0,0.0
8,6,0.0,0.0,0.0,0.0,0.0,0.0,1.0,0.0,0.0
8,6,0.0,0.0,0.0,0.0,0.0,0.0,1.0,0.0,0.0
8,6,0.0,0.0,0.0,0.0,0.0,0.0,1.0,0.0,0.0
8,6,0.0,0.0,0.0,0.0,0.0,0.0,1.0,0.0,0.0
8,6,0.0,0.0,0.0,0.0,0.0,0.0,1.0,0.0,0.0
8,6,0.0,0.0,0.0,0.0,0.0,0.0,1.0,0.0,0.0
8,6,0.0,0.0,0.0,0.0,0.0,0.0,1.0,0.0,0.0
8,6,0.0,0.0,0.0,0.0,0.0,0.0,1.0,0.0,0.0
8,6,0.0,0.0,0.0,0.0,0.0,0.0,1.0,0.0,0.0
8,6,0.0,0.0,0.0,0.0,0.0,0.0,1.0,0.0,0.0
8,6,0.0,0.0,0.0,0.0,0.0,0.0,1.0,0.0,0.0
8,6,0.0,0.0,0.0,0.0,0.0,0.0,1.0,0.0,0.0
8,6,0.0,0.0,0.0,0.0,0.0,0.0,1.0,0.0,0.0
8,6,0.0,0.0,0.0,0.0,0.0,0.0,1.0,0.0,0.0
8,6,0.0,0.0,0.0,0.0,0.0,0.0,1.0,0.0,0.0
8,6,0.0,0.0,0.0,0.0,0.0,0.0,1.0,0.0,0.0
8,6,0.0,0.0,0.0,0.0,0.0,0.0,1.0,0.0,0.0
8,6,0.0,0.0,0.0,0.0,0.0,0.0,1.0,0.0,0.0
8,6,0.0,0.0,0.0,0.0,0.0,0.0,1.0,0.0,0.0
8,6,0.0,0.0,0.0,0.0,0.0,0.0,1.0,0.0,0.0
8,6,0.0,0.0,0.0,0.0,0.0,0.0,1.0,0.0,0.0
8,6,0.0,0.0,0.0,0.0,0.0,0.0,1.0,0.0,0.0
8,6,0.0,0.0,0.0,0.0,0.0,0.0,1.0,0.0,0.0
8,6,0.0,0.0,0.0,0.0,0.0,0.0,1.0,0.0,0.0
8,6,0.0,0.0,0.0,0.0,0.0,0.0,1.0,0.0,0.0
8,6,0.0,0.0,0.0,0.0,0.0,0.0,1.0,0.0,0.0
8,6,0.0,0.0,0.0,0.0,0.0,0.0,1.0,0.0,0.0
8,6,0.0,0.0,0.0,0.0,0.0,0.0,1.0,0.0,0.0
8,6,0.0,0.0,0.0,0.0,0.0,0.0,1.0,0.0,0.0
8,6,0.0,0.0,0.0,0.0,0.0,0.0,1.0,0.0,0.0
8,6,0.0,0.0,0.0,0.0,0.0,0.0,1.0,0.0,0.0
8,6,0.0,0.0,0.0,0.0,0.0,0.0,1.0,0.0,0.0
8,6,0.0,0.0,0.0,0.0,0.0,0.0,1.0,0.0,0.0
8,6,0.0,0.0,0.0,0.0,0.0,0.0,1.0,0.0,0.0
8,6,0.0,0.0,0.0,0.0,0.0,0.0,1.0,0.0,0.0
8,6,0.0,0.0,0.0,0.0,0.0,0.0,1.0,0.0,0.0
8,6,0.0,0.0,0.0,0.0,0.0,0.0,1.0,0.0,0.0
8,6,0.0,0.0,0.0,0.0,0.0,0.0,1.0,0.0,0.0
8,6,0.0,0.0,0.0,0.0,0.0,0.0,1.0,0.0,0.0
8,6,0.0,0.0,0.0,0.0,0.0,0.0,1.0,0.0,0.0
8,6,0.0,0.0,0.0,0.0,0.0,0.0,1.0,0.0,0.0
8,6,0.0,0.0,0.0,0.0,0.0,0.0,1.0,0.0,0.0
8,6,0.0,0.0,0.0,0.0,0.0,0.0,1.0,0.0,0.0
8,6,0.0,0.0,0.0,0.0,0.0,0.0,1.0,0.0,0.0
8,6,0.0,0.0,0.0,0.0,0.0,0.0,1.0,0.0,0.0
8,6,0.0,0.0,0.0,0.0,0.0,0.0,1.0,0.0,0.0
8,6,0.0,0.0,0.0,0.0,0.0,0.0,1.0,0.0,0.0
8,6,0.0,0.0,0.0,0.0,0.0,0.0,1.0,0.0,0.0
8,6,0.0,0.0,0.0,0.0,0.0,0.0,1.0,0.0,0.0
8,6,0.0,0.0,0.0,0.0,0.0,0.0,1.0,0.0,0.0
8,6,0.0,0.0,0.0,0.0,0.0,0.0,1.0,0.0,0.0
8,6,0.0,0.0,0.0,0.0,0.0,0.0,1.0,0.0,0.0
8,6,0.0,0.0,0.0,0.0,0.0,0.0,1.0,0.0,0.0
8,6,0.0,0.0,0.0,0.0,0.0,0.0,1.0,0.0,0.0
8,6,0.0,0.0,0.0,0.0,0.0,0.0,1.0,0.0,0.0
8,6,0.0,0.0,0.0,0.0,0.0,0.0,1.0,0.0,0.0
8,6,0.0,0.0,0.0,0.0,0.0,0.0,1.0,0.0,0.0
8,6,0.0,0.0,0.0,0.0,0.0,0.0,1.0,0.0,0.0
8,6,0.0,0.0,0.0,0.0,0.0,0.0,1.0,0.0,0.0
8,6,0.0,0.0,0.0,0.0,0.0,0.0,1.0,0.0,0.0
8,6,0.0,0.0,0.0,0.0,0.0,0.0,1.0,0.0,0.0
8,6,0.0,0.0,0.0,0.0,0.0,0.0,1.0,0.0,0.0
8,6,0.0,0.0,0.0,0.0,0.0,0.0,1.0,0.0,0.0
8,6,0.0,0.0,0.0,0.0,0.0,0.0,1.0,0.0,0.0
8,6,0.0,0.0,0.0,0.0,0.0,0.0,1.0,0.0,0.0
8,6,0.0,0.0,0.0,0.0,0.0,0.0,1.0,0.0,0.0
8,6,0.0,0.0,0.0,0.0,0.0,0.0,1.0,0.0,0.0
8,6,0.0,0.0,0.0,0.0,0.0,0.0,1.0,0.0,0.0
8,6,0.0,0.0,0.0,0.0,0.0,0.0,1.0,0.0,0.0
8,6,0.0,0.0,0.0,0.0,0.0,0.0,1.0,0.0,0.0
8,6,0.0,0.0,0.0,0.0,0.0,0.0,1.0,0.0,0.0
8,6,0.0,0.0,0.0,0.0,0.0,0.0,1.0,0.0,0.0
8,6,0.0,0.0,0.0,0.0,0.0,0.0,1.0,0.0,0.0
8,6,0.0,0.0,0.0,0.0,0.0,0.0,1.0,0.0,0.0
8,6,0.0,0.0,0.0,0.0,0.0,0.0,1.0,0.0,0.0
8,6,0.0,0.0,0.0,0.0,0.0,0.0,1.0,0.0,0.0
8,6,0.0,0.0,0.0,0.0,0.0,0.0,1.0,0.0,0.0
8,6,0.0,0.0,0.0,0.0,0.0,0.0,1.0,0.0,0.0
8,6,0.0,0.0,0.0,0.0,0.0,0.0,1.0,0.0,0.0
8,6,0.0,0.0,0.0,0.0,0.0,0.0,1.0,0.0,0.0
8,6,0.0,0.0,0.0,0.0,0.0,0.0,1.0,0.0,0.0
8,6,0.0,0.0,0.0,0.0,0.0,0.0,1.0,0.0,0.0
8,6,0.0,0.0,0.0,0.0,0.0,0.0,1.0,0.0,0.0
8,6,0.0,0.0,0.0,0.0,0.0,0.0,1.0,0.0,0.0
8,6,0.0,0.0,0.0,0.0,0.0,0.0,1.0,0.0,0.0
8,6,0.0,0.0,0.0,0.0,0.0,0.0,1.0,0.0,0.0
8,6,0.0,0.0,0.0,0.0,0.0,0.0,1.0,0.0,0.0
8,6,0.0,0.0,0.0,0.0,0.0,0.0,1.0,0.0,0.0
8,6,0.0,0.0,0.0,0.0,0.0,0.0,1.0,0.0,0.0
8,6,0.0,0.0,0.0,0.0,0.0,0.0,0.9289085,0.07109144,0.0
8,6,0.0,0.0,0.0,0.0,0.0,0.0,0.9289085,0.07109144,0.0
8,6,0.0,0.0,0.0,0.0,0.0,0.0,0.9289085,0.07109144,0.0
8,6,0.0,0.0,0.0,0.0,0.0,0.0,0.9289085,0.07109144,0.0
8,6,0.0,0.0,0.0,0.0,0.0,0.0,0.9289085,0.07109144,0.0
8,6,0.0,0.0,0.0,0.0,0.0,0.0,0.9289085,0.07109144,0.0
8,6,0.0,0.0,0.0,0.0,0.0,0.0,0.9289085,0.07109144,0.0
8,6,0.0,0.0,0.0,0.0,0.0,0.0,0.9289085,0.07109144,0.0
8,6,0.0,0.0,0.0,0.0,0.0,0.0,0.9289085,0.07109144,0.0
8,6,0.0,0.0,0.0,0.0,0.0,0.0,0.9289085,0.07109144,0.0
8,6,0.0,0.0,0.0,0.0,0.0,0.0,0.9289085,0.07109144,0.0
8,6,0.0,0.0,0.0,0.0,0.0,0.0,0.85534614,0.14465387,0.0
8,6,0.0,0.0,0.0,0.0,0.0,0.0,0.85534614,0.14465387,0.0
8,6,0.0,0.0,0.0,0.0,0.0,0.0,0.85534614,0.14465387,0.0
8,6,0.0,0.0,0.0,0.0,0.0,0.0,0.85534614,0.14465387,0.0
8,6,0.0,0.0,0.0,0.0,0.0,0.0,0.85534614,0.14465387,0.0
8,6,0.0,0.0,0.05916933,0.0,0.0,0.0,0.7402705,0.20056023,0.0
8,6,0.0,0.0,0.05916933,0.0,0.0,0.0,0.7402705,0.20056023,0.0
8,6,0.0,0.0,0.05916933,0.0,0.0,0.0,0.7402705,0.20056023,0.0
8,6,0.0,0.0,0.05916933,0.0,0.0,0.0,0.7402705,0.20056023,0.0
8,6,0.0,0.0,0.05916933,0.0,0.0,0.0,0.7402705,0.20056023,0.0
8,6,0.0,0.0,0.05916933,0.0,0.0,0.0,0.7402705,0.20056023,0.0
8,6,0.0,0.0,0.05916933,0.0,0.0,0.0,0.7402705,0.20056023,0.0
8,6,0.0,0.0,0.05916933,0.0,0.0,0.0,0.7402705,0.20056023,0.0
8,6,0.0,0.0,0.05916933,0.0,0.0,0.0,0.7402705,0.20056023,0.0
8,6,0.0,0.0,0.05916933,0.0,0.0,0.0,0.7402705,0.20056023,0.0
8,6,0.0,0.0,0.05916933,0.0,0.0,0.0,0.7402705,0.20056023,0.0
8,6,0.0,0.0,0.05916933,0.0,0.0,0.0,0.7402705,0.20056023,0.0
8,6,0.0,0.0,0.05916933,0.0,0.0,0.0,0.7402705,0.20056023,0.0
8,6,0.0,0.0,0.05916933,0.0,0.0,0.0,0.7402705,0.20056023,0.0
8,6,0.0,0.0,0.05916933,0.0,0.0,0.0,0.7402705,0.20056023,0.0
8,6,0.0,0.0,0.05916933,0.0,0.0,0.0,0.7402705,0.20056023,0.0
8,6,0.0,0.0,0.05916933,0.0,0.0,0.0,0.7402705,0.20056023,0.0
8,6,0.0,0.0,0.05916933,0.0,0.0,0.0,0.7402705,0.20056023,0.0
8,6,0.0,0.0,0.05916933,0.0,0.0,0.0,0.7402705,0.20056023,0.0
8,6,0.0,0.0,0.05916933,0.0,0.0,0.0,0.7402705,0.20056023,0.0
8,6,0.0,0.0,0.05916933,0.0,0.0,0.0,0.7402705,0.20056023,0.0
8,6,0.0,0.0,0.05916933,0.0,0.0,0.0,0.7402705,0.20056023,0.0
8,6,0.0,0.0,0.05916933,0.0,0.0,0.0,0.7402705,0.20056023,0.0
8,6,0.0,0.0,0.05916933,0.0,0.0,0.0,0.7402705,0.20056023,0.0
8,6,0.0,0.0,0.05916933,0.0,0.0,0.0,0.7402705,0.20056023,0.0
8,6,0.0,0.0,0.05916933,0.0,0.0,0.0,0.7402705,0.20056023,0.0
8,6,0.0,0.0,0.05916933,0.0,0.0,0.0,0.7402705,0.20056023,0.0
8,6,0.0,0.0,0.05916933,0.0,0.0,0.0,0.7402705,0.20056023,0.0
8,6,0.0,0.0,0.05916933,0.0,0.0,0.0,0.7402705,0.20056023,0.0
8,6,0.0,0.0,0.05916933,0.0,0.0,0.0,0.7402705,0.20056023,0.0
8,6,0.0,0.0,0.05916933,0.0,0.0,0.0,0.7402705,0.20056023,0.0
8,6,0.0,0.0,0.05916933,0.0,0.0,0.0,0.7402705,0.20056023,0.0
8,6,0.0,0.0,0.05916933,0.0,0.0,0.0,0.7402705,0.20056023,0.0
8,6,0.0,0.0,0.05916933,0.0,0.0,0.0,0.7402705,0.20056023,0.0
8,6,0.0,0.0,0.05916933,0.0,0.0,0.0,0.7402705,0.20056023,0.0
8,6,0.0,0.0,0.05916933,0.0,0.0,0.0,0.7402705,0.20056023,0.0
8,6,0.0,0.0,0.05916933,0.0,0.0,0.0,0.7402705,0.20056023,0.0
8,6,0.0,0.0,0.05916933,0.0,0.0,0.0,0.7402705,0.20056023,0.0
8,6,0.0,0.0,0.05916933,0.0,0.0,0.0,0.7402705,0.20056023,0.0
8,6,0.0,0.0,0.05916933,0.0,0.0,0.0,0.7402705,0.20056023,0.0
8,6,0.0,0.0,0.05916933,0.0,0.0,0.0,0.7402705,0.20056023,0.0
8,6,0.0,0.0,0.05916933,0.0,0.0,0.0,0.7402705,0.20056023,0.0
8,6,0.0,0.0,0.05916933,0.0,0.0,0.0,0.7402705,0.20056023,0.0
8,6,0.0,0.0,0.05916933,0.0,0.0,0.0,0.7402705,0.20056023,0.0
8,6,0.0,0.0,0.05916933,0.0,0.0,0.0,0.7402705,0.20056023,0.0
8,6,0.0,0.0,0.05916933,0.0,0.0,0.0,0.7402705,0.20056023,0.0
8,6,0.0,0.0,0.05916933,0.0,0.0,0.0,0.7402705,0.20056023,0.0
8,6,0.0,0.0,0.05916933,0.0,0.0,0.0,0.7402705,0.20056023,0.0
8,6,0.0,0.0,0.05916933,0.0,0.0,0.0,0.67109275,0.269738,0.0
8,6,0.0,0.0,0.05916933,0.0,0.0,0.0,0.67109275,0.269738,0.0
8,6,0.0,0.0,0.05916933,0.0,0.0,0.0,0.67109275,0.269738,0.0
8,6,0.0,0.0,0.05916933,0.0,0.0,0.0,0.67109275,0.269738,0.0
8,6,0.0,0.0,0.05916933,0.0,0.0,0.0,0.67109275,0.269738,0.0
8,6,0.0,0.0,0.05916933,0.0,0.0,0.0,0.67109275,0.269738,0.0
8,6,0.0,0.0,0.05916933,0.0,0.0,0.0,0.67109275,0.269738,0.0
8,6,0.0,0.0,0.05916933,0.0,0.0,0.0,0.67109275,0.269738,0.0
8,6,0.0,0.0,0.05916933,0.0,0.0,0.0,0.67109275,0.269738,0.0
8,6,0.0,0.0,0.05916933,0.0,0.0,0.0,0.67109275,0.269738,0.0
8,6,0.0,0.0,0.05916933,0.0,0.0,0.0,0.67109275,0.269738,0.0
8,6,0.0,0.0,0.05916933,0.0,0.0,0.0,0.67109275,0.269738,0.0
8,6,0.0,0.0,0.05916933,0.0,0.0,0.0,0.67109275,0.269738,0.0
8,6,0.0,0.0,0.05916933,0.0,0.0,0.0,0.67109275,0.269738,0.0
8,6,0.0,0.0,0.05916933,0.0,0.0,0.0,0.67109275,0.269738,0.0
8,6,0.0,0.0,0.05916933,0.0,0.0,0.0,0.67109275,0.269738,0.0
8,6,0.0,0.0,0.05916933,0.0,0.0,0.0,0.6044653,0.3363654,0.0
8,6,0.0,0.0,0.05916933,0.0,0.0,0.0,0.6044653,0.3363654,0.0
8,6,0.0,0.0,0.05916933,0.0,0.0,0.0,0.6044653,0.3363654,0.0
8,6,0.0,0.0,0.05916933,0.0,0.0,0.0,0.6044653,0.3363654,0.0
8,6,0.0,0.0,0.05916933,0.0,0.0,0.0,0.6044653,0.3363654,0.0
8,6,0.0,0.0,0.05916933,0.0,0.0,0.0,0.6044653,0.3363654,0.0
8,6,0.0,0.0,0.05916933,0.0,0.0,0.0,0.6044653,0.3363654,0.0
8,6,0.0,0.0,0.05916933,0.0,0.0,0.0,0.6044653,0.3363654,0.0
8,6,0.0,0.0,0.05916933,0.0,0.0,0.0,0.6044653,0.3363654,0.0
8,6,0.0,0.0,0.05916933,0.0,0.0,0.0,0.6044653,0.3363654,0.0
8,6,0.0,0.0,0.05916933,0.0,0.0,0.0,0.6044653,0.3363654,0.0
8,6,0.0,0.0,0.05916933,0.0,0.0,0.0,0.6044653,0.3363654,0.0
8,6,0.0,0.0,0.05916933,0.0,0.0,0.0,0.6044653,0.3363654,0.0
8,6,0.0,0.0,0.05916933,0.0,0.0,0.0,0.6044653,0.3363654,0.0
8,6,0.0,0.0,0.05916933,0.0,0.0,0.0,0.6044653,0.3363654,0.0
8,6,0.0,0.0,0.05916933,0.0,0.0,0.0,0.6044653,0.3363654,0.0
8,6,0.0,0.0,0.05916933,0.0,0.0,0.0,0.6044653,0.3363654,0.0
8,6,0.0,0.0,0.05916933,0.0,0.0,0.0,0.6044653,0.3363654,0.0
8,6,0.0,0.0,0.05916933,0.0,0.0,0.0,0.6044653,0.3363654,0.0
8,6,0.0,0.0,0.05916933,0.0,0.0,0.0,0.6044653,0.3363654,0.0
8,6,0.0,0.0,0.05916933,0.0,0.0,0.0,0.6044653,0.3363654,0.0
8,6,0.0,0.0,0.05916933,0.0,0.0,0.0,0.6044653,0.3363654,0.0
8,6,0.0,0.0,0.05916933,0.0,0.0,0.0,0.6044653,0.3363654,0.0
8,6,0.0,0.0,0.05916933,0.0,0.0,0.0,0.6044653,0.3363654,0.0
8,6,0.0,0.0,0.05916933,0.0,0.0,0.0,0.6044653,0.3363654,0.0
8,6,0.0,0.0,0.05916933,0.0,0.0,0.0,0.6044653,0.3363654,0.0
8,6,0.0,0.0,0.05916933,0.0,0.0,0.0,0.6044653,0.3363654,0.0
8,6,0.0,0.0,0.05916933,0.0,0.0,0.0,0.6044653,0.3363654,0.0
8,6,0.0,0.0,0.05916933,0.0,0.0,0.0,0.6044653,0.3363654,0.0
8,6,0.0,0.0,0.05916933,0.0,0.0,0.0,0.6044653,0.3363654,0.0
8,6,0.0,0.0,0.05916933,0.0,0.0,0.0,0.6044653,0.3363654,0.0
8,6,0.0,0.0,0.05916933,0.0,0.0,0.0,0.6044653,0.3363654,0.0
8,6,0.0,0.0,0.059169326,0.0,0.0,0.0,0.5419853,0.39884537,0.0
8,6,0.0,0.0,0.059169326,0.0,0.0,0.0,0.5419853,0.39884537,0.0
8,6,0.0,0.0,0.059169326,0.0,0.0,0.0,0.5419853,0.39884537,0.0
8,6,0.0,0.0,0.059169326,0.0,0.0,0.0,0.5419853,0.39884537,0.0
8,6,0.0,0.0,0.059169326,0.0,0.0,0.0,0.5419853,0.39884537,0.0
8,6,0.0,0.0,0.059169326,0.0,0.0,0.0,0.5419853,0.39884537,0.0
8,6,0.0,0.0,0.059169326,0.0,0.0,0.0,0.5419853,0.39884537,0.0
8,6,0.0,0.0,0.059169326,0.0,0.0,0.0,0.5419853,0.39884537,0.0
8,7,0.0,0.0,0.05916933,0.0,0.0,0.0,0.42789143,0.5129392,0.0
8,7,0.0,0.0,0.05916933,0.0,0.0,0.0,0.42789143,0.5129392,0.0
8,7,0.0,0.0,0.05916933,0.0,0.0,0.0,0.42789143,0.5129392,0.0
8,7,0.0,0.0,0.05916933,0.0,0.0,0.0,0.42789143,0.5129392,0.0
8,7,0.0,0.0,0.05916933,0.0,0.0,0.0,0.42789143,0.5129392,0.0
8,7,0.0,0.0,0.05916933,0.0,0.0,0.0,0.42789143,0.5129392,0.0
8,7,0.0,0.0,0.05916933,0.0,0.0,0.0,0.42789143,0.5129392,0.0
8,7,0.0,0.0,0.05916933,0.0,0.0,0.0,0.42789143,0.5129392,0.0
8,7,0.0,0.0,0.05916933,0.0,0.0,0.0,0.42789143,0.5129392,0.0
8,7,0.0,0.0,0.05916933,0.0,0.0,0.0,0.42789143,0.5129392,0.0
8,7,0.0,0.0,0.05916933,0.0,0.0,0.0,0.42789143,0.5129392,0.0
8,7,0.0,0.0,0.05916933,0.0,0.0,0.0,0.42789143,0.5129392,0.0
8,7,0.0,0.0,0.05916933,0.0,0.0,0.0,0.42789143,0.5129392,0.0
8,7,0.0,0.0,0.05916933,0.0,0.0,0.0,0.37221992,0.5686107,0.0
8,7,0.0,0.0,0.05916933,0.0,0.0,0.0,0.37221992,0.5686107,0.0
8,7,0.0,0.0,0.05916933,0.0,0.0,0.0,0.37221992,0.5686107,0.0
8,7,0.0,0.0,0.05916933,0.0,0.0,0.0,0.37221992,0.5686107,0.0
8,7,0.0,0.0,0.05916933,0.0,0.0,0.0,0.37221992,0.5686107,0.0
8,7,0.0,0.0,0.05916933,0.0,0.0,0.0,0.37221992,0.5686107,0.0
8,7,0.0,0.0,0.05916933,0.0,0.0,0.0,0.37221992,0.5686107,0.0
8,7,0.0,0.0,0.05916933,0.0,0.0,0.0,0.37221992,0.5686107,0.0
8,7,0.0,0.0,0.05916933,0.0,0.0,0.0,0.37221992,0.5686107,0.0
8,7,0.0,0.0,0.05916933,0.0,0.0,0.0,0.37221992,0.5686107,0.0
8,7,0.0,0.0,0.05916933,0.0,0.0,0.0,0.37221992,0.5686107,0.0
8,7,0.0,0.0,0.05916933,0.0,0.0,0.0,0.37221992,0.5686107,0.0
8,7,0.0,0.0,0.05916933,0.0,0.0,0.0,0.37221992,0.5686107,0.0
8,7,0.0,0.0,0.05916933,0.0,0.0,0.0,0.37221992,0.5686107,0.0
8,7,0.0,0.0,0.05916933,0.0,0.0,0.0,0.37221992,0.5686107,0.0
8,7,0.0,0.0,0.05916933,0.0,0.0,0.0,0.37221992,0.5686107,0.0
8,7,0.0,0.0,0.05916933,0.0,0.0,0.0,0.37221992,0.5686107,0.0
8,7,0.0,0.0,0.059169337,0.0,0.0,0.0,0.31693625,0.62389445,0.0
8,7,0.0,0.0,0.059169337,0.0,0.0,0.0,0.31693625,0.62389445,0.0
8,7,0.0,0.0,0.059169326,0.0,0.0,0.0,0.2579697,0.682861,0.0
8,7,0.0,0.0,0.059169326,0.0,0.0,0.0,0.2579697,0.682861,0.0
8,7,0.0,0.0,0.059169326,0.0,0.0,0.0,0.2579697,0.682861,0.0
8,7,0.0,0.0,0.059169326,0.0,0.0,0.0,0.2579697,0.682861,0.0
8,7,0.0,0.0,0.059169326,0.0,0.0,0.0,0.2579697,0.682861,0.0
8,7,0.0,0.0,0.059169326,0.0,0.0,0.0,0.2579697,0.682861,0.0
8,7,0.0,0.0,0.059169326,0.0,0.0,0.0,0.2579697,0.682861,0.0
8,7,0.0,0.0,0.059169326,0.0,0.0,0.0,0.2579697,0.682861,0.0
8,7,0.0,0.0,0.059169326,0.0,0.0,0.0,0.2579697,0.682861,0.0
8,7,0.0,0.0,0.059169326,0.0,0.0,0.0,0.2579697,0.682861,0.0
8,7,0.0,0.0,0.059169326,0.0,0.0,0.0,0.2579697,0.682861,0.0
8,7,0.0,0.0,0.059169326,0.0,0.0,0.0,0.2579697,0.682861,0.0
8,7,0.0,0.0,0.059169326,0.0,0.0,0.0,0.2579697,0.682861,0.0
8,7,0.0,0.0,0.059169326,0.0,0.0,0.0,0.2579697,0.682861,0.0
8,7,0.0,0.0,0.059169326,0.0,0.0,0.0,0.2579697,0.682861,0.0
8,7,0.0,0.0,0.059169326,0.0,0.0,0.0,0.2579697,0.682861,0.0
8,7,0.0,0.0,0.059169326,0.0,0.0,0.0,0.2579697,0.682861,0.0
8,7,0.0,0.0,0.059169326,0.0,0.0,0.0,0.2579697,0.682861,0.0
8,7,0.0,0.0,0.059169326,0.0,0.0,0.0,0.2579697,0.682861,0.0
8,7,0.0,0.0,0.059169326,0.0,0.0,0.0,0.2579697,0.682861,0.0
8,7,0.0,0.0,0.059169326,0.0,0.0,0.0,0.2579697,0.682861,0.0
8,7,0.0,0.0,0.059169326,0.0,0.0,0.0,0.2579697,0.682861,0.0
8,7,0.0,0.0,0.059169326,0.0,0.0,0.0,0.2579697,0.682861,0.0
8,7,0.0,0.0,0.059169326,0.0,0.0,0.0,0.2579697,0.682861,0.0
8,7,0.0,0.0,0.059169326,0.0,0.0,0.0,0.2579697,0.682861,0.0
8,7,0.0,0.0,0.059169326,0.0,0.0,0.0,0.2579697,0.682861,0.0
8,7,0.0,0.0,0.059169326,0.0,0.0,0.0,0.2579697,0.682861,0.0
8,7,0.0,0.0,0.059169326,0.0,0.0,0.0,0.2579697,0.682861,0.0
9,7,0.0,0.0,0.059169326,0.0,0.0,0.0,0.2579697,0.682861,0.0
9,7,0.0,0.0,0.059169326,0.0,0.0,0.0,0.2579697,0.682861,0.0
9,7,0.0,0.0,0.059169326,0.0,0.0,0.0,0.2579697,0.682861,0.0
9,7,0.0,0.0,0.059169326,0.0,0.0,0.0,0.2579697,0.682861,0.0
9,7,0.0,0.0,0.059169326,0.0,0.0,0.0,0.2579697,0.682861,0.0
9,7,0.0,0.0,0.059169326,0.0,0.0,0.0,0.2579697,0.682861,0.0
9,7,0.0,0.0,0.059169326,0.0,0.0,0.0,0.2579697,0.682861,0.0
9,7,0.0,0.0,0.059169326,0.0,0.0,0.0,0.2579697,0.682861,0.0
9,7,0.0,0.0,0.059169326,0.0,0.0,0.0,0.2579697,0.682861,0.0
9,7,0.0,0.0,0.059169326,0.0,0.0,0.0,0.2579697,0.682861,0.0
9,7,0.0,0.0,0.059169326,0.0,0.0,0.0,0.2579697,0.682861,0.0
9,7,0.0,0.0,0.059169326,0.0,0.0,0.0,0.2579697,0.682861,0.0
9,7,0.0,0.0,0.059169326,0.0,0.0,0.0,0.2579697,0.682861,0.0
9,7,0.0,0.0,0.059169326,0.0,0.0,0.0,0.2579697,0.682861,0.0
9,7,0.0,0.0,0.059169326,0.0,0.0,0.0,0.2579697,0.682861,0.0
9,7,0.0,0.0,0.059169326,0.0,0.0,0.0,0.2579697,0.682861,0.0
9,7,0.0,0.0,0.059169326,0.0,0.0,0.0,0.2579697,0.682861,0.0
9,7,0.0,0.0,0.059169326,0.0,0.0,0.0,0.2579697,0.682861,0.0
9,7,0.0,0.0,0.059169326,0.0,0.0,0.0,0.2579697,0.682861,0.0
9,7,0.0,0.0,0.059169326,0.0,0.0,0.0,0.2579697,0.682861,0.0
9,7,0.0,0.0,0.059169326,0.0,0.0,0.0,0.2579697,0.682861,0.0
9,7,0.0,0.0,0.059169326,0.0,0.0,0.0,0.2579697,0.682861,0.0
9,7,0.0,0.0,0.059169326,0.0,0.0,0.0,0.2579697,0.682861,0.0
9,7,0.0,0.0,0.059169326,0.0,0.0,0.0,0.2579697,0.682861,0.0
9,7,0.0,0.0,0.059169326,0.0,0.0,0.0,0.2579697,0.682861,0.0
9,7,0.0,0.0,0.059169326,0.0,0.0,0.0,0.2579697,0.682861,0.0
9,7,0.0,0.0,0.059169326,0.0,0.0,0.0,0.2579697,0.682861,0.0
9,7,0.0,0.0,0.059169326,0.0,0.0,0.0,0.2579697,0.682861,0.0
9,7,0.0,0.0,0.059169326,0.0,0.0,0.0,0.2579697,0.682861,0.0
9,7,0.0,0.0,0.059169326,0.0,0.0,0.0,0.2579697,0.682861,0.0
9,7,0.0,0.0,0.059169326,0.0,0.0,0.0,0.2579697,0.682861,0.0
9,7,0.0,0.0,0.059169326,0.0,0.0,0.0,0.2579697,0.682861,0.0
9,7,0.0,0.0,0.059169326,0.0,0.0,0.0,0.2579697,0.682861,0.0
9,7,0.0,0.0,0.059169326,0.0,0.0,0.0,0.2579697,0.682861,0.0
9,7,0.0,0.0,0.059169326,0.0,0.0,0.0,0.2579697,0.682861,0.0
9,7,0.0,0.0,0.059169326,0.0,0.0,0.0,0.2579697,0.682861,0.0
9,7,0.0,0.0,0.059169326,0.0,0.0,0.0,0.2579697,0.682861,0.0
9,7,0.0,0.0,0.059169326,0.0,0.0,0.0,0.2579697,0.682861,0.0
9,7,0.0,0.0,0.059169326,0.0,0.0,0.0,0.2579697,0.682861,0.0
9,7,0.0,0.0,0.059169326,0.0,0.0,0.0,0.2579697,0.682861,0.0
9,7,0.0,0.0,0.059169326,0.0,0.0,0.0,0.2579697,0.682861,0.0
9,7,0.0,0.0,0.059169326,0.0,0.0,0.0,0.2579697,0.682861,0.0
9,7,0.0,0.0,0.059169326,0.0,0.0,0.0,0.2579697,0.682861,0.0
9,7,0.0,0.0,0.059169326,0.0,0.0,0.0,0.2579697,0.682861,0.0
9,7,0.0,0.0,0.059169326,0.0,0.0,0.0,0.2579697,0.682861,0.0
9,7,0.0,0.0,0.059169326,0.0,0.0,0.0,0.2579697,0.682861,0.0
9,7,0.0,0.0,0.059169326,0.0,0.0,0.0,0.2579697,0.682861,0.0
9,7,0.0,0.0,0.059169326,0.0,0.0,0.0,0.2579697,0.682861,0.0
9,7,0.0,0.0,0.059169326,0.0,0.0,0.0,0.2579697,0.682861,0.0
9,7,0.0,0.0,0.059169326,0.0,0.0,0.0,0.2579697,0.682861,0.0
9,7,0.0,0.0,0.059169326,0.0,0.0,0.0,0.2579697,0.682861,0.0
9,7,0.0,0.0,0.059169326,0.0,0.0,0.0,0.2579697,0.682861,0.0
9,7,0.0,0.0,0.059169326,0.0,0.0,0.0,0.2579697,0.682861,0.0
9,7,0.0,0.0,0.059169326,0.0,0.0,0.0,0.2579697,0.682861,0.0
9,7,0.0,0.0,0.059169326,0.0,0.0,0.0,0.2579697,0.682861,0.0
9,7,0.0,0.0,0.059169326,0.0,0.0,0.0,0.2579697,0.682861,0.0
9,7,0.0,0.0,0.059169326,0.0,0.0,0.0,0.2579697,0.682861,0.0
9,7,0.0,0.0,0.059169326,0.0,0.0,0.0,0.2579697,0.682861,0.0
9,7,0.0,0.0,0.059169326,0.0,0.0,0.0,0.2579697,0.682861,0.0
9,7,0.0,0.0,0.059169326,0.0,0.0,0.0,0.2579697,0.682861,0.0
9,7,0.0,0.0,0.059169326,0.0,0.0,0.0,0.2579697,0.682861,0.0
9,7,0.0,0.0,0.059169326,0.0,0.0,0.0,0.2579697,0.682861,0.0
9,7,0.0,0.0,0.059169326,0.0,0.0,0.0,0.2579697,0.682861,0.0
9,7,0.0,0.0,0.059169326,0.0,0.0,0.0,0.2579697,0.682861,0.0
9,7,0.0,0.0,0.059169326,0.0,0.0,0.0,0.2579697,0.682861,0.0
9,7,0.0,0.0,0.059169326,0.0,0.0,0.0,0.2579697,0.682861,0.0
9,7,0.0,0.0,0.059169326,0.0,0.0,0.0,0.2579697,0.682861,0.0
9,7,0.0,0.0,0.059169326,0.0,0.0,0.0,0.2579697,0.682861,0.0
9,7,0.0,0.0,0.059169326,0.0,0.0,0.0,0.2579697,0.682861,0.0
9,7,0.0,0.0,0.059169326,0.0,0.0,0.0,0.2579697,0.682861,0.0
9,7,0.0,0.0,0.059169326,0.0,0.0,0.0,0.2579697,0.682861,0.0
9,7,0.0,0.0,0.059169326,0.0,0.0,0.0,0.2579697,0.682861,0.0
9,7,0.0,0.0,0.059169326,0.0,0.0,0.0,0.2579697,0.682861,0.0
9,7,0.0,0.0,0.059169326,0.0,0.0,0.0,0.2579697,0.682861,0.0
9,7,0.0,0.0,0.059169326,0.0,0.0,0.0,0.2579697,0.682861,0.0
9,7,0.0,0.0,0.059169326,0.0,0.0,0.0,0.2579697,0.682861,0.0
9,7,0.0,0.0,0.059169326,0.0,0.0,0.0,0.2579697,0.682861,0.0
9,7,0.0,0.0,0.059169326,0.0,0.0,0.0,0.2579697,0.682861,0.0
9,7,0.0,0.0,0.059169326,0.0,0.0,0.0,0.2579697,0.682861,0.0
9,7,0.0,0.0,0.059169326,0.0,0.0,0.0,0.2579697,0.682861,0.0
9,7,0.0,0.0,0.059169326,0.0,0.0,0.0,0.2579697,0.682861,0.0
9,7,0.0,0.0,0.059169326,0.0,0.0,0.0,0.2579697,0.682861,0.0
9,7,0.0,0.0,0.059169326,0.0,0.0,0.0,0.2579697,0.682861,0.0
9,7,0.0,0.0,0.059169326,0.0,0.0,0.0,0.2579697,0.682861,0.0
9,7,0.0,0.0,0.059169326,0.0,0.0,0.0,0.2579697,0.682861,0.0
9,7,0.0,0.0,0.059169326,0.0,0.0,0.0,0.2579697,0.682861,0.0
9,7,0.0,0.0,0.059169326,0.0,0.0,0.0,0.2579697,0.682861,0.0
9,7,0.0,0.0,0.059169326,0.0,0.0,0.0,0.2579697,0.682861,0.0
9,7,0.0,0.0,0.059169326,0.0,0.0,0.0,0.2579697,0.682861,0.0
9,7,0.0,0.0,0.059169326,0.0,0.0,0.0,0.2579697,0.682861,0.0
9,7,0.0,0.0,0.059169326,0.0,0.0,0.0,0.2579697,0.682861,0.0
9,7,0.0,0.0,0.059169326,0.0,0.0,0.0,0.2579697,0.682861,0.0
9,7,0.0,0.0,0.05916933,0.0,0.0,0.0,0.19986469,0.740966,0.0
9,7,0.0,0.0,0.05916933,0.0,0.0,0.0,0.19986469,0.740966,0.0
9,7,0.0,0.0,0.05916933,0.0,0.0,0.0,0.19986469,0.740966,0.0
9,7,0.0,0.0,0.05916933,0.0,0.0,0.0,0.19986469,0.740966,0.0
9,7,0.0,0.0,0.05916933,0.0,0.0,0.0,0.19986469,0.740966,0.0
9,7,0.0,0.0,0.05916933,0.0,0.0,0.0,0.19986469,0.740966,0.0
9,7,0.0,0.0,0.05916933,0.0,0.0,0.0,0.19986469,0.740966,0.0
9,7,0.0,0.0,0.05916933,0.0,0.0,0.0,0.19986469,0.740966,0.0
9,7,0.0,0.0,0.05916933,0.0,0.0,0.0,0.19986469,0.740966,0.0
9,7,0.0,0.0,0.05916933,0.0,0.0,0.0,0.19986469,0.740966,0.0
9,7,0.0,0.0,0.059169326,0.0,0.0,0.0,0.12708084,0.8137498,0.0
9,7,0.0,0.0,0.059169326,0.0,0.0,0.0,0.12708084,0.8137498,0.0
9,7,0.0,0.0,0.059169326,0.0,0.0,0.0,0.12708084,0.8137498,0.0
9,7,0.0,0.0,0.059169326,0.0,0.0,0.0,0.12708084,0.8137498,0.0
9,7,0.0,0.0,0.059169326,0.0,0.0,0.0,0.12708084,0.8137498,0.0
9,7,0.0,0.0,0.059169326,0.0,0.0,0.0,0.12708084,0.8137498,0.0
9,7,0.0,0.0,0.059169326,0.0,0.0,0.0,0.062365554,0.8784651,0.0
9,7,0.0,0.0,0.059169326,0.0,0.0,0.0,0.062365554,0.8784651,0.0
9,7,0.0,0.0,0.059169326,0.0,0.0,0.0,0.062365554,0.8784651,0.0
9,7,0.0,0.0,0.059169326,0.0,0.0,0.0,0.062365554,0.8784651,0.0
9,7,0.0,0.0,0.059169326,0.0,0.0,0.0,0.062365554,0.8784651,0.0
9,7,0.0,0.0,0.059169326,0.0,0.0,0.0,0.062365554,0.8784651,0.0
9,7,0.0,0.0,0.059169326,0.0,0.0,0.0,0.062365554,0.8784651,0.0
9,7,0.0,0.0,0.059169326,0.0,0.0,0.0,0.062365554,0.8784651,0.0
9,7,0.0,0.0,0.059169326,0.0,0.0,0.0,0.062365554,0.8784651,0.0
9,7,0.0,0.0,0.059169326,0.0,0.0,0.0,0.062365554,0.8784651,0.0
9,7,0.0,0.0,0.059169326,0.0,0.0,0.0,0.062365554,0.8784651,0.0
9,7,0.0,0.0,0.059169326,0.0,0.0,0.0,0.062365554,0.8784651,0.0
9,7,0.0,0.0,0.059169326,0.0,0.0,0.0,0.062365554,0.8784651,0.0
9,7,0.0,0.0,0.059169326,0.0,0.0,0.0,0.062365554,0.8784651,0.0
9,7,0.0,0.0,0.059169326,0.0,0.0,0.0,0.062365554,0.8784651,0.0
9,7,0.0,0.0,0.059169326,0.0,0.0,0.0,0.062365554,0.8784651,0.0
9,7,0.0,0.0,0.059169326,0.0,0.0,0.0,0.062365554,0.8784651,0.0
9,7,0.0,0.0,0.059169326,0.0,0.0,0.0,0.062365554,0.8784651,0.0
9,7,0.0,0.0,0.059169326,0.0,0.0,0.0,0.062365554,0.8784651,0.0
9,7,0.0,0.0,0.059169326,0.0,0.0,0.0,0.062365554,0.8784651,0.0
9,7,0.0,0.0,0.059169326,0.0,0.0,0.0,0.062365554,0.8784651,0.0
9,7,0.0,0.0,0.059169326,0.0,0.0,0.0,0.062365554,0.8784651,0.0
9,7,0.0,0.0,0.059169326,0.0,0.0,0.0,0.062365554,0.8784651,0.0
9,7,0.0,0.0,0.059169326,0.0,0.0,0.0,0.062365554,0.8784651,0.0
9,7,0.0,0.0,0.059169326,0.0,0.0,0.0,0.062365554,0.8784651,0.0
9,7,0.0,0.0,0.059169326,0.0,0.0,0.0,0.062365554,0.8784651,0.0
9,7,0.0,0.0,0.059169326,0.0,0.0,0.0,0.062365554,0.8784651,0.0
9,7,0.0,0.0,0.059169326,0.0,0.0,0.0,0.062365554,0.8784651,0.0
9,7,0.0,0.0,0.059169326,0.0,0.0,0.0,0.062365554,0.8784651,0.0
9,7,0.0,0.0,0.059169326,0.0,0.0,0.0,0.062365554,0.8784651,0.0
9,7,0.0,0.0,0.059169326,0.0,0.0,0.0,0.062365554,0.8784651,0.0
9,7,0.0,0.0,0.059169326,0.0,0.0,0.0,0.062365554,0.8784651,0.0
9,7,0.0,0.0,0.059169326,0.0,0.0,0.0,0.062365554,0.8784651,0.0
9,7,0.0,0.0,0.059169326,0.0,0.0,0.0,0.062365554,0.8784651,0.0
9,7,0.0,0.0,0.059169326,0.0,0.0,0.0,0.062365554,0.8784651,0.0
9,7,0.0,0.0,0.059169326,0.0,0.0,0.0,0.062365554,0.8784651,0.0
9,7,0.0,0.0,0.059169326,0.0,0.0,0.0,0.062365554,0.8784651,0.0
9,7,0.0,0.0,0.059169326,0.0,0.0,0.0,0.062365554,0.8784651,0.0
9,7,0.0,0.0,0.059169326,0.0,0.0,0.0,0.062365554,0.8784651,0.0
9,7,0.0,0.0,0.059169326,0.0,0.0,0.0,0.062365554,0.8784651,0.0
9,7,0.0,0.0,0.059169326,0.0,0.0,0.0,0.062365554,0.8784651,0.0
9,7,0.0,0.0,0.059169326,0.0,0.0,0.0,0.062365554,0.8784651,0.0
9,7,0.0,0.0,0.059169326,0.0,0.0,0.0,0.062365554,0.8784651,0.0
9,7,0.0,0.0,0.059169326,0.0,0.0,0.0,0.062365554,0.8784651,0.0
9,7,0.0,0.0,0.059169326,0.0,0.0,0.0,0.062365554,0.8784651,0.0
9,7,0.0,0.0,0.059169326,0.0,0.0,0.0,0.062365554,0.8784651,0.0
9,7,0.0,0.0,0.059169326,0.0,0.0,0.0,0.062365554,0.8784651,0.0
9,7,0.0,0.0,0.059169326,0.0,0.0,0.0,0.062365554,0.8784651,0.0
9,7,0.0,0.0,0.059169326,0.0,0.0,0.0,0.062365554,0.8784651,0.0
9,7,0.0,0.0,0.059169326,0.0,0.0,0.0,0.062365554,0.8784651,0.0
9,7,0.0,0.0,0.059169326,0.0,0.0,0.0,0.062365554,0.8784651,0.0
9,7,0.0,0.0,0.059169326,0.0,0.0,0.0,0.062365554,0.8784651,0.0
9,7,0.0,0.0,0.059169326,0.0,0.0,0.0,0.062365554,0.8784651,0.0
9,7,0.0,0.0,0.059169326,0.0,0.0,0.0,0.062365554,0.8784651,0.0
9,7,0.0,0.0,0.059169326,0.0,0.0,0.0,0.062365554,0.8784651,0.0
9,7,0.0,0.0,0.059169326,0.0,0.0,0.0,0.062365554,0.8784651,0.0
9,7,0.0,0.0,0.059169326,0.0,0.0,0.0,0.062365554,0.8784651,0.0
9,7,0.0,0.0,0.059169326,0.0,0.0,0.0,0.062365554,0.8784651,0.0
9,7,0.0,0.0,0.059169326,0.0,0.0,0.0,0.062365554,0.8784651,0.0
9,7,0.0,0.0,0.059169326,0.0,0.0,0.0,0.062365554,0.8784651,0.0
9,7,0.0,0.0,0.059169326,0.0,0.0,0.0,0.062365554,0.8784651,0.0
9,7,0.0,0.0,0.059169326,0.0,0.0,0.0,0.062365554,0.8784651,0.0
9,7,0.0,0.0,0.059169326,0.0,0.0,0.0,0.062365554,0.8784651,0.0
9,7,0.0,0.0,0.059169326,0.0,0.0,0.0,0.062365554,0.8784651,0.0
9,7,0.0,0.0,0.059169326,0.0,0.0,0.0,0.062365554,0.8784651,0.0
9,7,0.0,0.0,0.059169326,0.0,0.0,0.0,0.062365554,0.8784651,0.0
9,7,0.0,0.0,0.059169326,0.0,0.0,0.0,0.062365554,0.8784651,0.0
9,7,0.0,0.0,0.059169326,0.0,0.0,0.0,0.062365554,0.8784651,0.0
9,7,0.0,0.0,0.059169326,0.0,0.0,0.0,0.062365554,0.8784651,0.0
9,7,0.0,0.0,0.059169326,0.0,0.0,0.0,0.062365554,0.8784651,0.0
9,7,0.0,0.0,0.059169326,0.0,0.0,0.0,0.062365554,0.8784651,0.0
9,7,0.0,0.0,0.059169326,0.0,0.0,0.0,0.062365554,0.8784651,0.0
9,7,0.0,0.0,0.059169326,0.0,0.0,0.0,0.062365554,0.8784651,0.0
9,7,0.0,0.0,0.059169326,0.0,0.0,0.0,0.062365554,0.8784651,0.0
9,7,0.0,0.0,0.059169326,0.0,0.0,0.0,0.062365554,0.8784651,0.0
9,7,0.0,0.0,0.059169326,0.0,0.0,0.0,0.062365554,0.8784651,0.0
9,7,0.0,0.0,0.059169326,0.0,0.0,0.0,0.062365554,0.8784651,0.0
9,7,0.0,0.0,0.059169326,0.0,0.0,0.0,0.062365554,0.8784651,0.0
9,7,0.0,0.0,0.059169326,0.0,0.0,0.0,0.062365554,0.8784651,0.0
9,7,0.0,0.0,0.059169326,0.0,0.0,0.0,0.062365554,0.8784651,0.0
9,7,0.0,0.0,0.059169326,0.0,0.0,0.0,0.062365554,0.8784651,0.0
9,7,0.0,0.0,0.059169326,0.0,0.0,0.0,0.062365554,0.8784651,0.0
9,7,0.0,0.0,0.059169326,0.0,0.0,0.0,0.062365554,0.8784651,0.0
9,7,0.0,0.0,0.059169326,0.0,0.0,0.0,0.062365554,0.8784651,0.0
9,7,0.0,0.0,0.05916933,0.0,0.0,0.0,0.0,0.9408307,0.0
9,7,0.0,0.0,0.05916933,0.0,0.0,0.0,0.0,0.9408307,0.0
9,7,0.0,0.0,0.05916933,0.0,0.0,0.0,0.0,0.9408307,0.0
9,7,0.0,0.0,0.05916933,0.0,0.0,0.0,0.0,0.9408307,0.0
9,7,0.0,0.0,0.05916933,0.0,0.0,0.0,0.0,0.9408307,0.0
9,7,0.0,0.0,0.05916933,0.0,0.0,0.0,0.0,0.9408307,0.0
9,7,0.0,0.0,0.05916933,0.0,0.0,0.0,0.0,0.9408307,0.0
9,7,0.0,0.0,0.05916933,0.0,0.0,0.0,0.0,0.9408307,0.0
9,7,0.0,0.0,0.05916933,0.0,0.0,0.0,0.0,0.9408307,0.0
9,7,0.0,0.0,0.05916933,0.0,0.0,0.0,0.0,0.9408307,0.0
9,7,0.0,0.0,0.05916933,0.0,0.0,0.0,0.0,0.9408307,0.0
9,7,0.0,0.0,0.05916933,0.0,0.0,0.0,0.0,0.9408307,0.0
9,7,0.0,0.0,0.05916933,0.0,0.0,0.0,0.0,0.9408307,0.0
9,7,0.0,0.0,0.05916933,0.0,0.0,0.0,0.0,0.9408307,0.0
9,7,0.0,0.0,0.05916933,0.0,0.0,0.0,0.0,0.9408307,0.0
9,7,0.0,0.0,0.05916933,0.0,0.0,0.0,0.0,0.9408307,0.0
9,7,0.0,0.0,0.05916933,0.0,0.0,0.0,0.0,0.9408307,0.0
9,7,0.0,0.0,0.05916933,0.0,0.0,0.0,0.0,0.9408307,0.0
9,7,0.0,0.0,0.05916933,0.0,0.0,0.0,0.0,0.9408307,0.0
9,7,0.0,0.0,0.05916933,0.0,0.0,0.0,0.0,0.9408307,0.0
9,7,0.0,0.0,0.05916933,0.0,0.0,0.0,0.0,0.9408307,0.0
9,7,0.0,0.0,0.05916933,0.0,0.0,0.0,0.0,0.9408307,0.0
9,7,0.0,0.0,0.05916933,0.0,0.0,0.0,0.0,0.9408307,0.0
9,7,0.0,0.0,0.05916933,0.0,0.0,0.0,0.0,0.9408307,0.0
9,7,0.0,0.0,0.05916933,0.0,0.0,0.0,0.0,0.9408307,0.0
9,7,0.0,0.0,0.05916933,0.0,0.0,0.0,0.0,0.9408307,0.0
9,7,0.0,0.0,0.05916933,0.0,0.0,0.0,0.0,0.9408307,0.0
9,7,0.0,0.0,0.05916933,0.0,0.0,0.0,0.0,0.9408307,0.0
9,7,0.0,0.0,0.05916933,0.0,0.0,0.0,0.0,0.9408307,0.0
9,7,0.0,0.0,0.05916933,0.0,0.0,0.0,0.0,0.9408307,0.0
9,7,0.0,0.0,0.05916933,0.0,0.0,0.0,0.0,0.9408307,0.0
9,7,0.0,0.0,0.05916933,0.0,0.0,0.0,0.0,0.9408307,0.0
9,7,0.0,0.0,0.05916933,0.0,0.0,0.0,0.0,0.9408307,0.0
9,7,0.0,0.0,0.05916933,0.0,0.0,0.0,0.0,0.9408307,0.0
9,7,0.0,0.0,0.05916933,0.0,0.0,0.0,0.0,0.9408307,0.0
9,7,0.0,0.0,0.05916933,0.0,0.0,0.0,0.0,0.9408307,0.0
9,7,0.0,0.0,0.05916933,0.0,0.0,0.0,0.0,0.9408307,0.0
9,7,0.0,0.0,0.05916933,0.0,0.0,0.0,0.0,0.9408307,0.0
9,7,0.0,0.0,0.05916933,0.0,0.0,0.0,0.0,0.9408307,0.0
9,7,0.0,0.0,0.05916933,0.0,0.0,0.0,0.0,0.9408307,0.0
9,7,0.0,0.0,0.05916933,0.0,0.0,0.0,0.0,0.9408307,0.0
9,7,0.0,0.0,0.05916933,0.0,0.0,0.0,0.0,0.9408307,0.0
9,7,0.0,0.0,0.05916933,0.0,0.0,0.0,0.0,0.9408307,0.0
9,7,0.0,0.0,0.05916933,0.0,0.0,0.0,0.0,0.9408307,0.0
9,7,0.0,0.0,0.05916933,0.0,0.0,0.0,0.0,0.9408307,0.0
9,7,0.0,0.0,0.05916933,0.0,0.0,0.0,0.0,0.9408307,0.0
9,7,0.0,0.0,0.05916933,0.0,0.0,0.0,0.0,0.9408307,0.0
9,7,0.0,0.0,0.05916933,0.0,0.0,0.0,0.0,0.9408307,0.0
9,7,0.0,0.0,0.05916933,0.0,0.0,0.0,0.0,0.9408307,0.0
9,7,0.0,0.0,0.05916933,0.0,0.0,0.0,0.0,0.9408307,0.0
9,7,0.0,0.0,0.05916933,0.0,0.0,0.0,0.0,0.9408307,0.0
9,7,0.0,0.0,0.05916933,0.0,0.0,0.0,0.0,0.9408307,0.0
9,7,0.0,0.0,0.05916933,0.0,0.0,0.0,0.0,0.9408307,0.0
9,7,0.0,0.0,0.05916933,0.0,0.0,0.0,0.0,0.9408307,0.0
9,7,0.0,0.0,0.05916933,0.0,0.0,0.0,0.0,0.9408307,0.0
9,7,0.0,0.0,0.05916933,0.0,0.0,0.0,0.0,0.9408307,0.0
9,7,0.0,0.0,0.05916933,0.0,0.0,0.0,0.0,0.9408307,0.0
9,7,0.0,0.0,0.05916933,0.0,0.0,0.0,0.0,0.9408307,0.0
9,7,0.0,0.0,0.05916933,0.0,0.0,0.0,0.0,0.9408307,0.0
9,7,0.0,0.0,0.05916933,0.0,0.0,0.0,0.0,0.9408307,0.0
9,7,0.0,0.0,0.05916933,0.0,0.0,0.0,0.0,0.9408307,0.0
9,7,0.0,0.0,0.05916933,0.0,0.0,0.0,0.0,0.9408307,0.0
9,7,0.0,0.0,0.05916933,0.0,0.0,0.0,0.0,0.9408307,0.0
9,7,0.0,0.0,0.05916933,0.0,0.0,0.0,0.0,0.9408307,0.0
9,7,0.0,0.0,0.05916933,0.0,0.0,0.0,0.0,0.9408307,0.0
9,7,0.0,0.0,0.05916933,0.0,0.0,0.0,0.0,0.9408307,0.0
9,7,0.0,0.0,0.05916933,0.0,0.0,0.0,0.0,0.9408307,0.0
9,7,0.0,0.0,0.05916933,0.0,0.0,0.0,0.0,0.9408307,0.0
9,7,0.0,0.0,0.05916933,0.0,0.0,0.0,0.0,0.9408307,0.0
9,7,0.0,0.0,0.05916933,0.0,0.0,0.0,0.0,0.9408307,0.0
9,7,0.0,0.0,0.05916933,0.0,0.0,0.0,0.0,0.9408307,0.0
9,7,0.0,0.0,0.05916933,0.0,0.0,0.0,0.0,0.9408307,0.0
9,7,0.0,0.0,0.05916933,0.0,0.0,0.0,0.0,0.9408307,0.0
9,7,0.0,0.0,0.05916933,0.0,0.0,0.0,0.0,0.9408307,0.0
9,7,0.0,0.0,0.05916933,0.0,0.0,0.0,0.0,0.9408307,0.0
9,7,0.0,0.0,0.05916933,0.0,0.0,0.0,0.0,0.9408307,0.0
9,7,0.0,0.0,0.05916933,0.0,0.0,0.0,0.0,0.9408307,0.0
9,7,0.0,0.0,0.05916933,0.0,0.0,0.0,0.0,0.9408307,0.0
9,7,0.0,0.0,0.05916933,0.0,0.0,0.0,0.0,0.9408307,0.0
9,7,0.0,0.0,0.05916933,0.0,0.0,0.0,0.0,0.9408307,0.0
9,7,0.0,0.0,0.05916933,0.0,0.0,0.0,0.0,0.9408307,0.0
9,7,0.0,0.0,0.05916933,0.0,0.0,0.0,0.0,0.9408307,0.0
9,7,0.0,0.0,0.05916933,0.0,0.0,0.0,0.0,0.9408307,0.0
9,7,0.0,0.0,0.05916933,0.0,0.0,0.0,0.0,0.9408307,0.0
9,7,0.0,0.0,0.05916933,0.0,0.0,0.0,0.0,0.9408307,0.0
9,7,0.0,0.0,0.05916933,0.0,0.0,0.0,0.0,0.9408307,0.0
9,7,0.0,0.0,0.05916933,0.0,0.0,0.0,0.0,0.9408307,0.0
9,7,0.0,0.0,0.05916933,0.0,0.0,0.0,0.0,0.9408307,0.0
9,7,0.0,0.0,0.05916933,0.0,0.0,0.0,0.0,0.9408307,0.0
9,7,0.0,0.0,0.05916933,0.0,0.0,0.0,0.0,0.9408307,0.0
9,7,0.0,0.0,0.05916933,0.0,0.0,0.0,0.0,0.9408307,0.0
9,7,0.0,0.0,0.05916933,0.0,0.0,0.0,0.0,0.9408307,0.0
9,7,0.0,0.0,0.0,0.0,0.0,0.0,0.0,1.0,0.0
9,7,0.0,0.0,0.0,0.0,0.0,0.0,0.0,1.0,0.0
9,7,0.0,0.0,0.0,0.0,0.0,0.0,0.0,1.0,0.0
9,7,0.0,0.0,0.0,0.0,0.0,0.0,0.0,1.0,0.0
9,7,0.0,0.0,0.0,0.0,0.0,0.0,0.0,1.0,0.0
9,7,0.0,0.0,0.0,0.0,0.0,0.0,0.0,1.0,0.0
9,7,0.0,0.0,0.0,0.0,0.0,0.0,0.0,1.0,0.0
9,7,0.0,0.0,0.0,0.0,0.0,0.0,0.0,1.0,0.0
9,7,0.0,0.0,0.0,0.0,0.0,0.0,0.0,1.0,0.0
9,7,0.0,0.0,0.0,0.0,0.0,0.0,0.0,1.0,0.0
9,7,0.0,0.0,0.0,0.0,0.0,0.0,0.0,1.0,0.0
9,7,0.0,0.0,0.0,0.0,0.0,0.0,0.0,1.0,0.0
9,7,0.0,0.0,0.0,0.0,0.0,0.0,0.0,1.0,0.0
9,7,0.0,0.0,0.0,0.0,0.0,0.0,0.0,1.0,0.0
9,7,0.0,0.0,0.0,0.0,0.0,0.0,0.0,1.0,0.0
9,7,0.0,0.0,0.0,0.0,0.0,0.0,0.0,1.0,0.0
9,7,0.0,0.0,0.05633639,0.0,0.0,0.0,0.0,0.9436636,0.0
9,7,0.0,0.0,0.05633639,0.0,0.0,0.0,0.0,0.9436636,0.0
9,7,0.0,0.0,0.05633639,0.0,0.0,0.0,0.0,0.9436636,0.0
9,7,0.0,0.0,0.05633639,0.0,0.0,0.0,0.0,0.9436636,0.0
9,7,0.0,0.0,0.05633639,0.0,0.0,0.0,0.0,0.9436636,0.0
9,7,0.0,0.0,0.05633639,0.0,0.0,0.0,0.0,0.9436636,0.0
9,7,0.0,0.0,0.05633639,0.0,0.0,0.0,0.0,0.9436636,0.0
9,7,0.0,0.0,0.05633639,0.0,0.0,0.0,0.0,0.9436636,0.0
9,7,0.0,0.0,0.05633639,0.0,0.0,0.0,0.0,0.9436636,0.0
9,7,0.0,0.0,0.05633639,0.0,0.0,0.0,0.0,0.9436636,0.0
9,7,0.0,0.0,0.05633639,0.0,0.0,0.0,0.0,0.9436636,0.0
9,7,0.0,0.0,0.05633639,0.0,0.0,0.0,0.0,0.9436636,0.0
9,7,0.0,0.0,0.05633639,0.0,0.0,0.0,0.0,0.9436636,0.0
9,7,0.0,0.0,0.05633639,0.0,0.0,0.0,0.0,0.9436636,0.0
9,7,0.0,0.0,0.05633639,0.0,0.0,0.0,0.0,0.9436636,0.0
9,7,0.0,0.0,0.05633639,0.0,0.0,0.0,0.0,0.9436636,0.0
9,7,0.0,0.0,0.05633639,0.0,0.0,0.0,0.0,0.9436636,0.0
9,7,0.0,0.0,0.05633639,0.0,0.0,0.0,0.0,0.9436636,0.0
9,7,0.0,0.0,0.05633639,0.0,0.0,0.0,0.0,0.9436636,0.0
9,7,0.0,0.0,0.05633639,0.0,0.0,0.0,0.0,0.9436636,0.0
9,7,0.0,0.0,0.05633639,0.0,0.0,0.0,0.0,0.9436636,0.0
9,7,0.0,0.0,0.05633639,0.0,0.0,0.0,0.0,0.9436636,0.0
9,7,0.0,0.0,0.05633639,0.0,0.0,0.0,0.0,0.9436636,0.0
9,7,0.0,0.0,0.05633639,0.0,0.0,0.0,0.0,0.9436636,0.0
9,7,0.0,0.0,0.05633639,0.0,0.0,0.0,0.0,0.9436636,0.0
9,7,0.0,0.0,0.05633639,0.0,0.0,0.0,0.0,0.9436636,0.0
9,7,0.0,0.0,0.05633639,0.0,0.0,0.0,0.0,0.9436636,0.0
9,7,0.0,0.0,0.05633639,0.0,0.0,0.0,0.0,0.9436636,0.0
9,7,0.0,0.0,0.05633639,0.0,0.0,0.0,0.0,0.9436636,0.0
9,7,0.0,0.0,0.05633639,0.0,0.0,0.0,0.0,0.9436636,0.0
9,7,0.0,0.0,0.111620076,0.0,0.0,0.0,0.0,0.88837993,0.0
9,7,0.0,0.0,0.111620076,0.0,0.0,0.0,0.0,0.88837993,0.0
9,7,0.0,0.0,0.111620076,0.0,0.0,0.0,0.0,0.88837993,0.0
9,7,0.0,0.0,0.111620076,0.0,0.0,0.0,0.0,0.88837993,0.0
9,7,0.0,0.0,0.111620076,0.0,0.0,0.0,0.0,0.88837993,0.0
9,7,0.0,0.0,0.111620076,0.0,0.0,0.0,0.0,0.88837993,0.0
9,7,0.0,0.0,0.111620076,0.0,0.0,0.0,0.0,0.88837993,0.0
9,7,0.0,0.0,0.111620076,0.0,0.0,0.0,0.0,0.88837993,0.0
9,7,0.0,0.0,0.111620076,0.0,0.0,0.0,0.0,0.88837993,0.0
9,7,0.0,0.0,0.111620076,0.0,0.0,0.0,0.0,0.88837993,0.0
9,7,0.0,0.0,0.111620076,0.0,0.0,0.0,0.0,0.88837993,0.0
9,7,0.0,0.0,0.111620076,0.0,0.0,0.0,0.0,0.88837993,0.0
9,7,0.0,0.0,0.111620076,0.0,0.0,0.0,0.0,0.88837993,0.0
9,7,0.0,0.0,0.111620076,0.0,0.0,0.0,0.0,0.88837993,0.0
9,7,0.0,0.0,0.111620076,0.0,0.0,0.0,0.0,0.88837993,0.0
9,7,0.0,0.0,0.111620076,0.0,0.0,0.0,0.0,0.88837993,0.0
9,7,0.0,0.0,0.111620076,0.0,0.0,0.0,0.0,0.88837993,0.0
9,7,0.0,0.0,0.111620076,0.0,0.0,0.0,0.0,0.88837993,0.0
9,7,0.0,0.0,0.111620076,0.0,0.0,0.0,0.0,0.88837993,0.0
9,7,0.0,0.0,0.111620076,0.0,0.0,0.0,0.0,0.88837993,0.0
9,7,0.0,0.0,0.111620076,0.0,0.0,0.0,0.0,0.88837993,0.0
9,7,0.0,0.0,0.111620076,0.0,0.0,0.0,0.0,0.88837993,0.0
9,7,0.0,0.0,0.111620076,0.0,0.0,0.0,0.0,0.88837993,0.0
9,7,0.0,0.0,0.111620076,0.0,0.0,0.0,0.0,0.88837993,0.0
9,7,0.0,0.0,0.111620076,0.0,0.0,0.0,0.0,0.88837993,0.0
9,7,0.0,0.0,0.111620076,0.0,0.0,0.0,0.0,0.88837993,0.0
9,7,0.0,0.0,0.111620076,0.0,0.0,0.0,0.0,0.88837993,0.0
9,7,0.0,0.0,0.111620076,0.0,0.0,0.0,0.0,0.88837993,0.0
9,7,0.0,0.0,0.111620076,0.0,0.0,0.0,0.0,0.88837993,0.0
9,7,0.0,0.0,0.111620076,0.0,0.0,0.0,0.0,0.88837993,0.0
9,7,0.0,0.0,0.111620076,0.0,0.0,0.0,0.0,0.88837993,0.0
9,7,0.0,0.0,0.111620076,0.0,0.0,0.0,0.0,0.88837993,0.0
9,7,0.0,0.0,0.111620076,0.0,0.0,0.0,0.0,0.88837993,0.0
9,7,0.0,0.0,0.111620076,0.0,0.0,0.0,0.0,0.88837993,0.0
9,7,0.0,0.0,0.111620076,0.0,0.0,0.0,0.0,0.88837993,0.0
9,7,0.0,0.0,0.111620076,0.0,0.0,0.0,0.0,0.88837993,0.0
9,7,0.0,0.0,0.111620076,0.0,0.0,0.0,0.0,0.88837993,0.0
9,7,0.0,0.0,0.111620076,0.0,0.0,0.0,0.0,0.88837993,0.0
9,7,0.0,0.0,0.111620076,0.0,0.0,0.0,0.0,0.88837993,0.0
9,7,0.0,0.0,0.111620076,0.0,0.0,0.0,0.0,0.88837993,0.0
9,7,0.0,0.0,0.111620076,0.0,0.0,0.0,0.0,0.88837993,0.0
9,7,0.0,0.0,0.111620076,0.0,0.0,0.0,0.0,0.88837993,0.0
9,7,0.0,0.0,0.111620076,0.0,0.0,0.0,0.0,0.88837993,0.0
9,7,0.0,0.0,0.111620076,0.0,0.0,0.0,0.0,0.88837993,0.0
9,7,0.0,0.0,0.111620076,0.0,0.0,0.0,0.0,0.88837993,0.0
9,7,0.0,0.0,0.111620076,0.0,0.0,0.0,0.0,0.88837993,0.0
9,7,0.0,0.0,0.111620076,0.0,0.0,0.0,0.0,0.88837993,0.0
9,7,0.0,0.0,0.111620076,0.0,0.0,0.0,0.0,0.88837993,0.0
9,7,0.0,0.0,0.111620076,0.0,0.0,0.0,0.0,0.88837993,0.0
9,7,0.0,0.0,0.111620076,0.0,0.0,0.0,0.0,0.88837993,0.0
9,7,0.0,0.0,0.1782475,0.0,0.0,0.0,0.0,0.8217525,0.0
9,7,0.0,0.0,0.1782475,0.0,0.0,0.0,0.0,0.8217525,0.0
9,7,0.0,0.0,0.1782475,0.0,0.0,0.0,0.0,0.8217525,0.0
9,7,0.0,0.0,0.1782475,0.0,0.0,0.0,0.0,0.8217525,0.0
9,7,0.0,0.0,0.1782475,0.0,0.0,0.0,0.0,0.8217525,0.0
9,7,0.0,0.0,0.1782475,0.0,0.0,0.0,0.0,0.8217525,0.0
9,7,0.0,0.0,0.1782475,0.0,0.0,0.0,0.0,0.8217525,0.0
9,7,0.0,0.0,0.23391901,0.0,0.0,0.0,0.0,0.766081,0.0
9,7,0.0,0.0,0.23391901,0.0,0.0,0.0,0.0,0.766081,0.0
9,7,0.0,0.0,0.23391901,0.0,0.0,0.0,0.0,0.766081,0.0
9,7,0.0,0.0,0.23391901,0.0,0.0,0.0,0.0,0.766081,0.0
9,7,0.0,0.0,0.23391901,0.0,0.0,0.0,0.0,0.766081,0.0
9,7,0.0,0.0,0.23391901,0.0,0.0,0.0,0.0,0.766081,0.0
9,7,0.0,0.0,0.23391901,0.0,0.0,0.0,0.0,0.766081,0.0
9,7,0.0,0.0,0.23391901,0.0,0.0,0.0,0.0,0.766081,0.0
9,7,0.0,0.0,0.23391901,0.0,0.0,0.0,0.0,0.766081,0.0
9,7,0.0,0.0,0.23391901,0.0,0.0,0.0,0.0,0.766081,0.0
9,7,0.0,0.0,0.23391901,0.0,0.0,0.0,0.0,0.766081,0.0
9,7,0.0,0.0,0.23391901,0.0,0.0,0.0,0.0,0.766081,0.0
9,7,0.0,0.0,0.23391901,0.0,0.0,0.0,0.0,0.766081,0.0
9,7,0.0,0.0,0.23391901,0.0,0.0,0.0,0.0,0.766081,0.0
9,7,0.0,0.0,0.23391901,0.0,0.0,0.0,0.0,0.766081,0.0
9,7,0.0,0.0,0.23391901,0.0,0.0,0.0,0.0,0.766081,0.0
9,7,0.0,0.0,0.23391901,0.0,0.0,0.0,0.0,0.766081,0.0
9,7,0.0,0.0,0.23391901,0.0,0.0,0.0,0.0,0.766081,0.0
9,7,0.0,0.0,0.23391901,0.0,0.0,0.0,0.0,0.766081,0.0
9,7,0.0,0.0,0.23391901,0.0,0.0,0.0,0.0,0.766081,0.0
9,7,0.0,0.0,0.23391901,0.0,0.0,0.0,0.0,0.766081,0.0
9,7,0.0,0.0,0.23391901,0.0,0.0,0.0,0.0,0.766081,0.0
9,7,0.0,0.0,0.23391901,0.0,0.0,0.0,0.0,0.766081,0.0
9,7,0.0,0.0,0.23391901,0.0,0.0,0.0,0.0,0.766081,0.0
9,7,0.0,0.0,0.23391901,0.0,0.0,0.0,0.0,0.766081,0.0
9,7,0.0,0.0,0.23391901,0.0,0.0,0.0,0.0,0.766081,0.0
9,7,0.0,0.0,0.23391901,0.0,0.0,0.0,0.0,0.766081,0.0
9,7,0.0,0.0,0.23391901,0.0,0.0,0.0,0.0,0.766081,0.0
9,7,0.0,0.0,0.23391901,0.0,0.0,0.0,0.0,0.766081,0.0
9,7,0.0,0.0,0.23391901,0.0,0.0,0.0,0.0,0.766081,0.0
9,7,0.0,0.0,0.23391901,0.0,0.0,0.0,0.0,0.766081,0.0
9,7,0.0,0.0,0.23391901,0.0,0.0,0.0,0.0,0.766081,0.0
9,7,0.0,0.0,0.23391901,0.0,0.0,0.0,0.0,0.766081,0.0
9,7,0.0,0.0,0.23391901,0.0,0.0,0.0,0.0,0.766081,0.0
9,7,0.0,0.0,0.23391901,0.0,0.0,0.0,0.0,0.766081,0.0
9,7,0.0,0.0,0.23391901,0.0,0.0,0.0,0.0,0.766081,0.0
9,7,0.0,0.0,0.23391901,0.0,0.0,0.0,0.0,0.766081,0.0
9,7,0.0,0.0,0.23391901,0.0,0.0,0.0,0.0,0.766081,0.0
9,7,0.0,0.0,0.23391901,0.0,0.0,0.0,0.0,0.766081,0.0
9,7,0.0,0.0,0.23391901,0.0,0.0,0.0,0.0,0.766081,0.0
9,7,0.0,0.0,0.23391901,0.0,0.0,0.0,0.0,0.766081,0.0
9,7,0.0,0.0,0.23391901,0.0,0.0,0.0,0.0,0.766081,0.0
9,7,0.0,0.0,0.23391901,0.0,0.0,0.0,0.0,0.766081,0.0
9,7,0.0,0.0,0.23391901,0.0,0.0,0.0,0.0,0.766081,0.0
9,7,0.0,0.0,0.23391901,0.0,0.0,0.0,0.0,0.766081,0.0
9,7,0.0,0.0,0.23391901,0.0,0.0,0.0,0.0,0.766081,0.0
9,7,0.0,0.0,0.23391901,0.0,0.0,0.0,0.0,0.766081,0.0
9,7,0.0,0.0,0.23391901,0.0,0.0,0.0,0.0,0.766081,0.0
9,7,0.0,0.0,0.23391901,0.0,0.0,0.0,0.0,0.766081,0.0
9,7,0.0,0.0,0.23391901,0.0,0.0,0.0,0.0,0.766081,0.0
9,7,0.0,0.0,0.23391901,0.0,0.0,0.0,0.0,0.766081,0.0
9,7,0.0,0.0,0.23391901,0.0,0.0,0.0,0.0,0.766081,0.0
9,7,0.0,0.0,0.23391901,0.0,0.0,0.0,0.0,0.766081,0.0
9,7,0.0,0.0,0.23391901,0.0,0.0,0.0,0.0,0.766081,0.0
9,7,0.0,0.0,0.23391901,0.0,0.0,0.0,0.0,0.766081,0.0
9,7,0.0,0.0,0.23391901,0.0,0.0,0.0,0.0,0.766081,0.0
9,7,0.0,0.0,0.23391901,0.0,0.0,0.0,0.0,0.766081,0.0
9,7,0.0,0.0,0.23391901,0.0,0.0,0.0,0.0,0.766081,0.0
9,7,0.0,0.0,0.23391901,0.0,0.0,0.0,0.0,0.766081,0.0
9,7,0.0,0.0,0.23391901,0.0,0.0,0.0,0.0,0.766081,0.0
9,7,0.0,0.0,0.23391901,0.0,0.0,0.0,0.0,0.766081,0.0
9,7,0.0,0.0,0.23391901,0.0,0.0,0.0,0.0,0.766081,0.0
9,7,0.0,0.0,0.23391901,0.0,0.0,0.0,0.0,0.766081,0.0
9,7,0.0,0.0,0.23391901,0.0,0.0,0.0,0.0,0.766081,0.0
9,7,0.0,0.0,0.23391901,0.0,0.0,0.0,0.0,0.766081,0.0
9,7,0.0,0.0,0.23391901,0.0,0.0,0.0,0.0,0.766081,0.0
9,7,0.0,0.0,0.23391901,0.0,0.0,0.0,0.0,0.766081,0.0
9,7,0.0,0.0,0.23391901,0.0,0.0,0.0,0.0,0.766081,0.0
9,7,0.0,0.0,0.23391901,0.0,0.0,0.0,0.0,0.766081,0.0
9,7,0.0,0.0,0.23391901,0.0,0.0,0.0,0.0,0.766081,0.0
9,7,0.0,0.0,0.23391901,0.0,0.0,0.0,0.0,0.766081,0.0
9,7,0.0,0.0,0.23391901,0.0,0.0,0.0,0.0,0.766081,0.0
9,7,0.0,0.0,0.23391901,0.0,0.0,0.0,0.0,0.766081,0.0
9,7,0.0,0.0,0.23391901,0.0,0.0,0.0,0.0,0.766081,0.0
9,7,0.0,0.0,0.23391901,0.0,0.0,0.0,0.0,0.766081,0.0
9,7,0.0,0.0,0.23391901,0.0,0.0,0.0,0.0,0.766081,0.0
9,7,0.0,0.0,0.23391901,0.0,0.0,0.0,0.0,0.766081,0.0
9,7,0.0,0.0,0.23391901,0.0,0.0,0.0,0.0,0.766081,0.0
9,7,0.0,0.0,0.23391901,0.0,0.0,0.0,0.0,0.766081,0.0
9,7,0.0,0.0,0.23391901,0.0,0.0,0.0,0.0,0.766081,0.0
9,7,0.0,0.0,0.23391901,0.0,0.0,0.0,0.0,0.766081,0.0
9,7,0.0,0.0,0.23391901,0.0,0.0,0.0,0.0,0.766081,0.0
9,7,0.0,0.0,0.23391901,0.0,0.0,0.0,0.0,0.766081,0.0
9,7,0.0,0.0,0.23391901,0.0,0.0,0.0,0.0,0.766081,0.0
9,7,0.0,0.0,0.23391901,0.0,0.0,0.0,0.0,0.766081,0.0
9,7,0.0,0.0,0.23391901,0.0,0.0,0.0,0.0,0.766081,0.0
9,7,0.0,0.0,0.23391901,0.0,0.0,0.0,0.0,0.766081,0.0
9,7,0.0,0.0,0.23391901,0.0,0.0,0.0,0.0,0.766081,0.0
9,7,0.0,0.0,0.23391901,0.0,0.0,0.0,0.0,0.766081,0.0
9,7,0.0,0.0,0.23391901,0.0,0.0,0.0,0.0,0.766081,0.0
9,7,0.0,0.0,0.23391901,0.0,0.0,0.0,0.0,0.766081,0.0
9,7,0.0,0.0,0.23391901,0.0,0.0,0.0,0.0,0.766081,0.0
9,7,0.0,0.0,0.23391901,0.0,0.0,0.0,0.0,0.766081,0.0
9,7,0.0,0.0,0.23391901,0.0,0.0,0.0,0.0,0.766081,0.0
9,7,0.0,0.0,0.23391901,0.0,0.0,0.0,0.0,0.766081,0.0
9,7,0.0,0.0,0.23391901,0.0,0.0,0.0,0.0,0.766081,0.0
9,7,0.0,0.0,0.23391901,0.0,0.0,0.0,0.0,0.766081,0.0
9,7,0.0,0.0,0.23391901,0.0,0.0,0.0,0.0,0.766081,0.0
9,7,0.0,0.0,0.23391901,0.0,0.0,0.0,0.0,0.766081,0.0
9,7,0.0,0.0,0.23391901,0.0,0.0,0.0,0.0,0.766081,0.0
9,7,0.0,0.0,0.23391901,0.0,0.0,0.0,0.0,0.766081,0.0
9,7,0.0,0.0,0.23391901,0.0,0.0,0.0,0.0,0.766081,0.0
9,7,0.0,0.0,0.23391901,0.0,0.0,0.0,0.0,0.766081,0.0
9,7,0.0,0.0,0.23391901,0.0,0.0,0.0,0.0,0.766081,0.0
9,7,0.0,0.0,0.23391901,0.0,0.0,0.0,0.0,0.766081,0.0
9,7,0.0,0.0,0.23391901,0.0,0.0,0.0,0.0,0.766081,0.0
9,7,0.0,0.0,0.23391901,0.0,0.0,0.0,0.0,0.766081,0.0
9,7,0.0,0.0,0.23391901,0.0,0.0,0.0,0.0,0.766081,0.0
9,7,0.0,0.0,0.23391901,0.0,0.0,0.0,0.0,0.766081,0.0
9,7,0.0,0.0,0.23391901,0.0,0.0,0.0,0.0,0.766081,0.0
9,7,0.0,0.0,0.23391901,0.0,0.0,0.0,0.0,0.766081,0.0
9,7,0.0,0.0,0.23391901,0.0,0.0,0.0,0.0,0.766081,0.0
9,7,0.0,0.0,0.23391901,0.0,0.0,0.0,0.0,0.766081,0.0
9,7,0.0,0.0,0.23391901,0.0,0.0,0.0,0.0,0.766081,0.0
9,7,0.0,0.0,0.23391901,0.0,0.0,0.0,0.0,0.766081,0.0
9,7,0.0,0.0,0.23391901,0.0,0.0,0.0,0.0,0.766081,0.0
9,7,0.0,0.0,0.23391901,0.0,0.0,0.0,0.0,0.766081,0.0
9,7,0.0,0.0,0.23391901,0.0,0.0,0.0,0.0,0.766081,0.0
9,7,0.0,0.0,0.23391901,0.0,0.0,0.0,0.0,0.766081,0.0
9,7,0.0,0.0,0.23391901,0.0,0.0,0.0,0.0,0.766081,0.0
9,7,0.0,0.0,0.23391901,0.0,0.0,0.0,0.0,0.766081,0.0
9,7,0.0,0.0,0.23391901,0.0,0.0,0.0,0.0,0.766081,0.0
9,7,0.0,0.0,0.23391901,0.0,0.0,0.0,0.0,0.766081,0.0
9,7,0.0,0.0,0.23391901,0.0,0.0,0.0,0.0,0.766081,0.0
9,7,0.0,0.0,0.23391901,0.0,0.0,0.0,0.0,0.766081,0.0
9,7,0.0,0.0,0.23391901,0.0,0.0,0.0,0.0,0.766081,0.0
9,7,0.0,0.0,0.23391901,0.0,0.0,0.0,0.0,0.766081,0.0
9,7,0.0,0.0,0.23391901,0.0,0.0,0.0,0.0,0.766081,0.0
9,7,0.0,0.0,0.23391901,0.0,0.0,0.0,0.0,0.766081,0.0
9,7,0.0,0.0,0.23391901,0.0,0.0,0.0,0.0,0.766081,0.0
9,7,0.0,0.0,0.23391901,0.0,0.0,0.0,0.0,0.766081,0.0
9,7,0.0,0.0,0.23391901,0.0,0.0,0.0,0.0,0.766081,0.0
9,7,0.0,0.0,0.23391901,0.0,0.0,0.0,0.0,0.766081,0.0
9,7,0.0,0.0,0.23391901,0.0,0.0,0.0,0.0,0.766081,0.0
9,7,0.0,0.0,0.23391901,0.0,0.0,0.0,0.0,0.766081,0.0
9,7,0.0,0.0,0.23391901,0.0,0.0,0.0,0.0,0.766081,0.0
9,7,0.0,0.0,0.23391901,0.0,0.0,0.0,0.0,0.766081,0.0
9,7,0.0,0.0,0.23391901,0.0,0.0,0.0,0.0,0.766081,0.0
9,7,0.0,0.0,0.23391901,0.0,0.0,0.0,0.0,0.766081,0.0
9,7,0.0,0.0,0.23391901,0.0,0.0,0.0,0.0,0.766081,0.0
9,7,0.0,0.0,0.23391901,0.0,0.0,0.0,0.0,0.766081,0.0
9,7,0.0,0.0,0.23391901,0.0,0.0,0.0,0.0,0.766081,0.0
9,7,0.0,0.0,0.23391901,0.0,0.0,0.0,0.0,0.766081,0.0
9,7,0.0,0.0,0.23391901,0.0,0.0,0.0,0.0,0.766081,0.0
9,7,0.0,0.0,0.23391901,0.0,0.0,0.0,0.0,0.766081,0.0
9,7,0.0,0.0,0.23391901,0.0,0.0,0.0,0.0,0.766081,0.0
9,7,0.0,0.0,0.23391901,0.0,0.0,0.0,0.0,0.766081,0.0
9,7,0.0,0.0,0.23391901,0.0,0.0,0.0,0.0,0.766081,0.0
9,7,0.0,0.0,0.23391901,0.0,0.0,0.0,0.0,0.766081,0.0
9,7,0.0,0.0,0.23391901,0.0,0.0,0.0,0.0,0.766081,0.0
9,7,0.0,0.0,0.23391901,0.0,0.0,0.0,0.0,0.766081,0.0
9,7,0.0,0.0,0.23391901,0.0,0.0,0.0,0.0,0.766081,0.0
9,7,0.0,0.0,0.23391901,0.0,0.0,0.0,0.0,0.766081,0.0
9,7,0.0,0.0,0.23391901,0.0,0.0,0.0,0.0,0.766081,0.0
9,7,0.0,0.0,0.23391901,0.0,0.0,0.0,0.0,0.766081,0.0
9,7,0.0,0.0,0.23391901,0.0,0.0,0.0,0.0,0.766081,0.0
9,7,0.0,0.0,0.23391901,0.0,0.0,0.0,0.0,0.766081,0.0
9,7,0.0,0.0,0.23391901,0.0,0.0,0.0,0.0,0.766081,0.0
9,7,0.0,0.0,0.23391901,0.0,0.0,0.0,0.0,0.766081,0.0
9,7,0.0,0.0,0.23391901,0.0,0.0,0.0,0.0,0.766081,0.0
9,7,0.0,0.0,0.23391901,0.0,0.0,0.0,0.0,0.766081,0.0
9,7,0.0,0.0,0.23391901,0.0,0.0,0.0,0.0,0.766081,0.0
9,7,0.0,0.0,0.23391901,0.0,0.0,0.0,0.0,0.766081,0.0
9,7,0.0,0.0,0.23391901,0.0,0.0,0.0,0.0,0.766081,0.0
9,7,0.0,0.0,0.23391901,0.0,0.0,0.0,0.0,0.766081,0.0
9,7,0.0,0.0,0.23391901,0.0,0.0,0.0,0.0,0.766081,0.0
9,7,0.0,0.0,0.23391901,0.0,0.0,0.0,0.0,0.766081,0.0
9,7,0.0,0.0,0.23391901,0.0,0.0,0.0,0.0,0.766081,0.0
9,7,0.0,0.0,0.23391901,0.0,0.0,0.0,0.0,0.766081,0.0
9,7,0.0,0.0,0.23391901,0.0,0.0,0.0,0.0,0.766081,0.0
9,7,0.0,0.0,0.23391901,0.0,0.0,0.0,0.0,0.766081,0.0
9,7,0.0,0.0,0.23391901,0.0,0.0,0.0,0.0,0.766081,0.0
9,7,0.0,0.0,0.23391901,0.0,0.0,0.0,0.0,0.766081,0.0
9,7,0.0,0.0,0.23391901,0.0,0.0,0.0,0.0,0.766081,0.0
9,7,0.0,0.0,0.23391901,0.0,0.0,0.0,0.0,0.766081,0.0
9,7,0.0,0.0,0.23391901,0.0,0.0,0.0,0.0,0.766081,0.0
9,7,0.0,0.0,0.23391901,0.0,0.0,0.0,0.0,0.766081,0.0
9,7,0.0,0.0,0.23391901,0.0,0.0,0.0,0.0,0.766081,0.0
9,7,0.0,0.0,0.23391901,0.0,0.0,0.0,0.0,0.766081,0.0
9,7,0.0,0.0,0.23391901,0.0,0.0,0.0,0.0,0.766081,0.0
9,7,0.0,0.0,0.23391901,0.0,0.0,0.0,0.0,0.766081,0.0
9,7,0.0,0.0,0.23391901,0.0,0.0,0.0,0.0,0.766081,0.0
9,7,0.0,0.0,0.23391901,0.0,0.0,0.0,0.0,0.766081,0.0
9,7,0.0,0.0,0.23391901,0.0,0.0,0.0,0.0,0.766081,0.0
9,7,0.0,0.0,0.23391901,0.0,0.0,0.0,0.0,0.766081,0.0
9,7,0.0,0.0,0.23391901,0.0,0.0,0.0,0.0,0.766081,0.0
9,7,0.0,0.0,0.23391901,0.0,0.0,0.0,0.0,0.766081,0.0
9,7,0.0,0.0,0.1782475,0.0,0.0,0.0,0.0,0.8217525,0.0
9,7,0.0,0.0,0.1782475,0.0,0.0,0.0,0.0,0.8217525,0.0
9,7,0.0,0.0,0.1782475,0.0,0.0,0.0,0.0,0.8217525,0.0
9,7,0.0,0.0,0.1782475,0.0,0.0,0.0,0.0,0.8217525,0.0
9,7,0.0,0.0,0.1782475,0.0,0.0,0.0,0.0,0.8217525,0.0
9,7,0.0,0.0,0.1782475,0.0,0.0,0.0,0.0,0.8217525,0.0
9,7,0.0,0.0,0.111620076,0.0,0.0,0.0,0.0,0.88837993,0.0
9,7,0.0,0.0,0.111620076,0.0,0.0,0.0,0.0,0.88837993,0.0
9,7,0.0,0.0,0.111620076,0.0,0.0,0.0,0.0,0.88837993,0.0
9,7,0.0,0.0,0.111620076,0.0,0.0,0.0,0.0,0.88837993,0.0
9,7,0.0,0.0,0.111620076,0.0,0.0,0.0,0.0,0.88837993,0.0
9,7,0.0,0.0,0.111620076,0.0,0.0,0.0,0.0,0.88837993,0.0
9,7,0.0,0.0,0.111620076,0.0,0.0,0.0,0.0,0.88837993,0.0
9,7,0.0,0.0,0.111620076,0.0,0.0,0.0,0.0,0.88837993,0.0
9,7,0.0,0.0,0.111620076,0.0,0.0,0.0,0.06236556,0.8260144,0.0
9,7,0.0,0.0,0.111620076,0.0,0.0,0.0,0.06236556,0.8260144,0.0
9,7,0.0,0.0,0.111620076,0.0,0.0,0.0,0.06236556,0.8260144,0.0
9,7,0.0,0.0,0.111620076,0.0,0.0,0.0,0.06236556,0.8260144,0.0
9,7,0.0,0.0,0.111620076,0.0,0.0,0.0,0.06236556,0.8260144,0.0
9,7,0.0,0.0,0.111620076,0.0,0.0,0.0,0.06236556,0.8260144,0.0
9,7,0.0,0.0,0.111620076,0.0,0.0,0.0,0.06236556,0.8260144,0.0
9,7,0.0,0.0,0.111620076,0.0,0.0,0.0,0.06236556,0.8260144,0.0
9,7,0.0,0.0,0.111620076,0.0,0.0,0.0,0.06236556,0.8260144,0.0
9,7,0.0,0.0,0.111620076,0.0,0.0,0.0,0.06236556,0.8260144,0.0
9,7,0.0,0.0,0.111620076,0.0,0.0,0.0,0.06236556,0.8260144,0.0
9,7,0.0,0.0,0.111620076,0.0,0.0,0.0,0.06236556,0.8260144,0.0
9,7,0.0,0.0,0.111620076,0.0,0.0,0.0,0.06236556,0.8260144,0.0
9,7,0.0,0.0,0.111620076,0.0,0.0,0.0,0.06236556,0.8260144,0.0
9,7,0.0,0.0,0.111620076,0.0,0.0,0.0,0.06236556,0.8260144,0.0
9,7,0.0,0.0,0.111620076,0.0,0.0,0.0,0.06236556,0.8260144,0.0
9,7,0.0,0.0,0.111620076,0.0,0.0,0.0,0.06236556,0.8260144,0.0
9,7,0.0,0.0,0.111620076,0.0,0.0,0.0,0.06236556,0.8260144,0.0
9,7,0.0,0.0,0.111620076,0.0,0.0,0.0,0.06236556,0.8260144,0.0
9,7,0.0,0.0,0.111620076,0.0,0.0,0.0,0.06236556,0.8260144,0.0
9,7,0.0,0.0,0.111620076,0.0,0.0,0.0,0.06236556,0.8260144,0.0
9,7,0.0,0.0,0.111620076,0.0,0.0,0.0,0.06236556,0.8260144,0.0
9,7,0.0,0.0,0.111620076,0.0,0.0,0.0,0.06236556,0.8260144,0.0
9,7,0.0,0.0,0.111620076,0.0,0.0,0.0,0.06236556,0.8260144,0.0
9,7,0.0,0.0,0.111620076,0.0,0.0,0.0,0.06236556,0.8260144,0.0
9,7,0.0,0.0,0.111620076,0.0,0.0,0.0,0.06236556,0.8260144,0.0
9,7,0.0,0.0,0.111620076,0.0,0.0,0.0,0.06236556,0.8260144,0.0
9,7,0.0,0.0,0.111620076,0.0,0.0,0.0,0.06236556,0.8260144,0.0
9,7,0.0,0.0,0.111620076,0.0,0.0,0.0,0.06236556,0.8260144,0.0
9,7,0.0,0.0,0.111620076,0.0,0.0,0.0,0.06236556,0.8260144,0.0
9,7,0.0,0.0,0.111620076,0.0,0.0,0.0,0.06236556,0.8260144,0.0
9,7,0.0,0.0,0.111620076,0.0,0.0,0.0,0.06236556,0.8260144,0.0
9,7,0.0,0.0,0.111620076,0.0,0.0,0.0,0.06236556,0.8260144,0.0
9,7,0.0,0.0,0.111620076,0.0,0.0,0.0,0.06236556,0.8260144,0.0
9,7,0.0,0.0,0.111620076,0.0,0.0,0.0,0.06236556,0.8260144,0.0
9,7,0.0,0.0,0.111620076,0.0,0.0,0.0,0.06236556,0.8260144,0.0
9,7,0.0,0.0,0.111620076,0.0,0.0,0.0,0.06236556,0.8260144,0.0
9,7,0.0,0.0,0.111620076,0.0,0.0,0.0,0.06236556,0.8260144,0.0
9,7,0.0,0.0,0.111620076,0.0,0.0,0.0,0.06236556,0.8260144,0.0
9,7,0.0,0.0,0.111620076,0.0,0.0,0.0,0.06236556,0.8260144,0.0
9,7,0.0,0.0,0.111620076,0.0,0.0,0.0,0.06236556,0.8260144,0.0
9,7,0.0,0.0,0.111620076,0.0,0.0,0.0,0.06236556,0.8260144,0.0
9,7,0.0,0.0,0.05633639,0.0,0.0,0.0,0.062365558,0.88129807,0.0
9,7,0.0,0.0,0.05633639,0.0,0.0,0.0,0.062365558,0.88129807,0.0
9,7,0.0,0.0,0.05633639,0.0,0.0,0.0,0.062365558,0.88129807,0.0
9,7,0.0,0.0,0.05633639,0.0,0.0,0.0,0.062365558,0.88129807,0.0
9,7,0.0,0.0,0.05633639,0.0,0.0,0.0,0.062365558,0.88129807,0.0
9,7,0.0,0.0,0.05633639,0.0,0.0,0.0,0.062365558,0.88129807,0.0
9,7,0.0,0.0,0.05633639,0.0,0.0,0.0,0.062365558,0.88129807,0.0
9,7,0.0,0.0,0.05633639,0.0,0.0,0.0,0.062365558,0.88129807,0.0
9,7,0.0,0.0,0.05633639,0.0,0.0,0.0,0.062365558,0.88129807,0.0
9,7,0.0,0.0,0.05633639,0.0,0.0,0.0,0.062365558,0.88129807,0.0
9,7,0.0,0.0,0.05633639,0.0,0.0,0.0,0.062365558,0.88129807,0.0
9,7,0.0,0.0,0.05633639,0.0,0.0,0.0,0.062365558,0.88129807,0.0
9,7,0.0,0.0,0.05633639,0.0,0.0,0.0,0.062365558,0.88129807,0.0
9,7,0.0,0.0,0.05633639,0.0,0.0,0.0,0.062365558,0.88129807,0.0
9,7,0.0,0.0,0.05633639,0.0,0.0,0.0,0.062365558,0.88129807,0.0
9,7,0.0,0.0,0.05633639,0.0,0.0,0.0,0.062365558,0.88129807,0.0
9,7,0.0,0.0,0.05633639,0.0,0.0,0.0,0.062365558,0.88129807,0.0
9,7,0.0,0.0,0.05633639,0.0,0.0,0.0,0.062365558,0.88129807,0.0
9,7,0.0,0.0,0.05633639,0.0,0.0,0.0,0.062365558,0.88129807,0.0
9,7,0.0,0.0,0.05633639,0.0,0.0,0.0,0.062365558,0.88129807,0.0
9,7,0.0,0.0,0.05633639,0.0,0.0,0.0,0.062365558,0.88129807,0.0
9,7,0.0,0.0,0.05633639,0.0,0.0,0.0,0.062365558,0.88129807,0.0
9,7,0.0,0.0,0.05633639,0.0,0.0,0.0,0.062365558,0.88129807,0.0
9,7,0.0,0.0,0.05633639,0.0,0.0,0.0,0.062365558,0.88129807,0.0
9,7,0.0,0.0,0.05633639,0.0,0.0,0.0,0.062365558,0.88129807,0.0
9,7,0.0,0.0,0.05633639,0.0,0.0,0.0,0.062365558,0.88129807,0.0
9,7,0.0,0.0,0.05633639,0.0,0.0,0.0,0.062365558,0.88129807,0.0
9,7,0.0,0.0,0.05633639,0.0,0.0,0.0,0.062365558,0.88129807,0.0
9,7,0.0,0.0,0.05633639,0.0,0.0,0.0,0.062365558,0.88129807,0.0
9,7,0.0,0.0,0.05633639,0.0,0.0,0.0,0.062365558,0.88129807,0.0
9,7,0.0,0.0,0.0,0.0,0.0,0.0,0.062365558,0.93763447,0.0
9,7,0.0,0.0,0.0,0.0,0.0,0.0,0.062365558,0.93763447,0.0
9,7,0.0,0.0,0.0,0.0,0.0,0.0,0.062365558,0.93763447,0.0
9,7,0.0,0.0,0.0,0.0,0.0,0.0,0.062365558,0.93763447,0.0
9,7,0.0,0.0,0.0,0.0,0.0,0.0,0.062365558,0.93763447,0.0
9,7,0.0,0.0,0.0,0.0,0.0,0.0,0.062365558,0.93763447,0.0
9,7,0.0,0.0,0.0,0.0,0.0,0.0,0.062365558,0.93763447,0.0
9,7,0.0,0.0,0.0,0.0,0.0,0.0,0.062365558,0.93763447,0.0
9,7,0.0,0.0,0.0,0.0,0.0,0.0,0.062365558,0.93763447,0.0
9,7,0.0,0.0,0.0,0.0,0.0,0.0,0.062365558,0.93763447,0.0
9,7,0.0,0.0,0.0,0.0,0.0,0.0,0.062365558,0.93763447,0.0
9,7,0.0,0.0,0.0,0.0,0.0,0.0,0.062365558,0.93763447,0.0
9,7,0.0,0.0,0.0,0.0,0.0,0.0,0.062365558,0.93763447,0.0
9,7,0.0,0.0,0.0,0.0,0.0,0.0,0.062365558,0.93763447,0.0
9,7,0.0,0.0,0.0,0.0,0.0,0.0,0.062365558,0.93763447,0.0
9,7,0.0,0.0,0.0,0.0,0.0,0.0,0.062365558,0.93763447,0.0
9,7,0.0,0.0,0.059169326,0.0,0.0,0.0,0.062365554,0.8784651,0.0
9,7,0.0,0.0,0.059169326,0.0,0.0,0.0,0.062365554,0.8784651,0.0
9,7,0.0,0.0,0.059169326,0.0,0.0,0.0,0.062365554,0.8784651,0.0
9,7,0.0,0.0,0.059169326,0.0,0.0,0.0,0.062365554,0.8784651,0.0
9,7,0.0,0.0,0.059169326,0.0,0.0,0.0,0.062365554,0.8784651,0.0
9,7,0.0,0.0,0.059169326,0.0,0.0,0.0,0.062365554,0.8784651,0.0
9,7,0.0,0.0,0.059169326,0.0,0.0,0.0,0.062365554,0.8784651,0.0
9,7,0.0,0.0,0.059169326,0.0,0.0,0.0,0.062365554,0.8784651,0.0
9,7,0.0,0.0,0.059169326,0.0,0.0,0.0,0.062365554,0.8784651,0.0
9,7,0.0,0.0,0.059169326,0.0,0.0,0.0,0.062365554,0.8784651,0.0
9,7,0.0,0.0,0.059169326,0.0,0.0,0.0,0.062365554,0.8784651,0.0
9,7,0.0,0.0,0.059169326,0.0,0.0,0.0,0.062365554,0.8784651,0.0
9,7,0.0,0.0,0.059169326,0.0,0.0,0.0,0.062365554,0.8784651,0.0
9,7,0.0,0.0,0.059169326,0.0,0.0,0.0,0.062365554,0.8784651,0.0
9,7,0.0,0.0,0.059169326,0.0,0.0,0.0,0.062365554,0.8784651,0.0
9,7,0.0,0.0,0.059169326,0.0,0.0,0.0,0.062365554,0.8784651,0.0
9,7,0.0,0.0,0.059169326,0.0,0.0,0.0,0.062365554,0.8784651,0.0
9,7,0.0,0.0,0.059169326,0.0,0.0,0.0,0.062365554,0.8784651,0.0
9,7,0.0,0.0,0.059169326,0.0,0.0,0.0,0.062365554,0.8784651,0.0
9,7,0.0,0.0,0.059169326,0.0,0.0,0.0,0.062365554,0.8784651,0.0
9,7,0.0,0.0,0.059169326,0.0,0.0,0.0,0.062365554,0.8784651,0.0
9,7,0.0,0.0,0.059169326,0.0,0.0,0.0,0.062365554,0.8784651,0.0
9,7,0.0,0.0,0.059169326,0.0,0.0,0.0,0.062365554,0.8784651,0.0
9,7,0.0,0.0,0.059169326,0.0,0.0,0.0,0.062365554,0.8784651,0.0
9,7,0.0,0.0,0.059169326,0.0,0.0,0.0,0.062365554,0.8784651,0.0
9,7,0.0,0.0,0.059169326,0.0,0.0,0.0,0.062365554,0.8784651,0.0
9,7,0.0,0.0,0.059169326,0.0,0.0,0.0,0.062365554,0.8784651,0.0
9,7,0.0,0.0,0.059169326,0.0,0.0,0.0,0.062365554,0.8784651,0.0
9,7,0.0,0.0,0.059169326,0.0,0.0,0.0,0.062365554,0.8784651,0.0
9,7,0.0,0.0,0.059169326,0.0,0.0,0.0,0.062365554,0.8784651,0.0
9,7,0.0,0.0,0.059169326,0.0,0.0,0.0,0.062365554,0.8784651,0.0
9,7,0.0,0.0,0.059169326,0.0,0.0,0.0,0.062365554,0.8784651,0.0
9,7,0.0,0.0,0.059169326,0.0,0.0,0.0,0.062365554,0.8784651,0.0
9,7,0.0,0.0,0.059169326,0.0,0.0,0.0,0.062365554,0.8784651,0.0
9,7,0.0,0.0,0.059169326,0.0,0.0,0.0,0.062365554,0.8784651,0.0
9,7,0.0,0.0,0.059169326,0.0,0.0,0.0,0.062365554,0.8784651,0.0
9,7,0.0,0.0,0.059169326,0.0,0.0,0.0,0.062365554,0.8784651,0.0
9,7,0.0,0.0,0.059169326,0.0,0.0,0.0,0.062365554,0.8784651,0.0
9,7,0.0,0.0,0.059169326,0.0,0.0,0.0,0.062365554,0.8784651,0.0
9,7,0.0,0.0,0.059169326,0.0,0.0,0.0,0.062365554,0.8784651,0.0
9,7,0.0,0.0,0.059169326,0.0,0.0,0.0,0.062365554,0.8784651,0.0
9,7,0.0,0.0,0.059169326,0.0,0.0,0.0,0.062365554,0.8784651,0.0
9,7,0.0,0.0,0.059169326,0.0,0.0,0.0,0.062365554,0.8784651,0.0
9,7,0.0,0.0,0.059169326,0.0,0.0,0.0,0.062365554,0.8784651,0.0
9,7,0.0,0.0,0.059169326,0.0,0.0,0.0,0.062365554,0.8784651,0.0
9,7,0.0,0.0,0.059169326,0.0,0.0,0.0,0.062365554,0.8784651,0.0
9,7,0.0,0.0,0.059169326,0.0,0.0,0.0,0.062365554,0.8784651,0.0
9,7,0.0,0.0,0.059169326,0.0,0.0,0.0,0.062365554,0.8784651,0.0
9,7,0.0,0.0,0.059169326,0.0,0.0,0.0,0.062365554,0.8784651,0.0
9,7,0.0,0.0,0.059169326,0.0,0.0,0.0,0.062365554,0.8784651,0.0
9,7,0.0,0.0,0.059169326,0.0,0.0,0.0,0.062365554,0.8784651,0.0
9,7,0.0,0.0,0.059169326,0.0,0.0,0.0,0.062365554,0.8784651,0.0
9,7,0.0,0.0,0.059169326,0.0,0.0,0.0,0.062365554,0.8784651,0.0
9,7,0.0,0.0,0.059169326,0.0,0.0,0.0,0.062365554,0.8784651,0.0
9,7,0.0,0.0,0.059169326,0.0,0.0,0.0,0.062365554,0.8784651,0.0
9,7,0.0,0.0,0.059169326,0.0,0.0,0.0,0.062365554,0.8784651,0.0
9,7,0.0,0.0,0.059169326,0.0,0.0,0.0,0.062365554,0.8784651,0.0
9,7,0.0,0.0,0.059169326,0.0,0.0,0.0,0.062365554,0.8784651,0.0
9,7,0.0,0.0,0.059169326,0.0,0.0,0.0,0.062365554,0.8784651,0.0
9,7,0.0,0.0,0.059169326,0.0,0.0,0.0,0.062365554,0.8784651,0.0
9,7,0.0,0.0,0.059169326,0.0,0.0,0.0,0.062365554,0.8784651,0.0
9,7,0.0,0.0,0.059169326,0.0,0.0,0.0,0.062365554,0.8784651,0.0
9,7,0.0,0.0,0.059169326,0.0,0.0,0.0,0.062365554,0.8784651,0.0
9,7,0.0,0.0,0.059169326,0.0,0.0,0.0,0.062365554,0.8784651,0.0
9,7,0.0,0.0,0.059169326,0.0,0.0,0.0,0.062365554,0.8784651,0.0
9,7,0.0,0.0,0.059169326,0.0,0.0,0.0,0.062365554,0.8784651,0.0
9,7,0.0,0.0,0.059169326,0.0,0.0,0.0,0.062365554,0.8784651,0.0
9,7,0.0,0.0,0.059169326,0.0,0.0,0.0,0.062365554,0.8784651,0.0
9,7,0.0,0.0,0.059169326,0.0,0.0,0.0,0.062365554,0.8784651,0.0
9,7,0.0,0.0,0.059169326,0.0,0.0,0.0,0.062365554,0.8784651,0.0
9,7,0.0,0.0,0.059169326,0.0,0.0,0.0,0.062365554,0.8784651,0.0
9,7,0.0,0.0,0.059169326,0.0,0.0,0.0,0.062365554,0.8784651,0.0
9,7,0.0,0.0,0.059169326,0.0,0.0,0.0,0.062365554,0.8784651,0.0
9,7,0.0,0.0,0.059169326,0.0,0.0,0.0,0.062365554,0.8784651,0.0
9,7,0.0,0.0,0.059169326,0.0,0.0,0.0,0.062365554,0.8784651,0.0
9,7,0.0,0.0,0.059169326,0.0,0.0,0.0,0.062365554,0.8784651,0.0
9,7,0.0,0.0,0.059169326,0.0,0.0,0.0,0.062365554,0.8784651,0.0
9,7,0.0,0.0,0.059169326,0.0,0.0,0.0,0.062365554,0.8784651,0.0
9,7,0.0,0.0,0.059169326,0.0,0.0,0.0,0.062365554,0.8784651,0.0
9,7,0.0,0.0,0.059169326,0.0,0.0,0.0,0.062365554,0.8784651,0.0
9,7,0.0,0.0,0.059169326,0.0,0.0,0.0,0.062365554,0.8784651,0.0
9,7,0.0,0.0,0.059169326,0.0,0.0,0.0,0.062365554,0.8784651,0.0
9,7,0.0,0.0,0.059169326,0.0,0.0,0.0,0.062365554,0.8784651,0.0
9,7,0.0,0.0,0.059169326,0.0,0.0,0.0,0.062365554,0.8784651,0.0
9,7,0.0,0.0,0.059169326,0.0,0.0,0.0,0.062365554,0.8784651,0.0
9,7,0.0,0.0,0.059169326,0.0,0.0,0.0,0.062365554,0.8784651,0.0
9,7,0.0,0.0,0.059169326,0.0,0.0,0.0,0.062365554,0.8784651,0.0
9,7,0.0,0.0,0.059169326,0.0,0.0,0.0,0.062365554,0.8784651,0.0
9,7,0.0,0.0,0.059169326,0.0,0.0,0.0,0.062365554,0.8784651,0.0
9,7,0.0,0.0,0.059169326,0.0,0.0,0.0,0.062365554,0.8784651,0.0
9,7,0.0,0.0,0.059169326,0.0,0.0,0.0,0.062365554,0.8784651,0.0
9,7,0.0,0.0,0.059169326,0.0,0.0,0.0,0.062365554,0.8784651,0.0
9,7,0.0,0.0,0.059169326,0.0,0.0,0.0,0.062365554,0.8784651,0.0
9,7,0.0,0.0,0.059169326,0.0,0.0,0.0,0.062365554,0.8784651,0.0
9,7,0.0,0.0,0.059169326,0.0,0.0,0.0,0.062365554,0.8784651,0.0
9,7,0.0,0.0,0.059169326,0.0,0.0,0.0,0.062365554,0.8784651,0.0
9,7,0.0,0.0,0.059169326,0.0,0.0,0.0,0.062365554,0.8784651,0.0
9,7,0.0,0.0,0.059169326,0.0,0.0,0.0,0.062365554,0.8784651,0.0
9,7,0.0,0.0,0.059169326,0.0,0.0,0.0,0.062365554,0.8784651,0.0
9,7,0.0,0.0,0.059169326,0.0,0.0,0.0,0.062365554,0.8784651,0.0
9,7,0.0,0.0,0.059169326,0.0,0.0,0.0,0.062365554,0.8784651,0.0
9,7,0.0,0.0,0.059169326,0.0,0.0,0.0,0.062365554,0.8784651,0.0
9,7,0.0,0.0,0.059169326,0.0,0.0,0.0,0.062365554,0.8784651,0.0
9,7,0.0,0.0,0.059169326,0.0,0.0,0.0,0.062365554,0.8784651,0.0
9,7,0.0,0.0,0.059169326,0.0,0.0,0.0,0.062365554,0.8784651,0.0
9,7,0.0,0.0,0.059169326,0.0,0.0,0.0,0.062365554,0.8784651,0.0
9,7,0.0,0.0,0.059169326,0.0,0.0,0.0,0.062365554,0.8784651,0.0
9,7,0.0,0.0,0.059169326,0.0,0.0,0.0,0.062365554,0.8784651,0.0
9,7,0.0,0.0,0.059169326,0.0,0.0,0.0,0.062365554,0.8784651,0.0
9,7,0.0,0.0,0.059169326,0.0,0.0,0.0,0.062365554,0.8784651,0.0
9,7,0.0,0.0,0.059169326,0.0,0.0,0.0,0.062365554,0.8784651,0.0
9,7,0.0,0.0,0.059169326,0.0,0.0,0.0,0.062365554,0.8784651,0.0
9,7,0.0,0.0,0.059169326,0.0,0.0,0.0,0.062365554,0.8784651,0.0
9,7,0.0,0.0,0.059169326,0.0,0.0,0.0,0.062365554,0.8784651,0.0
9,7,0.0,0.0,0.059169326,0.0,0.0,0.0,0.062365554,0.8784651,0.0
9,7,0.0,0.0,0.059169326,0.0,0.0,0.0,0.062365554,0.8784651,0.0
9,7,0.0,0.0,0.059169326,0.0,0.0,0.0,0.062365554,0.8784651,0.0
9,7,0.0,0.0,0.059169326,0.0,0.0,0.0,0.062365554,0.8784651,0.0
9,7,0.0,0.0,0.059169326,0.0,0.0,0.0,0.062365554,0.8784651,0.0
9,7,0.0,0.0,0.059169326,0.0,0.0,0.0,0.062365554,0.8784651,0.0
9,7,0.0,0.0,0.059169326,0.0,0.0,0.0,0.062365554,0.8784651,0.0
9,7,0.0,0.0,0.059169326,0.0,0.0,0.0,0.062365554,0.8784651,0.0
9,7,0.0,0.0,0.059169326,0.0,0.0,0.0,0.062365554,0.8784651,0.0
9,7,0.0,0.0,0.059169326,0.0,0.0,0.0,0.062365554,0.8784651,0.0
9,7,0.0,0.0,0.059169326,0.0,0.0,0.0,0.062365554,0.8784651,0.0
9,7,0.0,0.0,0.059169326,0.0,0.0,0.0,0.062365554,0.8784651,0.0
9,7,0.0,0.0,0.059169326,0.0,0.0,0.0,0.062365554,0.8784651,0.0
9,7,0.0,0.0,0.059169326,0.0,0.0,0.0,0.062365554,0.8784651,0.0
9,7,0.0,0.0,0.059169326,0.0,0.0,0.0,0.062365554,0.8784651,0.0
9,7,0.0,0.0,0.059169326,0.0,0.0,0.0,0.062365554,0.8784651,0.0
9,7,0.0,0.0,0.059169326,0.0,0.0,0.0,0.062365554,0.8784651,0.0
9,7,0.0,0.0,0.059169326,0.0,0.0,0.0,0.062365554,0.8784651,0.0
9,7,0.0,0.0,0.059169326,0.0,0.0,0.0,0.062365554,0.8784651,0.0
9,7,0.0,0.0,0.059169326,0.0,0.0,0.0,0.062365554,0.8784651,0.0
9,7,0.0,0.0,0.059169326,0.0,0.0,0.0,0.062365554,0.8784651,0.0
9,7,0.0,0.0,0.059169326,0.0,0.0,0.0,0.062365554,0.8784651,0.0
9,7,0.0,0.0,0.059169326,0.0,0.0,0.0,0.062365554,0.8784651,0.0
9,7,0.0,0.0,0.059169326,0.0,0.0,0.0,0.062365554,0.8784651,0.0
9,7,0.0,0.0,0.059169326,0.0,0.0,0.0,0.062365554,0.8784651,0.0
9,7,0.0,0.0,0.059169326,0.0,0.0,0.0,0.062365554,0.8784651,0.0
9,7,0.0,0.0,0.059169326,0.0,0.0,0.0,0.062365554,0.8784651,0.0
9,7,0.0,0.0,0.059169326,0.0,0.0,0.0,0.062365554,0.8784651,0.0
9,7,0.0,0.0,0.059169326,0.0,0.0,0.0,0.062365554,0.8784651,0.0
9,7,0.0,0.0,0.059169326,0.0,0.0,0.0,0.062365554,0.8784651,0.0
9,7,0.0,0.0,0.059169326,0.0,0.0,0.0,0.062365554,0.8784651,0.0
9,7,0.0,0.0,0.059169326,0.0,0.0,0.0,0.062365554,0.8784651,0.0
9,7,0.0,0.0,0.059169326,0.0,0.0,0.0,0.062365554,0.8784651,0.0
9,7,0.0,0.0,0.059169326,0.0,0.0,0.0,0.062365554,0.8784651,0.0
9,7,0.0,0.0,0.059169326,0.0,0.0,0.0,0.062365554,0.8784651,0.0
9,7,0.0,0.0,0.059169326,0.0,0.0,0.0,0.062365554,0.8784651,0.0
9,7,0.0,0.0,0.059169326,0.0,0.0,0.0,0.062365554,0.8784651,0.0
9,7,0.0,0.0,0.059169326,0.0,0.0,0.0,0.062365554,0.8784651,0.0
9,7,0.0,0.0,0.059169326,0.0,0.0,0.0,0.062365554,0.8784651,0.0
9,7,0.0,0.0,0.059169326,0.0,0.0,0.0,0.062365554,0.8784651,0.0
9,7,0.0,0.0,0.059169326,0.0,0.0,0.0,0.062365554,0.8784651,0.0
9,7,0.0,0.0,0.059169326,0.0,0.0,0.0,0.062365554,0.8784651,0.0
9,7,0.0,0.0,0.059169326,0.0,0.0,0.0,0.062365554,0.8784651,0.0
9,7,0.0,0.0,0.059169326,0.0,0.0,0.0,0.062365554,0.8784651,0.0
9,7,0.0,0.0,0.059169326,0.0,0.0,0.0,0.062365554,0.8784651,0.0
9,7,0.0,0.0,0.059169326,0.0,0.0,0.0,0.062365554,0.8784651,0.0
9,7,0.0,0.0,0.059169326,0.0,0.0,0.0,0.062365554,0.8784651,0.0
9,7,0.0,0.0,0.059169326,0.0,0.0,0.0,0.062365554,0.8784651,0.0
9,7,0.0,0.0,0.13273177,0.0,0.0,0.0,0.062365558,0.80490273,0.0
9,7,0.0,0.0,0.13273177,0.0,0.0,0.0,0.062365558,0.80490273,0.0
9,7,0.0,0.0,0.13273177,0.0,0.0,0.0,0.062365558,0.80490273,0.0
9,7,0.0,0.0,0.13273177,0.0,0.0,0.0,0.062365558,0.80490273,0.0
9,7,0.0,0.0,0.13273177,0.0,0.0,0.0,0.062365558,0.80490273,0.0
9,7,0.0,0.0,0.13273177,0.0,0.0,0.0,0.062365558,0.80490273,0.0
9,7,0.0,0.0,0.13273177,0.0,0.0,0.0,0.062365558,0.80490273,0.0
9,7,0.0,0.0,0.13273177,0.0,0.0,0.0,0.062365558,0.80490273,0.0
9,7,0.0,0.0,0.13273177,0.0,0.0,0.0,0.062365558,0.80490273,0.0
9,7,0.0,0.0,0.13273177,0.0,0.0,0.0,0.062365558,0.80490273,0.0
9,7,0.0,0.0,0.13273177,0.0,0.0,0.0,0.062365558,0.80490273,0.0
9,7,0.0,0.0,0.13273177,0.0,0.0,0.0,0.062365558,0.80490273,0.0
9,7,0.0,0.0,0.13273177,0.0,0.0,0.0,0.062365558,0.80490273,0.0
9,7,0.0,0.0,0.13273177,0.0,0.0,0.0,0.062365558,0.80490273,0.0
9,7,0.0,0.0,0.13273177,0.0,0.0,0.0,0.062365558,0.80490273,0.0
9,7,0.0,0.0,0.13273177,0.0,0.0,0.0,0.062365558,0.80490273,0.0
9,7,0.0,0.0,0.13273177,0.0,0.0,0.0,0.062365558,0.80490273,0.0
9,7,0.0,0.0,0.13273177,0.0,0.0,0.0,0.062365558,0.80490273,0.0
9,7,0.0,0.0,0.13273177,0.0,0.0,0.0,0.062365558,0.80490273,0.0
9,7,0.0,0.0,0.13273177,0.0,0.0,0.0,0.062365558,0.80490273,0.0
9,7,0.0,0.0,0.13273177,0.0,0.0,0.0,0.062365558,0.80490273,0.0
9,7,0.0,0.0,0.13273177,0.0,0.0,0.0,0.062365558,0.80490273,0.0
9,7,0.0,0.0,0.13273177,0.0,0.0,0.0,0.062365558,0.80490273,0.0
9,7,0.0,0.0,0.13273177,0.0,0.0,0.0,0.062365558,0.80490273,0.0
9,7,0.0,0.0,0.13273177,0.0,0.0,0.0,0.062365558,0.80490273,0.0
9,7,0.0,0.0,0.13273177,0.0,0.0,0.0,0.062365558,0.80490273,0.0
9,7,0.0,0.0,0.13273177,0.0,0.0,0.0,0.062365558,0.80490273,0.0
9,7,0.0,0.0,0.13273177,0.0,0.0,0.0,0.062365558,0.80490273,0.0
9,7,0.0,0.0,0.13273177,0.0,0.0,0.0,0.062365558,0.80490273,0.0
9,7,0.0,0.0,0.13273177,0.0,0.0,0.0,0.062365558,0.80490273,0.0
9,7,0.0,0.0,0.13273177,0.0,0.0,0.0,0.062365558,0.80490273,0.0
9,7,0.0,0.0,0.13273177,0.0,0.0,0.0,0.062365558,0.80490273,0.0
9,7,0.0,0.0,0.13273177,0.0,0.0,0.0,0.062365558,0.80490273,0.0
9,7,0.0,0.0,0.13273177,0.0,0.0,0.0,0.062365558,0.80490273,0.0
9,7,0.0,0.0,0.13273177,0.0,0.0,0.0,0.062365558,0.80490273,0.0
9,7,0.0,0.0,0.13273177,0.0,0.0,0.0,0.062365558,0.80490273,0.0
9,7,0.0,0.0,0.13273177,0.0,0.0,0.0,0.062365558,0.80490273,0.0
9,7,0.0,0.0,0.13273177,0.0,0.0,0.0,0.062365558,0.80490273,0.0
9,7,0.0,0.0,0.13273177,0.0,0.0,0.0,0.062365558,0.80490273,0.0
9,7,0.0,0.0,0.13273177,0.0,0.0,0.0,0.062365558,0.80490273,0.0
9,7,0.0,0.0,0.13273177,0.0,0.0,0.0,0.062365558,0.80490273,0.0
9,7,0.0,0.0,0.13273177,0.0,0.0,0.0,0.062365558,0.80490273,0.0
9,7,0.0,0.0,0.13273177,0.0,0.0,0.0,0.062365558,0.80490273,0.0
9,7,0.0,0.0,0.13273177,0.0,0.0,0.0,0.062365558,0.80490273,0.0
9,7,0.0,0.0,0.13273177,0.0,0.0,0.0,0.062365558,0.80490273,0.0
9,7,0.0,0.0,0.13273177,0.0,0.0,0.0,0.062365558,0.80490273,0.0
9,7,0.0,0.0,0.13273177,0.0,0.0,0.0,0.062365558,0.80490273,0.0
9,7,0.0,0.0,0.13273177,0.0,0.0,0.0,0.062365558,0.80490273,0.0
9,7,0.0,0.0,0.13273177,0.0,0.0,0.0,0.062365558,0.80490273,0.0
9,7,0.0,0.0,0.13273177,0.0,0.0,0.0,0.062365558,0.80490273,0.0
9,7,0.0,0.0,0.13273177,0.0,0.0,0.0,0.062365558,0.80490273,0.0
9,7,0.0,0.0,0.13273177,0.0,0.0,0.0,0.062365558,0.80490273,0.0
9,7,0.0,0.0,0.13273177,0.0,0.0,0.0,0.062365558,0.80490273,0.0
9,7,0.0,0.0,0.13273177,0.0,0.0,0.0,0.062365558,0.80490273,0.0
9,7,0.0,0.0,0.13273177,0.0,0.0,0.0,0.062365558,0.80490273,0.0
9,7,0.0,0.0,0.13273177,0.0,0.0,0.0,0.062365558,0.80490273,0.0
9,7,0.0,0.0,0.13273177,0.0,0.0,0.0,0.062365558,0.80490273,0.0
9,7,0.0,0.0,0.13273177,0.0,0.0,0.0,0.062365558,0.80490273,0.0
9,7,0.0,0.0,0.13273177,0.0,0.0,0.0,0.062365558,0.80490273,0.0
9,7,0.0,0.0,0.13273177,0.0,0.0,0.0,0.062365558,0.80490273,0.0
9,7,0.0,0.0,0.13273177,0.0,0.0,0.0,0.062365558,0.80490273,0.0
9,7,0.0,0.0,0.13273177,0.0,0.0,0.0,0.062365558,0.80490273,0.0
9,7,0.0,0.0,0.18906815,0.0,0.0,0.0,0.062365558,0.7485663,0.0
9,7,0.0,0.0,0.18906815,0.0,0.0,0.0,0.062365558,0.7485663,0.0
9,7,0.0,0.0,0.18906815,0.0,0.0,0.0,0.062365558,0.7485663,0.0
9,7,0.0,0.0,0.18906815,0.0,0.0,0.0,0.062365558,0.7485663,0.0
9,7,0.0,0.0,0.18906815,0.0,0.0,0.0,0.062365558,0.7485663,0.0
9,7,0.0,0.0,0.18906815,0.0,0.0,0.0,0.062365558,0.7485663,0.0
9,7,0.0,0.0,0.18906815,0.0,0.0,0.0,0.062365558,0.7485663,0.0
9,7,0.0,0.0,0.18906815,0.0,0.0,0.0,0.062365558,0.7485663,0.0
9,7,0.0,0.0,0.18906815,0.0,0.0,0.0,0.062365558,0.7485663,0.0
9,7,0.0,0.0,0.18906815,0.0,0.0,0.0,0.062365558,0.7485663,0.0
9,7,0.0,0.0,0.18906815,0.0,0.0,0.0,0.062365558,0.7485663,0.0
9,7,0.0,0.0,0.18906815,0.0,0.0,0.0,0.062365558,0.7485663,0.0
9,7,0.0,0.0,0.18906815,0.0,0.0,0.0,0.062365558,0.7485663,0.0
9,7,0.0,0.0,0.18906815,0.0,0.0,0.0,0.062365558,0.7485663,0.0
9,7,0.0,0.0,0.18906815,0.0,0.0,0.0,0.062365558,0.7485663,0.0
9,7,0.0,0.0,0.18906815,0.0,0.0,0.0,0.062365558,0.7485663,0.0
9,7,0.0,0.0,0.18906815,0.0,0.0,0.0,0.062365558,0.7485663,0.0
9,7,0.0,0.0,0.18906815,0.0,0.0,0.0,0.062365558,0.7485663,0.0
9,7,0.0,0.0,0.18906815,0.0,0.0,0.0,0.062365558,0.7485663,0.0
9,7,0.0,0.0,0.18906815,0.0,0.0,0.0,0.062365558,0.7485663,0.0
9,7,0.0,0.0,0.18906815,0.0,0.0,0.0,0.062365558,0.7485663,0.0
9,7,0.0,0.0,0.18906815,0.0,0.0,0.0,0.062365558,0.7485663,0.0
9,7,0.0,0.0,0.18906815,0.0,0.0,0.0,0.062365558,0.7485663,0.0
9,7,0.0,0.0,0.18906815,0.0,0.0,0.0,0.062365558,0.7485663,0.0
9,7,0.0,0.0,0.18906817,0.0,0.0,0.0,0.06236556,0.69266,0.055906367
9,7,0.0,0.0,0.18906817,0.0,0.0,0.0,0.06236556,0.69266,0.055906367
9,7,0.0,0.0,0.18906817,0.0,0.0,0.0,0.06236556,0.69266,0.055906367
9,7,0.0,0.0,0.18906817,0.0,0.0,0.0,0.06236556,0.69266,0.055906367
9,7,0.0,0.0,0.18906817,0.0,0.0,0.0,0.06236556,0.69266,0.055906367
9,7,0.0,0.0,0.18906817,0.0,0.0,0.0,0.06236556,0.69266,0.055906367
9,7,0.0,0.0,0.18906817,0.0,0.0,0.0,0.06236556,0.69266,0.055906367
9,7,0.0,0.0,0.18906817,0.0,0.0,0.0,0.06236556,0.69266,0.055906367
9,7,0.0,0.0,0.18906817,0.0,0.0,0.0,0.06236556,0.69266,0.055906367
9,7,0.0,0.0,0.18906817,0.0,0.0,0.0,0.06236556,0.69266,0.055906367
9,7,0.0,0.0,0.18906817,0.0,0.0,0.0,0.06236556,0.69266,0.055906367
9,7,0.0,0.0,0.18906817,0.0,0.0,0.0,0.06236556,0.69266,0.055906367
9,7,0.0,0.0,0.18906817,0.0,0.0,0.0,0.06236556,0.69266,0.055906367
9,7,0.0,0.0,0.18906817,0.0,0.0,0.0,0.06236556,0.69266,0.055906367
9,7,0.0,0.0,0.18906817,0.0,0.0,0.0,0.06236556,0.69266,0.055906367
9,7,0.0,0.0,0.18906817,0.0,0.0,0.0,0.06236556,0.69266,0.055906367
9,7,0.0,0.058966536,0.18906814,0.062365554,0.0,0.0,0.0,0.6336934,0.05590636
9,7,0.0,0.058966536,0.18906814,0.062365554,0.0,0.0,0.0,0.6336934,0.05590636
9,7,0.0,0.058966536,0.18906814,0.062365554,0.0,0.0,0.0,0.6336934,0.05590636
9,7,0.0,0.058966536,0.18906814,0.062365554,0.0,0.0,0.0,0.6336934,0.05590636
9,7,0.0,0.058966536,0.18906814,0.062365554,0.0,0.0,0.0,0.6336934,0.05590636
9,7,0.0,0.058966536,0.18906814,0.062365554,0.0,0.0,0.0,0.6336934,0.05590636
9,7,0.0,0.058966536,0.18906814,0.062365554,0.0,0.0,0.0,0.6336934,0.05590636
9,7,0.0,0.058966536,0.18906814,0.062365554,0.0,0.0,0.0,0.6336934,0.05590636
9,7,0.0,0.058966532,0.24682558,0.06236555,0.0,0.0,0.0,0.5759359,0.055906355
9,7,0.0,0.058966532,0.24682558,0.06236555,0.0,0.0,0.0,0.5759359,0.055906355
9,7,0.0,0.058966532,0.24682558,0.06236555,0.0,0.0,0.0,0.5759359,0.055906355
9,7,0.0,0.058966532,0.24682558,0.06236555,0.0,0.0,0.0,0.5759359,0.055906355
9,7,0.0,0.058966532,0.24682558,0.06236555,0.0,0.0,0.0,0.5759359,0.055906355
9,7,0.0,0.058966532,0.24682558,0.06236555,0.0,0.0,0.0,0.5759359,0.055906355
9,7,0.0,0.058966532,0.24682558,0.06236555,0.0,0.0,0.0,0.5759359,0.055906355
9,7,0.0,0.058966532,0.24682558,0.06236555,0.0,0.0,0.0,0.5759359,0.055906355
9,7,0.0,0.058966532,0.24682558,0.06236555,0.0,0.0,0.0,0.5759359,0.055906355
9,7,0.0,0.058966532,0.24682558,0.06236555,0.0,0.0,0.0,0.5759359,0.055906355
9,7,0.0,0.058966532,0.24682558,0.06236555,0.0,0.0,0.0,0.5759359,0.055906355
9,7,0.0,0.058966532,0.24682558,0.06236555,0.0,0.0,0.0,0.5759359,0.055906355
9,7,0.0,0.058966532,0.24682558,0.06236555,0.0,0.0,0.0,0.5759359,0.055906355
9,7,0.0,0.058966532,0.24682558,0.06236555,0.0,0.0,0.0,0.5759359,0.055906355
9,7,0.0,0.058966532,0.24682558,0.06236555,0.0,0.0,0.0,0.5759359,0.055906355
9,7,0.0,0.058966532,0.24682558,0.06236555,0.0,0.0,0.0,0.5759359,0.055906355
9,7,0.0,0.058966532,0.24682558,0.06236555,0.0,0.0,0.0,0.5759359,0.055906355
9,7,0.0,0.058966532,0.24682558,0.06236555,0.0,0.0,0.0,0.5759359,0.055906355
9,7,0.0,0.058966532,0.24682558,0.06236555,0.0,0.0,0.0,0.5759359,0.055906355
9,7,0.0,0.058966532,0.24682558,0.06236555,0.0,0.0,0.0,0.5759359,0.055906355
9,7,0.0,0.058966532,0.24682558,0.06236555,0.0,0.0,0.0,0.5759359,0.055906355
9,7,0.0,0.058966532,0.24682558,0.06236555,0.0,0.0,0.0,0.5759359,0.055906355
9,7,0.0,0.058966532,0.24682558,0.06236555,0.0,0.0,0.0,0.5759359,0.055906355
9,7,0.0,0.058966532,0.24682558,0.06236555,0.0,0.0,0.0,0.5759359,0.055906355
9,7,0.0,0.058966532,0.24682558,0.06236555,0.0,0.0,0.0,0.5759359,0.055906355
9,7,0.0,0.058966532,0.24682558,0.06236555,0.0,0.0,0.0,0.5759359,0.055906355
9,7,0.0,0.058966532,0.24682558,0.06236555,0.0,0.0,0.0,0.5759359,0.055906355
9,7,0.0,0.058966532,0.24682558,0.06236555,0.0,0.0,0.0,0.5759359,0.055906355
9,7,0.0,0.058966532,0.24682558,0.06236555,0.0,0.0,0.0,0.5759359,0.055906355
9,7,0.0,0.058966532,0.24682558,0.06236555,0.0,0.0,0.0,0.5759359,0.055906355
9,7,0.0,0.058966532,0.24682558,0.06236555,0.0,0.0,0.0,0.5759359,0.055906355
9,7,0.0,0.058966532,0.24682558,0.06236555,0.0,0.0,0.0,0.5759359,0.055906355
9,7,0.0,0.058966532,0.24682558,0.06236555,0.0,0.0,0.0,0.5759359,0.055906355
9,7,0.0,0.058966532,0.24682558,0.06236555,0.0,0.0,0.0,0.5759359,0.055906355
9,7,0.0,0.058966532,0.24682558,0.06236555,0.0,0.0,0.0,0.5759359,0.055906355
9,7,0.0,0.058966532,0.24682558,0.06236555,0.0,0.0,0.0,0.5759359,0.055906355
9,7,0.0,0.058966532,0.24682558,0.06236555,0.0,0.0,0.0,0.5759359,0.055906355
9,7,0.0,0.058966532,0.24682558,0.06236555,0.0,0.0,0.0,0.5759359,0.055906355
9,7,0.0,0.058966532,0.24682558,0.06236555,0.0,0.0,0.0,0.5759359,0.055906355
9,7,0.0,0.058966532,0.24682558,0.06236555,0.0,0.0,0.0,0.5759359,0.055906355
9,7,0.0,0.058966532,0.24682558,0.06236555,0.0,0.0,0.0,0.5759359,0.055906355
9,7,0.0,0.058966532,0.24682558,0.06236555,0.0,0.0,0.0,0.5759359,0.055906355
9,7,0.0,0.058966532,0.24682558,0.06236555,0.0,0.0,0.0,0.5759359,0.055906355
9,7,0.0,0.058966532,0.24682558,0.06236555,0.0,0.0,0.0,0.5759359,0.055906355
9,7,0.0,0.058966532,0.24682558,0.06236555,0.0,0.0,0.0,0.5759359,0.055906355
9,7,0.0,0.058966532,0.24682558,0.06236555,0.0,0.0,0.0,0.5759359,0.055906355
9,7,0.0,0.058966532,0.24682558,0.06236555,0.0,0.0,0.0,0.5759359,0.055906355
9,7,0.0,0.058966532,0.24682558,0.06236555,0.0,0.0,0.0,0.5759359,0.055906355
9,7,0.0,0.058966532,0.24682558,0.06236555,0.0,0.0,0.0,0.5759359,0.055906355
9,7,0.0,0.058966532,0.24682558,0.06236555,0.0,0.0,0.0,0.5759359,0.055906355
9,7,0.0,0.058966532,0.24682558,0.06236555,0.0,0.0,0.0,0.5759359,0.055906355
9,7,0.0,0.058966532,0.24682558,0.06236555,0.0,0.0,0.0,0.5759359,0.055906355
9,7,0.0,0.058966532,0.24682558,0.06236555,0.0,0.0,0.0,0.5759359,0.055906355
9,7,0.0,0.058966532,0.24682558,0.06236555,0.0,0.0,0.0,0.5759359,0.055906355
9,7,0.0,0.058966532,0.24682558,0.06236555,0.0,0.0,0.0,0.5759359,0.055906355
9,7,0.0,0.058966532,0.24682558,0.06236555,0.0,0.0,0.0,0.5759359,0.055906355
9,7,0.0,0.058966532,0.24682558,0.06236555,0.0,0.0,0.0,0.5759359,0.055906355
9,7,0.0,0.058966532,0.24682558,0.06236555,0.0,0.0,0.0,0.5759359,0.055906355
9,7,0.0,0.058966532,0.24682558,0.06236555,0.0,0.0,0.0,0.5759359,0.055906355
9,7,0.0,0.058966532,0.24682558,0.06236555,0.0,0.0,0.0,0.5759359,0.055906355
9,7,0.0,0.058966532,0.24682558,0.06236555,0.0,0.0,0.0,0.5759359,0.055906355
9,7,0.0,0.058966532,0.24682558,0.06236555,0.0,0.0,0.0,0.5759359,0.055906355
9,7,0.0,0.058966532,0.24682558,0.06236555,0.0,0.0,0.0,0.5759359,0.055906355
9,7,0.0,0.058966532,0.24682558,0.06236555,0.0,0.0,0.0,0.5759359,0.055906355
9,7,0.0,0.058966532,0.24682558,0.06236555,0.0,0.0,0.0,0.5759359,0.055906355
9,7,0.0,0.058966532,0.24682558,0.06236555,0.0,0.0,0.0,0.5759359,0.055906355
9,7,0.0,0.058966532,0.24682558,0.06236555,0.0,0.0,0.0,0.5759359,0.055906355
9,7,0.0,0.058966532,0.24682558,0.06236555,0.0,0.0,0.0,0.5759359,0.055906355
9,7,0.0,0.058966532,0.24682558,0.06236555,0.0,0.0,0.0,0.5759359,0.055906355
9,7,0.0,0.058966532,0.24682558,0.06236555,0.0,0.0,0.0,0.5759359,0.055906355
9,7,0.0,0.058966532,0.24682558,0.06236555,0.0,0.0,0.0,0.5759359,0.055906355
9,7,0.0,0.058966532,0.24682558,0.06236555,0.0,0.0,0.0,0.5759359,0.055906355
9,7,0.0,0.058966532,0.24682558,0.06236555,0.0,0.0,0.0,0.5759359,0.055906355
9,7,0.0,0.058966532,0.24682558,0.06236555,0.0,0.0,0.0,0.5759359,0.055906355
9,7,0.0,0.058966532,0.24682558,0.06236555,0.0,0.0,0.0,0.5759359,0.055906355
9,7,0.0,0.058966532,0.24682558,0.06236555,0.0,0.0,0.0,0.5759359,0.055906355
9,7,0.0,0.058966532,0.24682558,0.06236555,0.0,0.0,0.0,0.5759359,0.055906355
9,7,0.0,0.058966532,0.24682558,0.06236555,0.0,0.0,0.0,0.5759359,0.055906355
9,7,0.0,0.058966532,0.24682558,0.06236555,0.0,0.0,0.0,0.5759359,0.055906355
9,7,0.0,0.058966532,0.24682558,0.06236555,0.0,0.0,0.0,0.5759359,0.055906355
9,7,0.0,0.058966532,0.24682558,0.06236555,0.0,0.0,0.0,0.5759359,0.055906355
9,7,0.0,0.058966532,0.24682558,0.06236555,0.0,0.0,0.0,0.5759359,0.055906355
9,7,0.0,0.058966532,0.24682558,0.06236555,0.0,0.0,0.0,0.5759359,0.055906355
9,7,0.0,0.058966532,0.24682558,0.06236555,0.0,0.0,0.0,0.5759359,0.055906355
9,7,0.0,0.058966532,0.24682558,0.06236555,0.0,0.0,0.0,0.5759359,0.055906355
9,7,0.0,0.058966532,0.24682558,0.06236555,0.0,0.0,0.0,0.5759359,0.055906355
9,7,0.0,0.058966532,0.24682558,0.06236555,0.0,0.0,0.0,0.5759359,0.055906355
9,7,0.0,0.058966532,0.24682558,0.06236555,0.0,0.0,0.0,0.5759359,0.055906355
9,7,0.0,0.058966532,0.24682558,0.06236555,0.0,0.0,0.0,0.5759359,0.055906355
9,7,0.0,0.058966532,0.24682558,0.06236555,0.0,0.0,0.0,0.5759359,0.055906355
9,7,0.0,0.058966532,0.24682558,0.06236555,0.0,0.0,0.0,0.5759359,0.055906355
9,7,0.0,0.058966532,0.24682558,0.06236555,0.0,0.0,0.0,0.5759359,0.055906355
9,7,0.0,0.058966532,0.24682558,0.06236555,0.0,0.0,0.0,0.5759359,0.055906355
9,7,0.0,0.058966532,0.24682558,0.06236555,0.0,0.0,0.0,0.5759359,0.055906355
9,7,0.0,0.058966532,0.24682558,0.06236555,0.0,0.0,0.0,0.5759359,0.055906355
9,7,0.0,0.058966532,0.24682558,0.06236555,0.0,0.0,0.0,0.5759359,0.055906355
9,7,0.0,0.058966532,0.24682558,0.06236555,0.0,0.0,0.0,0.5759359,0.055906355
9,7,0.0,0.058966532,0.24682558,0.06236555,0.0,0.0,0.0,0.5759359,0.055906355
9,7,0.0,0.058966532,0.24682558,0.06236555,0.0,0.0,0.0,0.5759359,0.055906355
9,7,0.0,0.058966532,0.24682558,0.06236555,0.0,0.0,0.0,0.5759359,0.055906355
9,7,0.0,0.058966532,0.24682558,0.06236555,0.0,0.0,0.0,0.5759359,0.055906355
9,7,0.0,0.058966532,0.24682558,0.06236555,0.0,0.0,0.0,0.5759359,0.055906355
9,7,0.0,0.058966532,0.24682558,0.06236555,0.0,0.0,0.0,0.5759359,0.055906355
9,7,0.0,0.058966532,0.24682558,0.06236555,0.0,0.0,0.0,0.5759359,0.055906355
9,7,0.0,0.058966532,0.24682558,0.06236555,0.0,0.0,0.0,0.5759359,0.055906355
9,7,0.0,0.058966532,0.24682558,0.06236555,0.0,0.0,0.0,0.5759359,0.055906355
9,7,0.0,0.058966532,0.24682558,0.06236555,0.0,0.0,0.0,0.5759359,0.055906355
9,7,0.0,0.058966532,0.24682558,0.06236555,0.0,0.0,0.0,0.5759359,0.055906355
9,7,0.0,0.058966532,0.24682558,0.06236555,0.0,0.0,0.0,0.5759359,0.055906355
9,7,0.0,0.058966532,0.24682558,0.06236555,0.0,0.0,0.0,0.5759359,0.055906355
9,7,0.0,0.058966532,0.24682558,0.06236555,0.0,0.0,0.0,0.5759359,0.055906355
9,7,0.0,0.058966532,0.24682558,0.06236555,0.0,0.0,0.0,0.5759359,0.055906355
9,7,0.0,0.058966532,0.24682558,0.06236555,0.0,0.0,0.0,0.5759359,0.055906355
9,7,0.0,0.058966532,0.24682558,0.06236555,0.0,0.0,0.0,0.5759359,0.055906355
9,7,0.0,0.058966532,0.24682558,0.06236555,0.0,0.0,0.0,0.5759359,0.055906355
9,7,0.0,0.058966532,0.24682558,0.06236555,0.0,0.0,0.0,0.5759359,0.055906355
9,7,0.0,0.058966532,0.24682558,0.06236555,0.0,0.0,0.0,0.5759359,0.055906355
9,7,0.0,0.058966532,0.24682558,0.06236555,0.0,0.0,0.0,0.5759359,0.055906355
9,7,0.0,0.058966532,0.24682558,0.06236555,0.0,0.0,0.0,0.5759359,0.055906355
9,7,0.0,0.058966532,0.24682558,0.06236555,0.0,0.0,0.0,0.5759359,0.055906355
9,7,0.0,0.058966532,0.24682558,0.06236555,0.0,0.0,0.0,0.5759359,0.055906355
9,7,0.0,0.058966532,0.24682558,0.06236555,0.0,0.0,0.0,0.5759359,0.055906355
9,7,0.0,0.058966532,0.24682558,0.06236555,0.0,0.0,0.0,0.5759359,0.055906355
9,7,0.0,0.058966532,0.24682558,0.06236555,0.0,0.0,0.0,0.5759359,0.055906355
9,7,0.0,0.058966532,0.24682558,0.06236555,0.0,0.0,0.0,0.5759359,0.055906355
9,7,0.0,0.058966532,0.24682558,0.06236555,0.0,0.0,0.0,0.5759359,0.055906355
9,7,0.0,0.058966532,0.24682558,0.06236555,0.0,0.0,0.0,0.5759359,0.055906355
9,7,0.0,0.058966532,0.24682558,0.06236555,0.0,0.0,0.0,0.5759359,0.055906355
9,7,0.0,0.058966532,0.24682558,0.06236555,0.0,0.0,0.0,0.5759359,0.055906355
9,7,0.0,0.058966532,0.24682558,0.06236555,0.0,0.0,0.0,0.5759359,0.055906355
9,7,0.0,0.058966532,0.24682558,0.06236555,0.0,0.0,0.0,0.5759359,0.055906355
9,7,0.0,0.058966532,0.24682558,0.06236555,0.0,0.0,0.0,0.5759359,0.055906355
9,7,0.0,0.058966532,0.24682558,0.06236555,0.0,0.0,0.0,0.5759359,0.055906355
9,7,0.0,0.058966532,0.24682558,0.06236555,0.0,0.0,0.0,0.5759359,0.055906355
9,7,0.0,0.058966532,0.24682558,0.06236555,0.0,0.0,0.0,0.5759359,0.055906355
9,7,0.0,0.058966532,0.24682558,0.06236555,0.0,0.0,0.0,0.5759359,0.055906355
9,7,0.0,0.058966532,0.24682558,0.06236555,0.0,0.0,0.0,0.5759359,0.055906355
9,7,0.0,0.058966532,0.24682558,0.06236555,0.0,0.0,0.0,0.5759359,0.055906355
9,7,0.0,0.058966532,0.24682558,0.06236555,0.0,0.0,0.0,0.5759359,0.055906355
9,7,0.0,0.058966532,0.24682558,0.06236555,0.0,0.0,0.0,0.5759359,0.055906355
9,7,0.0,0.058966532,0.24682558,0.06236555,0.0,0.0,0.0,0.5759359,0.055906355
9,7,0.0,0.058966532,0.24682558,0.06236555,0.0,0.0,0.0,0.5759359,0.055906355
9,7,0.0,0.058966532,0.24682558,0.06236555,0.0,0.0,0.0,0.5759359,0.055906355
9,7,0.0,0.058966532,0.24682558,0.06236555,0.0,0.0,0.0,0.5759359,0.055906355
9,7,0.0,0.058966532,0.24682558,0.06236555,0.0,0.0,0.0,0.5759359,0.055906355
9,7,0.0,0.058966532,0.24682558,0.06236555,0.0,0.0,0.0,0.5759359,0.055906355
9,7,0.0,0.058966532,0.24682558,0.06236555,0.0,0.0,0.0,0.5759359,0.055906355
9,7,0.0,0.058966532,0.24682558,0.06236555,0.0,0.0,0.0,0.5759359,0.055906355
9,7,0.0,0.058966532,0.24682558,0.06236555,0.0,0.0,0.0,0.5759359,0.055906355
9,7,0.0,0.058966532,0.24682558,0.06236555,0.0,0.0,0.0,0.5759359,0.055906355
9,7,0.0,0.058966532,0.24682558,0.06236555,0.0,0.0,0.0,0.5759359,0.055906355
9,7,0.0,0.058966532,0.24682558,0.06236555,0.0,0.0,0.0,0.5759359,0.055906355
9,7,0.0,0.058966532,0.24682558,0.06236555,0.0,0.0,0.0,0.5759359,0.055906355
9,7,0.0,0.058966532,0.24682558,0.06236555,0.0,0.0,0.0,0.5759359,0.055906355
9,7,0.0,0.058966532,0.24682558,0.06236555,0.0,0.0,0.0,0.5759359,0.055906355
9,7,0.0,0.058966532,0.24682558,0.06236555,0.0,0.0,0.0,0.5759359,0.055906355
9,7,0.0,0.058966532,0.24682558,0.06236555,0.0,0.0,0.0,0.5759359,0.055906355
9,7,0.0,0.058966532,0.24682558,0.06236555,0.0,0.0,0.0,0.5759359,0.055906355
9,7,0.0,0.058966532,0.24682558,0.06236555,0.0,0.0,0.0,0.5759359,0.055906355
9,7,0.0,0.058966532,0.24682558,0.06236555,0.0,0.0,0.0,0.5759359,0.055906355
9,7,0.0,0.058966532,0.24682558,0.06236555,0.0,0.0,0.0,0.5759359,0.055906355
9,7,0.0,0.058966532,0.24682558,0.06236555,0.0,0.0,0.0,0.5759359,0.055906355
9,7,0.0,0.058966532,0.24682558,0.06236555,0.0,0.0,0.0,0.5759359,0.055906355
9,7,0.0,0.058966532,0.24682558,0.06236555,0.0,0.0,0.0,0.5759359,0.055906355
9,7,0.0,0.058966532,0.24682558,0.06236555,0.0,0.0,0.0,0.5759359,0.055906355
9,7,0.0,0.058966532,0.24682558,0.06236555,0.0,0.0,0.0,0.5759359,0.055906355
9,7,0.0,0.058966532,0.24682558,0.06236555,0.0,0.0,0.0,0.5759359,0.055906355
9,7,0.0,0.058966532,0.24682558,0.06236555,0.0,0.0,0.0,0.5759359,0.055906355
9,7,0.0,0.058966536,0.18906814,0.062365554,0.0,0.0,0.0,0.68959975,0.0
9,7,0.0,0.058966536,0.18906814,0.062365554,0.0,0.0,0.0,0.68959975,0.0
9,7,0.0,0.058966536,0.18906814,0.062365554,0.0,0.0,0.0,0.68959975,0.0
9,7,0.0,0.058966536,0.18906814,0.062365554,0.0,0.0,0.0,0.68959975,0.0
9,7,0.0,0.058966536,0.18906814,0.062365554,0.0,0.0,0.0,0.68959975,0.0
9,7,0.0,0.058966536,0.18906814,0.062365554,0.0,0.0,0.0,0.68959975,0.0
9,7,0.0,0.058966536,0.18906814,0.062365554,0.0,0.0,0.0,0.68959975,0.0
9,7,0.0,0.058966536,0.18906814,0.062365554,0.0,0.0,0.0,0.68959975,0.0
9,7,0.0,0.058966536,0.18906814,0.062365554,0.0,0.0,0.0,0.68959975,0.0
9,7,0.0,0.058966536,0.18906814,0.062365554,0.0,0.0,0.0,0.68959975,0.0
9,7,0.0,0.058966536,0.18906814,0.062365554,0.0,0.0,0.0,0.68959975,0.0
9,7,0.0,0.058966536,0.18906814,0.062365554,0.0,0.0,0.0,0.68959975,0.0
9,7,0.0,0.058966536,0.18906814,0.062365554,0.0,0.0,0.0,0.68959975,0.0
9,7,0.0,0.058966536,0.18906814,0.062365554,0.0,0.0,0.0,0.68959975,0.0
9,7,0.0,0.058966536,0.18906814,0.062365554,0.0,0.0,0.0,0.68959975,0.0
9,7,0.0,0.058966536,0.18906814,0.062365554,0.0,0.0,0.0,0.68959975,0.0
9,7,0.0,0.058966536,0.18906814,0.062365554,0.0,0.0,0.0,0.68959975,0.0
9,7,0.0,0.058966536,0.18906814,0.062365554,0.0,0.0,0.0,0.68959975,0.0
9,7,0.0,0.058966536,0.18906814,0.062365554,0.0,0.0,0.0,0.68959975,0.0
9,7,0.0,0.058966536,0.18906814,0.062365554,0.0,0.0,0.0,0.68959975,0.0
9,7,0.0,0.058966536,0.18906814,0.062365554,0.0,0.0,0.0,0.68959975,0.0
9,7,0.0,0.058966536,0.18906814,0.062365554,0.0,0.0,0.0,0.68959975,0.0
9,7,0.0,0.058966536,0.18906814,0.062365554,0.0,0.0,0.0,0.68959975,0.0
9,7,0.0,0.058966536,0.18906814,0.062365554,0.0,0.0,0.0,0.68959975,0.0
9,7,0.0,0.058966536,0.18906814,0.062365554,0.0,0.0,0.0,0.68959975,0.0
9,7,0.0,0.058966536,0.18906814,0.062365554,0.0,0.0,0.0,0.68959975,0.0
9,7,0.0,0.058966536,0.18906814,0.062365554,0.0,0.0,0.0,0.68959975,0.0
9,7,0.0,0.058966536,0.18906814,0.062365554,0.0,0.0,0.0,0.68959975,0.0
9,7,0.0,0.058966536,0.18906814,0.062365554,0.0,0.0,0.0,0.68959975,0.0
9,7,0.0,0.058966536,0.18906814,0.062365554,0.0,0.0,0.0,0.68959975,0.0
9,7,0.0,0.058966536,0.18906814,0.062365554,0.0,0.0,0.0,0.68959975,0.0
9,7,0.0,0.058966536,0.18906814,0.062365554,0.0,0.0,0.0,0.68959975,0.0
9,7,0.0,0.058966536,0.18906814,0.062365554,0.0,0.0,0.0,0.68959975,0.0
9,7,0.0,0.058966536,0.18906814,0.062365554,0.0,0.0,0.0,0.68959975,0.0
9,7,0.0,0.058966536,0.18906814,0.062365554,0.0,0.0,0.0,0.68959975,0.0
9,7,0.0,0.058966536,0.18906814,0.062365554,0.0,0.0,0.0,0.68959975,0.0
9,7,0.0,0.058966536,0.18906814,0.062365554,0.0,0.0,0.0,0.68959975,0.0
9,7,0.0,0.058966536,0.18906814,0.062365554,0.0,0.0,0.0,0.68959975,0.0
9,7,0.0,0.058966536,0.18906814,0.062365554,0.0,0.0,0.0,0.68959975,0.0
9,7,0.0,0.058966536,0.18906814,0.062365554,0.0,0.0,0.0,0.68959975,0.0
9,7,0.0,0.058966536,0.18906814,0.062365554,0.0,0.0,0.0,0.68959975,0.0
9,7,0.0,0.058966536,0.18906814,0.062365554,0.0,0.0,0.0,0.68959975,0.0
9,7,0.0,0.058966536,0.18906814,0.062365554,0.0,0.0,0.0,0.68959975,0.0
9,7,0.0,0.058966536,0.18906814,0.062365554,0.0,0.0,0.0,0.68959975,0.0
9,7,0.0,0.05896654,0.18906815,0.0,0.0,0.0,0.062365558,0.6895998,0.0
9,7,0.0,0.05896654,0.18906815,0.0,0.0,0.0,0.062365558,0.6895998,0.0
9,7,0.0,0.05896654,0.18906815,0.0,0.0,0.0,0.062365558,0.6895998,0.0
9,7,0.0,0.05896654,0.18906815,0.0,0.0,0.0,0.062365558,0.6895998,0.0
9,7,0.0,0.05896654,0.18906815,0.0,0.0,0.0,0.062365558,0.6895998,0.0
9,7,0.0,0.05896654,0.18906815,0.0,0.0,0.0,0.062365558,0.6895998,0.0
9,7,0.0,0.05896654,0.18906815,0.0,0.0,0.0,0.062365558,0.6895998,0.0
9,7,0.0,0.05896654,0.18906815,0.0,0.0,0.0,0.062365558,0.6895998,0.0
9,7,0.0,0.05896654,0.18906815,0.0,0.0,0.0,0.062365558,0.6895998,0.0
9,7,0.0,0.05896654,0.18906815,0.0,0.0,0.0,0.062365558,0.6895998,0.0
9,7,0.0,0.05896654,0.18906815,0.0,0.0,0.0,0.062365558,0.6895998,0.0
9,7,0.0,0.05896654,0.18906815,0.0,0.0,0.0,0.062365558,0.6895998,0.0
9,7,0.0,0.05896654,0.18906815,0.0,0.0,0.0,0.062365558,0.6895998,0.0
9,7,0.0,0.05896654,0.18906815,0.0,0.0,0.0,0.062365558,0.6895998,0.0
9,7,0.0,0.05896654,0.18906815,0.0,0.0,0.0,0.062365558,0.6895998,0.0
9,7,0.0,0.05896654,0.18906815,0.0,0.0,0.0,0.062365558,0.6895998,0.0
9,7,0.0,0.05896654,0.18906815,0.0,0.0,0.0,0.062365558,0.6895998,0.0
9,7,0.0,0.05896654,0.18906815,0.0,0.0,0.0,0.062365558,0.6895998,0.0
9,7,0.0,0.05896654,0.18906815,0.0,0.0,0.0,0.062365558,0.6895998,0.0
9,7,0.0,0.05896654,0.18906815,0.0,0.0,0.0,0.062365558,0.6895998,0.0
9,7,0.0,0.05896654,0.18906815,0.0,0.0,0.0,0.062365558,0.6895998,0.0
9,7,0.0,0.05896654,0.18906815,0.0,0.0,0.0,0.062365558,0.6895998,0.0
9,7,0.0,0.05896654,0.18906815,0.0,0.0,0.0,0.062365558,0.6895998,0.0
9,7,0.0,0.05896654,0.18906815,0.0,0.0,0.0,0.062365558,0.6895998,0.0
9,7,0.0,0.05896654,0.18906815,0.0,0.0,0.0,0.062365558,0.6895998,0.0
9,7,0.0,0.05896654,0.18906815,0.0,0.0,0.0,0.062365558,0.6895998,0.0
9,7,0.0,0.05896654,0.18906815,0.0,0.0,0.0,0.062365558,0.6895998,0.0
9,7,0.0,0.05896654,0.18906815,0.0,0.0,0.0,0.062365558,0.6895998,0.0
9,7,0.0,0.05896654,0.18906815,0.0,0.0,0.0,0.062365558,0.6895998,0.0
9,7,0.0,0.05896654,0.18906815,0.0,0.0,0.0,0.062365558,0.6895998,0.0
9,7,0.0,0.05896654,0.18906815,0.0,0.0,0.0,0.062365558,0.6895998,0.0
9,7,0.0,0.05896654,0.18906815,0.0,0.0,0.0,0.062365558,0.6895998,0.0
9,7,0.0,0.05896654,0.18906815,0.0,0.0,0.0,0.062365558,0.6895998,0.0
9,7,0.0,0.05896654,0.18906815,0.0,0.0,0.0,0.062365558,0.6895998,0.0
9,7,0.0,0.05896654,0.18906815,0.0,0.0,0.0,0.062365558,0.6895998,0.0
9,7,0.0,0.05896654,0.18906815,0.0,0.0,0.0,0.062365558,0.6895998,0.0
9,7,0.0,0.05896654,0.18906815,0.0,0.0,0.0,0.062365558,0.6895998,0.0
9,7,0.0,0.05896654,0.18906815,0.0,0.0,0.0,0.062365558,0.6895998,0.0
9,7,0.0,0.05896654,0.18906815,0.0,0.0,0.0,0.062365558,0.6895998,0.0
9,7,0.0,0.05896654,0.18906815,0.0,0.0,0.0,0.062365558,0.6895998,0.0
9,7,0.0,0.05896654,0.18906815,0.0,0.0,0.0,0.062365558,0.6895998,0.0
9,7,0.0,0.05896654,0.18906815,0.0,0.0,0.0,0.062365558,0.6895998,0.0
9,7,0.0,0.05896654,0.18906815,0.0,0.0,0.0,0.062365558,0.6895998,0.0
9,7,0.0,0.05896654,0.18906815,0.0,0.0,0.0,0.062365558,0.6895998,0.0
9,7,0.0,0.0,0.18906815,0.0,0.0,0.0,0.062365558,0.7485663,0.0
9,7,0.0,0.0,0.18906815,0.0,0.0,0.0,0.062365558,0.7485663,0.0
9,7,0.0,0.0,0.18906815,0.0,0.0,0.0,0.062365558,0.7485663,0.0
9,7,0.0,0.0,0.115505725,0.0,0.0,0.0,0.062365558,0.8221288,0.0
9,7,0.0,0.0,0.115505725,0.0,0.0,0.0,0.062365558,0.8221288,0.0
9,7,0.0,0.0,0.115505725,0.0,0.0,0.0,0.062365558,0.8221288,0.0
9,7,0.0,0.0,0.115505725,0.0,0.0,0.0,0.062365558,0.8221288,0.0
9,7,0.0,0.0,0.115505725,0.0,0.0,0.0,0.062365558,0.8221288,0.0
9,7,0.0,0.0,0.115505725,0.0,0.0,0.0,0.062365558,0.8221288,0.0
9,7,0.0,0.0,0.115505725,0.0,0.0,0.0,0.062365558,0.8221288,0.0
9,7,0.0,0.0,0.115505725,0.0,0.0,0.0,0.062365558,0.8221288,0.0
9,7,0.0,0.0,0.115505725,0.0,0.0,0.0,0.062365558,0.8221288,0.0
9,7,0.0,0.0,0.115505725,0.0,0.0,0.0,0.062365558,0.8221288,0.0
9,7,0.0,0.0,0.115505725,0.0,0.0,0.0,0.062365558,0.8221288,0.0
9,7,0.0,0.0,0.115505725,0.0,0.0,0.0,0.062365558,0.8221288,0.0
9,7,0.0,0.0,0.115505725,0.0,0.0,0.0,0.062365558,0.8221288,0.0
9,7,0.0,0.0,0.115505725,0.0,0.0,0.0,0.062365558,0.8221288,0.0
9,7,0.0,0.0,0.115505725,0.0,0.0,0.0,0.062365558,0.8221288,0.0
9,7,0.0,0.0,0.115505725,0.0,0.0,0.0,0.062365558,0.8221288,0.0
9,7,0.0,0.0,0.115505725,0.0,0.0,0.0,0.062365558,0.8221288,0.0
9,7,0.0,0.0,0.115505725,0.0,0.0,0.0,0.062365558,0.8221288,0.0
9,7,0.0,0.0,0.115505725,0.0,0.0,0.0,0.062365558,0.8221288,0.0
9,7,0.0,0.0,0.115505725,0.0,0.0,0.0,0.062365558,0.8221288,0.0
9,7,0.0,0.0,0.115505725,0.0,0.0,0.0,0.062365558,0.8221288,0.0
9,7,0.0,0.0,0.115505725,0.0,0.0,0.0,0.062365558,0.8221288,0.0
9,7,0.0,0.0,0.115505725,0.0,0.0,0.0,0.062365558,0.8221288,0.0
9,7,0.0,0.0,0.115505725,0.0,0.0,0.0,0.062365558,0.8221288,0.0
9,7,0.0,0.0,0.115505725,0.0,0.0,0.0,0.062365558,0.8221288,0.0
9,7,0.0,0.0,0.115505725,0.0,0.0,0.0,0.062365558,0.8221288,0.0
9,7,0.0,0.0,0.115505725,0.0,0.0,0.0,0.062365558,0.8221288,0.0
9,7,0.0,0.0,0.115505725,0.0,0.0,0.0,0.062365558,0.8221288,0.0
9,7,0.0,0.0,0.115505725,0.0,0.0,0.0,0.062365558,0.8221288,0.0
9,7,0.0,0.0,0.115505725,0.0,0.0,0.0,0.062365558,0.8221288,0.0
9,7,0.0,0.0,0.115505725,0.0,0.0,0.0,0.062365558,0.8221288,0.0
9,7,0.0,0.0,0.115505725,0.0,0.0,0.0,0.062365558,0.8221288,0.0
9,7,0.0,0.0,0.115505725,0.0,0.0,0.0,0.062365558,0.8221288,0.0
9,7,0.0,0.0,0.115505725,0.0,0.0,0.0,0.062365558,0.8221288,0.0
9,7,0.0,0.0,0.115505725,0.0,0.0,0.0,0.062365558,0.8221288,0.0
9,7,0.0,0.0,0.115505725,0.0,0.0,0.0,0.062365558,0.8221288,0.0
9,7,0.0,0.0,0.115505725,0.0,0.0,0.0,0.062365558,0.8221288,0.0
9,7,0.0,0.0,0.115505725,0.0,0.0,0.0,0.062365558,0.8221288,0.0
9,7,0.0,0.0,0.115505725,0.0,0.0,0.0,0.062365558,0.8221288,0.0
9,7,0.0,0.0,0.115505725,0.0,0.0,0.0,0.062365558,0.8221288,0.0
9,7,0.0,0.0,0.115505725,0.0,0.0,0.0,0.062365558,0.8221288,0.0
9,7,0.0,0.0,0.115505725,0.0,0.0,0.0,0.062365558,0.8221288,0.0
9,7,0.0,0.0,0.115505725,0.0,0.0,0.0,0.062365558,0.8221288,0.0
9,7,0.0,0.0,0.115505725,0.0,0.0,0.0,0.062365558,0.8221288,0.0
9,7,0.0,0.0,0.115505725,0.0,0.0,0.0,0.062365558,0.8221288,0.0
9,7,0.0,0.0,0.115505725,0.0,0.0,0.0,0.062365558,0.8221288,0.0
9,7,0.0,0.0,0.115505725,0.0,0.0,0.0,0.062365558,0.8221288,0.0
9,7,0.0,0.0,0.115505725,0.0,0.0,0.0,0.062365558,0.8221288,0.0
9,7,0.0,0.0,0.115505725,0.0,0.0,0.0,0.062365558,0.8221288,0.0
9,7,0.0,0.0,0.115505725,0.0,0.0,0.0,0.062365558,0.8221288,0.0
9,7,0.0,0.0,0.115505725,0.0,0.0,0.0,0.062365558,0.8221288,0.0
9,7,0.0,0.0,0.115505725,0.0,0.0,0.0,0.062365558,0.8221288,0.0
9,7,0.0,0.0,0.115505725,0.0,0.0,0.0,0.062365558,0.8221288,0.0
9,7,0.0,0.0,0.059169326,0.0,0.0,0.0,0.062365554,0.8784651,0.0
9,7,0.0,0.0,0.059169326,0.0,0.0,0.0,0.062365554,0.8784651,0.0
9,7,0.0,0.0,0.059169326,0.0,0.0,0.0,0.062365554,0.8784651,0.0
9,7,0.0,0.0,0.059169326,0.0,0.0,0.0,0.062365554,0.8784651,0.0
9,7,0.0,0.0,0.059169326,0.0,0.0,0.0,0.062365554,0.8784651,0.0
9,7,0.0,0.0,0.059169326,0.0,0.0,0.0,0.062365554,0.8784651,0.0
9,7,0.0,0.0,0.059169326,0.0,0.0,0.0,0.062365554,0.8784651,0.0
9,7,0.0,0.0,0.059169326,0.0,0.0,0.0,0.062365554,0.8784651,0.0
9,7,0.0,0.0,0.059169326,0.0,0.0,0.0,0.062365554,0.8784651,0.0
9,7,0.0,0.0,0.059169326,0.0,0.0,0.0,0.062365554,0.8784651,0.0
9,7,0.0,0.0,0.059169326,0.0,0.0,0.0,0.062365554,0.8784651,0.0
9,7,0.0,0.0,0.059169326,0.0,0.0,0.0,0.062365554,0.8784651,0.0
9,7,0.0,0.0,0.059169326,0.0,0.0,0.0,0.062365554,0.8784651,0.0
9,7,0.0,0.0,0.059169326,0.0,0.0,0.0,0.062365554,0.8784651,0.0
9,7,0.0,0.0,0.059169326,0.0,0.0,0.0,0.062365554,0.8784651,0.0
9,7,0.0,0.0,0.059169326,0.0,0.0,0.0,0.062365554,0.8784651,0.0
9,7,0.0,0.0,0.059169326,0.0,0.0,0.0,0.062365554,0.8784651,0.0
9,7,0.0,0.0,0.059169326,0.0,0.0,0.0,0.062365554,0.8784651,0.0
9,7,0.0,0.0,0.059169326,0.0,0.0,0.0,0.062365554,0.8784651,0.0
9,7,0.0,0.0,0.059169326,0.0,0.0,0.0,0.062365554,0.8784651,0.0
9,7,0.0,0.0,0.059169326,0.0,0.0,0.0,0.062365554,0.8784651,0.0
9,7,0.0,0.0,0.059169326,0.0,0.0,0.0,0.062365554,0.8784651,0.0
9,7,0.0,0.0,0.059169326,0.0,0.0,0.0,0.062365554,0.8784651,0.0
9,7,0.0,0.0,0.059169326,0.0,0.0,0.0,0.062365554,0.8784651,0.0
9,7,0.0,0.0,0.059169326,0.0,0.0,0.0,0.062365554,0.8784651,0.0
9,7,0.0,0.0,0.059169326,0.0,0.0,0.0,0.062365554,0.8784651,0.0
9,7,0.0,0.0,0.059169326,0.0,0.0,0.0,0.062365554,0.8784651,0.0
9,7,0.0,0.0,0.059169326,0.0,0.0,0.0,0.062365554,0.8784651,0.0
9,7,0.0,0.0,0.059169326,0.0,0.0,0.0,0.062365554,0.8784651,0.0
9,7,0.0,0.0,0.059169326,0.0,0.0,0.0,0.062365554,0.8784651,0.0
9,7,0.0,0.0,0.059169326,0.0,0.0,0.0,0.062365554,0.8784651,0.0
9,7,0.0,0.0,0.059169326,0.0,0.0,0.0,0.062365554,0.8784651,0.0
9,7,0.0,0.0,0.0,0.0,0.0,0.0,0.062365558,0.93763447,0.0
9,7,0.0,0.0,0.0,0.0,0.0,0.0,0.062365558,0.93763447,0.0
9,7,0.0,0.0,0.0,0.0,0.0,0.0,0.062365558,0.93763447,0.0
9,7,0.0,0.0,0.0,0.0,0.0,0.0,0.062365558,0.93763447,0.0
9,7,0.0,0.0,0.0,0.0,0.0,0.0,0.062365558,0.93763447,0.0
9,7,0.0,0.0,0.0,0.0,0.0,0.0,0.062365558,0.93763447,0.0
9,7,0.0,0.0,0.0,0.0,0.0,0.0,0.062365558,0.93763447,0.0
9,7,0.0,0.0,0.0,0.0,0.0,0.0,0.062365558,0.93763447,0.0
9,7,0.0,0.0,0.0,0.0,0.0,0.0,0.062365558,0.93763447,0.0
9,7,0.0,0.0,0.0,0.0,0.0,0.0,0.062365558,0.93763447,0.0
9,7,0.0,0.0,0.0,0.0,0.0,0.0,0.062365558,0.93763447,0.0
9,7,0.0,0.0,0.0,0.0,0.0,0.0,0.062365558,0.93763447,0.0
9,7,0.0,0.0,0.0,0.0,0.0,0.0,0.062365558,0.93763447,0.0
9,7,0.0,0.0,0.0,0.0,0.0,0.0,0.062365558,0.93763447,0.0
9,7,0.0,0.0,0.0,0.0,0.0,0.0,0.062365558,0.93763447,0.0
9,7,0.0,0.0,0.0,0.0,0.0,0.0,0.062365558,0.93763447,0.0
9,7,0.0,0.0,0.0,0.0,0.0,0.0,0.062365558,0.93763447,0.0
9,7,0.0,0.0,0.0,0.0,0.0,0.0,0.062365558,0.93763447,0.0
9,7,0.0,0.0,0.0,0.0,0.0,0.0,0.062365558,0.93763447,0.0
9,7,0.0,0.0,0.0,0.0,0.0,0.0,0.062365558,0.93763447,0.0
9,7,0.0,0.0,0.0,0.0,0.0,0.0,0.062365558,0.93763447,0.0
9,7,0.0,0.0,0.0,0.0,0.0,0.0,0.062365558,0.93763447,0.0
9,7,0.0,0.0,0.0,0.0,0.0,0.0,0.062365558,0.93763447,0.0
9,7,0.0,0.0,0.0,0.0,0.0,0.0,0.062365558,0.93763447,0.0
9,7,0.0,0.0,0.0,0.0,0.0,0.0,0.062365558,0.93763447,0.0
9,7,0.0,0.0,0.0,0.0,0.0,0.0,0.062365558,0.93763447,0.0
9,7,0.0,0.0,0.0,0.0,0.0,0.0,0.062365558,0.93763447,0.0
9,7,0.0,0.0,0.0,0.0,0.0,0.0,0.062365558,0.93763447,0.0
9,7,0.0,0.0,0.0,0.0,0.0,0.0,0.062365558,0.93763447,0.0
9,7,0.0,0.0,0.0,0.0,0.0,0.0,0.062365558,0.93763447,0.0
9,7,0.0,0.0,0.0,0.0,0.0,0.0,0.062365558,0.93763447,0.0
9,7,0.0,0.0,0.0,0.0,0.0,0.0,0.062365558,0.93763447,0.0
9,7,0.0,0.0,0.0,0.0,0.0,0.0,0.062365558,0.93763447,0.0
9,7,0.0,0.0,0.0,0.0,0.0,0.0,0.062365558,0.93763447,0.0
9,7,0.0,0.0,0.0,0.0,0.0,0.0,0.062365558,0.93763447,0.0
9,7,0.0,0.0,0.0,0.0,0.0,0.0,0.062365558,0.93763447,0.0
9,7,0.0,0.0,0.0,0.0,0.0,0.0,0.062365558,0.93763447,0.0
9,7,0.0,0.0,0.0,0.0,0.0,0.0,0.062365558,0.93763447,0.0
9,7,0.0,0.0,0.0,0.0,0.0,0.0,0.062365558,0.93763447,0.0
9,7,0.0,0.0,0.0,0.0,0.0,0.0,0.062365558,0.93763447,0.0
9,7,0.0,0.0,0.0,0.0,0.0,0.0,0.062365558,0.93763447,0.0
9,7,0.0,0.0,0.0,0.0,0.0,0.0,0.062365558,0.93763447,0.0
9,7,0.0,0.0,0.0,0.0,0.0,0.0,0.062365558,0.93763447,0.0
9,7,0.0,0.0,0.0,0.0,0.0,0.0,0.062365558,0.93763447,0.0
9,7,0.0,0.0,0.0,0.0,0.0,0.0,0.0,1.0,0.0
9,7,0.0,0.0,0.0,0.0,0.0,0.0,0.0,1.0,0.0
9,7,0.0,0.0,0.0,0.0,0.0,0.0,0.0,1.0,0.0
9,7,0.0,0.0,0.0,0.0,0.0,0.0,0.0,1.0,0.0
9,7,0.0,0.0,0.0,0.0,0.0,0.0,0.0,1.0,0.0
9,7,0.0,0.0,0.0,0.0,0.0,0.0,0.0,1.0,0.0
9,7,0.0,0.0,0.0,0.0,0.0,0.0,0.0,1.0,0.0
9,7,0.0,0.0,0.0,0.0,0.0,0.0,0.0,1.0,0.0
9,7,0.0,0.0,0.0,0.0,0.0,0.0,0.0,1.0,0.0
9,7,0.0,0.0,0.0,0.0,0.0,0.0,0.0,1.0,0.0
9,7,0.0,0.0,0.0,0.0,0.0,0.0,0.0,1.0,0.0
9,7,0.0,0.0,0.0,0.0,0.0,0.0,0.0,1.0,0.0
9,7,0.0,0.0,0.0,0.0,0.0,0.0,0.0,1.0,0.0
9,7,0.0,0.0,0.0,0.0,0.0,0.0,0.0,1.0,0.0
9,7,0.0,0.0,0.0,0.0,0.0,0.0,0.0,1.0,0.0
9,7,0.0,0.0,0.0,0.0,0.0,0.0,0.0,1.0,0.0
9,7,0.0,0.0,0.0,0.0,0.0,0.0,0.0,1.0,0.0
9,7,0.0,0.0,0.0,0.0,0.0,0.0,0.0,1.0,0.0
9,7,0.0,0.0,0.0,0.0,0.0,0.0,0.0,1.0,0.0
9,7,0.0,0.0,0.0,0.0,0.0,0.0,0.0,1.0,0.0
9,7,0.0,0.0,0.0,0.0,0.0,0.0,0.0,1.0,0.0
9,7,0.0,0.0,0.0,0.0,0.0,0.0,0.0,1.0,0.0
9,7,0.0,0.0,0.0,0.0,0.0,0.0,0.0,1.0,0.0
9,7,0.0,0.0,0.0,0.0,0.0,0.0,0.0,1.0,0.0
9,7,0.0,0.0,0.0,0.0,0.0,0.0,0.0,1.0,0.0
9,7,0.0,0.0,0.0,0.0,0.0,0.0,0.0,1.0,0.0
9,7,0.0,0.0,0.0,0.0,0.0,0.0,0.0,1.0,0.0
9,7,0.0,0.0,0.0,0.0,0.0,0.0,0.0,1.0,0.0
9,7,0.0,0.0,0.0,0.0,0.0,0.0,0.0,1.0,0.0
9,7,0.0,0.0,0.0,0.0,0.0,0.0,0.0,1.0,0.0
9,7,0.0,0.0,0.0,0.0,0.0,0.0,0.0,1.0,0.0
9,7,0.0,0.0,0.0,0.0,0.0,0.0,0.0,1.0,0.0
9,7,0.0,0.0,0.0,0.0,0.0,0.0,0.0,1.0,0.0
9,7,0.0,0.0,0.0,0.0,0.0,0.0,0.0,1.0,0.0
9,7,0.0,0.0,0.0,0.0,0.0,0.0,0.0,1.0,0.0
9,7,0.0,0.0,0.0,0.0,0.0,0.0,0.0,1.0,0.0
9,7,0.0,0.0,0.0,0.0,0.0,0.0,0.0,1.0,0.0
9,7,0.0,0.0,0.0,0.0,0.0,0.0,0.0,1.0,0.0
9,7,0.0,0.0,0.0,0.0,0.0,0.0,0.0,1.0,0.0
9,7,0.0,0.0,0.0,0.0,0.0,0.0,0.0,1.0,0.0
9,7,0.0,0.0,0.0,0.0,0.0,0.0,0.0,1.0,0.0
9,7,0.0,0.0,0.0,0.0,0.0,0.0,0.0,1.0,0.0
9,7,0.0,0.0,0.0,0.0,0.0,0.0,0.0,1.0,0.0
9,7,0.0,0.0,0.0,0.0,0.0,0.0,0.0,1.0,0.0
9,7,0.0,0.0,0.0,0.0,0.0,0.0,0.0,1.0,0.0
9,7,0.0,0.0,0.0,0.0,0.0,0.0,0.0,1.0,0.0
9,7,0.0,0.0,0.0,0.0,0.0,0.0,0.0,1.0,0.0
9,7,0.0,0.0,0.0,0.0,0.0,0.0,0.0,1.0,0.0
9,7,0.0,0.0,0.0,0.0,0.0,0.0,0.0,1.0,0.0
9,7,0.0,0.0,0.0,0.0,0.0,0.0,0.0,1.0,0.0
9,7,0.0,0.0,0.0,0.0,0.0,0.0,0.0,1.0,0.0
9,7,0.0,0.0,0.0,0.0,0.0,0.0,0.0,1.0,0.0
9,7,0.0,0.0,0.0,0.0,0.0,0.0,0.0,1.0,0.0
9,7,0.0,0.0,0.0,0.0,0.0,0.0,0.0,1.0,0.0
9,7,0.0,0.0,0.0,0.0,0.0,0.0,0.0,1.0,0.0
9,7,0.0,0.0,0.0,0.0,0.0,0.0,0.0,1.0,0.0
9,7,0.0,0.0,0.0,0.0,0.0,0.0,0.0,1.0,0.0
9,7,0.0,0.0,0.0,0.0,0.0,0.0,0.0,1.0,0.0
9,7,0.0,0.0,0.0,0.0,0.0,0.0,0.0,1.0,0.0
9,7,0.0,0.0,0.0,0.0,0.0,0.0,0.0,1.0,0.0
9,7,0.0,0.0,0.0,0.0,0.0,0.0,0.0,1.0,0.0
9,7,0.0,0.0,0.0,0.0,0.0,0.0,0.0,1.0,0.0
9,7,0.0,0.0,0.0,0.0,0.0,0.0,0.0,1.0,0.0
9,7,0.0,0.0,0.0,0.0,0.0,0.0,0.0,1.0,0.0
9,7,0.0,0.0,0.0,0.0,0.0,0.0,0.0,1.0,0.0
9,7,0.0,0.0,0.0,0.0,0.0,0.0,0.0,1.0,0.0
9,7,0.0,0.0,0.0,0.0,0.0,0.0,0.0,1.0,0.0
9,7,0.0,0.0,0.0,0.0,0.0,0.0,0.0,1.0,0.0
9,7,0.0,0.0,0.064715296,0.0,0.0,0.0,0.0,0.9352847,0.0
9,7,0.0,0.0,0.064715296,0.0,0.0,0.0,0.0,0.9352847,0.0
9,7,0.0,0.0,0.064715296,0.0,0.0,0.0,0.0,0.9352847,0.0
9,7,0.0,0.0,0.064715296,0.0,0.0,0.0,0.0,0.9352847,0.0
9,7,0.0,0.0,0.064715296,0.0,0.0,0.0,0.0,0.9352847,0.0
9,7,0.0,0.0,0.064715296,0.0,0.0,0.0,0.0,0.9352847,0.0
9,7,0.0,0.0,0.064715296,0.0,0.0,0.0,0.0,0.9352847,0.0
9,7,0.0,0.0,0.064715296,0.0,0.0,0.0,0.0,0.9352847,0.0
9,7,0.0,0.0,0.064715296,0.0,0.0,0.0,0.0,0.9352847,0.0
9,7,0.0,0.0,0.064715296,0.0,0.0,0.0,0.0,0.9352847,0.0
9,7,0.0,0.0,0.064715296,0.0,0.0,0.0,0.0,0.9352847,0.0
9,7,0.0,0.0,0.064715296,0.0,0.0,0.0,0.0,0.9352847,0.0
9,7,0.0,0.0,0.064715296,0.0,0.0,0.0,0.0,0.9352847,0.0
9,7,0.0,0.0,0.064715296,0.0,0.0,0.0,0.0,0.9352847,0.0
9,7,0.0,0.0,0.064715296,0.0,0.0,0.0,0.0,0.9352847,0.0
9,7,0.0,0.0,0.064715296,0.0,0.0,0.0,0.0,0.9352847,0.0
9,7,0.0,0.0,0.064715296,0.0,0.0,0.0,0.0,0.9352847,0.0
9,7,0.0,0.0,0.064715296,0.0,0.0,0.0,0.0,0.9352847,0.0
9,7,0.0,0.0,0.064715296,0.0,0.0,0.0,0.0,0.9352847,0.0
9,7,0.0,0.0,0.064715296,0.0,0.0,0.0,0.0,0.9352847,0.0
9,7,0.0,0.0,0.064715296,0.0,0.0,0.0,0.0,0.9352847,0.0
9,7,0.0,0.0,0.064715296,0.0,0.0,0.0,0.0,0.9352847,0.0
9,7,0.0,0.0,0.064715296,0.0,0.0,0.0,0.0,0.9352847,0.0
9,7,0.0,0.0,0.064715296,0.0,0.0,0.0,0.0,0.9352847,0.0
9,7,0.0,0.0,0.064715296,0.0,0.0,0.0,0.0,0.9352847,0.0
9,7,0.0,0.0,0.064715296,0.0,0.0,0.0,0.0,0.9352847,0.0
9,7,0.0,0.0,0.064715296,0.0,0.0,0.0,0.0,0.9352847,0.0
9,7,0.0,0.0,0.064715296,0.0,0.0,0.0,0.0,0.9352847,0.0
9,7,0.0,0.0,0.064715296,0.0,0.0,0.0,0.0,0.9352847,0.0
9,7,0.0,0.0,0.064715296,0.0,0.0,0.0,0.0,0.9352847,0.0
9,7,0.0,0.0,0.064715296,0.0,0.0,0.0,0.0,0.9352847,0.0
9,7,0.0,0.0,0.064715296,0.0,0.0,0.0,0.0,0.9352847,0.0
9,7,0.0,0.0,0.064715296,0.0,0.0,0.0,0.0,0.9352847,0.0
9,7,0.0,0.0,0.064715296,0.0,0.0,0.0,0.0,0.9352847,0.0
9,7,0.0,0.0,0.064715296,0.0,0.0,0.0,0.0,0.9352847,0.0
9,7,0.0,0.0,0.064715296,0.0,0.0,0.0,0.0,0.9352847,0.0
9,7,0.0,0.0,0.064715296,0.0,0.0,0.0,0.0,0.9352847,0.0
9,7,0.0,0.0,0.064715296,0.0,0.0,0.0,0.0,0.9352847,0.0
9,7,0.0,0.0,0.064715296,0.0,0.0,0.0,0.0,0.9352847,0.0
9,7,0.0,0.0,0.064715296,0.0,0.0,0.0,0.0,0.9352847,0.0
9,7,0.0,0.0,0.064715296,0.0,0.0,0.0,0.0,0.9352847,0.0
9,7,0.0,0.0,0.064715296,0.0,0.0,0.0,0.0,0.9352847,0.0
9,7,0.0,0.0,0.064715296,0.0,0.0,0.0,0.0,0.9352847,0.0
9,7,0.0,0.0,0.064715296,0.0,0.0,0.0,0.0,0.9352847,0.0
9,7,0.0,0.0,0.064715296,0.0,0.0,0.0,0.0,0.9352847,0.0
9,7,0.0,0.0,0.064715296,0.0,0.0,0.0,0.0,0.9352847,0.0
9,7,0.0,0.0,0.064715296,0.0,0.0,0.0,0.0,0.9352847,0.0
9,7,0.0,0.0,0.064715296,0.0,0.0,0.0,0.0,0.9352847,0.0
9,7,0.0,0.0,0.064715296,0.0,0.0,0.0,0.0,0.9352847,0.0
9,7,0.0,0.0,0.064715296,0.0,0.0,0.0,0.0,0.9352847,0.0
9,7,0.0,0.0,0.064715296,0.0,0.0,0.0,0.0,0.9352847,0.0
9,7,0.0,0.0,0.064715296,0.0,0.0,0.0,0.0,0.9352847,0.0
9,7,0.0,0.0,0.064715296,0.0,0.0,0.0,0.0,0.9352847,0.0
9,7,0.0,0.0,0.064715296,0.0,0.0,0.0,0.0,0.9352847,0.0
9,7,0.0,0.0,0.064715296,0.0,0.0,0.0,0.0,0.9352847,0.0
9,7,0.0,0.0,0.064715296,0.0,0.0,0.0,0.0,0.9352847,0.0
9,7,0.0,0.0,0.064715296,0.0,0.0,0.0,0.0,0.9352847,0.0
9,7,0.0,0.0,0.064715296,0.0,0.0,0.0,0.0,0.9352847,0.0
9,7,0.0,0.0,0.064715296,0.0,0.0,0.0,0.0,0.9352847,0.0
9,7,0.0,0.0,0.064715296,0.0,0.0,0.0,0.0,0.9352847,0.0
9,7,0.0,0.0,0.064715296,0.0,0.0,0.0,0.0,0.9352847,0.0
9,7,0.0,0.0,0.064715296,0.0,0.0,0.0,0.0,0.9352847,0.0
9,7,0.0,0.0,0.064715296,0.0,0.0,0.0,0.0,0.9352847,0.0
9,7,0.0,0.0,0.064715296,0.0,0.0,0.0,0.0,0.9352847,0.0
9,7,0.0,0.0,0.064715296,0.0,0.0,0.0,0.0,0.9352847,0.0
9,7,0.0,0.0,0.064715296,0.0,0.0,0.0,0.0,0.9352847,0.0
9,7,0.0,0.0,0.064715296,0.0,0.0,0.0,0.0,0.9352847,0.0
9,7,0.0,0.0,0.064715296,0.0,0.0,0.0,0.0,0.9352847,0.0
9,7,0.0,0.0,0.064715296,0.0,0.0,0.0,0.0,0.9352847,0.0
9,7,0.0,0.0,0.064715296,0.0,0.0,0.0,0.0,0.9352847,0.0
9,7,0.0,0.0,0.064715296,0.0,0.0,0.0,0.0,0.9352847,0.0
9,7,0.0,0.0,0.064715296,0.0,0.0,0.0,0.0,0.9352847,0.0
9,7,0.0,0.0,0.064715296,0.0,0.0,0.0,0.0,0.9352847,0.0
9,7,0.0,0.0,0.064715296,0.0,0.0,0.0,0.0,0.9352847,0.0
9,7,0.0,0.0,0.064715296,0.0,0.0,0.0,0.0,0.9352847,0.0
9,7,0.0,0.0,0.064715296,0.0,0.0,0.0,0.0,0.9352847,0.0
9,7,0.0,0.0,0.064715296,0.0,0.0,0.0,0.0,0.9352847,0.0
9,7,0.0,0.0,0.064715296,0.0,0.0,0.0,0.0,0.9352847,0.0
9,7,0.0,0.0,0.064715296,0.0,0.0,0.0,0.0,0.9352847,0.0
9,7,0.0,0.0,0.064715296,0.0,0.0,0.0,0.0,0.9352847,0.0
9,7,0.0,0.0,0.064715296,0.0,0.0,0.0,0.0,0.9352847,0.0
9,7,0.0,0.0,0.064715296,0.0,0.0,0.0,0.0,0.9352847,0.0
9,7,0.0,0.0,0.064715296,0.0,0.0,0.0,0.0,0.9352847,0.0
9,7,0.0,0.0,0.064715296,0.0,0.0,0.0,0.0,0.9352847,0.0
9,7,0.0,0.0,0.064715296,0.0,0.0,0.0,0.0,0.9352847,0.0
9,7,0.0,0.0,0.064715296,0.0,0.0,0.0,0.0,0.9352847,0.0
9,7,0.0,0.0,0.064715296,0.0,0.0,0.0,0.0,0.9352847,0.0
9,7,0.0,0.0,0.064715296,0.0,0.0,0.0,0.0,0.9352847,0.0
9,7,0.0,0.0,0.064715296,0.0,0.0,0.0,0.0,0.9352847,0.0
9,7,0.0,0.0,0.064715296,0.0,0.0,0.0,0.0,0.9352847,0.0
9,7,0.0,0.0,0.064715296,0.0,0.0,0.0,0.0,0.9352847,0.0
9,7,0.0,0.0,0.064715296,0.0,0.0,0.0,0.0,0.9352847,0.0
9,7,0.0,0.0,0.064715296,0.0,0.0,0.0,0.0,0.9352847,0.0
9,7,0.0,0.0,0.064715296,0.0,0.0,0.0,0.0,0.9352847,0.0
9,7,0.0,0.0,0.064715296,0.0,0.0,0.0,0.0,0.9352847,0.0
9,7,0.0,0.0,0.064715296,0.0,0.0,0.0,0.0,0.9352847,0.0
9,7,0.0,0.0,0.064715296,0.0,0.0,0.0,0.0,0.9352847,0.0
9,7,0.0,0.0,0.064715296,0.0,0.0,0.0,0.0,0.9352847,0.0
9,7,0.0,0.0,0.064715296,0.0,0.0,0.0,0.0,0.9352847,0.0
9,7,0.0,0.0,0.064715296,0.0,0.0,0.0,0.0,0.9352847,0.0
9,7,0.0,0.0,0.064715296,0.0,0.0,0.0,0.0,0.9352847,0.0
9,7,0.0,0.0,0.064715296,0.0,0.0,0.0,0.0,0.9352847,0.0
9,7,0.0,0.0,0.064715296,0.0,0.0,0.0,0.0,0.9352847,0.0
9,7,0.0,0.0,0.064715296,0.0,0.0,0.0,0.0,0.9352847,0.0
9,7,0.0,0.0,0.064715296,0.0,0.0,0.0,0.0,0.9352847,0.0
9,7,0.0,0.0,0.064715296,0.0,0.0,0.0,0.0,0.9352847,0.0
9,7,0.0,0.0,0.064715296,0.0,0.0,0.0,0.0,0.9352847,0.0
9,7,0.0,0.0,0.064715296,0.0,0.0,0.0,0.0,0.9352847,0.0
9,7,0.0,0.0,0.064715296,0.0,0.0,0.0,0.0,0.9352847,0.0
9,7,0.0,0.0,0.064715296,0.0,0.0,0.0,0.0,0.9352847,0.0
9,7,0.0,0.0,0.064715296,0.0,0.0,0.0,0.0,0.9352847,0.0
9,7,0.0,0.0,0.064715296,0.0,0.0,0.0,0.0,0.9352847,0.0
9,7,0.0,0.0,0.12388463,0.0,0.0,0.0,0.0,0.8761154,0.0
9,7,0.0,0.0,0.12388463,0.0,0.0,0.0,0.0,0.8761154,0.0
9,7,0.0,0.0,0.12388463,0.0,0.0,0.0,0.0,0.8761154,0.0
9,7,0.0,0.0,0.12388463,0.0,0.0,0.0,0.0,0.8761154,0.0
9,7,0.0,0.0,0.12388463,0.0,0.0,0.0,0.0,0.8761154,0.0
9,7,0.0,0.0,0.12388463,0.0,0.0,0.0,0.0,0.8761154,0.0
9,7,0.0,0.0,0.12388463,0.0,0.0,0.0,0.0,0.8761154,0.0
9,7,0.0,0.0,0.12388463,0.0,0.0,0.0,0.0,0.8761154,0.0
9,7,0.0,0.0,0.18164209,0.0,0.0,0.0,0.0,0.81835794,0.0
9,7,0.0,0.0,0.18164209,0.0,0.0,0.0,0.0,0.81835794,0.0
9,7,0.0,0.0,0.18164209,0.0,0.0,0.0,0.0,0.81835794,0.0
9,7,0.0,0.0,0.18164209,0.0,0.0,0.0,0.0,0.81835794,0.0
9,7,0.0,0.0,0.18164209,0.0,0.0,0.0,0.0,0.81835794,0.0
9,7,0.0,0.0,0.18164209,0.0,0.0,0.0,0.0,0.81835794,0.0
9,7,0.0,0.0,0.18164209,0.0,0.0,0.0,0.0,0.81835794,0.0
9,7,0.0,0.0,0.18164209,0.0,0.0,0.0,0.0,0.81835794,0.0
9,7,0.0,0.0,0.18164209,0.0,0.0,0.0,0.0,0.81835794,0.0
9,7,0.0,0.0,0.18164209,0.0,0.0,0.0,0.0,0.81835794,0.0
9,7,0.0,0.0,0.18164209,0.0,0.0,0.0,0.0,0.81835794,0.0
9,7,0.0,0.0,0.18164209,0.0,0.0,0.0,0.0,0.81835794,0.0
9,7,0.0,0.0,0.18164209,0.0,0.0,0.0,0.0,0.81835794,0.0
9,7,0.0,0.0,0.18164209,0.0,0.0,0.0,0.0,0.81835794,0.0
9,7,0.0,0.0,0.18164209,0.0,0.0,0.0,0.0,0.81835794,0.0
9,7,0.0,0.0,0.18164209,0.0,0.0,0.0,0.0,0.81835794,0.0
9,7,0.0,0.0,0.18164209,0.0,0.0,0.0,0.0,0.81835794,0.0
9,7,0.0,0.0,0.18164209,0.0,0.0,0.0,0.0,0.81835794,0.0
9,7,0.0,0.0,0.18164209,0.0,0.0,0.0,0.0,0.81835794,0.0
9,7,0.0,0.0,0.18164209,0.0,0.0,0.0,0.0,0.81835794,0.0
9,7,0.0,0.0,0.18164209,0.0,0.0,0.0,0.0,0.81835794,0.0
9,7,0.0,0.0,0.18164209,0.0,0.0,0.0,0.0,0.81835794,0.0
9,7,0.0,0.0,0.18164209,0.0,0.0,0.0,0.0,0.81835794,0.0
9,7,0.0,0.0,0.18164209,0.0,0.0,0.0,0.0,0.81835794,0.0
9,7,0.0,0.0,0.12388463,0.0,0.0,0.0,0.0,0.8761154,0.0
9,7,0.0,0.0,0.12388463,0.0,0.0,0.0,0.0,0.8761154,0.0
9,7,0.0,0.0,0.12388463,0.0,0.0,0.0,0.0,0.8761154,0.0
9,7,0.0,0.0,0.12388463,0.0,0.0,0.0,0.0,0.8761154,0.0
9,7,0.0,0.0,0.12388463,0.0,0.0,0.0,0.0,0.8761154,0.0
9,7,0.0,0.0,0.12388463,0.0,0.0,0.0,0.0,0.8761154,0.0
9,7,0.0,0.0,0.12388463,0.0,0.0,0.0,0.0,0.8761154,0.0
9,7,0.0,0.0,0.12388463,0.0,0.0,0.0,0.0,0.8761154,0.0
9,7,0.0,0.0,0.12388462,0.062365554,0.0,0.0,0.0,0.8137498,0.0
9,7,0.0,0.0,0.12388462,0.062365554,0.0,0.0,0.0,0.8137498,0.0
9,7,0.0,0.0,0.12388462,0.062365554,0.0,0.0,0.0,0.8137498,0.0
9,7,0.0,0.0,0.12388462,0.062365554,0.0,0.0,0.0,0.8137498,0.0
9,7,0.0,0.0,0.12388462,0.062365554,0.0,0.0,0.0,0.8137498,0.0
9,7,0.0,0.0,0.12388462,0.062365554,0.0,0.0,0.0,0.8137498,0.0
9,7,0.0,0.0,0.12388462,0.062365554,0.0,0.0,0.0,0.8137498,0.0
9,7,0.0,0.0,0.12388462,0.062365554,0.0,0.0,0.0,0.8137498,0.0
9,7,0.0,0.0,0.12388462,0.062365554,0.0,0.0,0.0,0.8137498,0.0
9,7,0.0,0.0,0.12388462,0.062365554,0.0,0.0,0.0,0.8137498,0.0
9,7,0.0,0.0,0.12388462,0.062365554,0.0,0.0,0.0,0.8137498,0.0
9,7,0.0,0.0,0.12388462,0.062365554,0.0,0.0,0.0,0.8137498,0.0
9,7,0.0,0.0,0.12388462,0.062365554,0.0,0.0,0.0,0.8137498,0.0
9,7,0.0,0.0,0.12388462,0.062365554,0.0,0.0,0.0,0.8137498,0.0
9,7,0.0,0.0,0.12388462,0.062365554,0.0,0.0,0.0,0.8137498,0.0
9,7,0.0,0.0,0.12388462,0.062365554,0.0,0.0,0.0,0.8137498,0.0
9,7,0.0,0.0,0.12388462,0.062365554,0.0,0.0,0.0,0.8137498,0.0
9,7,0.0,0.0,0.12388462,0.062365554,0.0,0.0,0.0,0.8137498,0.0
9,7,0.0,0.0,0.12388462,0.062365554,0.0,0.0,0.0,0.8137498,0.0
9,7,0.0,0.0,0.12388462,0.062365554,0.0,0.0,0.0,0.8137498,0.0
9,7,0.0,0.0,0.12388462,0.062365554,0.0,0.0,0.0,0.8137498,0.0
9,7,0.0,0.0,0.12388462,0.062365554,0.0,0.0,0.0,0.8137498,0.0
9,7,0.0,0.0,0.12388462,0.062365554,0.0,0.0,0.0,0.8137498,0.0
9,7,0.0,0.0,0.12388462,0.062365554,0.0,0.0,0.0,0.8137498,0.0
9,7,0.0,0.0,0.12388462,0.062365554,0.0,0.0,0.0,0.8137498,0.0
9,7,0.0,0.0,0.12388462,0.062365554,0.0,0.0,0.0,0.8137498,0.0
9,7,0.0,0.0,0.12388463,0.13514937,0.0,0.0,0.0,0.740966,0.0
9,7,0.0,0.0,0.12388463,0.13514937,0.0,0.0,0.0,0.740966,0.0
9,7,0.0,0.0,0.12388463,0.13514937,0.0,0.0,0.0,0.740966,0.0
9,7,0.0,0.0,0.12388463,0.13514937,0.0,0.0,0.0,0.740966,0.0
9,7,0.0,0.0,0.12388463,0.13514937,0.0,0.0,0.0,0.740966,0.0
9,7,0.0,0.0,0.12388463,0.13514937,0.0,0.0,0.0,0.740966,0.0
9,7,0.0,0.0,0.12388463,0.13514937,0.0,0.0,0.0,0.740966,0.0
9,7,0.0,0.0,0.12388463,0.13514937,0.0,0.0,0.0,0.740966,0.0
9,7,0.0,0.0,0.12388463,0.13514937,0.0,0.0,0.0,0.740966,0.0
9,7,0.0,0.0,0.12388463,0.13514937,0.0,0.0,0.0,0.740966,0.0
9,7,0.0,0.0,0.12388463,0.13514937,0.0,0.0,0.0,0.740966,0.0
9,7,0.0,0.0,0.12388463,0.13514937,0.0,0.0,0.0,0.740966,0.0
9,7,0.0,0.0,0.12388463,0.13514937,0.0,0.0,0.0,0.740966,0.0
9,7,0.0,0.0,0.12388463,0.13514937,0.0,0.0,0.0,0.740966,0.0
9,7,0.0,0.0,0.12388463,0.13514937,0.0,0.0,0.0,0.740966,0.0
9,7,0.0,0.0,0.12388463,0.13514937,0.0,0.0,0.0,0.740966,0.0
9,7,0.0,0.0,0.12388463,0.13514937,0.0,0.0,0.0,0.740966,0.0
9,7,0.0,0.0,0.12388463,0.13514937,0.0,0.0,0.0,0.740966,0.0
9,7,0.0,0.0,0.12388463,0.13514937,0.0,0.0,0.0,0.740966,0.0
9,7,0.0,0.0,0.12388463,0.13514937,0.0,0.0,0.0,0.740966,0.0
9,7,0.0,0.0,0.12388463,0.13514937,0.0,0.0,0.0,0.740966,0.0
9,7,0.0,0.0,0.12388463,0.13514937,0.0,0.0,0.0,0.740966,0.0
9,7,0.0,0.0,0.12388463,0.13514937,0.0,0.0,0.0,0.740966,0.0
9,7,0.0,0.0,0.12388463,0.13514937,0.0,0.0,0.0,0.740966,0.0
9,7,0.0,0.0,0.12388463,0.13514937,0.0,0.0,0.0,0.740966,0.0
9,7,0.0,0.0,0.12388463,0.13514937,0.0,0.0,0.0,0.740966,0.0
9,7,0.0,0.0,0.12388463,0.13514937,0.0,0.0,0.0,0.740966,0.0
9,7,0.0,0.0,0.12388463,0.13514937,0.0,0.0,0.0,0.740966,0.0
9,7,0.0,0.0,0.12388463,0.13514937,0.0,0.0,0.0,0.740966,0.0
9,7,0.0,0.0,0.12388463,0.13514937,0.0,0.0,0.0,0.740966,0.0
9,7,0.0,0.0,0.12388463,0.13514937,0.0,0.0,0.0,0.740966,0.0
9,7,0.0,0.0,0.12388463,0.13514937,0.0,0.0,0.0,0.740966,0.0
9,7,0.0,0.0,0.12388463,0.13514937,0.0,0.0,0.0,0.740966,0.0
9,7,0.0,0.0,0.12388463,0.13514937,0.0,0.0,0.0,0.740966,0.0
9,7,0.0,0.0,0.12388463,0.13514937,0.0,0.0,0.0,0.740966,0.0
9,7,0.0,0.0,0.12388462,0.062365554,0.0,0.0,0.0,0.8137498,0.0
9,7,0.0,0.0,0.12388462,0.062365554,0.0,0.0,0.0,0.8137498,0.0
9,7,0.0,0.0,0.12388462,0.062365554,0.0,0.0,0.0,0.8137498,0.0
9,7,0.0,0.0,0.12388462,0.062365554,0.0,0.0,0.0,0.8137498,0.0
9,7,0.0,0.0,0.12388462,0.062365554,0.0,0.0,0.0,0.8137498,0.0
9,7,0.0,0.0,0.12388462,0.062365554,0.0,0.0,0.0,0.8137498,0.0
9,7,0.0,0.0,0.12388462,0.062365554,0.0,0.0,0.0,0.8137498,0.0
9,7,0.0,0.0,0.12388462,0.062365554,0.0,0.0,0.0,0.8137498,0.0
9,7,0.0,0.0,0.12388462,0.062365554,0.0,0.0,0.0,0.8137498,0.0
9,7,0.0,0.0,0.12388462,0.062365554,0.0,0.0,0.0,0.8137498,0.0
9,7,0.0,0.0,0.12388462,0.062365554,0.0,0.0,0.0,0.8137498,0.0
9,7,0.0,0.0,0.12388462,0.062365554,0.0,0.0,0.0,0.8137498,0.0
9,7,0.0,0.0,0.12388462,0.062365554,0.0,0.0,0.0,0.8137498,0.0
9,7,0.0,0.0,0.12388462,0.062365554,0.0,0.0,0.0,0.8137498,0.0
9,7,0.0,0.0,0.12388462,0.062365554,0.0,0.0,0.0,0.8137498,0.0
9,7,0.0,0.0,0.12388462,0.062365554,0.0,0.0,0.0,0.8137498,0.0
9,7,0.0,0.0,0.12388462,0.062365554,0.0,0.0,0.0,0.8137498,0.0
9,7,0.0,0.0,0.12388462,0.062365554,0.0,0.0,0.0,0.8137498,0.0
9,7,0.0,0.0,0.12388462,0.062365554,0.0,0.0,0.0,0.8137498,0.0
9,7,0.0,0.0,0.12388462,0.062365554,0.0,0.0,0.0,0.8137498,0.0
9,7,0.0,0.0,0.12388462,0.062365554,0.0,0.0,0.0,0.8137498,0.0
9,7,0.0,0.0,0.12388462,0.062365554,0.0,0.0,0.0,0.8137498,0.0
9,7,0.0,0.0,0.12388462,0.062365554,0.0,0.0,0.0,0.8137498,0.0
9,7,0.0,0.0,0.12388462,0.062365554,0.0,0.0,0.0,0.8137498,0.0
9,7,0.0,0.0,0.12388462,0.062365554,0.0,0.0,0.0,0.8137498,0.0
9,7,0.0,0.0,0.12388462,0.062365554,0.0,0.0,0.0,0.8137498,0.0
9,7,0.0,0.0,0.12388462,0.062365554,0.0,0.0,0.0,0.8137498,0.0
9,7,0.0,0.0,0.12388462,0.062365554,0.0,0.0,0.0,0.8137498,0.0
9,7,0.0,0.0,0.12388462,0.062365554,0.0,0.0,0.0,0.8137498,0.0
9,7,0.0,0.0,0.12388462,0.062365554,0.0,0.0,0.0,0.8137498,0.0
9,7,0.0,0.0,0.12388462,0.062365554,0.0,0.0,0.0,0.8137498,0.0
9,7,0.0,0.0,0.12388462,0.062365554,0.0,0.0,0.0,0.8137498,0.0
9,7,0.0,0.0,0.12388462,0.062365554,0.0,0.0,0.0,0.8137498,0.0
9,7,0.0,0.0,0.12388462,0.062365554,0.0,0.0,0.0,0.8137498,0.0
9,7,0.0,0.0,0.12388462,0.062365554,0.0,0.0,0.0,0.8137498,0.0
9,7,0.0,0.0,0.12388462,0.062365554,0.0,0.0,0.0,0.8137498,0.0
9,7,0.0,0.0,0.12388462,0.062365554,0.0,0.0,0.0,0.8137498,0.0
9,7,0.0,0.0,0.12388462,0.062365554,0.0,0.0,0.0,0.8137498,0.0
9,7,0.0,0.0,0.12388462,0.062365554,0.0,0.0,0.0,0.8137498,0.0
9,7,0.0,0.0,0.12388462,0.062365554,0.0,0.0,0.0,0.8137498,0.0
9,7,0.0,0.0,0.12388462,0.062365554,0.0,0.0,0.0,0.8137498,0.0
9,7,0.0,0.0,0.12388462,0.062365554,0.0,0.0,0.0,0.8137498,0.0
9,7,0.0,0.0,0.12388462,0.062365554,0.0,0.0,0.0,0.8137498,0.0
9,7,0.0,0.0,0.12388462,0.062365554,0.0,0.0,0.0,0.8137498,0.0
9,7,0.0,0.0,0.12388462,0.062365554,0.0,0.0,0.0,0.8137498,0.0
9,7,0.0,0.0,0.12388462,0.062365554,0.0,0.0,0.0,0.8137498,0.0
9,7,0.0,0.0,0.12388462,0.062365554,0.0,0.0,0.0,0.8137498,0.0
9,7,0.0,0.0,0.12388462,0.062365554,0.0,0.0,0.0,0.8137498,0.0
9,7,0.0,0.0,0.12388462,0.062365554,0.0,0.0,0.0,0.8137498,0.0
9,7,0.0,0.0,0.12388462,0.062365554,0.0,0.0,0.0,0.8137498,0.0
9,7,0.0,0.0,0.12388462,0.062365554,0.0,0.0,0.0,0.8137498,0.0
9,7,0.0,0.0,0.12388462,0.062365554,0.0,0.0,0.0,0.8137498,0.0
9,7,0.0,0.0,0.12388462,0.062365554,0.0,0.0,0.0,0.8137498,0.0
9,7,0.0,0.0,0.12388462,0.062365554,0.0,0.0,0.0,0.8137498,0.0
9,7,0.0,0.0,0.12388462,0.062365554,0.0,0.0,0.0,0.8137498,0.0
9,7,0.0,0.0,0.12388462,0.062365554,0.0,0.0,0.0,0.8137498,0.0
9,7,0.0,0.0,0.12388462,0.062365554,0.0,0.0,0.0,0.8137498,0.0
9,7,0.0,0.0,0.12388462,0.062365554,0.0,0.0,0.0,0.8137498,0.0
9,7,0.0,0.0,0.12388462,0.062365554,0.0,0.0,0.0,0.8137498,0.0
9,7,0.0,0.0,0.12388462,0.062365554,0.0,0.0,0.0,0.8137498,0.0
9,7,0.0,0.0,0.12388462,0.062365554,0.0,0.0,0.0,0.8137498,0.0
9,7,0.0,0.0,0.12388462,0.062365554,0.0,0.0,0.0,0.8137498,0.0
9,7,0.0,0.0,0.12388462,0.062365554,0.0,0.0,0.0,0.8137498,0.0
9,7,0.0,0.0,0.12388462,0.062365554,0.0,0.0,0.0,0.8137498,0.0
9,7,0.0,0.0,0.12388462,0.062365554,0.0,0.0,0.0,0.8137498,0.0
9,7,0.0,0.0,0.12388462,0.062365554,0.0,0.0,0.0,0.8137498,0.0
9,7,0.0,0.0,0.12388462,0.062365554,0.0,0.0,0.0,0.8137498,0.0
9,7,0.0,0.0,0.12388462,0.062365554,0.0,0.0,0.0,0.8137498,0.0
9,7,0.0,0.0,0.12388462,0.062365554,0.0,0.0,0.0,0.8137498,0.0
9,7,0.0,0.0,0.12388462,0.062365554,0.0,0.0,0.0,0.8137498,0.0
9,7,0.0,0.0,0.12388462,0.062365554,0.0,0.0,0.0,0.8137498,0.0
9,7,0.0,0.0,0.12388462,0.062365554,0.0,0.0,0.0,0.8137498,0.0
9,7,0.0,0.0,0.12388462,0.062365554,0.0,0.0,0.0,0.8137498,0.0
9,7,0.0,0.0,0.12388462,0.062365554,0.0,0.0,0.0,0.8137498,0.0
9,7,0.0,0.0,0.12388462,0.062365554,0.0,0.0,0.0,0.8137498,0.0
9,7,0.0,0.0,0.12388462,0.062365554,0.0,0.0,0.0,0.8137498,0.0
9,7,0.0,0.0,0.12388462,0.062365554,0.0,0.0,0.0,0.8137498,0.0
9,7,0.0,0.0,0.12388462,0.062365554,0.0,0.0,0.0,0.8137498,0.0
9,7,0.0,0.0,0.12388462,0.062365554,0.0,0.0,0.0,0.8137498,0.0
9,7,0.0,0.0,0.12388462,0.062365554,0.0,0.0,0.0,0.8137498,0.0
9,7,0.0,0.0,0.12388462,0.062365554,0.0,0.0,0.0,0.8137498,0.0
9,7,0.0,0.0,0.12388462,0.062365554,0.0,0.0,0.0,0.8137498,0.0
9,7,0.0,0.0,0.12388462,0.062365554,0.0,0.0,0.0,0.8137498,0.0
9,7,0.0,0.0,0.12388462,0.062365554,0.0,0.0,0.0,0.8137498,0.0
9,7,0.0,0.0,0.12388462,0.062365554,0.0,0.0,0.0,0.8137498,0.0
9,7,0.0,0.0,0.12388462,0.062365554,0.0,0.0,0.0,0.8137498,0.0
9,7,0.0,0.0,0.12388462,0.062365554,0.0,0.0,0.0,0.8137498,0.0
9,7,0.0,0.0,0.12388462,0.062365554,0.0,0.0,0.0,0.8137498,0.0
9,7,0.0,0.0,0.12388462,0.062365554,0.0,0.0,0.0,0.8137498,0.0
9,7,0.0,0.0,0.12388462,0.062365554,0.0,0.0,0.0,0.8137498,0.0
9,7,0.0,0.0,0.12388462,0.062365554,0.0,0.0,0.0,0.8137498,0.0
9,7,0.0,0.0,0.12388462,0.062365554,0.0,0.0,0.0,0.8137498,0.0
9,7,0.0,0.0,0.12388462,0.062365554,0.0,0.0,0.0,0.8137498,0.0
9,7,0.0,0.0,0.12388462,0.062365554,0.0,0.0,0.0,0.8137498,0.0
9,7,0.0,0.0,0.12388462,0.062365554,0.0,0.0,0.0,0.8137498,0.0
9,7,0.0,0.0,0.12388462,0.062365554,0.0,0.0,0.0,0.8137498,0.0
9,7,0.0,0.0,0.12388462,0.062365554,0.0,0.0,0.0,0.8137498,0.0
9,7,0.0,0.0,0.12388462,0.062365554,0.0,0.0,0.0,0.8137498,0.0
9,7,0.0,0.0,0.12388462,0.062365554,0.0,0.0,0.0,0.8137498,0.0
9,7,0.0,0.0,0.12388462,0.062365554,0.0,0.0,0.0,0.8137498,0.0
9,7,0.0,0.0,0.12388462,0.062365554,0.0,0.0,0.0,0.8137498,0.0
9,7,0.0,0.0,0.12388462,0.062365554,0.0,0.0,0.0,0.8137498,0.0
9,7,0.0,0.0,0.12388462,0.062365554,0.0,0.0,0.0,0.8137498,0.0
9,7,0.0,0.0,0.12388462,0.062365554,0.0,0.0,0.0,0.8137498,0.0
9,7,0.0,0.0,0.12388462,0.062365554,0.0,0.0,0.0,0.8137498,0.0
9,7,0.0,0.0,0.12388462,0.062365554,0.0,0.0,0.0,0.8137498,0.0
9,7,0.0,0.0,0.12388462,0.062365554,0.0,0.0,0.0,0.8137498,0.0
9,7,0.0,0.0,0.12388462,0.062365554,0.0,0.0,0.0,0.8137498,0.0
9,7,0.0,0.0,0.12388462,0.062365554,0.0,0.0,0.0,0.8137498,0.0
9,7,0.0,0.0,0.12388462,0.062365554,0.0,0.0,0.0,0.8137498,0.0
9,7,0.0,0.0,0.12388462,0.062365554,0.0,0.0,0.0,0.8137498,0.0
9,7,0.0,0.0,0.12388462,0.062365554,0.0,0.0,0.0,0.8137498,0.0
9,7,0.0,0.0,0.12388462,0.062365554,0.0,0.0,0.0,0.8137498,0.0
9,7,0.0,0.0,0.12388462,0.062365554,0.0,0.0,0.0,0.8137498,0.0
9,7,0.0,0.0,0.12388462,0.062365554,0.0,0.0,0.0,0.8137498,0.0
9,7,0.0,0.0,0.12388462,0.062365554,0.0,0.0,0.0,0.8137498,0.0
9,7,0.0,0.0,0.12388462,0.062365554,0.0,0.0,0.0,0.8137498,0.0
9,7,0.0,0.0,0.12388462,0.062365554,0.0,0.0,0.0,0.8137498,0.0
9,7,0.0,0.0,0.12388462,0.062365554,0.0,0.0,0.0,0.8137498,0.0
9,7,0.0,0.0,0.12388462,0.062365554,0.0,0.0,0.0,0.8137498,0.0
9,7,0.0,0.0,0.12388462,0.062365554,0.0,0.0,0.0,0.8137498,0.0
9,7,0.0,0.0,0.12388462,0.062365554,0.0,0.0,0.0,0.8137498,0.0
9,7,0.0,0.0,0.12388462,0.062365554,0.0,0.0,0.0,0.8137498,0.0
9,7,0.0,0.0,0.12388462,0.062365554,0.0,0.0,0.0,0.8137498,0.0
9,7,0.0,0.0,0.12388462,0.062365554,0.0,0.0,0.0,0.8137498,0.0
9,7,0.0,0.0,0.12388462,0.062365554,0.0,0.0,0.0,0.8137498,0.0
9,7,0.0,0.0,0.12388462,0.062365554,0.0,0.0,0.0,0.8137498,0.0
9,7,0.0,0.0,0.12388462,0.062365554,0.0,0.0,0.0,0.8137498,0.0
9,7,0.0,0.0,0.12388462,0.062365554,0.0,0.0,0.0,0.8137498,0.0
9,7,0.0,0.0,0.12388462,0.062365554,0.0,0.0,0.0,0.8137498,0.0
9,7,0.0,0.0,0.12388462,0.062365554,0.0,0.0,0.0,0.8137498,0.0
9,7,0.0,0.0,0.12388462,0.062365554,0.0,0.0,0.0,0.8137498,0.0
9,7,0.0,0.0,0.12388462,0.062365554,0.0,0.0,0.0,0.8137498,0.0
9,7,0.0,0.0,0.12388462,0.062365554,0.0,0.0,0.0,0.8137498,0.0
9,7,0.0,0.0,0.12388462,0.062365554,0.0,0.0,0.0,0.8137498,0.0
9,7,0.0,0.0,0.12388462,0.062365554,0.0,0.0,0.0,0.8137498,0.0
9,7,0.0,0.0,0.12388462,0.062365554,0.0,0.0,0.0,0.8137498,0.0
9,7,0.0,0.0,0.12388462,0.062365554,0.0,0.0,0.0,0.8137498,0.0
9,7,0.0,0.0,0.12388462,0.062365554,0.0,0.0,0.0,0.8137498,0.0
9,7,0.0,0.0,0.12388462,0.062365554,0.0,0.0,0.0,0.8137498,0.0
9,7,0.0,0.0,0.12388462,0.062365554,0.0,0.0,0.0,0.8137498,0.0
9,7,0.0,0.0,0.12388462,0.062365554,0.0,0.0,0.0,0.8137498,0.0
9,7,0.0,0.0,0.12388462,0.062365554,0.0,0.0,0.0,0.8137498,0.0
9,7,0.0,0.0,0.12388462,0.062365554,0.0,0.0,0.0,0.8137498,0.0
9,7,0.0,0.0,0.12388462,0.062365554,0.0,0.0,0.0,0.8137498,0.0
9,7,0.0,0.0,0.12388462,0.062365554,0.0,0.0,0.0,0.8137498,0.0
9,7,0.0,0.0,0.12388462,0.062365554,0.0,0.0,0.0,0.8137498,0.0
9,7,0.0,0.0,0.12388462,0.062365554,0.0,0.0,0.0,0.8137498,0.0
9,7,0.0,0.0,0.12388462,0.062365554,0.0,0.0,0.0,0.8137498,0.0
9,7,0.0,0.0,0.12388462,0.062365554,0.0,0.0,0.0,0.8137498,0.0
9,7,0.0,0.0,0.12388462,0.062365554,0.0,0.0,0.0,0.8137498,0.0
9,7,0.0,0.0,0.12388462,0.062365554,0.0,0.0,0.0,0.8137498,0.0
9,7,0.0,0.0,0.12388462,0.062365554,0.0,0.0,0.0,0.8137498,0.0
9,7,0.0,0.0,0.12388462,0.062365554,0.0,0.0,0.0,0.8137498,0.0
9,7,0.0,0.0,0.12388462,0.062365554,0.0,0.0,0.0,0.8137498,0.0
9,7,0.0,0.0,0.12388462,0.062365554,0.0,0.0,0.0,0.8137498,0.0
9,7,0.0,0.0,0.12388462,0.062365554,0.0,0.0,0.0,0.8137498,0.0
9,7,0.0,0.0,0.12388462,0.062365554,0.0,0.0,0.0,0.8137498,0.0
9,7,0.0,0.0,0.12388462,0.062365554,0.0,0.0,0.0,0.8137498,0.0
9,7,0.0,0.0,0.123884626,0.0,0.0,0.0,0.062365558,0.81374985,0.0
9,7,0.0,0.0,0.123884626,0.0,0.0,0.0,0.062365558,0.81374985,0.0
9,7,0.0,0.0,0.123884626,0.0,0.0,0.0,0.062365558,0.81374985,0.0
9,7,0.0,0.0,0.123884626,0.0,0.0,0.0,0.062365558,0.81374985,0.0
9,7,0.0,0.0,0.123884626,0.0,0.0,0.0,0.062365558,0.81374985,0.0
9,7,0.0,0.0,0.123884626,0.0,0.0,0.0,0.062365558,0.81374985,0.0
9,7,0.0,0.0,0.123884626,0.0,0.0,0.0,0.062365558,0.81374985,0.0
9,7,0.0,0.0,0.123884626,0.0,0.0,0.0,0.062365558,0.81374985,0.0
9,7,0.0,0.0,0.123884626,0.0,0.0,0.0,0.062365558,0.81374985,0.0
9,7,0.0,0.0,0.123884626,0.0,0.0,0.0,0.062365558,0.81374985,0.0
9,7,0.0,0.0,0.123884626,0.0,0.0,0.0,0.062365558,0.81374985,0.0
9,7,0.0,0.0,0.123884626,0.0,0.0,0.0,0.062365558,0.81374985,0.0
9,7,0.0,0.0,0.123884626,0.0,0.0,0.0,0.062365558,0.81374985,0.0
9,7,0.0,0.0,0.123884626,0.0,0.0,0.0,0.062365558,0.81374985,0.0
9,7,0.0,0.0,0.123884626,0.0,0.0,0.0,0.062365558,0.81374985,0.0
9,7,0.0,0.0,0.123884626,0.0,0.0,0.0,0.062365558,0.81374985,0.0
9,7,0.0,0.0,0.123884626,0.0,0.0,0.0,0.062365558,0.81374985,0.0
9,7,0.0,0.0,0.123884626,0.0,0.0,0.0,0.062365558,0.81374985,0.0
9,7,0.0,0.0,0.123884626,0.0,0.0,0.0,0.062365558,0.81374985,0.0
9,7,0.0,0.0,0.123884626,0.0,0.0,0.0,0.062365558,0.81374985,0.0
9,7,0.0,0.0,0.123884626,0.0,0.0,0.0,0.062365558,0.81374985,0.0
9,7,0.0,0.0,0.123884626,0.0,0.0,0.0,0.062365558,0.81374985,0.0
9,7,0.0,0.0,0.123884626,0.0,0.0,0.0,0.062365558,0.81374985,0.0
9,7,0.0,0.0,0.123884626,0.0,0.0,0.0,0.062365558,0.81374985,0.0
9,7,0.0,0.0,0.123884626,0.0,0.0,0.0,0.062365558,0.81374985,0.0
9,7,0.0,0.0,0.123884626,0.0,0.0,0.0,0.062365558,0.81374985,0.0
9,7,0.0,0.0,0.123884626,0.0,0.0,0.0,0.062365558,0.81374985,0.0
9,7,0.0,0.0,0.123884626,0.0,0.0,0.0,0.062365558,0.81374985,0.0
9,7,0.0,0.0,0.123884626,0.0,0.0,0.0,0.062365558,0.81374985,0.0
9,7,0.0,0.0,0.123884626,0.0,0.0,0.0,0.062365558,0.81374985,0.0
9,7,0.0,0.0,0.123884626,0.0,0.0,0.0,0.062365558,0.81374985,0.0
9,7,0.0,0.0,0.123884626,0.0,0.0,0.0,0.062365558,0.81374985,0.0
9,7,0.0,0.0,0.123884626,0.0,0.0,0.0,0.062365558,0.81374985,0.0
9,7,0.0,0.0,0.123884626,0.0,0.0,0.0,0.062365558,0.81374985,0.0
9,7,0.0,0.0,0.123884626,0.0,0.0,0.0,0.062365558,0.81374985,0.0
9,7,0.0,0.0,0.123884626,0.0,0.0,0.0,0.062365558,0.81374985,0.0
9,7,0.0,0.0,0.123884626,0.0,0.0,0.0,0.062365558,0.81374985,0.0
9,7,0.0,0.0,0.123884626,0.0,0.0,0.0,0.062365558,0.81374985,0.0
9,7,0.0,0.0,0.123884626,0.0,0.0,0.0,0.062365558,0.81374985,0.0
9,7,0.0,0.0,0.123884626,0.0,0.0,0.0,0.062365558,0.81374985,0.0
9,7,0.0,0.0,0.123884626,0.0,0.0,0.0,0.062365558,0.81374985,0.0
9,7,0.0,0.0,0.123884626,0.0,0.0,0.0,0.062365558,0.81374985,0.0
9,7,0.0,0.0,0.123884626,0.0,0.0,0.0,0.062365558,0.81374985,0.0
9,7,0.0,0.0,0.123884626,0.0,0.0,0.0,0.062365558,0.81374985,0.0
9,7,0.0,0.0,0.123884626,0.0,0.0,0.0,0.062365558,0.81374985,0.0
9,7,0.0,0.0,0.123884626,0.0,0.0,0.0,0.062365558,0.81374985,0.0
9,7,0.0,0.0,0.123884626,0.0,0.0,0.0,0.062365558,0.81374985,0.0
9,7,0.0,0.0,0.123884626,0.0,0.0,0.0,0.062365558,0.81374985,0.0
9,7,0.0,0.0,0.123884626,0.0,0.0,0.0,0.062365558,0.81374985,0.0
9,7,0.0,0.0,0.123884626,0.0,0.0,0.0,0.062365558,0.81374985,0.0
9,7,0.0,0.0,0.123884626,0.0,0.0,0.0,0.062365558,0.81374985,0.0
9,7,0.0,0.0,0.123884626,0.0,0.0,0.0,0.062365558,0.81374985,0.0
9,7,0.0,0.0,0.123884626,0.0,0.0,0.0,0.062365558,0.81374985,0.0
9,7,0.0,0.0,0.123884626,0.0,0.0,0.0,0.062365558,0.81374985,0.0
9,7,0.0,0.0,0.123884626,0.0,0.0,0.0,0.062365558,0.81374985,0.0
9,7,0.0,0.0,0.123884626,0.0,0.0,0.0,0.062365558,0.81374985,0.0
9,7,0.0,0.0,0.123884626,0.0,0.0,0.0,0.062365558,0.81374985,0.0
9,7,0.0,0.0,0.123884626,0.0,0.0,0.0,0.062365558,0.81374985,0.0
9,7,0.0,0.0,0.123884626,0.0,0.0,0.0,0.062365558,0.81374985,0.0
9,7,0.0,0.0,0.123884626,0.0,0.0,0.0,0.062365558,0.81374985,0.0
9,7,0.0,0.0,0.059169326,0.0,0.0,0.0,0.062365554,0.8784651,0.0
9,7,0.0,0.0,0.059169326,0.0,0.0,0.0,0.062365554,0.8784651,0.0
9,7,0.0,0.0,0.059169326,0.0,0.0,0.0,0.062365554,0.8784651,0.0
9,7,0.0,0.0,0.059169326,0.0,0.0,0.0,0.062365554,0.8784651,0.0
9,7,0.0,0.0,0.059169326,0.0,0.0,0.0,0.062365554,0.8784651,0.0
9,7,0.0,0.0,0.059169326,0.0,0.0,0.0,0.062365554,0.8784651,0.0
9,7,0.0,0.0,0.059169326,0.0,0.0,0.0,0.062365554,0.8784651,0.0
9,7,0.0,0.0,0.059169326,0.0,0.0,0.0,0.062365554,0.8784651,0.0
9,7,0.0,0.0,0.059169326,0.0,0.0,0.0,0.062365554,0.8784651,0.0
9,7,0.0,0.0,0.059169326,0.0,0.0,0.0,0.062365554,0.8784651,0.0
9,7,0.0,0.0,0.059169326,0.0,0.0,0.0,0.062365554,0.8784651,0.0
9,7,0.0,0.0,0.059169326,0.0,0.0,0.0,0.062365554,0.8784651,0.0
9,7,0.0,0.0,0.059169326,0.0,0.0,0.0,0.062365554,0.8784651,0.0
9,7,0.0,0.0,0.059169326,0.0,0.0,0.0,0.062365554,0.8784651,0.0
9,7,0.0,0.0,0.059169326,0.0,0.0,0.0,0.062365554,0.8784651,0.0
9,7,0.0,0.0,0.059169326,0.0,0.0,0.0,0.062365554,0.8784651,0.0
9,7,0.0,0.0,0.059169326,0.0,0.0,0.0,0.062365554,0.8784651,0.0
9,7,0.0,0.0,0.059169326,0.0,0.0,0.0,0.062365554,0.8784651,0.0
9,7,0.0,0.0,0.059169326,0.0,0.0,0.0,0.062365554,0.8784651,0.0
9,7,0.0,0.0,0.059169326,0.0,0.0,0.0,0.062365554,0.8784651,0.0
9,7,0.0,0.0,0.059169326,0.0,0.0,0.0,0.062365554,0.8784651,0.0
9,7,0.0,0.0,0.059169326,0.0,0.0,0.0,0.062365554,0.8784651,0.0
9,7,0.0,0.0,0.059169326,0.0,0.0,0.0,0.062365554,0.8784651,0.0
9,7,0.0,0.0,0.059169326,0.0,0.0,0.0,0.062365554,0.8784651,0.0
9,7,0.0,0.0,0.059169326,0.0,0.0,0.0,0.062365554,0.8784651,0.0
9,7,0.0,0.0,0.059169326,0.0,0.0,0.0,0.062365554,0.8784651,0.0
9,7,0.0,0.0,0.059169326,0.0,0.0,0.0,0.062365554,0.8784651,0.0
9,7,0.0,0.0,0.059169326,0.0,0.0,0.0,0.062365554,0.8784651,0.0
9,7,0.0,0.0,0.059169326,0.0,0.0,0.0,0.062365554,0.8784651,0.0
9,7,0.0,0.0,0.059169326,0.0,0.0,0.0,0.062365554,0.8784651,0.0
9,7,0.0,0.0,0.059169326,0.0,0.0,0.0,0.062365554,0.8784651,0.0
9,7,0.0,0.0,0.059169326,0.0,0.0,0.0,0.062365554,0.8784651,0.0
9,7,0.0,0.0,0.059169326,0.0,0.0,0.0,0.062365554,0.8784651,0.0
9,7,0.0,0.0,0.059169326,0.0,0.0,0.0,0.062365554,0.8784651,0.0
9,7,0.0,0.0,0.059169326,0.0,0.0,0.0,0.062365554,0.8784651,0.0
9,7,0.0,0.0,0.059169326,0.0,0.0,0.0,0.062365554,0.8784651,0.0
9,7,0.0,0.0,0.059169326,0.0,0.0,0.0,0.062365554,0.8784651,0.0
9,7,0.0,0.0,0.059169326,0.0,0.0,0.0,0.062365554,0.8784651,0.0
9,7,0.0,0.0,0.059169326,0.0,0.0,0.0,0.062365554,0.8784651,0.0
9,7,0.0,0.0,0.059169326,0.0,0.0,0.0,0.062365554,0.8784651,0.0
9,7,0.0,0.0,0.059169326,0.0,0.0,0.0,0.062365554,0.8784651,0.0
9,7,0.0,0.0,0.059169326,0.0,0.0,0.0,0.062365554,0.8784651,0.0
9,7,0.0,0.0,0.059169326,0.0,0.0,0.0,0.062365554,0.8784651,0.0
9,7,0.0,0.0,0.059169326,0.0,0.0,0.0,0.062365554,0.8784651,0.0
9,7,0.0,0.0,0.059169326,0.0,0.0,0.0,0.062365554,0.8784651,0.0
9,7,0.0,0.0,0.059169326,0.0,0.0,0.0,0.062365554,0.8784651,0.0
9,7,0.0,0.0,0.059169326,0.0,0.0,0.0,0.062365554,0.8784651,0.0
9,7,0.0,0.0,0.059169326,0.0,0.0,0.0,0.062365554,0.8784651,0.0
9,7,0.0,0.0,0.059169326,0.0,0.0,0.0,0.062365554,0.8784651,0.0
9,7,0.0,0.0,0.059169326,0.0,0.0,0.0,0.062365554,0.8784651,0.0
9,7,0.0,0.0,0.059169326,0.0,0.0,0.0,0.062365554,0.8784651,0.0
9,7,0.0,0.0,0.059169326,0.0,0.0,0.0,0.062365554,0.8784651,0.0
9,7,0.0,0.0,0.059169326,0.0,0.0,0.0,0.062365554,0.8784651,0.0
9,7,0.0,0.0,0.059169326,0.0,0.0,0.0,0.062365554,0.8784651,0.0
9,7,0.0,0.0,0.059169326,0.0,0.0,0.0,0.062365554,0.8784651,0.0
9,7,0.0,0.0,0.059169326,0.0,0.0,0.0,0.062365554,0.8784651,0.0
9,7,0.0,0.0,0.059169326,0.0,0.0,0.0,0.062365554,0.8784651,0.0
9,7,0.0,0.0,0.059169326,0.0,0.0,0.0,0.062365554,0.8784651,0.0
9,7,0.0,0.0,0.059169326,0.0,0.0,0.0,0.062365554,0.8784651,0.0
9,7,0.0,0.0,0.059169326,0.0,0.0,0.0,0.062365554,0.8784651,0.0
9,7,0.0,0.0,0.059169326,0.0,0.0,0.0,0.062365554,0.8784651,0.0
9,7,0.0,0.0,0.059169326,0.0,0.0,0.0,0.062365554,0.8784651,0.0
9,7,0.0,0.0,0.059169326,0.0,0.0,0.0,0.062365554,0.8784651,0.0
9,7,0.0,0.0,0.059169326,0.0,0.0,0.0,0.062365554,0.8784651,0.0
9,7,0.0,0.0,0.059169326,0.0,0.0,0.0,0.062365554,0.8784651,0.0
9,7,0.0,0.0,0.059169326,0.0,0.0,0.0,0.062365554,0.8784651,0.0
9,7,0.0,0.0,0.059169326,0.0,0.0,0.0,0.062365554,0.8784651,0.0
9,7,0.0,0.0,0.059169326,0.0,0.0,0.0,0.062365554,0.8784651,0.0
9,7,0.0,0.0,0.059169326,0.0,0.0,0.0,0.062365554,0.8784651,0.0
9,7,0.0,0.0,0.059169326,0.0,0.0,0.0,0.062365554,0.8784651,0.0
9,7,0.0,0.0,0.059169326,0.0,0.0,0.0,0.062365554,0.8784651,0.0
9,7,0.0,0.0,0.059169326,0.0,0.0,0.0,0.062365554,0.8784651,0.0
9,7,0.0,0.0,0.059169326,0.0,0.0,0.0,0.062365554,0.8784651,0.0
9,7,0.0,0.0,0.059169326,0.0,0.0,0.0,0.062365554,0.8784651,0.0
9,7,0.0,0.0,0.059169326,0.0,0.0,0.0,0.062365554,0.8784651,0.0
9,7,0.0,0.0,0.059169326,0.0,0.0,0.0,0.062365554,0.8784651,0.0
9,7,0.0,0.0,0.059169326,0.0,0.0,0.0,0.062365554,0.8784651,0.0
9,7,0.0,0.0,0.059169326,0.0,0.0,0.0,0.062365554,0.8784651,0.0
9,7,0.0,0.0,0.059169326,0.0,0.0,0.0,0.062365554,0.8784651,0.0
9,7,0.0,0.0,0.059169326,0.0,0.0,0.0,0.062365554,0.8784651,0.0
9,7,0.0,0.0,0.059169326,0.0,0.0,0.0,0.062365554,0.8784651,0.0
9,7,0.0,0.0,0.059169326,0.0,0.0,0.0,0.062365554,0.8784651,0.0
9,7,0.0,0.0,0.059169326,0.0,0.0,0.0,0.062365554,0.8784651,0.0
9,7,0.0,0.0,0.059169326,0.0,0.0,0.0,0.062365554,0.8784651,0.0
9,7,0.0,0.0,0.059169326,0.0,0.0,0.0,0.062365554,0.8784651,0.0
9,7,0.0,0.0,0.059169326,0.0,0.0,0.0,0.062365554,0.8784651,0.0
9,7,0.0,0.0,0.059169326,0.0,0.0,0.0,0.062365554,0.8784651,0.0
9,7,0.0,0.0,0.059169326,0.0,0.0,0.0,0.062365554,0.8784651,0.0
9,7,0.0,0.0,0.059169326,0.0,0.0,0.0,0.062365554,0.8784651,0.0
9,7,0.0,0.0,0.059169326,0.0,0.0,0.0,0.062365554,0.8784651,0.0
9,7,0.0,0.0,0.059169326,0.0,0.0,0.0,0.062365554,0.8784651,0.0
9,7,0.0,0.0,0.059169326,0.0,0.0,0.0,0.062365554,0.8784651,0.0
9,7,0.0,0.0,0.059169326,0.0,0.0,0.0,0.062365554,0.8784651,0.0
9,7,0.0,0.0,0.059169326,0.0,0.0,0.0,0.062365554,0.8784651,0.0
9,7,0.0,0.0,0.059169326,0.0,0.0,0.0,0.062365554,0.8784651,0.0
9,7,0.0,0.0,0.059169326,0.0,0.0,0.0,0.062365554,0.8784651,0.0
9,7,0.0,0.0,0.059169326,0.0,0.0,0.0,0.062365554,0.8784651,0.0
9,7,0.0,0.0,0.059169326,0.0,0.0,0.0,0.062365554,0.8784651,0.0
9,7,0.0,0.0,0.059169326,0.0,0.0,0.0,0.062365554,0.8784651,0.0
9,7,0.0,0.0,0.059169326,0.0,0.0,0.0,0.062365554,0.8784651,0.0
9,7,0.0,0.0,0.059169326,0.0,0.0,0.0,0.062365554,0.8784651,0.0
9,7,0.0,0.0,0.059169326,0.0,0.0,0.0,0.062365554,0.8784651,0.0
9,7,0.0,0.0,0.059169326,0.0,0.0,0.0,0.062365554,0.8784651,0.0
9,7,0.0,0.0,0.059169326,0.0,0.0,0.0,0.062365554,0.8784651,0.0
9,7,0.0,0.0,0.059169326,0.0,0.0,0.0,0.062365554,0.8784651,0.0
9,7,0.0,0.0,0.059169326,0.0,0.0,0.0,0.062365554,0.8784651,0.0
9,7,0.0,0.0,0.059169326,0.0,0.0,0.0,0.062365554,0.8784651,0.0
9,7,0.0,0.0,0.059169326,0.0,0.0,0.0,0.062365554,0.8784651,0.0
9,7,0.0,0.0,0.059169326,0.0,0.0,0.0,0.062365554,0.8784651,0.0
9,7,0.0,0.0,0.059169326,0.0,0.0,0.0,0.062365554,0.8784651,0.0
9,7,0.0,0.0,0.059169326,0.0,0.0,0.0,0.062365554,0.8784651,0.0
9,7,0.0,0.0,0.059169326,0.0,0.0,0.0,0.062365554,0.8784651,0.0
9,7,0.0,0.0,0.059169326,0.0,0.0,0.0,0.062365554,0.8784651,0.0
9,7,0.0,0.0,0.059169326,0.0,0.0,0.0,0.062365554,0.8784651,0.0
9,7,0.0,0.0,0.059169326,0.0,0.0,0.0,0.062365554,0.8784651,0.0
9,7,0.0,0.0,0.059169326,0.0,0.0,0.0,0.062365554,0.8784651,0.0
9,7,0.0,0.0,0.059169326,0.0,0.0,0.0,0.062365554,0.8784651,0.0
9,7,0.0,0.0,0.059169326,0.0,0.0,0.0,0.062365554,0.8784651,0.0
9,7,0.0,0.0,0.059169326,0.0,0.0,0.0,0.062365554,0.8784651,0.0
9,7,0.0,0.0,0.059169326,0.0,0.0,0.0,0.062365554,0.8784651,0.0
9,7,0.0,0.0,0.059169326,0.0,0.0,0.0,0.062365554,0.8784651,0.0
9,7,0.0,0.0,0.059169326,0.0,0.0,0.0,0.062365554,0.8784651,0.0
9,7,0.0,0.0,0.059169326,0.0,0.0,0.0,0.062365554,0.8784651,0.0
9,7,0.0,0.0,0.059169326,0.0,0.0,0.0,0.062365554,0.8784651,0.0
9,7,0.0,0.0,0.059169326,0.0,0.0,0.0,0.062365554,0.8784651,0.0
9,7,0.0,0.0,0.059169326,0.0,0.0,0.0,0.062365554,0.8784651,0.0
9,7,0.0,0.0,0.059169326,0.0,0.0,0.0,0.062365554,0.8784651,0.0
9,7,0.0,0.0,0.059169326,0.0,0.0,0.0,0.062365554,0.8784651,0.0
9,7,0.0,0.0,0.059169326,0.0,0.0,0.0,0.062365554,0.8784651,0.0
9,7,0.0,0.0,0.059169326,0.0,0.0,0.0,0.062365554,0.8784651,0.0
9,7,0.0,0.0,0.059169326,0.0,0.0,0.0,0.062365554,0.8784651,0.0
9,7,0.0,0.0,0.059169326,0.0,0.0,0.0,0.062365554,0.8784651,0.0
9,7,0.0,0.0,0.059169326,0.0,0.0,0.0,0.062365554,0.8784651,0.0
9,7,0.0,0.0,0.059169326,0.0,0.0,0.0,0.062365554,0.8784651,0.0
9,7,0.0,0.0,0.059169326,0.0,0.0,0.0,0.062365554,0.8784651,0.0
9,7,0.0,0.0,0.059169326,0.0,0.0,0.0,0.062365554,0.8784651,0.0
9,7,0.0,0.0,0.059169326,0.0,0.0,0.0,0.062365554,0.8784651,0.0
9,7,0.0,0.0,0.059169326,0.0,0.0,0.0,0.062365554,0.8784651,0.0
9,7,0.0,0.0,0.059169326,0.0,0.0,0.0,0.062365554,0.8784651,0.0
9,7,0.0,0.0,0.059169326,0.0,0.0,0.0,0.062365554,0.8784651,0.0
9,7,0.0,0.0,0.059169326,0.0,0.0,0.0,0.062365554,0.8784651,0.0
9,7,0.0,0.0,0.059169326,0.0,0.0,0.0,0.062365554,0.8784651,0.0
9,7,0.0,0.0,0.059169326,0.0,0.0,0.0,0.062365554,0.8784651,0.0
9,7,0.0,0.0,0.059169326,0.0,0.0,0.0,0.062365554,0.8784651,0.0
9,7,0.0,0.0,0.059169326,0.0,0.0,0.0,0.062365554,0.8784651,0.0
9,7,0.0,0.0,0.059169326,0.0,0.0,0.0,0.062365554,0.8784651,0.0
9,7,0.0,0.0,0.059169326,0.0,0.0,0.0,0.062365554,0.8784651,0.0
9,7,0.0,0.0,0.059169326,0.0,0.0,0.0,0.062365554,0.8784651,0.0
9,7,0.0,0.0,0.059169326,0.0,0.0,0.0,0.062365554,0.8784651,0.0
9,7,0.0,0.0,0.059169326,0.0,0.0,0.0,0.062365554,0.8784651,0.0
9,7,0.0,0.0,0.059169326,0.0,0.0,0.0,0.062365554,0.8784651,0.0
9,7,0.0,0.0,0.059169326,0.0,0.0,0.0,0.062365554,0.8784651,0.0
9,7,0.0,0.0,0.059169326,0.0,0.0,0.0,0.062365554,0.8784651,0.0
9,7,0.0,0.0,0.059169326,0.0,0.0,0.0,0.062365554,0.8784651,0.0
9,7,0.0,0.0,0.059169326,0.0,0.0,0.0,0.062365554,0.8784651,0.0
9,7,0.0,0.0,0.059169326,0.0,0.0,0.0,0.062365554,0.8784651,0.0
9,7,0.0,0.0,0.059169326,0.0,0.0,0.0,0.062365554,0.8784651,0.0
9,7,0.0,0.0,0.059169326,0.0,0.0,0.0,0.062365554,0.8784651,0.0
9,7,0.0,0.0,0.059169326,0.0,0.0,0.0,0.062365554,0.8784651,0.0
9,7,0.0,0.0,0.059169326,0.0,0.0,0.0,0.062365554,0.8784651,0.0
9,7,0.0,0.0,0.059169326,0.0,0.0,0.0,0.062365554,0.8784651,0.0
9,7,0.0,0.0,0.059169326,0.0,0.0,0.0,0.062365554,0.8784651,0.0
9,7,0.0,0.0,0.059169326,0.0,0.0,0.0,0.062365554,0.8784651,0.0
9,7,0.0,0.0,0.059169326,0.0,0.0,0.0,0.062365554,0.8784651,0.0
9,7,0.0,0.0,0.059169326,0.0,0.0,0.0,0.062365554,0.8784651,0.0
9,7,0.0,0.0,0.059169326,0.0,0.0,0.0,0.062365554,0.8784651,0.0
9,7,0.0,0.0,0.059169326,0.0,0.0,0.0,0.062365554,0.8784651,0.0
9,7,0.0,0.0,0.059169326,0.0,0.0,0.0,0.062365554,0.8784651,0.0
9,7,0.0,0.0,0.059169326,0.0,0.0,0.0,0.062365554,0.8784651,0.0
9,7,0.0,0.0,0.059169326,0.0,0.0,0.0,0.062365554,0.8784651,0.0
9,7,0.0,0.0,0.059169326,0.0,0.0,0.0,0.062365554,0.8784651,0.0
9,7,0.0,0.0,0.059169326,0.0,0.0,0.0,0.062365554,0.8784651,0.0
9,7,0.0,0.0,0.059169326,0.0,0.0,0.0,0.062365554,0.8784651,0.0
9,7,0.0,0.0,0.059169326,0.0,0.0,0.0,0.062365554,0.8784651,0.0
9,7,0.0,0.0,0.059169326,0.0,0.0,0.0,0.062365554,0.8784651,0.0
9,7,0.0,0.0,0.059169326,0.0,0.0,0.0,0.062365554,0.8784651,0.0
9,7,0.0,0.0,0.059169326,0.0,0.0,0.0,0.062365554,0.8784651,0.0
9,7,0.0,0.0,0.059169326,0.0,0.0,0.0,0.062365554,0.8784651,0.0
9,7,0.0,0.0,0.059169326,0.0,0.0,0.0,0.062365554,0.8784651,0.0
9,7,0.0,0.0,0.059169326,0.0,0.0,0.0,0.062365554,0.8784651,0.0
9,7,0.0,0.0,0.059169326,0.0,0.0,0.0,0.062365554,0.8784651,0.0
9,7,0.0,0.0,0.059169326,0.0,0.0,0.0,0.062365554,0.8784651,0.0
9,7,0.0,0.0,0.059169326,0.0,0.0,0.0,0.062365554,0.8784651,0.0
9,7,0.0,0.0,0.059169326,0.0,0.0,0.0,0.062365554,0.8784651,0.0
9,7,0.0,0.0,0.0,0.0,0.0,0.0,0.062365558,0.93763447,0.0
9,7,0.0,0.0,0.0,0.0,0.0,0.0,0.062365558,0.93763447,0.0
9,7,0.0,0.0,0.0,0.0,0.0,0.0,0.062365558,0.93763447,0.0
9,7,0.0,0.0,0.0,0.0,0.0,0.0,0.062365558,0.93763447,0.0
9,7,0.0,0.0,0.0,0.0,0.0,0.0,0.062365558,0.93763447,0.0
9,7,0.0,0.0,0.0,0.0,0.0,0.0,0.062365558,0.93763447,0.0
9,7,0.0,0.0,0.0,0.0,0.0,0.0,0.062365558,0.93763447,0.0
9,7,0.0,0.0,0.0,0.0,0.0,0.0,0.062365558,0.93763447,0.0
9,7,0.0,0.0,0.0,0.0,0.0,0.0,0.062365558,0.93763447,0.0
9,7,0.0,0.0,0.0,0.0,0.0,0.0,0.062365558,0.93763447,0.0
9,7,0.0,0.0,0.0,0.0,0.0,0.0,0.062365558,0.93763447,0.0
9,7,0.0,0.0,0.0,0.0,0.0,0.0,0.062365558,0.93763447,0.0
9,7,0.0,0.0,0.0,0.0,0.0,0.0,0.062365558,0.93763447,0.0
9,7,0.0,0.0,0.0,0.0,0.0,0.0,0.062365558,0.93763447,0.0
9,7,0.0,0.0,0.0,0.0,0.0,0.0,0.062365558,0.93763447,0.0
9,7,0.0,0.0,0.0,0.0,0.0,0.0,0.062365558,0.93763447,0.0
9,7,0.0,0.0,0.0,0.0,0.0,0.0,0.062365558,0.93763447,0.0
9,7,0.0,0.0,0.0,0.0,0.0,0.0,0.062365558,0.93763447,0.0
9,7,0.0,0.0,0.0,0.0,0.0,0.0,0.062365558,0.93763447,0.0
9,7,0.0,0.0,0.0,0.0,0.0,0.0,0.062365558,0.93763447,0.0
9,7,0.0,0.0,0.0,0.0,0.0,0.0,0.062365558,0.93763447,0.0
9,7,0.0,0.0,0.0,0.0,0.0,0.0,0.062365558,0.93763447,0.0
9,7,0.0,0.0,0.0,0.0,0.0,0.0,0.062365558,0.93763447,0.0
9,7,0.0,0.0,0.0,0.0,0.0,0.0,0.062365558,0.93763447,0.0
9,7,0.0,0.0,0.0,0.0,0.0,0.0,0.062365558,0.93763447,0.0
9,7,0.0,0.0,0.0,0.0,0.0,0.0,0.062365558,0.93763447,0.0
9,7,0.0,0.0,0.0,0.0,0.0,0.0,0.062365558,0.93763447,0.0
9,7,0.0,0.0,0.0,0.0,0.0,0.0,0.062365558,0.93763447,0.0
9,7,0.0,0.0,0.0,0.0,0.0,0.0,0.062365558,0.93763447,0.0
9,7,0.0,0.0,0.0,0.0,0.0,0.0,0.062365558,0.93763447,0.0
9,7,0.0,0.0,0.0,0.0,0.0,0.0,0.062365558,0.93763447,0.0
9,7,0.0,0.0,0.0,0.0,0.0,0.0,0.062365558,0.93763447,0.0
9,7,0.0,0.0,0.0,0.0,0.0,0.0,0.062365558,0.93763447,0.0
9,7,0.0,0.0,0.0,0.0,0.0,0.0,0.062365558,0.93763447,0.0
9,7,0.0,0.0,0.0,0.0,0.0,0.0,0.062365558,0.93763447,0.0
9,7,0.0,0.0,0.0,0.0,0.0,0.0,0.062365558,0.93763447,0.0
9,7,0.0,0.0,0.0,0.0,0.0,0.0,0.062365558,0.93763447,0.0
9,7,0.0,0.0,0.0,0.0,0.0,0.0,0.062365558,0.93763447,0.0
9,7,0.0,0.0,0.0,0.0,0.0,0.0,0.062365558,0.93763447,0.0
9,7,0.0,0.0,0.0,0.0,0.0,0.0,0.062365558,0.93763447,0.0
9,7,0.0,0.0,0.0,0.0,0.0,0.0,0.062365558,0.93763447,0.0
9,7,0.0,0.0,0.0,0.0,0.0,0.0,0.062365558,0.93763447,0.0
9,7,0.0,0.0,0.0,0.0,0.0,0.0,0.062365558,0.93763447,0.0
9,7,0.0,0.0,0.0,0.0,0.0,0.0,0.062365558,0.93763447,0.0
9,7,0.0,0.0,0.0,0.0,0.0,0.0,0.062365558,0.93763447,0.0
9,7,0.0,0.0,0.0,0.0,0.0,0.0,0.062365558,0.93763447,0.0
9,7,0.0,0.0,0.0,0.0,0.0,0.0,0.062365558,0.93763447,0.0
9,7,0.0,0.0,0.0,0.0,0.0,0.0,0.062365558,0.93763447,0.0
9,7,0.0,0.0,0.0,0.0,0.0,0.0,0.062365558,0.93763447,0.0
9,7,0.0,0.0,0.0,0.0,0.0,0.0,0.062365558,0.93763447,0.0
9,7,0.0,0.0,0.0,0.0,0.0,0.0,0.062365558,0.93763447,0.0
9,7,0.0,0.0,0.0,0.0,0.0,0.0,0.062365558,0.93763447,0.0
9,7,0.0,0.0,0.0,0.0,0.0,0.0,0.062365558,0.93763447,0.0
9,7,0.0,0.0,0.0,0.0,0.0,0.0,0.062365558,0.93763447,0.0
9,7,0.0,0.0,0.0,0.0,0.0,0.0,0.062365558,0.93763447,0.0
9,7,0.0,0.0,0.0,0.0,0.0,0.0,0.062365558,0.93763447,0.0
9,7,0.0,0.0,0.0,0.0,0.0,0.0,0.062365558,0.93763447,0.0
9,7,0.0,0.0,0.0,0.0,0.0,0.0,0.062365558,0.93763447,0.0
9,7,0.0,0.0,0.0,0.0,0.0,0.0,0.062365558,0.93763447,0.0
9,7,0.0,0.0,0.0,0.0,0.0,0.0,0.062365558,0.93763447,0.0
9,7,0.0,0.0,0.0,0.0,0.0,0.0,0.062365558,0.93763447,0.0
9,7,0.0,0.0,0.0,0.0,0.0,0.0,0.062365558,0.93763447,0.0
9,7,0.0,0.0,0.0,0.0,0.0,0.0,0.062365558,0.93763447,0.0
9,7,0.0,0.0,0.0,0.0,0.0,0.0,0.062365558,0.93763447,0.0
9,7,0.0,0.0,0.0,0.0,0.0,0.0,0.0,1.0,0.0
9,7,0.0,0.0,0.0,0.0,0.0,0.0,0.0,1.0,0.0
9,7,0.0,0.0,0.0,0.0,0.0,0.0,0.0,1.0,0.0
9,7,0.0,0.0,0.0,0.0,0.0,0.0,0.0,1.0,0.0
9,7,0.0,0.0,0.0,0.0,0.0,0.0,0.0,1.0,0.0
9,7,0.0,0.0,0.0,0.0,0.0,0.0,0.0,1.0,0.0
9,7,0.0,0.0,0.0,0.0,0.0,0.0,0.0,1.0,0.0
9,7,0.0,0.0,0.0,0.0,0.0,0.0,0.0,1.0,0.0
9,7,0.0,0.0,0.0,0.0,0.0,0.0,0.0,1.0,0.0
9,7,0.0,0.0,0.0,0.0,0.0,0.0,0.0,1.0,0.0
9,7,0.0,0.0,0.0,0.0,0.0,0.0,0.0,1.0,0.0
9,7,0.0,0.0,0.0,0.0,0.0,0.0,0.0,1.0,0.0
9,7,0.0,0.0,0.0,0.0,0.0,0.0,0.0,1.0,0.0
9,7,0.0,0.0,0.0,0.0,0.0,0.0,0.0,1.0,0.0
9,7,0.0,0.0,0.0,0.0,0.0,0.0,0.0,1.0,0.0
9,7,0.0,0.0,0.0,0.0,0.0,0.0,0.0,1.0,0.0
9,7,0.0,0.0,0.0,0.0,0.0,0.0,0.0,1.0,0.0
9,7,0.0,0.0,0.0,0.0,0.0,0.0,0.0,1.0,0.0
9,7,0.0,0.0,0.0,0.0,0.0,0.0,0.0,1.0,0.0
9,7,0.0,0.0,0.0,0.0,0.0,0.0,0.0,1.0,0.0
9,7,0.0,0.0,0.0,0.0,0.0,0.0,0.0,1.0,0.0
9,7,0.0,0.0,0.0,0.0,0.0,0.0,0.0,1.0,0.0
9,7,0.0,0.0,0.0,0.0,0.0,0.0,0.0,1.0,0.0
9,7,0.0,0.0,0.0,0.0,0.0,0.0,0.0,1.0,0.0
9,7,0.0,0.0,0.0,0.0,0.0,0.0,0.0,1.0,0.0
9,7,0.0,0.0,0.0,0.0,0.0,0.0,0.0,1.0,0.0
9,7,0.0,0.0,0.0,0.0,0.0,0.0,0.0,1.0,0.0
9,7,0.0,0.0,0.0,0.0,0.0,0.0,0.0,1.0,0.0
9,7,0.0,0.0,0.0,0.0,0.0,0.0,0.0,1.0,0.0
9,7,0.0,0.0,0.0,0.0,0.0,0.0,0.0,1.0,0.0
9,7,0.0,0.0,0.0,0.0,0.0,0.0,0.0,1.0,0.0
9,7,0.0,0.0,0.0,0.0,0.0,0.0,0.0,1.0,0.0
9,7,0.0,0.0,0.0,0.0,0.0,0.0,0.0,1.0,0.0
9,7,0.0,0.0,0.0,0.0,0.0,0.0,0.0,1.0,0.0
9,7,0.0,0.0,0.0,0.0,0.0,0.0,0.0,1.0,0.0
9,7,0.0,0.0,0.0,0.0,0.0,0.0,0.0,1.0,0.0
9,7,0.0,0.0,0.0,0.0,0.0,0.0,0.0,1.0,0.0
9,7,0.0,0.0,0.0,0.0,0.0,0.0,0.0,1.0,0.0
9,7,0.0,0.0,0.0,0.0,0.0,0.0,0.0,1.0,0.0
9,7,0.0,0.0,0.0,0.0,0.0,0.0,0.0,1.0,0.0
9,7,0.0,0.0,0.0,0.0,0.0,0.0,0.0,1.0,0.0
9,7,0.0,0.0,0.0,0.0,0.0,0.0,0.0,1.0,0.0
9,7,0.0,0.0,0.0,0.0,0.0,0.0,0.0,1.0,0.0
9,7,0.0,0.0,0.0,0.0,0.0,0.0,0.0,1.0,0.0
9,7,0.0,0.0,0.0,0.0,0.0,0.0,0.0,1.0,0.0
9,7,0.0,0.0,0.0,0.0,0.0,0.0,0.0,1.0,0.0
9,7,0.0,0.0,0.0,0.0,0.0,0.0,0.0,1.0,0.0
9,7,0.0,0.0,0.0,0.0,0.0,0.0,0.0,1.0,0.0
9,7,0.0,0.0,0.0,0.0,0.0,0.0,0.0,1.0,0.0
9,7,0.0,0.0,0.0,0.0,0.0,0.0,0.0,1.0,0.0
9,7,0.0,0.0,0.0,0.0,0.0,0.0,0.0,1.0,0.0
9,7,0.0,0.0,0.0,0.0,0.0,0.0,0.0,1.0,0.0
9,7,0.0,0.0,0.0,0.0,0.0,0.0,0.0,1.0,0.0
9,7,0.0,0.0,0.0,0.0,0.0,0.0,0.0,1.0,0.0
9,7,0.0,0.0,0.0,0.0,0.0,0.0,0.0,1.0,0.0
9,7,0.0,0.0,0.0,0.0,0.0,0.0,0.0,1.0,0.0
9,7,0.0,0.0,0.0,0.0,0.0,0.0,0.0,0.94409364,0.055906363
9,7,0.0,0.0,0.0,0.0,0.0,0.0,0.0,0.94409364,0.055906363
9,7,0.0,0.0,0.0,0.0,0.0,0.0,0.0,0.94409364,0.055906363
9,7,0.0,0.0,0.0,0.0,0.0,0.0,0.0,0.94409364,0.055906363
9,7,0.0,0.0,0.0,0.0,0.0,0.0,0.0,0.94409364,0.055906363
9,7,0.0,0.0,0.0,0.0,0.0,0.0,0.0,0.94409364,0.055906363
9,7,0.0,0.0,0.0,0.0,0.0,0.0,0.0,0.94409364,0.055906363
9,7,0.0,0.0,0.0,0.0,0.0,0.0,0.0,0.94409364,0.055906363
9,7,0.0,0.0,0.0,0.0,0.0,0.0,0.0,0.94409364,0.055906363
9,7,0.0,0.0,0.0,0.0,0.0,0.0,0.0,0.94409364,0.055906363
9,7,0.0,0.0,0.0,0.0,0.0,0.0,0.0,0.94409364,0.055906363
9,7,0.0,0.0,0.0,0.0,0.0,0.0,0.0,0.94409364,0.055906363
9,7,0.0,0.0,0.0,0.0,0.0,0.0,0.0,0.94409364,0.055906363
9,7,0.0,0.0,0.0,0.0,0.0,0.0,0.0,0.94409364,0.055906363
9,7,0.0,0.0,0.0,0.0,0.0,0.0,0.0,0.94409364,0.055906363
9,7,0.0,0.0,0.0,0.0,0.0,0.0,0.0,0.94409364,0.055906363
9,7,0.0,0.0,0.0,0.0,0.0,0.0,0.0,0.94409364,0.055906363
9,7,0.0,0.0,0.0,0.0,0.0,0.0,0.0,0.94409364,0.055906363
9,7,0.0,0.0,0.0,0.0,0.0,0.0,0.0,0.94409364,0.055906363
9,7,0.0,0.0,0.0,0.0,0.0,0.0,0.0,0.94409364,0.055906363
9,7,0.0,0.0,0.0,0.0,0.0,0.0,0.0,0.94409364,0.055906363
9,7,0.0,0.0,0.0,0.0,0.0,0.0,0.0,0.94409364,0.055906363
9,7,0.0,0.0,0.0,0.0,0.0,0.0,0.0,0.94409364,0.055906363
9,7,0.0,0.0,0.0,0.0,0.0,0.0,0.0,0.94409364,0.055906363
9,7,0.0,0.0,0.0,0.0,0.0,0.0,0.0,0.94409364,0.055906363
9,7,0.0,0.0,0.0,0.0,0.0,0.0,0.0,0.94409364,0.055906363
9,7,0.0,0.0,0.0,0.0,0.0,0.0,0.0,0.94409364,0.055906363
9,7,0.0,0.0,0.0,0.0,0.0,0.0,0.0,0.94409364,0.055906363
9,7,0.0,0.0,0.0,0.0,0.0,0.0,0.0,0.94409364,0.055906363
9,7,0.0,0.0,0.0,0.0,0.0,0.0,0.0,0.94409364,0.055906363
9,7,0.0,0.0,0.0,0.0,0.0,0.0,0.0,0.94409364,0.055906363
9,7,0.0,0.0,0.0,0.0,0.0,0.0,0.0,0.94409364,0.055906363
9,7,0.0,0.0,0.0,0.0,0.0,0.0,0.0,0.94409364,0.055906363
9,7,0.0,0.0,0.0,0.0,0.0,0.0,0.0,0.94409364,0.055906363
9,7,0.0,0.0,0.0,0.0,0.0,0.0,0.0,0.94409364,0.055906363
9,7,0.0,0.0,0.0,0.0,0.0,0.0,0.0,0.94409364,0.055906363
9,7,0.0,0.0,0.0,0.0,0.0,0.0,0.0,0.94409364,0.055906363
9,7,0.0,0.0,0.0,0.0,0.0,0.0,0.0,0.94409364,0.055906363
9,7,0.0,0.0,0.0,0.0,0.0,0.0,0.0,0.94409364,0.055906363
9,7,0.0,0.0,0.0,0.0,0.0,0.0,0.0,0.94409364,0.055906363
9,7,0.0,0.0,0.0,0.0,0.0,0.0,0.0,0.94409364,0.055906363
9,7,0.0,0.0,0.0,0.0,0.0,0.0,0.0,0.94409364,0.055906363
9,7,0.0,0.0,0.0,0.0,0.0,0.0,0.0,0.94409364,0.055906363
9,7,0.0,0.0,0.0,0.0,0.0,0.0,0.0,0.94409364,0.055906363
9,7,0.0,0.0,0.0,0.0,0.0,0.0,0.0,0.94409364,0.055906363
9,7,0.0,0.0,0.0,0.0,0.0,0.0,0.0,0.94409364,0.055906363
9,7,0.0,0.0,0.0,0.0,0.0,0.0,0.0,0.94409364,0.055906363
9,7,0.0,0.0,0.0,0.0,0.0,0.0,0.0,0.94409364,0.055906363
9,7,0.0,0.0,0.0,0.0,0.0,0.0,0.0,0.94409364,0.055906363
9,7,0.0,0.0,0.0,0.0,0.0,0.0,0.0,0.94409364,0.055906363
9,7,0.0,0.0,0.0,0.0,0.0,0.0,0.0,0.94409364,0.055906363
9,7,0.0,0.0,0.0,0.0,0.0,0.0,0.0,0.94409364,0.055906363
9,7,0.0,0.0,0.0,0.0,0.0,0.0,0.0,0.94409364,0.055906363
9,7,0.0,0.0,0.0,0.0,0.0,0.0,0.0,0.94409364,0.055906363
9,7,0.0,0.0,0.0,0.0,0.0,0.0,0.0,0.94409364,0.055906363
9,7,0.0,0.0,0.0,0.0,0.0,0.0,0.0,0.94409364,0.055906363
9,7,0.0,0.0,0.0,0.0,0.0,0.0,0.0,0.94409364,0.055906363
9,7,0.0,0.0,0.0,0.0,0.0,0.0,0.0,0.94409364,0.055906363
9,7,0.0,0.0,0.0,0.0,0.0,0.0,0.0,0.94409364,0.055906363
9,7,0.0,0.0,0.0,0.0,0.0,0.0,0.0,0.94409364,0.055906363
9,7,0.0,0.0,0.0,0.0,0.0,0.0,0.0,0.94409364,0.055906363
9,7,0.0,0.0,0.0,0.0,0.0,0.0,0.0,0.94409364,0.055906363
9,7,0.0,0.0,0.0,0.0,0.0,0.0,0.0,0.94409364,0.055906363
9,7,0.0,0.0,0.0,0.0,0.0,0.0,0.0,0.94409364,0.055906363
9,7,0.0,0.0,0.0,0.0,0.0,0.0,0.0,1.0,0.0
9,7,0.0,0.0,0.0,0.0,0.0,0.0,0.0,1.0,0.0
9,7,0.0,0.0,0.0,0.0,0.0,0.0,0.0,1.0,0.0
9,7,0.0,0.0,0.0,0.0,0.0,0.0,0.0,1.0,0.0
9,7,0.0,0.0,0.0,0.0,0.0,0.0,0.0,1.0,0.0
9,7,0.0,0.0,0.0,0.0,0.0,0.0,0.0,1.0,0.0
9,7,0.0,0.0,0.0,0.0,0.0,0.0,0.0,1.0,0.0
9,7,0.0,0.0,0.0,0.0,0.0,0.0,0.0,1.0,0.0
9,7,0.0,0.0,0.0,0.0,0.0,0.0,0.0,1.0,0.0
9,7,0.0,0.0,0.0,0.0,0.0,0.0,0.0,1.0,0.0
9,7,0.0,0.0,0.0,0.0,0.0,0.0,0.0,1.0,0.0
9,7,0.0,0.0,0.0,0.0,0.0,0.0,0.0,1.0,0.0
9,7,0.0,0.0,0.0,0.0,0.0,0.0,0.0,1.0,0.0
9,7,0.0,0.0,0.0,0.0,0.0,0.0,0.0,1.0,0.0
9,7,0.0,0.0,0.0,0.0,0.0,0.0,0.0,1.0,0.0
9,7,0.0,0.0,0.0,0.0,0.0,0.0,0.0,1.0,0.0
9,7,0.0,0.0,0.0,0.0,0.0,0.0,0.0,1.0,0.0
9,7,0.0,0.0,0.0,0.0,0.0,0.0,0.0,1.0,0.0
9,7,0.0,0.0,0.0,0.0,0.0,0.0,0.0,1.0,0.0
9,7,0.0,0.0,0.0,0.0,0.0,0.0,0.0,1.0,0.0
9,7,0.0,0.0,0.0,0.0,0.0,0.0,0.0,1.0,0.0
9,7,0.0,0.0,0.0,0.0,0.0,0.0,0.0,1.0,0.0
9,7,0.0,0.0,0.0,0.0,0.0,0.0,0.0,1.0,0.0
9,7,0.0,0.0,0.0,0.0,0.0,0.0,0.0,1.0,0.0
9,7,0.0,0.0,0.0,0.0,0.0,0.0,0.0,1.0,0.0
9,7,0.0,0.0,0.0,0.0,0.0,0.0,0.0,1.0,0.0
9,7,0.0,0.0,0.0,0.0,0.0,0.0,0.0,1.0,0.0
9,7,0.0,0.0,0.0,0.0,0.0,0.0,0.0,1.0,0.0
9,7,0.0,0.0,0.0,0.0,0.0,0.0,0.0,1.0,0.0
9,7,0.0,0.0,0.0,0.0,0.0,0.0,0.0,1.0,0.0
9,7,0.0,0.0,0.0,0.0,0.0,0.0,0.0,1.0,0.0
9,7,0.0,0.0,0.0,0.0,0.0,0.0,0.0,1.0,0.0
9,7,0.0,0.0,0.0,0.0,0.0,0.0,0.0,1.0,0.0
9,7,0.0,0.0,0.0,0.0,0.0,0.0,0.0,1.0,0.0
9,7,0.0,0.0,0.0,0.0,0.0,0.0,0.0,1.0,0.0
9,7,0.0,0.0,0.0,0.0,0.0,0.0,0.0,1.0,0.0
9,7,0.0,0.0,0.0,0.0,0.0,0.0,0.0,1.0,0.0
9,7,0.0,0.0,0.0,0.0,0.0,0.0,0.0,1.0,0.0
9,7,0.0,0.0,0.0,0.0,0.0,0.0,0.0,1.0,0.0
9,7,0.0,0.0,0.0,0.0,0.0,0.0,0.0,1.0,0.0
9,7,0.0,0.0,0.0,0.0,0.0,0.0,0.0,1.0,0.0
9,7,0.0,0.0,0.0,0.0,0.0,0.0,0.0,1.0,0.0
9,7,0.0,0.0,0.0,0.0,0.0,0.0,0.0,1.0,0.0
9,7,0.0,0.0,0.0,0.0,0.0,0.0,0.0,1.0,0.0
9,7,0.0,0.0,0.0,0.0,0.0,0.0,0.0,1.0,0.0
9,7,0.0,0.0,0.0,0.0,0.0,0.0,0.0,1.0,0.0
9,7,0.0,0.0,0.0,0.0,0.0,0.0,0.0,1.0,0.0
9,7,0.0,0.0,0.0,0.0,0.0,0.0,0.0,1.0,0.0
9,7,0.0,0.0,0.0,0.0,0.0,0.0,0.0,1.0,0.0
9,7,0.0,0.0,0.0,0.0,0.0,0.0,0.0,1.0,0.0
9,7,0.0,0.0,0.0,0.0,0.0,0.0,0.0,1.0,0.0
9,7,0.0,0.0,0.0,0.0,0.0,0.0,0.0,1.0,0.0
9,7,0.0,0.0,0.0,0.0,0.0,0.0,0.0,1.0,0.0
9,7,0.0,0.0,0.0,0.0,0.0,0.0,0.0,1.0,0.0
9,7,0.0,0.0,0.0,0.0,0.0,0.0,0.0,1.0,0.0
9,7,0.0,0.0,0.0,0.0,0.0,0.0,0.0,1.0,0.0
9,7,0.0,0.0,0.0,0.0,0.0,0.0,0.0,1.0,0.0
9,7,0.0,0.0,0.0,0.0,0.0,0.0,0.0,1.0,0.0
9,7,0.0,0.0,0.0,0.0,0.0,0.0,0.0,1.0,0.0
9,7,0.0,0.0,0.0,0.0,0.0,0.0,0.0,1.0,0.0
9,7,0.0,0.0,0.0,0.0,0.0,0.0,0.0,1.0,0.0
9,7,0.0,0.0,0.0,0.0,0.0,0.0,0.0,1.0,0.0
9,7,0.0,0.0,0.0,0.0,0.0,0.0,0.0,1.0,0.0
9,7,0.0,0.0,0.0,0.0,0.0,0.0,0.0,1.0,0.0
9,7,0.0,0.0,0.0,0.0,0.0,0.0,0.0,1.0,0.0
9,7,0.0,0.0,0.0,0.0,0.0,0.0,0.0,1.0,0.0
9,7,0.0,0.0,0.0,0.0,0.0,0.0,0.0,1.0,0.0
9,7,0.0,0.0,0.0,0.0,0.0,0.0,0.0,1.0,0.0
9,7,0.0,0.0,0.0,0.0,0.0,0.0,0.0,1.0,0.0
9,7,0.0,0.0,0.0,0.0,0.0,0.0,0.0,1.0,0.0
9,7,0.0,0.0,0.0,0.0,0.0,0.0,0.0,1.0,0.0
9,7,0.0,0.0,0.0,0.0,0.0,0.0,0.0,1.0,0.0
9,7,0.0,0.0,0.0,0.0,0.0,0.0,0.0,1.0,0.0
9,7,0.0,0.0,0.0,0.0,0.0,0.0,0.0,1.0,0.0
9,7,0.0,0.0,0.0,0.0,0.0,0.0,0.0,1.0,0.0
9,7,0.0,0.0,0.0,0.0,0.0,0.0,0.0,1.0,0.0
9,7,0.0,0.0,0.0,0.0,0.0,0.0,0.0,1.0,0.0
9,7,0.0,0.0,0.0,0.0,0.0,0.0,0.0,1.0,0.0
9,7,0.0,0.0,0.0,0.0,0.0,0.0,0.0,1.0,0.0
9,7,0.0,0.0,0.0,0.0,0.0,0.0,0.0,1.0,0.0
9,7,0.0,0.0,0.0,0.0,0.0,0.0,0.0,1.0,0.0
9,7,0.0,0.0,0.0,0.0,0.0,0.0,0.0,1.0,0.0
9,7,0.0,0.0,0.0,0.0,0.0,0.0,0.0,1.0,0.0
9,7,0.0,0.0,0.0,0.0,0.0,0.0,0.0,1.0,0.0
9,7,0.0,0.0,0.0,0.0,0.0,0.0,0.0,1.0,0.0
9,7,0.0,0.0,0.0,0.0,0.0,0.0,0.0,1.0,0.0
9,7,0.0,0.0,0.0,0.0,0.0,0.0,0.0,1.0,0.0
9,7,0.0,0.0,0.0,0.0,0.0,0.0,0.0,1.0,0.0
9,7,0.0,0.0,0.0,0.0,0.0,0.0,0.0,1.0,0.0
9,7,0.0,0.0,0.0,0.0,0.0,0.0,0.0,1.0,0.0
9,7,0.0,0.0,0.0,0.0,0.0,0.0,0.0,1.0,0.0
9,7,0.0,0.0,0.0,0.0,0.0,0.0,0.0,1.0,0.0
9,7,0.0,0.0,0.0,0.0,0.0,0.0,0.0,1.0,0.0
9,7,0.0,0.0,0.0,0.0,0.0,0.0,0.0,1.0,0.0
9,7,0.0,0.0,0.0,0.0,0.0,0.0,0.0,1.0,0.0
9,7,0.0,0.0,0.0,0.0,0.0,0.0,0.0,1.0,0.0
9,7,0.0,0.0,0.0,0.0,0.0,0.0,0.0,1.0,0.0
9,7,0.0,0.0,0.0,0.0,0.0,0.0,0.0,1.0,0.0
9,7,0.0,0.0,0.0,0.0,0.0,0.0,0.0,1.0,0.0
9,7,0.0,0.0,0.0,0.0,0.0,0.0,0.0,1.0,0.0
9,7,0.0,0.0,0.0,0.0,0.0,0.0,0.062365558,0.93763447,0.0
9,7,0.0,0.0,0.0,0.0,0.0,0.0,0.062365558,0.93763447,0.0
9,7,0.0,0.0,0.0,0.0,0.0,0.0,0.062365558,0.93763447,0.0
9,7,0.0,0.0,0.0,0.0,0.0,0.0,0.062365558,0.93763447,0.0
9,7,0.0,0.0,0.0,0.0,0.0,0.0,0.062365558,0.93763447,0.0
9,7,0.0,0.0,0.0,0.0,0.0,0.0,0.062365558,0.93763447,0.0
9,7,0.0,0.0,0.0,0.0,0.0,0.0,0.062365558,0.93763447,0.0
9,7,0.0,0.0,0.0,0.0,0.0,0.0,0.062365558,0.93763447,0.0
9,7,0.0,0.0,0.0,0.0,0.0,0.0,0.062365558,0.93763447,0.0
9,7,0.0,0.0,0.0,0.0,0.0,0.0,0.062365558,0.93763447,0.0
9,7,0.0,0.0,0.0,0.0,0.0,0.0,0.062365558,0.93763447,0.0
9,7,0.0,0.0,0.0,0.0,0.0,0.0,0.062365558,0.93763447,0.0
9,7,0.0,0.0,0.0,0.0,0.0,0.0,0.062365558,0.93763447,0.0
9,7,0.0,0.0,0.0,0.0,0.0,0.0,0.062365558,0.93763447,0.0
9,7,0.0,0.0,0.0,0.0,0.0,0.0,0.062365558,0.93763447,0.0
9,7,0.0,0.0,0.0,0.0,0.0,0.0,0.062365558,0.93763447,0.0
9,7,0.0,0.0,0.0,0.0,0.0,0.0,0.062365558,0.93763447,0.0
9,7,0.0,0.0,0.0,0.0,0.0,0.0,0.062365558,0.93763447,0.0
9,7,0.0,0.0,0.0,0.0,0.0,0.0,0.062365558,0.93763447,0.0
9,7,0.0,0.0,0.0,0.0,0.0,0.0,0.062365558,0.93763447,0.0
9,7,0.0,0.0,0.0,0.0,0.0,0.0,0.062365558,0.93763447,0.0
9,7,0.0,0.0,0.0,0.0,0.0,0.0,0.062365558,0.93763447,0.0
9,7,0.0,0.0,0.0,0.0,0.0,0.0,0.062365558,0.93763447,0.0
9,7,0.0,0.0,0.0,0.0,0.0,0.0,0.062365558,0.93763447,0.0
9,7,0.0,0.0,0.0,0.0,0.0,0.0,0.062365558,0.93763447,0.0
9,7,0.0,0.0,0.0,0.0,0.0,0.0,0.062365558,0.93763447,0.0
9,7,0.0,0.0,0.0,0.0,0.0,0.0,0.062365558,0.93763447,0.0
9,7,0.0,0.0,0.0,0.0,0.0,0.0,0.062365558,0.93763447,0.0
9,7,0.0,0.0,0.0,0.0,0.0,0.0,0.062365558,0.93763447,0.0
9,7,0.0,0.0,0.0,0.0,0.0,0.0,0.062365558,0.93763447,0.0
9,7,0.0,0.0,0.0,0.0,0.0,0.0,0.062365558,0.93763447,0.0
9,7,0.0,0.0,0.0,0.0,0.0,0.0,0.062365558,0.93763447,0.0
9,7,0.0,0.0,0.0,0.0,0.0,0.0,0.062365558,0.93763447,0.0
9,7,0.0,0.0,0.0,0.0,0.0,0.0,0.062365558,0.93763447,0.0
9,7,0.0,0.0,0.0,0.0,0.0,0.0,0.062365558,0.93763447,0.0
9,7,0.0,0.0,0.0,0.0,0.0,0.0,0.062365558,0.93763447,0.0
9,7,0.0,0.0,0.0,0.0,0.0,0.0,0.062365558,0.93763447,0.0
9,7,0.0,0.0,0.0,0.0,0.0,0.0,0.062365558,0.93763447,0.0
9,7,0.0,0.0,0.0,0.0,0.0,0.0,0.062365558,0.93763447,0.0
9,7,0.0,0.0,0.0,0.0,0.0,0.0,0.062365558,0.93763447,0.0
9,7,0.0,0.0,0.0,0.0,0.0,0.0,0.062365558,0.93763447,0.0
9,7,0.0,0.0,0.0,0.0,0.0,0.0,0.062365558,0.93763447,0.0
9,7,0.0,0.0,0.0,0.0,0.0,0.0,0.062365558,0.93763447,0.0
9,7,0.0,0.0,0.0,0.0,0.0,0.0,0.062365558,0.93763447,0.0
9,7,0.0,0.0,0.0,0.0,0.0,0.0,0.062365558,0.93763447,0.0
9,7,0.0,0.0,0.0,0.0,0.0,0.0,0.062365558,0.93763447,0.0
9,7,0.0,0.0,0.0,0.0,0.0,0.0,0.062365558,0.93763447,0.0
9,7,0.0,0.0,0.0,0.0,0.0,0.0,0.062365558,0.93763447,0.0
9,7,0.0,0.0,0.0,0.0,0.0,0.0,0.062365558,0.93763447,0.0
9,7,0.0,0.0,0.0,0.0,0.0,0.0,0.062365558,0.93763447,0.0
9,7,0.0,0.0,0.0,0.0,0.0,0.0,0.062365558,0.93763447,0.0
9,7,0.0,0.0,0.0,0.0,0.0,0.0,0.062365558,0.93763447,0.0
9,7,0.0,0.0,0.0,0.0,0.0,0.0,0.062365558,0.93763447,0.0
9,7,0.0,0.0,0.0,0.0,0.0,0.0,0.062365558,0.93763447,0.0
9,7,0.0,0.0,0.0,0.0,0.0,0.0,0.062365558,0.93763447,0.0
9,7,0.0,0.0,0.0,0.0,0.0,0.0,0.062365558,0.93763447,0.0
9,7,0.0,0.0,0.0,0.0,0.0,0.0,0.062365558,0.93763447,0.0
9,7,0.0,0.0,0.0,0.0,0.0,0.0,0.062365558,0.93763447,0.0
9,7,0.0,0.0,0.0,0.0,0.0,0.0,0.062365558,0.93763447,0.0
9,7,0.0,0.0,0.0,0.0,0.0,0.0,0.062365558,0.93763447,0.0
9,7,0.0,0.0,0.0,0.0,0.0,0.0,0.062365558,0.93763447,0.0
9,7,0.0,0.0,0.0,0.0,0.0,0.0,0.062365558,0.93763447,0.0
9,7,0.0,0.0,0.0,0.0,0.0,0.0,0.062365558,0.93763447,0.0
9,7,0.0,0.0,0.0,0.0,0.0,0.0,0.062365558,0.93763447,0.0
9,7,0.0,0.0,0.0,0.0,0.0,0.0,0.062365558,0.93763447,0.0
9,7,0.0,0.0,0.0,0.0,0.0,0.0,0.062365558,0.93763447,0.0
9,7,0.0,0.0,0.0,0.0,0.0,0.0,0.062365558,0.93763447,0.0
9,7,0.0,0.0,0.0,0.0,0.0,0.0,0.062365558,0.93763447,0.0
9,7,0.0,0.0,0.0,0.0,0.0,0.0,0.062365558,0.93763447,0.0
9,7,0.0,0.0,0.0,0.0,0.0,0.0,0.062365558,0.93763447,0.0
9,7,0.0,0.0,0.0,0.0,0.0,0.0,0.062365558,0.93763447,0.0
9,7,0.0,0.0,0.0,0.0,0.0,0.0,0.062365558,0.93763447,0.0
9,7,0.0,0.0,0.0,0.0,0.0,0.0,0.062365558,0.93763447,0.0
9,7,0.0,0.0,0.0,0.0,0.0,0.0,0.062365558,0.93763447,0.0
9,7,0.0,0.0,0.0,0.0,0.0,0.0,0.062365558,0.93763447,0.0
9,7,0.0,0.0,0.0,0.0,0.0,0.0,0.062365558,0.93763447,0.0
9,7,0.0,0.0,0.0,0.0,0.0,0.0,0.062365558,0.93763447,0.0
9,7,0.0,0.0,0.0,0.0,0.0,0.0,0.062365558,0.93763447,0.0
9,7,0.0,0.0,0.0,0.0,0.0,0.0,0.062365558,0.93763447,0.0
9,7,0.0,0.0,0.0,0.0,0.0,0.0,0.062365558,0.93763447,0.0
9,7,0.0,0.0,0.0,0.0,0.0,0.0,0.062365558,0.93763447,0.0
9,7,0.0,0.0,0.0,0.0,0.0,0.0,0.062365558,0.93763447,0.0
9,7,0.0,0.0,0.0,0.0,0.0,0.0,0.062365558,0.93763447,0.0
9,7,0.0,0.0,0.0,0.0,0.0,0.0,0.062365558,0.93763447,0.0
9,7,0.0,0.0,0.0,0.0,0.0,0.0,0.062365558,0.93763447,0.0
9,7,0.0,0.0,0.0,0.0,0.0,0.0,0.062365558,0.93763447,0.0
9,7,0.0,0.0,0.0,0.0,0.0,0.0,0.062365558,0.93763447,0.0
9,7,0.0,0.0,0.0,0.0,0.0,0.0,0.062365558,0.93763447,0.0
9,7,0.0,0.0,0.0,0.0,0.0,0.0,0.062365558,0.93763447,0.0
9,7,0.0,0.0,0.0,0.0,0.0,0.0,0.062365558,0.93763447,0.0
9,7,0.0,0.0,0.0,0.0,0.0,0.0,0.062365558,0.93763447,0.0
9,7,0.0,0.0,0.0,0.0,0.0,0.0,0.062365558,0.93763447,0.0
9,7,0.0,0.0,0.0,0.0,0.0,0.0,0.062365558,0.93763447,0.0
9,7,0.0,0.0,0.0,0.0,0.0,0.0,0.062365558,0.93763447,0.0
9,7,0.0,0.0,0.0,0.0,0.0,0.0,0.062365558,0.93763447,0.0
9,7,0.0,0.0,0.0,0.0,0.0,0.0,0.062365558,0.93763447,0.0
9,7,0.0,0.0,0.0,0.0,0.0,0.0,0.062365558,0.93763447,0.0
9,7,0.0,0.0,0.0,0.0,0.0,0.0,0.062365558,0.93763447,0.0
9,7,0.0,0.0,0.0,0.0,0.0,0.0,0.062365558,0.93763447,0.0
9,7,0.0,0.0,0.0,0.0,0.0,0.0,0.062365558,0.93763447,0.0
9,7,0.0,0.0,0.0,0.0,0.0,0.0,0.062365558,0.93763447,0.0
9,7,0.0,0.0,0.0,0.0,0.0,0.0,0.062365558,0.93763447,0.0
9,7,0.0,0.0,0.0,0.0,0.0,0.0,0.062365558,0.93763447,0.0
9,7,0.0,0.0,0.0,0.0,0.0,0.0,0.062365558,0.93763447,0.0
9,7,0.0,0.0,0.0,0.0,0.0,0.0,0.062365558,0.93763447,0.0
9,7,0.0,0.0,0.0,0.0,0.0,0.0,0.062365558,0.93763447,0.0
9,7,0.0,0.0,0.0,0.0,0.0,0.0,0.062365558,0.93763447,0.0
9,7,0.0,0.0,0.0,0.0,0.0,0.0,0.062365558,0.93763447,0.0
9,7,0.0,0.0,0.059169326,0.0,0.0,0.0,0.062365554,0.8784651,0.0
9,7,0.0,0.0,0.059169326,0.0,0.0,0.0,0.062365554,0.8784651,0.0
9,7,0.0,0.0,0.059169326,0.0,0.0,0.0,0.062365554,0.8784651,0.0
9,7,0.0,0.0,0.059169326,0.0,0.0,0.0,0.062365554,0.8784651,0.0
9,7,0.0,0.0,0.059169326,0.0,0.0,0.0,0.062365554,0.8784651,0.0
9,7,0.0,0.0,0.059169326,0.0,0.0,0.0,0.062365554,0.8784651,0.0
9,7,0.0,0.0,0.059169326,0.0,0.0,0.0,0.062365554,0.8784651,0.0
9,7,0.0,0.0,0.059169326,0.0,0.0,0.0,0.062365554,0.8784651,0.0
9,7,0.0,0.0,0.059169326,0.0,0.0,0.0,0.062365554,0.8784651,0.0
9,7,0.0,0.0,0.059169326,0.0,0.0,0.0,0.062365554,0.8784651,0.0
9,7,0.0,0.0,0.059169326,0.0,0.0,0.0,0.062365554,0.8784651,0.0
9,7,0.0,0.0,0.059169326,0.0,0.0,0.0,0.062365554,0.8784651,0.0
9,7,0.0,0.0,0.059169326,0.0,0.0,0.0,0.062365554,0.8784651,0.0
9,7,0.0,0.0,0.059169326,0.0,0.0,0.0,0.062365554,0.8784651,0.0
9,7,0.0,0.0,0.059169326,0.0,0.0,0.0,0.062365554,0.8784651,0.0
9,7,0.0,0.0,0.059169326,0.0,0.0,0.0,0.062365554,0.8784651,0.0
9,7,0.0,0.0,0.059169326,0.0,0.0,0.0,0.062365554,0.8784651,0.0
9,7,0.0,0.0,0.059169326,0.0,0.0,0.0,0.062365554,0.8784651,0.0
9,7,0.0,0.0,0.059169326,0.0,0.0,0.0,0.062365554,0.8784651,0.0
9,7,0.0,0.0,0.059169326,0.0,0.0,0.0,0.062365554,0.8784651,0.0
9,7,0.0,0.0,0.059169326,0.0,0.0,0.0,0.062365554,0.8784651,0.0
9,7,0.0,0.0,0.059169326,0.0,0.0,0.0,0.062365554,0.8784651,0.0
9,7,0.0,0.0,0.059169326,0.0,0.0,0.0,0.062365554,0.8784651,0.0
9,7,0.0,0.0,0.059169326,0.0,0.0,0.0,0.062365554,0.8784651,0.0
9,7,0.0,0.0,0.059169326,0.0,0.0,0.0,0.062365554,0.8784651,0.0
9,7,0.0,0.0,0.059169326,0.0,0.0,0.0,0.062365554,0.8784651,0.0
9,7,0.0,0.0,0.059169326,0.0,0.0,0.0,0.062365554,0.8784651,0.0
9,7,0.0,0.0,0.059169326,0.0,0.0,0.0,0.062365554,0.8784651,0.0
9,7,0.0,0.0,0.059169326,0.0,0.0,0.0,0.062365554,0.8784651,0.0
9,7,0.0,0.0,0.059169326,0.0,0.0,0.0,0.062365554,0.8784651,0.0
9,7,0.0,0.0,0.059169326,0.0,0.0,0.0,0.062365554,0.8784651,0.0
9,7,0.0,0.0,0.059169326,0.0,0.0,0.0,0.062365554,0.8784651,0.0
9,7,0.0,0.0,0.059169326,0.0,0.0,0.0,0.062365554,0.8784651,0.0
9,7,0.0,0.0,0.059169326,0.0,0.0,0.0,0.062365554,0.8784651,0.0
9,7,0.0,0.0,0.059169326,0.0,0.0,0.0,0.062365554,0.8784651,0.0
9,7,0.0,0.0,0.059169326,0.0,0.0,0.0,0.062365554,0.8784651,0.0
9,7,0.0,0.0,0.059169326,0.0,0.0,0.0,0.062365554,0.8784651,0.0
9,7,0.0,0.0,0.059169326,0.0,0.0,0.0,0.062365554,0.8784651,0.0
9,7,0.0,0.0,0.059169326,0.0,0.0,0.0,0.062365554,0.8784651,0.0
9,7,0.0,0.0,0.059169326,0.0,0.0,0.0,0.062365554,0.8784651,0.0
9,7,0.0,0.0,0.059169326,0.0,0.0,0.0,0.062365554,0.8784651,0.0
9,7,0.0,0.0,0.059169326,0.0,0.0,0.0,0.062365554,0.8784651,0.0
9,7,0.0,0.0,0.059169326,0.0,0.0,0.0,0.062365554,0.8784651,0.0
9,7,0.0,0.0,0.059169326,0.0,0.0,0.0,0.062365554,0.8784651,0.0
9,7,0.0,0.0,0.059169326,0.0,0.0,0.0,0.062365554,0.8784651,0.0
9,7,0.0,0.0,0.059169326,0.0,0.0,0.0,0.062365554,0.8784651,0.0
9,7,0.0,0.0,0.059169326,0.0,0.0,0.0,0.062365554,0.8784651,0.0
9,7,0.0,0.0,0.059169326,0.0,0.0,0.0,0.062365554,0.8784651,0.0
9,7,0.0,0.0,0.059169326,0.0,0.0,0.0,0.062365554,0.8784651,0.0
9,7,0.0,0.0,0.059169326,0.0,0.0,0.0,0.062365554,0.8784651,0.0
9,7,0.0,0.0,0.059169326,0.0,0.0,0.0,0.062365554,0.8784651,0.0
9,7,0.0,0.0,0.059169326,0.0,0.0,0.0,0.062365554,0.8784651,0.0
9,7,0.0,0.0,0.059169326,0.0,0.0,0.0,0.062365554,0.8784651,0.0
9,7,0.0,0.0,0.059169326,0.0,0.0,0.0,0.062365554,0.8784651,0.0
9,7,0.0,0.0,0.059169326,0.0,0.0,0.0,0.062365554,0.8784651,0.0
9,7,0.0,0.0,0.059169326,0.0,0.0,0.0,0.062365554,0.8784651,0.0
9,7,0.0,0.0,0.059169326,0.0,0.0,0.0,0.062365554,0.8784651,0.0
9,7,0.0,0.0,0.059169326,0.0,0.0,0.0,0.062365554,0.8784651,0.0
9,7,0.0,0.0,0.059169326,0.0,0.0,0.0,0.062365554,0.8784651,0.0
9,7,0.0,0.0,0.059169326,0.0,0.0,0.0,0.062365554,0.8784651,0.0
9,7,0.0,0.0,0.059169326,0.0,0.0,0.0,0.062365554,0.8784651,0.0
9,7,0.0,0.0,0.059169326,0.0,0.0,0.0,0.062365554,0.8784651,0.0
9,7,0.0,0.0,0.059169326,0.0,0.0,0.0,0.062365554,0.8784651,0.0
9,7,0.0,0.0,0.059169326,0.0,0.0,0.0,0.062365554,0.8784651,0.0
9,7,0.0,0.0,0.059169326,0.0,0.0,0.0,0.062365554,0.8784651,0.0
9,7,0.0,0.0,0.059169326,0.0,0.0,0.0,0.062365554,0.8784651,0.0
9,7,0.0,0.0,0.059169326,0.0,0.0,0.0,0.062365554,0.8784651,0.0
9,7,0.0,0.0,0.059169326,0.0,0.0,0.0,0.062365554,0.8784651,0.0
9,7,0.0,0.0,0.059169326,0.0,0.0,0.0,0.062365554,0.8784651,0.0
9,7,0.0,0.0,0.059169326,0.0,0.0,0.0,0.062365554,0.8784651,0.0
9,7,0.0,0.0,0.059169326,0.0,0.0,0.0,0.062365554,0.8784651,0.0
9,7,0.0,0.0,0.059169326,0.0,0.0,0.0,0.062365554,0.8784651,0.0
9,7,0.0,0.0,0.059169326,0.0,0.0,0.0,0.062365554,0.8784651,0.0
9,7,0.0,0.0,0.059169326,0.0,0.0,0.0,0.062365554,0.8784651,0.0
9,7,0.0,0.0,0.059169326,0.0,0.0,0.0,0.062365554,0.8784651,0.0
9,7,0.0,0.0,0.059169326,0.0,0.0,0.0,0.062365554,0.8784651,0.0
9,7,0.0,0.0,0.059169326,0.0,0.0,0.0,0.062365554,0.8784651,0.0
9,7,0.0,0.0,0.059169326,0.0,0.0,0.0,0.062365554,0.8784651,0.0
9,7,0.0,0.0,0.059169326,0.0,0.0,0.0,0.062365554,0.8784651,0.0
9,7,0.0,0.0,0.059169326,0.0,0.0,0.0,0.062365554,0.8784651,0.0
9,7,0.0,0.0,0.059169326,0.0,0.0,0.0,0.062365554,0.8784651,0.0
9,7,0.0,0.0,0.059169326,0.0,0.0,0.0,0.062365554,0.8784651,0.0
9,7,0.0,0.0,0.059169326,0.0,0.0,0.0,0.062365554,0.8784651,0.0
9,7,0.0,0.0,0.059169326,0.0,0.0,0.0,0.062365554,0.8784651,0.0
9,7,0.0,0.0,0.059169326,0.0,0.0,0.0,0.062365554,0.8784651,0.0
9,7,0.0,0.0,0.059169326,0.0,0.0,0.0,0.062365554,0.8784651,0.0
9,7,0.0,0.0,0.059169326,0.0,0.0,0.0,0.062365554,0.8784651,0.0
9,7,0.0,0.0,0.059169326,0.0,0.0,0.0,0.062365554,0.8784651,0.0
9,7,0.0,0.0,0.059169326,0.0,0.0,0.0,0.062365554,0.8784651,0.0
9,7,0.0,0.0,0.059169326,0.0,0.0,0.0,0.062365554,0.8784651,0.0
9,7,0.0,0.0,0.059169326,0.0,0.0,0.0,0.062365554,0.8784651,0.0
9,7,0.0,0.0,0.059169326,0.0,0.0,0.0,0.062365554,0.8784651,0.0
9,7,0.0,0.0,0.059169326,0.0,0.0,0.0,0.062365554,0.8784651,0.0
9,7,0.0,0.0,0.059169326,0.0,0.0,0.0,0.062365554,0.8784651,0.0
9,7,0.0,0.0,0.059169326,0.0,0.0,0.0,0.062365554,0.8784651,0.0
9,7,0.0,0.0,0.059169326,0.0,0.0,0.0,0.062365554,0.8784651,0.0
9,7,0.0,0.0,0.059169326,0.0,0.0,0.0,0.062365554,0.8784651,0.0
9,7,0.0,0.0,0.059169326,0.0,0.0,0.0,0.062365554,0.8784651,0.0
9,7,0.0,0.0,0.059169326,0.0,0.0,0.0,0.062365554,0.8784651,0.0
9,7,0.0,0.0,0.059169326,0.0,0.0,0.0,0.062365554,0.8784651,0.0
9,7,0.0,0.0,0.059169326,0.0,0.0,0.0,0.062365554,0.8784651,0.0
9,7,0.0,0.0,0.059169326,0.0,0.0,0.0,0.062365554,0.8784651,0.0
9,7,0.0,0.0,0.059169326,0.0,0.0,0.0,0.062365554,0.8784651,0.0
9,7,0.0,0.0,0.059169326,0.0,0.0,0.0,0.062365554,0.8784651,0.0
9,7,0.0,0.0,0.059169326,0.0,0.0,0.0,0.062365554,0.8784651,0.0
9,7,0.0,0.0,0.059169326,0.0,0.0,0.0,0.062365554,0.8784651,0.0
9,7,0.0,0.0,0.059169326,0.0,0.0,0.0,0.062365554,0.8784651,0.0
9,7,0.0,0.0,0.059169326,0.0,0.0,0.0,0.062365554,0.8784651,0.0
9,7,0.0,0.0,0.059169326,0.0,0.0,0.0,0.062365554,0.8784651,0.0
9,7,0.0,0.0,0.059169326,0.0,0.0,0.0,0.062365554,0.8784651,0.0
9,7,0.0,0.0,0.059169326,0.0,0.0,0.0,0.062365554,0.8784651,0.0
9,7,0.0,0.0,0.059169326,0.0,0.0,0.0,0.062365554,0.8784651,0.0
9,7,0.0,0.0,0.059169326,0.0,0.0,0.0,0.062365554,0.8784651,0.0
9,7,0.0,0.0,0.059169326,0.0,0.0,0.0,0.062365554,0.8784651,0.0
9,7,0.0,0.0,0.059169326,0.0,0.0,0.0,0.062365554,0.8784651,0.0
9,7,0.0,0.0,0.059169326,0.0,0.0,0.0,0.062365554,0.8784651,0.0
9,7,0.0,0.0,0.059169326,0.0,0.0,0.0,0.062365554,0.8784651,0.0
9,7,0.0,0.0,0.059169326,0.0,0.0,0.0,0.062365554,0.8784651,0.0
9,7,0.0,0.0,0.059169326,0.0,0.0,0.0,0.062365554,0.8784651,0.0
9,7,0.0,0.0,0.059169326,0.0,0.0,0.0,0.062365554,0.8784651,0.0
9,7,0.0,0.0,0.059169326,0.0,0.0,0.0,0.062365554,0.8784651,0.0
9,7,0.0,0.0,0.059169326,0.0,0.0,0.0,0.062365554,0.8784651,0.0
9,7,0.0,0.0,0.059169326,0.0,0.0,0.0,0.062365554,0.8784651,0.0
9,7,0.0,0.0,0.059169326,0.0,0.0,0.0,0.062365554,0.8784651,0.0
9,7,0.0,0.0,0.059169326,0.0,0.0,0.0,0.062365554,0.8784651,0.0
9,7,0.0,0.0,0.059169326,0.0,0.0,0.0,0.062365554,0.8784651,0.0
9,7,0.0,0.0,0.059169326,0.0,0.0,0.0,0.062365554,0.8784651,0.0
9,7,0.0,0.0,0.059169326,0.0,0.0,0.0,0.062365554,0.8784651,0.0
9,7,0.0,0.0,0.059169326,0.0,0.0,0.0,0.062365554,0.8784651,0.0
9,7,0.0,0.0,0.059169326,0.0,0.0,0.0,0.062365554,0.8784651,0.0
9,7,0.0,0.0,0.059169326,0.0,0.0,0.0,0.062365554,0.8784651,0.0
9,7,0.0,0.0,0.059169326,0.0,0.0,0.0,0.062365554,0.8784651,0.0
9,7,0.0,0.0,0.059169326,0.0,0.0,0.0,0.062365554,0.8784651,0.0
9,7,0.0,0.0,0.059169326,0.0,0.0,0.0,0.062365554,0.8784651,0.0
9,7,0.0,0.0,0.059169326,0.0,0.0,0.0,0.062365554,0.8784651,0.0
9,7,0.0,0.0,0.059169326,0.0,0.0,0.0,0.062365554,0.8784651,0.0
9,7,0.0,0.0,0.059169326,0.0,0.0,0.0,0.062365554,0.8784651,0.0
9,7,0.0,0.0,0.059169326,0.0,0.0,0.0,0.062365554,0.8784651,0.0
9,7,0.0,0.0,0.059169326,0.0,0.0,0.0,0.062365554,0.8784651,0.0
9,7,0.0,0.0,0.059169326,0.0,0.0,0.0,0.062365554,0.8784651,0.0
9,7,0.0,0.0,0.059169326,0.0,0.0,0.0,0.062365554,0.8784651,0.0
9,7,0.0,0.0,0.059169326,0.0,0.0,0.0,0.062365554,0.8784651,0.0
9,7,0.0,0.0,0.059169326,0.0,0.0,0.0,0.062365554,0.8784651,0.0
9,7,0.0,0.0,0.059169326,0.0,0.0,0.0,0.062365554,0.8784651,0.0
9,7,0.0,0.0,0.059169326,0.0,0.0,0.0,0.062365554,0.8784651,0.0
9,7,0.0,0.0,0.059169326,0.0,0.0,0.0,0.062365554,0.8784651,0.0
9,7,0.0,0.0,0.059169326,0.0,0.0,0.0,0.062365554,0.8784651,0.0
9,7,0.0,0.0,0.059169326,0.0,0.0,0.0,0.062365554,0.8784651,0.0
9,7,0.0,0.0,0.059169326,0.0,0.0,0.0,0.062365554,0.8784651,0.0
9,7,0.0,0.0,0.059169326,0.0,0.0,0.0,0.062365554,0.8784651,0.0
9,7,0.0,0.0,0.059169326,0.0,0.0,0.0,0.062365554,0.8784651,0.0
9,7,0.0,0.0,0.059169326,0.0,0.0,0.0,0.062365554,0.8784651,0.0
9,7,0.0,0.0,0.059169326,0.0,0.0,0.0,0.062365554,0.8784651,0.0
9,7,0.0,0.0,0.059169326,0.0,0.0,0.0,0.062365554,0.8784651,0.0
9,7,0.0,0.0,0.059169326,0.0,0.0,0.0,0.062365554,0.8784651,0.0
9,7,0.0,0.0,0.059169326,0.0,0.0,0.0,0.062365554,0.8784651,0.0
9,7,0.0,0.0,0.059169326,0.0,0.0,0.0,0.062365554,0.8784651,0.0
9,7,0.0,0.0,0.059169326,0.0,0.0,0.0,0.062365554,0.8784651,0.0
9,7,0.0,0.0,0.059169326,0.0,0.0,0.0,0.062365554,0.8784651,0.0
9,7,0.0,0.0,0.059169326,0.0,0.0,0.0,0.062365554,0.8784651,0.0
9,7,0.0,0.0,0.059169326,0.0,0.0,0.0,0.062365554,0.8784651,0.0
9,7,0.0,0.0,0.059169326,0.0,0.0,0.0,0.062365554,0.8784651,0.0
9,7,0.0,0.0,0.059169326,0.0,0.0,0.0,0.062365554,0.8784651,0.0
9,7,0.0,0.0,0.059169326,0.0,0.0,0.0,0.062365554,0.8784651,0.0
9,7,0.0,0.0,0.059169326,0.0,0.0,0.0,0.062365554,0.8784651,0.0
9,7,0.0,0.0,0.059169326,0.0,0.0,0.0,0.062365554,0.8784651,0.0
9,7,0.0,0.0,0.059169326,0.0,0.0,0.0,0.062365554,0.8784651,0.0
9,7,0.0,0.0,0.059169326,0.0,0.0,0.0,0.062365554,0.8784651,0.0
9,7,0.0,0.0,0.059169326,0.0,0.0,0.0,0.062365554,0.8784651,0.0
9,7,0.0,0.0,0.059169326,0.0,0.0,0.0,0.062365554,0.8784651,0.0
9,7,0.0,0.0,0.059169326,0.0,0.0,0.0,0.062365554,0.8784651,0.0
9,7,0.0,0.0,0.059169326,0.0,0.0,0.0,0.062365554,0.8784651,0.0
9,7,0.0,0.0,0.059169326,0.0,0.0,0.0,0.062365554,0.8784651,0.0
9,7,0.0,0.0,0.059169326,0.0,0.0,0.0,0.062365554,0.8784651,0.0
9,7,0.0,0.0,0.059169326,0.0,0.0,0.0,0.062365554,0.8784651,0.0
9,7,0.0,0.0,0.059169326,0.0,0.0,0.0,0.062365554,0.8784651,0.0
9,7,0.0,0.0,0.059169326,0.0,0.0,0.0,0.062365554,0.8784651,0.0
9,7,0.0,0.0,0.059169326,0.0,0.0,0.0,0.062365554,0.8784651,0.0
9,7,0.0,0.0,0.059169326,0.0,0.0,0.0,0.062365554,0.8784651,0.0
9,7,0.0,0.0,0.059169326,0.0,0.0,0.0,0.062365554,0.8784651,0.0
9,7,0.0,0.0,0.059169326,0.0,0.0,0.0,0.062365554,0.8784651,0.0
9,7,0.0,0.0,0.059169326,0.0,0.0,0.0,0.062365554,0.8784651,0.0
9,7,0.0,0.0,0.059169326,0.0,0.0,0.0,0.062365554,0.8784651,0.0
9,7,0.0,0.0,0.059169326,0.0,0.0,0.0,0.062365554,0.8784651,0.0
9,7,0.0,0.0,0.059169326,0.0,0.0,0.0,0.062365554,0.8784651,0.0
9,7,0.0,0.0,0.059169326,0.0,0.0,0.0,0.062365554,0.8784651,0.0
9,7,0.0,0.0,0.059169326,0.0,0.0,0.0,0.062365554,0.8784651,0.0
9,7,0.0,0.0,0.059169326,0.0,0.0,0.0,0.062365554,0.8784651,0.0
9,7,0.0,0.0,0.059169326,0.0,0.0,0.0,0.062365554,0.8784651,0.0
9,7,0.0,0.0,0.059169326,0.0,0.0,0.0,0.062365554,0.8784651,0.0
9,7,0.0,0.0,0.059169326,0.0,0.0,0.0,0.062365554,0.8784651,0.0
9,7,0.0,0.0,0.059169326,0.0,0.0,0.0,0.062365554,0.8784651,0.0
9,7,0.0,0.0,0.059169326,0.0,0.0,0.0,0.062365554,0.8784651,0.0
9,7,0.0,0.0,0.059169326,0.0,0.0,0.0,0.062365554,0.8784651,0.0
9,7,0.0,0.0,0.059169326,0.0,0.0,0.0,0.062365554,0.8784651,0.0
9,7,0.0,0.0,0.059169326,0.0,0.0,0.0,0.062365554,0.8784651,0.0
9,7,0.0,0.0,0.059169326,0.0,0.0,0.0,0.062365554,0.8784651,0.0
9,7,0.0,0.0,0.059169326,0.0,0.0,0.0,0.062365554,0.8784651,0.0
9,7,0.0,0.0,0.059169326,0.0,0.0,0.0,0.062365554,0.8784651,0.0
9,7,0.0,0.0,0.059169326,0.0,0.0,0.0,0.062365554,0.8784651,0.0
9,7,0.0,0.0,0.059169326,0.0,0.0,0.0,0.062365554,0.8784651,0.0
9,7,0.0,0.0,0.059169326,0.0,0.0,0.0,0.062365554,0.8784651,0.0
9,7,0.0,0.0,0.059169326,0.0,0.0,0.0,0.062365554,0.8784651,0.0
9,7,0.0,0.0,0.059169326,0.0,0.0,0.0,0.062365554,0.8784651,0.0
9,7,0.0,0.0,0.059169326,0.0,0.0,0.0,0.062365554,0.8784651,0.0
9,7,0.0,0.0,0.059169326,0.0,0.0,0.0,0.062365554,0.8784651,0.0
9,7,0.0,0.0,0.059169326,0.0,0.0,0.0,0.062365554,0.8784651,0.0
9,7,0.0,0.0,0.059169326,0.0,0.0,0.0,0.062365554,0.8784651,0.0
9,7,0.0,0.0,0.059169326,0.0,0.0,0.0,0.062365554,0.8784651,0.0
9,7,0.0,0.0,0.059169326,0.0,0.0,0.0,0.062365554,0.8784651,0.0
9,7,0.0,0.0,0.059169326,0.0,0.0,0.0,0.062365554,0.8784651,0.0
9,7,0.0,0.0,0.059169326,0.0,0.0,0.0,0.062365554,0.8784651,0.0
9,7,0.0,0.0,0.059169326,0.0,0.0,0.0,0.062365554,0.8784651,0.0
9,7,0.0,0.0,0.059169326,0.0,0.0,0.0,0.062365554,0.8784651,0.0
9,7,0.0,0.0,0.059169326,0.0,0.0,0.0,0.062365554,0.8784651,0.0
9,7,0.0,0.0,0.059169326,0.0,0.0,0.0,0.062365554,0.8784651,0.0
9,7,0.0,0.0,0.059169326,0.0,0.0,0.0,0.062365554,0.8784651,0.0
9,7,0.0,0.0,0.059169326,0.0,0.0,0.0,0.062365554,0.8784651,0.0
9,7,0.0,0.0,0.059169326,0.0,0.0,0.0,0.062365554,0.8784651,0.0
9,7,0.0,0.0,0.059169326,0.0,0.0,0.0,0.062365554,0.8784651,0.0
9,7,0.0,0.0,0.059169326,0.0,0.0,0.0,0.062365554,0.8784651,0.0
9,7,0.0,0.0,0.059169326,0.0,0.0,0.0,0.062365554,0.8784651,0.0
9,7,0.0,0.0,0.059169326,0.0,0.0,0.0,0.062365554,0.8784651,0.0
9,7,0.0,0.0,0.059169326,0.0,0.0,0.0,0.062365554,0.8784651,0.0
9,7,0.0,0.0,0.059169326,0.0,0.0,0.0,0.062365554,0.8784651,0.0
9,7,0.0,0.0,0.059169326,0.0,0.0,0.0,0.062365554,0.8784651,0.0
9,7,0.0,0.0,0.059169326,0.0,0.0,0.0,0.062365554,0.8784651,0.0
9,7,0.0,0.0,0.059169326,0.0,0.0,0.0,0.062365554,0.8784651,0.0
9,7,0.0,0.0,0.059169326,0.0,0.0,0.0,0.062365554,0.8784651,0.0
9,7,0.0,0.0,0.059169326,0.0,0.0,0.0,0.062365554,0.8784651,0.0
9,7,0.0,0.0,0.059169326,0.0,0.0,0.0,0.062365554,0.8784651,0.0
9,7,0.0,0.0,0.059169326,0.0,0.0,0.0,0.062365554,0.8784651,0.0
9,7,0.0,0.0,0.059169326,0.0,0.0,0.0,0.062365554,0.8784651,0.0
9,7,0.0,0.0,0.059169326,0.0,0.0,0.0,0.062365554,0.8784651,0.0
9,7,0.0,0.0,0.059169326,0.0,0.0,0.0,0.062365554,0.8784651,0.0
9,7,0.0,0.0,0.059169326,0.0,0.0,0.0,0.062365554,0.8784651,0.0
9,7,0.0,0.0,0.059169326,0.0,0.0,0.0,0.062365554,0.8784651,0.0
9,7,0.0,0.0,0.059169326,0.0,0.0,0.0,0.062365554,0.8784651,0.0
9,7,0.0,0.0,0.059169326,0.0,0.0,0.0,0.062365554,0.8784651,0.0
9,7,0.0,0.0,0.059169326,0.0,0.0,0.0,0.062365554,0.8784651,0.0
9,7,0.0,0.0,0.059169326,0.0,0.0,0.0,0.062365554,0.8784651,0.0
9,7,0.0,0.0,0.059169326,0.0,0.0,0.0,0.062365554,0.8784651,0.0
9,7,0.0,0.0,0.059169326,0.0,0.0,0.0,0.062365554,0.8784651,0.0
9,7,0.0,0.0,0.059169326,0.0,0.0,0.0,0.062365554,0.8784651,0.0
9,7,0.0,0.0,0.059169326,0.0,0.0,0.0,0.062365554,0.8784651,0.0
9,7,0.0,0.0,0.059169326,0.0,0.0,0.0,0.062365554,0.8784651,0.0
9,7,0.0,0.0,0.059169326,0.0,0.0,0.0,0.062365554,0.8784651,0.0
9,7,0.0,0.0,0.059169326,0.0,0.0,0.0,0.062365554,0.8784651,0.0
9,7,0.0,0.0,0.059169326,0.0,0.0,0.0,0.062365554,0.8784651,0.0
9,7,0.0,0.0,0.059169326,0.0,0.0,0.0,0.062365554,0.8784651,0.0
9,7,0.0,0.0,0.059169326,0.0,0.0,0.0,0.062365554,0.8784651,0.0
9,7,0.0,0.0,0.059169326,0.0,0.0,0.0,0.062365554,0.8784651,0.0
9,7,0.0,0.0,0.059169326,0.0,0.0,0.0,0.062365554,0.8784651,0.0
9,7,0.0,0.0,0.059169326,0.0,0.0,0.0,0.062365554,0.8784651,0.0
9,7,0.0,0.0,0.059169326,0.0,0.0,0.0,0.062365554,0.8784651,0.0
9,7,0.0,0.0,0.059169326,0.0,0.0,0.0,0.062365554,0.8784651,0.0
9,7,0.0,0.0,0.059169326,0.0,0.0,0.0,0.062365554,0.8784651,0.0
9,7,0.0,0.0,0.059169326,0.0,0.0,0.0,0.062365554,0.8784651,0.0
9,7,0.0,0.0,0.059169326,0.0,0.0,0.0,0.062365554,0.8784651,0.0
9,7,0.0,0.0,0.059169326,0.0,0.0,0.0,0.062365554,0.8784651,0.0
9,7,0.0,0.0,0.059169326,0.0,0.0,0.0,0.062365554,0.8784651,0.0
9,7,0.0,0.0,0.059169326,0.0,0.0,0.0,0.062365554,0.8784651,0.0
9,7,0.0,0.0,0.059169326,0.0,0.0,0.0,0.062365554,0.8784651,0.0
9,7,0.0,0.0,0.059169326,0.0,0.0,0.0,0.062365554,0.8784651,0.0
9,7,0.0,0.0,0.059169326,0.0,0.0,0.0,0.062365554,0.8784651,0.0
9,7,0.0,0.0,0.059169326,0.0,0.0,0.0,0.062365554,0.8784651,0.0
9,7,0.0,0.0,0.059169326,0.0,0.0,0.0,0.062365554,0.8784651,0.0
9,7,0.0,0.0,0.059169326,0.0,0.0,0.0,0.062365554,0.8784651,0.0
9,7,0.0,0.0,0.059169326,0.0,0.0,0.0,0.062365554,0.8784651,0.0
9,7,0.0,0.0,0.059169326,0.0,0.0,0.0,0.062365554,0.8784651,0.0
9,7,0.0,0.0,0.059169326,0.0,0.0,0.0,0.062365554,0.8784651,0.0
9,7,0.0,0.0,0.059169326,0.0,0.0,0.0,0.062365554,0.8784651,0.0
9,7,0.0,0.0,0.059169326,0.0,0.0,0.0,0.062365554,0.8784651,0.0
9,7,0.0,0.0,0.059169326,0.0,0.0,0.0,0.062365554,0.8784651,0.0
9,7,0.0,0.0,0.059169326,0.0,0.0,0.0,0.062365554,0.8784651,0.0
9,7,0.0,0.0,0.059169326,0.0,0.0,0.0,0.062365554,0.8784651,0.0
9,7,0.0,0.0,0.059169326,0.0,0.0,0.0,0.062365554,0.8784651,0.0
9,7,0.0,0.0,0.059169326,0.0,0.0,0.0,0.062365554,0.8784651,0.0
9,7,0.0,0.0,0.059169326,0.0,0.0,0.0,0.062365554,0.8784651,0.0
9,7,0.0,0.0,0.059169326,0.0,0.0,0.0,0.062365554,0.8784651,0.0
9,7,0.0,0.0,0.059169326,0.0,0.0,0.0,0.062365554,0.8784651,0.0
9,7,0.0,0.0,0.059169326,0.0,0.0,0.0,0.062365554,0.8784651,0.0
9,7,0.0,0.0,0.059169326,0.0,0.0,0.0,0.062365554,0.8784651,0.0
9,7,0.0,0.0,0.059169326,0.0,0.0,0.0,0.062365554,0.8784651,0.0
9,7,0.0,0.0,0.059169326,0.0,0.0,0.0,0.062365554,0.8784651,0.0
9,7,0.0,0.0,0.059169326,0.0,0.0,0.0,0.062365554,0.8784651,0.0
9,7,0.0,0.0,0.059169326,0.0,0.0,0.0,0.062365554,0.8784651,0.0
9,7,0.0,0.0,0.059169326,0.0,0.0,0.0,0.062365554,0.8784651,0.0
9,7,0.0,0.0,0.059169326,0.0,0.0,0.0,0.062365554,0.8784651,0.0
9,7,0.0,0.0,0.059169326,0.0,0.0,0.0,0.062365554,0.8784651,0.0
9,7,0.0,0.0,0.059169326,0.0,0.0,0.0,0.062365554,0.8784651,0.0
9,7,0.0,0.0,0.059169326,0.0,0.0,0.0,0.062365554,0.8784651,0.0
9,7,0.0,0.0,0.059169326,0.0,0.0,0.0,0.062365554,0.8784651,0.0
9,7,0.0,0.0,0.059169326,0.0,0.0,0.0,0.062365554,0.8784651,0.0
9,7,0.0,0.0,0.059169326,0.0,0.0,0.0,0.062365554,0.8784651,0.0
9,7,0.0,0.0,0.059169326,0.0,0.0,0.0,0.062365554,0.8784651,0.0
9,7,0.0,0.0,0.059169326,0.0,0.0,0.0,0.062365554,0.8784651,0.0
9,7,0.0,0.0,0.059169326,0.0,0.0,0.0,0.062365554,0.8784651,0.0
9,7,0.0,0.0,0.059169326,0.0,0.0,0.0,0.062365554,0.8784651,0.0
9,7,0.0,0.0,0.059169326,0.0,0.0,0.0,0.062365554,0.8784651,0.0
9,7,0.0,0.0,0.059169326,0.0,0.0,0.0,0.062365554,0.8784651,0.0
9,7,0.0,0.0,0.059169326,0.0,0.0,0.0,0.062365554,0.8784651,0.0
9,7,0.0,0.0,0.059169326,0.0,0.0,0.0,0.062365554,0.8784651,0.0
9,7,0.0,0.0,0.059169326,0.0,0.0,0.0,0.062365554,0.8784651,0.0
9,7,0.0,0.0,0.059169326,0.0,0.0,0.0,0.062365554,0.8784651,0.0
9,7,0.0,0.0,0.059169326,0.0,0.0,0.0,0.062365554,0.8784651,0.0
9,7,0.0,0.0,0.059169326,0.0,0.0,0.0,0.062365554,0.8784651,0.0
9,7,0.0,0.0,0.059169326,0.0,0.0,0.0,0.062365554,0.8784651,0.0
9,7,0.0,0.0,0.059169326,0.0,0.0,0.0,0.062365554,0.8784651,0.0
9,7,0.0,0.0,0.059169326,0.0,0.0,0.0,0.062365554,0.8784651,0.0
9,7,0.0,0.0,0.059169326,0.0,0.0,0.0,0.062365554,0.8784651,0.0
9,7,0.0,0.0,0.059169326,0.0,0.0,0.0,0.062365554,0.8784651,0.0
9,7,0.0,0.0,0.059169326,0.0,0.0,0.0,0.062365554,0.8784651,0.0
9,7,0.0,0.0,0.059169326,0.0,0.0,0.0,0.062365554,0.8784651,0.0
9,7,0.0,0.0,0.059169326,0.0,0.0,0.0,0.062365554,0.8784651,0.0
9,7,0.0,0.0,0.059169326,0.0,0.0,0.0,0.062365554,0.8784651,0.0
9,7,0.0,0.0,0.059169326,0.0,0.0,0.0,0.062365554,0.8784651,0.0
9,7,0.0,0.0,0.059169326,0.0,0.0,0.0,0.062365554,0.8784651,0.0
9,7,0.0,0.0,0.059169326,0.0,0.0,0.0,0.062365554,0.8784651,0.0
9,7,0.0,0.0,0.059169326,0.0,0.0,0.0,0.062365554,0.8784651,0.0
9,7,0.0,0.0,0.059169326,0.0,0.0,0.0,0.062365554,0.8784651,0.0
9,7,0.0,0.0,0.059169326,0.0,0.0,0.0,0.062365554,0.8784651,0.0
9,7,0.0,0.0,0.059169326,0.0,0.0,0.0,0.062365554,0.8784651,0.0
9,7,0.0,0.0,0.059169326,0.0,0.0,0.0,0.062365554,0.8784651,0.0
9,7,0.0,0.0,0.059169326,0.0,0.0,0.0,0.062365554,0.8784651,0.0
9,7,0.0,0.0,0.059169326,0.0,0.0,0.0,0.062365554,0.8784651,0.0
9,7,0.0,0.0,0.059169326,0.0,0.0,0.0,0.062365554,0.8784651,0.0
9,7,0.0,0.0,0.059169326,0.0,0.0,0.0,0.062365554,0.8784651,0.0
9,7,0.0,0.0,0.059169326,0.0,0.0,0.0,0.062365554,0.8784651,0.0
9,7,0.0,0.0,0.059169326,0.0,0.0,0.0,0.062365554,0.8784651,0.0
9,7,0.0,0.0,0.059169326,0.0,0.0,0.0,0.062365554,0.8784651,0.0
9,7,0.0,0.0,0.059169326,0.0,0.0,0.0,0.062365554,0.8784651,0.0
9,7,0.0,0.0,0.059169326,0.0,0.0,0.0,0.062365554,0.8784651,0.0
9,7,0.0,0.0,0.059169326,0.0,0.0,0.0,0.062365554,0.8784651,0.0
9,7,0.0,0.0,0.059169326,0.0,0.0,0.0,0.062365554,0.8784651,0.0
9,7,0.0,0.0,0.059169326,0.0,0.0,0.0,0.062365554,0.8784651,0.0
9,7,0.0,0.0,0.059169326,0.0,0.0,0.0,0.062365554,0.8784651,0.0
9,7,0.0,0.0,0.059169326,0.0,0.0,0.0,0.062365554,0.8784651,0.0
9,7,0.0,0.0,0.059169326,0.0,0.0,0.0,0.062365554,0.8784651,0.0
9,7,0.0,0.0,0.059169326,0.0,0.0,0.0,0.062365554,0.8784651,0.0
9,7,0.0,0.0,0.059169326,0.0,0.0,0.0,0.062365554,0.8784651,0.0
9,7,0.0,0.0,0.059169326,0.0,0.0,0.0,0.062365554,0.8784651,0.0
9,7,0.0,0.0,0.059169326,0.0,0.0,0.0,0.062365554,0.8784651,0.0
9,7,0.0,0.0,0.059169326,0.0,0.0,0.0,0.062365554,0.8784651,0.0
9,7,0.0,0.0,0.059169326,0.0,0.0,0.0,0.062365554,0.8784651,0.0
9,7,0.0,0.0,0.059169326,0.0,0.0,0.0,0.062365554,0.8784651,0.0
9,7,0.0,0.0,0.059169326,0.0,0.0,0.0,0.062365554,0.8784651,0.0
9,7,0.0,0.0,0.059169326,0.0,0.0,0.0,0.062365554,0.8784651,0.0
9,7,0.0,0.0,0.059169326,0.0,0.0,0.0,0.062365554,0.8784651,0.0
9,7,0.0,0.0,0.059169326,0.0,0.0,0.0,0.062365554,0.8784651,0.0
9,7,0.0,0.0,0.059169326,0.0,0.0,0.0,0.062365554,0.8784651,0.0
9,7,0.0,0.0,0.059169326,0.0,0.0,0.0,0.062365554,0.8784651,0.0
9,7,0.0,0.0,0.059169326,0.0,0.0,0.0,0.062365554,0.8784651,0.0
9,7,0.0,0.0,0.059169326,0.0,0.0,0.0,0.062365554,0.8784651,0.0
9,7,0.0,0.0,0.059169326,0.0,0.0,0.0,0.062365554,0.8784651,0.0
9,7,0.0,0.0,0.059169326,0.0,0.0,0.0,0.062365554,0.8784651,0.0
9,7,0.0,0.0,0.059169326,0.0,0.0,0.0,0.062365554,0.8784651,0.0
9,7,0.0,0.0,0.059169326,0.0,0.0,0.0,0.062365554,0.8784651,0.0
9,7,0.0,0.0,0.059169326,0.0,0.0,0.0,0.062365554,0.8784651,0.0
9,7,0.0,0.0,0.059169326,0.0,0.0,0.0,0.062365554,0.8784651,0.0
9,7,0.0,0.0,0.059169326,0.0,0.0,0.0,0.062365554,0.8784651,0.0
9,7,0.0,0.0,0.059169326,0.0,0.0,0.0,0.062365554,0.8784651,0.0
9,7,0.0,0.0,0.059169326,0.0,0.0,0.0,0.062365554,0.8784651,0.0
9,7,0.0,0.0,0.059169326,0.0,0.0,0.0,0.062365554,0.8784651,0.0
9,7,0.0,0.0,0.059169326,0.0,0.0,0.0,0.062365554,0.8784651,0.0
9,7,0.0,0.0,0.059169326,0.0,0.0,0.0,0.062365554,0.8784651,0.0
9,7,0.0,0.0,0.059169326,0.0,0.0,0.0,0.062365554,0.8784651,0.0
9,7,0.0,0.0,0.059169326,0.0,0.0,0.0,0.062365554,0.8784651,0.0
9,7,0.0,0.0,0.059169326,0.0,0.0,0.0,0.062365554,0.8784651,0.0
9,7,0.0,0.0,0.059169326,0.0,0.0,0.0,0.062365554,0.8784651,0.0
9,7,0.0,0.0,0.059169326,0.0,0.0,0.0,0.062365554,0.8784651,0.0
9,7,0.0,0.0,0.059169326,0.0,0.0,0.0,0.062365554,0.8784651,0.0
9,7,0.0,0.0,0.059169326,0.0,0.0,0.0,0.062365554,0.8784651,0.0
9,7,0.0,0.0,0.059169326,0.0,0.0,0.0,0.062365554,0.8784651,0.0
9,7,0.0,0.0,0.059169326,0.0,0.0,0.0,0.062365554,0.8784651,0.0
9,7,0.0,0.0,0.059169326,0.0,0.0,0.0,0.062365554,0.8784651,0.0
9,7,0.0,0.0,0.059169326,0.0,0.0,0.0,0.062365554,0.8784651,0.0
9,7,0.0,0.0,0.059169326,0.0,0.0,0.0,0.062365554,0.8784651,0.0
9,7,0.0,0.0,0.059169326,0.0,0.0,0.0,0.062365554,0.8784651,0.0
9,7,0.0,0.0,0.059169326,0.0,0.0,0.0,0.062365554,0.8784651,0.0
9,7,0.0,0.0,0.059169326,0.0,0.0,0.0,0.062365554,0.8784651,0.0
9,7,0.0,0.0,0.059169326,0.0,0.0,0.0,0.062365554,0.8784651,0.0
9,7,0.0,0.0,0.059169326,0.0,0.0,0.0,0.062365554,0.8784651,0.0
9,7,0.0,0.0,0.059169326,0.0,0.0,0.0,0.062365554,0.8784651,0.0
9,7,0.0,0.0,0.059169326,0.0,0.0,0.0,0.062365554,0.8784651,0.0
9,7,0.0,0.0,0.059169326,0.0,0.0,0.0,0.062365554,0.8784651,0.0
9,7,0.0,0.0,0.059169326,0.0,0.0,0.0,0.062365554,0.8784651,0.0
9,7,0.0,0.0,0.059169326,0.0,0.0,0.0,0.062365554,0.8784651,0.0
9,7,0.0,0.0,0.059169326,0.0,0.0,0.0,0.062365554,0.8784651,0.0
9,7,0.0,0.0,0.059169326,0.0,0.0,0.0,0.062365554,0.8784651,0.0
9,7,0.0,0.0,0.059169326,0.0,0.0,0.0,0.062365554,0.8784651,0.0
9,7,0.0,0.0,0.059169326,0.0,0.0,0.0,0.062365554,0.8784651,0.0
9,7,0.0,0.0,0.059169326,0.0,0.0,0.0,0.062365554,0.8784651,0.0
9,7,0.0,0.0,0.059169326,0.0,0.0,0.0,0.062365554,0.8784651,0.0
9,7,0.0,0.0,0.059169326,0.0,0.0,0.0,0.062365554,0.8784651,0.0
9,7,0.0,0.0,0.059169326,0.0,0.0,0.0,0.062365554,0.8784651,0.0
9,7,0.0,0.0,0.059169326,0.0,0.0,0.0,0.062365554,0.8784651,0.0
9,7,0.0,0.0,0.059169326,0.0,0.0,0.0,0.062365554,0.8784651,0.0
9,7,0.0,0.0,0.059169326,0.0,0.0,0.0,0.062365554,0.8784651,0.0
9,7,0.0,0.0,0.059169326,0.0,0.0,0.0,0.062365554,0.8784651,0.0
9,7,0.0,0.0,0.059169326,0.0,0.0,0.0,0.062365554,0.8784651,0.0
9,7,0.0,0.0,0.059169326,0.0,0.0,0.0,0.062365554,0.8784651,0.0
9,7,0.0,0.0,0.059169326,0.0,0.0,0.0,0.062365554,0.8784651,0.0
9,7,0.0,0.0,0.059169326,0.0,0.0,0.0,0.062365554,0.8784651,0.0
9,7,0.0,0.0,0.059169326,0.0,0.0,0.0,0.062365554,0.8784651,0.0
9,7,0.0,0.0,0.059169326,0.0,0.0,0.0,0.062365554,0.8784651,0.0
9,7,0.0,0.0,0.059169326,0.0,0.0,0.0,0.062365554,0.8784651,0.0
9,7,0.0,0.0,0.059169326,0.0,0.0,0.0,0.062365554,0.8784651,0.0
9,7,0.0,0.0,0.059169326,0.0,0.0,0.0,0.062365554,0.8784651,0.0
9,7,0.0,0.0,0.059169326,0.0,0.0,0.0,0.062365554,0.8784651,0.0
9,7,0.0,0.0,0.059169326,0.0,0.0,0.0,0.062365554,0.8784651,0.0
9,7,0.0,0.0,0.059169326,0.0,0.0,0.0,0.062365554,0.8784651,0.0
9,7,0.0,0.0,0.059169326,0.0,0.0,0.0,0.062365554,0.8784651,0.0
9,7,0.0,0.0,0.059169326,0.0,0.0,0.0,0.062365554,0.8784651,0.0
9,7,0.0,0.0,0.059169326,0.0,0.0,0.0,0.062365554,0.8784651,0.0
9,7,0.0,0.0,0.059169326,0.0,0.0,0.0,0.062365554,0.8784651,0.0
9,7,0.0,0.0,0.059169326,0.0,0.0,0.0,0.062365554,0.8784651,0.0
9,7,0.0,0.0,0.059169326,0.0,0.0,0.0,0.062365554,0.8784651,0.0
9,7,0.0,0.0,0.059169326,0.0,0.0,0.0,0.062365554,0.8784651,0.0
9,7,0.0,0.0,0.059169326,0.0,0.0,0.0,0.062365554,0.8784651,0.0
9,7,0.0,0.0,0.059169326,0.0,0.0,0.0,0.062365554,0.8784651,0.0
9,7,0.0,0.0,0.059169326,0.0,0.0,0.0,0.062365554,0.8784651,0.0
9,7,0.0,0.0,0.059169326,0.0,0.0,0.0,0.062365554,0.8784651,0.0
9,7,0.0,0.0,0.059169326,0.0,0.0,0.0,0.062365554,0.8784651,0.0
9,7,0.0,0.0,0.059169326,0.0,0.0,0.0,0.062365554,0.8784651,0.0
9,7,0.0,0.0,0.059169326,0.0,0.0,0.0,0.062365554,0.8784651,0.0
9,7,0.0,0.0,0.059169326,0.0,0.0,0.0,0.062365554,0.8784651,0.0
9,7,0.0,0.0,0.059169326,0.0,0.0,0.0,0.062365554,0.8784651,0.0
9,7,0.0,0.0,0.059169326,0.0,0.0,0.0,0.062365554,0.8784651,0.0
9,7,0.0,0.0,0.059169326,0.0,0.0,0.0,0.062365554,0.8784651,0.0
9,7,0.0,0.0,0.059169326,0.0,0.0,0.0,0.062365554,0.8784651,0.0
9,7,0.0,0.0,0.059169326,0.0,0.0,0.0,0.062365554,0.8784651,0.0
9,7,0.0,0.0,0.059169326,0.0,0.0,0.0,0.062365554,0.8784651,0.0
9,7,0.0,0.0,0.059169326,0.0,0.0,0.0,0.062365554,0.8784651,0.0
9,7,0.0,0.0,0.059169326,0.0,0.0,0.0,0.062365554,0.8784651,0.0
9,7,0.0,0.0,0.059169326,0.0,0.0,0.0,0.062365554,0.8784651,0.0
9,7,0.0,0.0,0.059169326,0.0,0.0,0.0,0.062365554,0.8784651,0.0
9,7,0.0,0.0,0.059169326,0.0,0.0,0.0,0.062365554,0.8784651,0.0
9,7,0.0,0.0,0.059169326,0.0,0.0,0.0,0.062365554,0.8784651,0.0
9,7,0.0,0.0,0.059169326,0.0,0.0,0.0,0.062365554,0.8784651,0.0
9,7,0.0,0.0,0.059169326,0.0,0.0,0.0,0.062365554,0.8784651,0.0
9,7,0.0,0.0,0.059169326,0.0,0.0,0.0,0.062365554,0.8784651,0.0
9,7,0.0,0.0,0.059169326,0.0,0.0,0.0,0.062365554,0.8784651,0.0
9,7,0.0,0.0,0.059169326,0.0,0.0,0.0,0.062365554,0.8784651,0.0
9,7,0.0,0.0,0.059169326,0.0,0.0,0.0,0.062365554,0.8784651,0.0
9,7,0.0,0.0,0.059169326,0.0,0.0,0.0,0.062365554,0.8784651,0.0
9,7,0.0,0.0,0.059169326,0.0,0.0,0.0,0.062365554,0.8784651,0.0
9,7,0.0,0.0,0.059169326,0.0,0.0,0.0,0.062365554,0.8784651,0.0
9,7,0.0,0.0,0.0,0.0,0.0,0.0,0.062365558,0.93763447,0.0
9,7,0.0,0.0,0.0,0.0,0.0,0.0,0.062365558,0.93763447,0.0
9,7,0.0,0.0,0.0,0.0,0.0,0.0,0.062365558,0.93763447,0.0
9,7,0.0,0.0,0.0,0.0,0.0,0.0,0.062365558,0.93763447,0.0
9,7,0.0,0.0,0.0,0.0,0.0,0.0,0.062365558,0.93763447,0.0
9,7,0.0,0.0,0.0,0.0,0.0,0.0,0.062365558,0.93763447,0.0
9,7,0.0,0.0,0.0,0.0,0.0,0.0,0.062365558,0.93763447,0.0
9,7,0.0,0.0,0.0,0.0,0.0,0.0,0.062365558,0.93763447,0.0
9,7,0.0,0.0,0.0,0.0,0.0,0.0,0.062365558,0.93763447,0.0
9,7,0.0,0.0,0.0,0.0,0.0,0.0,0.062365558,0.93763447,0.0
9,7,0.0,0.0,0.0,0.0,0.0,0.0,0.062365558,0.93763447,0.0
9,7,0.0,0.0,0.0,0.0,0.0,0.0,0.062365558,0.93763447,0.0
9,7,0.0,0.0,0.0,0.0,0.0,0.0,0.062365558,0.93763447,0.0
9,7,0.0,0.0,0.0,0.0,0.0,0.0,0.062365558,0.93763447,0.0
9,7,0.0,0.0,0.0,0.0,0.0,0.0,0.062365558,0.93763447,0.0
9,7,0.0,0.0,0.0,0.0,0.0,0.0,0.062365558,0.93763447,0.0
9,7,0.0,0.0,0.0,0.0,0.0,0.0,0.0,1.0,0.0
9,7,0.0,0.0,0.0,0.0,0.0,0.0,0.0,1.0,0.0
9,7,0.0,0.0,0.0,0.0,0.0,0.0,0.0,1.0,0.0
9,7,0.0,0.0,0.0,0.0,0.0,0.0,0.0,1.0,0.0
9,7,0.0,0.0,0.0,0.0,0.0,0.0,0.0,0.94471633,0.055283684
9,7,0.0,0.0,0.0,0.0,0.0,0.0,0.0,0.94471633,0.055283684
9,7,0.0,0.0,0.0,0.0,0.0,0.0,0.0,0.94471633,0.055283684
9,7,0.0,0.0,0.0,0.0,0.0,0.0,0.0,0.94471633,0.055283684
9,7,0.0,0.0,0.0,0.0,0.0,0.0,0.0,0.94471633,0.055283684
9,7,0.0,0.0,0.0,0.0,0.0,0.0,0.0,0.94471633,0.055283684
9,7,0.0,0.0,0.0,0.0,0.0,0.0,0.0,0.94471633,0.055283684
9,7,0.0,0.0,0.0,0.0,0.0,0.0,0.0,0.94471633,0.055283684
9,7,0.0,0.0,0.0,0.0,0.0,0.0,0.0,0.94471633,0.055283684
9,7,0.0,0.0,0.0,0.0,0.0,0.0,0.0,0.94471633,0.055283684
9,7,0.0,0.0,0.0,0.0,0.0,0.0,0.0,0.94471633,0.055283684
9,7,0.0,0.0,0.0,0.0,0.0,0.0,0.0,0.94471633,0.055283684
9,7,0.0,0.0,0.0,0.0,0.0,0.0,0.0,0.94471633,0.055283684
9,7,0.0,0.0,0.0,0.0,0.0,0.0,0.0,0.94471633,0.055283684
9,7,0.0,0.0,0.0,0.0,0.0,0.0,0.0,0.94471633,0.055283684
9,7,0.0,0.0,0.0,0.0,0.0,0.0,0.0,0.94471633,0.055283684
9,7,0.0,0.0,0.0,0.0,0.0,0.0,0.0,0.94471633,0.055283684
9,7,0.0,0.0,0.0,0.0,0.0,0.0,0.0,0.94471633,0.055283684
9,7,0.0,0.0,0.0,0.0,0.0,0.0,0.0,0.94471633,0.055283684
9,7,0.0,0.0,0.0,0.0,0.0,0.0,0.0,0.94471633,0.055283684
9,7,0.0,0.0,0.0,0.0,0.0,0.0,0.0,0.94471633,0.055283684
9,7,0.0,0.0,0.0,0.0,0.0,0.0,0.0,0.94471633,0.055283684
9,7,0.0,0.0,0.0,0.0,0.0,0.0,0.0,0.94471633,0.055283684
9,7,0.0,0.0,0.0,0.0,0.0,0.0,0.0,0.94471633,0.055283684
9,7,0.0,0.0,0.0,0.0,0.0,0.0,0.0,0.94471633,0.055283684
9,7,0.0,0.0,0.0,0.0,0.0,0.0,0.0,0.94471633,0.055283684
9,7,0.0,0.0,0.0,0.0,0.0,0.0,0.0,0.94471633,0.055283684
9,7,0.0,0.0,0.0,0.0,0.0,0.0,0.0,0.94471633,0.055283684
9,7,0.0,0.0,0.0,0.0,0.0,0.0,0.0,0.94471633,0.055283684
9,7,0.0,0.0,0.0,0.0,0.0,0.0,0.0,0.94471633,0.055283684
9,7,0.0,0.0,0.0,0.0,0.0,0.0,0.0,0.94471633,0.055283684
9,7,0.0,0.0,0.0,0.0,0.0,0.0,0.0,0.94471633,0.055283684
9,7,0.0,0.0,0.0,0.0,0.0,0.0,0.0,0.94471633,0.055283684
9,7,0.0,0.0,0.0,0.0,0.0,0.0,0.0,0.94471633,0.055283684
9,7,0.0,0.0,0.0,0.0,0.0,0.0,0.0,0.94471633,0.055283684
9,7,0.0,0.0,0.0,0.0,0.0,0.0,0.0,0.94471633,0.055283684
9,7,0.0,0.0,0.0,0.0,0.0,0.0,0.0,0.94471633,0.055283684
9,7,0.0,0.0,0.0,0.0,0.0,0.0,0.0,0.94471633,0.055283684
9,7,0.0,0.0,0.0,0.0,0.0,0.0,0.0,0.94471633,0.055283684
9,7,0.0,0.0,0.0,0.0,0.0,0.0,0.0,0.94471633,0.055283684
9,7,0.0,0.0,0.0,0.0,0.0,0.0,0.0,0.94471633,0.055283684
9,7,0.0,0.0,0.0,0.0,0.0,0.0,0.0,0.94471633,0.055283684
9,7,0.0,0.0,0.0,0.0,0.0,0.0,0.0,0.94471633,0.055283684
9,7,0.0,0.0,0.0,0.0,0.0,0.0,0.0,0.94471633,0.055283684
9,7,0.0,0.0,0.0,0.0,0.0,0.0,0.0,0.94471633,0.055283684
9,7,0.0,0.0,0.0,0.0,0.0,0.0,0.0,0.94471633,0.055283684
9,7,0.0,0.0,0.0,0.0,0.0,0.0,0.0,0.94471633,0.055283684
9,7,0.0,0.0,0.0,0.0,0.0,0.0,0.0,0.94471633,0.055283684
9,7,0.0,0.0,0.0,0.0,0.0,0.0,0.0,0.94471633,0.055283684
9,7,0.0,0.0,0.0,0.0,0.0,0.0,0.0,0.94471633,0.055283684
9,7,0.0,0.0,0.0,0.0,0.0,0.0,0.0,0.94471633,0.055283684
9,7,0.0,0.0,0.0,0.0,0.0,0.0,0.0,0.94471633,0.055283684
9,7,0.0,0.0,0.0,0.0,0.0,0.0,0.0,0.94471633,0.055283684
9,7,0.0,0.0,0.0,0.0,0.0,0.0,0.0,0.94471633,0.055283684
9,7,0.0,0.0,0.0,0.0,0.0,0.0,0.0,0.94471633,0.055283684
9,7,0.0,0.0,0.0,0.0,0.0,0.0,0.0,0.94471633,0.055283684
9,7,0.0,0.0,0.0,0.0,0.0,0.0,0.0,0.94471633,0.055283684
9,7,0.0,0.0,0.0,0.0,0.0,0.0,0.0,0.94471633,0.055283684
9,7,0.0,0.0,0.0,0.0,0.0,0.0,0.0,0.94471633,0.055283684
9,7,0.0,0.0,0.0,0.0,0.0,0.0,0.0,0.94471633,0.055283684
9,7,0.0,0.0,0.0,0.0,0.0,0.0,0.0,0.8258999,0.17410009
9,7,0.0,0.0,0.0,0.0,0.0,0.0,0.0,0.8258999,0.17410009
9,7,0.0,0.0,0.0,0.0,0.0,0.0,0.0,0.8258999,0.17410009
9,7,0.0,0.0,0.0,0.0,0.0,0.0,0.0,0.8258999,0.17410009
9,7,0.0,0.0,0.0,0.0,0.0,0.0,0.0,0.8258999,0.17410009
9,7,0.0,0.0,0.0,0.0,0.0,0.0,0.0,0.8258999,0.17410009
9,7,0.0,0.0,0.0,0.0,0.0,0.0,0.0,0.8258999,0.17410009
9,7,0.0,0.0,0.0,0.0,0.0,0.0,0.0,0.8258999,0.17410009
9,7,0.0,0.0,0.0,0.0,0.0,0.0,0.0,0.8258999,0.17410009
9,7,0.0,0.0,0.0,0.0,0.0,0.0,0.0,0.8258999,0.17410009
9,7,0.0,0.0,0.0,0.0,0.0,0.0,0.0,0.8258999,0.17410009
9,7,0.0,0.0,0.0,0.0,0.0,0.0,0.0,0.8258999,0.17410009
9,7,0.0,0.0,0.0,0.0,0.0,0.0,0.0,0.8258999,0.17410009
9,7,0.0,0.0,0.0,0.0,0.0,0.0,0.0,0.8258999,0.17410009
9,7,0.0,0.0,0.0,0.0,0.0,0.0,0.0,0.8258999,0.17410009
9,7,0.0,0.0,0.0,0.0,0.0,0.0,0.0,0.8258999,0.17410009
9,7,0.0,0.0,0.0,0.0,0.0,0.0,0.0,0.8258999,0.17410009
9,7,0.0,0.0,0.0,0.0,0.0,0.0,0.0,0.8258999,0.17410009
9,7,0.0,0.0,0.0,0.0,0.0,0.0,0.0,0.8258999,0.17410009
9,7,0.0,0.0,0.0,0.0,0.0,0.0,0.0,0.8258999,0.17410009
9,7,0.0,0.0,0.0,0.0,0.0,0.0,0.0,0.8258999,0.17410009
9,7,0.0,0.0,0.0,0.0,0.0,0.0,0.0,0.8258999,0.17410009
9,7,0.0,0.0,0.0,0.0,0.0,0.0,0.0,0.8258999,0.17410009
9,7,0.0,0.0,0.0,0.0,0.0,0.0,0.0,0.8258999,0.17410009
9,7,0.0,0.0,0.0,0.0,0.0,0.0,0.0,0.8258999,0.17410009
9,7,0.0,0.0,0.0,0.0,0.0,0.0,0.0,0.8258999,0.17410009
9,7,0.0,0.0,0.0,0.0,0.0,0.0,0.0,0.8258999,0.17410009
9,7,0.0,0.0,0.0,0.0,0.0,0.0,0.0,0.8258999,0.17410009
9,7,0.0,0.0,0.0,0.0,0.0,0.0,0.0,0.8258999,0.17410009
9,7,0.0,0.0,0.0,0.0,0.0,0.0,0.0,0.8258999,0.17410009
9,7,0.0,0.0,0.0,0.0,0.0,0.0,0.0,0.8258999,0.17410009
9,7,0.0,0.0,0.0,0.0,0.0,0.0,0.0,0.8258999,0.17410009
9,7,0.0,0.0,0.0,0.0,0.0,0.0,0.0,0.8258999,0.17410009
9,7,0.0,0.0,0.0,0.0,0.0,0.0,0.0,0.8258999,0.17410009
9,7,0.0,0.0,0.0,0.0,0.0,0.0,0.0,0.8258999,0.17410009
9,7,0.0,0.0,0.0,0.0,0.0,0.0,0.0,0.8258999,0.17410009
9,7,0.0,0.0,0.0,0.0,0.0,0.0,0.0,0.8258999,0.17410009
9,7,0.0,0.0,0.0,0.0,0.0,0.0,0.0,0.8258999,0.17410009
9,7,0.0,0.0,0.0,0.0,0.0,0.0,0.0,0.8258999,0.17410009
9,7,0.0,0.0,0.0,0.0,0.0,0.0,0.0,0.8258999,0.17410009
9,7,0.0,0.0,0.0,0.0,0.0,0.0,0.0,0.8258999,0.17410009
9,7,0.0,0.0,0.0,0.0,0.0,0.0,0.0,0.8258999,0.17410009
9,7,0.0,0.0,0.0,0.0,0.0,0.0,0.0,0.8258999,0.17410009
9,7,0.0,0.0,0.0,0.0,0.0,0.0,0.0,0.8258999,0.17410009
9,7,0.0,0.0,0.0,0.0,0.0,0.0,0.0,0.8258999,0.17410009
9,7,0.0,0.0,0.0,0.0,0.0,0.0,0.0,0.8258999,0.17410009
9,7,0.0,0.0,0.0,0.0,0.0,0.0,0.0,0.8258999,0.17410009
9,7,0.0,0.0,0.0,0.0,0.0,0.0,0.0,0.8258999,0.17410009
9,7,0.0,0.0,0.0,0.0,0.0,0.0,0.0,0.76118463,0.2388154
9,7,0.0,0.0,0.0,0.0,0.0,0.0,0.0,0.76118463,0.2388154
9,7,0.0,0.0,0.0,0.0,0.0,0.0,0.0,0.76118463,0.2388154
9,7,0.0,0.0,0.0,0.0,0.0,0.0,0.0,0.76118463,0.2388154
9,7,0.0,0.0,0.0,0.0,0.0,0.0,0.0,0.76118463,0.2388154
9,7,0.0,0.0,0.0,0.0,0.0,0.0,0.0,0.76118463,0.2388154
9,7,0.0,0.0,0.0,0.0,0.0,0.0,0.0,0.76118463,0.2388154
9,7,0.0,0.0,0.0,0.0,0.0,0.0,0.0,0.76118463,0.2388154
9,7,0.0,0.0,0.0,0.0,0.0,0.0,0.0,0.76118463,0.2388154
9,7,0.0,0.0,0.0,0.0,0.0,0.0,0.0,0.76118463,0.2388154
9,7,0.0,0.0,0.0,0.0,0.0,0.0,0.0,0.76118463,0.2388154
9,7,0.0,0.0,0.0,0.0,0.0,0.0,0.0,0.76118463,0.2388154
10,7,0.0,0.0,0.0,0.0,0.0,0.0,0.0,0.76118463,0.2388154
10,7,0.0,0.0,0.0,0.0,0.0,0.0,0.0,0.76118463,0.2388154
10,7,0.0,0.0,0.0,0.0,0.0,0.0,0.0,0.76118463,0.2388154
10,7,0.0,0.0,0.0,0.0,0.0,0.0,0.0,0.76118463,0.2388154
10,7,0.0,0.0,0.0,0.0,0.0,0.0,0.0,0.76118463,0.2388154
10,7,0.0,0.0,0.0,0.0,0.0,0.0,0.0,0.76118463,0.2388154
10,7,0.0,0.0,0.0,0.0,0.0,0.0,0.0,0.76118463,0.2388154
10,7,0.0,0.0,0.0,0.0,0.0,0.0,0.0,0.76118463,0.2388154
10,7,0.0,0.0,0.0,0.0,0.0,0.0,0.0,0.76118463,0.2388154
10,7,0.0,0.0,0.0,0.0,0.0,0.0,0.0,0.76118463,0.2388154
10,7,0.0,0.0,0.0,0.0,0.0,0.0,0.0,0.76118463,0.2388154
10,7,0.0,0.0,0.0,0.0,0.0,0.0,0.0,0.76118463,0.2388154
10,7,0.0,0.0,0.0,0.0,0.0,0.0,0.0,0.76118463,0.2388154
10,7,0.0,0.0,0.0,0.0,0.0,0.0,0.0,0.76118463,0.2388154
10,7,0.0,0.0,0.0,0.0,0.0,0.0,0.0,0.76118463,0.2388154
10,7,0.0,0.0,0.0,0.0,0.0,0.0,0.0,0.76118463,0.2388154
10,7,0.0,0.0,0.0,0.0,0.0,0.0,0.0,0.76118463,0.2388154
10,7,0.0,0.0,0.0,0.0,0.0,0.0,0.0,0.76118463,0.2388154
10,7,0.0,0.0,0.0,0.0,0.0,0.0,0.0,0.76118463,0.2388154
10,7,0.0,0.0,0.0,0.0,0.0,0.0,0.0,0.76118463,0.2388154
10,7,0.0,0.0,0.0,0.0,0.0,0.0,0.0,0.76118463,0.2388154
10,7,0.0,0.0,0.0,0.0,0.0,0.0,0.0,0.76118463,0.2388154
10,7,0.0,0.0,0.0,0.0,0.0,0.0,0.0,0.76118463,0.2388154
10,7,0.0,0.0,0.0,0.0,0.0,0.0,0.0,0.76118463,0.2388154
10,7,0.0,0.0,0.0,0.0,0.0,0.0,0.0,0.76118463,0.2388154
10,7,0.0,0.0,0.0,0.0,0.0,0.0,0.0,0.76118463,0.2388154
10,7,0.0,0.0,0.0,0.0,0.0,0.0,0.0,0.76118463,0.2388154
10,7,0.0,0.0,0.0,0.0,0.0,0.0,0.0,0.76118463,0.2388154
10,7,0.0,0.0,0.0,0.0,0.0,0.0,0.0,0.76118463,0.2388154
10,7,0.0,0.0,0.0,0.0,0.0,0.0,0.0,0.76118463,0.2388154
10,7,0.0,0.0,0.0,0.0,0.0,0.0,0.0,0.76118463,0.2388154
10,7,0.0,0.0,0.0,0.0,0.0,0.0,0.0,0.76118463,0.2388154
10,7,0.0,0.0,0.0,0.0,0.0,0.0,0.0,0.76118463,0.2388154
10,7,0.0,0.0,0.0,0.0,0.0,0.0,0.0,0.76118463,0.2388154
10,7,0.0,0.0,0.0,0.0,0.0,0.0,0.0,0.76118463,0.2388154
10,7,0.0,0.0,0.0,0.0,0.0,0.0,0.0,0.76118463,0.2388154
10,7,0.0,0.0,0.0,0.0,0.0,0.0,0.0,0.76118463,0.2388154
10,7,0.0,0.0,0.0,0.0,0.0,0.0,0.0,0.76118463,0.2388154
10,7,0.0,0.0,0.0,0.0,0.0,0.0,0.0,0.76118463,0.2388154
10,7,0.0,0.0,0.0,0.0,0.0,0.0,0.0,0.76118463,0.2388154
10,7,0.0,0.0,0.0,0.0,0.0,0.0,0.0,0.76118463,0.2388154
10,7,0.0,0.0,0.0,0.0,0.0,0.0,0.0,0.76118463,0.2388154
10,7,0.0,0.0,0.0,0.0,0.0,0.0,0.0,0.76118463,0.2388154
10,7,0.0,0.0,0.0,0.0,0.0,0.0,0.0,0.76118463,0.2388154
10,7,0.0,0.0,0.0,0.0,0.0,0.0,0.0,0.76118463,0.2388154
10,7,0.0,0.0,0.0,0.0,0.0,0.0,0.0,0.76118463,0.2388154
10,7,0.0,0.0,0.0,0.0,0.0,0.0,0.0,0.76118463,0.2388154
10,7,0.0,0.0,0.0,0.0,0.0,0.0,0.0,0.76118463,0.2388154
10,7,0.0,0.0,0.0,0.0,0.0,0.0,0.0,0.76118463,0.2388154
10,7,0.0,0.0,0.0,0.0,0.0,0.0,0.0,0.76118463,0.2388154
10,7,0.0,0.0,0.0,0.0,0.0,0.0,0.0,0.76118463,0.2388154
10,7,0.0,0.0,0.0,0.0,0.0,0.0,0.0,0.76118463,0.2388154
10,7,0.0,0.0,0.0,0.0,0.0,0.0,0.0,0.76118463,0.2388154
10,7,0.0,0.0,0.0,0.0,0.0,0.0,0.0,0.76118463,0.2388154
10,7,0.0,0.0,0.0,0.0,0.0,0.0,0.0,0.76118463,0.2388154
10,7,0.0,0.0,0.0,0.0,0.0,0.0,0.0,0.76118463,0.2388154
10,7,0.0,0.0,0.0,0.0,0.0,0.0,0.0,0.76118463,0.2388154
10,7,0.0,0.0,0.0,0.0,0.0,0.0,0.0,0.76118463,0.2388154
10,7,0.0,0.0,0.0,0.0,0.0,0.0,0.0,0.76118463,0.2388154
10,7,0.0,0.0,0.0,0.0,0.0,0.0,0.0,0.76118463,0.2388154
10,7,0.0,0.0,0.0,0.0,0.0,0.0,0.0,0.76118463,0.2388154
10,7,0.0,0.0,0.0,0.0,0.0,0.0,0.0,0.76118463,0.2388154
10,7,0.0,0.0,0.0,0.0,0.0,0.0,0.0,0.76118463,0.2388154
10,7,0.0,0.0,0.0,0.0,0.0,0.0,0.0,0.76118463,0.2388154
10,7,0.0,0.0,0.0,0.0,0.0,0.0,0.0,0.76118463,0.2388154
10,7,0.0,0.0,0.0,0.0,0.0,0.0,0.0,0.76118463,0.2388154
10,7,0.0,0.0,0.0,0.0,0.0,0.0,0.0,0.76118463,0.2388154
10,7,0.0,0.0,0.0,0.0,0.0,0.0,0.0,0.76118463,0.2388154
10,7,0.0,0.0,0.0,0.0,0.0,0.0,0.0,0.70307964,0.29692042
10,7,0.0,0.0,0.0,0.0,0.0,0.0,0.0,0.70307964,0.29692042
10,7,0.0,0.0,0.0,0.0,0.0,0.0,0.0,0.70307964,0.29692042
10,7,0.0,0.0,0.0,0.0,0.0,0.0,0.0,0.70307964,0.29692042
10,7,0.0,0.0,0.0,0.0,0.0,0.0,0.0,0.70307964,0.29692042
10,7,0.0,0.0,0.0,0.0,0.0,0.0,0.0,0.70307964,0.29692042
10,7,0.0,0.0,0.0,0.0,0.0,0.0,0.0,0.70307964,0.29692042
10,7,0.0,0.0,0.0,0.0,0.0,0.0,0.0,0.70307964,0.29692042
10,7,0.0,0.0,0.0,0.0,0.0,0.0,0.0,0.70307964,0.29692042
10,7,0.0,0.0,0.0,0.0,0.0,0.0,0.0,0.70307964,0.29692042
10,7,0.0,0.0,0.0,0.0,0.0,0.0,0.0,0.70307964,0.29692042
10,7,0.0,0.0,0.0,0.0,0.0,0.0,0.0,0.70307964,0.29692042
10,7,0.0,0.0,0.0,0.0,0.0,0.0,0.0,0.70307964,0.29692042
10,7,0.0,0.0,0.0,0.0,0.0,0.0,0.0,0.70307964,0.29692042
10,7,0.0,0.0,0.0,0.0,0.0,0.0,0.0,0.70307964,0.29692042
10,7,0.0,0.0,0.0,0.0,0.0,0.0,0.0,0.70307964,0.29692042
10,7,0.0,0.0,0.0,0.0,0.0,0.0,0.0,0.70307964,0.29692042
10,7,0.0,0.0,0.0,0.0,0.0,0.0,0.0,0.6474081,0.3525919
10,7,0.0,0.0,0.0,0.0,0.0,0.0,0.0,0.6474081,0.3525919
10,7,0.0,0.0,0.0,0.0,0.0,0.0,0.0,0.6474081,0.3525919
10,7,0.0,0.0,0.0,0.0,0.0,0.0,0.0,0.6474081,0.3525919
10,7,0.0,0.0,0.0,0.0,0.0,0.0,0.0,0.6474081,0.3525919
10,7,0.0,0.0,0.0,0.0,0.0,0.0,0.0,0.6474081,0.3525919
10,7,0.0,0.0,0.0,0.0,0.0,0.0,0.0,0.6474081,0.3525919
10,7,0.0,0.0,0.0,0.0,0.0,0.0,0.0,0.6474081,0.3525919
10,7,0.0,0.0,0.0,0.0,0.0,0.0,0.0,0.6474081,0.3525919
10,7,0.0,0.0,0.0,0.0,0.0,0.0,0.0,0.6474081,0.3525919
10,7,0.0,0.0,0.0,0.0,0.0,0.0,0.0,0.6474081,0.3525919
10,7,0.0,0.0,0.0,0.0,0.0,0.0,0.0,0.58504254,0.41495743
10,7,0.0,0.0,0.0,0.0,0.0,0.0,0.0,0.58504254,0.41495743
10,7,0.0,0.0,0.0,0.0,0.0,0.0,0.0,0.58504254,0.41495743
10,7,0.0,0.0,0.0,0.0,0.0,0.0,0.0,0.58504254,0.41495743
10,7,0.0,0.0,0.0,0.0,0.0,0.0,0.0,0.5184151,0.48158488
10,7,0.0,0.0,0.0,0.0,0.0,0.0,0.0,0.5184151,0.48158488
10,7,0.0,0.0,0.0,0.0,0.0,0.0,0.0,0.5184151,0.48158488
10,7,0.0,0.0,0.0,0.0,0.0,0.0,0.0,0.5184151,0.48158488
10,7,0.0,0.0,0.0,0.0,0.0,0.0,0.0,0.5184151,0.48158488
10,7,0.0,0.0,0.0,0.0,0.0,0.0,0.0,0.5184151,0.48158488
10,7,0.0,0.0,0.0,0.0,0.0,0.0,0.0,0.5184151,0.48158488
10,7,0.0,0.0,0.0,0.0,0.0,0.0,0.0,0.5184151,0.48158488
10,7,0.0,0.0,0.0,0.0,0.0,0.0,0.0,0.5184151,0.48158488
10,7,0.0,0.0,0.0,0.0,0.0,0.0,0.0,0.5184151,0.48158488
10,7,0.0,0.0,0.0,0.0,0.0,0.0,0.0,0.5184151,0.48158488
10,7,0.0,0.0,0.0,0.0,0.0,0.0,0.0,0.5184151,0.48158488
10,7,0.0,0.0,0.0,0.0,0.0,0.0,0.0,0.5184151,0.48158488
10,7,0.0,0.0,0.0,0.0,0.0,0.0,0.0,0.5184151,0.48158488
10,8,0.0,0.0,0.0,0.0,0.0,0.0,0.0,0.44923738,0.5507626
10,8,0.0,0.0,0.0,0.0,0.0,0.0,0.0,0.44923738,0.5507626
10,8,0.0,0.0,0.0,0.0,0.0,0.0,0.0,0.44923738,0.5507626
10,8,0.0,0.0,0.0,0.0,0.0,0.0,0.0,0.44923738,0.5507626
10,8,0.0,0.0,0.0,0.0,0.0,0.0,0.0,0.44923738,0.5507626
10,8,0.0,0.0,0.0,0.0,0.0,0.0,0.0,0.44923738,0.5507626
10,8,0.0,0.0,0.0,0.0,0.0,0.0,0.0,0.44923738,0.5507626
10,8,0.0,0.0,0.0,0.0,0.0,0.0,0.0,0.44923738,0.5507626
10,8,0.0,0.0,0.0,0.0,0.0,0.0,0.0,0.44923738,0.5507626
10,8,0.0,0.0,0.0,0.0,0.0,0.0,0.0,0.44923738,0.5507626
10,8,0.0,0.0,0.0,0.0,0.0,0.0,0.0,0.44923738,0.5507626
10,8,0.0,0.0,0.0,0.0,0.0,0.0,0.0,0.44923738,0.5507626
10,8,0.0,0.0,0.0,0.0,0.0,0.0,0.0,0.44923738,0.5507626
10,8,0.0,0.0,0.0,0.0,0.0,0.0,0.0,0.44923738,0.5507626
10,8,0.0,0.0,0.0,0.0,0.0,0.0,0.0,0.44923738,0.5507626
10,8,0.0,0.0,0.0,0.0,0.0,0.0,0.0,0.44923738,0.5507626
10,8,0.0,0.0,0.0,0.0,0.0,0.0,0.0,0.44923738,0.5507626
10,8,0.0,0.0,0.0,0.0,0.0,0.0,0.0,0.44923738,0.5507626
10,8,0.0,0.0,0.0,0.0,0.0,0.0,0.0,0.39147994,0.60852003
10,8,0.0,0.0,0.0,0.0,0.0,0.0,0.0,0.39147994,0.60852003
10,8,0.0,0.0,0.0,0.0,0.0,0.0,0.0,0.3186961,0.6813039
10,8,0.0,0.0,0.0,0.0,0.0,0.0,0.0,0.3186961,0.6813039
10,8,0.0,0.0,0.0,0.0,0.0,0.0,0.0,0.3186961,0.6813039
10,8,0.0,0.0,0.0,0.0,0.0,0.0,0.0,0.3186961,0.6813039
10,8,0.0,0.0,0.0,0.0,0.0,0.0,0.0,0.3186961,0.6813039
10,8,0.0,0.0,0.0,0.0,0.0,0.0,0.0,0.3186961,0.6813039
10,8,0.0,0.0,0.0,0.0,0.0,0.0,0.0,0.25972953,0.74027044
10,8,0.0,0.0,0.0,0.0,0.0,0.0,0.0,0.25972953,0.74027044
10,8,0.0,0.0,0.0,0.0,0.0,0.0,0.0,0.25972953,0.74027044
10,8,0.0,0.0,0.0,0.0,0.0,0.0,0.0,0.25972953,0.74027044
10,8,0.0,0.0,0.0,0.0,0.0,0.0,0.0,0.25972953,0.74027044
10,8,0.0,0.0,0.0,0.0,0.0,0.0,0.0,0.25972953,0.74027044
10,8,0.0,0.0,0.0,0.0,0.0,0.0,0.0,0.25972953,0.74027044
10,8,0.0,0.0,0.0,0.0,0.0,0.0,0.0,0.25972953,0.74027044
10,8,0.0,0.0,0.0,0.0,0.0,0.0,0.0,0.25972953,0.74027044
10,8,0.0,0.0,0.0,0.0,0.0,0.0,0.0,0.25972953,0.74027044
10,8,0.0,0.0,0.0,0.0,0.0,0.0,0.0,0.25972953,0.74027044
10,8,0.0,0.0,0.0,0.0,0.0,0.0,0.0,0.25972953,0.74027044
10,8,0.0,0.0,0.0,0.0,0.0,0.0,0.0,0.25972953,0.74027044
10,8,0.0,0.0,0.0,0.0,0.0,0.0,0.0,0.25972953,0.74027044
10,8,0.0,0.0,0.0,0.0,0.0,0.0,0.0,0.25972953,0.74027044
10,8,0.0,0.0,0.0,0.0,0.0,0.0,0.0,0.25972953,0.74027044
10,8,0.0,0.0,0.0,0.0,0.0,0.0,0.0,0.25972953,0.74027044
10,8,0.0,0.0,0.0,0.0,0.0,0.0,0.0,0.25972953,0.74027044
10,8,0.0,0.0,0.0,0.0,0.0,0.0,0.0,0.25972953,0.74027044
10,8,0.0,0.0,0.0,0.0,0.0,0.0,0.0,0.25972953,0.74027044
10,8,0.0,0.0,0.0,0.0,0.0,0.0,0.0,0.25972953,0.74027044
10,8,0.0,0.0,0.0,0.0,0.0,0.0,0.0,0.25972953,0.74027044
10,8,0.0,0.0,0.0,0.0,0.0,0.0,0.0,0.25972953,0.74027044
10,8,0.0,0.0,0.0,0.0,0.0,0.0,0.0,0.25972953,0.74027044
10,8,0.0,0.0,0.0,0.0,0.0,0.0,0.0,0.2038232,0.7961768
10,8,0.0,0.0,0.0,0.0,0.0,0.0,0.0,0.2038232,0.7961768
10,8,0.0,0.0,0.0,0.0,0.0,0.0,0.0,0.2038232,0.7961768
10,8,0.0,0.0,0.0,0.0,0.0,0.0,0.0,0.2038232,0.7961768
10,8,0.0,0.0,0.0,0.0,0.0,0.0,0.0,0.13026078,0.86973923
10,8,0.0,0.0,0.0,0.0,0.0,0.0,0.0,0.13026078,0.86973923
10,8,0.0,0.0,0.0,0.0,0.0,0.0,0.0,0.13026078,0.86973923
10,8,0.0,0.0,0.0,0.0,0.0,0.0,0.0,0.13026078,0.86973923
10,8,0.0,0.0,0.0,0.0,0.0,0.0,0.0,0.13026078,0.86973923
10,8,0.0,0.0,0.0,0.0,0.0,0.0,0.0,0.13026078,0.86973923
10,8,0.0,0.0,0.0,0.0,0.0,0.0,0.0,0.13026078,0.86973923
10,8,0.0,0.0,0.0,0.0,0.0,0.0,0.0,0.13026078,0.86973923
10,8,0.0,0.0,0.0,0.0,0.0,0.0,0.0,0.13026078,0.86973923
10,8,0.0,0.0,0.0,0.0,0.0,0.0,0.0,0.13026078,0.86973923
10,8,0.0,0.0,0.0,0.0,0.0,0.0,0.0,0.13026078,0.86973923
10,8,0.0,0.0,0.0,0.0,0.0,0.0,0.0,0.13026078,0.86973923
10,8,0.0,0.0,0.0,0.0,0.0,0.0,0.0,0.13026078,0.86973923
10,8,0.0,0.0,0.0,0.0,0.0,0.0,0.0,0.13026078,0.86973923
10,8,0.0,0.0,0.0,0.0,0.0,0.0,0.0,0.13026078,0.86973923
10,8,0.0,0.0,0.0,0.0,0.0,0.0,0.0,0.13026078,0.86973923
10,8,0.0,0.0,0.0,0.0,0.0,0.0,0.0,0.05916933,0.9408307
10,8,0.0,0.0,0.0,0.0,0.0,0.0,0.0,0.05916933,0.9408307
10,8,0.0,0.0,0.0,0.0,0.0,0.0,0.0,0.05916933,0.9408307
10,8,0.0,0.0,0.0,0.0,0.0,0.0,0.0,0.05916933,0.9408307
10,8,0.0,0.0,0.0,0.0,0.0,0.0,0.0,0.05916933,0.9408307
10,8,0.0,0.0,0.0,0.0,0.0,0.0,0.0,0.05916933,0.9408307
10,8,0.0,0.0,0.0,0.0,0.0,0.0,0.0,0.05916933,0.9408307
10,8,0.0,0.0,0.0,0.0,0.0,0.0,0.0,0.05916933,0.9408307
10,8,0.0,0.0,0.0,0.0,0.0,0.0,0.0,0.05916933,0.9408307
10,8,0.0,0.0,0.0,0.0,0.0,0.0,0.0,0.05916933,0.9408307
10,8,0.0,0.0,0.0,0.0,0.0,0.0,0.0,0.05916933,0.9408307
10,8,0.0,0.0,0.0,0.0,0.0,0.0,0.0,0.05916933,0.9408307
10,8,0.0,0.0,0.0,0.0,0.0,0.0,0.0,0.0,1.0
10,8,0.0,0.0,0.0,0.0,0.0,0.0,0.0,0.0,1.0
10,8,0.0,0.0,0.0,0.0,0.0,0.0,0.0,0.0,1.0
10,8,0.0,0.0,0.0,0.0,0.0,0.0,0.0,0.0,1.0
10,8,0.0,0.0,0.0,0.0,0.0,0.0,0.0,0.0,1.0
10,8,0.0,0.0,0.0,0.0,0.0,0.0,0.0,0.0,1.0
10,8,0.0,0.0,0.0,0.0,0.0,0.0,0.0,0.0,1.0
10,8,0.0,0.0,0.0,0.0,0.0,0.0,0.0,0.0,1.0
10,8,0.0,0.0,0.0,0.0,0.0,0.0,0.0,0.0,1.0
10,8,0.0,0.0,0.0,0.0,0.0,0.0,0.0,0.0,1.0
10,8,0.0,0.0,0.0,0.0,0.0,0.0,0.0,0.0,1.0
10,8,0.0,0.0,0.0,0.0,0.0,0.0,0.0,0.0,1.0
10,8,0.0,0.0,0.0,0.0,0.0,0.0,0.0,0.0,1.0
10,8,0.0,0.0,0.0,0.0,0.0,0.0,0.0,0.0,1.0
10,8,0.0,0.0,0.0,0.0,0.0,0.0,0.0,0.0,1.0
10,8,0.0,0.0,0.0,0.0,0.0,0.0,0.0,0.0,1.0
10,8,0.0,0.0,0.0,0.0,0.0,0.0,0.0,0.0,1.0
10,8,0.0,0.0,0.0,0.0,0.0,0.0,0.0,0.0,1.0
10,8,0.0,0.0,0.0,0.0,0.0,0.0,0.0,0.0,1.0
10,8,0.0,0.0,0.0,0.0,0.0,0.0,0.0,0.0,1.0
10,8,0.0,0.0,0.0,0.0,0.0,0.0,0.0,0.0,1.0
10,8,0.0,0.0,0.0,0.0,0.0,0.0,0.0,0.0,1.0
10,8,0.0,0.0,0.0,0.0,0.0,0.0,0.0,0.0,1.0
10,8,0.0,0.0,0.0,0.0,0.0,0.0,0.0,0.0,1.0
10,8,0.0,0.0,0.0,0.0,0.0,0.0,0.0,0.0,1.0
10,8,0.0,0.0,0.0,0.0,0.0,0.0,0.0,0.0,1.0
10,8,0.0,0.0,0.0,0.0,0.0,0.0,0.0,0.0,1.0
10,8,0.0,0.0,0.0,0.0,0.0,0.0,0.0,0.0,1.0
10,8,0.0,0.0,0.0,0.0,0.0,0.0,0.0,0.0,1.0
10,8,0.0,0.0,0.0,0.0,0.0,0.0,0.0,0.0,1.0
10,8,0.0,0.0,0.0,0.0,0.0,0.0,0.0,0.0,1.0
10,8,0.0,0.0,0.0,0.0,0.0,0.0,0.0,0.0,1.0
10,8,0.0,0.0,0.0,0.0,0.0,0.0,0.0,0.0,1.0
10,8,0.0,0.0,0.0,0.0,0.0,0.0,0.0,0.0,1.0
10,8,0.0,0.0,0.0,0.0,0.0,0.0,0.0,0.0,1.0
10,8,0.0,0.0,0.0,0.0,0.0,0.0,0.0,0.0,1.0
10,8,0.0,0.0,0.0,0.0,0.0,0.0,0.0,0.0,1.0
10,8,0.0,0.0,0.0,0.0,0.0,0.0,0.0,0.0,1.0
10,8,0.0,0.0,0.0,0.0,0.0,0.0,0.0,0.0,1.0
10,8,0.0,0.0,0.0,0.0,0.0,0.0,0.0,0.0,1.0
10,8,0.0,0.0,0.0,0.0,0.0,0.0,0.0,0.0,1.0
10,8,0.0,0.0,0.0,0.0,0.0,0.0,0.0,0.0,1.0
10,8,0.0,0.0,0.0,0.0,0.0,0.0,0.0,0.0,1.0
10,8,0.0,0.0,0.0,0.0,0.0,0.0,0.0,0.0,1.0
10,8,0.0,0.0,0.0,0.0,0.0,0.0,0.0,0.0,1.0
10,8,0.0,0.0,0.0,0.0,0.0,0.0,0.0,0.0,1.0
10,8,0.0,0.0,0.0,0.0,0.0,0.0,0.0,0.0,1.0
10,8,0.0,0.0,0.0,0.0,0.0,0.0,0.0,0.0,1.0
10,8,0.0,0.0,0.0,0.0,0.0,0.0,0.0,0.0,1.0
10,8,0.0,0.0,0.0,0.0,0.0,0.0,0.0,0.0,1.0
10,8,0.0,0.0,0.0,0.0,0.0,0.0,0.0,0.0,1.0
10,8,0.0,0.0,0.0,0.0,0.0,0.0,0.0,0.0,1.0
10,8,0.0,0.0,0.0,0.0,0.0,0.0,0.0,0.0,1.0
10,8,0.0,0.0,0.0,0.0,0.0,0.0,0.0,0.0,1.0
10,8,0.0,0.0,0.0,0.0,0.0,0.0,0.0,0.0,1.0
10,8,0.0,0.0,0.0,0.0,0.0,0.0,0.0,0.0,1.0
10,8,0.0,0.0,0.0,0.0,0.0,0.0,0.0,0.0,1.0
10,8,0.0,0.0,0.0,0.0,0.0,0.0,0.0,0.0,1.0
10,8,0.0,0.0,0.0,0.0,0.0,0.0,0.0,0.0,1.0
10,8,0.0,0.0,0.0,0.0,0.0,0.0,0.0,0.0,1.0
10,8,0.0,0.0,0.0,0.0,0.0,0.0,0.0,0.0,1.0
10,8,0.0,0.0,0.0,0.0,0.0,0.0,0.0,0.0,1.0
10,8,0.0,0.0,0.0,0.0,0.0,0.0,0.0,0.0,1.0
10,8,0.0,0.0,0.0,0.0,0.0,0.0,0.0,0.0,1.0
10,8,0.0,0.0,0.0,0.0,0.0,0.0,0.0,0.0,1.0
10,8,0.0,0.0,0.0,0.0,0.0,0.0,0.0,0.0,1.0
10,8,0.0,0.0,0.0,0.0,0.0,0.0,0.0,0.0,1.0
10,8,0.0,0.0,0.0,0.0,0.0,0.0,0.0,0.0,1.0
10,8,0.0,0.0,0.0,0.0,0.0,0.0,0.0,0.0,1.0
10,8,0.0,0.0,0.0,0.0,0.0,0.0,0.0,0.0,1.0
10,8,0.0,0.0,0.0,0.0,0.0,0.0,0.0,0.0,1.0
10,8,0.0,0.0,0.0,0.0,0.0,0.0,0.0,0.0,1.0
10,8,0.0,0.0,0.0,0.0,0.0,0.0,0.0,0.0,1.0
10,8,0.0,0.0,0.0,0.0,0.0,0.0,0.0,0.0,1.0
10,8,0.0,0.0,0.0,0.0,0.0,0.0,0.0,0.0,1.0
10,8,0.0,0.0,0.0,0.0,0.0,0.0,0.0,0.0,1.0
10,8,0.0,0.0,0.0,0.0,0.0,0.0,0.0,0.0,1.0
10,8,0.0,0.0,0.0,0.0,0.0,0.0,0.0,0.0,1.0
10,8,0.0,0.0,0.0,0.0,0.0,0.0,0.0,0.0,1.0
10,8,0.0,0.0,0.0,0.0,0.0,0.0,0.0,0.0,1.0
10,8,0.0,0.0,0.0,0.0,0.0,0.0,0.0,0.0,1.0
10,8,0.0,0.0,0.0,0.0,0.0,0.0,0.0,0.0,1.0
10,8,0.0,0.0,0.0,0.0,0.0,0.0,0.0,0.0,1.0
10,8,0.0,0.0,0.0,0.0,0.0,0.0,0.0,0.0,1.0
10,8,0.0,0.0,0.0,0.0,0.0,0.0,0.0,0.0,1.0
10,8,0.0,0.0,0.0,0.0,0.0,0.0,0.0,0.0,1.0
10,8,0.0,0.0,0.0,0.0,0.0,0.0,0.0,0.0,1.0
10,8,0.0,0.0,0.0,0.0,0.0,0.0,0.0,0.0,1.0
10,8,0.0,0.0,0.0,0.0,0.0,0.0,0.0,0.0,1.0
10,8,0.0,0.0,0.0,0.0,0.0,0.0,0.0,0.0,1.0
10,8,0.0,0.0,0.0,0.0,0.0,0.0,0.0,0.0,1.0
10,8,0.0,0.0,0.0,0.0,0.0,0.0,0.0,0.0,1.0
10,8,0.0,0.0,0.0,0.0,0.0,0.0,0.0,0.0,1.0
10,8,0.0,0.0,0.0,0.0,0.0,0.0,0.0,0.0,1.0
10,8,0.0,0.0,0.0,0.0,0.0,0.0,0.0,0.0,1.0
10,8,0.0,0.0,0.0,0.0,0.0,0.0,0.0,0.0,1.0
10,8,0.0,0.0,0.0,0.0,0.0,0.0,0.0,0.0,1.0
10,8,0.0,0.0,0.0,0.0,0.0,0.0,0.0,0.0,1.0
10,8,0.0,0.0,0.0,0.0,0.0,0.0,0.0,0.0,1.0
10,8,0.0,0.0,0.0,0.0,0.0,0.0,0.0,0.0,1.0
10,8,0.0,0.0,0.0,0.0,0.0,0.0,0.0,0.0,1.0
10,8,0.0,0.0,0.0,0.0,0.0,0.0,0.0,0.0,1.0
10,8,0.0,0.0,0.0,0.0,0.0,0.0,0.0,0.0,1.0
10,8,0.0,0.0,0.0,0.0,0.0,0.0,0.0,0.0,1.0
10,8,0.0,0.0,0.0,0.0,0.0,0.0,0.0,0.0,1.0
10,8,0.0,0.0,0.0,0.0,0.0,0.0,0.0,0.0,1.0
10,8,0.0,0.0,0.0,0.0,0.0,0.0,0.0,0.0,1.0
10,8,0.0,0.0,0.0,0.0,0.0,0.0,0.0,0.0,1.0
10,8,0.0,0.0,0.0,0.0,0.0,0.0,0.0,0.0,1.0
10,8,0.0,0.0,0.0,0.0,0.0,0.0,0.0,0.0,1.0
10,8,0.0,0.0,0.0,0.0,0.0,0.0,0.0,0.0,1.0
10,8,0.0,0.0,0.0,0.0,0.0,0.0,0.0,0.0,1.0
10,8,0.0,0.0,0.0,0.0,0.0,0.0,0.0,0.0,1.0
10,8,0.0,0.0,0.0,0.0,0.0,0.0,0.0,0.0,1.0
10,8,0.0,0.0,0.0,0.0,0.0,0.0,0.0,0.0,1.0
10,8,0.0,0.0,0.0,0.0,0.0,0.0,0.0,0.0,1.0
10,8,0.0,0.0,0.0,0.0,0.0,0.0,0.0,0.0,1.0
10,8,0.0,0.0,0.0,0.0,0.0,0.0,0.0,0.0,1.0
10,8,0.0,0.0,0.0,0.0,0.0,0.0,0.0,0.0,1.0
10,8,0.0,0.0,0.0,0.0,0.0,0.0,0.0,0.0,1.0
10,8,0.0,0.0,0.0,0.0,0.0,0.0,0.0,0.0,1.0
10,8,0.0,0.0,0.0,0.0,0.0,0.0,0.0,0.0,1.0
10,8,0.0,0.0,0.0,0.0,0.0,0.0,0.0,0.0,1.0
10,8,0.0,0.0,0.0,0.0,0.0,0.0,0.0,0.0,1.0
10,8,0.0,0.0,0.0,0.0,0.0,0.0,0.0,0.0,1.0
10,8,0.0,0.0,0.0,0.0,0.0,0.0,0.0,0.0,1.0
10,8,0.0,0.0,0.0,0.0,0.0,0.0,0.0,0.0,1.0
10,8,0.0,0.0,0.0,0.0,0.0,0.0,0.0,0.0,1.0
10,8,0.0,0.0,0.0,0.0,0.0,0.0,0.0,0.0,1.0
10,8,0.0,0.0,0.0,0.0,0.0,0.0,0.0,0.0,1.0
10,8,0.0,0.0,0.0,0.0,0.0,0.0,0.0,0.0,1.0
10,8,0.0,0.0,0.0,0.0,0.0,0.0,0.0,0.0,1.0
10,8,0.0,0.0,0.0,0.0,0.0,0.0,0.0,0.0,1.0
10,8,0.0,0.0,0.0,0.0,0.0,0.0,0.0,0.0,1.0
10,8,0.0,0.0,0.0,0.0,0.0,0.0,0.0,0.0,1.0
10,8,0.0,0.0,0.0,0.0,0.0,0.0,0.0,0.0,1.0
10,8,0.0,0.0,0.0,0.0,0.0,0.0,0.0,0.0,1.0
10,8,0.0,0.0,0.0,0.0,0.0,0.0,0.0,0.0,1.0
10,8,0.0,0.0,0.0,0.0,0.0,0.0,0.0,0.0,1.0
10,8,0.0,0.0,0.0,0.0,0.0,0.0,0.0,0.0,1.0
10,8,0.0,0.0,0.0,0.0,0.0,0.0,0.0,0.0,1.0
10,8,0.0,0.0,0.0,0.0,0.0,0.0,0.0,0.0,1.0
10,8,0.0,0.0,0.0,0.0,0.0,0.0,0.0,0.0,1.0
10,8,0.0,0.0,0.0,0.0,0.0,0.0,0.0,0.0,1.0
10,8,0.0,0.0,0.0,0.0,0.0,0.0,0.0,0.0,1.0
10,8,0.0,0.0,0.0,0.0,0.0,0.0,0.0,0.0,1.0
10,8,0.0,0.0,0.0,0.0,0.0,0.0,0.0,0.0,1.0
10,8,0.0,0.0,0.0,0.0,0.0,0.0,0.0,0.0,1.0
10,8,0.0,0.0,0.0,0.0,0.0,0.0,0.0,0.0,1.0
10,8,0.0,0.0,0.0,0.0,0.0,0.0,0.0,0.0,1.0
10,8,0.0,0.0,0.0,0.0,0.0,0.0,0.0,0.0,1.0
10,8,0.0,0.0,0.0,0.0,0.0,0.0,0.0,0.0,1.0
10,8,0.0,0.0,0.0,0.0,0.0,0.0,0.0,0.0,1.0
10,8,0.0,0.0,0.0,0.0,0.0,0.0,0.0,0.0,1.0
10,8,0.0,0.0,0.0,0.0,0.0,0.0,0.0,0.0,1.0
10,8,0.0,0.0,0.0,0.0,0.0,0.0,0.0,0.0,1.0
10,8,0.0,0.0,0.0,0.0,0.0,0.0,0.0,0.0,1.0
10,8,0.0,0.0,0.0,0.0,0.0,0.0,0.0,0.0,1.0
10,8,0.0,0.0,0.0,0.0,0.0,0.0,0.0,0.0,1.0
10,8,0.0,0.0,0.0,0.0,0.0,0.0,0.0,0.0,1.0
10,8,0.0,0.0,0.0,0.0,0.0,0.0,0.0,0.0,1.0
10,8,0.0,0.0,0.0,0.0,0.0,0.0,0.0,0.0,1.0
10,8,0.0,0.0,0.0,0.0,0.0,0.0,0.0,0.0,1.0
10,8,0.0,0.0,0.0,0.0,0.0,0.0,0.0,0.0,1.0
10,8,0.0,0.0,0.0,0.0,0.0,0.0,0.0,0.0,1.0
10,8,0.0,0.0,0.0,0.0,0.0,0.0,0.0,0.0,1.0
10,8,0.0,0.0,0.0,0.0,0.0,0.0,0.0,0.0,1.0
10,8,0.0,0.0,0.0,0.0,0.0,0.0,0.0,0.0,1.0
10,8,0.0,0.0,0.0,0.0,0.0,0.0,0.0,0.0,1.0
10,8,0.0,0.0,0.0,0.0,0.0,0.0,0.0,0.0,1.0
10,8,0.0,0.0,0.0,0.0,0.0,0.0,0.0,0.0,1.0
10,8,0.0,0.0,0.0,0.0,0.0,0.0,0.0,0.0,1.0
10,8,0.0,0.0,0.0,0.0,0.0,0.0,0.0,0.0,1.0
10,8,0.0,0.0,0.0,0.0,0.0,0.0,0.0,0.0,1.0
10,8,0.0,0.0,0.0,0.0,0.0,0.0,0.0,0.0,1.0
10,8,0.0,0.0,0.0,0.0,0.0,0.0,0.0,0.0,1.0
10,8,0.0,0.0,0.0,0.0,0.0,0.0,0.0,0.0,1.0
10,8,0.0,0.0,0.0,0.0,0.0,0.0,0.0,0.0,1.0
10,8,0.0,0.0,0.0,0.0,0.0,0.0,0.0,0.0,1.0
10,8,0.0,0.0,0.0,0.0,0.0,0.0,0.0,0.0,1.0
10,8,0.0,0.0,0.0,0.0,0.0,0.0,0.0,0.0,1.0
10,8,0.0,0.0,0.0,0.0,0.0,0.0,0.0,0.0,1.0
10,8,0.0,0.0,0.0,0.0,0.0,0.0,0.0,0.0,1.0
10,8,0.0,0.0,0.0,0.0,0.0,0.0,0.0,0.0,1.0
10,8,0.0,0.0,0.0,0.0,0.0,0.0,0.0,0.0,1.0
10,8,0.0,0.0,0.0,0.0,0.0,0.0,0.0,0.0,1.0
10,8,0.0,0.0,0.0,0.0,0.0,0.0,0.0,0.0,1.0
10,8,0.0,0.0,0.0,0.0,0.0,0.0,0.0,0.0,1.0
10,8,0.0,0.0,0.0,0.0,0.0,0.0,0.0,0.0,1.0
10,8,0.0,0.0,0.0,0.0,0.0,0.0,0.0,0.0,1.0
10,8,0.0,0.0,0.0,0.0,0.0,0.0,0.0,0.0,1.0
10,8,0.0,0.0,0.0,0.0,0.0,0.0,0.0,0.0,1.0
10,8,0.0,0.0,0.0,0.0,0.0,0.0,0.0,0.0,1.0
10,8,0.0,0.0,0.0,0.0,0.0,0.0,0.0,0.0,1.0
10,8,0.0,0.0,0.0,0.0,0.0,0.0,0.0,0.0,1.0
10,8,0.0,0.0,0.0,0.0,0.0,0.0,0.0,0.0,1.0
10,8,0.0,0.0,0.0,0.0,0.0,0.0,0.0,0.0,1.0
10,8,0.0,0.0,0.0,0.0,0.0,0.0,0.0,0.0,1.0
10,8,0.0,0.0,0.0,0.0,0.0,0.0,0.0,0.0,1.0
10,8,0.0,0.0,0.0,0.0,0.0,0.0,0.0,0.0,1.0
10,8,0.0,0.0,0.0,0.0,0.0,0.0,0.0,0.0,1.0
10,8,0.0,0.0,0.0,0.0,0.0,0.0,0.0,0.0,1.0
10,8,0.0,0.0,0.0,0.0,0.0,0.0,0.0,0.0,1.0
10,8,0.0,0.0,0.0,0.0,0.0,0.0,0.0,0.0,1.0
10,8,0.0,0.0,0.0,0.0,0.0,0.0,0.0,0.0,1.0
10,8,0.0,0.0,0.0,0.0,0.0,0.0,0.0,0.0,1.0
10,8,0.0,0.0,0.0,0.0,0.0,0.0,0.0,0.0,1.0
10,8,0.0,0.0,0.0,0.0,0.0,0.0,0.0,0.0,1.0
10,8,0.0,0.0,0.0,0.0,0.0,0.0,0.0,0.0,1.0
10,8,0.0,0.0,0.0,0.0,0.0,0.0,0.0,0.0,1.0
10,8,0.0,0.0,0.0,0.0,0.0,0.0,0.0,0.0,1.0
10,8,0.0,0.0,0.0,0.0,0.0,0.0,0.0,0.0,1.0
10,8,0.0,0.0,0.0,0.0,0.0,0.0,0.0,0.0,1.0
10,8,0.0,0.0,0.0,0.0,0.0,0.0,0.0,0.0,1.0
10,8,0.0,0.0,0.0,0.0,0.0,0.0,0.0,0.0,1.0
10,8,0.0,0.0,0.0,0.0,0.0,0.0,0.0,0.0,1.0
10,8,0.0,0.0,0.0,0.0,0.0,0.0,0.0,0.0,1.0
10,8,0.0,0.0,0.0,0.0,0.0,0.0,0.0,0.0,1.0
10,8,0.0,0.0,0.0,0.0,0.0,0.0,0.0,0.0,1.0
10,8,0.0,0.0,0.0,0.0,0.0,0.0,0.0,0.0,1.0
10,8,0.0,0.0,0.0,0.0,0.0,0.0,0.0,0.0,1.0
10,8,0.0,0.0,0.0,0.0,0.0,0.0,0.0,0.0,1.0
10,8,0.0,0.0,0.0,0.0,0.0,0.0,0.0,0.0,1.0
10,8,0.0,0.0,0.0,0.0,0.0,0.0,0.0,0.0,1.0
10,8,0.0,0.0,0.0,0.0,0.0,0.0,0.0,0.0,1.0
10,8,0.0,0.0,0.0,0.0,0.0,0.0,0.0,0.0,1.0
10,8,0.0,0.0,0.0,0.0,0.0,0.0,0.0,0.0,1.0
10,8,0.0,0.0,0.0,0.0,0.0,0.0,0.0,0.0,1.0
10,8,0.0,0.0,0.0,0.0,0.0,0.0,0.0,0.0,1.0
10,8,0.0,0.0,0.0,0.0,0.0,0.0,0.0,0.0,1.0
10,8,0.0,0.0,0.0,0.0,0.0,0.0,0.0,0.0,1.0
10,8,0.0,0.0,0.0,0.0,0.0,0.0,0.0,0.0,1.0
10,8,0.0,0.0,0.0,0.0,0.0,0.0,0.0,0.0,1.0
10,8,0.0,0.0,0.0,0.0,0.0,0.0,0.0,0.0,1.0
10,8,0.0,0.0,0.0,0.0,0.0,0.0,0.0,0.0,1.0
10,8,0.0,0.0,0.0,0.0,0.0,0.0,0.0,0.0,1.0
10,8,0.0,0.0,0.0,0.0,0.0,0.0,0.0,0.0,1.0
10,8,0.0,0.0,0.0,0.0,0.0,0.0,0.0,0.0,1.0
10,8,0.0,0.0,0.0,0.0,0.0,0.0,0.0,0.0,1.0
10,8,0.0,0.0,0.0,0.0,0.0,0.0,0.0,0.0,1.0
10,8,0.0,0.0,0.0,0.0,0.0,0.0,0.0,0.0,1.0
10,8,0.0,0.0,0.0,0.0,0.0,0.0,0.0,0.0,1.0
10,8,0.0,0.0,0.0,0.0,0.0,0.0,0.0,0.0,1.0
10,8,0.0,0.0,0.0,0.0,0.0,0.0,0.0,0.0,1.0
10,8,0.0,0.0,0.0,0.0,0.0,0.0,0.0,0.0,1.0
10,8,0.0,0.0,0.0,0.0,0.0,0.0,0.0,0.0,1.0
10,8,0.0,0.0,0.0,0.0,0.0,0.0,0.0,0.0,1.0
10,8,0.0,0.0,0.0,0.0,0.0,0.0,0.0,0.0,1.0
10,8,0.0,0.0,0.0,0.0,0.0,0.0,0.0,0.0,1.0
10,8,0.0,0.0,0.0,0.0,0.0,0.0,0.0,0.0,1.0
10,8,0.0,0.0,0.0,0.0,0.0,0.0,0.0,0.0,1.0
10,8,0.0,0.0,0.0,0.0,0.0,0.0,0.0,0.0,1.0
10,8,0.0,0.0,0.0,0.0,0.0,0.0,0.0,0.0,1.0
10,8,0.0,0.0,0.0,0.0,0.0,0.0,0.0,0.0,1.0
10,8,0.0,0.0,0.0,0.0,0.0,0.0,0.0,0.0,1.0
10,8,0.0,0.0,0.0,0.0,0.0,0.0,0.0,0.0,1.0
10,8,0.0,0.0,0.0,0.0,0.0,0.0,0.0,0.0,1.0
10,8,0.0,0.0,0.0,0.0,0.0,0.0,0.0,0.0,1.0
10,8,0.0,0.0,0.0,0.0,0.0,0.0,0.0,0.0,1.0
10,8,0.0,0.0,0.0,0.0,0.0,0.0,0.0,0.0,1.0
10,8,0.0,0.0,0.0,0.0,0.0,0.0,0.0,0.0,1.0
10,8,0.0,0.0,0.0,0.0,0.0,0.0,0.0,0.0,1.0
10,8,0.0,0.0,0.0,0.0,0.0,0.0,0.0,0.0,1.0
10,8,0.0,0.0,0.0,0.0,0.0,0.0,0.0,0.0,1.0
10,8,0.0,0.0,0.0,0.0,0.0,0.0,0.0,0.0,1.0
10,8,0.0,0.0,0.0,0.0,0.0,0.0,0.0,0.0,1.0
10,8,0.0,0.0,0.0,0.0,0.0,0.0,0.0,0.0,1.0
10,8,0.0,0.0,0.0,0.0,0.0,0.0,0.0,0.0,1.0
10,8,0.0,0.0,0.0,0.0,0.0,0.0,0.0,0.0,1.0
10,8,0.0,0.0,0.0,0.0,0.0,0.0,0.0,0.0,1.0
10,8,0.0,0.0,0.0,0.0,0.0,0.0,0.0,0.0,1.0
10,8,0.0,0.0,0.0,0.0,0.0,0.0,0.0,0.0,1.0
10,8,0.0,0.0,0.0,0.0,0.0,0.0,0.0,0.0,1.0
10,8,0.0,0.0,0.0,0.0,0.0,0.0,0.0,0.0,1.0
10,8,0.0,0.0,0.0,0.0,0.0,0.0,0.0,0.0,1.0
10,8,0.0,0.0,0.0,0.0,0.0,0.0,0.0,0.0,1.0
10,8,0.0,0.0,0.0,0.0,0.0,0.0,0.0,0.0,1.0
10,8,0.0,0.0,0.0,0.0,0.0,0.0,0.0,0.0,1.0
10,8,0.0,0.0,0.0,0.0,0.0,0.0,0.0,0.0,1.0
10,8,0.0,0.0,0.0,0.0,0.0,0.0,0.0,0.0,1.0
10,8,0.0,0.0,0.0,0.0,0.0,0.0,0.0,0.0,1.0
10,8,0.0,0.0,0.0,0.0,0.0,0.0,0.0,0.0,1.0
10,8,0.0,0.0,0.0,0.0,0.0,0.0,0.0,0.0,1.0
10,8,0.0,0.0,0.0,0.0,0.0,0.0,0.0,0.0,1.0
10,8,0.0,0.0,0.0,0.0,0.0,0.0,0.0,0.0,1.0
10,8,0.0,0.0,0.0,0.0,0.0,0.0,0.0,0.0,1.0
10,8,0.0,0.0,0.0,0.0,0.0,0.0,0.0,0.0,1.0
10,8,0.0,0.0,0.0,0.0,0.0,0.0,0.0,0.0,1.0
10,8,0.0,0.0,0.0,0.0,0.0,0.0,0.0,0.0,1.0
10,8,0.0,0.0,0.0,0.0,0.0,0.0,0.0,0.0,1.0
10,8,0.0,0.0,0.0,0.0,0.0,0.0,0.0,0.0,1.0
10,8,0.0,0.0,0.0,0.0,0.0,0.0,0.0,0.0,1.0
10,8,0.0,0.0,0.0,0.0,0.0,0.0,0.0,0.0,1.0
10,8,0.0,0.0,0.0,0.0,0.0,0.0,0.0,0.0,1.0
10,8,0.0,0.0,0.0,0.0,0.0,0.0,0.0,0.0,1.0
10,8,0.0,0.0,0.0,0.0,0.0,0.0,0.0,0.0,1.0
10,8,0.0,0.0,0.0,0.0,0.0,0.0,0.0,0.0,1.0
10,8,0.0,0.0,0.0,0.0,0.0,0.0,0.0,0.0,1.0
10,8,0.0,0.0,0.0,0.0,0.0,0.0,0.0,0.0,1.0
10,8,0.0,0.0,0.0,0.0,0.0,0.0,0.0,0.0,1.0
10,8,0.0,0.0,0.0,0.0,0.0,0.0,0.0,0.0,1.0
10,8,0.0,0.0,0.0,0.0,0.0,0.0,0.0,0.0,1.0
10,8,0.0,0.0,0.0,0.0,0.0,0.0,0.0,0.0,1.0
10,8,0.0,0.0,0.0,0.0,0.0,0.0,0.0,0.0,1.0
10,8,0.0,0.0,0.0,0.0,0.0,0.0,0.0,0.0,1.0
10,8,0.0,0.0,0.0,0.0,0.0,0.0,0.0,0.0,1.0
10,8,0.0,0.0,0.0,0.0,0.0,0.0,0.0,0.0,1.0
10,8,0.0,0.0,0.0,0.0,0.0,0.0,0.0,0.0,1.0
10,8,0.0,0.0,0.0,0.0,0.0,0.0,0.0,0.0,1.0
10,8,0.0,0.0,0.0,0.0,0.0,0.0,0.0,0.0,1.0
10,8,0.0,0.0,0.0,0.0,0.0,0.0,0.0,0.0,1.0
10,8,0.0,0.0,0.0,0.0,0.0,0.0,0.0,0.0,1.0
10,8,0.0,0.0,0.0,0.0,0.0,0.0,0.0,0.0,1.0
10,8,0.0,0.0,0.0,0.0,0.0,0.0,0.0,0.0,1.0
10,8,0.0,0.0,0.0,0.0,0.0,0.0,0.0,0.0,1.0
10,8,0.0,0.0,0.0,0.0,0.0,0.0,0.0,0.0,1.0
10,8,0.0,0.0,0.0,0.0,0.0,0.0,0.0,0.0,1.0
10,8,0.0,0.0,0.0,0.0,0.0,0.0,0.0,0.0,1.0
10,8,0.0,0.0,0.0,0.0,0.0,0.0,0.0,0.0,1.0
10,8,0.0,0.0,0.0,0.0,0.0,0.0,0.0,0.0,1.0
10,8,0.0,0.0,0.0,0.0,0.0,0.0,0.0,0.0,1.0
10,8,0.0,0.0,0.0,0.0,0.0,0.0,0.0,0.0,1.0
10,8,0.0,0.0,0.0,0.0,0.0,0.0,0.0,0.0,1.0
10,8,0.0,0.0,0.0,0.0,0.0,0.0,0.0,0.0,1.0
10,8,0.0,0.0,0.0,0.0,0.0,0.0,0.0,0.0,1.0
10,8,0.0,0.0,0.0,0.0,0.0,0.0,0.0,0.0,1.0
10,8,0.0,0.0,0.0,0.0,0.0,0.0,0.0,0.0,1.0
10,8,0.0,0.0,0.0,0.0,0.0,0.0,0.0,0.0,1.0
10,8,0.0,0.0,0.0,0.0,0.0,0.0,0.0,0.0,1.0
10,8,0.0,0.0,0.0,0.0,0.0,0.0,0.0,0.0,1.0
10,8,0.0,0.0,0.0,0.0,0.0,0.0,0.0,0.0,1.0
10,8,0.0,0.0,0.0,0.0,0.0,0.0,0.0,0.0,1.0
10,8,0.0,0.0,0.0,0.0,0.0,0.0,0.0,0.0,1.0
10,8,0.0,0.0,0.0,0.0,0.0,0.0,0.0,0.0,1.0
10,8,0.0,0.0,0.0,0.0,0.0,0.0,0.0,0.0,1.0
10,8,0.0,0.0,0.0,0.0,0.0,0.0,0.0,0.0,1.0
10,8,0.0,0.0,0.0,0.0,0.0,0.0,0.0,0.0,1.0
10,8,0.0,0.0,0.0,0.0,0.0,0.0,0.0,0.0,1.0
10,8,0.0,0.0,0.0,0.0,0.0,0.0,0.0,0.0,1.0
10,8,0.0,0.0,0.0,0.0,0.0,0.0,0.0,0.0,1.0
10,8,0.0,0.0,0.0,0.0,0.0,0.0,0.0,0.0,1.0
10,8,0.0,0.0,0.0,0.0,0.0,0.0,0.0,0.0,1.0
10,8,0.0,0.0,0.0,0.0,0.0,0.0,0.0,0.0,1.0
10,8,0.0,0.0,0.0,0.0,0.0,0.0,0.0,0.0,1.0
10,8,0.0,0.0,0.0,0.0,0.0,0.0,0.0,0.0,1.0
10,8,0.0,0.0,0.0,0.0,0.0,0.0,0.0,0.0,1.0
10,8,0.0,0.0,0.0,0.0,0.0,0.0,0.0,0.0,1.0
10,8,0.0,0.0,0.0,0.0,0.0,0.0,0.0,0.0,1.0
10,8,0.0,0.0,0.0,0.0,0.0,0.0,0.0,0.0,1.0
10,8,0.0,0.0,0.0,0.0,0.0,0.0,0.0,0.0,1.0
10,8,0.0,0.0,0.0,0.0,0.0,0.0,0.0,0.0,1.0
10,8,0.0,0.0,0.0,0.0,0.0,0.0,0.0,0.0,1.0
10,8,0.0,0.0,0.0,0.0,0.0,0.0,0.0,0.0,1.0
10,8,0.0,0.0,0.0,0.0,0.0,0.0,0.0,0.0,1.0
10,8,0.0,0.0,0.0,0.0,0.0,0.0,0.0,0.0,1.0
10,8,0.0,0.0,0.0,0.0,0.0,0.0,0.0,0.0,1.0
10,8,0.0,0.0,0.0,0.0,0.0,0.0,0.0,0.0,1.0
10,8,0.0,0.0,0.0,0.0,0.0,0.0,0.0,0.0,1.0
10,8,0.0,0.0,0.0,0.0,0.0,0.0,0.0,0.0,1.0
10,8,0.0,0.0,0.0,0.0,0.0,0.0,0.0,0.0,1.0
10,8,0.0,0.0,0.0,0.0,0.0,0.0,0.0,0.0,1.0
10,8,0.0,0.0,0.0,0.0,0.0,0.0,0.0,0.0,1.0
10,8,0.0,0.0,0.0,0.0,0.0,0.0,0.0,0.0,1.0
10,8,0.0,0.0,0.0,0.0,0.0,0.0,0.0,0.0,1.0
10,8,0.0,0.0,0.0,0.0,0.0,0.0,0.0,0.0,1.0
10,8,0.0,0.0,0.0,0.0,0.0,0.0,0.0,0.0,1.0
10,8,0.0,0.0,0.0,0.0,0.0,0.0,0.0,0.0,1.0
10,8,0.0,0.0,0.0,0.0,0.0,0.0,0.0,0.0,1.0
10,8,0.0,0.0,0.0,0.0,0.0,0.0,0.0,0.0,1.0
10,8,0.0,0.0,0.0,0.0,0.0,0.0,0.0,0.0,1.0
10,8,0.0,0.0,0.0,0.0,0.0,0.0,0.0,0.0,1.0
10,8,0.0,0.0,0.0,0.0,0.0,0.0,0.0,0.0,1.0
10,8,0.0,0.0,0.0,0.0,0.0,0.0,0.0,0.0,1.0
10,8,0.0,0.0,0.0,0.0,0.0,0.0,0.0,0.0,1.0
10,8,0.0,0.0,0.0,0.0,0.0,0.0,0.0,0.0,1.0
10,8,0.0,0.0,0.0,0.0,0.0,0.0,0.0,0.0,1.0
10,8,0.0,0.0,0.0,0.0,0.0,0.0,0.0,0.0,1.0
10,8,0.0,0.0,0.0,0.0,0.0,0.0,0.0,0.0,1.0
10,8,0.0,0.0,0.0,0.0,0.0,0.0,0.0,0.0,1.0
10,8,0.0,0.0,0.0,0.0,0.0,0.0,0.0,0.0,1.0
10,8,0.0,0.0,0.0,0.0,0.0,0.0,0.0,0.0,1.0
10,8,0.0,0.0,0.0,0.0,0.0,0.0,0.0,0.0,1.0
10,8,0.0,0.0,0.0,0.0,0.0,0.0,0.0,0.0,1.0
10,8,0.0,0.0,0.0,0.0,0.0,0.0,0.0,0.0,1.0
10,8,0.0,0.0,0.0,0.0,0.0,0.0,0.0,0.0,1.0
10,8,0.0,0.0,0.0,0.0,0.0,0.0,0.0,0.0,1.0
10,8,0.0,0.0,0.0,0.0,0.0,0.0,0.0,0.0,1.0
10,8,0.0,0.0,0.0,0.0,0.0,0.0,0.0,0.0,1.0
10,8,0.0,0.0,0.0,0.0,0.0,0.0,0.0,0.0,1.0
10,8,0.0,0.0,0.0,0.0,0.0,0.0,0.0,0.0,1.0
10,8,0.0,0.0,0.0,0.0,0.0,0.0,0.0,0.0,1.0
10,8,0.0,0.0,0.0,0.0,0.0,0.0,0.0,0.0,1.0
10,8,0.0,0.0,0.0,0.0,0.0,0.0,0.0,0.0,1.0
10,8,0.0,0.0,0.0,0.0,0.0,0.0,0.0,0.0,1.0
10,8,0.0,0.0,0.0,0.0,0.0,0.0,0.0,0.0,1.0
10,8,0.0,0.0,0.0,0.0,0.0,0.0,0.0,0.0,1.0
10,8,0.0,0.0,0.0,0.0,0.0,0.0,0.0,0.0,1.0
10,8,0.0,0.0,0.0,0.0,0.0,0.0,0.0,0.0,1.0
10,8,0.0,0.0,0.0,0.0,0.0,0.0,0.0,0.0,1.0
10,8,0.0,0.0,0.0,0.0,0.0,0.0,0.0,0.0,1.0
10,8,0.0,0.0,0.0,0.0,0.0,0.0,0.0,0.0,1.0
10,8,0.0,0.0,0.0,0.0,0.0,0.0,0.0,0.0,1.0
10,8,0.0,0.0,0.0,0.0,0.0,0.0,0.0,0.0,1.0
10,8,0.0,0.0,0.0,0.0,0.0,0.0,0.0,0.0,1.0
10,8,0.0,0.0,0.0,0.0,0.0,0.0,0.0,0.0,1.0
10,8,0.0,0.0,0.0,0.0,0.0,0.0,0.0,0.0,1.0
10,8,0.0,0.0,0.0,0.0,0.0,0.0,0.0,0.0,1.0
10,8,0.0,0.0,0.0,0.0,0.0,0.0,0.0,0.0,1.0
10,8,0.0,0.0,0.0,0.0,0.0,0.0,0.0,0.0,1.0
10,8,0.0,0.0,0.0,0.0,0.0,0.0,0.0,0.0,1.0
10,8,0.0,0.0,0.0,0.0,0.0,0.0,0.0,0.0,1.0
10,8,0.0,0.0,0.0,0.0,0.0,0.0,0.0,0.0,1.0
10,8,0.0,0.0,0.0,0.0,0.0,0.0,0.0,0.0,1.0
10,8,0.0,0.0,0.0,0.0,0.0,0.0,0.0,0.0,1.0
10,8,0.0,0.0,0.0,0.0,0.0,0.0,0.0,0.0,1.0
10,8,0.0,0.0,0.0,0.0,0.0,0.0,0.0,0.0,1.0
10,8,0.0,0.0,0.0,0.0,0.0,0.0,0.0,0.0,1.0
10,8,0.0,0.0,0.0,0.0,0.0,0.0,0.0,0.0,1.0
10,8,0.0,0.0,0.0,0.0,0.0,0.0,0.0,0.0,1.0
10,8,0.0,0.0,0.0,0.0,0.0,0.0,0.0,0.0,1.0
10,8,0.0,0.0,0.0,0.0,0.0,0.0,0.0,0.0,1.0
10,8,0.0,0.0,0.0,0.0,0.0,0.0,0.0,0.0,1.0
10,8,0.0,0.0,0.0,0.0,0.0,0.0,0.0,0.0,1.0
10,8,0.0,0.0,0.0,0.0,0.0,0.0,0.0,0.0,1.0
10,8,0.0,0.0,0.0,0.0,0.0,0.0,0.0,0.0,1.0
10,8,0.0,0.0,0.0,0.0,0.0,0.0,0.0,0.0,1.0
10,8,0.0,0.0,0.0,0.0,0.0,0.0,0.0,0.0,1.0
10,8,0.0,0.0,0.0,0.0,0.0,0.0,0.0,0.0,1.0
10,8,0.0,0.0,0.0,0.0,0.0,0.0,0.0,0.0,1.0
10,8,0.0,0.0,0.0,0.0,0.0,0.0,0.0,0.0,1.0
10,8,0.0,0.0,0.0,0.0,0.0,0.0,0.0,0.0,1.0
10,8,0.0,0.0,0.0,0.0,0.0,0.0,0.0,0.0,1.0
10,8,0.0,0.0,0.0,0.0,0.0,0.0,0.0,0.0,1.0
10,8,0.0,0.0,0.0,0.0,0.0,0.0,0.0,0.0,1.0
10,8,0.0,0.0,0.0,0.0,0.0,0.0,0.0,0.0,1.0
10,8,0.0,0.0,0.0,0.0,0.0,0.0,0.0,0.0,1.0
10,8,0.0,0.0,0.0,0.0,0.0,0.0,0.0,0.0,1.0
10,8,0.0,0.0,0.0,0.0,0.0,0.0,0.0,0.0,1.0
10,8,0.0,0.0,0.0,0.0,0.0,0.0,0.0,0.0,1.0
10,8,0.0,0.0,0.0,0.0,0.0,0.0,0.0,0.0,1.0
10,8,0.0,0.0,0.0,0.0,0.0,0.0,0.0,0.0,1.0
10,8,0.0,0.0,0.0,0.0,0.0,0.0,0.0,0.0,1.0
10,8,0.0,0.0,0.0,0.0,0.0,0.0,0.0,0.0,1.0
10,8,0.0,0.0,0.0,0.0,0.0,0.0,0.0,0.0,1.0
10,8,0.0,0.0,0.0,0.0,0.0,0.0,0.0,0.0,1.0
10,8,0.0,0.0,0.0,0.0,0.0,0.0,0.0,0.0,1.0
10,8,0.0,0.0,0.0,0.0,0.0,0.0,0.0,0.0,1.0
10,8,0.0,0.0,0.0,0.0,0.0,0.0,0.0,0.0,1.0
10,8,0.0,0.0,0.0,0.0,0.0,0.0,0.0,0.0,1.0
10,8,0.0,0.0,0.0,0.0,0.0,0.0,0.0,0.0,1.0
10,8,0.0,0.0,0.0,0.0,0.0,0.0,0.0,0.0,1.0
10,8,0.0,0.0,0.0,0.0,0.0,0.0,0.0,0.0,1.0
10,8,0.0,0.0,0.0,0.0,0.0,0.0,0.0,0.0,1.0
10,8,0.0,0.0,0.0,0.0,0.0,0.0,0.0,0.0,1.0
10,8,0.0,0.0,0.0,0.0,0.0,0.0,0.0,0.0,1.0
10,8,0.0,0.0,0.0,0.0,0.0,0.0,0.0,0.0,1.0
10,8,0.0,0.0,0.0,0.0,0.0,0.0,0.0,0.0,1.0
10,8,0.0,0.0,0.0,0.0,0.0,0.0,0.0,0.0,1.0
10,8,0.0,0.0,0.0,0.0,0.0,0.0,0.0,0.0,1.0
10,8,0.0,0.0,0.0,0.0,0.0,0.0,0.0,0.0,1.0
10,8,0.0,0.0,0.0,0.0,0.0,0.0,0.0,0.0,1.0
10,8,0.0,0.0,0.0,0.0,0.0,0.0,0.0,0.0,1.0
10,8,0.0,0.0,0.0,0.0,0.0,0.0,0.0,0.0,1.0
10,8,0.0,0.0,0.0,0.0,0.0,0.0,0.0,0.0,1.0
10,8,0.0,0.0,0.0,0.0,0.0,0.0,0.0,0.0,1.0
10,8,0.0,0.0,0.0,0.0,0.0,0.0,0.0,0.0,1.0
10,8,0.0,0.0,0.0,0.0,0.0,0.0,0.0,0.0,1.0
10,8,0.0,0.0,0.0,0.0,0.0,0.0,0.0,0.0,1.0
10,8,0.0,0.0,0.0,0.0,0.0,0.0,0.0,0.0,1.0
10,8,0.0,0.0,0.0,0.0,0.0,0.0,0.0,0.0,1.0
10,8,0.0,0.0,0.0,0.0,0.0,0.0,0.0,0.0,1.0
10,8,0.0,0.0,0.0,0.0,0.0,0.0,0.0,0.0,1.0
10,8,0.0,0.0,0.0,0.0,0.0,0.0,0.0,0.0,1.0
10,8,0.0,0.0,0.0,0.0,0.0,0.0,0.0,0.0,1.0
10,8,0.0,0.0,0.0,0.0,0.0,0.0,0.0,0.0,1.0
10,8,0.0,0.0,0.0,0.0,0.0,0.0,0.0,0.0,1.0
10,8,0.0,0.0,0.0,0.0,0.0,0.0,0.0,0.0,1.0
10,8,0.0,0.0,0.0,0.0,0.0,0.0,0.0,0.0,1.0
10,8,0.0,0.0,0.0,0.0,0.0,0.0,0.0,0.0,1.0
10,8,0.0,0.0,0.0,0.0,0.0,0.0,0.0,0.0,1.0
10,8,0.0,0.0,0.0,0.0,0.0,0.0,0.0,0.0,1.0
10,8,0.0,0.0,0.0,0.0,0.0,0.0,0.0,0.0,1.0
10,8,0.0,0.0,0.0,0.0,0.0,0.0,0.0,0.0,1.0
10,8,0.0,0.0,0.0,0.0,0.0,0.0,0.0,0.0,1.0
10,8,0.0,0.0,0.0,0.0,0.0,0.0,0.0,0.0,1.0
10,8,0.0,0.0,0.0,0.0,0.0,0.0,0.0,0.0,1.0
10,8,0.0,0.0,0.0,0.0,0.0,0.0,0.0,0.0,1.0
10,8,0.0,0.0,0.0,0.0,0.0,0.0,0.0,0.0,1.0
10,8,0.0,0.0,0.0,0.0,0.0,0.0,0.0,0.0,1.0
10,8,0.0,0.0,0.0,0.0,0.0,0.0,0.0,0.0,1.0
10,8,0.0,0.0,0.0,0.0,0.0,0.0,0.0,0.0,1.0
10,8,0.0,0.0,0.0,0.0,0.0,0.0,0.0,0.0,1.0
10,8,0.0,0.0,0.0,0.0,0.0,0.0,0.0,0.0,1.0
10,8,0.0,0.0,0.0,0.0,0.0,0.0,0.0,0.0,1.0
10,8,0.0,0.0,0.0,0.0,0.0,0.0,0.0,0.0,1.0
10,8,0.0,0.0,0.0,0.0,0.0,0.0,0.0,0.0,1.0
10,8,0.0,0.0,0.0,0.0,0.0,0.0,0.0,0.0,1.0
10,8,0.0,0.0,0.0,0.0,0.0,0.0,0.0,0.0,1.0
10,8,0.0,0.0,0.0,0.0,0.0,0.0,0.0,0.0,1.0
10,8,0.0,0.0,0.0,0.0,0.0,0.0,0.0,0.0,1.0
10,8,0.0,0.0,0.0,0.0,0.0,0.0,0.0,0.0,1.0
10,8,0.0,0.0,0.0,0.0,0.0,0.0,0.0,0.0,1.0
10,8,0.0,0.0,0.0,0.0,0.0,0.0,0.0,0.0,1.0
10,8,0.0,0.0,0.0,0.0,0.0,0.0,0.0,0.0,1.0
10,8,0.0,0.0,0.0,0.0,0.0,0.0,0.0,0.0,1.0
10,8,0.0,0.0,0.0,0.0,0.0,0.0,0.0,0.0,1.0
10,8,0.0,0.0,0.0,0.0,0.0,0.0,0.0,0.0,1.0
10,8,0.0,0.0,0.0,0.0,0.0,0.0,0.0,0.0,1.0
10,8,0.0,0.0,0.0,0.0,0.0,0.0,0.0,0.0,1.0
10,8,0.0,0.0,0.0,0.0,0.0,0.0,0.0,0.0,1.0
10,8,0.0,0.0,0.0,0.0,0.0,0.0,0.0,0.0,1.0
10,8,0.0,0.0,0.0,0.0,0.0,0.0,0.0,0.0,1.0
10,8,0.0,0.0,0.0,0.0,0.0,0.0,0.0,0.0,1.0
10,8,0.0,0.0,0.0,0.0,0.0,0.0,0.0,0.0,1.0
10,8,0.0,0.0,0.0,0.0,0.0,0.0,0.0,0.0,1.0
10,8,0.0,0.0,0.0,0.0,0.0,0.0,0.0,0.0,1.0
10,8,0.0,0.0,0.0,0.0,0.0,0.0,0.0,0.0,1.0
10,8,0.0,0.0,0.0,0.0,0.0,0.0,0.0,0.0,1.0
10,8,0.0,0.0,0.0,0.0,0.0,0.0,0.0,0.0,1.0
10,8,0.0,0.0,0.0,0.0,0.0,0.0,0.0,0.0,1.0
10,8,0.0,0.0,0.0,0.0,0.0,0.0,0.0,0.0,1.0
10,8,0.0,0.0,0.0,0.0,0.0,0.0,0.0,0.0,1.0
10,8,0.0,0.0,0.0,0.0,0.0,0.0,0.0,0.0,1.0
10,8,0.0,0.0,0.0,0.0,0.0,0.0,0.0,0.0,1.0
10,8,0.0,0.0,0.0,0.0,0.0,0.0,0.0,0.0,1.0
10,8,0.0,0.0,0.0,0.0,0.0,0.0,0.0,0.0,1.0
10,8,0.0,0.0,0.0,0.0,0.0,0.0,0.0,0.0,1.0
10,8,0.0,0.0,0.0,0.0,0.0,0.0,0.0,0.0,1.0
10,8,0.0,0.0,0.0,0.0,0.0,0.0,0.0,0.0,1.0
10,8,0.0,0.0,0.0,0.0,0.0,0.0,0.0,0.0,1.0
10,8,0.0,0.0,0.0,0.0,0.0,0.0,0.0,0.0,1.0
10,8,0.0,0.0,0.0,0.0,0.0,0.0,0.0,0.0,1.0
10,8,0.0,0.0,0.0,0.0,0.0,0.0,0.0,0.0,1.0
10,8,0.0,0.0,0.0,0.0,0.0,0.0,0.0,0.0,1.0
10,8,0.0,0.0,0.0,0.0,0.0,0.0,0.0,0.0,1.0
10,8,0.0,0.0,0.0,0.0,0.0,0.0,0.0,0.0,1.0
10,8,0.0,0.0,0.0,0.0,0.0,0.0,0.0,0.0,1.0
10,8,0.0,0.0,0.0,0.0,0.0,0.0,0.0,0.0,1.0
10,8,0.0,0.0,0.0,0.0,0.0,0.0,0.0,0.0,1.0
10,8,0.0,0.0,0.0,0.0,0.0,0.0,0.0,0.0,1.0
10,8,0.0,0.0,0.0,0.0,0.0,0.0,0.0,0.0,1.0
10,8,0.0,0.0,0.0,0.0,0.0,0.0,0.0,0.0,1.0
10,8,0.0,0.0,0.0,0.0,0.0,0.0,0.0,0.0,1.0
10,8,0.0,0.0,0.0,0.0,0.0,0.0,0.0,0.0,1.0
10,8,0.0,0.0,0.0,0.0,0.0,0.0,0.0,0.0,1.0
10,8,0.0,0.0,0.0,0.0,0.0,0.0,0.0,0.0,1.0
10,8,0.0,0.0,0.0,0.0,0.0,0.0,0.0,0.0,1.0
10,8,0.0,0.0,0.0,0.0,0.0,0.0,0.0,0.0,1.0
10,8,0.0,0.0,0.0,0.0,0.0,0.0,0.0,0.0,1.0
10,8,0.0,0.0,0.0,0.0,0.0,0.0,0.0,0.0,1.0
10,8,0.0,0.0,0.0,0.0,0.0,0.0,0.0,0.0,1.0
10,8,0.0,0.0,0.0,0.0,0.0,0.0,0.0,0.0,1.0
10,8,0.0,0.0,0.0,0.0,0.0,0.0,0.0,0.0,1.0
10,8,0.0,0.0,0.0,0.0,0.0,0.0,0.0,0.0,1.0
10,8,0.0,0.0,0.0,0.0,0.0,0.0,0.0,0.0,1.0
10,8,0.0,0.0,0.0,0.0,0.0,0.0,0.0,0.0,1.0
10,8,0.0,0.0,0.0,0.0,0.0,0.0,0.0,0.0,1.0
10,8,0.0,0.0,0.0,0.0,0.0,0.0,0.0,0.0,1.0
10,8,0.0,0.0,0.0,0.0,0.0,0.0,0.0,0.0,1.0
10,8,0.0,0.0,0.0,0.0,0.0,0.0,0.0,0.0,1.0
10,8,0.0,0.0,0.0,0.0,0.0,0.0,0.0,0.0,1.0
10,8,0.0,0.0,0.0,0.0,0.0,0.0,0.0,0.0,1.0
10,8,0.0,0.0,0.0,0.0,0.0,0.0,0.0,0.0,1.0
10,8,0.0,0.0,0.0,0.0,0.0,0.0,0.0,0.0,1.0
10,8,0.0,0.0,0.0,0.0,0.0,0.0,0.0,0.0,1.0
10,8,0.0,0.0,0.0,0.0,0.0,0.0,0.0,0.0,1.0
10,8,0.0,0.0,0.0,0.0,0.0,0.0,0.0,0.0,1.0
10,8,0.0,0.0,0.0,0.0,0.0,0.0,0.0,0.0,1.0
10,8,0.0,0.0,0.0,0.0,0.0,0.0,0.0,0.0,1.0
10,8,0.0,0.0,0.0,0.0,0.0,0.0,0.0,0.0,1.0
10,8,0.0,0.0,0.0,0.0,0.0,0.0,0.0,0.0,1.0
10,8,0.0,0.0,0.0,0.0,0.0,0.0,0.0,0.0,1.0
10,8,0.0,0.0,0.0,0.0,0.0,0.0,0.0,0.0,1.0
10,8,0.0,0.0,0.0,0.0,0.0,0.0,0.0,0.0,1.0
10,8,0.0,0.0,0.0,0.0,0.0,0.0,0.0,0.0,1.0
10,8,0.0,0.0,0.0,0.0,0.0,0.0,0.0,0.0,1.0
10,8,0.0,0.0,0.0,0.0,0.0,0.0,0.0,0.0,1.0
10,8,0.0,0.0,0.0,0.0,0.0,0.0,0.0,0.0,1.0
10,8,0.0,0.0,0.0,0.0,0.0,0.0,0.0,0.0,1.0
10,8,0.0,0.0,0.0,0.0,0.0,0.0,0.0,0.0,1.0
10,8,0.0,0.0,0.0,0.0,0.0,0.0,0.0,0.0,1.0
10,8,0.0,0.0,0.0,0.0,0.0,0.0,0.0,0.0,1.0
10,8,0.0,0.0,0.0,0.0,0.0,0.0,0.0,0.0,1.0
10,8,0.0,0.0,0.0,0.0,0.0,0.0,0.0,0.0,1.0
10,8,0.0,0.0,0.0,0.0,0.0,0.0,0.0,0.0,1.0
10,8,0.0,0.0,0.0,0.0,0.0,0.0,0.0,0.0,1.0
10,8,0.0,0.0,0.0,0.0,0.0,0.0,0.0,0.0,1.0
10,8,0.0,0.0,0.0,0.0,0.0,0.0,0.0,0.0,1.0
10,8,0.0,0.0,0.0,0.0,0.0,0.0,0.0,0.0,1.0
10,8,0.0,0.0,0.0,0.0,0.0,0.0,0.0,0.0,1.0
10,8,0.0,0.0,0.0,0.0,0.0,0.0,0.0,0.0,1.0
10,8,0.0,0.0,0.0,0.0,0.0,0.0,0.0,0.0,1.0
10,8,0.0,0.0,0.0,0.0,0.0,0.0,0.0,0.0,1.0
10,8,0.0,0.0,0.0,0.0,0.0,0.0,0.0,0.0,1.0
10,8,0.0,0.0,0.0,0.0,0.0,0.0,0.0,0.0,1.0
10,8,0.0,0.0,0.0,0.0,0.0,0.0,0.0,0.0,1.0
10,8,0.0,0.0,0.0,0.0,0.0,0.0,0.0,0.0,1.0
10,8,0.0,0.0,0.0,0.0,0.0,0.0,0.0,0.0,1.0
10,8,0.0,0.0,0.0,0.0,0.0,0.0,0.0,0.0,1.0
10,8,0.0,0.0,0.0,0.0,0.0,0.0,0.0,0.0,1.0
10,8,0.0,0.0,0.0,0.0,0.0,0.0,0.0,0.0,1.0
10,8,0.0,0.0,0.0,0.0,0.0,0.0,0.0,0.0,1.0
10,8,0.0,0.0,0.0,0.0,0.0,0.0,0.0,0.0,1.0
10,8,0.0,0.0,0.0,0.0,0.0,0.0,0.0,0.0,1.0
10,8,0.0,0.0,0.0,0.0,0.0,0.0,0.0,0.0,1.0
10,8,0.0,0.0,0.0,0.0,0.0,0.0,0.0,0.0,1.0
10,8,0.0,0.0,0.0,0.0,0.0,0.0,0.0,0.0,1.0
10,8,0.0,0.0,0.0,0.0,0.0,0.0,0.0,0.0,1.0
10,8,0.0,0.0,0.0,0.0,0.0,0.0,0.0,0.0,1.0
10,8,0.0,0.0,0.0,0.0,0.0,0.0,0.0,0.0,1.0
10,8,0.0,0.0,0.0,0.0,0.0,0.0,0.0,0.0,1.0
10,8,0.0,0.0,0.0,0.0,0.0,0.0,0.0,0.0,1.0
10,8,0.0,0.0,0.0,0.0,0.0,0.0,0.0,0.0,1.0
10,8,0.0,0.0,0.0,0.0,0.0,0.0,0.0,0.0,1.0
10,8,0.0,0.0,0.0,0.0,0.0,0.0,0.0,0.0,1.0
10,8,0.0,0.0,0.0,0.0,0.0,0.0,0.0,0.0,1.0
10,8,0.0,0.0,0.0,0.0,0.0,0.0,0.0,0.0,1.0
10,8,0.0,0.0,0.0,0.0,0.0,0.0,0.0,0.0,1.0
10,8,0.0,0.0,0.0,0.0,0.0,0.0,0.0,0.0,1.0
10,8,0.0,0.0,0.0,0.0,0.0,0.0,0.0,0.0,1.0
10,8,0.0,0.0,0.0,0.0,0.0,0.0,0.0,0.0,1.0
10,8,0.0,0.0,0.0,0.0,0.0,0.0,0.0,0.0,1.0
10,8,0.0,0.0,0.0,0.0,0.0,0.0,0.0,0.0,1.0
10,8,0.0,0.0,0.0,0.0,0.0,0.0,0.0,0.0,1.0
10,8,0.0,0.0,0.0,0.0,0.0,0.0,0.0,0.0,1.0
10,8,0.0,0.0,0.0,0.0,0.0,0.0,0.0,0.0,1.0
10,8,0.0,0.0,0.0,0.0,0.0,0.0,0.0,0.0,1.0
10,8,0.0,0.0,0.0,0.0,0.0,0.0,0.0,0.0,1.0
10,8,0.0,0.0,0.0,0.0,0.0,0.0,0.0,0.0,1.0
10,8,0.0,0.0,0.0,0.0,0.0,0.0,0.0,0.0,1.0
10,8,0.0,0.0,0.0,0.0,0.0,0.0,0.0,0.0,1.0
10,8,0.0,0.0,0.0,0.0,0.0,0.0,0.0,0.0,1.0
10,8,0.0,0.0,0.0,0.0,0.0,0.0,0.0,0.0,1.0
10,8,0.0,0.0,0.0,0.0,0.0,0.0,0.0,0.0,1.0
10,8,0.0,0.0,0.0,0.0,0.0,0.0,0.0,0.0,1.0
10,8,0.0,0.0,0.0,0.0,0.0,0.0,0.0,0.0,1.0
10,8,0.0,0.0,0.0,0.0,0.0,0.0,0.0,0.0,1.0
10,8,0.0,0.0,0.0,0.0,0.0,0.0,0.0,0.0,1.0
10,8,0.0,0.0,0.0,0.0,0.0,0.0,0.0,0.0,1.0
10,8,0.0,0.0,0.0,0.0,0.0,0.0,0.0,0.0,1.0
10,8,0.0,0.0,0.0,0.0,0.0,0.0,0.0,0.0,1.0
10,8,0.0,0.0,0.0,0.0,0.0,0.0,0.0,0.0,1.0
10,8,0.0,0.0,0.0,0.0,0.0,0.0,0.0,0.0,1.0
10,8,0.0,0.0,0.0,0.0,0.0,0.0,0.0,0.0,1.0
10,8,0.0,0.0,0.0,0.0,0.0,0.0,0.0,0.0,1.0
10,8,0.0,0.0,0.0,0.0,0.0,0.0,0.0,0.0,1.0
10,8,0.0,0.0,0.0,0.0,0.0,0.0,0.0,0.0,1.0
10,8,0.0,0.0,0.0,0.0,0.0,0.0,0.0,0.0,1.0
10,8,0.0,0.0,0.0,0.0,0.0,0.0,0.0,0.0,1.0
10,8,0.0,0.0,0.0,0.0,0.0,0.0,0.0,0.0,1.0
10,8,0.0,0.0,0.0,0.0,0.0,0.0,0.0,0.0,1.0
10,8,0.0,0.0,0.0,0.0,0.0,0.0,0.0,0.0,1.0
10,8,0.0,0.0,0.0,0.0,0.0,0.0,0.0,0.0,1.0
10,8,0.0,0.0,0.0,0.0,0.0,0.0,0.0,0.0,1.0
10,8,0.0,0.0,0.0,0.0,0.0,0.0,0.0,0.0,1.0
10,8,0.0,0.0,0.0,0.0,0.0,0.0,0.0,0.0,1.0
10,8,0.0,0.0,0.0,0.0,0.0,0.0,0.0,0.0,1.0
10,8,0.0,0.0,0.0,0.0,0.0,0.0,0.0,0.0,1.0
10,8,0.0,0.0,0.0,0.0,0.0,0.0,0.0,0.0,1.0
10,8,0.0,0.0,0.0,0.0,0.0,0.0,0.0,0.0,1.0
10,8,0.0,0.0,0.0,0.0,0.0,0.0,0.0,0.0,1.0
10,8,0.0,0.0,0.0,0.0,0.0,0.0,0.0,0.0,1.0
10,8,0.0,0.0,0.0,0.0,0.0,0.0,0.0,0.0,1.0
10,8,0.0,0.0,0.0,0.0,0.0,0.0,0.0,0.0,1.0
10,8,0.0,0.0,0.0,0.0,0.0,0.0,0.0,0.0,1.0
10,8,0.0,0.0,0.0,0.0,0.0,0.0,0.0,0.0,1.0
10,8,0.0,0.0,0.0,0.0,0.0,0.0,0.0,0.0,1.0
10,8,0.0,0.0,0.0,0.0,0.0,0.0,0.0,0.0,1.0
10,8,0.0,0.0,0.0,0.0,0.0,0.0,0.0,0.0,1.0
10,8,0.0,0.0,0.0,0.0,0.0,0.0,0.0,0.0,1.0
10,8,0.0,0.0,0.0,0.0,0.0,0.0,0.0,0.0,1.0
10,8,0.0,0.0,0.0,0.0,0.0,0.0,0.0,0.0,1.0
10,8,0.0,0.0,0.0,0.0,0.0,0.0,0.0,0.0,1.0
10,8,0.0,0.0,0.0,0.0,0.0,0.0,0.0,0.0,1.0
10,8,0.0,0.0,0.0,0.0,0.0,0.0,0.0,0.0,1.0
10,8,0.0,0.0,0.0,0.0,0.0,0.0,0.0,0.0,1.0
10,8,0.0,0.0,0.0,0.0,0.0,0.0,0.0,0.0,1.0
10,8,0.0,0.0,0.0,0.0,0.0,0.0,0.0,0.0,1.0
10,8,0.0,0.0,0.0,0.0,0.0,0.0,0.0,0.0,1.0
10,8,0.0,0.0,0.0,0.0,0.0,0.0,0.0,0.0,1.0
10,8,0.0,0.0,0.0,0.0,0.0,0.0,0.0,0.0,1.0
10,8,0.0,0.0,0.0,0.0,0.0,0.0,0.0,0.0,1.0
10,8,0.0,0.0,0.0,0.0,0.0,0.0,0.0,0.0,1.0
10,8,0.0,0.0,0.0,0.0,0.0,0.0,0.0,0.0,1.0
10,8,0.0,0.0,0.0,0.0,0.0,0.0,0.0,0.0,1.0
10,8,0.0,0.0,0.0,0.0,0.0,0.0,0.0,0.0,1.0
10,8,0.0,0.0,0.0,0.0,0.0,0.0,0.0,0.0,1.0
10,8,0.0,0.0,0.0,0.0,0.0,0.0,0.0,0.0,1.0
10,8,0.0,0.0,0.0,0.0,0.0,0.0,0.0,0.0,1.0
10,8,0.0,0.0,0.0,0.0,0.0,0.0,0.0,0.0,1.0
10,8,0.0,0.0,0.0,0.0,0.0,0.0,0.0,0.0,1.0
10,8,0.0,0.0,0.0,0.0,0.0,0.0,0.0,0.0,1.0
10,8,0.0,0.0,0.0,0.0,0.0,0.0,0.0,0.0,1.0
10,8,0.0,0.0,0.0,0.0,0.0,0.0,0.0,0.0,1.0
10,8,0.0,0.0,0.0,0.0,0.0,0.0,0.0,0.0,1.0
10,8,0.0,0.0,0.0,0.0,0.0,0.0,0.0,0.0,1.0
10,8,0.0,0.0,0.0,0.0,0.0,0.0,0.0,0.0,1.0
10,8,0.0,0.0,0.0,0.0,0.0,0.0,0.0,0.0,1.0
10,8,0.0,0.0,0.0,0.0,0.0,0.0,0.0,0.0,1.0
10,8,0.0,0.0,0.0,0.0,0.0,0.0,0.0,0.0,1.0
10,8,0.0,0.0,0.0,0.0,0.0,0.0,0.0,0.0,1.0
10,8,0.0,0.0,0.0,0.0,0.0,0.0,0.0,0.0,1.0
10,8,0.0,0.0,0.0,0.0,0.0,0.0,0.0,0.0,1.0
10,8,0.0,0.0,0.0,0.0,0.0,0.0,0.0,0.0,1.0
10,8,0.0,0.0,0.0,0.0,0.0,0.0,0.0,0.0,1.0
10,8,0.0,0.0,0.0,0.0,0.0,0.0,0.0,0.0,1.0
10,8,0.0,0.0,0.0,0.0,0.0,0.0,0.0,0.0,1.0
10,8,0.0,0.0,0.0,0.0,0.0,0.0,0.0,0.0,1.0
10,8,0.0,0.0,0.0,0.0,0.0,0.0,0.0,0.0,1.0
10,8,0.0,0.0,0.0,0.0,0.0,0.0,0.0,0.0,1.0
10,8,0.0,0.0,0.0,0.0,0.0,0.0,0.0,0.0,1.0
10,8,0.0,0.0,0.0,0.0,0.0,0.0,0.0,0.0,1.0
10,8,0.0,0.0,0.0,0.0,0.0,0.0,0.0,0.0,1.0
10,8,0.0,0.0,0.0,0.0,0.0,0.0,0.0,0.0,1.0
10,8,0.0,0.0,0.0,0.0,0.0,0.0,0.0,0.0,1.0
10,8,0.0,0.0,0.0,0.0,0.0,0.0,0.0,0.0,1.0
10,8,0.0,0.0,0.0,0.0,0.0,0.0,0.0,0.0,1.0
10,8,0.0,0.0,0.0,0.0,0.0,0.0,0.0,0.0,1.0
10,8,0.0,0.0,0.0,0.0,0.0,0.0,0.0,0.0,1.0
10,8,0.0,0.0,0.0,0.0,0.0,0.0,0.0,0.0,1.0
10,8,0.0,0.0,0.0,0.0,0.0,0.0,0.0,0.0,1.0
10,8,0.0,0.0,0.0,0.0,0.0,0.0,0.0,0.0,1.0
10,8,0.0,0.0,0.0,0.0,0.0,0.0,0.0,0.0,1.0
10,8,0.0,0.0,0.0,0.0,0.0,0.0,0.0,0.0,1.0
10,8,0.0,0.0,0.0,0.0,0.0,0.0,0.0,0.0,1.0
10,8,0.0,0.0,0.0,0.0,0.0,0.0,0.0,0.0,1.0
10,8,0.0,0.0,0.0,0.0,0.0,0.0,0.0,0.0,1.0
10,8,0.0,0.0,0.0,0.0,0.0,0.0,0.0,0.0,1.0
10,8,0.0,0.0,0.0,0.0,0.0,0.0,0.0,0.0,1.0
10,8,0.0,0.0,0.0,0.0,0.0,0.0,0.0,0.0,1.0
10,8,0.0,0.0,0.0,0.0,0.0,0.0,0.0,0.0,1.0
10,8,0.0,0.0,0.0,0.0,0.0,0.0,0.0,0.0,1.0
10,8,0.0,0.0,0.0,0.0,0.0,0.0,0.0,0.0,1.0
10,8,0.0,0.0,0.0,0.0,0.0,0.0,0.0,0.0,1.0
10,8,0.0,0.0,0.0,0.0,0.0,0.0,0.0,0.0,1.0
10,8,0.0,0.0,0.0,0.0,0.0,0.0,0.0,0.0,1.0
10,8,0.0,0.0,0.0,0.0,0.0,0.0,0.0,0.0,1.0
10,8,0.0,0.0,0.0,0.0,0.0,0.0,0.0,0.0,1.0
10,8,0.0,0.0,0.0,0.0,0.0,0.0,0.0,0.0,1.0
10,8,0.0,0.0,0.0,0.0,0.0,0.0,0.0,0.0,1.0
10,8,0.0,0.0,0.0,0.0,0.0,0.0,0.0,0.0,1.0
10,8,0.0,0.0,0.0,0.0,0.0,0.0,0.0,0.0,1.0
10,8,0.0,0.0,0.0,0.0,0.0,0.0,0.0,0.0,1.0
10,8,0.0,0.0,0.0,0.0,0.0,0.0,0.0,0.0,1.0
10,8,0.0,0.0,0.0,0.0,0.0,0.0,0.0,0.0,1.0
10,8,0.0,0.0,0.0,0.0,0.0,0.0,0.0,0.0,1.0
10,8,0.0,0.0,0.0,0.0,0.0,0.0,0.0,0.0,1.0
10,8,0.0,0.0,0.0,0.0,0.0,0.0,0.0,0.0,1.0
10,8,0.0,0.0,0.0,0.0,0.0,0.0,0.0,0.0,1.0
10,8,0.0,0.0,0.0,0.0,0.0,0.0,0.0,0.0,1.0
10,8,0.0,0.0,0.0,0.0,0.0,0.0,0.0,0.0,1.0
10,8,0.0,0.0,0.0,0.0,0.0,0.0,0.0,0.0,1.0
10,8,0.0,0.0,0.0,0.0,0.0,0.0,0.0,0.0,1.0
10,8,0.0,0.0,0.0,0.0,0.0,0.0,0.0,0.0,1.0
10,8,0.0,0.0,0.0,0.0,0.0,0.0,0.0,0.0,1.0
10,8,0.0,0.0,0.0,0.0,0.0,0.0,0.0,0.0,1.0
10,8,0.0,0.0,0.0,0.0,0.0,0.0,0.0,0.0,1.0
10,8,0.0,0.0,0.0,0.0,0.0,0.0,0.0,0.0,1.0
10,8,0.0,0.0,0.0,0.0,0.0,0.0,0.0,0.0,1.0
10,8,0.0,0.0,0.0,0.0,0.0,0.0,0.0,0.0,1.0
10,8,0.0,0.0,0.0,0.0,0.0,0.0,0.0,0.0,1.0
10,8,0.0,0.0,0.0,0.0,0.0,0.0,0.0,0.0,1.0
10,8,0.0,0.0,0.0,0.0,0.0,0.0,0.0,0.0,1.0
10,8,0.0,0.0,0.0,0.0,0.0,0.0,0.0,0.0,1.0
10,8,0.0,0.0,0.0,0.0,0.0,0.0,0.0,0.0,1.0
10,8,0.0,0.0,0.0,0.0,0.0,0.0,0.0,0.0,1.0
10,8,0.0,0.0,0.0,0.0,0.0,0.0,0.0,0.0,1.0
10,8,0.0,0.0,0.0,0.0,0.0,0.0,0.0,0.0,1.0
10,8,0.0,0.0,0.0,0.0,0.0,0.0,0.0,0.0,1.0
10,8,0.0,0.0,0.0,0.0,0.0,0.0,0.0,0.0,1.0
10,8,0.0,0.0,0.0,0.0,0.0,0.0,0.0,0.0,1.0
10,8,0.0,0.0,0.0,0.0,0.0,0.0,0.0,0.0,1.0
10,8,0.0,0.0,0.0,0.0,0.0,0.0,0.0,0.0,1.0
10,8,0.0,0.0,0.0,0.0,0.0,0.0,0.0,0.0,1.0
10,8,0.0,0.0,0.0,0.0,0.0,0.0,0.0,0.0,1.0
10,8,0.0,0.0,0.0,0.0,0.0,0.0,0.0,0.0,1.0
10,8,0.0,0.0,0.0,0.0,0.0,0.0,0.0,0.0,1.0
10,8,0.0,0.0,0.0,0.0,0.0,0.0,0.0,0.0,1.0
10,8,0.0,0.0,0.0,0.0,0.0,0.0,0.0,0.0,1.0
10,8,0.0,0.0,0.0,0.0,0.0,0.0,0.0,0.0,1.0
10,8,0.0,0.0,0.0,0.0,0.0,0.0,0.0,0.0,1.0
10,8,0.0,0.0,0.0,0.0,0.0,0.0,0.0,0.0,1.0
10,8,0.0,0.0,0.0,0.0,0.0,0.0,0.0,0.0,1.0
10,8,0.0,0.0,0.0,0.0,0.0,0.0,0.0,0.0,1.0
10,8,0.0,0.0,0.0,0.0,0.0,0.0,0.0,0.0,1.0
10,8,0.0,0.0,0.0,0.0,0.0,0.0,0.0,0.0,1.0
10,8,0.0,0.0,0.0,0.0,0.0,0.0,0.0,0.0,1.0
10,8,0.0,0.0,0.0,0.0,0.0,0.0,0.0,0.0,1.0
10,8,0.0,0.0,0.0,0.0,0.0,0.0,0.0,0.0,1.0
10,8,0.0,0.0,0.0,0.0,0.0,0.0,0.0,0.0,1.0
10,8,0.0,0.0,0.0,0.0,0.0,0.0,0.0,0.0,1.0
10,8,0.0,0.0,0.0,0.0,0.0,0.0,0.0,0.0,1.0
10,8,0.0,0.0,0.0,0.0,0.0,0.0,0.0,0.0,1.0
10,8,0.0,0.0,0.0,0.0,0.0,0.0,0.0,0.0,1.0
10,8,0.0,0.0,0.0,0.0,0.0,0.0,0.0,0.0,1.0
10,8,0.0,0.0,0.0,0.0,0.0,0.0,0.0,0.0,1.0
10,8,0.0,0.0,0.0,0.0,0.0,0.0,0.0,0.0,1.0
10,8,0.0,0.0,0.0,0.0,0.0,0.0,0.0,0.0,1.0
10,8,0.0,0.0,0.0,0.0,0.0,0.0,0.0,0.0,1.0
10,8,0.0,0.0,0.0,0.0,0.0,0.0,0.0,0.0,1.0
10,8,0.0,0.0,0.0,0.0,0.0,0.0,0.0,0.0,1.0
10,8,0.0,0.0,0.0,0.0,0.0,0.0,0.0,0.0,1.0
10,8,0.0,0.0,0.0,0.0,0.0,0.0,0.0,0.0,1.0
10,8,0.0,0.0,0.0,0.0,0.0,0.0,0.0,0.0,1.0
10,8,0.0,0.0,0.0,0.0,0.0,0.0,0.0,0.0,1.0
10,8,0.0,0.0,0.0,0.0,0.0,0.0,0.0,0.0,1.0
10,8,0.0,0.0,0.0,0.0,0.0,0.0,0.0,0.0,1.0
10,8,0.0,0.0,0.0,0.0,0.0,0.0,0.0,0.0,1.0
10,8,0.0,0.0,0.0,0.0,0.0,0.0,0.0,0.0,1.0
10,8,0.0,0.0,0.0,0.0,0.0,0.0,0.0,0.0,1.0
10,8,0.0,0.0,0.0,0.0,0.0,0.0,0.0,0.0,1.0
10,8,0.0,0.0,0.0,0.0,0.0,0.0,0.0,0.0,1.0
10,8,0.0,0.0,0.0,0.0,0.0,0.0,0.0,0.0,1.0
10,8,0.0,0.0,0.0,0.0,0.0,0.0,0.0,0.0,1.0
10,8,0.0,0.0,0.0,0.0,0.0,0.0,0.0,0.0,1.0
10,8,0.0,0.0,0.0,0.0,0.0,0.0,0.0,0.0,1.0
10,8,0.0,0.0,0.0,0.0,0.0,0.0,0.0,0.0,1.0
10,8,0.0,0.0,0.0,0.0,0.0,0.0,0.0,0.0,1.0
10,8,0.0,0.0,0.0,0.0,0.0,0.0,0.0,0.0,1.0
10,8,0.0,0.0,0.0,0.0,0.0,0.0,0.0,0.0,1.0
10,8,0.0,0.0,0.0,0.0,0.0,0.0,0.0,0.0,1.0
10,8,0.0,0.0,0.0,0.0,0.0,0.0,0.0,0.0,1.0
10,8,0.0,0.0,0.0,0.0,0.0,0.0,0.0,0.0,1.0
10,8,0.0,0.0,0.0,0.0,0.0,0.0,0.0,0.0,1.0
10,8,0.0,0.0,0.0,0.0,0.0,0.0,0.0,0.0,1.0
10,8,0.0,0.0,0.0,0.0,0.0,0.0,0.0,0.0,1.0
10,8,0.0,0.0,0.0,0.0,0.0,0.0,0.0,0.0,1.0
10,8,0.0,0.0,0.0,0.0,0.0,0.0,0.0,0.0,1.0
10,8,0.0,0.0,0.0,0.0,0.0,0.0,0.0,0.0,1.0
10,8,0.0,0.0,0.0,0.0,0.0,0.0,0.0,0.0,1.0
10,8,0.0,0.0,0.0,0.0,0.0,0.0,0.0,0.0,1.0
10,8,0.0,0.0,0.0,0.0,0.0,0.0,0.0,0.0,1.0
10,8,0.0,0.0,0.0,0.0,0.0,0.0,0.0,0.0,1.0
10,8,0.0,0.0,0.0,0.0,0.0,0.0,0.0,0.0,1.0
10,8,0.0,0.0,0.0,0.0,0.0,0.0,0.0,0.0,1.0
10,8,0.0,0.0,0.0,0.0,0.0,0.0,0.0,0.0,1.0
10,8,0.0,0.0,0.0,0.0,0.0,0.0,0.0,0.0,1.0
10,8,0.0,0.0,0.0,0.0,0.0,0.0,0.0,0.0,1.0
10,8,0.0,0.0,0.0,0.0,0.0,0.0,0.0,0.0,1.0
10,8,0.0,0.0,0.0,0.0,0.0,0.0,0.0,0.0,1.0
10,8,0.0,0.0,0.0,0.0,0.0,0.0,0.0,0.0,1.0
10,8,0.0,0.0,0.0,0.0,0.0,0.0,0.0,0.0,1.0
10,8,0.0,0.0,0.0,0.0,0.0,0.0,0.0,0.0,1.0
10,8,0.0,0.0,0.0,0.0,0.0,0.0,0.0,0.0,1.0
10,8,0.0,0.0,0.0,0.0,0.0,0.0,0.0,0.0,1.0
10,8,0.0,0.0,0.0,0.0,0.0,0.0,0.0,0.0,1.0
10,8,0.0,0.0,0.0,0.0,0.0,0.0,0.0,0.0,1.0
10,8,0.0,0.0,0.0,0.0,0.0,0.0,0.0,0.0,1.0
10,8,0.0,0.0,0.0,0.0,0.0,0.0,0.0,0.0,1.0
10,8,0.0,0.0,0.0,0.0,0.0,0.0,0.0,0.0,1.0
10,8,0.0,0.0,0.0,0.0,0.0,0.0,0.0,0.0,1.0
10,8,0.0,0.0,0.0,0.0,0.0,0.0,0.0,0.0,1.0
10,8,0.0,0.0,0.0,0.0,0.0,0.0,0.0,0.0,1.0
10,8,0.0,0.0,0.0,0.0,0.0,0.0,0.0,0.0,1.0
10,8,0.0,0.0,0.0,0.0,0.0,0.0,0.0,0.0,1.0
10,8,0.0,0.0,0.0,0.0,0.0,0.0,0.0,0.0,1.0
10,8,0.0,0.0,0.0,0.0,0.0,0.0,0.0,0.0,1.0
10,8,0.0,0.0,0.0,0.0,0.0,0.0,0.0,0.0,1.0
10,8,0.0,0.0,0.0,0.0,0.0,0.0,0.0,0.0,1.0
10,8,0.0,0.0,0.0,0.0,0.0,0.0,0.0,0.0,1.0
10,8,0.0,0.0,0.0,0.0,0.0,0.0,0.0,0.0,1.0
10,8,0.0,0.0,0.0,0.0,0.0,0.0,0.0,0.0,1.0
10,8,0.0,0.0,0.0,0.0,0.0,0.0,0.0,0.0,1.0
10,8,0.0,0.0,0.0,0.0,0.0,0.0,0.0,0.0,1.0
10,8,0.0,0.0,0.0,0.0,0.0,0.0,0.0,0.0,1.0
10,8,0.0,0.0,0.0,0.0,0.0,0.0,0.0,0.0,1.0
10,8,0.0,0.0,0.0,0.0,0.0,0.0,0.0,0.0,1.0
10,8,0.0,0.0,0.0,0.0,0.0,0.0,0.0,0.0,1.0
10,8,0.0,0.0,0.0,0.0,0.0,0.0,0.0,0.0,1.0
10,8,0.0,0.0,0.0,0.0,0.0,0.0,0.0,0.0,1.0
10,8,0.0,0.0,0.0,0.0,0.0,0.0,0.0,0.0,1.0
10,8,0.0,0.0,0.0,0.0,0.0,0.0,0.0,0.0,1.0
10,8,0.0,0.0,0.0,0.0,0.0,0.0,0.0,0.0,1.0
10,8,0.0,0.0,0.0,0.0,0.0,0.0,0.0,0.0,1.0
10,8,0.0,0.0,0.0,0.0,0.0,0.0,0.0,0.0,1.0
10,8,0.0,0.0,0.0,0.0,0.0,0.0,0.0,0.0,1.0
10,8,0.0,0.0,0.0,0.0,0.0,0.0,0.0,0.0,1.0
10,8,0.0,0.0,0.0,0.0,0.0,0.0,0.0,0.0,1.0
10,8,0.0,0.0,0.0,0.0,0.0,0.0,0.0,0.0,1.0
10,8,0.0,0.0,0.0,0.0,0.0,0.0,0.0,0.0,1.0
10,8,0.0,0.0,0.0,0.0,0.0,0.0,0.0,0.0,1.0
10,8,0.0,0.0,0.0,0.0,0.0,0.0,0.0,0.0,1.0
10,8,0.0,0.0,0.0,0.0,0.0,0.0,0.0,0.0,1.0
10,8,0.0,0.0,0.0,0.0,0.0,0.0,0.0,0.0,1.0
10,8,0.0,0.0,0.0,0.0,0.0,0.0,0.0,0.0,1.0
10,8,0.0,0.0,0.0,0.0,0.0,0.0,0.0,0.0,1.0
10,8,0.0,0.0,0.0,0.0,0.0,0.0,0.0,0.0,1.0
10,8,0.0,0.0,0.0,0.0,0.0,0.0,0.0,0.0,1.0
10,8,0.0,0.0,0.0,0.0,0.0,0.0,0.0,0.0,1.0
10,8,0.0,0.0,0.0,0.0,0.0,0.0,0.0,0.0,1.0
10,8,0.0,0.0,0.0,0.0,0.0,0.0,0.0,0.0,1.0
10,8,0.0,0.0,0.0,0.0,0.0,0.0,0.0,0.0,1.0
10,8,0.0,0.0,0.0,0.0,0.0,0.0,0.0,0.0,1.0
10,8,0.0,0.0,0.0,0.0,0.0,0.0,0.0,0.0,1.0
10,8,0.0,0.0,0.0,0.0,0.0,0.0,0.0,0.0,1.0
10,8,0.0,0.0,0.0,0.0,0.0,0.0,0.0,0.0,1.0
10,8,0.0,0.0,0.0,0.0,0.0,0.0,0.0,0.0,1.0
10,8,0.0,0.0,0.0,0.0,0.0,0.0,0.0,0.0,1.0
10,8,0.0,0.0,0.0,0.0,0.0,0.0,0.0,0.0,1.0
10,8,0.0,0.0,0.0,0.0,0.0,0.0,0.0,0.0,1.0
10,8,0.0,0.0,0.0,0.0,0.0,0.0,0.0,0.0,1.0
10,8,0.0,0.0,0.0,0.0,0.0,0.0,0.0,0.0,1.0
10,8,0.0,0.0,0.0,0.0,0.0,0.0,0.0,0.0,1.0
10,8,0.0,0.0,0.0,0.0,0.0,0.0,0.0,0.0,1.0
10,8,0.0,0.0,0.0,0.0,0.0,0.0,0.0,0.0,1.0
10,8,0.0,0.0,0.0,0.0,0.0,0.0,0.0,0.0,1.0
10,8,0.0,0.0,0.0,0.0,0.0,0.0,0.0,0.0,1.0
10,8,0.0,0.0,0.0,0.0,0.0,0.0,0.0,0.0,1.0
10,8,0.0,0.0,0.0,0.0,0.0,0.0,0.0,0.0,1.0
10,8,0.0,0.0,0.0,0.0,0.0,0.0,0.0,0.0,1.0
10,8,0.0,0.0,0.0,0.0,0.0,0.0,0.0,0.0,1.0
10,8,0.0,0.0,0.0,0.0,0.0,0.0,0.0,0.0,1.0
10,8,0.0,0.0,0.0,0.0,0.0,0.0,0.0,0.0,1.0
10,8,0.0,0.0,0.0,0.0,0.0,0.0,0.0,0.0,1.0
10,8,0.0,0.0,0.0,0.0,0.0,0.0,0.0,0.0,1.0
10,8,0.0,0.0,0.0,0.0,0.0,0.0,0.0,0.0,1.0
10,8,0.0,0.0,0.0,0.0,0.0,0.0,0.0,0.0,1.0
10,8,0.0,0.0,0.0,0.0,0.0,0.0,0.0,0.0,1.0
10,8,0.0,0.0,0.0,0.0,0.0,0.0,0.0,0.0,1.0
10,8,0.0,0.0,0.0,0.0,0.0,0.0,0.0,0.0,1.0
10,8,0.0,0.0,0.0,0.0,0.0,0.0,0.0,0.0,1.0
10,8,0.0,0.0,0.0,0.0,0.0,0.0,0.0,0.0,1.0
10,8,0.0,0.0,0.0,0.0,0.0,0.0,0.0,0.0,1.0
10,8,0.0,0.0,0.0,0.0,0.0,0.0,0.0,0.0,1.0
10,8,0.0,0.0,0.0,0.0,0.0,0.0,0.0,0.0,1.0
10,8,0.0,0.0,0.0,0.0,0.0,0.0,0.0,0.0,1.0
10,8,0.0,0.0,0.0,0.0,0.0,0.0,0.0,0.0,1.0
10,8,0.0,0.0,0.0,0.0,0.0,0.0,0.0,0.0,1.0
10,8,0.0,0.0,0.0,0.0,0.0,0.0,0.0,0.0,1.0
10,8,0.0,0.0,0.0,0.0,0.0,0.0,0.0,0.0,1.0
10,8,0.0,0.0,0.0,0.0,0.0,0.0,0.0,0.0,1.0
10,8,0.0,0.0,0.0,0.0,0.0,0.0,0.0,0.0,1.0
10,8,0.0,0.0,0.0,0.0,0.0,0.0,0.0,0.0,1.0
10,8,0.0,0.0,0.0,0.0,0.0,0.0,0.0,0.0,1.0
10,8,0.0,0.0,0.0,0.0,0.0,0.0,0.0,0.0,1.0
10,8,0.0,0.0,0.0,0.0,0.0,0.0,0.0,0.0,1.0
10,8,0.0,0.0,0.0,0.0,0.0,0.0,0.0,0.0,1.0
10,8,0.0,0.0,0.0,0.0,0.0,0.0,0.0,0.0,1.0
10,8,0.0,0.0,0.0,0.0,0.0,0.0,0.0,0.0,1.0
10,8,0.0,0.0,0.0,0.0,0.0,0.0,0.0,0.0,1.0
10,8,0.0,0.0,0.0,0.0,0.0,0.0,0.0,0.0,1.0
10,8,0.0,0.0,0.0,0.0,0.0,0.0,0.0,0.0,1.0
10,8,0.0,0.0,0.0,0.0,0.0,0.0,0.0,0.0,1.0
10,8,0.0,0.0,0.0,0.0,0.0,0.0,0.0,0.0,1.0
10,8,0.0,0.0,0.0,0.0,0.0,0.0,0.0,0.0,1.0
10,8,0.0,0.0,0.0,0.0,0.0,0.0,0.0,0.0,1.0
10,8,0.0,0.0,0.0,0.0,0.0,0.0,0.0,0.0,1.0
10,8,0.0,0.0,0.0,0.0,0.0,0.0,0.0,0.0,1.0
10,8,0.0,0.0,0.0,0.0,0.0,0.0,0.0,0.0,1.0
10,8,0.0,0.0,0.0,0.0,0.0,0.0,0.0,0.0,1.0
10,8,0.0,0.0,0.0,0.0,0.0,0.0,0.0,0.0,1.0
10,8,0.0,0.0,0.0,0.0,0.0,0.0,0.0,0.0,1.0
10,8,0.0,0.0,0.0,0.0,0.0,0.0,0.0,0.0,1.0
10,8,0.0,0.0,0.0,0.0,0.0,0.0,0.0,0.0,1.0
10,8,0.0,0.0,0.0,0.0,0.0,0.0,0.0,0.0,1.0
10,8,0.0,0.0,0.0,0.0,0.0,0.0,0.0,0.0,1.0
10,8,0.0,0.0,0.0,0.0,0.0,0.0,0.0,0.0,1.0
10,8,0.0,0.0,0.0,0.0,0.0,0.0,0.0,0.0,1.0
10,8,0.0,0.0,0.0,0.0,0.0,0.0,0.0,0.0,1.0
10,8,0.0,0.0,0.0,0.0,0.0,0.0,0.0,0.0,1.0
10,8,0.0,0.0,0.0,0.0,0.0,0.0,0.0,0.0,1.0
10,8,0.0,0.0,0.0,0.0,0.0,0.0,0.0,0.0,1.0
10,8,0.0,0.0,0.0,0.0,0.0,0.0,0.0,0.0,1.0
10,8,0.0,0.0,0.0,0.0,0.0,0.0,0.0,0.0,1.0
10,8,0.0,0.0,0.0,0.0,0.0,0.0,0.0,0.0,1.0
10,8,0.0,0.0,0.0,0.0,0.0,0.0,0.0,0.0,1.0
10,8,0.0,0.0,0.0,0.0,0.0,0.0,0.0,0.0,1.0
10,8,0.0,0.0,0.0,0.0,0.0,0.0,0.0,0.0,1.0
10,8,0.0,0.0,0.0,0.0,0.0,0.0,0.0,0.0,1.0
10,8,0.0,0.0,0.0,0.0,0.0,0.0,0.0,0.0,1.0
10,8,0.0,0.0,0.0,0.0,0.0,0.0,0.0,0.0,1.0
10,8,0.0,0.0,0.0,0.0,0.0,0.0,0.0,0.0,1.0
10,8,0.0,0.0,0.0,0.0,0.0,0.0,0.0,0.0,1.0
10,8,0.0,0.0,0.0,0.0,0.0,0.0,0.0,0.0,1.0
10,8,0.0,0.0,0.0,0.0,0.0,0.0,0.0,0.0,1.0
10,8,0.0,0.0,0.0,0.0,0.0,0.0,0.0,0.0,1.0
10,8,0.0,0.0,0.0,0.0,0.0,0.0,0.0,0.0,1.0
10,8,0.0,0.0,0.0,0.0,0.0,0.0,0.0,0.0,1.0
10,8,0.0,0.0,0.0,0.0,0.0,0.0,0.0,0.0,1.0
10,8,0.0,0.0,0.0,0.0,0.0,0.0,0.0,0.0,1.0
10,8,0.0,0.0,0.0,0.0,0.0,0.0,0.0,0.0,1.0
10,8,0.0,0.0,0.0,0.0,0.0,0.0,0.0,0.0,1.0
10,8,0.0,0.0,0.0,0.0,0.0,0.0,0.0,0.0,1.0
10,8,0.0,0.0,0.0,0.0,0.0,0.0,0.0,0.0,1.0
10,8,0.0,0.0,0.0,0.0,0.0,0.0,0.0,0.0,1.0
10,8,0.0,0.0,0.0,0.0,0.0,0.0,0.0,0.0,1.0
10,8,0.0,0.0,0.0,0.0,0.0,0.0,0.0,0.0,1.0
10,8,0.0,0.0,0.0,0.0,0.0,0.0,0.0,0.0,1.0
10,8,0.0,0.0,0.0,0.0,0.0,0.0,0.0,0.0,1.0
10,8,0.0,0.0,0.0,0.0,0.0,0.0,0.0,0.0,1.0
10,8,0.0,0.0,0.0,0.0,0.0,0.0,0.0,0.0,1.0
10,8,0.0,0.0,0.0,0.0,0.0,0.0,0.0,0.0,1.0
10,8,0.0,0.0,0.0,0.0,0.0,0.0,0.0,0.0,1.0
10,8,0.0,0.0,0.0,0.0,0.0,0.0,0.0,0.0,1.0
10,8,0.0,0.0,0.0,0.0,0.0,0.0,0.0,0.0,1.0
10,8,0.0,0.0,0.0,0.0,0.0,0.0,0.0,0.0,1.0
10,8,0.0,0.0,0.0,0.0,0.0,0.0,0.0,0.0,1.0
10,8,0.0,0.0,0.0,0.0,0.0,0.0,0.0,0.0,1.0
10,8,0.0,0.0,0.0,0.0,0.0,0.0,0.0,0.0,1.0
10,8,0.0,0.0,0.0,0.0,0.0,0.0,0.0,0.0,1.0
10,8,0.0,0.0,0.0,0.0,0.0,0.0,0.0,0.0,1.0
10,8,0.0,0.0,0.0,0.0,0.0,0.0,0.0,0.0,1.0
10,8,0.0,0.0,0.0,0.0,0.0,0.0,0.0,0.0,1.0
10,8,0.0,0.0,0.0,0.0,0.0,0.0,0.0,0.0,1.0
10,8,0.0,0.0,0.0,0.0,0.0,0.0,0.0,0.0,1.0
10,8,0.0,0.0,0.0,0.0,0.0,0.0,0.0,0.0,1.0
10,8,0.0,0.0,0.0,0.0,0.0,0.0,0.0,0.0,1.0
10,8,0.0,0.0,0.0,0.0,0.0,0.0,0.0,0.0,1.0
10,8,0.0,0.0,0.0,0.0,0.0,0.0,0.0,0.0,1.0
10,8,0.0,0.0,0.0,0.0,0.0,0.0,0.0,0.0,1.0
10,8,0.0,0.0,0.0,0.0,0.0,0.0,0.0,0.0,1.0
10,8,0.0,0.0,0.0,0.0,0.0,0.0,0.0,0.0,1.0
10,8,0.0,0.0,0.0,0.0,0.0,0.0,0.0,0.0,1.0
10,8,0.0,0.0,0.0,0.0,0.0,0.0,0.0,0.0,1.0
10,8,0.0,0.0,0.0,0.0,0.0,0.0,0.0,0.0,1.0
10,8,0.0,0.0,0.0,0.0,0.0,0.0,0.0,0.0,1.0
10,8,0.0,0.0,0.0,0.0,0.0,0.0,0.0,0.0,1.0
10,8,0.0,0.0,0.0,0.0,0.0,0.0,0.0,0.0,1.0
10,8,0.0,0.0,0.0,0.0,0.0,0.0,0.0,0.0,1.0
10,8,0.0,0.0,0.0,0.0,0.0,0.0,0.0,0.0,1.0
10,8,0.0,0.0,0.0,0.0,0.0,0.0,0.0,0.0,1.0
10,8,0.0,0.0,0.0,0.0,0.0,0.0,0.0,0.0,1.0
10,8,0.0,0.0,0.0,0.0,0.0,0.0,0.0,0.0,1.0
10,8,0.0,0.0,0.0,0.0,0.0,0.0,0.0,0.0,1.0
10,8,0.0,0.0,0.0,0.0,0.0,0.0,0.0,0.0,1.0
10,8,0.0,0.0,0.0,0.0,0.0,0.0,0.0,0.0,1.0
10,8,0.0,0.0,0.0,0.0,0.0,0.0,0.0,0.0,1.0
10,8,0.0,0.0,0.0,0.0,0.0,0.0,0.0,0.0,1.0
10,8,0.0,0.0,0.0,0.0,0.0,0.0,0.0,0.0,1.0
10,8,0.0,0.0,0.0,0.0,0.0,0.0,0.0,0.0,1.0
10,8,0.0,0.0,0.0,0.0,0.0,0.0,0.0,0.0,1.0
10,8,0.0,0.0,0.0,0.0,0.0,0.0,0.0,0.0,1.0
10,8,0.0,0.0,0.0,0.0,0.0,0.0,0.0,0.0,1.0
10,8,0.0,0.0,0.0,0.0,0.0,0.0,0.0,0.0,1.0
10,8,0.0,0.0,0.0,0.0,0.0,0.0,0.0,0.0,1.0
10,8,0.0,0.0,0.0,0.0,0.0,0.0,0.0,0.0,1.0
10,8,0.0,0.0,0.0,0.0,0.0,0.0,0.0,0.0,1.0
10,8,0.0,0.0,0.0,0.0,0.0,0.0,0.0,0.0,1.0
10,8,0.0,0.0,0.0,0.0,0.0,0.0,0.0,0.0,1.0
10,8,0.0,0.0,0.0,0.0,0.0,0.0,0.0,0.0,1.0
10,8,0.0,0.0,0.0,0.0,0.0,0.0,0.0,0.0,1.0
10,8,0.0,0.0,0.0,0.0,0.0,0.0,0.0,0.0,1.0
10,8,0.0,0.0,0.0,0.0,0.0,0.0,0.0,0.0,1.0
10,8,0.0,0.0,0.0,0.0,0.0,0.0,0.0,0.0,1.0
10,8,0.0,0.0,0.0,0.0,0.0,0.0,0.0,0.0,1.0
10,8,0.0,0.0,0.0,0.0,0.0,0.0,0.0,0.0,1.0
10,8,0.0,0.0,0.0,0.0,0.0,0.0,0.0,0.0,1.0
10,8,0.0,0.0,0.0,0.0,0.0,0.0,0.0,0.0,1.0
10,8,0.0,0.0,0.0,0.0,0.0,0.0,0.0,0.0,1.0
10,8,0.0,0.0,0.0,0.0,0.0,0.0,0.0,0.0,1.0
10,8,0.0,0.0,0.0,0.0,0.0,0.0,0.0,0.0,1.0
10,8,0.0,0.0,0.0,0.0,0.0,0.0,0.0,0.0,1.0
10,8,0.0,0.0,0.0,0.0,0.0,0.0,0.0,0.0,1.0
10,8,0.0,0.0,0.0,0.0,0.0,0.0,0.0,0.0,1.0
10,8,0.0,0.0,0.0,0.0,0.0,0.0,0.0,0.0,1.0
10,8,0.0,0.0,0.0,0.0,0.0,0.0,0.0,0.0,1.0
10,8,0.0,0.0,0.0,0.0,0.0,0.0,0.0,0.0,1.0
10,8,0.0,0.0,0.0,0.0,0.0,0.0,0.0,0.0,1.0
10,8,0.0,0.0,0.0,0.0,0.0,0.0,0.0,0.0,1.0
10,8,0.0,0.0,0.0,0.0,0.0,0.0,0.0,0.0,1.0
10,8,0.0,0.0,0.0,0.0,0.0,0.0,0.0,0.0,1.0
10,8,0.0,0.0,0.0,0.0,0.0,0.0,0.0,0.0,1.0
10,8,0.0,0.0,0.0,0.0,0.0,0.0,0.0,0.0,1.0
10,8,0.0,0.0,0.0,0.0,0.0,0.0,0.0,0.0,1.0
10,8,0.0,0.0,0.0,0.0,0.0,0.0,0.0,0.0,1.0
10,8,0.0,0.0,0.0,0.0,0.0,0.0,0.0,0.0,1.0
10,8,0.0,0.0,0.0,0.0,0.0,0.0,0.0,0.0,1.0
10,8,0.0,0.0,0.0,0.0,0.0,0.0,0.0,0.0,1.0
10,8,0.0,0.0,0.0,0.0,0.0,0.0,0.0,0.0,1.0
10,8,0.0,0.0,0.0,0.0,0.0,0.0,0.0,0.0,1.0
10,8,0.0,0.0,0.0,0.0,0.0,0.0,0.0,0.0,1.0
10,8,0.0,0.0,0.0,0.0,0.0,0.0,0.0,0.0,1.0
10,8,0.0,0.0,0.0,0.0,0.0,0.0,0.0,0.0,1.0
10,8,0.0,0.0,0.0,0.0,0.0,0.0,0.0,0.0,1.0
10,8,0.0,0.0,0.0,0.0,0.0,0.0,0.0,0.0,1.0
10,8,0.0,0.0,0.0,0.0,0.0,0.0,0.0,0.0,1.0
10,8,0.0,0.0,0.0,0.0,0.0,0.0,0.0,0.0,1.0
10,8,0.0,0.0,0.0,0.0,0.0,0.0,0.0,0.0,1.0
10,8,0.0,0.0,0.0,0.0,0.0,0.0,0.0,0.0,1.0
10,8,0.0,0.0,0.0,0.0,0.0,0.0,0.0,0.0,1.0
10,8,0.0,0.0,0.0,0.0,0.0,0.0,0.0,0.0,1.0
10,8,0.0,0.0,0.0,0.0,0.0,0.0,0.0,0.0,1.0
10,8,0.0,0.0,0.0,0.0,0.0,0.0,0.0,0.0,1.0
10,8,0.0,0.0,0.0,0.0,0.0,0.0,0.0,0.0,1.0
10,8,0.0,0.0,0.0,0.0,0.0,0.0,0.0,0.0,1.0
10,8,0.0,0.0,0.0,0.0,0.0,0.0,0.0,0.0,1.0
10,8,0.0,0.0,0.0,0.0,0.0,0.0,0.0,0.0,1.0
10,8,0.0,0.0,0.0,0.0,0.0,0.0,0.0,0.0,1.0
10,8,0.0,0.0,0.0,0.0,0.0,0.0,0.0,0.0,1.0
10,8,0.0,0.0,0.0,0.0,0.0,0.0,0.0,0.0,1.0
10,8,0.0,0.0,0.0,0.0,0.0,0.0,0.0,0.0,1.0
10,8,0.0,0.0,0.0,0.0,0.0,0.0,0.0,0.0,1.0
10,8,0.0,0.0,0.0,0.0,0.0,0.0,0.0,0.0,1.0
10,8,0.0,0.0,0.0,0.0,0.0,0.0,0.0,0.0,1.0
10,8,0.0,0.0,0.0,0.0,0.0,0.0,0.0,0.0,1.0
10,8,0.0,0.0,0.0,0.0,0.0,0.0,0.0,0.0,1.0
10,8,0.0,0.0,0.0,0.0,0.0,0.0,0.0,0.0,1.0
10,8,0.0,0.0,0.0,0.0,0.0,0.0,0.0,0.0,1.0
10,8,0.0,0.0,0.0,0.0,0.0,0.0,0.0,0.0,1.0
10,8,0.0,0.0,0.0,0.0,0.0,0.0,0.0,0.0,1.0
10,8,0.0,0.0,0.0,0.0,0.0,0.0,0.0,0.0,1.0
10,8,0.0,0.0,0.0,0.0,0.0,0.0,0.0,0.0,1.0
10,8,0.0,0.0,0.0,0.0,0.0,0.0,0.0,0.0,1.0
10,8,0.0,0.0,0.0,0.0,0.0,0.0,0.0,0.0,1.0
10,8,0.0,0.0,0.0,0.0,0.0,0.0,0.0,0.0,1.0
10,8,0.0,0.0,0.0,0.0,0.0,0.0,0.0,0.0,1.0
10,8,0.0,0.0,0.0,0.0,0.0,0.0,0.0,0.0,1.0
10,8,0.0,0.0,0.0,0.0,0.0,0.0,0.0,0.0,1.0
10,8,0.0,0.0,0.0,0.0,0.0,0.0,0.0,0.0,1.0
10,8,0.0,0.0,0.0,0.0,0.0,0.0,0.0,0.0,1.0
10,8,0.0,0.0,0.0,0.0,0.0,0.0,0.0,0.0,1.0
10,8,0.0,0.0,0.0,0.0,0.0,0.0,0.0,0.0,1.0
10,8,0.0,0.0,0.0,0.0,0.0,0.0,0.0,0.0,1.0
10,8,0.0,0.0,0.0,0.0,0.0,0.0,0.0,0.0,1.0
10,8,0.0,0.0,0.0,0.0,0.0,0.0,0.0,0.0,1.0
10,8,0.0,0.0,0.0,0.0,0.0,0.0,0.0,0.0,1.0
10,8,0.0,0.0,0.0,0.0,0.0,0.0,0.0,0.0,1.0
10,8,0.0,0.0,0.0,0.0,0.0,0.0,0.0,0.0,1.0
10,8,0.0,0.0,0.0,0.0,0.0,0.0,0.0,0.0,1.0
10,8,0.0,0.0,0.0,0.0,0.0,0.0,0.0,0.0,1.0
10,8,0.0,0.0,0.0,0.0,0.0,0.0,0.0,0.0,1.0
10,8,0.0,0.0,0.0,0.0,0.0,0.0,0.0,0.0,1.0
10,8,0.0,0.0,0.0,0.0,0.0,0.0,0.0,0.0,1.0
10,8,0.0,0.0,0.0,0.0,0.0,0.0,0.0,0.0,1.0
10,8,0.0,0.0,0.0,0.0,0.0,0.0,0.0,0.0,1.0
10,8,0.0,0.0,0.0,0.0,0.0,0.0,0.0,0.0,1.0
10,8,0.0,0.0,0.0,0.0,0.0,0.0,0.0,0.0,1.0
10,8,0.0,0.0,0.0,0.0,0.0,0.0,0.0,0.0,1.0
10,8,0.0,0.0,0.0,0.0,0.0,0.0,0.0,0.0,1.0
10,8,0.0,0.0,0.0,0.0,0.0,0.0,0.0,0.0,1.0
10,8,0.0,0.0,0.0,0.0,0.0,0.0,0.0,0.0,1.0
10,8,0.0,0.0,0.0,0.0,0.0,0.0,0.0,0.0,1.0
10,8,0.0,0.0,0.0,0.0,0.0,0.0,0.0,0.0,1.0
10,8,0.0,0.0,0.0,0.0,0.0,0.0,0.0,0.0,1.0
10,8,0.0,0.0,0.0,0.0,0.0,0.0,0.0,0.0,1.0
10,8,0.0,0.0,0.0,0.0,0.0,0.0,0.0,0.0,1.0
10,8,0.0,0.0,0.0,0.0,0.0,0.0,0.0,0.0,1.0
10,8,0.0,0.0,0.0,0.0,0.0,0.0,0.0,0.0,1.0
10,8,0.0,0.0,0.0,0.0,0.0,0.0,0.0,0.0,1.0
10,8,0.0,0.0,0.0,0.0,0.0,0.0,0.0,0.0,1.0
10,8,0.0,0.0,0.0,0.0,0.0,0.0,0.0,0.0,1.0
10,8,0.0,0.0,0.0,0.0,0.0,0.0,0.0,0.0,1.0
10,8,0.0,0.0,0.0,0.0,0.0,0.0,0.0,0.0,1.0
10,8,0.0,0.0,0.0,0.0,0.0,0.0,0.0,0.0,1.0
10,8,0.0,0.0,0.0,0.0,0.0,0.0,0.0,0.0,1.0
10,8,0.0,0.0,0.0,0.0,0.0,0.0,0.0,0.0,1.0
10,8,0.0,0.0,0.0,0.0,0.0,0.0,0.0,0.0,1.0
10,8,0.0,0.0,0.0,0.0,0.0,0.0,0.0,0.0,1.0
10,8,0.0,0.0,0.0,0.0,0.0,0.0,0.0,0.0,1.0
10,8,0.0,0.0,0.0,0.0,0.0,0.0,0.0,0.0,1.0
10,8,0.0,0.0,0.0,0.0,0.0,0.0,0.0,0.0,1.0
10,8,0.0,0.0,0.0,0.0,0.0,0.0,0.0,0.0,1.0
10,8,0.0,0.0,0.0,0.0,0.0,0.0,0.0,0.0,1.0
10,8,0.0,0.0,0.0,0.0,0.0,0.0,0.0,0.0,1.0
10,8,0.0,0.0,0.0,0.0,0.0,0.0,0.0,0.0,1.0
10,8,0.0,0.0,0.0,0.0,0.0,0.0,0.0,0.0,1.0
10,8,0.0,0.0,0.0,0.0,0.0,0.0,0.0,0.0,1.0
10,8,0.0,0.0,0.0,0.0,0.0,0.0,0.0,0.0,1.0
10,8,0.0,0.0,0.0,0.0,0.0,0.0,0.0,0.0,1.0
10,8,0.0,0.0,0.0,0.0,0.0,0.0,0.0,0.0,1.0
10,8,0.0,0.0,0.0,0.0,0.0,0.0,0.0,0.0,1.0
10,8,0.0,0.0,0.0,0.0,0.0,0.0,0.0,0.0,1.0
10,8,0.0,0.0,0.0,0.0,0.0,0.0,0.0,0.0,1.0
10,8,0.0,0.0,0.0,0.0,0.0,0.0,0.0,0.0,1.0
10,8,0.0,0.0,0.0,0.0,0.0,0.0,0.0,0.0,1.0
10,8,0.0,0.0,0.0,0.0,0.0,0.0,0.0,0.0,1.0
10,8,0.0,0.0,0.0,0.0,0.0,0.0,0.0,0.0,1.0
10,8,0.0,0.0,0.0,0.0,0.0,0.0,0.0,0.0,1.0
10,8,0.0,0.0,0.0,0.0,0.0,0.0,0.0,0.0,1.0
10,8,0.0,0.0,0.0,0.0,0.0,0.0,0.0,0.0,1.0
10,8,0.0,0.0,0.0,0.0,0.0,0.0,0.0,0.0,1.0
10,8,0.0,0.0,0.0,0.0,0.0,0.0,0.0,0.0,1.0
10,8,0.0,0.0,0.0,0.0,0.0,0.0,0.0,0.0,1.0
10,8,0.0,0.0,0.0,0.0,0.0,0.0,0.0,0.0,1.0
10,8,0.0,0.0,0.0,0.0,0.0,0.0,0.0,0.0,1.0
10,8,0.0,0.0,0.0,0.0,0.0,0.0,0.0,0.0,1.0
10,8,0.0,0.0,0.0,0.0,0.0,0.0,0.0,0.0,1.0
10,8,0.0,0.0,0.0,0.0,0.0,0.0,0.0,0.0,1.0
10,8,0.0,0.0,0.0,0.0,0.0,0.0,0.0,0.0,1.0
10,8,0.0,0.0,0.0,0.0,0.0,0.0,0.0,0.0,1.0
10,8,0.0,0.0,0.0,0.0,0.0,0.0,0.0,0.0,1.0
10,8,0.0,0.0,0.0,0.0,0.0,0.0,0.0,0.0,1.0
10,8,0.0,0.0,0.0,0.0,0.0,0.0,0.0,0.0,1.0
10,8,0.0,0.0,0.0,0.0,0.0,0.0,0.0,0.0,1.0
10,8,0.0,0.0,0.0,0.0,0.0,0.0,0.0,0.0,1.0
10,8,0.0,0.0,0.0,0.0,0.0,0.0,0.0,0.0,1.0
10,8,0.0,0.0,0.0,0.0,0.0,0.0,0.0,0.0,1.0
10,8,0.0,0.0,0.0,0.0,0.0,0.0,0.0,0.0,1.0
10,8,0.0,0.0,0.0,0.0,0.0,0.0,0.0,0.0,1.0
10,8,0.0,0.0,0.0,0.0,0.0,0.0,0.0,0.0,1.0
10,8,0.0,0.0,0.0,0.0,0.0,0.0,0.0,0.0,1.0
10,8,0.0,0.0,0.0,0.0,0.0,0.0,0.0,0.0,1.0
10,8,0.0,0.0,0.0,0.0,0.0,0.0,0.0,0.0,1.0
10,8,0.0,0.0,0.0,0.0,0.0,0.0,0.0,0.0,1.0
10,8,0.0,0.0,0.0,0.0,0.0,0.0,0.0,0.0,1.0
10,8,0.0,0.0,0.0,0.0,0.0,0.0,0.0,0.0,1.0
10,8,0.0,0.0,0.0,0.0,0.0,0.0,0.0,0.0,1.0
10,8,0.0,0.0,0.0,0.0,0.0,0.0,0.0,0.0,1.0
10,8,0.0,0.0,0.0,0.0,0.0,0.0,0.0,0.0,1.0
10,8,0.0,0.0,0.0,0.0,0.0,0.0,0.0,0.0,1.0
10,8,0.0,0.0,0.0,0.0,0.0,0.0,0.0,0.0,1.0
10,8,0.0,0.0,0.0,0.0,0.0,0.0,0.0,0.0,1.0
10,8,0.0,0.0,0.0,0.0,0.0,0.0,0.0,0.0,1.0
10,8,0.0,0.0,0.0,0.0,0.0,0.0,0.0,0.0,1.0
10,8,0.0,0.0,0.0,0.0,0.0,0.0,0.0,0.0,1.0
10,8,0.0,0.0,0.0,0.0,0.0,0.0,0.0,0.0,1.0
10,8,0.0,0.0,0.0,0.0,0.0,0.0,0.0,0.0,1.0
10,8,0.0,0.0,0.0,0.0,0.0,0.0,0.0,0.0,1.0
10,8,0.0,0.0,0.0,0.0,0.0,0.0,0.0,0.0,1.0
10,8,0.0,0.0,0.0,0.0,0.0,0.0,0.0,0.0,1.0
10,8,0.0,0.0,0.0,0.0,0.0,0.0,0.0,0.0,1.0
10,8,0.0,0.0,0.0,0.0,0.0,0.0,0.0,0.0,1.0
10,8,0.0,0.0,0.0,0.0,0.0,0.0,0.0,0.0,1.0
10,8,0.0,0.0,0.0,0.0,0.0,0.0,0.0,0.0,1.0
10,8,0.0,0.0,0.0,0.0,0.0,0.0,0.0,0.0,1.0
10,8,0.0,0.0,0.0,0.0,0.0,0.0,0.0,0.0,1.0
10,8,0.0,0.0,0.0,0.0,0.0,0.0,0.0,0.0,1.0
10,8,0.0,0.0,0.0,0.0,0.0,0.0,0.0,0.0,1.0
10,8,0.0,0.0,0.0,0.0,0.0,0.0,0.0,0.0,1.0
10,8,0.0,0.0,0.0,0.0,0.0,0.0,0.0,0.0,1.0
10,8,0.0,0.0,0.0,0.0,0.0,0.0,0.0,0.0,1.0
10,8,0.0,0.0,0.0,0.0,0.0,0.0,0.0,0.0,1.0
10,8,0.0,0.0,0.0,0.0,0.0,0.0,0.0,0.0,1.0
10,8,0.0,0.0,0.0,0.0,0.0,0.0,0.0,0.0,1.0
10,8,0.0,0.0,0.0,0.0,0.0,0.0,0.0,0.0,1.0
10,8,0.0,0.0,0.0,0.0,0.0,0.0,0.0,0.0,1.0
10,8,0.0,0.0,0.0,0.0,0.0,0.0,0.0,0.0,1.0
10,8,0.0,0.0,0.0,0.0,0.0,0.0,0.0,0.0,1.0
10,8,0.0,0.0,0.0,0.0,0.0,0.0,0.0,0.0,1.0
10,8,0.0,0.0,0.0,0.0,0.0,0.0,0.0,0.0,1.0
10,8,0.0,0.0,0.0,0.0,0.0,0.0,0.0,0.0,1.0
10,8,0.0,0.0,0.0,0.0,0.0,0.0,0.0,0.0,1.0
10,8,0.0,0.0,0.0,0.0,0.0,0.0,0.0,0.0,1.0
10,8,0.0,0.0,0.0,0.0,0.0,0.0,0.0,0.0,1.0
10,8,0.0,0.0,0.0,0.0,0.0,0.0,0.0,0.0,1.0
10,8,0.0,0.0,0.0,0.0,0.0,0.0,0.0,0.0,1.0
10,8,0.0,0.0,0.0,0.0,0.0,0.0,0.0,0.0,1.0
10,8,0.0,0.0,0.0,0.0,0.0,0.0,0.0,0.0,1.0
10,8,0.0,0.0,0.0,0.0,0.0,0.0,0.0,0.0,1.0
10,8,0.0,0.0,0.0,0.0,0.0,0.0,0.0,0.0,1.0
10,8,0.0,0.0,0.0,0.0,0.0,0.0,0.0,0.0,1.0
10,8,0.0,0.0,0.0,0.0,0.0,0.0,0.0,0.0,1.0
10,8,0.0,0.0,0.0,0.0,0.0,0.0,0.0,0.0,1.0
10,8,0.0,0.0,0.0,0.0,0.0,0.0,0.0,0.0,1.0
10,8,0.0,0.0,0.0,0.0,0.0,0.0,0.0,0.0,1.0
10,8,0.0,0.0,0.0,0.0,0.0,0.0,0.0,0.0,1.0
10,8,0.0,0.0,0.0,0.0,0.0,0.0,0.0,0.0,1.0
10,8,0.0,0.0,0.0,0.0,0.0,0.0,0.0,0.0,1.0
10,8,0.0,0.0,0.0,0.0,0.0,0.0,0.0,0.0,1.0
10,8,0.0,0.0,0.0,0.0,0.0,0.0,0.0,0.0,1.0
10,8,0.0,0.0,0.0,0.0,0.0,0.0,0.0,0.0,1.0
10,8,0.0,0.0,0.0,0.0,0.0,0.0,0.0,0.0,1.0
10,8,0.0,0.0,0.0,0.0,0.0,0.0,0.0,0.0,1.0
10,8,0.0,0.0,0.0,0.0,0.0,0.0,0.0,0.0,1.0
10,8,0.0,0.0,0.0,0.0,0.0,0.0,0.0,0.0,1.0
10,8,0.0,0.0,0.0,0.0,0.0,0.0,0.0,0.0,1.0
10,8,0.0,0.0,0.0,0.0,0.0,0.0,0.0,0.0,1.0
10,8,0.0,0.0,0.0,0.0,0.0,0.0,0.0,0.0,1.0
10,8,0.0,0.0,0.0,0.0,0.0,0.0,0.0,0.0,1.0
10,8,0.0,0.0,0.0,0.0,0.0,0.0,0.0,0.0,1.0
10,8,0.0,0.0,0.0,0.0,0.0,0.0,0.0,0.0,1.0
10,8,0.0,0.0,0.0,0.0,0.0,0.0,0.0,0.0,1.0
10,8,0.0,0.0,0.0,0.0,0.0,0.0,0.0,0.0,1.0
10,8,0.0,0.0,0.0,0.0,0.0,0.0,0.0,0.0,1.0
10,8,0.0,0.0,0.0,0.0,0.0,0.0,0.0,0.0,1.0
10,8,0.0,0.0,0.0,0.0,0.0,0.0,0.0,0.0,1.0
10,8,0.0,0.0,0.0,0.0,0.0,0.0,0.0,0.0,1.0
10,8,0.0,0.0,0.0,0.0,0.0,0.0,0.0,0.0,1.0
10,8,0.0,0.0,0.0,0.0,0.0,0.0,0.0,0.0,1.0
10,8,0.0,0.0,0.0,0.0,0.0,0.0,0.0,0.0,1.0
10,8,0.0,0.0,0.0,0.0,0.0,0.0,0.0,0.0,1.0
10,8,0.0,0.0,0.0,0.0,0.0,0.0,0.0,0.0,1.0
10,8,0.0,0.0,0.0,0.0,0.0,0.0,0.0,0.0,1.0
10,8,0.0,0.0,0.0,0.0,0.0,0.0,0.0,0.0,1.0
10,8,0.0,0.0,0.0,0.0,0.0,0.0,0.0,0.0,1.0
10,8,0.0,0.0,0.0,0.0,0.0,0.0,0.0,0.0,1.0
10,8,0.0,0.0,0.0,0.0,0.0,0.0,0.0,0.0,1.0
10,8,0.0,0.0,0.0,0.0,0.0,0.0,0.0,0.0,1.0
10,8,0.0,0.0,0.0,0.0,0.0,0.0,0.0,0.0,1.0
10,8,0.0,0.0,0.0,0.0,0.0,0.0,0.0,0.0,1.0
10,8,0.0,0.0,0.0,0.0,0.0,0.0,0.0,0.0,1.0
10,8,0.0,0.0,0.0,0.0,0.0,0.0,0.0,0.0,1.0
10,8,0.0,0.0,0.0,0.0,0.0,0.0,0.0,0.0,1.0
10,8,0.0,0.0,0.0,0.0,0.0,0.0,0.0,0.0,1.0
10,8,0.0,0.0,0.0,0.0,0.0,0.0,0.0,0.0,1.0
10,8,0.0,0.0,0.0,0.0,0.0,0.0,0.0,0.0,1.0
10,8,0.0,0.0,0.0,0.0,0.0,0.0,0.0,0.0,1.0
10,8,0.0,0.0,0.0,0.0,0.0,0.0,0.0,0.0,1.0
10,8,0.0,0.0,0.0,0.0,0.0,0.0,0.0,0.0,1.0
10,8,0.0,0.0,0.0,0.0,0.0,0.0,0.0,0.0,1.0
10,8,0.0,0.0,0.0,0.0,0.0,0.0,0.0,0.0,1.0
10,8,0.0,0.0,0.0,0.0,0.0,0.0,0.0,0.0,1.0
10,8,0.0,0.0,0.0,0.0,0.0,0.0,0.0,0.0,1.0
10,8,0.0,0.0,0.0,0.0,0.0,0.0,0.0,0.0,1.0
10,8,0.0,0.0,0.0,0.0,0.0,0.0,0.0,0.0,1.0
10,8,0.0,0.0,0.0,0.0,0.0,0.0,0.0,0.0,1.0
10,8,0.0,0.0,0.0,0.0,0.0,0.0,0.0,0.0,1.0
10,8,0.0,0.0,0.0,0.0,0.0,0.0,0.0,0.0,1.0
10,8,0.0,0.0,0.0,0.0,0.0,0.0,0.0,0.0,1.0
10,8,0.0,0.0,0.0,0.0,0.0,0.0,0.0,0.0,1.0
10,8,0.0,0.0,0.0,0.0,0.0,0.0,0.0,0.0,1.0
10,8,0.0,0.0,0.0,0.0,0.0,0.0,0.0,0.0,1.0
10,8,0.0,0.0,0.0,0.0,0.0,0.0,0.0,0.0,1.0
10,8,0.0,0.0,0.0,0.0,0.0,0.0,0.0,0.0,1.0
10,8,0.0,0.0,0.0,0.0,0.0,0.0,0.0,0.0,1.0
10,8,0.0,0.0,0.0,0.0,0.0,0.0,0.0,0.0,1.0
10,8,0.0,0.0,0.0,0.0,0.0,0.0,0.0,0.0,1.0
10,8,0.0,0.0,0.0,0.0,0.0,0.0,0.0,0.0,1.0
10,8,0.0,0.0,0.0,0.0,0.0,0.0,0.0,0.0,1.0
10,8,0.0,0.0,0.0,0.0,0.0,0.0,0.0,0.0,1.0
10,8,0.0,0.0,0.0,0.0,0.0,0.0,0.0,0.0,1.0
10,8,0.0,0.0,0.0,0.0,0.0,0.0,0.0,0.0,1.0
10,8,0.0,0.0,0.0,0.0,0.0,0.0,0.0,0.0,1.0
10,8,0.0,0.0,0.0,0.0,0.0,0.0,0.0,0.0,1.0
10,8,0.0,0.0,0.0,0.0,0.0,0.0,0.0,0.0,1.0
10,8,0.0,0.0,0.0,0.0,0.0,0.0,0.0,0.0,1.0
10,8,0.0,0.0,0.0,0.0,0.0,0.0,0.0,0.0,1.0
10,8,0.0,0.0,0.0,0.0,0.0,0.0,0.0,0.0,1.0
10,8,0.0,0.0,0.0,0.0,0.0,0.0,0.0,0.0,1.0
10,8,0.0,0.0,0.0,0.0,0.0,0.0,0.0,0.0,1.0
10,8,0.0,0.0,0.0,0.0,0.0,0.0,0.0,0.0,1.0
10,8,0.0,0.0,0.0,0.0,0.0,0.0,0.0,0.0,1.0
10,8,0.0,0.0,0.0,0.0,0.0,0.0,0.0,0.0,1.0
10,8,0.0,0.0,0.0,0.0,0.0,0.0,0.0,0.0,1.0
10,8,0.0,0.0,0.0,0.0,0.0,0.0,0.0,0.0,1.0
10,8,0.0,0.0,0.0,0.0,0.0,0.0,0.0,0.0,1.0
10,8,0.0,0.0,0.0,0.0,0.0,0.0,0.0,0.0,1.0
10,8,0.0,0.0,0.0,0.0,0.0,0.0,0.0,0.0,1.0
10,8,0.0,0.0,0.0,0.0,0.0,0.0,0.0,0.0,1.0
10,8,0.0,0.0,0.0,0.0,0.0,0.0,0.0,0.0,1.0
10,8,0.0,0.0,0.0,0.0,0.0,0.0,0.0,0.0,1.0
10,8,0.0,0.0,0.0,0.0,0.0,0.0,0.0,0.0,1.0
10,8,0.0,0.0,0.0,0.0,0.0,0.0,0.0,0.0,1.0
10,8,0.0,0.0,0.0,0.0,0.0,0.0,0.0,0.0,1.0
10,8,0.0,0.0,0.0,0.0,0.0,0.0,0.0,0.0,1.0
10,8,0.0,0.0,0.0,0.0,0.0,0.0,0.0,0.0,1.0
10,8,0.0,0.0,0.0,0.0,0.0,0.0,0.0,0.0,1.0
10,8,0.0,0.0,0.0,0.0,0.0,0.0,0.0,0.0,1.0
10,8,0.0,0.0,0.0,0.0,0.0,0.0,0.0,0.0,1.0
10,8,0.0,0.0,0.0,0.0,0.0,0.0,0.0,0.0,1.0
10,8,0.0,0.0,0.0,0.0,0.0,0.0,0.0,0.0,1.0
10,8,0.0,0.0,0.0,0.0,0.0,0.0,0.0,0.0,1.0
10,8,0.0,0.0,0.0,0.0,0.0,0.0,0.0,0.0,1.0
10,8,0.0,0.0,0.0,0.0,0.0,0.0,0.0,0.0,1.0
10,8,0.0,0.0,0.0,0.0,0.0,0.0,0.0,0.0,1.0
10,8,0.0,0.0,0.0,0.0,0.0,0.0,0.0,0.0,1.0
10,8,0.0,0.0,0.0,0.0,0.0,0.0,0.0,0.0,1.0
10,8,0.0,0.0,0.0,0.0,0.0,0.0,0.0,0.0,1.0
10,8,0.0,0.0,0.0,0.0,0.0,0.0,0.0,0.0,1.0
10,8,0.0,0.0,0.0,0.0,0.0,0.0,0.0,0.0,1.0
10,8,0.0,0.0,0.0,0.0,0.0,0.0,0.0,0.0,1.0
10,8,0.0,0.0,0.0,0.0,0.0,0.0,0.0,0.0,1.0
10,8,0.0,0.0,0.0,0.0,0.0,0.0,0.0,0.0,1.0
10,8,0.0,0.0,0.0,0.0,0.0,0.0,0.0,0.0,1.0
10,8,0.0,0.0,0.0,0.0,0.0,0.0,0.0,0.0,1.0
10,8,0.0,0.0,0.0,0.0,0.0,0.0,0.0,0.0,1.0
10,8,0.0,0.0,0.0,0.0,0.0,0.0,0.0,0.0,1.0
10,8,0.0,0.0,0.0,0.0,0.0,0.0,0.0,0.0,1.0
10,8,0.0,0.0,0.0,0.0,0.0,0.0,0.0,0.0,1.0
10,8,0.0,0.0,0.0,0.0,0.0,0.0,0.0,0.0,1.0
10,8,0.0,0.0,0.0,0.0,0.0,0.0,0.0,0.0,1.0
10,8,0.0,0.0,0.0,0.0,0.0,0.0,0.0,0.0,1.0
10,8,0.0,0.0,0.0,0.0,0.0,0.0,0.0,0.0,1.0
10,8,0.0,0.0,0.0,0.0,0.0,0.0,0.0,0.0,1.0
10,8,0.0,0.0,0.0,0.0,0.0,0.0,0.0,0.0,1.0
10,8,0.0,0.0,0.0,0.0,0.0,0.0,0.0,0.0,1.0
10,8,0.0,0.0,0.0,0.0,0.0,0.0,0.0,0.0,1.0
10,8,0.0,0.0,0.0,0.0,0.0,0.0,0.0,0.0,1.0
10,8,0.0,0.0,0.0,0.0,0.0,0.0,0.0,0.0,1.0
10,8,0.0,0.0,0.0,0.0,0.0,0.0,0.0,0.0,1.0
10,8,0.0,0.0,0.0,0.0,0.0,0.0,0.0,0.0,1.0
10,8,0.0,0.0,0.0,0.0,0.0,0.0,0.0,0.0,1.0
10,8,0.0,0.0,0.0,0.0,0.0,0.0,0.0,0.0,1.0
10,8,0.0,0.0,0.0,0.0,0.0,0.0,0.0,0.0,1.0
10,8,0.0,0.0,0.0,0.0,0.0,0.0,0.0,0.0,1.0
10,8,0.0,0.0,0.0,0.0,0.0,0.0,0.0,0.0,1.0
10,8,0.0,0.0,0.0,0.0,0.0,0.0,0.0,0.0,1.0
10,8,0.0,0.0,0.0,0.0,0.0,0.0,0.0,0.0,1.0
10,8,0.0,0.0,0.0,0.0,0.0,0.0,0.0,0.0,1.0
10,8,0.0,0.0,0.0,0.0,0.0,0.0,0.0,0.0,1.0
10,8,0.0,0.0,0.0,0.0,0.0,0.0,0.0,0.0,1.0
10,8,0.0,0.0,0.0,0.0,0.0,0.0,0.0,0.0,1.0
10,8,0.0,0.0,0.0,0.0,0.0,0.0,0.0,0.0,1.0
10,8,0.0,0.0,0.0,0.0,0.0,0.0,0.0,0.0,1.0
10,8,0.0,0.0,0.0,0.0,0.0,0.0,0.0,0.0,1.0
10,8,0.0,0.0,0.0,0.0,0.0,0.0,0.0,0.0,1.0
10,8,0.0,0.0,0.0,0.0,0.0,0.0,0.0,0.0,1.0
10,8,0.0,0.0,0.0,0.0,0.0,0.0,0.0,0.0,1.0
10,8,0.0,0.0,0.0,0.0,0.0,0.0,0.0,0.0,1.0
10,8,0.0,0.0,0.0,0.0,0.0,0.0,0.0,0.0,1.0
10,8,0.0,0.0,0.0,0.0,0.0,0.0,0.0,0.0,1.0
10,8,0.0,0.0,0.0,0.0,0.0,0.0,0.0,0.0,1.0
10,8,0.0,0.0,0.0,0.0,0.0,0.0,0.0,0.0,1.0
10,8,0.0,0.0,0.0,0.0,0.0,0.0,0.0,0.0,1.0
10,8,0.0,0.0,0.0,0.0,0.0,0.0,0.0,0.0,1.0
10,8,0.0,0.0,0.0,0.0,0.0,0.0,0.0,0.0,1.0
10,8,0.0,0.0,0.0,0.0,0.0,0.0,0.0,0.0,1.0
10,8,0.0,0.0,0.0,0.0,0.0,0.0,0.0,0.0,1.0
10,8,0.0,0.0,0.0,0.0,0.0,0.0,0.0,0.0,1.0
10,8,0.0,0.0,0.0,0.0,0.0,0.0,0.0,0.0,1.0
10,8,0.0,0.0,0.0,0.0,0.0,0.0,0.0,0.0,1.0
10,8,0.0,0.0,0.0,0.0,0.0,0.0,0.0,0.0,1.0
10,8,0.0,0.0,0.0,0.0,0.0,0.0,0.0,0.0,1.0
10,8,0.0,0.0,0.0,0.0,0.0,0.0,0.0,0.0,1.0
10,8,0.0,0.0,0.0,0.0,0.0,0.0,0.0,0.0,1.0
10,8,0.0,0.0,0.0,0.0,0.0,0.0,0.0,0.0,1.0
10,8,0.0,0.0,0.0,0.0,0.0,0.0,0.0,0.0,1.0
10,8,0.0,0.0,0.0,0.0,0.0,0.0,0.0,0.0,1.0
10,8,0.0,0.0,0.0,0.0,0.0,0.0,0.0,0.0,1.0
10,8,0.0,0.0,0.0,0.0,0.0,0.0,0.0,0.0,1.0
10,8,0.0,0.0,0.0,0.0,0.0,0.0,0.0,0.0,1.0
10,8,0.0,0.0,0.0,0.0,0.0,0.0,0.0,0.0,1.0
10,8,0.0,0.0,0.0,0.0,0.0,0.0,0.0,0.0,1.0
10,8,0.0,0.0,0.0,0.0,0.0,0.0,0.0,0.0,1.0
10,8,0.0,0.0,0.0,0.0,0.0,0.0,0.0,0.0,1.0
10,8,0.0,0.0,0.0,0.0,0.0,0.0,0.0,0.0,1.0
10,8,0.0,0.0,0.0,0.0,0.0,0.0,0.0,0.0,1.0
10,8,0.0,0.0,0.0,0.0,0.0,0.0,0.0,0.0,1.0
10,8,0.0,0.0,0.0,0.0,0.0,0.0,0.0,0.0,1.0
10,8,0.0,0.0,0.0,0.0,0.0,0.0,0.0,0.0,1.0
10,8,0.0,0.0,0.0,0.0,0.0,0.0,0.0,0.0,1.0
10,8,0.0,0.0,0.0,0.0,0.0,0.0,0.0,0.0,1.0
10,8,0.0,0.0,0.0,0.0,0.0,0.0,0.0,0.0,1.0
10,8,0.0,0.0,0.0,0.0,0.0,0.0,0.0,0.0,1.0
10,8,0.0,0.0,0.0,0.0,0.0,0.0,0.0,0.0,1.0
10,8,0.0,0.0,0.0,0.0,0.0,0.0,0.0,0.0,1.0
10,8,0.0,0.0,0.0,0.0,0.0,0.0,0.0,0.0,1.0
10,8,0.0,0.0,0.0,0.0,0.0,0.0,0.0,0.0,1.0
10,8,0.0,0.0,0.0,0.0,0.0,0.0,0.0,0.0,1.0
10,8,0.0,0.0,0.0,0.0,0.0,0.0,0.0,0.0,1.0
10,8,0.0,0.0,0.0,0.0,0.0,0.0,0.0,0.0,1.0
10,8,0.0,0.0,0.0,0.0,0.0,0.0,0.0,0.0,1.0
10,8,0.0,0.0,0.0,0.0,0.0,0.0,0.0,0.0,1.0
10,8,0.0,0.0,0.0,0.0,0.0,0.0,0.0,0.0,1.0
10,8,0.0,0.0,0.0,0.0,0.0,0.0,0.0,0.0,1.0
10,8,0.0,0.0,0.0,0.0,0.0,0.0,0.0,0.0,1.0
10,8,0.0,0.0,0.0,0.0,0.0,0.0,0.0,0.0,1.0
10,8,0.0,0.0,0.0,0.0,0.0,0.0,0.0,0.0,1.0
10,8,0.0,0.0,0.0,0.0,0.0,0.0,0.0,0.0,1.0
10,8,0.0,0.0,0.0,0.0,0.0,0.0,0.0,0.0,1.0
10,8,0.0,0.0,0.0,0.0,0.0,0.0,0.0,0.0,1.0
10,8,0.0,0.0,0.0,0.0,0.0,0.0,0.0,0.0,1.0
10,8,0.0,0.0,0.0,0.0,0.0,0.0,0.0,0.0,1.0
10,8,0.0,0.0,0.0,0.0,0.0,0.0,0.0,0.0,1.0
10,8,0.0,0.0,0.0,0.0,0.0,0.0,0.0,0.0,1.0
10,8,0.0,0.0,0.0,0.0,0.0,0.0,0.0,0.0,1.0
10,8,0.0,0.0,0.0,0.0,0.0,0.0,0.0,0.0,1.0
10,8,0.0,0.0,0.0,0.0,0.0,0.0,0.0,0.0,1.0
10,8,0.0,0.0,0.0,0.0,0.0,0.0,0.0,0.0,1.0
10,8,0.0,0.0,0.0,0.0,0.0,0.0,0.0,0.0,1.0
10,8,0.0,0.0,0.0,0.0,0.0,0.0,0.0,0.0,1.0
10,8,0.0,0.0,0.0,0.0,0.0,0.0,0.0,0.0,1.0
10,8,0.0,0.0,0.0,0.0,0.0,0.0,0.0,0.0,1.0
10,8,0.0,0.0,0.0,0.0,0.0,0.0,0.0,0.0,1.0
10,8,0.0,0.0,0.0,0.0,0.0,0.0,0.0,0.0,1.0
10,8,0.0,0.0,0.0,0.0,0.0,0.0,0.0,0.0,1.0
10,8,0.0,0.0,0.0,0.0,0.0,0.0,0.0,0.0,1.0
10,8,0.0,0.0,0.0,0.0,0.0,0.0,0.0,0.0,1.0
10,8,0.0,0.0,0.0,0.0,0.0,0.0,0.0,0.0,1.0
10,8,0.0,0.0,0.0,0.0,0.0,0.0,0.0,0.0,1.0
10,8,0.0,0.0,0.0,0.0,0.0,0.0,0.0,0.0,1.0
10,8,0.0,0.0,0.0,0.0,0.0,0.0,0.0,0.0,1.0
10,8,0.0,0.0,0.0,0.0,0.0,0.0,0.0,0.0,1.0
10,8,0.0,0.0,0.0,0.0,0.0,0.0,0.0,0.0,1.0
10,8,0.0,0.0,0.0,0.0,0.0,0.0,0.0,0.0,1.0
10,8,0.0,0.0,0.0,0.0,0.0,0.0,0.0,0.0,1.0
10,8,0.0,0.0,0.0,0.0,0.0,0.0,0.0,0.0,1.0
10,8,0.0,0.0,0.0,0.0,0.0,0.0,0.0,0.0,1.0
10,8,0.0,0.0,0.0,0.0,0.0,0.0,0.0,0.0,1.0
10,8,0.0,0.0,0.0,0.0,0.0,0.0,0.0,0.0,1.0
10,8,0.0,0.0,0.0,0.0,0.0,0.0,0.0,0.0,1.0
10,8,0.0,0.0,0.0,0.0,0.0,0.0,0.0,0.0,1.0
10,8,0.0,0.0,0.0,0.0,0.0,0.0,0.0,0.0,1.0
10,8,0.0,0.0,0.0,0.0,0.0,0.0,0.0,0.0,1.0
10,8,0.0,0.0,0.0,0.0,0.0,0.0,0.0,0.0,1.0
10,8,0.0,0.0,0.0,0.0,0.0,0.0,0.0,0.0,1.0
10,8,0.0,0.0,0.0,0.0,0.0,0.0,0.0,0.0,1.0
10,8,0.0,0.0,0.0,0.0,0.0,0.0,0.0,0.0,1.0
10,8,0.0,0.0,0.0,0.0,0.0,0.0,0.0,0.0,1.0
10,8,0.0,0.0,0.0,0.0,0.0,0.0,0.0,0.0,1.0
10,8,0.0,0.0,0.0,0.0,0.0,0.0,0.0,0.0,1.0
10,8,0.0,0.0,0.0,0.0,0.0,0.0,0.0,0.0,1.0
10,8,0.0,0.0,0.0,0.0,0.0,0.0,0.0,0.0,1.0
10,8,0.0,0.0,0.0,0.0,0.0,0.0,0.0,0.0,1.0
10,8,0.0,0.0,0.0,0.0,0.0,0.0,0.0,0.0,1.0
10,8,0.0,0.0,0.0,0.0,0.0,0.0,0.0,0.0,1.0
10,8,0.0,0.0,0.0,0.0,0.0,0.0,0.0,0.0,1.0
10,8,0.0,0.0,0.0,0.0,0.0,0.0,0.0,0.0,1.0
10,8,0.0,0.0,0.0,0.0,0.0,0.0,0.0,0.0,1.0
10,8,0.0,0.0,0.0,0.0,0.0,0.0,0.0,0.0,1.0
10,8,0.0,0.0,0.0,0.0,0.0,0.0,0.0,0.0,1.0
10,8,0.0,0.0,0.0,0.0,0.0,0.0,0.0,0.0,1.0
10,8,0.0,0.0,0.0,0.0,0.0,0.0,0.0,0.0,1.0
10,8,0.0,0.0,0.0,0.0,0.0,0.0,0.0,0.0,1.0
10,8,0.0,0.0,0.0,0.0,0.0,0.0,0.0,0.0,1.0
10,8,0.0,0.0,0.0,0.0,0.0,0.0,0.0,0.0,1.0
10,8,0.0,0.0,0.0,0.0,0.0,0.0,0.0,0.0,1.0
10,8,0.0,0.0,0.0,0.0,0.0,0.0,0.0,0.0,1.0
10,8,0.0,0.0,0.0,0.0,0.0,0.0,0.0,0.0,1.0
10,8,0.0,0.0,0.0,0.0,0.0,0.0,0.0,0.0,1.0
10,8,0.0,0.0,0.0,0.0,0.0,0.0,0.0,0.0,1.0
10,8,0.0,0.0,0.0,0.0,0.0,0.0,0.0,0.0,1.0
10,8,0.0,0.0,0.0,0.0,0.0,0.0,0.0,0.0,1.0
10,8,0.0,0.0,0.0,0.0,0.0,0.0,0.0,0.0,1.0
10,8,0.0,0.0,0.0,0.0,0.0,0.0,0.0,0.0,1.0
10,8,0.0,0.0,0.0,0.0,0.0,0.0,0.0,0.0,1.0
10,8,0.0,0.0,0.0,0.0,0.0,0.0,0.0,0.0,1.0
10,8,0.0,0.0,0.0,0.0,0.0,0.0,0.0,0.0,1.0
10,8,0.0,0.0,0.0,0.0,0.0,0.0,0.0,0.0,1.0
10,8,0.0,0.0,0.0,0.0,0.0,0.0,0.0,0.0,1.0
10,8,0.0,0.0,0.0,0.0,0.0,0.0,0.0,0.0,1.0
10,8,0.0,0.0,0.0,0.0,0.0,0.0,0.0,0.0,1.0
10,8,0.0,0.0,0.0,0.0,0.0,0.0,0.0,0.0,1.0
10,8,0.0,0.0,0.0,0.0,0.0,0.0,0.0,0.0,1.0
10,8,0.0,0.0,0.0,0.0,0.0,0.0,0.0,0.0,1.0
10,8,0.0,0.0,0.0,0.0,0.0,0.0,0.0,0.0,1.0
10,8,0.0,0.0,0.0,0.0,0.0,0.0,0.0,0.0,1.0
10,8,0.0,0.0,0.0,0.0,0.0,0.0,0.0,0.0,1.0
10,8,0.0,0.0,0.0,0.0,0.0,0.0,0.0,0.0,1.0
10,8,0.0,0.0,0.0,0.0,0.0,0.0,0.0,0.0,1.0
10,8,0.0,0.0,0.0,0.0,0.0,0.0,0.0,0.0,1.0
10,8,0.0,0.0,0.0,0.0,0.0,0.0,0.0,0.0,1.0
10,8,0.0,0.0,0.0,0.0,0.0,0.0,0.0,0.0,1.0
10,8,0.0,0.0,0.0,0.0,0.0,0.0,0.0,0.0,1.0
10,8,0.0,0.0,0.0,0.0,0.0,0.0,0.0,0.0,1.0
10,8,0.0,0.0,0.0,0.0,0.0,0.0,0.0,0.0,1.0
10,8,0.0,0.0,0.0,0.0,0.0,0.0,0.0,0.0,1.0
10,8,0.0,0.0,0.0,0.0,0.0,0.0,0.0,0.0,1.0
10,8,0.0,0.0,0.0,0.0,0.0,0.0,0.0,0.0,1.0
10,8,0.0,0.0,0.0,0.0,0.0,0.0,0.0,0.0,1.0
10,8,0.0,0.0,0.0,0.0,0.0,0.0,0.0,0.0,1.0
10,8,0.0,0.0,0.0,0.0,0.0,0.0,0.0,0.0,1.0
10,8,0.0,0.0,0.0,0.0,0.0,0.0,0.0,0.0,1.0
10,8,0.0,0.0,0.0,0.0,0.0,0.0,0.0,0.0,1.0
10,8,0.0,0.0,0.0,0.0,0.0,0.0,0.0,0.0,1.0
10,8,0.0,0.0,0.0,0.0,0.0,0.0,0.0,0.0,1.0
10,8,0.0,0.0,0.0,0.0,0.0,0.0,0.0,0.0,1.0
10,8,0.0,0.0,0.0,0.0,0.0,0.0,0.0,0.0,1.0
10,8,0.0,0.0,0.0,0.0,0.0,0.0,0.0,0.0,1.0
10,8,0.0,0.0,0.0,0.0,0.0,0.0,0.0,0.0,1.0
10,8,0.0,0.0,0.0,0.0,0.0,0.0,0.0,0.0,1.0
10,8,0.0,0.0,0.0,0.0,0.0,0.0,0.0,0.0,1.0
10,8,0.0,0.0,0.0,0.0,0.0,0.0,0.0,0.0,1.0
10,8,0.0,0.0,0.0,0.0,0.0,0.0,0.0,0.0,1.0
10,8,0.0,0.0,0.0,0.0,0.0,0.0,0.0,0.0,1.0
10,8,0.0,0.0,0.0,0.0,0.0,0.0,0.0,0.0,1.0
10,8,0.0,0.0,0.0,0.0,0.0,0.0,0.0,0.0,1.0
10,8,0.0,0.0,0.0,0.0,0.0,0.0,0.0,0.0,1.0
10,8,0.0,0.0,0.0,0.0,0.0,0.0,0.0,0.0,1.0
10,8,0.0,0.0,0.0,0.0,0.0,0.0,0.0,0.0,1.0
10,8,0.0,0.0,0.0,0.0,0.0,0.0,0.0,0.0,1.0
10,8,0.0,0.0,0.0,0.0,0.0,0.0,0.0,0.0,1.0
10,8,0.0,0.0,0.0,0.0,0.0,0.0,0.0,0.0,1.0
10,8,0.0,0.0,0.0,0.0,0.0,0.0,0.0,0.0,1.0
10,8,0.0,0.0,0.0,0.0,0.0,0.0,0.0,0.0,1.0
10,8,0.0,0.0,0.0,0.0,0.0,0.0,0.0,0.0,1.0
10,8,0.0,0.0,0.0,0.0,0.0,0.0,0.0,0.0,1.0
10,8,0.0,0.0,0.0,0.0,0.0,0.0,0.0,0.0,1.0
10,8,0.0,0.0,0.0,0.0,0.0,0.0,0.0,0.0,1.0
10,8,0.0,0.0,0.0,0.0,0.0,0.0,0.0,0.0,1.0
10,8,0.0,0.0,0.0,0.0,0.0,0.0,0.0,0.0,1.0
10,8,0.0,0.0,0.0,0.0,0.0,0.0,0.0,0.0,1.0
10,8,0.0,0.0,0.0,0.0,0.0,0.0,0.0,0.0,1.0
10,8,0.0,0.0,0.0,0.0,0.0,0.0,0.0,0.0,1.0
10,8,0.0,0.0,0.0,0.0,0.0,0.0,0.0,0.0,1.0
10,8,0.0,0.0,0.0,0.0,0.0,0.0,0.0,0.0,1.0
10,8,0.0,0.0,0.0,0.0,0.0,0.0,0.0,0.0,1.0
10,8,0.0,0.0,0.0,0.0,0.0,0.0,0.0,0.0,1.0
10,8,0.0,0.0,0.0,0.0,0.0,0.0,0.0,0.0,1.0
10,8,0.0,0.0,0.0,0.0,0.0,0.0,0.0,0.0,1.0
10,8,0.0,0.0,0.0,0.0,0.0,0.0,0.0,0.0,1.0
10,8,0.0,0.0,0.0,0.0,0.0,0.0,0.0,0.0,1.0
10,8,0.0,0.0,0.0,0.0,0.0,0.0,0.0,0.0,1.0
10,8,0.0,0.0,0.0,0.0,0.0,0.0,0.0,0.0,1.0
10,8,0.0,0.0,0.0,0.0,0.0,0.0,0.0,0.0,1.0
10,8,0.0,0.0,0.0,0.0,0.0,0.0,0.0,0.0,1.0
10,8,0.0,0.0,0.0,0.0,0.0,0.0,0.0,0.0,1.0
10,8,0.0,0.0,0.0,0.0,0.0,0.0,0.0,0.0,1.0
10,8,0.0,0.0,0.0,0.0,0.0,0.0,0.0,0.0,1.0
10,8,0.0,0.0,0.0,0.0,0.0,0.0,0.0,0.0,1.0
10,8,0.0,0.0,0.0,0.0,0.0,0.0,0.0,0.0,1.0
10,8,0.0,0.0,0.0,0.0,0.0,0.0,0.0,0.0,1.0
10,8,0.0,0.0,0.0,0.0,0.0,0.0,0.0,0.0,1.0
10,8,0.0,0.0,0.0,0.0,0.0,0.0,0.0,0.0,1.0
10,8,0.0,0.0,0.0,0.0,0.0,0.0,0.0,0.0,1.0
10,8,0.0,0.0,0.0,0.0,0.0,0.0,0.0,0.0,1.0
10,8,0.0,0.0,0.0,0.0,0.0,0.0,0.0,0.0,1.0
10,8,0.0,0.0,0.0,0.0,0.0,0.0,0.0,0.0,1.0
10,8,0.0,0.0,0.0,0.0,0.0,0.0,0.0,0.0,1.0
10,8,0.0,0.0,0.0,0.0,0.0,0.0,0.0,0.0,1.0
10,8,0.0,0.0,0.0,0.0,0.0,0.0,0.0,0.0,1.0
10,8,0.0,0.0,0.0,0.0,0.0,0.0,0.0,0.0,1.0
10,8,0.0,0.0,0.0,0.0,0.0,0.0,0.0,0.0,1.0
10,8,0.0,0.0,0.0,0.0,0.0,0.0,0.0,0.0,1.0
10,8,0.0,0.0,0.0,0.0,0.0,0.0,0.0,0.0,1.0
10,8,0.0,0.0,0.0,0.0,0.0,0.0,0.0,0.0,1.0
10,8,0.0,0.0,0.0,0.0,0.0,0.0,0.0,0.0,1.0
10,8,0.0,0.0,0.0,0.0,0.0,0.0,0.0,0.0,1.0
10,8,0.0,0.0,0.0,0.0,0.0,0.0,0.0,0.0,1.0
10,8,0.0,0.0,0.0,0.0,0.0,0.0,0.0,0.0,1.0
10,8,0.0,0.0,0.0,0.0,0.0,0.0,0.0,0.0,1.0
10,8,0.0,0.0,0.0,0.0,0.0,0.0,0.0,0.0,1.0
10,8,0.0,0.0,0.0,0.0,0.0,0.0,0.0,0.0,1.0
10,8,0.0,0.0,0.0,0.0,0.0,0.0,0.0,0.0,1.0
10,8,0.0,0.0,0.0,0.0,0.0,0.0,0.0,0.0,1.0
10,8,0.0,0.0,0.0,0.0,0.0,0.0,0.0,0.0,1.0
10,8,0.0,0.0,0.0,0.0,0.0,0.0,0.0,0.0,1.0
10,8,0.0,0.0,0.0,0.0,0.0,0.0,0.0,0.0,1.0
10,8,0.0,0.0,0.0,0.0,0.0,0.0,0.0,0.0,1.0
10,8,0.0,0.0,0.0,0.0,0.0,0.0,0.0,0.0,1.0
10,8,0.0,0.0,0.0,0.0,0.0,0.0,0.0,0.0,1.0
10,8,0.0,0.0,0.0,0.0,0.0,0.0,0.0,0.0,1.0
10,8,0.0,0.0,0.0,0.0,0.0,0.0,0.0,0.0,1.0
10,8,0.0,0.0,0.0,0.0,0.0,0.0,0.0,0.0,1.0
10,8,0.0,0.0,0.0,0.0,0.0,0.0,0.0,0.0,1.0
10,8,0.0,0.0,0.0,0.0,0.0,0.0,0.0,0.0,1.0
10,8,0.0,0.0,0.0,0.0,0.0,0.0,0.0,0.0,1.0
10,8,0.0,0.0,0.0,0.0,0.0,0.0,0.0,0.0,1.0
10,8,0.0,0.0,0.0,0.0,0.0,0.0,0.0,0.0,1.0
10,8,0.0,0.0,0.0,0.0,0.0,0.0,0.0,0.0,1.0
10,8,0.0,0.0,0.0,0.0,0.0,0.0,0.0,0.0,1.0
10,8,0.0,0.0,0.0,0.0,0.0,0.0,0.0,0.0,1.0
10,8,0.0,0.0,0.0,0.0,0.0,0.0,0.0,0.0,1.0
10,8,0.0,0.0,0.0,0.0,0.0,0.0,0.0,0.0,1.0
10,8,0.0,0.0,0.0,0.0,0.0,0.0,0.0,0.0,1.0
10,8,0.0,0.0,0.0,0.0,0.0,0.0,0.0,0.0,1.0
10,8,0.0,0.0,0.0,0.0,0.0,0.0,0.0,0.0,1.0
10,8,0.0,0.0,0.0,0.0,0.0,0.0,0.0,0.0,1.0
10,8,0.0,0.0,0.0,0.0,0.0,0.0,0.0,0.0,1.0
10,8,0.0,0.0,0.0,0.0,0.0,0.0,0.0,0.0,1.0
10,8,0.0,0.0,0.0,0.0,0.0,0.0,0.0,0.0,1.0
10,8,0.0,0.0,0.0,0.0,0.0,0.0,0.0,0.0,1.0
10,8,0.0,0.0,0.0,0.0,0.0,0.0,0.0,0.0,1.0
10,8,0.0,0.0,0.0,0.0,0.0,0.0,0.0,0.0,1.0
10,8,0.0,0.0,0.0,0.0,0.0,0.0,0.0,0.0,1.0
10,8,0.0,0.0,0.0,0.0,0.0,0.0,0.0,0.0,1.0
10,8,0.0,0.0,0.0,0.0,0.0,0.0,0.0,0.0,1.0
10,8,0.0,0.0,0.0,0.0,0.0,0.0,0.0,0.0,1.0
10,8,0.0,0.0,0.0,0.0,0.0,0.0,0.0,0.0,1.0
10,8,0.0,0.0,0.0,0.0,0.0,0.0,0.0,0.0,1.0
10,8,0.0,0.0,0.0,0.0,0.0,0.0,0.0,0.0,1.0
10,8,0.0,0.0,0.0,0.0,0.0,0.0,0.0,0.0,1.0
10,8,0.0,0.0,0.0,0.0,0.0,0.0,0.0,0.0,1.0
10,8,0.0,0.0,0.0,0.0,0.0,0.0,0.0,0.0,1.0
10,8,0.0,0.0,0.0,0.0,0.0,0.0,0.0,0.0,1.0
10,8,0.0,0.0,0.0,0.0,0.0,0.0,0.0,0.0,1.0
10,8,0.0,0.0,0.0,0.0,0.0,0.0,0.0,0.0,1.0
10,8,0.0,0.0,0.0,0.0,0.0,0.0,0.0,0.0,1.0
10,8,0.0,0.0,0.0,0.0,0.0,0.0,0.0,0.0,1.0
10,8,0.0,0.0,0.0,0.0,0.0,0.0,0.0,0.0,1.0
10,8,0.0,0.0,0.0,0.0,0.0,0.0,0.0,0.0,1.0
10,8,0.0,0.0,0.0,0.0,0.0,0.0,0.0,0.0,1.0
10,8,0.0,0.0,0.0,0.0,0.0,0.0,0.0,0.0,1.0
10,8,0.0,0.0,0.0,0.0,0.0,0.0,0.0,0.0,1.0
10,8,0.0,0.0,0.0,0.0,0.0,0.0,0.0,0.0,1.0
10,8,0.0,0.0,0.0,0.0,0.0,0.0,0.0,0.0,1.0
10,8,0.0,0.0,0.0,0.0,0.0,0.0,0.0,0.0,1.0
10,8,0.0,0.0,0.0,0.0,0.0,0.0,0.0,0.0,1.0
10,8,0.0,0.0,0.0,0.0,0.0,0.0,0.0,0.0,1.0
10,8,0.0,0.0,0.0,0.0,0.0,0.0,0.0,0.0,1.0
10,8,0.0,0.0,0.0,0.0,0.0,0.0,0.0,0.0,1.0
10,8,0.0,0.0,0.0,0.0,0.0,0.0,0.0,0.0,1.0
10,8,0.0,0.0,0.0,0.0,0.0,0.0,0.0,0.0,1.0
10,8,0.0,0.0,0.0,0.0,0.0,0.0,0.0,0.0,1.0
10,8,0.0,0.0,0.0,0.0,0.0,0.0,0.0,0.0,1.0
10,8,0.0,0.0,0.0,0.0,0.0,0.0,0.0,0.0,1.0
10,8,0.0,0.0,0.0,0.0,0.0,0.0,0.0,0.0,1.0
10,8,0.0,0.0,0.0,0.0,0.0,0.0,0.0,0.0,1.0
10,8,0.0,0.0,0.0,0.0,0.0,0.0,0.0,0.0,1.0
10,8,0.0,0.0,0.0,0.0,0.0,0.0,0.0,0.0,1.0
10,8,0.0,0.0,0.0,0.0,0.0,0.0,0.0,0.0,1.0
10,8,0.0,0.0,0.0,0.0,0.0,0.0,0.0,0.0,1.0
10,8,0.0,0.0,0.0,0.0,0.0,0.0,0.0,0.0,1.0
10,8,0.0,0.0,0.0,0.0,0.0,0.0,0.0,0.0,1.0
10,8,0.0,0.0,0.0,0.0,0.0,0.0,0.0,0.0,1.0
10,8,0.0,0.0,0.0,0.0,0.0,0.0,0.0,0.0,1.0
10,8,0.0,0.0,0.0,0.0,0.0,0.0,0.0,0.0,1.0
10,8,0.0,0.0,0.0,0.0,0.0,0.0,0.0,0.0,1.0
10,8,0.0,0.0,0.0,0.0,0.0,0.0,0.0,0.0,1.0
10,8,0.0,0.0,0.0,0.0,0.0,0.0,0.0,0.0,1.0
10,8,0.0,0.0,0.0,0.0,0.0,0.0,0.0,0.0,1.0
10,8,0.0,0.0,0.0,0.0,0.0,0.0,0.0,0.0,1.0
10,8,0.0,0.0,0.0,0.0,0.0,0.0,0.0,0.0,1.0
10,8,0.0,0.0,0.0,0.0,0.0,0.0,0.0,0.0,1.0
10,8,0.0,0.0,0.0,0.0,0.0,0.0,0.0,0.0,1.0
10,8,0.0,0.0,0.0,0.0,0.0,0.0,0.0,0.0,1.0
10,8,0.0,0.0,0.0,0.0,0.0,0.0,0.0,0.0,1.0
10,8,0.0,0.0,0.0,0.0,0.0,0.0,0.0,0.0,1.0
10,8,0.0,0.0,0.0,0.0,0.0,0.0,0.0,0.0,1.0
10,8,0.0,0.0,0.0,0.0,0.0,0.0,0.0,0.0,1.0
10,8,0.0,0.0,0.0,0.0,0.0,0.0,0.0,0.0,1.0
10,8,0.0,0.0,0.0,0.0,0.0,0.0,0.0,0.0,1.0
10,8,0.0,0.0,0.0,0.0,0.0,0.0,0.0,0.0,1.0
10,8,0.0,0.0,0.0,0.0,0.0,0.0,0.0,0.0,1.0
10,8,0.0,0.0,0.0,0.0,0.0,0.0,0.0,0.0,1.0
10,8,0.0,0.0,0.0,0.0,0.0,0.0,0.0,0.0,1.0
10,8,0.0,0.0,0.0,0.0,0.0,0.0,0.0,0.0,1.0
10,8,0.0,0.0,0.0,0.0,0.0,0.0,0.0,0.0,1.0
10,8,0.0,0.0,0.0,0.0,0.0,0.0,0.0,0.0,1.0
10,8,0.0,0.0,0.0,0.0,0.0,0.0,0.0,0.0,1.0
10,8,0.0,0.0,0.0,0.0,0.0,0.0,0.0,0.0,1.0
10,8,0.0,0.0,0.0,0.0,0.0,0.0,0.0,0.0,1.0
10,8,0.0,0.0,0.0,0.0,0.0,0.0,0.0,0.0,1.0
10,8,0.0,0.0,0.0,0.0,0.0,0.0,0.0,0.0,1.0
10,8,0.0,0.0,0.0,0.0,0.0,0.0,0.0,0.0,1.0
10,8,0.0,0.0,0.0,0.0,0.0,0.0,0.0,0.0,1.0
10,8,0.0,0.0,0.0,0.0,0.0,0.0,0.0,0.0,1.0
10,8,0.0,0.0,0.0,0.0,0.0,0.0,0.0,0.0,1.0
10,8,0.0,0.0,0.0,0.0,0.0,0.0,0.0,0.0,1.0
10,8,0.0,0.0,0.0,0.0,0.0,0.0,0.0,0.0,1.0
10,8,0.0,0.0,0.0,0.0,0.0,0.0,0.0,0.0,1.0
10,8,0.0,0.0,0.0,0.0,0.0,0.0,0.0,0.0,1.0
10,8,0.0,0.0,0.0,0.0,0.0,0.0,0.0,0.0,1.0
10,8,0.0,0.0,0.0,0.0,0.0,0.0,0.0,0.0,1.0
10,8,0.0,0.0,0.0,0.0,0.0,0.0,0.0,0.0,1.0
10,8,0.0,0.0,0.0,0.0,0.0,0.0,0.0,0.0,1.0
10,8,0.0,0.0,0.0,0.0,0.0,0.0,0.0,0.0,1.0
10,8,0.0,0.0,0.0,0.0,0.0,0.0,0.0,0.0,1.0
10,8,0.0,0.0,0.0,0.0,0.0,0.0,0.0,0.0,1.0
10,8,0.0,0.0,0.0,0.0,0.0,0.0,0.0,0.0,1.0
10,8,0.0,0.0,0.0,0.0,0.0,0.0,0.0,0.0,1.0
10,8,0.0,0.0,0.0,0.0,0.0,0.0,0.0,0.0,1.0
10,8,0.0,0.0,0.0,0.0,0.0,0.0,0.0,0.0,1.0
10,8,0.0,0.0,0.0,0.0,0.0,0.0,0.0,0.0,1.0
10,8,0.0,0.0,0.0,0.0,0.0,0.0,0.0,0.0,1.0
10,8,0.0,0.0,0.0,0.0,0.0,0.0,0.0,0.0,1.0
10,8,0.0,0.0,0.0,0.0,0.0,0.0,0.0,0.0,1.0
10,8,0.0,0.0,0.0,0.0,0.0,0.0,0.0,0.0,1.0
10,8,0.0,0.0,0.0,0.0,0.0,0.0,0.0,0.0,1.0
10,8,0.0,0.0,0.0,0.0,0.0,0.0,0.0,0.0,1.0
10,8,0.0,0.0,0.0,0.0,0.0,0.0,0.0,0.0,1.0
10,8,0.0,0.0,0.0,0.0,0.0,0.0,0.0,0.0,1.0
10,8,0.0,0.0,0.0,0.0,0.0,0.0,0.0,0.0,1.0
10,8,0.0,0.0,0.0,0.0,0.0,0.0,0.0,0.0,1.0
10,8,0.0,0.0,0.0,0.0,0.0,0.0,0.0,0.0,1.0
10,8,0.0,0.0,0.0,0.0,0.0,0.0,0.0,0.0,1.0
10,8,0.0,0.0,0.0,0.0,0.0,0.0,0.0,0.0,1.0
10,8,0.0,0.0,0.0,0.0,0.0,0.0,0.0,0.0,1.0
10,8,0.0,0.0,0.0,0.0,0.0,0.0,0.0,0.0,1.0
10,8,0.0,0.0,0.0,0.0,0.0,0.0,0.0,0.0,1.0
10,8,0.0,0.0,0.0,0.0,0.0,0.0,0.0,0.0,1.0
10,8,0.0,0.0,0.0,0.0,0.0,0.0,0.0,0.0,1.0
10,8,0.0,0.0,0.0,0.0,0.0,0.0,0.0,0.0,1.0
10,8,0.0,0.0,0.0,0.0,0.0,0.0,0.0,0.0,1.0
10,8,0.0,0.0,0.0,0.0,0.0,0.0,0.0,0.0,1.0
10,8,0.0,0.0,0.0,0.0,0.0,0.0,0.0,0.0,1.0
10,8,0.0,0.0,0.0,0.0,0.0,0.0,0.0,0.0,1.0
10,8,0.0,0.0,0.0,0.0,0.0,0.0,0.0,0.0,1.0
10,8,0.0,0.0,0.0,0.0,0.0,0.0,0.0,0.0,1.0
10,8,0.0,0.0,0.0,0.0,0.0,0.0,0.0,0.0,1.0
10,8,0.0,0.0,0.0,0.0,0.0,0.0,0.0,0.0,1.0
10,8,0.0,0.0,0.0,0.0,0.0,0.0,0.0,0.0,1.0
10,8,0.0,0.0,0.0,0.0,0.0,0.0,0.0,0.0,1.0
10,8,0.0,0.0,0.0,0.0,0.0,0.0,0.0,0.0,1.0
10,8,0.0,0.0,0.0,0.0,0.0,0.0,0.0,0.0,1.0
10,8,0.0,0.0,0.0,0.0,0.0,0.0,0.0,0.0,1.0
10,8,0.0,0.0,0.0,0.0,0.0,0.0,0.0,0.0,1.0
10,8,0.0,0.0,0.0,0.0,0.0,0.0,0.0,0.0,1.0
10,8,0.0,0.0,0.0,0.0,0.0,0.0,0.0,0.0,1.0
10,8,0.0,0.0,0.0,0.0,0.0,0.0,0.0,0.0,1.0
10,8,0.0,0.0,0.0,0.0,0.0,0.0,0.0,0.0,1.0
10,8,0.0,0.0,0.0,0.0,0.0,0.0,0.0,0.0,1.0
10,8,0.0,0.0,0.0,0.0,0.0,0.0,0.0,0.0,1.0
10,8,0.0,0.0,0.0,0.0,0.0,0.0,0.0,0.0,1.0
10,8,0.0,0.0,0.0,0.0,0.0,0.0,0.0,0.0,1.0
10,8,0.0,0.0,0.0,0.0,0.0,0.0,0.0,0.0,1.0
10,8,0.0,0.0,0.0,0.0,0.0,0.0,0.0,0.0,1.0
10,8,0.0,0.0,0.0,0.0,0.0,0.0,0.0,0.0,1.0
10,8,0.0,0.0,0.0,0.0,0.0,0.0,0.0,0.0,1.0
10,8,0.0,0.0,0.0,0.0,0.0,0.0,0.0,0.0,1.0
10,8,0.0,0.0,0.0,0.0,0.0,0.0,0.0,0.0,1.0
10,8,0.0,0.0,0.0,0.0,0.0,0.0,0.0,0.0,1.0
10,8,0.0,0.0,0.0,0.0,0.0,0.0,0.0,0.0,1.0
10,8,0.0,0.0,0.0,0.0,0.0,0.0,0.0,0.0,1.0
10,8,0.0,0.0,0.0,0.0,0.0,0.0,0.0,0.0,1.0
10,8,0.0,0.0,0.0,0.0,0.0,0.0,0.0,0.0,1.0
10,8,0.0,0.0,0.0,0.0,0.0,0.0,0.0,0.0,1.0
10,8,0.0,0.0,0.0,0.0,0.0,0.0,0.0,0.0,1.0
10,8,0.0,0.0,0.0,0.0,0.0,0.0,0.0,0.0,1.0
10,8,0.0,0.0,0.0,0.0,0.0,0.0,0.0,0.0,1.0
10,8,0.0,0.0,0.0,0.0,0.0,0.0,0.0,0.0,1.0
10,8,0.0,0.0,0.0,0.0,0.0,0.0,0.0,0.0,1.0
10,8,0.0,0.0,0.0,0.0,0.0,0.0,0.0,0.0,1.0
10,8,0.0,0.0,0.0,0.0,0.0,0.0,0.0,0.0,1.0
10,8,0.0,0.0,0.0,0.0,0.0,0.0,0.0,0.0,1.0
10,8,0.0,0.0,0.0,0.0,0.0,0.0,0.0,0.0,1.0
10,8,0.0,0.0,0.0,0.0,0.0,0.0,0.0,0.0,1.0
10,8,0.0,0.0,0.0,0.0,0.0,0.0,0.0,0.0,1.0
10,8,0.0,0.0,0.0,0.0,0.0,0.0,0.0,0.0,1.0
10,8,0.0,0.0,0.0,0.0,0.0,0.0,0.0,0.0,1.0
10,8,0.0,0.0,0.0,0.0,0.0,0.0,0.0,0.0,1.0
10,8,0.0,0.0,0.0,0.0,0.0,0.0,0.0,0.0,1.0
10,8,0.0,0.0,0.0,0.0,0.0,0.0,0.0,0.0,1.0
10,8,0.0,0.0,0.0,0.0,0.0,0.0,0.0,0.0,1.0
10,8,0.0,0.0,0.0,0.0,0.0,0.0,0.0,0.0,1.0
10,8,0.0,0.0,0.0,0.0,0.0,0.0,0.0,0.0,1.0
10,8,0.0,0.0,0.0,0.0,0.0,0.0,0.0,0.0,1.0
10,8,0.0,0.0,0.0,0.0,0.0,0.0,0.0,0.0,1.0
10,8,0.0,0.0,0.0,0.0,0.0,0.0,0.0,0.0,1.0
10,8,0.0,0.0,0.0,0.0,0.0,0.0,0.0,0.0,1.0
10,8,0.0,0.0,0.0,0.0,0.0,0.0,0.0,0.0,1.0
10,8,0.0,0.0,0.0,0.0,0.0,0.0,0.0,0.0,1.0
10,8,0.0,0.0,0.0,0.0,0.0,0.0,0.0,0.0,1.0
10,8,0.0,0.0,0.0,0.0,0.0,0.0,0.0,0.0,1.0
10,8,0.0,0.0,0.0,0.0,0.0,0.0,0.0,0.0,1.0
10,8,0.0,0.0,0.0,0.0,0.0,0.0,0.0,0.0,1.0
10,8,0.0,0.0,0.0,0.0,0.0,0.0,0.0,0.0,1.0
10,8,0.0,0.0,0.0,0.0,0.0,0.0,0.0,0.0,1.0
10,8,0.0,0.0,0.0,0.0,0.0,0.0,0.0,0.0,1.0
10,8,0.0,0.0,0.0,0.0,0.0,0.0,0.0,0.0,1.0
10,8,0.0,0.0,0.0,0.0,0.0,0.0,0.0,0.0,1.0
10,8,0.0,0.0,0.0,0.0,0.0,0.0,0.0,0.0,1.0
10,8,0.0,0.0,0.0,0.0,0.0,0.0,0.0,0.0,1.0
10,8,0.0,0.0,0.0,0.0,0.0,0.0,0.0,0.0,1.0
10,8,0.0,0.0,0.0,0.0,0.0,0.0,0.0,0.0,1.0
10,8,0.0,0.0,0.0,0.0,0.0,0.0,0.0,0.0,1.0
10,8,0.0,0.0,0.0,0.0,0.0,0.0,0.0,0.0,1.0
10,8,0.0,0.0,0.0,0.0,0.0,0.0,0.0,0.0,1.0
10,8,0.0,0.0,0.0,0.0,0.0,0.0,0.0,0.0,1.0
10,8,0.0,0.0,0.0,0.0,0.0,0.0,0.0,0.0,1.0
10,8,0.0,0.0,0.0,0.0,0.0,0.0,0.0,0.0,1.0
10,8,0.0,0.0,0.0,0.0,0.0,0.0,0.0,0.0,1.0
10,8,0.0,0.0,0.0,0.0,0.0,0.0,0.0,0.0,1.0
10,8,0.0,0.0,0.0,0.0,0.0,0.0,0.0,0.0,1.0
10,8,0.0,0.0,0.0,0.0,0.0,0.0,0.0,0.0,1.0
10,8,0.0,0.0,0.0,0.0,0.0,0.0,0.0,0.0,1.0
10,8,0.0,0.0,0.0,0.0,0.0,0.0,0.0,0.0,1.0
10,8,0.0,0.0,0.0,0.0,0.0,0.0,0.0,0.0,1.0
10,8,0.0,0.0,0.0,0.0,0.0,0.0,0.0,0.0,1.0
10,8,0.0,0.0,0.0,0.0,0.0,0.0,0.0,0.0,1.0
10,8,0.0,0.0,0.0,0.0,0.0,0.0,0.0,0.0,1.0
10,8,0.0,0.0,0.0,0.0,0.0,0.0,0.0,0.0,1.0
10,8,0.0,0.0,0.0,0.0,0.0,0.0,0.0,0.0,1.0
10,8,0.0,0.0,0.0,0.0,0.0,0.0,0.0,0.0,1.0
10,8,0.0,0.0,0.0,0.0,0.0,0.0,0.0,0.0,1.0
10,8,0.0,0.0,0.0,0.0,0.0,0.0,0.0,0.0,1.0
10,8,0.0,0.0,0.0,0.0,0.0,0.0,0.0,0.0,1.0
10,8,0.0,0.0,0.0,0.0,0.0,0.0,0.0,0.0,1.0
10,8,0.0,0.0,0.0,0.0,0.0,0.0,0.0,0.0,1.0
10,8,0.0,0.0,0.0,0.0,0.0,0.0,0.0,0.0,1.0
10,8,0.0,0.0,0.0,0.0,0.0,0.0,0.0,0.0,1.0
10,8,0.0,0.0,0.0,0.0,0.0,0.0,0.0,0.0,1.0
10,8,0.0,0.0,0.0,0.0,0.0,0.0,0.0,0.0,1.0
10,8,0.0,0.0,0.0,0.0,0.0,0.0,0.0,0.0,1.0
10,8,0.0,0.0,0.0,0.0,0.0,0.0,0.0,0.0,1.0
10,8,0.0,0.0,0.0,0.0,0.0,0.0,0.0,0.0,1.0
10,8,0.0,0.0,0.0,0.0,0.0,0.0,0.0,0.0,1.0
10,8,0.0,0.0,0.0,0.0,0.0,0.0,0.0,0.0,1.0
10,8,0.0,0.0,0.0,0.0,0.0,0.0,0.0,0.0,1.0
10,8,0.0,0.0,0.0,0.0,0.0,0.0,0.0,0.0,1.0
10,8,0.0,0.0,0.0,0.0,0.0,0.0,0.0,0.0,1.0
10,8,0.0,0.0,0.0,0.0,0.0,0.0,0.0,0.0,1.0
10,8,0.0,0.0,0.0,0.0,0.0,0.0,0.0,0.0,1.0
10,8,0.0,0.0,0.0,0.0,0.0,0.0,0.0,0.0,1.0
10,8,0.0,0.0,0.0,0.0,0.0,0.0,0.0,0.0,1.0
10,8,0.0,0.0,0.0,0.0,0.0,0.0,0.0,0.0,1.0
10,8,0.0,0.0,0.0,0.0,0.0,0.0,0.0,0.0,1.0
10,8,0.0,0.0,0.0,0.0,0.0,0.0,0.0,0.0,1.0
10,8,0.0,0.0,0.0,0.0,0.0,0.0,0.0,0.0,1.0
10,8,0.0,0.0,0.0,0.0,0.0,0.0,0.0,0.0,1.0
10,8,0.0,0.0,0.0,0.0,0.0,0.0,0.0,0.0,1.0
10,8,0.0,0.0,0.0,0.0,0.0,0.0,0.0,0.0,1.0
10,8,0.0,0.0,0.0,0.0,0.0,0.0,0.0,0.0,1.0
10,8,0.0,0.0,0.0,0.0,0.0,0.0,0.0,0.0,1.0
10,8,0.0,0.0,0.0,0.0,0.0,0.0,0.0,0.0,1.0
10,8,0.0,0.0,0.0,0.0,0.0,0.0,0.0,0.0,1.0
10,8,0.0,0.0,0.0,0.0,0.0,0.0,0.0,0.0,1.0
10,8,0.0,0.0,0.0,0.0,0.0,0.0,0.0,0.0,1.0
10,8,0.0,0.0,0.0,0.0,0.0,0.0,0.0,0.0,1.0
10,8,0.0,0.0,0.0,0.0,0.0,0.0,0.0,0.0,1.0
10,8,0.0,0.0,0.0,0.0,0.0,0.0,0.0,0.0,1.0
10,8,0.0,0.0,0.0,0.0,0.0,0.0,0.0,0.0,1.0
10,8,0.0,0.0,0.0,0.0,0.0,0.0,0.0,0.0,1.0
10,8,0.0,0.0,0.0,0.0,0.0,0.0,0.0,0.0,1.0
10,8,0.0,0.0,0.0,0.0,0.0,0.0,0.0,0.0,1.0
10,8,0.0,0.0,0.0,0.0,0.0,0.0,0.0,0.0,1.0
10,8,0.0,0.0,0.0,0.0,0.0,0.0,0.0,0.0,1.0
10,8,0.0,0.0,0.0,0.0,0.0,0.0,0.0,0.0,1.0
10,8,0.0,0.0,0.0,0.0,0.0,0.0,0.0,0.0,1.0
10,8,0.0,0.0,0.0,0.0,0.0,0.0,0.0,0.0,1.0
10,8,0.0,0.0,0.0,0.0,0.0,0.0,0.0,0.0,1.0
10,8,0.0,0.0,0.0,0.0,0.0,0.0,0.0,0.0,1.0
10,8,0.0,0.0,0.0,0.0,0.0,0.0,0.0,0.0,1.0
10,8,0.0,0.0,0.0,0.0,0.0,0.0,0.0,0.0,1.0
10,8,0.0,0.0,0.0,0.0,0.0,0.0,0.0,0.0,1.0
10,8,0.0,0.0,0.0,0.0,0.0,0.0,0.0,0.0,1.0
10,8,0.0,0.0,0.0,0.0,0.0,0.0,0.0,0.0,1.0
10,8,0.0,0.0,0.0,0.0,0.0,0.0,0.0,0.0,1.0
10,8,0.0,0.0,0.0,0.0,0.0,0.0,0.0,0.0,1.0
10,8,0.0,0.0,0.0,0.0,0.0,0.0,0.0,0.0,1.0
10,8,0.0,0.0,0.0,0.0,0.0,0.0,0.0,0.0,1.0
10,8,0.0,0.0,0.0,0.0,0.0,0.0,0.0,0.0,1.0
10,8,0.0,0.0,0.0,0.0,0.0,0.0,0.0,0.0,1.0
10,8,0.0,0.0,0.0,0.0,0.0,0.0,0.0,0.0,1.0
10,8,0.0,0.0,0.0,0.0,0.0,0.0,0.0,0.0,1.0
10,8,0.0,0.0,0.0,0.0,0.0,0.0,0.0,0.0,1.0
10,8,0.0,0.0,0.0,0.0,0.0,0.0,0.0,0.0,1.0
10,8,0.0,0.0,0.0,0.0,0.0,0.0,0.0,0.0,1.0
10,8,0.0,0.0,0.0,0.0,0.0,0.0,0.0,0.0,1.0
10,8,0.0,0.0,0.0,0.0,0.0,0.0,0.0,0.0,1.0
10,8,0.0,0.0,0.0,0.0,0.0,0.0,0.0,0.0,1.0
10,8,0.0,0.0,0.0,0.0,0.0,0.0,0.0,0.0,1.0
10,8,0.0,0.0,0.0,0.0,0.0,0.0,0.0,0.0,1.0
10,8,0.0,0.0,0.0,0.0,0.0,0.0,0.0,0.0,1.0
10,8,0.0,0.0,0.0,0.0,0.0,0.0,0.0,0.0,1.0
10,8,0.0,0.0,0.0,0.0,0.0,0.0,0.0,0.0,1.0
10,8,0.0,0.0,0.0,0.0,0.0,0.0,0.0,0.0,1.0
10,8,0.0,0.0,0.0,0.0,0.0,0.0,0.0,0.0,1.0
10,8,0.0,0.0,0.0,0.0,0.0,0.0,0.0,0.0,1.0
10,8,0.0,0.0,0.0,0.0,0.0,0.0,0.0,0.0,1.0
10,8,0.0,0.0,0.0,0.0,0.0,0.0,0.0,0.0,1.0
10,8,0.0,0.0,0.0,0.0,0.0,0.0,0.0,0.0,1.0
10,8,0.0,0.0,0.0,0.0,0.0,0.0,0.0,0.0,1.0
10,8,0.0,0.0,0.0,0.0,0.0,0.0,0.0,0.0,1.0
10,8,0.0,0.0,0.0,0.0,0.0,0.0,0.0,0.0,1.0
10,8,0.0,0.0,0.0,0.0,0.0,0.0,0.0,0.0,1.0
10,8,0.0,0.0,0.0,0.0,0.0,0.0,0.0,0.0,1.0
10,8,0.0,0.0,0.0,0.0,0.0,0.0,0.0,0.0,1.0
10,8,0.0,0.0,0.0,0.0,0.0,0.0,0.0,0.0,1.0
10,8,0.0,0.0,0.0,0.0,0.0,0.0,0.0,0.0,1.0
10,8,0.0,0.0,0.0,0.0,0.0,0.0,0.0,0.0,1.0
10,8,0.0,0.0,0.0,0.0,0.0,0.0,0.0,0.0,1.0
10,8,0.0,0.0,0.0,0.0,0.0,0.0,0.0,0.0,1.0
10,8,0.0,0.0,0.0,0.0,0.0,0.0,0.0,0.0,1.0
10,8,0.0,0.0,0.0,0.0,0.0,0.0,0.0,0.0,1.0
10,8,0.0,0.0,0.0,0.0,0.0,0.0,0.0,0.0,1.0
10,8,0.0,0.0,0.0,0.0,0.0,0.0,0.0,0.0,1.0
10,8,0.0,0.0,0.0,0.0,0.0,0.0,0.0,0.0,1.0
10,8,0.0,0.0,0.0,0.0,0.0,0.0,0.0,0.0,1.0
10,8,0.0,0.0,0.0,0.0,0.0,0.0,0.0,0.0,1.0
10,8,0.0,0.0,0.0,0.0,0.0,0.0,0.0,0.0,1.0
10,8,0.0,0.0,0.0,0.0,0.0,0.0,0.0,0.0,1.0
10,8,0.0,0.0,0.0,0.0,0.0,0.0,0.0,0.0,1.0
10,8,0.0,0.0,0.0,0.0,0.0,0.0,0.0,0.0,1.0
10,8,0.0,0.0,0.0,0.0,0.0,0.0,0.0,0.0,1.0
10,8,0.0,0.0,0.0,0.0,0.0,0.0,0.0,0.0,1.0
10,8,0.0,0.0,0.0,0.0,0.0,0.0,0.0,0.0,1.0
10,8,0.0,0.0,0.0,0.0,0.0,0.0,0.0,0.0,1.0
10,8,0.0,0.0,0.0,0.0,0.0,0.0,0.0,0.0,1.0
10,8,0.0,0.0,0.0,0.0,0.0,0.0,0.0,0.0,1.0
10,8,0.0,0.0,0.0,0.0,0.0,0.0,0.0,0.0,1.0
10,8,0.0,0.0,0.0,0.0,0.0,0.0,0.0,0.0,1.0
10,8,0.0,0.0,0.0,0.0,0.0,0.0,0.0,0.0,1.0
10,8,0.0,0.0,0.0,0.0,0.0,0.0,0.0,0.0,1.0
10,8,0.0,0.0,0.0,0.0,0.0,0.0,0.0,0.0,1.0
10,8,0.0,0.0,0.0,0.0,0.0,0.0,0.0,0.0,1.0
10,8,0.0,0.0,0.0,0.0,0.0,0.0,0.0,0.0,1.0
10,8,0.0,0.0,0.0,0.0,0.0,0.0,0.0,0.0,1.0
10,8,0.0,0.0,0.0,0.0,0.0,0.0,0.0,0.0,1.0
10,8,0.0,0.0,0.0,0.0,0.0,0.0,0.0,0.0,1.0
10,8,0.0,0.0,0.0,0.0,0.0,0.0,0.0,0.0,1.0
10,8,0.0,0.0,0.0,0.0,0.0,0.0,0.0,0.0,1.0
10,8,0.0,0.0,0.0,0.0,0.0,0.0,0.0,0.0,1.0
10,8,0.0,0.0,0.0,0.0,0.0,0.0,0.0,0.0,1.0
10,8,0.0,0.0,0.0,0.0,0.0,0.0,0.0,0.0,1.0
10,8,0.0,0.0,0.0,0.0,0.0,0.0,0.0,0.0,1.0
10,8,0.0,0.0,0.0,0.0,0.0,0.0,0.0,0.0,1.0
10,8,0.0,0.0,0.0,0.0,0.0,0.0,0.0,0.0,1.0
10,8,0.0,0.0,0.0,0.0,0.0,0.0,0.0,0.0,1.0
10,8,0.0,0.0,0.0,0.0,0.0,0.0,0.0,0.0,1.0
10,8,0.0,0.0,0.0,0.0,0.0,0.0,0.0,0.0,1.0
10,8,0.0,0.0,0.0,0.0,0.0,0.0,0.0,0.0,1.0
10,8,0.0,0.0,0.0,0.0,0.0,0.0,0.0,0.0,1.0
10,8,0.0,0.0,0.0,0.0,0.0,0.0,0.0,0.0,1.0
10,8,0.0,0.0,0.0,0.0,0.0,0.0,0.0,0.0,1.0
10,8,0.0,0.0,0.0,0.0,0.0,0.0,0.0,0.0,1.0
10,8,0.0,0.0,0.0,0.0,0.0,0.0,0.0,0.0,1.0
10,8,0.0,0.0,0.0,0.0,0.0,0.0,0.0,0.0,1.0
10,8,0.0,0.0,0.0,0.0,0.0,0.0,0.0,0.0,1.0
10,8,0.0,0.0,0.0,0.0,0.0,0.0,0.0,0.0,1.0
10,8,0.0,0.0,0.0,0.0,0.0,0.0,0.0,0.0,1.0
10,8,0.0,0.0,0.0,0.0,0.0,0.0,0.0,0.0,1.0
10,8,0.0,0.0,0.0,0.0,0.0,0.0,0.0,0.0,1.0
10,8,0.0,0.0,0.0,0.0,0.0,0.0,0.0,0.0,1.0
10,8,0.0,0.0,0.0,0.0,0.0,0.0,0.0,0.0,1.0
10,8,0.0,0.0,0.0,0.0,0.0,0.0,0.0,0.0,1.0
10,8,0.0,0.0,0.0,0.0,0.0,0.0,0.0,0.0,1.0
10,8,0.0,0.0,0.0,0.0,0.0,0.0,0.0,0.0,1.0
10,8,0.0,0.0,0.0,0.0,0.0,0.0,0.0,0.0,1.0
10,8,0.0,0.0,0.0,0.0,0.0,0.0,0.0,0.0,1.0
10,8,0.0,0.0,0.0,0.0,0.0,0.0,0.0,0.0,1.0
10,8,0.0,0.0,0.0,0.0,0.0,0.0,0.0,0.0,1.0
10,8,0.0,0.0,0.0,0.0,0.0,0.0,0.0,0.0,1.0
10,8,0.0,0.0,0.0,0.0,0.0,0.0,0.0,0.0,1.0
10,8,0.0,0.0,0.0,0.0,0.0,0.0,0.0,0.0,1.0
10,8,0.0,0.0,0.0,0.0,0.0,0.0,0.0,0.0,1.0
10,8,0.0,0.0,0.0,0.0,0.0,0.0,0.0,0.0,1.0
10,8,0.0,0.0,0.0,0.0,0.0,0.0,0.0,0.0,1.0
10,8,0.0,0.0,0.0,0.0,0.0,0.0,0.0,0.0,1.0
10,8,0.0,0.0,0.0,0.0,0.0,0.0,0.0,0.0,1.0
10,8,0.0,0.0,0.0,0.0,0.0,0.0,0.0,0.0,1.0
10,8,0.0,0.0,0.0,0.0,0.0,0.0,0.0,0.0,1.0
10,8,0.0,0.0,0.0,0.0,0.0,0.0,0.0,0.0,1.0
10,8,0.0,0.0,0.0,0.0,0.0,0.0,0.0,0.0,1.0
10,8,0.0,0.0,0.0,0.0,0.0,0.0,0.0,0.0,1.0
10,8,0.0,0.0,0.0,0.0,0.0,0.0,0.0,0.0,1.0
10,8,0.0,0.0,0.0,0.0,0.0,0.0,0.0,0.0,1.0
10,8,0.0,0.0,0.0,0.0,0.0,0.0,0.0,0.0,1.0
10,8,0.0,0.0,0.0,0.0,0.0,0.0,0.0,0.0,1.0
10,8,0.0,0.0,0.0,0.0,0.0,0.0,0.0,0.0,1.0
10,8,0.0,0.0,0.0,0.0,0.0,0.0,0.0,0.0,1.0
10,8,0.0,0.0,0.0,0.0,0.0,0.0,0.0,0.0,1.0
10,8,0.0,0.0,0.0,0.0,0.0,0.0,0.0,0.0,1.0
10,8,0.0,0.0,0.0,0.0,0.0,0.0,0.0,0.0,1.0
10,8,0.0,0.0,0.0,0.0,0.0,0.0,0.0,0.0,1.0
10,8,0.0,0.0,0.0,0.0,0.0,0.0,0.0,0.0,1.0
10,8,0.0,0.0,0.0,0.0,0.0,0.0,0.0,0.0,1.0
10,8,0.0,0.0,0.0,0.0,0.0,0.0,0.0,0.0,1.0
10,8,0.0,0.0,0.0,0.0,0.0,0.0,0.0,0.0,1.0
10,8,0.0,0.0,0.0,0.0,0.0,0.0,0.0,0.0,1.0
10,8,0.0,0.0,0.0,0.0,0.0,0.0,0.0,0.0,1.0
10,8,0.0,0.0,0.0,0.0,0.0,0.0,0.0,0.0,1.0
10,8,0.0,0.0,0.0,0.0,0.0,0.0,0.0,0.0,1.0
10,8,0.0,0.0,0.0,0.0,0.0,0.0,0.0,0.0,1.0
10,8,0.0,0.0,0.0,0.0,0.0,0.0,0.0,0.0,1.0
10,8,0.0,0.0,0.0,0.0,0.0,0.0,0.0,0.0,1.0
10,8,0.0,0.0,0.0,0.0,0.0,0.0,0.0,0.0,1.0
10,8,0.0,0.0,0.0,0.0,0.0,0.0,0.0,0.0,1.0
10,8,0.0,0.0,0.0,0.0,0.0,0.0,0.0,0.0,1.0
10,8,0.0,0.0,0.0,0.0,0.0,0.0,0.0,0.0,1.0
10,8,0.0,0.0,0.0,0.0,0.0,0.0,0.0,0.0,1.0
10,8,0.0,0.0,0.0,0.0,0.0,0.0,0.0,0.0,1.0
10,8,0.0,0.0,0.0,0.0,0.0,0.0,0.0,0.0,1.0
10,8,0.0,0.0,0.0,0.0,0.0,0.0,0.0,0.0,1.0
10,8,0.0,0.0,0.0,0.0,0.0,0.0,0.0,0.0,1.0
10,8,0.0,0.0,0.0,0.0,0.0,0.0,0.0,0.0,1.0
10,8,0.0,0.0,0.0,0.0,0.0,0.0,0.0,0.0,1.0
10,8,0.0,0.0,0.0,0.0,0.0,0.0,0.0,0.0,1.0
10,8,0.0,0.0,0.0,0.0,0.0,0.0,0.0,0.0,1.0
10,8,0.0,0.0,0.0,0.0,0.0,0.0,0.0,0.0,1.0
10,8,0.0,0.0,0.0,0.0,0.0,0.0,0.0,0.0,1.0
10,8,0.0,0.0,0.0,0.0,0.0,0.0,0.0,0.0,1.0
10,8,0.0,0.0,0.0,0.0,0.0,0.0,0.0,0.0,1.0
10,8,0.0,0.0,0.0,0.0,0.0,0.0,0.0,0.0,1.0
10,8,0.0,0.0,0.0,0.0,0.0,0.0,0.0,0.0,1.0
10,8,0.0,0.0,0.0,0.0,0.0,0.0,0.0,0.0,1.0
10,8,0.0,0.0,0.0,0.0,0.0,0.0,0.0,0.0,1.0
10,8,0.0,0.0,0.0,0.0,0.0,0.0,0.0,0.0,1.0
10,8,0.0,0.0,0.0,0.0,0.0,0.0,0.0,0.0,1.0
10,8,0.0,0.0,0.0,0.0,0.0,0.0,0.0,0.0,1.0
10,8,0.0,0.0,0.0,0.0,0.0,0.0,0.0,0.0,1.0
10,8,0.0,0.0,0.0,0.0,0.0,0.0,0.0,0.0,1.0
10,8,0.0,0.0,0.0,0.0,0.0,0.0,0.0,0.0,1.0
10,8,0.0,0.0,0.0,0.0,0.0,0.0,0.0,0.0,1.0
10,8,0.0,0.0,0.0,0.0,0.0,0.0,0.0,0.0,1.0
10,8,0.0,0.0,0.0,0.0,0.0,0.0,0.0,0.0,1.0
10,8,0.0,0.0,0.0,0.0,0.0,0.0,0.0,0.0,1.0
10,8,0.0,0.0,0.0,0.0,0.0,0.0,0.0,0.0,1.0
10,8,0.0,0.0,0.0,0.0,0.0,0.0,0.0,0.0,1.0
10,8,0.0,0.0,0.0,0.0,0.0,0.0,0.0,0.0,1.0
10,8,0.0,0.0,0.0,0.0,0.0,0.0,0.0,0.0,1.0
10,8,0.0,0.0,0.0,0.0,0.0,0.0,0.0,0.0,1.0
10,8,0.0,0.0,0.0,0.0,0.0,0.0,0.0,0.0,1.0
10,8,0.0,0.0,0.0,0.0,0.0,0.0,0.0,0.0,1.0
10,8,0.0,0.0,0.0,0.0,0.0,0.0,0.0,0.0,1.0
10,8,0.0,0.0,0.0,0.0,0.0,0.0,0.0,0.0,1.0
10,8,0.0,0.0,0.0,0.0,0.0,0.0,0.0,0.0,1.0
10,8,0.0,0.0,0.0,0.0,0.0,0.0,0.0,0.0,1.0
10,8,0.0,0.0,0.0,0.0,0.0,0.0,0.0,0.0,1.0
10,8,0.0,0.0,0.0,0.0,0.0,0.0,0.0,0.0,1.0
10,8,0.0,0.0,0.0,0.0,0.0,0.0,0.0,0.0,1.0
10,8,0.0,0.0,0.0,0.0,0.0,0.0,0.0,0.0,1.0
10,8,0.0,0.0,0.0,0.0,0.0,0.0,0.0,0.0,1.0
10,8,0.0,0.0,0.0,0.0,0.0,0.0,0.0,0.0,1.0
10,8,0.0,0.0,0.0,0.0,0.0,0.0,0.0,0.0,1.0
10,8,0.0,0.0,0.0,0.0,0.0,0.0,0.0,0.0,1.0
10,8,0.0,0.0,0.0,0.0,0.0,0.0,0.0,0.0,1.0
10,8,0.0,0.0,0.0,0.0,0.0,0.0,0.0,0.0,1.0
10,8,0.0,0.0,0.0,0.0,0.0,0.0,0.0,0.0,1.0
10,8,0.0,0.0,0.0,0.0,0.0,0.0,0.0,0.0,1.0
10,8,0.0,0.0,0.0,0.0,0.0,0.0,0.0,0.0,1.0
10,8,0.0,0.0,0.0,0.0,0.0,0.0,0.0,0.0,1.0
10,8,0.0,0.0,0.0,0.0,0.0,0.0,0.0,0.0,1.0
10,8,0.0,0.0,0.0,0.0,0.0,0.0,0.0,0.0,1.0
10,8,0.0,0.0,0.0,0.0,0.0,0.0,0.0,0.0,1.0
10,8,0.0,0.0,0.0,0.0,0.0,0.0,0.0,0.0,1.0
10,8,0.0,0.0,0.0,0.0,0.0,0.0,0.0,0.0,1.0
10,8,0.0,0.0,0.0,0.0,0.0,0.0,0.0,0.0,1.0
10,8,0.0,0.0,0.0,0.0,0.0,0.0,0.0,0.0,1.0
10,8,0.0,0.0,0.0,0.0,0.0,0.0,0.0,0.0,1.0
10,8,0.0,0.0,0.0,0.0,0.0,0.0,0.0,0.0,1.0
10,8,0.0,0.0,0.0,0.0,0.0,0.0,0.0,0.0,1.0
10,8,0.0,0.0,0.0,0.0,0.0,0.0,0.0,0.0,1.0
10,8,0.0,0.0,0.0,0.0,0.0,0.0,0.0,0.0,1.0
10,8,0.0,0.0,0.0,0.0,0.0,0.0,0.0,0.0,1.0
10,8,0.0,0.0,0.0,0.0,0.0,0.0,0.0,0.0,1.0
10,8,0.0,0.0,0.0,0.0,0.0,0.0,0.0,0.0,1.0
10,8,0.0,0.0,0.0,0.0,0.0,0.0,0.0,0.0,1.0
10,8,0.0,0.0,0.0,0.0,0.0,0.0,0.0,0.0,1.0
10,8,0.0,0.0,0.0,0.0,0.0,0.0,0.0,0.0,1.0
10,8,0.0,0.0,0.0,0.0,0.0,0.0,0.0,0.0,1.0
10,8,0.0,0.0,0.0,0.0,0.0,0.0,0.0,0.0,1.0
10,8,0.0,0.0,0.0,0.0,0.0,0.0,0.0,0.0,1.0
10,8,0.0,0.0,0.0,0.0,0.0,0.0,0.0,0.0,1.0
10,8,0.0,0.0,0.0,0.0,0.0,0.0,0.0,0.0,1.0
10,8,0.0,0.0,0.0,0.0,0.0,0.0,0.0,0.0,1.0
10,8,0.0,0.0,0.0,0.0,0.0,0.0,0.0,0.0,1.0
10,8,0.0,0.0,0.0,0.0,0.0,0.0,0.0,0.0,1.0
10,8,0.0,0.0,0.0,0.0,0.0,0.0,0.0,0.0,1.0
10,8,0.0,0.0,0.0,0.0,0.0,0.0,0.0,0.0,1.0
10,8,0.0,0.0,0.0,0.0,0.0,0.0,0.0,0.0,1.0
10,8,0.0,0.0,0.0,0.0,0.0,0.0,0.0,0.0,1.0
10,8,0.0,0.0,0.0,0.0,0.0,0.0,0.0,0.0,1.0
10,8,0.0,0.0,0.0,0.0,0.0,0.0,0.0,0.0,1.0
10,8,0.0,0.0,0.0,0.0,0.0,0.0,0.0,0.0,1.0
10,8,0.0,0.0,0.0,0.0,0.0,0.0,0.0,0.0,1.0
10,8,0.0,0.0,0.0,0.0,0.0,0.0,0.0,0.0,1.0
10,8,0.0,0.0,0.0,0.0,0.0,0.0,0.0,0.0,1.0
10,8,0.0,0.0,0.0,0.0,0.0,0.0,0.0,0.0,1.0
10,8,0.0,0.0,0.0,0.0,0.0,0.0,0.0,0.0,1.0
10,8,0.0,0.0,0.0,0.0,0.0,0.0,0.0,0.0,1.0
10,8,0.0,0.0,0.0,0.0,0.0,0.0,0.0,0.0,1.0
10,8,0.0,0.0,0.0,0.0,0.0,0.0,0.0,0.0,1.0
10,8,0.0,0.0,0.0,0.0,0.0,0.0,0.0,0.0,1.0
10,8,0.0,0.0,0.0,0.0,0.0,0.0,0.0,0.0,1.0
10,8,0.0,0.0,0.0,0.0,0.0,0.0,0.0,0.0,1.0
10,8,0.0,0.0,0.0,0.0,0.0,0.0,0.0,0.0,1.0
10,8,0.0,0.0,0.0,0.0,0.0,0.0,0.0,0.0,1.0
10,8,0.0,0.0,0.0,0.0,0.0,0.0,0.0,0.0,1.0
10,8,0.0,0.0,0.0,0.0,0.0,0.0,0.0,0.0,1.0
10,8,0.0,0.0,0.0,0.0,0.0,0.0,0.0,0.0,1.0
10,8,0.0,0.0,0.0,0.0,0.0,0.0,0.0,0.0,1.0
10,8,0.0,0.0,0.0,0.0,0.0,0.0,0.0,0.0,1.0
10,8,0.0,0.0,0.0,0.0,0.0,0.0,0.0,0.0,1.0
10,8,0.0,0.0,0.0,0.0,0.0,0.0,0.0,0.0,1.0
10,8,0.0,0.0,0.0,0.0,0.0,0.0,0.0,0.0,1.0
10,8,0.0,0.0,0.0,0.0,0.0,0.0,0.0,0.0,1.0
10,8,0.0,0.0,0.0,0.0,0.0,0.0,0.0,0.0,1.0
10,8,0.0,0.0,0.0,0.0,0.0,0.0,0.0,0.0,1.0
10,8,0.0,0.0,0.0,0.0,0.0,0.0,0.0,0.0,1.0
10,8,0.0,0.0,0.0,0.0,0.0,0.0,0.0,0.0,1.0
10,8,0.0,0.0,0.0,0.0,0.0,0.0,0.0,0.0,1.0
10,8,0.0,0.0,0.0,0.0,0.0,0.0,0.0,0.0,1.0
10,8,0.0,0.0,0.0,0.0,0.0,0.0,0.0,0.0,1.0
10,8,0.0,0.0,0.0,0.0,0.0,0.0,0.0,0.0,1.0
10,8,0.0,0.0,0.0,0.0,0.0,0.0,0.0,0.0,1.0
10,8,0.0,0.0,0.0,0.0,0.0,0.0,0.0,0.0,1.0
10,8,0.0,0.0,0.0,0.0,0.0,0.0,0.0,0.0,1.0
10,8,0.0,0.0,0.0,0.0,0.0,0.0,0.0,0.0,1.0
10,8,0.0,0.0,0.0,0.0,0.0,0.0,0.0,0.0,1.0
10,8,0.0,0.0,0.0,0.0,0.0,0.0,0.0,0.0,1.0
10,8,0.0,0.0,0.0,0.0,0.0,0.0,0.0,0.0,1.0
10,8,0.0,0.0,0.0,0.0,0.0,0.0,0.0,0.0,1.0
10,8,0.0,0.0,0.0,0.0,0.0,0.0,0.0,0.0,1.0
10,8,0.0,0.0,0.0,0.0,0.0,0.0,0.0,0.0,1.0
10,8,0.0,0.0,0.0,0.0,0.0,0.0,0.0,0.0,1.0
10,8,0.0,0.0,0.0,0.0,0.0,0.0,0.0,0.0,1.0
10,8,0.0,0.0,0.0,0.0,0.0,0.0,0.0,0.0,1.0
10,8,0.0,0.0,0.0,0.0,0.0,0.0,0.0,0.0,1.0
10,8,0.0,0.0,0.0,0.0,0.0,0.0,0.0,0.0,1.0
10,8,0.0,0.0,0.0,0.0,0.0,0.0,0.0,0.0,1.0
10,8,0.0,0.0,0.0,0.0,0.0,0.0,0.0,0.0,1.0
10,8,0.0,0.0,0.0,0.0,0.0,0.0,0.0,0.0,1.0
10,8,0.0,0.0,0.0,0.0,0.0,0.0,0.0,0.0,1.0
10,8,0.0,0.0,0.0,0.0,0.0,0.0,0.0,0.0,1.0
10,8,0.0,0.0,0.0,0.0,0.0,0.0,0.0,0.0,1.0
10,8,0.0,0.0,0.0,0.0,0.0,0.0,0.0,0.0,1.0
10,8,0.0,0.0,0.0,0.0,0.0,0.0,0.0,0.0,1.0
10,8,0.0,0.0,0.0,0.0,0.0,0.0,0.0,0.0,1.0
10,8,0.0,0.0,0.0,0.0,0.0,0.0,0.0,0.0,1.0
10,8,0.0,0.0,0.0,0.0,0.0,0.0,0.0,0.0,1.0
10,8,0.0,0.0,0.0,0.0,0.0,0.0,0.0,0.0,1.0
10,8,0.0,0.0,0.0,0.0,0.0,0.0,0.0,0.0,1.0
10,8,0.0,0.0,0.0,0.0,0.0,0.0,0.0,0.0,1.0
10,8,0.0,0.0,0.0,0.0,0.0,0.0,0.0,0.0,1.0
10,8,0.0,0.0,0.0,0.0,0.0,0.0,0.0,0.0,1.0
10,8,0.0,0.0,0.0,0.0,0.0,0.0,0.0,0.0,1.0
10,8,0.0,0.0,0.0,0.0,0.0,0.0,0.0,0.0,1.0
10,8,0.0,0.0,0.0,0.0,0.0,0.0,0.0,0.0,1.0
10,8,0.0,0.0,0.0,0.0,0.0,0.0,0.0,0.0,1.0
10,8,0.0,0.0,0.0,0.0,0.0,0.0,0.0,0.0,1.0
10,8,0.0,0.0,0.0,0.0,0.0,0.0,0.0,0.0,1.0
10,8,0.0,0.0,0.0,0.0,0.0,0.0,0.0,0.0,1.0
10,8,0.0,0.0,0.0,0.0,0.0,0.0,0.0,0.0,1.0
10,8,0.0,0.0,0.0,0.0,0.0,0.0,0.0,0.0,1.0
10,8,0.0,0.0,0.0,0.0,0.0,0.0,0.0,0.0,1.0
10,8,0.0,0.0,0.0,0.0,0.0,0.0,0.0,0.0,1.0
10,8,0.0,0.0,0.0,0.0,0.0,0.0,0.0,0.0,1.0
10,8,0.0,0.0,0.0,0.0,0.0,0.0,0.0,0.0,1.0
10,8,0.0,0.0,0.0,0.0,0.0,0.0,0.0,0.0,1.0
10,8,0.0,0.0,0.0,0.0,0.0,0.0,0.0,0.0,1.0
10,8,0.0,0.0,0.0,0.0,0.0,0.0,0.0,0.0,1.0
10,8,0.0,0.0,0.0,0.0,0.0,0.0,0.0,0.0,1.0
10,8,0.0,0.0,0.0,0.0,0.0,0.0,0.0,0.0,1.0
10,8,0.0,0.0,0.0,0.0,0.0,0.0,0.0,0.0,1.0
10,8,0.0,0.0,0.0,0.0,0.0,0.0,0.0,0.0,1.0
10,8,0.0,0.0,0.0,0.0,0.0,0.0,0.0,0.0,1.0
10,8,0.0,0.0,0.0,0.0,0.0,0.0,0.0,0.0,1.0
10,8,0.0,0.0,0.0,0.0,0.0,0.0,0.0,0.0,1.0
10,8,0.0,0.0,0.0,0.0,0.0,0.0,0.0,0.0,1.0
10,8,0.0,0.0,0.0,0.0,0.0,0.0,0.0,0.0,1.0
10,8,0.0,0.0,0.0,0.0,0.0,0.0,0.0,0.0,1.0
10,8,0.0,0.0,0.0,0.0,0.0,0.0,0.0,0.0,1.0
10,8,0.0,0.0,0.0,0.0,0.0,0.0,0.0,0.0,1.0
10,8,0.0,0.0,0.0,0.0,0.0,0.0,0.0,0.0,1.0
10,8,0.0,0.0,0.0,0.0,0.0,0.0,0.0,0.0,1.0
10,8,0.0,0.0,0.0,0.0,0.0,0.0,0.0,0.0,1.0
10,8,0.0,0.0,0.0,0.0,0.0,0.0,0.0,0.0,1.0
10,8,0.0,0.0,0.0,0.0,0.0,0.0,0.0,0.0,1.0
10,8,0.0,0.0,0.0,0.0,0.0,0.0,0.0,0.0,1.0
10,8,0.0,0.0,0.0,0.0,0.0,0.0,0.0,0.0,1.0
10,8,0.0,0.0,0.0,0.0,0.0,0.0,0.0,0.0,1.0
10,8,0.0,0.0,0.0,0.0,0.0,0.0,0.0,0.0,1.0
10,8,0.0,0.0,0.0,0.0,0.0,0.0,0.0,0.0,1.0
10,8,0.0,0.0,0.0,0.0,0.0,0.0,0.0,0.0,1.0
10,8,0.0,0.0,0.0,0.0,0.0,0.0,0.0,0.0,1.0
10,8,0.0,0.0,0.0,0.0,0.0,0.0,0.0,0.0,1.0
10,8,0.0,0.0,0.0,0.0,0.0,0.0,0.0,0.0,1.0
10,8,0.0,0.0,0.0,0.0,0.0,0.0,0.0,0.0,1.0
10,8,0.0,0.0,0.0,0.0,0.0,0.0,0.0,0.0,1.0
10,8,0.0,0.0,0.0,0.0,0.0,0.0,0.0,0.0,1.0
10,8,0.0,0.0,0.0,0.0,0.0,0.0,0.0,0.0,1.0
10,8,0.0,0.0,0.0,0.0,0.0,0.0,0.0,0.0,1.0
10,8,0.0,0.0,0.0,0.0,0.0,0.0,0.0,0.0,1.0
10,8,0.0,0.0,0.0,0.0,0.0,0.0,0.0,0.0,1.0
10,8,0.0,0.0,0.0,0.0,0.0,0.0,0.0,0.0,1.0
10,8,0.0,0.0,0.0,0.0,0.0,0.0,0.0,0.0,1.0
10,8,0.0,0.0,0.0,0.0,0.0,0.0,0.0,0.0,1.0
10,8,0.0,0.0,0.0,0.0,0.0,0.0,0.0,0.0,1.0
10,8,0.0,0.0,0.0,0.0,0.0,0.0,0.0,0.0,1.0
10,8,0.0,0.0,0.0,0.0,0.0,0.0,0.0,0.0,1.0
10,8,0.0,0.0,0.0,0.0,0.0,0.0,0.0,0.0,1.0
10,8,0.0,0.0,0.0,0.0,0.0,0.0,0.0,0.0,1.0
10,8,0.0,0.0,0.0,0.0,0.0,0.0,0.0,0.0,1.0
10,8,0.0,0.0,0.0,0.0,0.0,0.0,0.0,0.0,1.0
10,8,0.0,0.0,0.0,0.0,0.0,0.0,0.0,0.0,1.0
10,8,0.0,0.0,0.0,0.0,0.0,0.0,0.0,0.0,1.0
10,8,0.0,0.0,0.0,0.0,0.0,0.0,0.0,0.0,1.0
10,8,0.0,0.0,0.0,0.0,0.0,0.0,0.0,0.0,1.0
10,8,0.0,0.0,0.0,0.0,0.0,0.0,0.0,0.0,1.0
10,8,0.0,0.0,0.0,0.0,0.0,0.0,0.0,0.0,1.0
10,8,0.0,0.0,0.0,0.0,0.0,0.0,0.0,0.0,1.0
10,8,0.0,0.0,0.0,0.0,0.0,0.0,0.0,0.0,1.0
10,8,0.0,0.0,0.0,0.0,0.0,0.0,0.0,0.0,1.0
10,8,0.0,0.0,0.0,0.0,0.0,0.0,0.0,0.0,1.0
10,8,0.0,0.0,0.0,0.0,0.0,0.0,0.0,0.0,1.0
10,8,0.0,0.0,0.0,0.0,0.0,0.0,0.0,0.0,1.0
10,8,0.0,0.0,0.0,0.0,0.0,0.0,0.0,0.0,1.0
10,8,0.0,0.0,0.0,0.0,0.0,0.0,0.0,0.0,1.0
10,8,0.0,0.0,0.0,0.0,0.0,0.0,0.0,0.0,1.0
10,8,0.0,0.0,0.0,0.0,0.0,0.0,0.0,0.0,1.0
10,8,0.0,0.0,0.0,0.0,0.0,0.0,0.0,0.0,1.0
10,8,0.0,0.0,0.0,0.0,0.0,0.0,0.0,0.0,1.0
10,8,0.0,0.0,0.0,0.0,0.0,0.0,0.0,0.0,1.0
10,8,0.0,0.0,0.0,0.0,0.0,0.0,0.0,0.0,1.0
10,8,0.0,0.0,0.0,0.0,0.0,0.0,0.0,0.0,1.0
10,8,0.0,0.0,0.0,0.0,0.0,0.0,0.0,0.0,1.0
10,8,0.0,0.0,0.0,0.0,0.0,0.0,0.0,0.0,1.0
10,8,0.0,0.0,0.0,0.0,0.0,0.0,0.0,0.0,1.0
10,8,0.0,0.0,0.0,0.0,0.0,0.0,0.0,0.0,1.0
10,8,0.0,0.0,0.0,0.0,0.0,0.0,0.0,0.0,1.0
10,8,0.0,0.0,0.0,0.0,0.0,0.0,0.0,0.0,1.0
10,8,0.0,0.0,0.0,0.0,0.0,0.0,0.0,0.0,1.0
10,8,0.0,0.0,0.0,0.0,0.0,0.0,0.0,0.0,1.0
10,8,0.0,0.0,0.0,0.0,0.0,0.0,0.0,0.0,1.0
10,8,0.0,0.0,0.0,0.0,0.0,0.0,0.0,0.0,1.0
10,8,0.0,0.0,0.0,0.0,0.0,0.0,0.0,0.0,1.0
10,8,0.0,0.0,0.0,0.0,0.0,0.0,0.0,0.0,1.0
10,8,0.0,0.0,0.0,0.0,0.0,0.0,0.0,0.0,1.0
10,8,0.0,0.0,0.0,0.0,0.0,0.0,0.0,0.0,1.0
10,8,0.0,0.0,0.0,0.0,0.0,0.0,0.0,0.0,1.0
10,8,0.0,0.0,0.0,0.0,0.0,0.0,0.0,0.0,1.0
10,8,0.0,0.0,0.0,0.0,0.0,0.0,0.0,0.0,1.0
10,8,0.0,0.0,0.0,0.0,0.0,0.0,0.0,0.0,1.0
10,8,0.0,0.0,0.0,0.0,0.0,0.0,0.0,0.0,1.0
10,8,0.0,0.0,0.0,0.0,0.0,0.0,0.0,0.0,1.0
10,8,0.0,0.0,0.0,0.0,0.0,0.0,0.0,0.0,1.0
10,8,0.0,0.0,0.0,0.0,0.0,0.0,0.0,0.0,1.0
10,8,0.0,0.0,0.0,0.0,0.0,0.0,0.0,0.0,1.0
10,8,0.0,0.0,0.0,0.0,0.0,0.0,0.0,0.0,1.0
10,8,0.0,0.0,0.0,0.0,0.0,0.0,0.0,0.0,1.0
10,8,0.0,0.0,0.0,0.0,0.0,0.0,0.0,0.0,1.0
10,8,0.0,0.0,0.0,0.0,0.0,0.0,0.0,0.0,1.0
10,8,0.0,0.0,0.0,0.0,0.0,0.0,0.0,0.0,1.0
10,8,0.0,0.0,0.0,0.0,0.0,0.0,0.0,0.0,1.0
10,8,0.0,0.0,0.0,0.0,0.0,0.0,0.0,0.0,1.0
10,8,0.0,0.0,0.0,0.0,0.0,0.0,0.0,0.0,1.0
10,8,0.0,0.0,0.0,0.0,0.0,0.0,0.0,0.0,1.0
10,8,0.0,0.0,0.0,0.0,0.0,0.0,0.0,0.0,1.0
10,8,0.0,0.0,0.0,0.0,0.0,0.0,0.0,0.0,1.0
10,8,0.0,0.0,0.0,0.0,0.0,0.0,0.0,0.0,1.0
10,8,0.0,0.0,0.0,0.0,0.0,0.0,0.0,0.0,1.0
10,8,0.0,0.0,0.0,0.0,0.0,0.0,0.0,0.0,1.0
10,8,0.0,0.0,0.0,0.0,0.0,0.0,0.0,0.0,1.0
10,8,0.0,0.0,0.0,0.0,0.0,0.0,0.0,0.0,1.0
10,8,0.0,0.0,0.0,0.0,0.0,0.0,0.0,0.0,1.0
10,8,0.0,0.0,0.0,0.0,0.0,0.0,0.0,0.0,1.0
10,8,0.0,0.0,0.0,0.0,0.0,0.0,0.0,0.0,1.0
10,8,0.0,0.0,0.0,0.0,0.0,0.0,0.0,0.0,1.0
10,8,0.0,0.0,0.0,0.0,0.0,0.0,0.0,0.0,1.0
10,8,0.0,0.0,0.0,0.0,0.0,0.0,0.0,0.0,1.0
10,8,0.0,0.0,0.0,0.0,0.0,0.0,0.0,0.0,1.0
10,8,0.0,0.0,0.0,0.0,0.0,0.0,0.0,0.0,1.0
10,8,0.0,0.0,0.0,0.0,0.0,0.0,0.0,0.0,1.0
10,8,0.0,0.0,0.0,0.0,0.0,0.0,0.0,0.0,1.0
10,8,0.0,0.0,0.0,0.0,0.0,0.0,0.0,0.0,1.0
10,8,0.0,0.0,0.0,0.0,0.0,0.0,0.0,0.0,1.0
10,8,0.0,0.0,0.0,0.0,0.0,0.0,0.0,0.0,1.0
10,8,0.0,0.0,0.0,0.0,0.0,0.0,0.0,0.0,1.0
10,8,0.0,0.0,0.0,0.0,0.0,0.0,0.0,0.0,1.0
10,8,0.0,0.0,0.0,0.0,0.0,0.0,0.0,0.0,1.0
10,8,0.0,0.0,0.0,0.0,0.0,0.0,0.0,0.0,1.0
10,8,0.0,0.0,0.0,0.0,0.0,0.0,0.0,0.0,1.0
10,8,0.0,0.0,0.0,0.0,0.0,0.0,0.0,0.0,1.0
10,8,0.0,0.0,0.0,0.0,0.0,0.0,0.0,0.0,1.0
10,8,0.0,0.0,0.0,0.0,0.0,0.0,0.0,0.0,1.0
10,8,0.0,0.0,0.0,0.0,0.0,0.0,0.0,0.0,1.0
10,8,0.0,0.0,0.0,0.0,0.0,0.0,0.0,0.0,1.0
10,8,0.0,0.0,0.0,0.0,0.0,0.0,0.0,0.0,1.0
10,8,0.0,0.0,0.0,0.0,0.0,0.0,0.0,0.0,1.0
10,8,0.0,0.0,0.0,0.0,0.0,0.0,0.0,0.0,1.0
10,8,0.0,0.0,0.0,0.0,0.0,0.0,0.0,0.0,1.0
10,8,0.0,0.0,0.0,0.0,0.0,0.0,0.0,0.0,1.0
10,8,0.0,0.0,0.0,0.0,0.0,0.0,0.0,0.0,1.0
10,8,0.0,0.0,0.0,0.0,0.0,0.0,0.0,0.0,1.0
10,8,0.0,0.0,0.0,0.0,0.0,0.0,0.0,0.0,1.0
10,8,0.0,0.0,0.0,0.0,0.0,0.0,0.0,0.0,1.0
10,8,0.0,0.0,0.0,0.0,0.0,0.0,0.0,0.0,1.0
10,8,0.0,0.0,0.0,0.0,0.0,0.0,0.0,0.0,1.0
10,8,0.0,0.0,0.0,0.0,0.0,0.0,0.0,0.0,1.0
10,8,0.0,0.0,0.0,0.0,0.0,0.0,0.0,0.0,1.0
10,8,0.0,0.0,0.0,0.0,0.0,0.0,0.0,0.0,1.0
10,8,0.0,0.0,0.0,0.0,0.0,0.0,0.0,0.0,1.0
10,8,0.0,0.0,0.0,0.0,0.0,0.0,0.0,0.0,1.0
10,8,0.0,0.0,0.0,0.0,0.0,0.0,0.0,0.0,1.0
10,8,0.0,0.0,0.0,0.0,0.0,0.0,0.0,0.0,1.0
10,8,0.0,0.0,0.0,0.0,0.0,0.0,0.0,0.0,1.0
10,8,0.0,0.0,0.0,0.0,0.0,0.0,0.0,0.0,1.0
10,8,0.0,0.0,0.0,0.0,0.0,0.0,0.0,0.0,1.0
10,8,0.0,0.0,0.0,0.0,0.0,0.0,0.0,0.0,1.0
10,8,0.0,0.0,0.0,0.0,0.0,0.0,0.0,0.0,1.0
10,8,0.0,0.0,0.0,0.0,0.0,0.0,0.0,0.0,1.0
10,8,0.0,0.0,0.0,0.0,0.0,0.0,0.0,0.0,1.0
10,8,0.0,0.0,0.0,0.0,0.0,0.0,0.0,0.0,1.0
10,8,0.0,0.0,0.0,0.0,0.0,0.0,0.0,0.0,1.0
10,8,0.0,0.0,0.0,0.0,0.0,0.0,0.0,0.0,1.0
10,8,0.0,0.0,0.0,0.0,0.0,0.0,0.0,0.0,1.0
10,8,0.0,0.0,0.0,0.0,0.0,0.0,0.0,0.0,1.0
10,8,0.0,0.0,0.0,0.0,0.0,0.0,0.0,0.0,1.0
10,8,0.0,0.0,0.0,0.0,0.0,0.0,0.0,0.0,1.0
10,8,0.0,0.0,0.0,0.0,0.0,0.0,0.0,0.0,1.0
10,8,0.0,0.0,0.0,0.0,0.0,0.0,0.0,0.0,1.0
10,8,0.0,0.0,0.0,0.0,0.0,0.0,0.0,0.0,1.0
10,8,0.0,0.0,0.0,0.0,0.0,0.0,0.0,0.0,1.0
10,8,0.0,0.0,0.0,0.0,0.0,0.0,0.0,0.0,1.0
10,8,0.0,0.0,0.0,0.0,0.0,0.0,0.0,0.0,1.0
10,8,0.0,0.0,0.0,0.0,0.0,0.0,0.0,0.0,1.0
10,8,0.0,0.0,0.0,0.0,0.0,0.0,0.0,0.0,1.0
10,8,0.0,0.0,0.0,0.0,0.0,0.0,0.0,0.0,1.0
10,8,0.0,0.0,0.0,0.0,0.0,0.0,0.0,0.0,1.0
10,8,0.0,0.0,0.0,0.0,0.0,0.0,0.0,0.0,1.0
10,8,0.0,0.0,0.0,0.0,0.0,0.0,0.0,0.0,1.0
10,8,0.0,0.0,0.0,0.0,0.0,0.0,0.0,0.0,1.0
10,8,0.0,0.0,0.0,0.0,0.0,0.0,0.0,0.0,1.0
10,8,0.0,0.0,0.0,0.0,0.0,0.0,0.0,0.0,1.0
10,8,0.0,0.0,0.0,0.0,0.0,0.0,0.0,0.0,1.0
10,8,0.0,0.0,0.0,0.0,0.0,0.0,0.0,0.0,1.0
10,8,0.0,0.0,0.0,0.0,0.0,0.0,0.0,0.0,1.0
10,8,0.0,0.0,0.0,0.0,0.0,0.0,0.0,0.0,1.0
10,8,0.0,0.0,0.0,0.0,0.0,0.0,0.0,0.0,1.0
10,8,0.0,0.0,0.0,0.0,0.0,0.0,0.0,0.0,1.0
10,8,0.0,0.0,0.0,0.0,0.0,0.0,0.0,0.0,1.0
10,8,0.0,0.0,0.0,0.0,0.0,0.0,0.0,0.0,1.0
10,8,0.0,0.0,0.0,0.0,0.0,0.0,0.0,0.0,1.0
10,8,0.0,0.0,0.0,0.0,0.0,0.0,0.0,0.0,1.0
10,8,0.0,0.0,0.0,0.0,0.0,0.0,0.0,0.0,1.0
10,8,0.0,0.0,0.0,0.0,0.0,0.0,0.0,0.0,1.0
10,8,0.0,0.0,0.0,0.0,0.0,0.0,0.0,0.0,1.0
10,8,0.0,0.0,0.0,0.0,0.0,0.0,0.0,0.0,1.0
10,8,0.0,0.0,0.0,0.0,0.0,0.0,0.0,0.0,1.0
10,8,0.0,0.0,0.0,0.0,0.0,0.0,0.0,0.0,1.0
10,8,0.0,0.0,0.0,0.0,0.0,0.0,0.0,0.0,1.0
10,8,0.0,0.0,0.0,0.0,0.0,0.0,0.0,0.0,1.0
10,8,0.0,0.0,0.0,0.0,0.0,0.0,0.0,0.0,1.0
10,8,0.0,0.0,0.0,0.0,0.0,0.0,0.0,0.0,1.0
10,8,0.0,0.0,0.0,0.0,0.0,0.0,0.0,0.0,1.0
10,8,0.0,0.0,0.0,0.0,0.0,0.0,0.0,0.0,1.0
10,8,0.0,0.0,0.0,0.0,0.0,0.0,0.0,0.0,1.0
10,8,0.0,0.0,0.0,0.0,0.0,0.0,0.0,0.0,1.0
10,8,0.0,0.0,0.0,0.0,0.0,0.0,0.0,0.0,1.0
10,8,0.0,0.0,0.0,0.0,0.0,0.0,0.0,0.0,1.0
10,8,0.0,0.0,0.0,0.0,0.0,0.0,0.0,0.0,1.0
10,8,0.0,0.0,0.0,0.0,0.0,0.0,0.0,0.0,1.0
10,8,0.0,0.0,0.0,0.0,0.0,0.0,0.0,0.0,1.0
10,8,0.0,0.0,0.0,0.0,0.0,0.0,0.0,0.0,1.0
10,8,0.0,0.0,0.0,0.0,0.0,0.0,0.0,0.0,1.0
10,8,0.0,0.0,0.0,0.0,0.0,0.0,0.0,0.0,1.0
10,8,0.0,0.0,0.0,0.0,0.0,0.0,0.0,0.0,1.0
10,8,0.0,0.0,0.0,0.0,0.0,0.0,0.0,0.0,1.0
10,8,0.0,0.0,0.0,0.0,0.0,0.0,0.0,0.0,1.0
10,8,0.0,0.0,0.0,0.0,0.0,0.0,0.0,0.0,1.0
10,8,0.0,0.0,0.0,0.0,0.0,0.0,0.0,0.0,1.0
10,8,0.0,0.0,0.0,0.0,0.0,0.0,0.0,0.0,1.0
10,8,0.0,0.0,0.0,0.0,0.0,0.0,0.0,0.0,1.0
10,8,0.0,0.0,0.0,0.0,0.0,0.0,0.0,0.0,1.0
10,8,0.0,0.0,0.0,0.0,0.0,0.0,0.0,0.0,1.0
10,8,0.0,0.0,0.0,0.0,0.0,0.0,0.0,0.0,1.0
10,8,0.0,0.0,0.0,0.0,0.0,0.0,0.0,0.0,1.0
10,8,0.0,0.0,0.0,0.0,0.0,0.0,0.0,0.0,1.0
10,8,0.0,0.0,0.0,0.0,0.0,0.0,0.0,0.0,1.0
10,8,0.0,0.0,0.0,0.0,0.0,0.0,0.0,0.0,1.0
10,8,0.0,0.0,0.0,0.0,0.0,0.0,0.0,0.0,1.0
10,8,0.0,0.0,0.0,0.0,0.0,0.0,0.0,0.0,1.0
10,8,0.0,0.0,0.0,0.0,0.0,0.0,0.0,0.0,1.0
10,8,0.0,0.0,0.0,0.0,0.0,0.0,0.0,0.0,1.0
10,8,0.0,0.0,0.0,0.0,0.0,0.0,0.0,0.0,1.0
10,8,0.0,0.0,0.0,0.0,0.0,0.0,0.0,0.0,1.0
10,8,0.0,0.0,0.0,0.0,0.0,0.0,0.0,0.0,1.0
10,8,0.0,0.0,0.0,0.0,0.0,0.0,0.0,0.0,1.0
10,8,0.0,0.0,0.0,0.0,0.0,0.0,0.0,0.0,1.0
10,8,0.0,0.0,0.0,0.0,0.0,0.0,0.0,0.0,1.0
10,8,0.0,0.0,0.0,0.0,0.0,0.0,0.0,0.0,1.0
10,8,0.0,0.0,0.0,0.0,0.0,0.0,0.0,0.0,1.0
10,8,0.0,0.0,0.0,0.0,0.0,0.0,0.0,0.0,1.0
10,8,0.0,0.0,0.0,0.0,0.0,0.0,0.0,0.0,1.0
10,8,0.0,0.0,0.0,0.0,0.0,0.0,0.0,0.0,1.0
10,8,0.0,0.0,0.0,0.0,0.0,0.0,0.0,0.0,1.0
10,8,0.0,0.0,0.0,0.0,0.0,0.0,0.0,0.0,1.0
10,8,0.0,0.0,0.0,0.0,0.0,0.0,0.0,0.0,1.0
10,8,0.0,0.0,0.0,0.0,0.0,0.0,0.0,0.0,1.0
10,8,0.0,0.0,0.0,0.0,0.0,0.0,0.0,0.0,1.0
10,8,0.0,0.0,0.0,0.0,0.0,0.0,0.0,0.0,1.0
10,8,0.0,0.0,0.0,0.0,0.0,0.0,0.0,0.0,1.0
10,8,0.0,0.0,0.0,0.0,0.0,0.0,0.0,0.0,1.0
10,8,0.0,0.0,0.0,0.0,0.0,0.0,0.0,0.0,1.0
10,8,0.0,0.0,0.0,0.0,0.0,0.0,0.0,0.0,1.0
10,8,0.0,0.0,0.0,0.0,0.0,0.0,0.0,0.0,1.0
10,8,0.0,0.0,0.0,0.0,0.0,0.0,0.0,0.0,1.0
10,8,0.0,0.0,0.0,0.0,0.0,0.0,0.0,0.0,1.0
10,8,0.0,0.0,0.0,0.0,0.0,0.0,0.0,0.0,1.0
10,8,0.0,0.0,0.0,0.0,0.0,0.0,0.0,0.0,1.0
10,8,0.0,0.0,0.0,0.0,0.0,0.0,0.0,0.0,1.0
10,8,0.0,0.0,0.0,0.0,0.0,0.0,0.0,0.0,1.0
10,8,0.0,0.0,0.0,0.0,0.0,0.0,0.0,0.0,1.0
10,8,0.0,0.0,0.0,0.0,0.0,0.0,0.0,0.0,1.0
10,8,0.0,0.0,0.0,0.0,0.0,0.0,0.0,0.0,1.0
10,8,0.0,0.0,0.0,0.0,0.0,0.0,0.0,0.0,1.0
10,8,0.0,0.0,0.0,0.0,0.0,0.0,0.0,0.0,1.0
10,8,0.0,0.0,0.0,0.0,0.0,0.0,0.0,0.0,1.0
10,8,0.0,0.0,0.0,0.0,0.0,0.0,0.0,0.0,1.0
10,8,0.0,0.0,0.0,0.0,0.0,0.0,0.0,0.0,1.0
10,8,0.0,0.0,0.0,0.0,0.0,0.0,0.0,0.0,1.0
10,8,0.0,0.0,0.0,0.0,0.0,0.0,0.0,0.0,1.0
10,8,0.0,0.0,0.0,0.0,0.0,0.0,0.0,0.0,1.0
10,8,0.0,0.0,0.0,0.0,0.0,0.0,0.0,0.0,1.0
10,8,0.0,0.0,0.0,0.0,0.0,0.0,0.0,0.0,1.0
10,8,0.0,0.0,0.0,0.0,0.0,0.0,0.0,0.0,1.0
10,8,0.0,0.0,0.0,0.0,0.0,0.0,0.0,0.0,1.0
10,8,0.0,0.0,0.0,0.0,0.0,0.0,0.0,0.0,1.0
10,8,0.0,0.0,0.0,0.0,0.0,0.0,0.0,0.0,1.0
10,8,0.0,0.0,0.0,0.0,0.0,0.0,0.0,0.0,1.0
10,8,0.0,0.0,0.0,0.0,0.0,0.0,0.0,0.0,1.0
10,8,0.0,0.0,0.0,0.0,0.0,0.0,0.0,0.0,1.0
10,8,0.0,0.0,0.0,0.0,0.0,0.0,0.0,0.0,1.0
10,8,0.0,0.0,0.0,0.0,0.0,0.0,0.0,0.0,1.0
10,8,0.0,0.0,0.0,0.0,0.0,0.0,0.0,0.0,1.0
10,8,0.0,0.0,0.0,0.0,0.0,0.0,0.0,0.0,1.0
10,8,0.0,0.0,0.0,0.0,0.0,0.0,0.0,0.0,1.0
10,8,0.0,0.0,0.0,0.0,0.0,0.0,0.0,0.0,1.0
10,8,0.0,0.0,0.0,0.0,0.0,0.0,0.0,0.0,1.0
10,8,0.0,0.0,0.0,0.0,0.0,0.0,0.0,0.0,1.0
10,8,0.0,0.0,0.0,0.0,0.0,0.0,0.0,0.0,1.0
10,8,0.0,0.0,0.0,0.0,0.0,0.0,0.0,0.0,1.0
10,8,0.0,0.0,0.0,0.0,0.0,0.0,0.0,0.0,1.0
10,8,0.0,0.0,0.0,0.0,0.0,0.0,0.0,0.0,1.0
10,8,0.0,0.0,0.0,0.0,0.0,0.0,0.0,0.0,1.0
10,8,0.0,0.0,0.0,0.0,0.0,0.0,0.0,0.0,1.0
10,8,0.0,0.0,0.0,0.0,0.0,0.0,0.0,0.0,1.0
10,8,0.0,0.0,0.0,0.0,0.0,0.0,0.0,0.0,1.0
10,8,0.0,0.0,0.0,0.0,0.0,0.0,0.0,0.0,1.0
10,8,0.0,0.0,0.0,0.0,0.0,0.0,0.0,0.0,1.0
10,8,0.0,0.0,0.0,0.0,0.0,0.0,0.0,0.0,1.0
10,8,0.0,0.0,0.0,0.0,0.0,0.0,0.0,0.0,1.0
10,8,0.0,0.0,0.0,0.0,0.0,0.0,0.0,0.0,1.0
10,8,0.0,0.0,0.0,0.0,0.0,0.0,0.0,0.0,1.0
10,8,0.0,0.0,0.0,0.0,0.0,0.0,0.0,0.0,1.0
10,8,0.0,0.0,0.0,0.0,0.0,0.0,0.0,0.0,1.0
10,8,0.0,0.0,0.0,0.0,0.0,0.0,0.0,0.0,1.0
10,8,0.0,0.0,0.0,0.0,0.0,0.0,0.0,0.0,1.0
10,8,0.0,0.0,0.0,0.0,0.0,0.0,0.0,0.0,1.0
10,8,0.0,0.0,0.0,0.0,0.0,0.0,0.0,0.0,1.0
10,8,0.0,0.0,0.0,0.0,0.0,0.0,0.0,0.0,1.0
10,8,0.0,0.0,0.0,0.0,0.0,0.0,0.0,0.0,1.0
10,8,0.0,0.0,0.0,0.0,0.0,0.0,0.0,0.0,1.0
10,8,0.0,0.0,0.0,0.0,0.0,0.0,0.0,0.0,1.0
10,8,0.0,0.0,0.0,0.0,0.0,0.0,0.0,0.0,1.0
10,8,0.0,0.0,0.0,0.0,0.0,0.0,0.0,0.0,1.0
10,8,0.0,0.0,0.0,0.0,0.0,0.0,0.0,0.0,1.0
10,8,0.0,0.0,0.0,0.0,0.0,0.0,0.0,0.0,1.0
10,8,0.0,0.0,0.0,0.0,0.0,0.0,0.0,0.0,1.0
10,8,0.0,0.0,0.0,0.0,0.0,0.0,0.0,0.0,1.0
10,8,0.0,0.0,0.0,0.0,0.0,0.0,0.0,0.0,1.0
10,8,0.0,0.0,0.0,0.0,0.0,0.0,0.0,0.0,1.0
10,8,0.0,0.0,0.0,0.0,0.0,0.0,0.0,0.0,1.0
10,8,0.0,0.0,0.0,0.0,0.0,0.0,0.0,0.0,1.0
10,8,0.0,0.0,0.0,0.0,0.0,0.0,0.0,0.0,1.0
10,8,0.0,0.0,0.0,0.0,0.0,0.0,0.0,0.0,1.0
10,8,0.0,0.0,0.0,0.0,0.0,0.0,0.0,0.0,1.0
10,8,0.0,0.0,0.0,0.0,0.0,0.0,0.0,0.0,1.0
10,8,0.0,0.0,0.0,0.0,0.0,0.0,0.0,0.0,1.0
10,8,0.0,0.0,0.0,0.0,0.0,0.0,0.0,0.0,1.0
10,8,0.0,0.0,0.0,0.0,0.0,0.0,0.0,0.0,1.0
10,8,0.0,0.0,0.0,0.0,0.0,0.0,0.0,0.0,1.0
10,8,0.0,0.0,0.0,0.0,0.0,0.0,0.0,0.0,1.0
10,8,0.0,0.0,0.0,0.0,0.0,0.0,0.0,0.0,1.0
10,8,0.0,0.0,0.0,0.0,0.0,0.0,0.0,0.0,1.0
10,8,0.0,0.0,0.0,0.0,0.0,0.0,0.0,0.0,1.0
10,8,0.0,0.0,0.0,0.0,0.0,0.0,0.0,0.0,1.0
10,8,0.0,0.0,0.0,0.0,0.0,0.0,0.0,0.0,1.0
10,8,0.0,0.0,0.0,0.0,0.0,0.0,0.0,0.0,1.0
10,8,0.0,0.0,0.0,0.0,0.0,0.0,0.0,0.0,1.0
10,8,0.0,0.0,0.0,0.0,0.0,0.0,0.0,0.0,1.0
10,8,0.0,0.0,0.0,0.0,0.0,0.0,0.0,0.0,1.0
10,8,0.0,0.0,0.0,0.0,0.0,0.0,0.0,0.0,1.0
10,8,0.0,0.0,0.0,0.0,0.0,0.0,0.0,0.0,1.0
10,8,0.0,0.0,0.0,0.0,0.0,0.0,0.0,0.0,1.0
10,8,0.0,0.0,0.0,0.0,0.0,0.0,0.0,0.0,1.0
10,8,0.0,0.0,0.0,0.0,0.0,0.0,0.0,0.0,1.0
10,8,0.0,0.0,0.0,0.0,0.0,0.0,0.0,0.0,1.0
10,8,0.0,0.0,0.0,0.0,0.0,0.0,0.0,0.0,1.0
10,8,0.0,0.0,0.0,0.0,0.0,0.0,0.0,0.0,1.0
10,8,0.0,0.0,0.0,0.0,0.0,0.0,0.0,0.0,1.0
10,8,0.0,0.0,0.0,0.0,0.0,0.0,0.0,0.0,1.0
10,8,0.0,0.0,0.0,0.0,0.0,0.0,0.0,0.0,1.0
10,8,0.0,0.0,0.0,0.0,0.0,0.0,0.0,0.0,1.0
10,8,0.0,0.0,0.0,0.0,0.0,0.0,0.0,0.0,1.0
10,8,0.0,0.0,0.0,0.0,0.0,0.0,0.0,0.0,1.0
10,8,0.0,0.0,0.0,0.0,0.0,0.0,0.0,0.0,1.0
10,8,0.0,0.0,0.0,0.0,0.0,0.0,0.0,0.0,1.0
10,8,0.0,0.0,0.0,0.0,0.0,0.0,0.0,0.0,1.0
10,8,0.0,0.0,0.0,0.0,0.0,0.0,0.0,0.0,1.0
10,8,0.0,0.0,0.0,0.0,0.0,0.0,0.0,0.0,1.0
10,8,0.0,0.0,0.0,0.0,0.0,0.0,0.0,0.0,1.0
10,8,0.0,0.0,0.0,0.0,0.0,0.0,0.0,0.0,1.0
10,8,0.0,0.0,0.0,0.0,0.0,0.0,0.0,0.0,1.0
10,8,0.0,0.0,0.0,0.0,0.0,0.0,0.0,0.0,1.0
10,8,0.0,0.0,0.0,0.0,0.0,0.0,0.0,0.0,1.0
10,8,0.0,0.0,0.0,0.0,0.0,0.0,0.0,0.0,1.0
10,8,0.0,0.0,0.0,0.0,0.0,0.0,0.0,0.0,1.0
10,8,0.0,0.0,0.0,0.0,0.0,0.0,0.0,0.0,1.0
10,8,0.0,0.0,0.0,0.0,0.0,0.0,0.0,0.0,1.0
10,8,0.0,0.0,0.0,0.0,0.0,0.0,0.0,0.0,1.0
10,8,0.0,0.0,0.0,0.0,0.0,0.0,0.0,0.0,1.0
10,8,0.0,0.0,0.0,0.0,0.0,0.0,0.0,0.0,1.0
10,8,0.0,0.0,0.0,0.0,0.0,0.0,0.0,0.0,1.0
10,8,0.0,0.0,0.0,0.0,0.0,0.0,0.0,0.0,1.0
10,8,0.0,0.0,0.0,0.0,0.0,0.0,0.0,0.0,1.0
10,8,0.0,0.0,0.0,0.0,0.0,0.0,0.0,0.0,1.0
10,8,0.0,0.0,0.0,0.0,0.0,0.0,0.0,0.0,1.0
10,8,0.0,0.0,0.0,0.0,0.0,0.0,0.0,0.0,1.0
10,8,0.0,0.0,0.0,0.0,0.0,0.0,0.0,0.0,1.0
10,8,0.0,0.0,0.0,0.0,0.0,0.0,0.0,0.0,1.0
10,8,0.0,0.0,0.0,0.0,0.0,0.0,0.0,0.0,1.0
10,8,0.0,0.0,0.0,0.0,0.0,0.0,0.0,0.0,1.0
10,8,0.0,0.0,0.0,0.0,0.0,0.0,0.0,0.0,1.0
10,8,0.0,0.0,0.0,0.0,0.0,0.0,0.0,0.0,1.0
10,8,0.0,0.0,0.0,0.0,0.0,0.0,0.0,0.0,1.0
10,8,0.0,0.0,0.0,0.0,0.0,0.0,0.0,0.0,1.0
10,8,0.0,0.0,0.0,0.0,0.0,0.0,0.0,0.0,1.0
10,8,0.0,0.0,0.0,0.0,0.0,0.0,0.0,0.0,1.0
10,8,0.0,0.0,0.0,0.0,0.0,0.0,0.0,0.0,1.0
10,8,0.0,0.0,0.0,0.0,0.0,0.0,0.0,0.0,1.0
10,8,0.0,0.0,0.0,0.0,0.0,0.0,0.0,0.0,1.0
10,8,0.0,0.0,0.0,0.0,0.0,0.0,0.0,0.0,1.0
10,8,0.0,0.0,0.0,0.0,0.0,0.0,0.0,0.0,1.0
10,8,0.0,0.0,0.0,0.0,0.0,0.0,0.0,0.0,1.0
10,8,0.0,0.0,0.0,0.0,0.0,0.0,0.0,0.0,1.0
10,8,0.0,0.0,0.0,0.0,0.0,0.0,0.0,0.0,1.0
10,8,0.0,0.0,0.0,0.0,0.0,0.0,0.0,0.0,1.0
10,8,0.0,0.0,0.0,0.0,0.0,0.0,0.0,0.0,1.0
10,8,0.0,0.0,0.0,0.0,0.0,0.0,0.0,0.0,1.0
10,8,0.0,0.0,0.0,0.0,0.0,0.0,0.0,0.0,1.0
10,8,0.0,0.0,0.0,0.0,0.0,0.0,0.0,0.0,1.0
10,8,0.0,0.0,0.0,0.0,0.0,0.0,0.0,0.0,1.0
10,8,0.0,0.0,0.0,0.0,0.0,0.0,0.0,0.0,1.0
10,8,0.0,0.0,0.0,0.0,0.0,0.0,0.0,0.0,1.0
10,8,0.0,0.0,0.0,0.0,0.0,0.0,0.0,0.0,1.0
10,8,0.0,0.0,0.0,0.0,0.0,0.0,0.0,0.0,1.0
10,8,0.0,0.0,0.0,0.0,0.0,0.0,0.0,0.0,1.0
10,8,0.0,0.0,0.0,0.0,0.0,0.0,0.0,0.0,1.0
10,8,0.0,0.0,0.0,0.0,0.0,0.0,0.0,0.0,1.0
10,8,0.0,0.0,0.0,0.0,0.0,0.0,0.0,0.0,1.0
10,8,0.0,0.0,0.0,0.0,0.0,0.0,0.0,0.0,1.0
10,8,0.0,0.0,0.0,0.0,0.0,0.0,0.0,0.0,1.0
10,8,0.0,0.0,0.0,0.0,0.0,0.0,0.0,0.0,1.0
10,8,0.0,0.0,0.0,0.0,0.0,0.0,0.0,0.0,1.0
10,8,0.0,0.0,0.0,0.0,0.0,0.0,0.0,0.0,1.0
10,8,0.0,0.0,0.0,0.0,0.0,0.0,0.0,0.0,1.0
10,8,0.0,0.0,0.0,0.0,0.0,0.0,0.0,0.0,1.0
10,8,0.0,0.0,0.0,0.0,0.0,0.0,0.0,0.0,1.0
10,8,0.0,0.0,0.0,0.0,0.0,0.0,0.0,0.0,1.0
10,8,0.0,0.0,0.0,0.0,0.0,0.0,0.0,0.0,1.0
10,8,0.0,0.0,0.0,0.0,0.0,0.0,0.0,0.0,1.0
10,8,0.0,0.0,0.0,0.0,0.0,0.0,0.0,0.0,1.0
10,8,0.0,0.0,0.0,0.0,0.0,0.0,0.0,0.0,1.0
10,8,0.0,0.0,0.0,0.0,0.0,0.0,0.0,0.0,1.0
10,8,0.0,0.0,0.0,0.0,0.0,0.0,0.0,0.0,1.0
10,8,0.0,0.0,0.0,0.0,0.0,0.0,0.0,0.0,1.0
10,8,0.0,0.0,0.0,0.0,0.0,0.0,0.0,0.0,1.0
10,8,0.0,0.0,0.0,0.0,0.0,0.0,0.0,0.0,1.0
10,8,0.0,0.0,0.0,0.0,0.0,0.0,0.0,0.0,1.0
10,8,0.0,0.0,0.0,0.0,0.0,0.0,0.0,0.0,1.0
10,8,0.0,0.0,0.0,0.0,0.0,0.0,0.0,0.0,1.0
10,8,0.0,0.0,0.0,0.0,0.0,0.0,0.0,0.0,1.0
10,8,0.0,0.0,0.0,0.0,0.0,0.0,0.0,0.0,1.0
10,8,0.0,0.0,0.0,0.0,0.0,0.0,0.0,0.0,1.0
10,8,0.0,0.0,0.0,0.0,0.0,0.0,0.0,0.0,1.0
10,8,0.0,0.0,0.0,0.0,0.0,0.0,0.0,0.0,1.0
10,8,0.0,0.0,0.0,0.0,0.0,0.0,0.0,0.0,1.0
10,8,0.0,0.0,0.0,0.0,0.0,0.0,0.0,0.0,1.0
10,8,0.0,0.0,0.0,0.0,0.0,0.0,0.0,0.0,1.0
10,8,0.0,0.0,0.0,0.0,0.0,0.0,0.0,0.0,1.0
10,8,0.0,0.0,0.0,0.0,0.0,0.0,0.0,0.0,1.0
10,8,0.0,0.0,0.0,0.0,0.0,0.0,0.0,0.0,1.0
10,8,0.0,0.0,0.0,0.0,0.0,0.0,0.0,0.0,1.0
10,8,0.0,0.0,0.0,0.0,0.0,0.0,0.0,0.0,1.0
10,8,0.0,0.0,0.0,0.0,0.0,0.0,0.0,0.0,1.0
10,8,0.0,0.0,0.0,0.0,0.0,0.0,0.0,0.0,1.0
10,8,0.0,0.0,0.0,0.0,0.0,0.0,0.0,0.0,1.0
10,8,0.0,0.0,0.0,0.0,0.0,0.0,0.0,0.0,1.0
10,8,0.0,0.0,0.0,0.0,0.0,0.0,0.0,0.0,1.0
10,8,0.0,0.0,0.0,0.0,0.0,0.0,0.0,0.0,1.0
10,8,0.0,0.0,0.0,0.0,0.0,0.0,0.0,0.0,1.0
10,8,0.0,0.0,0.0,0.0,0.0,0.0,0.0,0.0,1.0
10,8,0.0,0.0,0.0,0.0,0.0,0.0,0.0,0.0,1.0
10,8,0.0,0.0,0.0,0.0,0.0,0.0,0.0,0.0,1.0
10,8,0.0,0.0,0.0,0.0,0.0,0.0,0.0,0.0,1.0
10,8,0.0,0.0,0.0,0.0,0.0,0.0,0.0,0.0,1.0
10,8,0.0,0.0,0.0,0.0,0.0,0.0,0.0,0.0,1.0
10,8,0.0,0.0,0.0,0.0,0.0,0.0,0.0,0.0,1.0
10,8,0.0,0.0,0.0,0.0,0.0,0.0,0.0,0.0,1.0
10,8,0.0,0.0,0.0,0.0,0.0,0.0,0.0,0.0,1.0
10,8,0.0,0.0,0.0,0.0,0.0,0.0,0.0,0.0,1.0
10,8,0.0,0.0,0.0,0.0,0.0,0.0,0.0,0.0,1.0
10,8,0.0,0.0,0.0,0.0,0.0,0.0,0.0,0.0,1.0
10,8,0.0,0.0,0.0,0.0,0.0,0.0,0.0,0.0,1.0
10,8,0.0,0.0,0.0,0.0,0.0,0.0,0.0,0.0,1.0
10,8,0.0,0.0,0.0,0.0,0.0,0.0,0.0,0.0,1.0
10,8,0.0,0.0,0.0,0.0,0.0,0.0,0.0,0.0,1.0
10,8,0.0,0.0,0.0,0.0,0.0,0.0,0.0,0.0,1.0
10,8,0.0,0.0,0.0,0.0,0.0,0.0,0.0,0.0,1.0
10,8,0.0,0.0,0.0,0.0,0.0,0.0,0.0,0.0,1.0
10,8,0.0,0.0,0.0,0.0,0.0,0.0,0.0,0.0,1.0
10,8,0.0,0.0,0.0,0.0,0.0,0.0,0.0,0.0,1.0
10,8,0.0,0.0,0.0,0.0,0.0,0.0,0.0,0.0,1.0
10,8,0.0,0.0,0.0,0.0,0.0,0.0,0.0,0.0,1.0
10,8,0.0,0.0,0.0,0.0,0.0,0.0,0.0,0.0,1.0
10,8,0.0,0.0,0.0,0.0,0.0,0.0,0.0,0.0,1.0
10,8,0.0,0.0,0.0,0.0,0.0,0.0,0.0,0.0,1.0
10,8,0.0,0.0,0.0,0.0,0.0,0.0,0.0,0.0,1.0
10,8,0.0,0.0,0.0,0.0,0.0,0.0,0.0,0.0,1.0
10,8,0.0,0.0,0.0,0.0,0.0,0.0,0.0,0.0,1.0
10,8,0.0,0.0,0.0,0.0,0.0,0.0,0.0,0.0,1.0
10,8,0.0,0.0,0.0,0.0,0.0,0.0,0.0,0.0,1.0
10,8,0.0,0.0,0.0,0.0,0.0,0.0,0.0,0.0,1.0
10,8,0.0,0.0,0.0,0.0,0.0,0.0,0.0,0.0,1.0
10,8,0.0,0.0,0.0,0.0,0.0,0.0,0.0,0.0,1.0
10,8,0.0,0.0,0.0,0.0,0.0,0.0,0.0,0.0,1.0
10,8,0.0,0.0,0.0,0.0,0.0,0.0,0.0,0.0,1.0
10,8,0.0,0.0,0.0,0.0,0.0,0.0,0.0,0.0,1.0
10,8,0.0,0.0,0.0,0.0,0.0,0.0,0.0,0.0,1.0
10,8,0.0,0.0,0.0,0.0,0.0,0.0,0.0,0.0,1.0
10,8,0.0,0.0,0.0,0.0,0.0,0.0,0.0,0.0,1.0
10,8,0.0,0.0,0.0,0.0,0.0,0.0,0.0,0.0,1.0
10,8,0.0,0.0,0.0,0.0,0.0,0.0,0.0,0.0,1.0
10,8,0.0,0.0,0.0,0.0,0.0,0.0,0.0,0.0,1.0
10,8,0.0,0.0,0.0,0.0,0.0,0.0,0.0,0.0,1.0
10,8,0.0,0.0,0.0,0.0,0.0,0.0,0.0,0.0,1.0
10,8,0.0,0.0,0.0,0.0,0.0,0.0,0.0,0.0,1.0
10,8,0.0,0.0,0.0,0.0,0.0,0.0,0.0,0.0,1.0
10,8,0.0,0.0,0.0,0.0,0.0,0.0,0.0,0.0,1.0
10,8,0.0,0.0,0.0,0.0,0.0,0.0,0.0,0.0,1.0
10,8,0.0,0.0,0.0,0.0,0.0,0.0,0.0,0.0,1.0
10,8,0.0,0.0,0.0,0.0,0.0,0.0,0.0,0.0,1.0
10,8,0.0,0.0,0.0,0.0,0.0,0.0,0.0,0.0,1.0
10,8,0.0,0.0,0.0,0.0,0.0,0.0,0.0,0.0,1.0
10,8,0.0,0.0,0.0,0.0,0.0,0.0,0.0,0.0,1.0
10,8,0.0,0.0,0.0,0.0,0.0,0.0,0.0,0.0,1.0
10,8,0.0,0.0,0.0,0.0,0.0,0.0,0.0,0.0,1.0
10,8,0.0,0.0,0.0,0.0,0.0,0.0,0.0,0.0,1.0
10,8,0.0,0.0,0.0,0.0,0.0,0.0,0.0,0.0,1.0
10,8,0.0,0.0,0.0,0.0,0.0,0.0,0.0,0.0,1.0
10,8,0.0,0.0,0.0,0.0,0.0,0.0,0.0,0.0,1.0
10,8,0.0,0.0,0.0,0.0,0.0,0.0,0.0,0.0,1.0
10,8,0.0,0.0,0.0,0.0,0.0,0.0,0.0,0.0,1.0
10,8,0.0,0.0,0.0,0.0,0.0,0.0,0.0,0.0,1.0
10,8,0.0,0.0,0.0,0.0,0.0,0.0,0.0,0.0,1.0
10,8,0.0,0.0,0.0,0.0,0.0,0.0,0.0,0.0,1.0
10,8,0.0,0.0,0.0,0.0,0.0,0.0,0.0,0.0,1.0
10,8,0.0,0.0,0.0,0.0,0.0,0.0,0.0,0.0,1.0
10,8,0.0,0.0,0.0,0.0,0.0,0.0,0.0,0.0,1.0
10,8,0.0,0.0,0.0,0.0,0.0,0.0,0.0,0.0,1.0
10,8,0.0,0.0,0.0,0.0,0.0,0.0,0.0,0.0,1.0
10,8,0.0,0.0,0.0,0.0,0.0,0.0,0.0,0.0,1.0
10,8,0.0,0.0,0.0,0.0,0.0,0.0,0.0,0.0,1.0
10,8,0.0,0.0,0.0,0.0,0.0,0.0,0.0,0.0,1.0
10,8,0.0,0.0,0.0,0.0,0.0,0.0,0.0,0.0,1.0
10,8,0.0,0.0,0.0,0.0,0.0,0.0,0.0,0.0,1.0
10,8,0.0,0.0,0.0,0.0,0.0,0.0,0.0,0.0,1.0
10,8,0.0,0.0,0.0,0.0,0.0,0.0,0.0,0.0,1.0
10,8,0.0,0.0,0.0,0.0,0.0,0.0,0.0,0.0,1.0
10,8,0.0,0.0,0.0,0.0,0.0,0.0,0.0,0.0,1.0
10,8,0.0,0.0,0.0,0.0,0.0,0.0,0.0,0.0,1.0
10,8,0.0,0.0,0.0,0.0,0.0,0.0,0.0,0.0,1.0
10,8,0.0,0.0,0.0,0.0,0.0,0.0,0.0,0.0,1.0
10,8,0.0,0.0,0.0,0.0,0.0,0.0,0.0,0.0,1.0
10,8,0.0,0.0,0.0,0.0,0.0,0.0,0.0,0.0,1.0
10,8,0.0,0.0,0.0,0.0,0.0,0.0,0.0,0.0,1.0
10,8,0.0,0.0,0.0,0.0,0.0,0.0,0.0,0.0,1.0
10,8,0.0,0.0,0.0,0.0,0.0,0.0,0.0,0.0,1.0
10,8,0.0,0.0,0.0,0.0,0.0,0.0,0.0,0.0,1.0
10,8,0.0,0.0,0.0,0.0,0.0,0.0,0.0,0.0,1.0
10,8,0.0,0.0,0.0,0.0,0.0,0.0,0.0,0.0,1.0
10,8,0.0,0.0,0.0,0.0,0.0,0.0,0.0,0.0,1.0
10,8,0.0,0.0,0.0,0.0,0.0,0.0,0.0,0.0,1.0
10,8,0.0,0.0,0.0,0.0,0.0,0.0,0.0,0.0,1.0
10,8,0.0,0.0,0.0,0.0,0.0,0.0,0.0,0.0,1.0
10,8,0.0,0.0,0.0,0.0,0.0,0.0,0.0,0.0,1.0
10,8,0.0,0.0,0.0,0.0,0.0,0.0,0.0,0.0,1.0
10,8,0.0,0.0,0.0,0.0,0.0,0.0,0.0,0.0,1.0
10,8,0.0,0.0,0.0,0.0,0.0,0.0,0.0,0.0,1.0
10,8,0.0,0.0,0.0,0.0,0.0,0.0,0.0,0.0,1.0
10,8,0.0,0.0,0.0,0.0,0.0,0.0,0.0,0.0,1.0
10,8,0.0,0.0,0.0,0.0,0.0,0.0,0.0,0.0,1.0
10,8,0.0,0.0,0.0,0.0,0.0,0.0,0.0,0.0,1.0
10,8,0.0,0.0,0.0,0.0,0.0,0.0,0.0,0.0,1.0
10,8,0.0,0.0,0.0,0.0,0.0,0.0,0.0,0.0,1.0
10,8,0.0,0.0,0.0,0.0,0.0,0.0,0.0,0.0,1.0
10,8,0.0,0.0,0.0,0.0,0.0,0.0,0.0,0.0,1.0
10,8,0.0,0.0,0.0,0.0,0.0,0.0,0.0,0.0,1.0
10,8,0.0,0.0,0.0,0.0,0.0,0.0,0.0,0.0,1.0
10,8,0.0,0.0,0.0,0.0,0.0,0.0,0.0,0.0,1.0
10,8,0.0,0.0,0.0,0.0,0.0,0.0,0.0,0.0,1.0
10,8,0.0,0.0,0.0,0.0,0.0,0.0,0.0,0.0,1.0
10,8,0.0,0.0,0.0,0.0,0.0,0.0,0.0,0.0,1.0
10,8,0.0,0.0,0.0,0.0,0.0,0.0,0.0,0.0,1.0
10,8,0.0,0.0,0.0,0.0,0.0,0.0,0.0,0.0,1.0
10,8,0.0,0.0,0.0,0.0,0.0,0.0,0.0,0.0,1.0
10,8,0.0,0.0,0.0,0.0,0.0,0.0,0.0,0.0,1.0
10,8,0.0,0.0,0.0,0.0,0.0,0.0,0.0,0.0,1.0
10,8,0.0,0.0,0.0,0.0,0.0,0.0,0.0,0.0,1.0
10,8,0.0,0.0,0.0,0.0,0.0,0.0,0.0,0.0,1.0
10,8,0.0,0.0,0.0,0.0,0.0,0.0,0.0,0.0,1.0
10,8,0.0,0.0,0.0,0.0,0.0,0.0,0.0,0.0,1.0
10,8,0.0,0.0,0.0,0.0,0.0,0.0,0.0,0.0,1.0
10,8,0.0,0.0,0.0,0.0,0.0,0.0,0.0,0.0,1.0
10,8,0.0,0.0,0.0,0.0,0.0,0.0,0.0,0.0,1.0
10,8,0.0,0.0,0.0,0.0,0.0,0.0,0.0,0.0,1.0
10,8,0.0,0.0,0.0,0.0,0.0,0.0,0.0,0.0,1.0
10,8,0.0,0.0,0.0,0.0,0.0,0.0,0.0,0.0,1.0
10,8,0.0,0.0,0.0,0.0,0.0,0.0,0.0,0.0,1.0
10,8,0.0,0.0,0.0,0.0,0.0,0.0,0.0,0.0,1.0
10,8,0.0,0.0,0.0,0.0,0.0,0.0,0.0,0.0,1.0
10,8,0.0,0.0,0.0,0.0,0.0,0.0,0.0,0.0,1.0
10,8,0.0,0.0,0.0,0.0,0.0,0.0,0.0,0.0,1.0
10,8,0.0,0.0,0.0,0.0,0.0,0.0,0.0,0.0,1.0
10,8,0.0,0.0,0.0,0.0,0.0,0.0,0.0,0.0,1.0
10,8,0.0,0.0,0.0,0.0,0.0,0.0,0.0,0.0,1.0
10,8,0.0,0.0,0.0,0.0,0.0,0.0,0.0,0.0,1.0
10,8,0.0,0.0,0.0,0.0,0.0,0.0,0.0,0.0,1.0
10,8,0.0,0.0,0.0,0.0,0.0,0.0,0.0,0.0,1.0
10,8,0.0,0.0,0.0,0.0,0.0,0.0,0.0,0.0,1.0
10,8,0.0,0.0,0.0,0.0,0.0,0.0,0.0,0.0,1.0
10,8,0.0,0.0,0.0,0.0,0.0,0.0,0.0,0.0,1.0
10,8,0.0,0.0,0.0,0.0,0.0,0.0,0.0,0.0,1.0
10,8,0.0,0.0,0.0,0.0,0.0,0.0,0.0,0.0,1.0
10,8,0.0,0.0,0.0,0.0,0.0,0.0,0.0,0.0,1.0
10,8,0.0,0.0,0.0,0.0,0.0,0.0,0.0,0.0,1.0
10,8,0.0,0.0,0.0,0.0,0.0,0.0,0.0,0.0,1.0
10,8,0.0,0.0,0.0,0.0,0.0,0.0,0.0,0.0,1.0
10,8,0.0,0.0,0.0,0.0,0.0,0.0,0.0,0.0,1.0
10,8,0.0,0.0,0.0,0.0,0.0,0.0,0.0,0.0,1.0
10,8,0.0,0.0,0.0,0.0,0.0,0.0,0.0,0.0,1.0
10,8,0.0,0.0,0.0,0.0,0.0,0.0,0.0,0.0,1.0
10,8,0.0,0.0,0.0,0.0,0.0,0.0,0.0,0.0,1.0
10,8,0.0,0.0,0.0,0.0,0.0,0.0,0.0,0.0,1.0
10,8,0.0,0.0,0.0,0.0,0.0,0.0,0.0,0.0,1.0
10,8,0.0,0.0,0.0,0.0,0.0,0.0,0.0,0.0,1.0
10,8,0.0,0.0,0.0,0.0,0.0,0.0,0.0,0.0,1.0
10,8,0.0,0.0,0.0,0.0,0.0,0.0,0.0,0.0,1.0
10,8,0.0,0.0,0.0,0.0,0.0,0.0,0.0,0.0,1.0
10,8,0.0,0.0,0.0,0.0,0.0,0.0,0.0,0.0,1.0
10,8,0.0,0.0,0.0,0.0,0.0,0.0,0.0,0.0,1.0
10,8,0.0,0.0,0.0,0.0,0.0,0.0,0.0,0.0,1.0
10,8,0.0,0.0,0.0,0.0,0.0,0.0,0.0,0.0,1.0
10,8,0.0,0.0,0.0,0.0,0.0,0.0,0.0,0.0,1.0
10,8,0.0,0.0,0.0,0.0,0.0,0.0,0.0,0.0,1.0
10,8,0.0,0.0,0.0,0.0,0.0,0.0,0.0,0.0,1.0
10,8,0.0,0.0,0.0,0.0,0.0,0.0,0.0,0.0,1.0
10,8,0.0,0.0,0.0,0.0,0.0,0.0,0.0,0.0,1.0
10,8,0.0,0.0,0.0,0.0,0.0,0.0,0.0,0.0,1.0
10,8,0.0,0.0,0.0,0.0,0.0,0.0,0.0,0.0,1.0
10,8,0.0,0.0,0.0,0.0,0.0,0.0,0.0,0.0,1.0
10,8,0.0,0.0,0.0,0.0,0.0,0.0,0.0,0.0,1.0
10,8,0.0,0.0,0.0,0.0,0.0,0.0,0.0,0.0,1.0
10,8,0.0,0.0,0.0,0.0,0.0,0.0,0.0,0.0,1.0
10,8,0.0,0.0,0.0,0.0,0.0,0.0,0.0,0.0,1.0
10,8,0.0,0.0,0.0,0.0,0.0,0.0,0.0,0.0,1.0
10,8,0.0,0.0,0.0,0.0,0.0,0.0,0.0,0.0,1.0
10,8,0.0,0.0,0.0,0.0,0.0,0.0,0.0,0.0,1.0
10,8,0.0,0.0,0.0,0.0,0.0,0.0,0.0,0.0,1.0
10,8,0.0,0.0,0.0,0.0,0.0,0.0,0.0,0.0,1.0
10,8,0.0,0.0,0.0,0.0,0.0,0.0,0.0,0.0,1.0
10,8,0.0,0.0,0.0,0.0,0.0,0.0,0.0,0.0,1.0
10,8,0.0,0.0,0.0,0.0,0.0,0.0,0.0,0.0,1.0
10,8,0.0,0.0,0.0,0.0,0.0,0.0,0.0,0.0,1.0
10,8,0.0,0.0,0.0,0.0,0.0,0.0,0.0,0.0,1.0
10,8,0.0,0.0,0.0,0.0,0.0,0.0,0.0,0.0,1.0
10,8,0.0,0.0,0.0,0.0,0.0,0.0,0.0,0.0,1.0
10,8,0.0,0.0,0.0,0.0,0.0,0.0,0.0,0.0,1.0
10,8,0.0,0.0,0.0,0.0,0.0,0.0,0.0,0.0,1.0
10,8,0.0,0.0,0.0,0.0,0.0,0.0,0.0,0.0,1.0
10,8,0.0,0.0,0.0,0.0,0.0,0.0,0.0,0.0,1.0
10,8,0.0,0.0,0.0,0.0,0.0,0.0,0.0,0.0,1.0
10,8,0.0,0.0,0.0,0.0,0.0,0.0,0.0,0.0,1.0
10,8,0.0,0.0,0.0,0.0,0.0,0.0,0.0,0.0,1.0
10,8,0.0,0.0,0.0,0.0,0.0,0.0,0.0,0.0,1.0
10,8,0.0,0.0,0.0,0.0,0.0,0.0,0.0,0.0,1.0
10,8,0.0,0.0,0.0,0.0,0.0,0.0,0.0,0.0,1.0
10,8,0.0,0.0,0.0,0.0,0.0,0.0,0.0,0.0,1.0
10,8,0.0,0.0,0.0,0.0,0.0,0.0,0.0,0.0,1.0
10,8,0.0,0.0,0.0,0.0,0.0,0.0,0.0,0.0,1.0
10,8,0.0,0.0,0.0,0.0,0.0,0.0,0.0,0.0,1.0
10,8,0.0,0.0,0.0,0.0,0.0,0.0,0.0,0.0,1.0
10,8,0.0,0.0,0.0,0.0,0.0,0.0,0.0,0.0,1.0
10,8,0.0,0.0,0.0,0.0,0.0,0.0,0.0,0.0,1.0
10,8,0.0,0.0,0.0,0.0,0.0,0.0,0.0,0.0,1.0
10,8,0.0,0.0,0.0,0.0,0.0,0.0,0.0,0.0,1.0
10,8,0.0,0.0,0.0,0.0,0.0,0.0,0.0,0.0,1.0
10,8,0.0,0.0,0.0,0.0,0.0,0.0,0.0,0.0,1.0
10,8,0.0,0.0,0.0,0.0,0.0,0.0,0.0,0.0,1.0
10,8,0.0,0.0,0.0,0.0,0.0,0.0,0.0,0.0,1.0
10,8,0.0,0.0,0.0,0.0,0.0,0.0,0.0,0.0,1.0
10,8,0.0,0.0,0.0,0.0,0.0,0.0,0.0,0.0,1.0
10,8,0.0,0.0,0.0,0.0,0.0,0.0,0.0,0.0,1.0
10,8,0.0,0.0,0.0,0.0,0.0,0.0,0.0,0.0,1.0
10,8,0.0,0.0,0.0,0.0,0.0,0.0,0.0,0.0,1.0
10,8,0.0,0.0,0.0,0.0,0.0,0.0,0.0,0.0,1.0
10,8,0.0,0.0,0.0,0.0,0.0,0.0,0.0,0.0,1.0
10,8,0.0,0.0,0.0,0.0,0.0,0.0,0.0,0.0,1.0
10,8,0.0,0.0,0.0,0.0,0.0,0.0,0.0,0.0,1.0
10,8,0.0,0.0,0.0,0.0,0.0,0.0,0.0,0.0,1.0
10,8,0.0,0.0,0.0,0.0,0.0,0.0,0.0,0.0,1.0
10,8,0.0,0.0,0.0,0.0,0.0,0.0,0.0,0.0,1.0
10,8,0.0,0.0,0.0,0.0,0.0,0.0,0.0,0.0,1.0
10,8,0.0,0.0,0.0,0.0,0.0,0.0,0.0,0.0,1.0
10,8,0.0,0.0,0.0,0.0,0.0,0.0,0.0,0.0,1.0
10,8,0.0,0.0,0.0,0.0,0.0,0.0,0.0,0.0,1.0
10,8,0.0,0.0,0.0,0.0,0.0,0.0,0.0,0.0,1.0
10,8,0.0,0.0,0.0,0.0,0.0,0.0,0.0,0.0,1.0
10,8,0.0,0.0,0.0,0.0,0.0,0.0,0.0,0.0,1.0
10,8,0.0,0.0,0.0,0.0,0.0,0.0,0.0,0.0,1.0
10,8,0.0,0.0,0.0,0.0,0.0,0.0,0.0,0.0,1.0
10,8,0.0,0.0,0.0,0.0,0.0,0.0,0.0,0.0,1.0
10,8,0.0,0.0,0.0,0.0,0.0,0.0,0.0,0.0,1.0
10,8,0.0,0.0,0.0,0.0,0.0,0.0,0.0,0.0,1.0
10,8,0.0,0.0,0.0,0.0,0.0,0.0,0.0,0.0,1.0
10,8,0.0,0.0,0.0,0.0,0.0,0.0,0.0,0.0,1.0
10,8,0.0,0.0,0.0,0.0,0.0,0.0,0.0,0.0,1.0
10,8,0.0,0.0,0.0,0.0,0.0,0.0,0.0,0.0,1.0
10,8,0.0,0.0,0.0,0.0,0.0,0.0,0.0,0.0,1.0
10,8,0.0,0.0,0.0,0.0,0.0,0.0,0.0,0.0,1.0
10,8,0.0,0.0,0.0,0.0,0.0,0.0,0.0,0.0,1.0
10,8,0.0,0.0,0.0,0.0,0.0,0.0,0.0,0.0,1.0
10,8,0.0,0.0,0.0,0.0,0.0,0.0,0.0,0.0,1.0
10,8,0.0,0.0,0.0,0.0,0.0,0.0,0.0,0.0,1.0
10,8,0.0,0.0,0.0,0.0,0.0,0.0,0.0,0.0,1.0
10,8,0.0,0.0,0.0,0.0,0.0,0.0,0.0,0.0,1.0
10,8,0.0,0.0,0.0,0.0,0.0,0.0,0.0,0.0,1.0
10,8,0.0,0.0,0.0,0.0,0.0,0.0,0.0,0.0,1.0
10,8,0.0,0.0,0.0,0.0,0.0,0.0,0.0,0.0,1.0
10,8,0.0,0.0,0.0,0.0,0.0,0.0,0.0,0.0,1.0
10,8,0.0,0.0,0.0,0.0,0.0,0.0,0.0,0.0,1.0
10,8,0.0,0.0,0.0,0.0,0.0,0.0,0.0,0.0,1.0
10,8,0.0,0.0,0.0,0.0,0.0,0.0,0.0,0.0,1.0
10,8,0.0,0.0,0.0,0.0,0.0,0.0,0.0,0.0,1.0
10,8,0.0,0.0,0.0,0.0,0.0,0.0,0.0,0.0,1.0
10,8,0.0,0.0,0.0,0.0,0.0,0.0,0.0,0.0,1.0
10,8,0.0,0.0,0.0,0.0,0.0,0.0,0.0,0.0,1.0
10,8,0.0,0.0,0.0,0.0,0.0,0.0,0.0,0.0,1.0
10,8,0.0,0.0,0.0,0.0,0.0,0.0,0.0,0.0,1.0
10,8,0.0,0.0,0.0,0.0,0.0,0.0,0.0,0.0,1.0
10,8,0.0,0.0,0.0,0.0,0.0,0.0,0.0,0.0,1.0
10,8,0.0,0.0,0.0,0.0,0.0,0.0,0.0,0.0,1.0
10,8,0.0,0.0,0.0,0.0,0.0,0.0,0.0,0.0,1.0
10,8,0.0,0.0,0.0,0.0,0.0,0.0,0.0,0.0,1.0
10,8,0.0,0.0,0.0,0.0,0.0,0.0,0.0,0.0,1.0
10,8,0.0,0.0,0.0,0.0,0.0,0.0,0.0,0.0,1.0
10,8,0.0,0.0,0.0,0.0,0.0,0.0,0.0,0.0,1.0
10,8,0.0,0.0,0.0,0.0,0.0,0.0,0.0,0.0,1.0
10,8,0.0,0.0,0.0,0.0,0.0,0.0,0.0,0.0,1.0
10,8,0.0,0.0,0.0,0.0,0.0,0.0,0.0,0.0,1.0
10,8,0.0,0.0,0.0,0.0,0.0,0.0,0.0,0.0,1.0
10,8,0.0,0.0,0.0,0.0,0.0,0.0,0.0,0.0,1.0
10,8,0.0,0.0,0.0,0.0,0.0,0.0,0.0,0.0,1.0
10,8,0.0,0.0,0.0,0.0,0.0,0.0,0.0,0.0,1.0
10,8,0.0,0.0,0.0,0.0,0.0,0.0,0.0,0.0,1.0
10,8,0.0,0.0,0.0,0.0,0.0,0.0,0.0,0.0,1.0
10,8,0.0,0.0,0.0,0.0,0.0,0.0,0.0,0.0,1.0
10,8,0.0,0.0,0.0,0.0,0.0,0.0,0.0,0.0,1.0
10,8,0.0,0.0,0.0,0.0,0.0,0.0,0.0,0.0,1.0
10,8,0.0,0.0,0.0,0.0,0.0,0.0,0.0,0.0,1.0
10,8,0.0,0.0,0.0,0.0,0.0,0.0,0.0,0.0,1.0
10,8,0.0,0.0,0.0,0.0,0.0,0.0,0.0,0.0,1.0
10,8,0.0,0.0,0.0,0.0,0.0,0.0,0.0,0.0,1.0
10,8,0.0,0.0,0.0,0.0,0.0,0.0,0.0,0.0,1.0
10,8,0.0,0.0,0.0,0.0,0.0,0.0,0.0,0.0,1.0
10,8,0.0,0.0,0.0,0.0,0.0,0.0,0.0,0.0,1.0
10,8,0.0,0.0,0.0,0.0,0.0,0.0,0.0,0.0,1.0
10,8,0.0,0.0,0.0,0.0,0.0,0.0,0.0,0.0,1.0
10,8,0.0,0.0,0.0,0.0,0.0,0.0,0.0,0.0,1.0
10,8,0.0,0.0,0.0,0.0,0.0,0.0,0.0,0.0,1.0
10,8,0.0,0.0,0.0,0.0,0.0,0.0,0.0,0.0,1.0
10,8,0.0,0.0,0.0,0.0,0.0,0.0,0.0,0.0,1.0
10,8,0.0,0.0,0.0,0.0,0.0,0.0,0.0,0.0,1.0
10,8,0.0,0.0,0.0,0.0,0.0,0.0,0.0,0.0,1.0
10,8,0.0,0.0,0.0,0.0,0.0,0.0,0.0,0.0,1.0
10,8,0.0,0.0,0.0,0.0,0.0,0.0,0.0,0.0,1.0
10,8,0.0,0.0,0.0,0.0,0.0,0.0,0.0,0.0,1.0
10,8,0.0,0.0,0.0,0.0,0.0,0.0,0.0,0.0,1.0
10,8,0.0,0.0,0.0,0.0,0.0,0.0,0.0,0.0,1.0
10,8,0.0,0.0,0.0,0.0,0.0,0.0,0.0,0.0,1.0
10,8,0.0,0.0,0.0,0.0,0.0,0.0,0.0,0.0,1.0
10,8,0.0,0.0,0.0,0.0,0.0,0.0,0.0,0.0,1.0
10,8,0.0,0.0,0.0,0.0,0.0,0.0,0.0,0.0,1.0
10,8,0.0,0.0,0.0,0.0,0.0,0.0,0.0,0.0,1.0
10,8,0.0,0.0,0.0,0.0,0.0,0.0,0.0,0.0,1.0
10,8,0.0,0.0,0.0,0.0,0.0,0.0,0.0,0.0,1.0
10,8,0.0,0.0,0.0,0.0,0.0,0.0,0.0,0.0,1.0
10,8,0.0,0.0,0.0,0.0,0.0,0.0,0.0,0.0,1.0
10,8,0.0,0.0,0.0,0.0,0.0,0.0,0.0,0.0,1.0
10,8,0.0,0.0,0.0,0.0,0.0,0.0,0.0,0.0,1.0
10,8,0.0,0.0,0.0,0.0,0.0,0.0,0.0,0.0,1.0
10,8,0.0,0.0,0.0,0.0,0.0,0.0,0.0,0.0,1.0
10,8,0.0,0.0,0.0,0.0,0.0,0.0,0.0,0.0,1.0
10,8,0.0,0.0,0.0,0.0,0.0,0.0,0.0,0.0,1.0
10,8,0.0,0.0,0.0,0.0,0.0,0.0,0.0,0.0,1.0
10,8,0.0,0.0,0.0,0.0,0.0,0.0,0.0,0.0,1.0
10,8,0.0,0.0,0.0,0.0,0.0,0.0,0.0,0.0,1.0
10,8,0.0,0.0,0.0,0.0,0.0,0.0,0.0,0.0,1.0
10,8,0.0,0.0,0.0,0.0,0.0,0.0,0.0,0.0,1.0
10,8,0.0,0.0,0.0,0.0,0.0,0.0,0.0,0.0,1.0
10,8,0.0,0.0,0.0,0.0,0.0,0.0,0.0,0.0,1.0
10,8,0.0,0.0,0.0,0.0,0.0,0.0,0.0,0.0,1.0
10,8,0.0,0.0,0.0,0.0,0.0,0.0,0.0,0.0,1.0
10,8,0.0,0.0,0.0,0.0,0.0,0.0,0.0,0.0,1.0
10,8,0.0,0.0,0.0,0.0,0.0,0.0,0.0,0.0,1.0
10,8,0.0,0.0,0.0,0.0,0.0,0.0,0.0,0.0,1.0
10,8,0.0,0.0,0.0,0.0,0.0,0.0,0.0,0.0,1.0
10,8,0.0,0.0,0.0,0.0,0.0,0.0,0.0,0.0,1.0
10,8,0.0,0.0,0.0,0.0,0.0,0.0,0.0,0.0,1.0
10,8,0.0,0.0,0.0,0.0,0.0,0.0,0.0,0.0,1.0
10,8,0.0,0.0,0.0,0.0,0.0,0.0,0.0,0.0,1.0
10,8,0.0,0.0,0.0,0.0,0.0,0.0,0.0,0.0,1.0
10,8,0.0,0.0,0.0,0.0,0.0,0.0,0.0,0.0,1.0
10,8,0.0,0.0,0.0,0.0,0.0,0.0,0.0,0.0,1.0
10,8,0.0,0.0,0.0,0.0,0.0,0.0,0.0,0.0,1.0
10,8,0.0,0.0,0.0,0.0,0.0,0.0,0.0,0.0,1.0
10,8,0.0,0.0,0.0,0.0,0.0,0.0,0.0,0.0,1.0
10,8,0.0,0.0,0.0,0.0,0.0,0.0,0.0,0.0,1.0
10,8,0.0,0.0,0.0,0.0,0.0,0.0,0.0,0.0,1.0
10,8,0.0,0.0,0.0,0.0,0.0,0.0,0.0,0.0,1.0
10,8,0.0,0.0,0.0,0.0,0.0,0.0,0.0,0.0,1.0
10,8,0.0,0.0,0.0,0.0,0.0,0.0,0.0,0.0,1.0
10,8,0.0,0.0,0.0,0.0,0.0,0.0,0.0,0.0,1.0
10,8,0.0,0.0,0.0,0.0,0.0,0.0,0.0,0.0,1.0
10,8,0.0,0.0,0.0,0.0,0.0,0.0,0.0,0.0,1.0
10,8,0.0,0.0,0.0,0.0,0.0,0.0,0.0,0.0,1.0
10,8,0.0,0.0,0.0,0.0,0.0,0.0,0.0,0.0,1.0
10,8,0.0,0.0,0.0,0.0,0.0,0.0,0.0,0.0,1.0
10,8,0.0,0.0,0.0,0.0,0.0,0.0,0.0,0.0,1.0
10,8,0.0,0.0,0.0,0.0,0.0,0.0,0.0,0.0,1.0
10,8,0.0,0.0,0.0,0.0,0.0,0.0,0.0,0.0,1.0
10,8,0.0,0.0,0.0,0.0,0.0,0.0,0.0,0.0,1.0
10,8,0.0,0.0,0.0,0.0,0.0,0.0,0.0,0.0,1.0
10,8,0.0,0.0,0.0,0.0,0.0,0.0,0.0,0.0,1.0
10,8,0.0,0.0,0.0,0.0,0.0,0.0,0.0,0.0,1.0
10,8,0.0,0.0,0.0,0.0,0.0,0.0,0.0,0.0,1.0
10,8,0.0,0.0,0.0,0.0,0.0,0.0,0.0,0.0,1.0
10,8,0.0,0.0,0.0,0.0,0.0,0.0,0.0,0.0,1.0
10,8,0.0,0.0,0.0,0.0,0.0,0.0,0.0,0.0,1.0
10,8,0.0,0.0,0.0,0.0,0.0,0.0,0.0,0.0,1.0
10,8,0.0,0.0,0.0,0.0,0.0,0.0,0.0,0.0,1.0
10,8,0.0,0.0,0.0,0.0,0.0,0.0,0.0,0.0,1.0
10,8,0.0,0.0,0.0,0.0,0.0,0.0,0.0,0.0,1.0
10,8,0.0,0.0,0.0,0.0,0.0,0.0,0.0,0.0,1.0
10,8,0.0,0.0,0.0,0.0,0.0,0.0,0.0,0.0,1.0
10,8,0.0,0.0,0.0,0.0,0.0,0.0,0.0,0.0,1.0
10,8,0.0,0.0,0.0,0.0,0.0,0.0,0.0,0.0,1.0
10,8,0.0,0.0,0.0,0.0,0.0,0.0,0.0,0.0,1.0
10,8,0.0,0.0,0.0,0.0,0.0,0.0,0.0,0.0,1.0
10,8,0.0,0.0,0.0,0.0,0.0,0.0,0.0,0.0,1.0
10,8,0.0,0.0,0.0,0.0,0.0,0.0,0.0,0.0,1.0
10,8,0.0,0.0,0.0,0.0,0.0,0.0,0.0,0.0,1.0
10,8,0.0,0.0,0.0,0.0,0.0,0.0,0.0,0.0,1.0
10,8,0.0,0.0,0.0,0.0,0.0,0.0,0.0,0.0,1.0
10,8,0.0,0.0,0.0,0.0,0.0,0.0,0.0,0.0,1.0
10,8,0.0,0.0,0.0,0.0,0.0,0.0,0.0,0.0,1.0
10,8,0.0,0.0,0.0,0.0,0.0,0.0,0.0,0.0,1.0
10,8,0.0,0.0,0.0,0.0,0.0,0.0,0.0,0.0,1.0
10,8,0.0,0.0,0.0,0.0,0.0,0.0,0.0,0.0,1.0
10,8,0.0,0.0,0.0,0.0,0.0,0.0,0.0,0.0,1.0
10,8,0.0,0.0,0.0,0.0,0.0,0.0,0.0,0.0,1.0
10,8,0.0,0.0,0.0,0.0,0.0,0.0,0.0,0.0,1.0
10,8,0.0,0.0,0.0,0.0,0.0,0.0,0.0,0.0,1.0
10,8,0.0,0.0,0.0,0.0,0.0,0.0,0.0,0.0,1.0
10,8,0.0,0.0,0.0,0.0,0.0,0.0,0.0,0.0,1.0
10,8,0.0,0.0,0.0,0.0,0.0,0.0,0.0,0.0,1.0
10,8,0.0,0.0,0.0,0.0,0.0,0.0,0.0,0.0,1.0
10,8,0.0,0.0,0.0,0.0,0.0,0.0,0.0,0.0,1.0
10,8,0.0,0.0,0.0,0.0,0.0,0.0,0.0,0.0,1.0
10,8,0.0,0.0,0.0,0.0,0.0,0.0,0.0,0.0,1.0
10,8,0.0,0.0,0.0,0.0,0.0,0.0,0.0,0.0,1.0
10,8,0.0,0.0,0.0,0.0,0.0,0.0,0.0,0.0,1.0
10,8,0.0,0.0,0.0,0.0,0.0,0.0,0.0,0.0,1.0
10,8,0.0,0.0,0.0,0.0,0.0,0.0,0.0,0.0,1.0
10,8,0.0,0.0,0.0,0.0,0.0,0.0,0.0,0.0,1.0
10,8,0.0,0.0,0.0,0.0,0.0,0.0,0.0,0.0,1.0
10,8,0.0,0.0,0.0,0.0,0.0,0.0,0.0,0.0,1.0
10,8,0.0,0.0,0.0,0.0,0.0,0.0,0.0,0.0,1.0
10,8,0.0,0.0,0.0,0.0,0.0,0.0,0.0,0.0,1.0
10,8,0.0,0.0,0.0,0.0,0.0,0.0,0.0,0.0,1.0
10,8,0.0,0.0,0.0,0.0,0.0,0.0,0.0,0.0,1.0
10,8,0.0,0.0,0.0,0.0,0.0,0.0,0.0,0.0,1.0
10,8,0.0,0.0,0.0,0.0,0.0,0.0,0.0,0.0,1.0
10,8,0.0,0.0,0.0,0.0,0.0,0.0,0.0,0.0,1.0
10,8,0.0,0.0,0.0,0.0,0.0,0.0,0.0,0.0,1.0
10,8,0.0,0.0,0.0,0.0,0.0,0.0,0.0,0.0,1.0
10,8,0.0,0.0,0.0,0.0,0.0,0.0,0.0,0.0,1.0
10,8,0.0,0.0,0.0,0.0,0.0,0.0,0.0,0.0,1.0
10,8,0.0,0.0,0.0,0.0,0.0,0.0,0.0,0.0,1.0
10,8,0.0,0.0,0.0,0.0,0.0,0.0,0.0,0.0,1.0
10,8,0.0,0.0,0.0,0.0,0.0,0.0,0.0,0.0,1.0
10,8,0.0,0.0,0.0,0.0,0.0,0.0,0.0,0.0,1.0
10,8,0.0,0.0,0.0,0.0,0.0,0.0,0.0,0.0,1.0
10,8,0.0,0.0,0.0,0.0,0.0,0.0,0.0,0.0,1.0
10,8,0.0,0.0,0.0,0.0,0.0,0.0,0.0,0.0,1.0
10,8,0.0,0.0,0.0,0.0,0.0,0.0,0.0,0.0,1.0
10,8,0.0,0.0,0.0,0.0,0.0,0.0,0.0,0.0,1.0
10,8,0.0,0.0,0.0,0.0,0.0,0.0,0.0,0.0,1.0
10,8,0.0,0.0,0.0,0.0,0.0,0.0,0.0,0.0,1.0
10,8,0.0,0.0,0.0,0.0,0.0,0.0,0.0,0.0,1.0
10,8,0.0,0.0,0.0,0.0,0.0,0.0,0.0,0.0,1.0
10,8,0.0,0.0,0.0,0.0,0.0,0.0,0.0,0.0,1.0
10,8,0.0,0.0,0.0,0.0,0.0,0.0,0.0,0.0,1.0
10,8,0.0,0.0,0.0,0.0,0.0,0.0,0.0,0.0,1.0
10,8,0.0,0.0,0.0,0.0,0.0,0.0,0.0,0.0,1.0
10,8,0.0,0.0,0.0,0.0,0.0,0.0,0.0,0.0,1.0
10,8,0.0,0.0,0.0,0.0,0.0,0.0,0.0,0.0,1.0
10,8,0.0,0.0,0.0,0.0,0.0,0.0,0.0,0.0,1.0
10,8,0.0,0.0,0.0,0.0,0.0,0.0,0.0,0.0,1.0
10,8,0.0,0.0,0.0,0.0,0.0,0.0,0.0,0.0,1.0
10,8,0.0,0.0,0.0,0.0,0.0,0.0,0.0,0.0,1.0
10,8,0.0,0.0,0.0,0.0,0.0,0.0,0.0,0.0,1.0
10,8,0.0,0.0,0.0,0.0,0.0,0.0,0.0,0.0,1.0
10,8,0.0,0.0,0.0,0.0,0.0,0.0,0.0,0.0,1.0
10,8,0.0,0.0,0.0,0.0,0.0,0.0,0.0,0.0,1.0
10,8,0.0,0.0,0.0,0.0,0.0,0.0,0.0,0.0,1.0
10,8,0.0,0.0,0.0,0.0,0.0,0.0,0.0,0.0,1.0
10,8,0.0,0.0,0.0,0.0,0.0,0.0,0.0,0.0,1.0
10,8,0.0,0.0,0.0,0.0,0.0,0.0,0.0,0.0,1.0
10,8,0.0,0.0,0.0,0.0,0.0,0.0,0.0,0.0,1.0
10,8,0.0,0.0,0.0,0.0,0.0,0.0,0.0,0.0,1.0
10,8,0.0,0.0,0.0,0.0,0.0,0.0,0.0,0.0,1.0
10,8,0.0,0.0,0.0,0.0,0.0,0.0,0.0,0.0,1.0
10,8,0.0,0.0,0.0,0.0,0.0,0.0,0.0,0.0,1.0
10,8,0.0,0.0,0.0,0.0,0.0,0.0,0.0,0.0,1.0
10,8,0.0,0.0,0.0,0.0,0.0,0.0,0.0,0.0,1.0
10,8,0.0,0.0,0.0,0.0,0.0,0.0,0.0,0.0,1.0
10,8,0.0,0.0,0.0,0.0,0.0,0.0,0.0,0.0,1.0
10,8,0.0,0.0,0.0,0.0,0.0,0.0,0.0,0.0,1.0
10,8,0.0,0.0,0.0,0.0,0.0,0.0,0.0,0.0,1.0
10,8,0.0,0.0,0.0,0.0,0.0,0.0,0.0,0.0,1.0
10,8,0.0,0.0,0.0,0.0,0.0,0.0,0.0,0.0,1.0
10,8,0.0,0.0,0.0,0.0,0.0,0.0,0.0,0.0,1.0
10,8,0.0,0.0,0.0,0.0,0.0,0.0,0.0,0.0,1.0
10,8,0.0,0.0,0.0,0.0,0.0,0.0,0.0,0.0,1.0
10,8,0.0,0.0,0.0,0.0,0.0,0.0,0.0,0.0,1.0
10,8,0.0,0.0,0.0,0.0,0.0,0.0,0.0,0.0,1.0
10,8,0.0,0.0,0.0,0.0,0.0,0.0,0.0,0.0,1.0
10,8,0.0,0.0,0.0,0.0,0.0,0.0,0.0,0.0,1.0
10,8,0.0,0.0,0.0,0.0,0.0,0.0,0.0,0.0,1.0
10,8,0.0,0.0,0.0,0.0,0.0,0.0,0.0,0.0,1.0
10,8,0.0,0.0,0.0,0.0,0.0,0.0,0.0,0.0,1.0
10,8,0.0,0.0,0.0,0.0,0.0,0.0,0.0,0.0,1.0
10,8,0.0,0.0,0.0,0.0,0.0,0.0,0.0,0.0,1.0
10,8,0.0,0.0,0.0,0.0,0.0,0.0,0.0,0.0,1.0
10,8,0.0,0.0,0.0,0.0,0.0,0.0,0.0,0.0,1.0
10,8,0.0,0.0,0.0,0.0,0.0,0.0,0.0,0.0,1.0
10,8,0.0,0.0,0.0,0.0,0.0,0.0,0.0,0.0,1.0
10,8,0.0,0.0,0.0,0.0,0.0,0.0,0.0,0.0,1.0
10,8,0.0,0.0,0.0,0.0,0.0,0.0,0.0,0.0,1.0
10,8,0.0,0.0,0.0,0.0,0.0,0.0,0.0,0.0,1.0
10,8,0.0,0.0,0.0,0.0,0.0,0.0,0.0,0.0,1.0
10,8,0.0,0.0,0.0,0.0,0.0,0.0,0.0,0.0,1.0
10,8,0.0,0.0,0.0,0.0,0.0,0.0,0.0,0.0,1.0
10,8,0.0,0.0,0.0,0.0,0.0,0.0,0.0,0.0,1.0
10,8,0.0,0.0,0.0,0.0,0.0,0.0,0.0,0.0,1.0
10,8,0.0,0.0,0.0,0.0,0.0,0.0,0.0,0.0,1.0
10,8,0.0,0.0,0.0,0.0,0.0,0.0,0.0,0.0,1.0
10,8,0.0,0.0,0.0,0.0,0.0,0.0,0.0,0.0,1.0
10,8,0.0,0.0,0.0,0.0,0.0,0.0,0.0,0.0,1.0
10,8,0.0,0.0,0.0,0.0,0.0,0.0,0.0,0.0,1.0
10,8,0.0,0.0,0.0,0.0,0.0,0.0,0.0,0.0,1.0
10,8,0.0,0.0,0.0,0.0,0.0,0.0,0.0,0.0,1.0
10,8,0.0,0.0,0.0,0.0,0.0,0.0,0.0,0.0,1.0
10,8,0.0,0.0,0.0,0.0,0.0,0.0,0.0,0.0,1.0
10,8,0.0,0.0,0.0,0.0,0.0,0.0,0.0,0.0,1.0
10,8,0.0,0.0,0.0,0.0,0.0,0.0,0.0,0.0,1.0
10,8,0.0,0.0,0.0,0.0,0.0,0.0,0.0,0.0,1.0
10,8,0.0,0.0,0.0,0.0,0.0,0.0,0.0,0.0,1.0
10,8,0.0,0.0,0.0,0.0,0.0,0.0,0.0,0.0,1.0
10,8,0.0,0.0,0.0,0.0,0.0,0.0,0.0,0.0,1.0
10,8,0.0,0.0,0.0,0.0,0.0,0.0,0.0,0.0,1.0
10,8,0.0,0.0,0.0,0.0,0.0,0.0,0.0,0.0,1.0
10,8,0.0,0.0,0.0,0.0,0.0,0.0,0.0,0.0,1.0
10,8,0.0,0.0,0.0,0.0,0.0,0.0,0.0,0.0,1.0
10,8,0.0,0.0,0.0,0.0,0.0,0.0,0.0,0.0,1.0
10,8,0.0,0.0,0.0,0.0,0.0,0.0,0.0,0.0,1.0
10,8,0.0,0.0,0.0,0.0,0.0,0.0,0.0,0.0,1.0
10,8,0.0,0.0,0.0,0.0,0.0,0.0,0.0,0.0,1.0
10,8,0.0,0.0,0.0,0.0,0.0,0.0,0.0,0.0,1.0
10,8,0.0,0.0,0.0,0.0,0.0,0.0,0.0,0.0,1.0
10,8,0.0,0.0,0.0,0.0,0.0,0.0,0.0,0.0,1.0
10,8,0.0,0.0,0.0,0.0,0.0,0.0,0.0,0.0,1.0
10,8,0.0,0.0,0.0,0.0,0.0,0.0,0.0,0.0,1.0
10,8,0.0,0.0,0.0,0.0,0.0,0.0,0.0,0.0,1.0
10,8,0.0,0.0,0.0,0.0,0.0,0.0,0.0,0.0,1.0
10,8,0.0,0.0,0.0,0.0,0.0,0.0,0.0,0.0,1.0
10,8,0.0,0.0,0.0,0.0,0.0,0.0,0.0,0.0,1.0
10,8,0.0,0.0,0.0,0.0,0.0,0.0,0.0,0.0,1.0
10,8,0.0,0.0,0.0,0.0,0.0,0.0,0.0,0.0,1.0
10,8,0.0,0.0,0.0,0.0,0.0,0.0,0.0,0.0,1.0
10,8,0.0,0.0,0.0,0.0,0.0,0.0,0.0,0.0,1.0
10,8,0.0,0.0,0.0,0.0,0.0,0.0,0.0,0.0,1.0
10,8,0.0,0.0,0.0,0.0,0.0,0.0,0.0,0.0,1.0
10,8,0.0,0.0,0.0,0.0,0.0,0.0,0.0,0.0,1.0
10,8,0.0,0.0,0.0,0.0,0.0,0.0,0.0,0.0,1.0
10,8,0.0,0.0,0.0,0.0,0.0,0.0,0.0,0.0,1.0
10,8,0.0,0.0,0.0,0.0,0.0,0.0,0.0,0.0,1.0
10,8,0.0,0.0,0.0,0.0,0.0,0.0,0.0,0.0,1.0
10,8,0.0,0.0,0.0,0.0,0.0,0.0,0.0,0.0,1.0
10,8,0.0,0.0,0.0,0.0,0.0,0.0,0.0,0.0,1.0
10,8,0.0,0.0,0.0,0.0,0.0,0.0,0.0,0.0,1.0
10,8,0.0,0.0,0.0,0.0,0.0,0.0,0.0,0.0,1.0
10,8,0.0,0.0,0.0,0.0,0.0,0.0,0.0,0.0,1.0
10,8,0.0,0.0,0.0,0.0,0.0,0.0,0.0,0.0,1.0
10,8,0.0,0.0,0.0,0.0,0.0,0.0,0.0,0.0,1.0
10,8,0.0,0.0,0.0,0.0,0.0,0.0,0.0,0.0,1.0
10,8,0.0,0.0,0.0,0.0,0.0,0.0,0.0,0.0,1.0
10,8,0.0,0.0,0.0,0.0,0.0,0.0,0.0,0.0,1.0
10,8,0.0,0.0,0.0,0.0,0.0,0.0,0.0,0.0,1.0
10,8,0.0,0.0,0.0,0.0,0.0,0.0,0.0,0.0,1.0
10,8,0.0,0.0,0.0,0.0,0.0,0.0,0.0,0.0,1.0
10,8,0.0,0.0,0.0,0.0,0.0,0.0,0.0,0.0,1.0
10,8,0.0,0.0,0.0,0.0,0.0,0.0,0.0,0.0,1.0
10,8,0.0,0.0,0.0,0.0,0.0,0.0,0.0,0.0,1.0
10,8,0.0,0.0,0.0,0.0,0.0,0.0,0.0,0.0,1.0
10,8,0.0,0.0,0.0,0.0,0.0,0.0,0.0,0.0,1.0
10,8,0.0,0.0,0.0,0.0,0.0,0.0,0.0,0.0,1.0
10,8,0.0,0.0,0.0,0.0,0.0,0.0,0.0,0.0,1.0
10,8,0.0,0.0,0.0,0.0,0.0,0.0,0.0,0.0,1.0
10,8,0.0,0.0,0.0,0.0,0.0,0.0,0.0,0.0,1.0
10,8,0.0,0.0,0.0,0.0,0.0,0.0,0.0,0.0,1.0
10,8,0.0,0.0,0.0,0.0,0.0,0.0,0.0,0.0,1.0
10,8,0.0,0.0,0.0,0.0,0.0,0.0,0.0,0.0,1.0
10,8,0.0,0.0,0.0,0.0,0.0,0.0,0.0,0.0,1.0
10,8,0.0,0.0,0.0,0.0,0.0,0.0,0.0,0.0,1.0
10,8,0.0,0.0,0.0,0.0,0.0,0.0,0.0,0.0,1.0
10,8,0.0,0.0,0.0,0.0,0.0,0.0,0.0,0.0,1.0
10,8,0.0,0.0,0.0,0.0,0.0,0.0,0.0,0.0,1.0
10,8,0.0,0.0,0.0,0.0,0.0,0.0,0.0,0.0,1.0
10,8,0.0,0.0,0.0,0.0,0.0,0.0,0.0,0.0,1.0
10,8,0.0,0.0,0.0,0.0,0.0,0.0,0.0,0.0,1.0
10,8,0.0,0.0,0.0,0.0,0.0,0.0,0.0,0.0,1.0
10,8,0.0,0.0,0.0,0.0,0.0,0.0,0.0,0.0,1.0
10,8,0.0,0.0,0.0,0.0,0.0,0.0,0.0,0.0,1.0
10,8,0.0,0.0,0.0,0.0,0.0,0.0,0.0,0.0,1.0
10,8,0.0,0.0,0.0,0.0,0.0,0.0,0.0,0.0,1.0
10,8,0.0,0.0,0.0,0.0,0.0,0.0,0.0,0.0,1.0
10,8,0.0,0.0,0.0,0.0,0.0,0.0,0.0,0.0,1.0
10,8,0.0,0.0,0.0,0.0,0.0,0.0,0.0,0.0,1.0
10,8,0.0,0.0,0.0,0.0,0.0,0.0,0.0,0.0,1.0
10,8,0.0,0.0,0.0,0.0,0.0,0.0,0.0,0.0,1.0
10,8,0.0,0.0,0.0,0.0,0.0,0.0,0.0,0.0,1.0
10,8,0.0,0.0,0.0,0.0,0.0,0.0,0.0,0.0,1.0
10,8,0.0,0.0,0.0,0.0,0.0,0.0,0.0,0.0,1.0
10,8,0.0,0.0,0.0,0.0,0.0,0.0,0.0,0.0,1.0
10,8,0.0,0.0,0.0,0.0,0.0,0.0,0.0,0.0,1.0
10,8,0.0,0.0,0.0,0.0,0.0,0.0,0.0,0.0,1.0
10,8,0.0,0.0,0.0,0.0,0.0,0.0,0.0,0.0,1.0
10,8,0.0,0.0,0.0,0.0,0.0,0.0,0.0,0.0,1.0
10,8,0.0,0.0,0.0,0.0,0.0,0.0,0.0,0.0,1.0
10,8,0.0,0.0,0.0,0.0,0.0,0.0,0.0,0.0,1.0
10,8,0.0,0.0,0.0,0.0,0.0,0.0,0.0,0.0,1.0
10,8,0.0,0.0,0.0,0.0,0.0,0.0,0.0,0.0,1.0
10,8,0.0,0.0,0.0,0.0,0.0,0.0,0.0,0.0,1.0
10,8,0.0,0.0,0.0,0.0,0.0,0.0,0.0,0.0,1.0
10,8,0.0,0.0,0.0,0.0,0.0,0.0,0.0,0.0,1.0
10,8,0.0,0.0,0.0,0.0,0.0,0.0,0.0,0.0,1.0
10,8,0.0,0.0,0.0,0.0,0.0,0.0,0.0,0.0,1.0
10,8,0.0,0.0,0.0,0.0,0.0,0.0,0.0,0.0,1.0
10,8,0.0,0.0,0.0,0.0,0.0,0.0,0.0,0.0,1.0
10,8,0.0,0.0,0.0,0.0,0.0,0.0,0.0,0.0,1.0
10,8,0.0,0.0,0.0,0.0,0.0,0.0,0.0,0.0,1.0
10,8,0.0,0.0,0.0,0.0,0.0,0.0,0.0,0.0,1.0
10,8,0.0,0.0,0.0,0.0,0.0,0.0,0.0,0.0,1.0
10,8,0.0,0.0,0.0,0.0,0.0,0.0,0.0,0.0,1.0
10,8,0.0,0.0,0.0,0.0,0.0,0.0,0.0,0.0,1.0
10,8,0.0,0.0,0.0,0.0,0.0,0.0,0.0,0.0,1.0
10,8,0.0,0.0,0.0,0.0,0.0,0.0,0.0,0.0,1.0
10,8,0.0,0.0,0.0,0.0,0.0,0.0,0.0,0.0,1.0
10,8,0.0,0.0,0.0,0.0,0.0,0.0,0.0,0.0,1.0
10,8,0.0,0.0,0.0,0.0,0.0,0.0,0.0,0.0,1.0
10,8,0.0,0.0,0.0,0.0,0.0,0.0,0.0,0.0,1.0
10,8,0.0,0.0,0.0,0.0,0.0,0.0,0.0,0.0,1.0
10,8,0.0,0.0,0.0,0.0,0.0,0.0,0.0,0.0,1.0
10,8,0.0,0.0,0.0,0.0,0.0,0.0,0.0,0.0,1.0
10,8,0.0,0.0,0.0,0.0,0.0,0.0,0.0,0.0,1.0
10,8,0.0,0.0,0.0,0.0,0.0,0.0,0.0,0.0,1.0
10,8,0.0,0.0,0.0,0.0,0.0,0.0,0.0,0.0,1.0
10,8,0.0,0.0,0.0,0.0,0.0,0.0,0.0,0.0,1.0
10,8,0.0,0.0,0.0,0.0,0.0,0.0,0.0,0.0,1.0
10,8,0.0,0.0,0.0,0.0,0.0,0.0,0.0,0.0,1.0
10,8,0.0,0.0,0.0,0.0,0.0,0.0,0.0,0.0,1.0
10,8,0.0,0.0,0.0,0.0,0.0,0.0,0.0,0.0,1.0
10,8,0.0,0.0,0.0,0.0,0.0,0.0,0.0,0.0,1.0
10,8,0.0,0.0,0.0,0.0,0.0,0.0,0.0,0.0,1.0
10,8,0.0,0.0,0.0,0.0,0.0,0.0,0.0,0.0,1.0
10,8,0.0,0.0,0.0,0.0,0.0,0.0,0.0,0.0,1.0
10,8,0.0,0.0,0.0,0.0,0.0,0.0,0.0,0.0,1.0
10,8,0.0,0.0,0.0,0.0,0.0,0.0,0.0,0.0,1.0
10,8,0.0,0.0,0.0,0.0,0.0,0.0,0.0,0.0,1.0
10,8,0.0,0.0,0.0,0.0,0.0,0.0,0.0,0.0,1.0
10,8,0.0,0.0,0.0,0.0,0.0,0.0,0.0,0.0,1.0
10,8,0.0,0.0,0.0,0.0,0.0,0.0,0.0,0.0,1.0
10,8,0.0,0.0,0.0,0.0,0.0,0.0,0.0,0.0,1.0
10,8,0.0,0.0,0.0,0.0,0.0,0.0,0.0,0.0,1.0
10,8,0.0,0.0,0.0,0.0,0.0,0.0,0.0,0.0,1.0
10,8,0.0,0.0,0.0,0.0,0.0,0.0,0.0,0.0,1.0
10,8,0.0,0.0,0.0,0.0,0.0,0.0,0.0,0.0,1.0
10,8,0.0,0.0,0.0,0.0,0.0,0.0,0.0,0.0,1.0
10,8,0.0,0.0,0.0,0.0,0.0,0.0,0.0,0.0,1.0
10,8,0.0,0.0,0.0,0.0,0.0,0.0,0.0,0.0,1.0
10,8,0.0,0.0,0.0,0.0,0.0,0.0,0.0,0.0,1.0
10,8,0.0,0.0,0.0,0.0,0.0,0.0,0.0,0.0,1.0
10,8,0.0,0.0,0.0,0.0,0.0,0.0,0.0,0.0,1.0
10,8,0.0,0.0,0.0,0.0,0.0,0.0,0.0,0.0,1.0
10,8,0.0,0.0,0.0,0.0,0.0,0.0,0.0,0.0,1.0
10,8,0.0,0.0,0.0,0.0,0.0,0.0,0.0,0.0,1.0
10,8,0.0,0.0,0.0,0.0,0.0,0.0,0.0,0.0,1.0
10,8,0.0,0.0,0.0,0.0,0.0,0.0,0.0,0.0,1.0
10,8,0.0,0.0,0.0,0.0,0.0,0.0,0.0,0.0,1.0
10,8,0.0,0.0,0.0,0.0,0.0,0.0,0.0,0.0,1.0
10,8,0.0,0.0,0.0,0.0,0.0,0.0,0.0,0.0,1.0
10,8,0.0,0.0,0.0,0.0,0.0,0.0,0.0,0.0,1.0
10,8,0.0,0.0,0.0,0.0,0.0,0.0,0.0,0.0,1.0
10,8,0.0,0.0,0.0,0.0,0.0,0.0,0.0,0.0,1.0
10,8,0.0,0.0,0.0,0.0,0.0,0.0,0.0,0.0,1.0
10,8,0.0,0.0,0.0,0.0,0.0,0.0,0.0,0.0,1.0
10,8,0.0,0.0,0.0,0.0,0.0,0.0,0.0,0.0,1.0
10,8,0.0,0.0,0.0,0.0,0.0,0.0,0.0,0.0,1.0
10,8,0.0,0.0,0.0,0.0,0.0,0.0,0.0,0.0,1.0
10,8,0.0,0.0,0.0,0.0,0.0,0.0,0.0,0.0,1.0
10,8,0.0,0.0,0.0,0.0,0.0,0.0,0.0,0.0,1.0
10,8,0.0,0.0,0.0,0.0,0.0,0.0,0.0,0.0,1.0
10,8,0.0,0.0,0.0,0.0,0.0,0.0,0.0,0.0,1.0
10,8,0.0,0.0,0.0,0.0,0.0,0.0,0.0,0.0,1.0
10,8,0.0,0.0,0.0,0.0,0.0,0.0,0.0,0.0,1.0
10,8,0.0,0.0,0.0,0.0,0.0,0.0,0.0,0.0,1.0
10,8,0.0,0.0,0.0,0.0,0.0,0.0,0.0,0.0,1.0
10,8,0.0,0.0,0.0,0.0,0.0,0.0,0.0,0.0,1.0
10,8,0.0,0.0,0.0,0.0,0.0,0.0,0.0,0.0,1.0
10,8,0.0,0.0,0.0,0.0,0.0,0.0,0.0,0.0,1.0
10,8,0.0,0.0,0.0,0.0,0.0,0.0,0.0,0.0,1.0
10,8,0.0,0.0,0.0,0.0,0.0,0.0,0.0,0.0,1.0
10,8,0.0,0.0,0.0,0.0,0.0,0.0,0.0,0.0,1.0
10,8,0.0,0.0,0.0,0.0,0.0,0.0,0.0,0.0,1.0
10,8,0.0,0.0,0.0,0.0,0.0,0.0,0.0,0.0,1.0
10,8,0.0,0.0,0.0,0.0,0.0,0.0,0.0,0.0,1.0
10,8,0.0,0.0,0.0,0.0,0.0,0.0,0.0,0.0,1.0
10,8,0.0,0.0,0.0,0.0,0.0,0.0,0.0,0.0,1.0
10,8,0.0,0.0,0.0,0.0,0.0,0.0,0.0,0.0,1.0
10,8,0.0,0.0,0.0,0.0,0.0,0.0,0.0,0.0,1.0
10,8,0.0,0.0,0.0,0.0,0.0,0.0,0.0,0.0,1.0
10,8,0.0,0.0,0.0,0.0,0.0,0.0,0.0,0.0,1.0
10,8,0.0,0.0,0.0,0.0,0.0,0.0,0.0,0.0,1.0
10,8,0.0,0.0,0.0,0.0,0.0,0.0,0.0,0.0,1.0
10,8,0.0,0.0,0.0,0.0,0.0,0.0,0.0,0.0,1.0
10,8,0.0,0.0,0.0,0.0,0.0,0.0,0.0,0.0,1.0
10,8,0.0,0.0,0.0,0.0,0.0,0.0,0.0,0.0,1.0
10,8,0.0,0.0,0.0,0.0,0.0,0.0,0.0,0.0,1.0
10,8,0.0,0.0,0.0,0.0,0.0,0.0,0.0,0.0,1.0
10,8,0.0,0.0,0.0,0.0,0.0,0.0,0.0,0.0,1.0
10,8,0.0,0.0,0.0,0.0,0.0,0.0,0.0,0.0,1.0
10,8,0.0,0.0,0.0,0.0,0.0,0.0,0.0,0.0,1.0
10,8,0.0,0.0,0.0,0.0,0.0,0.0,0.0,0.0,1.0
10,8,0.0,0.0,0.0,0.0,0.0,0.0,0.0,0.0,1.0
10,8,0.0,0.0,0.0,0.0,0.0,0.0,0.0,0.0,1.0
10,8,0.0,0.0,0.0,0.0,0.0,0.0,0.0,0.0,1.0
10,8,0.0,0.0,0.0,0.0,0.0,0.0,0.0,0.0,1.0
10,8,0.0,0.0,0.0,0.0,0.0,0.0,0.0,0.0,1.0
10,8,0.0,0.0,0.0,0.0,0.0,0.0,0.0,0.0,1.0
10,8,0.0,0.0,0.0,0.0,0.0,0.0,0.0,0.0,1.0
10,8,0.0,0.0,0.0,0.0,0.0,0.0,0.0,0.0,1.0
10,8,0.0,0.0,0.0,0.0,0.0,0.0,0.0,0.0,1.0
10,8,0.0,0.0,0.0,0.0,0.0,0.0,0.0,0.0,1.0
10,8,0.0,0.0,0.0,0.0,0.0,0.0,0.0,0.0,1.0
10,8,0.0,0.0,0.0,0.0,0.0,0.0,0.0,0.0,1.0
10,8,0.0,0.0,0.0,0.0,0.0,0.0,0.0,0.0,1.0
10,8,0.0,0.0,0.0,0.0,0.0,0.0,0.0,0.0,1.0
10,8,0.0,0.0,0.0,0.0,0.0,0.0,0.0,0.0,1.0
10,8,0.0,0.0,0.0,0.0,0.0,0.0,0.0,0.0,1.0
10,8,0.0,0.0,0.0,0.0,0.0,0.0,0.0,0.0,1.0
10,8,0.0,0.0,0.0,0.0,0.0,0.0,0.0,0.0,1.0
10,8,0.0,0.0,0.0,0.0,0.0,0.0,0.0,0.0,1.0
10,8,0.0,0.0,0.0,0.0,0.0,0.0,0.0,0.0,1.0
10,8,0.0,0.0,0.0,0.0,0.0,0.0,0.0,0.0,1.0
10,8,0.0,0.0,0.0,0.0,0.0,0.0,0.0,0.0,1.0
10,8,0.0,0.0,0.0,0.0,0.0,0.0,0.0,0.0,1.0
10,8,0.0,0.0,0.0,0.0,0.0,0.0,0.0,0.0,1.0
10,8,0.0,0.0,0.0,0.0,0.0,0.0,0.0,0.0,1.0
10,8,0.0,0.0,0.0,0.0,0.0,0.0,0.0,0.0,1.0
10,8,0.0,0.0,0.0,0.0,0.0,0.0,0.0,0.0,1.0
10,8,0.0,0.0,0.0,0.0,0.0,0.0,0.0,0.0,1.0
10,8,0.0,0.0,0.0,0.0,0.0,0.0,0.0,0.0,1.0
10,8,0.0,0.0,0.0,0.0,0.0,0.0,0.0,0.0,1.0
10,8,0.0,0.0,0.0,0.0,0.0,0.0,0.0,0.0,1.0
10,8,0.0,0.0,0.0,0.0,0.0,0.0,0.0,0.0,1.0
10,8,0.0,0.0,0.0,0.0,0.0,0.0,0.0,0.0,1.0
10,8,0.0,0.0,0.0,0.0,0.0,0.0,0.0,0.0,1.0
10,8,0.0,0.0,0.0,0.0,0.0,0.0,0.0,0.0,1.0
10,8,0.0,0.0,0.0,0.0,0.0,0.0,0.0,0.0,1.0
10,8,0.0,0.0,0.0,0.0,0.0,0.0,0.0,0.0,1.0
10,8,0.0,0.0,0.0,0.0,0.0,0.0,0.0,0.0,1.0
10,8,0.0,0.0,0.0,0.0,0.0,0.0,0.0,0.0,1.0
10,8,0.0,0.0,0.0,0.0,0.0,0.0,0.0,0.0,1.0
10,8,0.0,0.0,0.0,0.0,0.0,0.0,0.0,0.0,1.0
10,8,0.0,0.0,0.0,0.0,0.0,0.0,0.0,0.0,1.0
10,8,0.0,0.0,0.0,0.0,0.0,0.0,0.0,0.0,1.0
10,8,0.0,0.0,0.0,0.0,0.0,0.0,0.0,0.0,1.0
10,8,0.0,0.0,0.0,0.0,0.0,0.0,0.0,0.0,1.0
10,8,0.0,0.0,0.0,0.0,0.0,0.0,0.0,0.0,1.0
10,8,0.0,0.0,0.0,0.0,0.0,0.0,0.0,0.0,1.0
10,8,0.0,0.0,0.0,0.0,0.0,0.0,0.0,0.0,1.0
10,8,0.0,0.0,0.0,0.0,0.0,0.0,0.0,0.0,1.0
10,8,0.0,0.0,0.0,0.0,0.0,0.0,0.0,0.0,1.0
10,8,0.0,0.0,0.0,0.0,0.0,0.0,0.0,0.0,1.0
10,8,0.0,0.0,0.0,0.0,0.0,0.0,0.0,0.0,1.0
10,8,0.0,0.0,0.0,0.0,0.0,0.0,0.0,0.0,1.0
10,8,0.0,0.0,0.0,0.0,0.0,0.0,0.0,0.0,1.0
10,8,0.0,0.0,0.0,0.0,0.0,0.0,0.0,0.0,1.0
10,8,0.0,0.0,0.0,0.0,0.0,0.0,0.0,0.0,1.0
10,8,0.0,0.0,0.0,0.0,0.0,0.0,0.0,0.0,1.0
10,8,0.0,0.0,0.0,0.0,0.0,0.0,0.0,0.0,1.0
10,8,0.0,0.0,0.0,0.0,0.0,0.0,0.0,0.0,1.0
10,8,0.0,0.0,0.0,0.0,0.0,0.0,0.0,0.0,1.0
10,8,0.0,0.0,0.0,0.0,0.0,0.0,0.0,0.0,1.0
10,8,0.0,0.0,0.0,0.0,0.0,0.0,0.0,0.0,1.0
10,8,0.0,0.0,0.0,0.0,0.0,0.0,0.0,0.0,1.0
10,8,0.0,0.0,0.0,0.0,0.0,0.0,0.0,0.0,1.0
10,8,0.0,0.0,0.0,0.0,0.0,0.0,0.0,0.0,1.0
10,8,0.0,0.0,0.0,0.0,0.0,0.0,0.0,0.0,1.0
10,8,0.0,0.0,0.0,0.0,0.0,0.0,0.0,0.0,1.0
10,8,0.0,0.0,0.0,0.0,0.0,0.0,0.0,0.0,1.0
10,8,0.0,0.0,0.0,0.0,0.0,0.0,0.0,0.0,1.0
10,8,0.0,0.0,0.0,0.0,0.0,0.0,0.0,0.0,1.0
10,8,0.0,0.0,0.0,0.0,0.0,0.0,0.0,0.0,1.0
10,8,0.0,0.0,0.0,0.0,0.0,0.0,0.0,0.0,1.0
10,8,0.0,0.0,0.0,0.0,0.0,0.0,0.0,0.0,1.0
10,8,0.0,0.0,0.0,0.0,0.0,0.0,0.0,0.0,1.0
10,8,0.0,0.0,0.0,0.0,0.0,0.0,0.0,0.0,1.0
10,8,0.0,0.0,0.0,0.0,0.0,0.0,0.0,0.0,1.0
10,8,0.0,0.0,0.0,0.0,0.0,0.0,0.0,0.0,1.0
10,8,0.0,0.0,0.0,0.0,0.0,0.0,0.0,0.0,1.0
10,8,0.0,0.0,0.0,0.0,0.0,0.0,0.0,0.0,1.0
10,8,0.0,0.0,0.0,0.0,0.0,0.0,0.0,0.0,1.0
10,8,0.0,0.0,0.0,0.0,0.0,0.0,0.0,0.0,1.0
10,8,0.0,0.0,0.0,0.0,0.0,0.0,0.0,0.0,1.0
10,8,0.0,0.0,0.0,0.0,0.0,0.0,0.0,0.0,1.0
10,8,0.0,0.0,0.0,0.0,0.0,0.0,0.0,0.0,1.0
10,8,0.0,0.0,0.0,0.0,0.0,0.0,0.0,0.0,1.0
10,8,0.0,0.0,0.0,0.0,0.0,0.0,0.0,0.0,1.0
10,8,0.0,0.0,0.0,0.0,0.0,0.0,0.0,0.0,1.0
10,8,0.0,0.0,0.0,0.0,0.0,0.0,0.0,0.0,1.0
10,8,0.0,0.0,0.0,0.0,0.0,0.0,0.0,0.0,1.0
10,8,0.0,0.0,0.0,0.0,0.0,0.0,0.0,0.0,1.0
10,8,0.0,0.0,0.0,0.0,0.0,0.0,0.0,0.0,1.0
10,8,0.0,0.0,0.0,0.0,0.0,0.0,0.0,0.0,1.0
10,8,0.0,0.0,0.0,0.0,0.0,0.0,0.0,0.0,1.0
10,8,0.0,0.0,0.0,0.0,0.0,0.0,0.0,0.0,1.0
10,8,0.0,0.0,0.0,0.0,0.0,0.0,0.0,0.0,1.0
10,8,0.0,0.0,0.0,0.0,0.0,0.0,0.0,0.0,1.0
10,8,0.0,0.0,0.0,0.0,0.0,0.0,0.0,0.0,1.0
10,8,0.0,0.0,0.0,0.0,0.0,0.0,0.0,0.0,1.0
10,8,0.0,0.0,0.0,0.0,0.0,0.0,0.0,0.0,1.0
10,8,0.0,0.0,0.0,0.0,0.0,0.0,0.0,0.0,1.0
10,8,0.0,0.0,0.0,0.0,0.0,0.0,0.0,0.0,1.0
10,8,0.0,0.0,0.0,0.0,0.0,0.0,0.0,0.0,1.0
10,8,0.0,0.0,0.0,0.0,0.0,0.0,0.0,0.0,1.0
10,8,0.0,0.0,0.0,0.0,0.0,0.0,0.0,0.0,1.0
10,8,0.0,0.0,0.0,0.0,0.0,0.0,0.0,0.0,1.0
10,8,0.0,0.0,0.0,0.0,0.0,0.0,0.0,0.0,1.0
10,8,0.0,0.0,0.0,0.0,0.0,0.0,0.0,0.0,1.0
10,8,0.0,0.0,0.0,0.0,0.0,0.0,0.0,0.0,1.0
10,8,0.0,0.0,0.0,0.0,0.0,0.0,0.0,0.0,1.0
10,8,0.0,0.0,0.0,0.0,0.0,0.0,0.0,0.0,1.0
10,8,0.0,0.0,0.0,0.0,0.0,0.0,0.0,0.0,1.0
10,8,0.0,0.0,0.0,0.0,0.0,0.0,0.0,0.0,1.0
10,8,0.0,0.0,0.0,0.0,0.0,0.0,0.0,0.0,1.0
10,8,0.0,0.0,0.0,0.0,0.0,0.0,0.0,0.0,1.0
10,8,0.0,0.0,0.0,0.0,0.0,0.0,0.0,0.0,1.0
10,8,0.0,0.0,0.0,0.0,0.0,0.0,0.0,0.0,1.0
10,8,0.0,0.0,0.0,0.0,0.0,0.0,0.0,0.0,1.0
10,8,0.0,0.0,0.0,0.0,0.0,0.0,0.0,0.0,1.0
10,8,0.0,0.0,0.0,0.0,0.0,0.0,0.0,0.0,1.0
10,8,0.0,0.0,0.0,0.0,0.0,0.0,0.0,0.0,1.0
10,8,0.0,0.0,0.0,0.0,0.0,0.0,0.0,0.0,1.0
10,8,0.0,0.0,0.0,0.0,0.0,0.0,0.0,0.0,1.0
10,8,0.0,0.0,0.0,0.0,0.0,0.0,0.0,0.0,1.0
10,8,0.0,0.0,0.0,0.0,0.0,0.0,0.0,0.0,1.0
10,8,0.0,0.0,0.0,0.0,0.0,0.0,0.0,0.0,1.0
10,8,0.0,0.0,0.0,0.0,0.0,0.0,0.0,0.0,1.0
10,8,0.0,0.0,0.0,0.0,0.0,0.0,0.0,0.0,1.0
10,8,0.0,0.0,0.0,0.0,0.0,0.0,0.0,0.0,1.0
10,8,0.0,0.0,0.0,0.0,0.0,0.0,0.0,0.0,1.0
10,8,0.0,0.0,0.0,0.0,0.0,0.0,0.0,0.0,1.0
10,8,0.0,0.0,0.0,0.0,0.0,0.0,0.0,0.0,1.0
10,8,0.0,0.0,0.0,0.0,0.0,0.0,0.0,0.0,1.0
10,8,0.0,0.0,0.0,0.0,0.0,0.0,0.0,0.0,1.0
10,8,0.0,0.0,0.0,0.0,0.0,0.0,0.0,0.0,1.0
10,8,0.0,0.0,0.0,0.0,0.0,0.0,0.0,0.0,1.0
10,8,0.0,0.0,0.0,0.0,0.0,0.0,0.0,0.0,1.0
10,8,0.0,0.0,0.0,0.0,0.0,0.0,0.0,0.0,1.0
10,8,0.0,0.0,0.0,0.0,0.0,0.0,0.0,0.0,1.0
10,8,0.0,0.0,0.0,0.0,0.0,0.0,0.0,0.0,1.0
10,8,0.0,0.0,0.0,0.0,0.0,0.0,0.0,0.0,1.0
10,8,0.0,0.0,0.0,0.0,0.0,0.0,0.0,0.0,1.0
10,8,0.0,0.0,0.0,0.0,0.0,0.0,0.0,0.0,1.0
10,8,0.0,0.0,0.0,0.0,0.0,0.0,0.0,0.0,1.0
10,8,0.0,0.0,0.0,0.0,0.0,0.0,0.0,0.0,1.0
10,8,0.0,0.0,0.0,0.0,0.0,0.0,0.0,0.0,1.0
10,8,0.0,0.0,0.0,0.0,0.0,0.0,0.0,0.0,1.0
10,8,0.0,0.0,0.0,0.0,0.0,0.0,0.0,0.0,1.0
10,8,0.0,0.0,0.0,0.0,0.0,0.0,0.0,0.0,1.0
10,8,0.0,0.0,0.0,0.0,0.0,0.0,0.0,0.0,1.0
10,8,0.0,0.0,0.0,0.0,0.0,0.0,0.0,0.0,1.0
10,8,0.0,0.0,0.0,0.0,0.0,0.0,0.0,0.0,1.0
10,8,0.0,0.0,0.0,0.0,0.0,0.0,0.0,0.0,1.0
10,8,0.0,0.0,0.0,0.0,0.0,0.0,0.0,0.0,1.0
10,8,0.0,0.0,0.0,0.0,0.0,0.0,0.0,0.0,1.0
10,8,0.0,0.0,0.0,0.0,0.0,0.0,0.0,0.0,1.0
10,8,0.0,0.0,0.0,0.0,0.0,0.0,0.0,0.0,1.0
10,8,0.0,0.0,0.0,0.0,0.0,0.0,0.0,0.0,1.0
10,8,0.0,0.0,0.0,0.0,0.0,0.0,0.0,0.0,1.0
10,8,0.0,0.0,0.0,0.0,0.0,0.0,0.0,0.0,1.0
10,8,0.0,0.0,0.0,0.0,0.0,0.0,0.0,0.0,1.0
10,8,0.0,0.0,0.0,0.0,0.0,0.0,0.0,0.0,1.0
10,8,0.0,0.0,0.0,0.0,0.0,0.0,0.0,0.0,1.0
10,8,0.0,0.0,0.0,0.0,0.0,0.0,0.0,0.0,1.0
10,8,0.0,0.0,0.0,0.0,0.0,0.0,0.0,0.0,1.0
10,8,0.0,0.0,0.0,0.0,0.0,0.0,0.0,0.0,1.0
10,8,0.0,0.0,0.0,0.0,0.0,0.0,0.0,0.0,1.0
10,8,0.0,0.0,0.0,0.0,0.0,0.0,0.0,0.0,1.0
10,8,0.0,0.0,0.0,0.0,0.0,0.0,0.0,0.0,1.0
10,8,0.0,0.0,0.0,0.0,0.0,0.0,0.0,0.0,1.0
10,8,0.0,0.0,0.0,0.0,0.0,0.0,0.0,0.0,1.0
10,8,0.0,0.0,0.0,0.0,0.0,0.0,0.0,0.0,1.0
10,8,0.0,0.0,0.0,0.0,0.0,0.0,0.0,0.0,1.0
10,8,0.0,0.0,0.0,0.0,0.0,0.0,0.0,0.0,1.0
10,8,0.0,0.0,0.0,0.0,0.0,0.0,0.0,0.0,1.0
10,8,0.0,0.0,0.0,0.0,0.0,0.0,0.0,0.0,1.0
10,8,0.0,0.0,0.0,0.0,0.0,0.0,0.0,0.0,1.0
10,8,0.0,0.0,0.0,0.0,0.0,0.0,0.0,0.0,1.0
10,8,0.0,0.0,0.0,0.0,0.0,0.0,0.0,0.0,1.0
10,8,0.0,0.0,0.0,0.0,0.0,0.0,0.0,0.0,1.0
10,8,0.0,0.0,0.0,0.0,0.0,0.0,0.0,0.0,1.0
10,8,0.0,0.0,0.0,0.0,0.0,0.0,0.0,0.0,1.0
10,8,0.0,0.0,0.0,0.0,0.0,0.0,0.0,0.0,1.0
10,8,0.0,0.0,0.0,0.0,0.0,0.0,0.0,0.0,1.0
10,8,0.0,0.0,0.0,0.0,0.0,0.0,0.0,0.0,1.0
10,8,0.0,0.0,0.0,0.0,0.0,0.0,0.0,0.0,1.0
10,8,0.0,0.0,0.0,0.0,0.0,0.0,0.0,0.0,1.0
10,8,0.0,0.0,0.0,0.0,0.0,0.0,0.0,0.0,1.0
10,8,0.0,0.0,0.0,0.0,0.0,0.0,0.0,0.0,1.0
10,8,0.0,0.0,0.0,0.0,0.0,0.0,0.0,0.0,1.0
10,8,0.0,0.0,0.0,0.0,0.0,0.0,0.0,0.0,1.0
10,8,0.0,0.0,0.0,0.0,0.0,0.0,0.0,0.0,1.0
10,8,0.0,0.0,0.0,0.0,0.0,0.0,0.0,0.0,1.0
10,8,0.0,0.0,0.0,0.0,0.0,0.0,0.0,0.0,1.0
10,8,0.0,0.0,0.0,0.0,0.0,0.0,0.0,0.0,1.0
10,8,0.0,0.0,0.0,0.0,0.0,0.0,0.0,0.0,1.0
10,8,0.0,0.0,0.0,0.0,0.0,0.0,0.0,0.0,1.0
10,8,0.0,0.0,0.0,0.0,0.0,0.0,0.0,0.0,1.0
10,8,0.0,0.0,0.0,0.0,0.0,0.0,0.0,0.0,1.0
10,8,0.0,0.0,0.0,0.0,0.0,0.0,0.0,0.0,1.0
10,8,0.0,0.0,0.0,0.0,0.0,0.0,0.0,0.0,1.0
10,8,0.0,0.0,0.0,0.0,0.0,0.0,0.0,0.0,1.0
10,8,0.0,0.0,0.0,0.0,0.0,0.0,0.0,0.0,1.0
10,8,0.0,0.0,0.0,0.0,0.0,0.0,0.0,0.0,1.0
10,8,0.0,0.0,0.0,0.0,0.0,0.0,0.0,0.0,1.0
10,8,0.0,0.0,0.0,0.0,0.0,0.0,0.0,0.0,1.0
10,8,0.0,0.0,0.0,0.0,0.0,0.0,0.0,0.0,1.0
10,8,0.0,0.0,0.0,0.0,0.0,0.0,0.0,0.0,1.0
10,8,0.0,0.0,0.0,0.0,0.0,0.0,0.0,0.0,1.0
10,8,0.0,0.0,0.0,0.0,0.0,0.0,0.0,0.0,1.0
10,8,0.0,0.0,0.0,0.0,0.0,0.0,0.0,0.0,1.0
10,8,0.0,0.0,0.0,0.0,0.0,0.0,0.0,0.0,1.0
10,8,0.0,0.0,0.0,0.0,0.0,0.0,0.0,0.0,1.0
10,8,0.0,0.0,0.0,0.0,0.0,0.0,0.0,0.0,1.0
10,8,0.0,0.0,0.0,0.0,0.0,0.0,0.0,0.0,1.0
10,8,0.0,0.0,0.0,0.0,0.0,0.0,0.0,0.0,1.0
10,8,0.0,0.0,0.0,0.0,0.0,0.0,0.0,0.0,1.0
10,8,0.0,0.0,0.0,0.0,0.0,0.0,0.0,0.0,1.0
10,8,0.0,0.0,0.0,0.0,0.0,0.0,0.0,0.0,1.0
10,8,0.0,0.0,0.0,0.0,0.0,0.0,0.0,0.0,1.0
10,8,0.0,0.0,0.0,0.0,0.0,0.0,0.0,0.0,1.0
10,8,0.0,0.0,0.0,0.0,0.0,0.0,0.0,0.0,1.0
10,8,0.0,0.0,0.0,0.0,0.0,0.0,0.0,0.0,1.0
10,8,0.0,0.0,0.0,0.0,0.0,0.0,0.0,0.0,1.0
10,8,0.0,0.0,0.0,0.0,0.0,0.0,0.0,0.0,1.0
10,8,0.0,0.0,0.0,0.0,0.0,0.0,0.0,0.0,1.0
10,8,0.0,0.0,0.0,0.0,0.0,0.0,0.0,0.0,1.0
10,8,0.0,0.0,0.0,0.0,0.0,0.0,0.0,0.0,1.0
10,8,0.0,0.0,0.0,0.0,0.0,0.0,0.0,0.0,1.0
10,8,0.0,0.0,0.0,0.0,0.0,0.0,0.0,0.0,1.0
10,8,0.0,0.0,0.0,0.0,0.0,0.0,0.0,0.0,1.0
10,8,0.0,0.0,0.0,0.0,0.0,0.0,0.0,0.0,1.0
10,8,0.0,0.0,0.0,0.0,0.0,0.0,0.0,0.0,1.0
10,8,0.0,0.0,0.0,0.0,0.0,0.0,0.0,0.0,1.0
10,8,0.0,0.0,0.0,0.0,0.0,0.0,0.0,0.0,1.0
10,8,0.0,0.0,0.0,0.0,0.0,0.0,0.0,0.0,1.0
10,8,0.0,0.0,0.0,0.0,0.0,0.0,0.0,0.0,1.0
10,8,0.0,0.0,0.0,0.0,0.0,0.0,0.0,0.0,1.0
10,8,0.0,0.0,0.0,0.0,0.0,0.0,0.0,0.0,1.0
10,8,0.0,0.0,0.0,0.0,0.0,0.0,0.0,0.0,1.0
10,8,0.0,0.0,0.0,0.0,0.0,0.0,0.0,0.0,1.0
10,8,0.0,0.0,0.0,0.0,0.0,0.0,0.0,0.0,1.0
10,8,0.0,0.0,0.0,0.0,0.0,0.0,0.0,0.0,1.0
10,8,0.0,0.0,0.0,0.0,0.0,0.0,0.0,0.0,1.0
10,8,0.0,0.0,0.0,0.0,0.0,0.0,0.0,0.0,1.0
10,8,0.0,0.0,0.0,0.0,0.0,0.0,0.0,0.0,1.0
10,8,0.0,0.0,0.0,0.0,0.0,0.0,0.0,0.0,1.0
10,8,0.0,0.0,0.0,0.0,0.0,0.0,0.0,0.0,1.0
10,8,0.0,0.0,0.0,0.0,0.0,0.0,0.0,0.0,1.0
10,8,0.0,0.0,0.0,0.0,0.0,0.0,0.0,0.0,1.0
10,8,0.0,0.0,0.0,0.0,0.0,0.0,0.0,0.0,1.0
10,8,0.0,0.0,0.0,0.0,0.0,0.0,0.0,0.0,1.0
10,8,0.0,0.0,0.0,0.0,0.0,0.0,0.0,0.0,1.0
10,8,0.0,0.0,0.0,0.0,0.0,0.0,0.0,0.0,1.0
10,8,0.0,0.0,0.0,0.0,0.0,0.0,0.0,0.0,1.0
10,8,0.0,0.0,0.0,0.0,0.0,0.0,0.0,0.0,1.0
10,8,0.0,0.0,0.0,0.0,0.0,0.0,0.0,0.0,1.0
10,8,0.0,0.0,0.0,0.0,0.0,0.0,0.0,0.0,1.0
10,8,0.0,0.0,0.0,0.0,0.0,0.0,0.0,0.0,1.0
10,8,0.0,0.0,0.0,0.0,0.0,0.0,0.0,0.0,1.0
10,8,0.0,0.0,0.0,0.0,0.0,0.0,0.0,0.0,1.0
10,8,0.0,0.0,0.0,0.0,0.0,0.0,0.0,0.0,1.0
10,8,0.0,0.0,0.0,0.0,0.0,0.0,0.0,0.0,1.0
10,8,0.0,0.0,0.0,0.0,0.0,0.0,0.0,0.0,1.0
10,8,0.0,0.0,0.0,0.0,0.0,0.0,0.0,0.0,1.0
10,8,0.0,0.0,0.0,0.0,0.0,0.0,0.0,0.0,1.0
10,8,0.0,0.0,0.0,0.0,0.0,0.0,0.0,0.0,1.0
10,8,0.0,0.0,0.0,0.0,0.0,0.0,0.0,0.0,1.0
10,8,0.0,0.0,0.0,0.0,0.0,0.0,0.0,0.0,1.0
10,8,0.0,0.0,0.0,0.0,0.0,0.0,0.0,0.0,1.0
10,8,0.0,0.0,0.0,0.0,0.0,0.0,0.0,0.0,1.0
10,8,0.0,0.0,0.0,0.0,0.0,0.0,0.0,0.0,1.0
10,8,0.0,0.0,0.0,0.0,0.0,0.0,0.0,0.0,1.0
10,8,0.0,0.0,0.0,0.0,0.0,0.0,0.0,0.0,1.0
10,8,0.0,0.0,0.0,0.0,0.0,0.0,0.0,0.0,1.0
10,8,0.0,0.0,0.0,0.0,0.0,0.0,0.0,0.0,1.0
10,8,0.0,0.0,0.0,0.0,0.0,0.0,0.0,0.0,1.0
10,8,0.0,0.0,0.0,0.0,0.0,0.0,0.0,0.0,1.0
10,8,0.0,0.0,0.0,0.0,0.0,0.0,0.0,0.0,1.0
10,8,0.0,0.0,0.0,0.0,0.0,0.0,0.0,0.0,1.0
10,8,0.0,0.0,0.0,0.0,0.0,0.0,0.0,0.0,1.0
10,8,0.0,0.0,0.0,0.0,0.0,0.0,0.0,0.0,1.0
10,8,0.0,0.0,0.0,0.0,0.0,0.0,0.0,0.0,1.0
10,8,0.0,0.0,0.0,0.0,0.0,0.0,0.0,0.0,1.0
10,8,0.0,0.0,0.0,0.0,0.0,0.0,0.0,0.0,1.0
10,8,0.0,0.0,0.0,0.0,0.0,0.0,0.0,0.0,1.0
10,8,0.0,0.0,0.0,0.0,0.0,0.0,0.0,0.0,1.0
10,8,0.0,0.0,0.0,0.0,0.0,0.0,0.0,0.0,1.0
10,8,0.0,0.0,0.0,0.0,0.0,0.0,0.0,0.0,1.0
10,8,0.0,0.0,0.0,0.0,0.0,0.0,0.0,0.0,1.0
10,8,0.0,0.0,0.0,0.0,0.0,0.0,0.0,0.0,1.0
10,8,0.0,0.0,0.0,0.0,0.0,0.0,0.0,0.0,1.0
10,8,0.0,0.0,0.0,0.0,0.0,0.0,0.0,0.0,1.0
10,8,0.0,0.0,0.0,0.0,0.0,0.0,0.0,0.0,1.0
10,8,0.0,0.0,0.0,0.0,0.0,0.0,0.0,0.0,1.0
10,8,0.0,0.0,0.0,0.0,0.0,0.0,0.0,0.0,1.0
10,8,0.0,0.0,0.0,0.0,0.0,0.0,0.0,0.0,1.0
10,8,0.0,0.0,0.0,0.0,0.0,0.0,0.0,0.0,1.0
10,8,0.0,0.0,0.0,0.0,0.0,0.0,0.0,0.0,1.0
10,8,0.0,0.0,0.0,0.0,0.0,0.0,0.0,0.0,1.0
10,8,0.0,0.0,0.0,0.0,0.0,0.0,0.0,0.0,1.0
10,8,0.0,0.0,0.0,0.0,0.0,0.0,0.0,0.0,1.0
10,8,0.0,0.0,0.0,0.0,0.0,0.0,0.0,0.0,1.0
10,8,0.0,0.0,0.0,0.0,0.0,0.0,0.0,0.0,1.0
10,8,0.0,0.0,0.0,0.0,0.0,0.0,0.0,0.0,1.0
10,8,0.0,0.0,0.0,0.0,0.0,0.0,0.0,0.0,1.0
10,8,0.0,0.0,0.0,0.0,0.0,0.0,0.0,0.0,1.0
10,8,0.0,0.0,0.0,0.0,0.0,0.0,0.0,0.0,1.0
10,8,0.0,0.0,0.0,0.0,0.0,0.0,0.0,0.0,1.0
10,8,0.0,0.0,0.0,0.0,0.0,0.0,0.0,0.0,1.0
10,8,0.0,0.0,0.0,0.0,0.0,0.0,0.0,0.0,1.0
10,8,0.0,0.0,0.0,0.0,0.0,0.0,0.0,0.0,1.0
10,8,0.0,0.0,0.0,0.0,0.0,0.0,0.0,0.0,1.0
10,8,0.0,0.0,0.0,0.0,0.0,0.0,0.0,0.0,1.0
10,8,0.0,0.0,0.0,0.0,0.0,0.0,0.0,0.0,1.0
10,8,0.0,0.0,0.0,0.0,0.0,0.0,0.0,0.0,1.0
10,8,0.0,0.0,0.0,0.0,0.0,0.0,0.0,0.0,1.0
10,8,0.0,0.0,0.0,0.0,0.0,0.0,0.0,0.0,1.0
10,8,0.0,0.0,0.0,0.0,0.0,0.0,0.0,0.0,1.0
10,8,0.0,0.0,0.0,0.0,0.0,0.0,0.0,0.0,1.0
10,8,0.0,0.0,0.0,0.0,0.0,0.0,0.0,0.0,1.0
10,8,0.0,0.0,0.0,0.0,0.0,0.0,0.0,0.0,1.0
10,8,0.0,0.0,0.0,0.0,0.0,0.0,0.0,0.0,1.0
10,8,0.0,0.0,0.0,0.0,0.0,0.0,0.0,0.0,1.0
10,8,0.0,0.0,0.0,0.0,0.0,0.0,0.0,0.0,1.0
10,8,0.0,0.0,0.0,0.0,0.0,0.0,0.0,0.0,1.0
10,8,0.0,0.0,0.0,0.0,0.0,0.0,0.0,0.0,1.0
10,8,0.0,0.0,0.0,0.0,0.0,0.0,0.0,0.0,1.0
10,8,0.0,0.0,0.0,0.0,0.0,0.0,0.0,0.0,1.0
10,8,0.0,0.0,0.0,0.0,0.0,0.0,0.0,0.0,1.0
10,8,0.0,0.0,0.0,0.0,0.0,0.0,0.0,0.0,1.0
10,8,0.0,0.0,0.0,0.0,0.0,0.0,0.0,0.0,1.0
10,8,0.0,0.0,0.0,0.0,0.0,0.0,0.0,0.0,1.0
10,8,0.0,0.0,0.0,0.0,0.0,0.0,0.0,0.0,1.0
10,8,0.0,0.0,0.0,0.0,0.0,0.0,0.0,0.0,1.0
10,8,0.0,0.0,0.0,0.0,0.0,0.0,0.0,0.0,1.0
10,8,0.0,0.0,0.0,0.0,0.0,0.0,0.0,0.0,1.0
10,8,0.0,0.0,0.0,0.0,0.0,0.0,0.0,0.0,1.0
10,8,0.0,0.0,0.0,0.0,0.0,0.0,0.0,0.0,1.0
10,8,0.0,0.0,0.0,0.0,0.0,0.0,0.0,0.0,1.0
10,8,0.0,0.0,0.0,0.0,0.0,0.0,0.0,0.0,1.0
10,8,0.0,0.0,0.0,0.0,0.0,0.0,0.0,0.0,1.0
10,8,0.0,0.0,0.0,0.0,0.0,0.0,0.0,0.0,1.0
10,8,0.0,0.0,0.0,0.0,0.0,0.0,0.0,0.0,1.0
10,8,0.0,0.0,0.0,0.0,0.0,0.0,0.0,0.0,1.0
10,8,0.0,0.0,0.0,0.0,0.0,0.0,0.0,0.0,1.0
10,8,0.0,0.0,0.0,0.0,0.0,0.0,0.0,0.0,1.0
10,8,0.0,0.0,0.0,0.0,0.0,0.0,0.0,0.0,1.0
10,8,0.0,0.0,0.0,0.0,0.0,0.0,0.0,0.0,1.0
10,8,0.0,0.0,0.0,0.0,0.0,0.0,0.0,0.0,1.0
10,8,0.0,0.0,0.0,0.0,0.0,0.0,0.0,0.0,1.0
10,8,0.0,0.0,0.0,0.0,0.0,0.0,0.0,0.0,1.0
10,8,0.0,0.0,0.0,0.0,0.0,0.0,0.0,0.0,1.0
10,8,0.0,0.0,0.0,0.0,0.0,0.0,0.0,0.0,1.0
10,8,0.0,0.0,0.0,0.0,0.0,0.0,0.0,0.0,1.0
10,8,0.0,0.0,0.0,0.0,0.0,0.0,0.0,0.0,1.0
10,8,0.0,0.0,0.0,0.0,0.0,0.0,0.0,0.0,1.0
10,8,0.0,0.0,0.0,0.0,0.0,0.0,0.0,0.0,1.0
10,8,0.0,0.0,0.0,0.0,0.0,0.0,0.0,0.0,1.0
10,8,0.0,0.0,0.0,0.0,0.0,0.0,0.0,0.0,1.0
10,8,0.0,0.0,0.0,0.0,0.0,0.0,0.0,0.0,1.0
10,8,0.0,0.0,0.0,0.0,0.0,0.0,0.0,0.0,1.0
10,8,0.0,0.0,0.0,0.0,0.0,0.0,0.0,0.0,1.0
10,8,0.0,0.0,0.0,0.0,0.0,0.0,0.0,0.0,1.0
10,8,0.0,0.0,0.0,0.0,0.0,0.0,0.0,0.0,1.0
10,8,0.0,0.0,0.0,0.0,0.0,0.0,0.0,0.0,1.0
10,8,0.0,0.0,0.0,0.0,0.0,0.0,0.0,0.0,1.0
10,8,0.0,0.0,0.0,0.0,0.0,0.0,0.0,0.0,1.0
10,8,0.0,0.0,0.0,0.0,0.0,0.0,0.0,0.0,1.0
10,8,0.0,0.0,0.0,0.0,0.0,0.0,0.0,0.0,1.0
10,8,0.0,0.0,0.0,0.0,0.0,0.0,0.0,0.0,1.0
10,8,0.0,0.0,0.0,0.0,0.0,0.0,0.0,0.0,1.0
10,8,0.0,0.0,0.0,0.0,0.0,0.0,0.0,0.0,1.0
10,8,0.0,0.0,0.0,0.0,0.0,0.0,0.0,0.0,1.0
10,8,0.0,0.0,0.0,0.0,0.0,0.0,0.0,0.0,1.0
10,8,0.0,0.0,0.0,0.0,0.0,0.0,0.0,0.0,1.0
10,8,0.0,0.0,0.0,0.0,0.0,0.0,0.0,0.0,1.0
10,8,0.0,0.0,0.0,0.0,0.0,0.0,0.0,0.0,1.0
10,8,0.0,0.0,0.0,0.0,0.0,0.0,0.0,0.0,1.0
10,8,0.0,0.0,0.0,0.0,0.0,0.0,0.0,0.0,1.0
10,8,0.0,0.0,0.0,0.0,0.0,0.0,0.0,0.0,1.0
10,8,0.0,0.0,0.0,0.0,0.0,0.0,0.0,0.0,1.0
10,8,0.0,0.0,0.0,0.0,0.0,0.0,0.0,0.0,1.0
10,8,0.0,0.0,0.0,0.0,0.0,0.0,0.0,0.0,1.0
10,8,0.0,0.0,0.0,0.0,0.0,0.0,0.0,0.0,1.0
10,8,0.0,0.0,0.0,0.0,0.0,0.0,0.0,0.0,1.0
10,8,0.0,0.0,0.0,0.0,0.0,0.0,0.0,0.0,1.0
10,8,0.0,0.0,0.0,0.0,0.0,0.0,0.0,0.0,1.0
10,8,0.0,0.0,0.0,0.0,0.0,0.0,0.0,0.0,1.0
10,8,0.0,0.0,0.0,0.0,0.0,0.0,0.0,0.0,1.0
10,8,0.0,0.0,0.0,0.0,0.0,0.0,0.0,0.0,1.0
10,8,0.0,0.0,0.0,0.0,0.0,0.0,0.0,0.0,1.0
10,8,0.0,0.0,0.0,0.0,0.0,0.0,0.0,0.0,1.0
10,8,0.0,0.0,0.0,0.0,0.0,0.0,0.0,0.0,1.0
10,8,0.0,0.0,0.0,0.0,0.0,0.0,0.0,0.0,1.0
10,8,0.0,0.0,0.0,0.0,0.0,0.0,0.0,0.0,1.0
10,8,0.0,0.0,0.0,0.0,0.0,0.0,0.0,0.0,1.0
10,8,0.0,0.0,0.0,0.0,0.0,0.0,0.0,0.0,1.0
10,8,0.0,0.0,0.0,0.0,0.0,0.0,0.0,0.0,1.0
10,8,0.0,0.0,0.0,0.0,0.0,0.0,0.0,0.0,1.0
10,8,0.0,0.0,0.0,0.0,0.0,0.0,0.0,0.0,1.0
10,8,0.0,0.0,0.0,0.0,0.0,0.0,0.0,0.0,1.0
10,8,0.0,0.0,0.0,0.0,0.0,0.0,0.0,0.0,1.0
10,8,0.0,0.0,0.0,0.0,0.0,0.0,0.0,0.0,1.0
10,8,0.0,0.0,0.0,0.0,0.0,0.0,0.0,0.0,1.0
10,8,0.0,0.0,0.0,0.0,0.0,0.0,0.0,0.0,1.0
10,8,0.0,0.0,0.0,0.0,0.0,0.0,0.0,0.0,1.0
10,8,0.0,0.0,0.0,0.0,0.0,0.0,0.0,0.0,1.0
10,8,0.0,0.0,0.0,0.0,0.0,0.0,0.0,0.0,1.0
10,8,0.0,0.0,0.0,0.0,0.0,0.0,0.0,0.0,1.0
10,8,0.0,0.0,0.0,0.0,0.0,0.0,0.0,0.0,1.0
10,8,0.0,0.0,0.0,0.0,0.0,0.0,0.0,0.0,1.0
10,8,0.0,0.0,0.0,0.0,0.0,0.0,0.0,0.0,1.0
10,8,0.0,0.0,0.0,0.0,0.0,0.0,0.0,0.0,1.0
10,8,0.0,0.0,0.0,0.0,0.0,0.0,0.0,0.0,1.0
10,8,0.0,0.0,0.0,0.0,0.0,0.0,0.0,0.0,1.0
10,8,0.0,0.0,0.0,0.0,0.0,0.0,0.0,0.0,1.0
10,8,0.0,0.0,0.0,0.0,0.0,0.0,0.0,0.0,1.0
10,8,0.0,0.0,0.0,0.0,0.0,0.0,0.0,0.0,1.0
10,8,0.0,0.0,0.0,0.0,0.0,0.0,0.0,0.0,1.0
10,8,0.0,0.0,0.0,0.0,0.0,0.0,0.0,0.0,1.0
10,8,0.0,0.0,0.0,0.0,0.0,0.0,0.0,0.0,1.0
10,8,0.0,0.0,0.0,0.0,0.0,0.0,0.0,0.0,1.0
10,8,0.0,0.0,0.0,0.0,0.0,0.0,0.0,0.0,1.0
10,8,0.0,0.0,0.0,0.0,0.0,0.0,0.0,0.0,1.0
10,8,0.0,0.0,0.0,0.0,0.0,0.0,0.0,0.0,1.0
10,8,0.0,0.0,0.0,0.0,0.0,0.0,0.0,0.0,1.0
10,8,0.0,0.0,0.0,0.0,0.0,0.0,0.0,0.0,1.0
10,8,0.0,0.0,0.0,0.0,0.0,0.0,0.0,0.0,1.0
10,8,0.0,0.0,0.0,0.0,0.0,0.0,0.0,0.0,1.0
10,8,0.0,0.0,0.0,0.0,0.0,0.0,0.0,0.0,1.0
10,8,0.0,0.0,0.0,0.0,0.0,0.0,0.0,0.0,1.0
10,8,0.0,0.0,0.0,0.0,0.0,0.0,0.0,0.0,1.0
10,8,0.0,0.0,0.0,0.0,0.0,0.0,0.0,0.0,1.0
10,8,0.0,0.0,0.0,0.0,0.0,0.0,0.0,0.0,1.0
10,8,0.0,0.0,0.0,0.0,0.0,0.0,0.0,0.0,1.0
10,8,0.0,0.0,0.0,0.0,0.0,0.0,0.0,0.0,1.0
10,8,0.0,0.0,0.0,0.0,0.0,0.0,0.0,0.0,1.0
10,8,0.0,0.0,0.0,0.0,0.0,0.0,0.0,0.0,1.0
10,8,0.0,0.0,0.0,0.0,0.0,0.0,0.0,0.0,1.0
10,8,0.0,0.0,0.0,0.0,0.0,0.0,0.0,0.0,1.0
10,8,0.0,0.0,0.0,0.0,0.0,0.0,0.0,0.0,1.0
10,8,0.0,0.0,0.0,0.0,0.0,0.0,0.0,0.0,1.0
10,8,0.0,0.0,0.0,0.0,0.0,0.0,0.0,0.0,1.0
10,8,0.0,0.0,0.0,0.0,0.0,0.0,0.0,0.0,1.0
10,8,0.0,0.0,0.0,0.0,0.0,0.0,0.0,0.0,1.0
10,8,0.0,0.0,0.0,0.0,0.0,0.0,0.0,0.0,1.0
10,8,0.0,0.0,0.0,0.0,0.0,0.0,0.0,0.0,1.0
10,8,0.0,0.0,0.0,0.0,0.0,0.0,0.0,0.0,1.0
10,8,0.0,0.0,0.0,0.0,0.0,0.0,0.0,0.0,1.0
10,8,0.0,0.0,0.0,0.0,0.0,0.0,0.0,0.0,1.0
10,8,0.0,0.0,0.0,0.0,0.0,0.0,0.0,0.0,1.0
10,8,0.0,0.0,0.0,0.0,0.0,0.0,0.0,0.0,1.0
10,8,0.0,0.0,0.0,0.0,0.0,0.0,0.0,0.0,1.0
10,8,0.0,0.0,0.0,0.0,0.0,0.0,0.0,0.0,1.0
10,8,0.0,0.0,0.0,0.0,0.0,0.0,0.0,0.0,1.0
10,8,0.0,0.0,0.0,0.0,0.0,0.0,0.0,0.0,1.0
10,8,0.0,0.0,0.0,0.0,0.0,0.0,0.0,0.0,1.0
10,8,0.0,0.0,0.0,0.0,0.0,0.0,0.0,0.0,1.0
10,8,0.0,0.0,0.0,0.0,0.0,0.0,0.0,0.0,1.0
10,8,0.0,0.0,0.0,0.0,0.0,0.0,0.0,0.0,1.0
10,8,0.0,0.0,0.0,0.0,0.0,0.0,0.0,0.0,1.0
10,8,0.0,0.0,0.0,0.0,0.0,0.0,0.0,0.0,1.0
10,8,0.0,0.0,0.0,0.0,0.0,0.0,0.0,0.0,1.0
10,8,0.0,0.0,0.0,0.0,0.0,0.0,0.0,0.0,1.0
10,8,0.0,0.0,0.0,0.0,0.0,0.0,0.0,0.0,1.0
10,8,0.0,0.0,0.0,0.0,0.0,0.0,0.0,0.0,1.0
10,8,0.0,0.0,0.0,0.0,0.0,0.0,0.0,0.0,1.0
10,8,0.0,0.0,0.0,0.0,0.0,0.0,0.0,0.0,1.0
10,8,0.0,0.0,0.0,0.0,0.0,0.0,0.0,0.0,1.0
10,8,0.0,0.0,0.0,0.0,0.0,0.0,0.0,0.0,1.0
10,8,0.0,0.0,0.0,0.0,0.0,0.0,0.0,0.0,1.0
10,8,0.0,0.0,0.0,0.0,0.0,0.0,0.0,0.0,1.0
10,8,0.0,0.0,0.0,0.0,0.0,0.0,0.0,0.0,1.0
10,8,0.0,0.0,0.0,0.0,0.0,0.0,0.0,0.0,1.0
10,8,0.0,0.0,0.0,0.0,0.0,0.0,0.0,0.0,1.0
10,8,0.0,0.0,0.0,0.0,0.0,0.0,0.0,0.0,1.0
10,8,0.0,0.0,0.0,0.0,0.0,0.0,0.0,0.0,1.0
10,8,0.0,0.0,0.0,0.0,0.0,0.0,0.0,0.0,1.0
10,8,0.0,0.0,0.0,0.0,0.0,0.0,0.0,0.0,1.0
10,8,0.0,0.0,0.0,0.0,0.0,0.0,0.0,0.0,1.0
10,8,0.0,0.0,0.0,0.0,0.0,0.0,0.0,0.0,1.0
10,8,0.0,0.0,0.0,0.0,0.0,0.0,0.0,0.0,1.0
10,8,0.0,0.0,0.0,0.0,0.0,0.0,0.0,0.0,1.0
10,8,0.0,0.0,0.0,0.0,0.0,0.0,0.0,0.0,1.0
10,8,0.0,0.0,0.0,0.0,0.0,0.0,0.0,0.0,1.0
10,8,0.0,0.0,0.0,0.0,0.0,0.0,0.0,0.0,1.0
10,8,0.0,0.0,0.0,0.0,0.0,0.0,0.0,0.0,1.0
10,8,0.0,0.0,0.0,0.0,0.0,0.0,0.0,0.0,1.0
10,8,0.0,0.0,0.0,0.0,0.0,0.0,0.0,0.0,1.0
10,8,0.0,0.0,0.0,0.0,0.0,0.0,0.0,0.0,1.0
10,8,0.0,0.0,0.0,0.0,0.0,0.0,0.0,0.0,1.0
10,8,0.0,0.0,0.0,0.0,0.0,0.0,0.0,0.0,1.0
10,8,0.0,0.0,0.0,0.0,0.0,0.0,0.0,0.0,1.0
10,8,0.0,0.0,0.0,0.0,0.0,0.0,0.0,0.0,1.0
10,8,0.0,0.0,0.0,0.0,0.0,0.0,0.0,0.0,1.0
10,8,0.0,0.0,0.0,0.0,0.0,0.0,0.0,0.0,1.0
10,8,0.0,0.0,0.0,0.0,0.0,0.0,0.0,0.0,1.0
10,8,0.0,0.0,0.0,0.0,0.0,0.0,0.0,0.0,1.0
10,8,0.0,0.0,0.0,0.0,0.0,0.0,0.0,0.0,1.0
10,8,0.0,0.0,0.0,0.0,0.0,0.0,0.0,0.0,1.0
10,8,0.0,0.0,0.0,0.0,0.0,0.0,0.0,0.0,1.0
10,8,0.0,0.0,0.0,0.0,0.0,0.0,0.0,0.0,1.0
10,8,0.0,0.0,0.0,0.0,0.0,0.0,0.0,0.0,1.0
10,8,0.0,0.0,0.0,0.0,0.0,0.0,0.0,0.0,1.0
10,8,0.0,0.0,0.0,0.0,0.0,0.0,0.0,0.0,1.0
10,8,0.0,0.0,0.0,0.0,0.0,0.0,0.0,0.0,1.0
10,8,0.0,0.0,0.0,0.0,0.0,0.0,0.0,0.0,1.0
10,8,0.0,0.0,0.0,0.0,0.0,0.0,0.0,0.0,1.0
10,8,0.0,0.0,0.0,0.0,0.0,0.0,0.0,0.0,1.0
10,8,0.0,0.0,0.0,0.0,0.0,0.0,0.0,0.0,1.0
10,8,0.0,0.0,0.0,0.0,0.0,0.0,0.0,0.0,1.0
10,8,0.0,0.0,0.0,0.0,0.0,0.0,0.0,0.0,1.0
10,8,0.0,0.0,0.0,0.0,0.0,0.0,0.0,0.0,1.0
10,8,0.0,0.0,0.0,0.0,0.0,0.0,0.0,0.0,1.0
10,8,0.0,0.0,0.0,0.0,0.0,0.0,0.0,0.0,1.0
10,8,0.0,0.0,0.0,0.0,0.0,0.0,0.0,0.0,1.0
10,8,0.0,0.0,0.0,0.0,0.0,0.0,0.0,0.0,1.0
10,8,0.0,0.0,0.0,0.0,0.0,0.0,0.0,0.0,1.0
10,8,0.0,0.0,0.0,0.0,0.0,0.0,0.0,0.0,1.0
10,8,0.0,0.0,0.0,0.0,0.0,0.0,0.0,0.0,1.0
10,8,0.0,0.0,0.0,0.0,0.0,0.0,0.0,0.0,1.0
10,8,0.0,0.0,0.0,0.0,0.0,0.0,0.0,0.0,1.0
10,8,0.0,0.0,0.0,0.0,0.0,0.0,0.0,0.0,1.0
10,8,0.0,0.0,0.0,0.0,0.0,0.0,0.0,0.0,1.0
10,8,0.0,0.0,0.0,0.0,0.0,0.0,0.0,0.0,1.0
10,8,0.0,0.0,0.0,0.0,0.0,0.0,0.0,0.0,1.0
10,8,0.0,0.0,0.0,0.0,0.0,0.0,0.0,0.0,1.0
10,8,0.0,0.0,0.0,0.0,0.0,0.0,0.0,0.0,1.0
10,8,0.0,0.0,0.0,0.0,0.0,0.0,0.0,0.0,1.0
10,8,0.0,0.0,0.0,0.0,0.0,0.0,0.0,0.0,1.0
10,8,0.0,0.0,0.0,0.0,0.0,0.0,0.0,0.0,1.0
10,8,0.0,0.0,0.0,0.0,0.0,0.0,0.0,0.0,1.0
10,8,0.0,0.0,0.0,0.0,0.0,0.0,0.0,0.0,1.0
10,8,0.0,0.0,0.0,0.0,0.0,0.0,0.0,0.0,1.0
10,8,0.0,0.0,0.0,0.0,0.0,0.0,0.0,0.0,1.0
10,8,0.0,0.0,0.0,0.0,0.0,0.0,0.0,0.0,1.0
10,8,0.0,0.0,0.0,0.0,0.0,0.0,0.0,0.0,1.0
10,8,0.0,0.0,0.0,0.0,0.0,0.0,0.0,0.0,1.0
10,8,0.0,0.0,0.0,0.0,0.0,0.0,0.0,0.0,1.0
10,8,0.0,0.0,0.0,0.0,0.0,0.0,0.0,0.0,1.0
10,8,0.0,0.0,0.0,0.0,0.0,0.0,0.0,0.0,1.0
10,8,0.0,0.0,0.0,0.0,0.0,0.0,0.0,0.0,1.0
10,8,0.0,0.0,0.0,0.0,0.0,0.0,0.0,0.0,1.0
10,8,0.0,0.0,0.0,0.0,0.0,0.0,0.0,0.0,1.0
10,8,0.0,0.0,0.0,0.0,0.0,0.0,0.0,0.0,1.0
10,8,0.0,0.0,0.0,0.0,0.0,0.0,0.0,0.0,1.0
10,8,0.0,0.0,0.0,0.0,0.0,0.0,0.0,0.0,1.0
10,8,0.0,0.0,0.0,0.0,0.0,0.0,0.0,0.0,1.0
10,8,0.0,0.0,0.0,0.0,0.0,0.0,0.0,0.0,1.0
10,8,0.0,0.0,0.0,0.0,0.0,0.0,0.0,0.0,1.0
10,8,0.0,0.0,0.0,0.0,0.0,0.0,0.0,0.0,1.0
10,8,0.0,0.0,0.0,0.0,0.0,0.0,0.0,0.0,1.0
10,8,0.0,0.0,0.0,0.0,0.0,0.0,0.0,0.0,1.0
10,8,0.0,0.0,0.0,0.0,0.0,0.0,0.0,0.0,1.0
10,8,0.0,0.0,0.0,0.0,0.0,0.0,0.0,0.0,1.0
10,8,0.0,0.0,0.0,0.0,0.0,0.0,0.0,0.0,1.0
10,8,0.0,0.0,0.0,0.0,0.0,0.0,0.0,0.0,1.0
10,8,0.0,0.0,0.0,0.0,0.0,0.0,0.0,0.0,1.0
10,8,0.0,0.0,0.0,0.0,0.0,0.0,0.0,0.0,1.0
10,8,0.0,0.0,0.0,0.0,0.0,0.0,0.0,0.0,1.0
10,8,0.0,0.0,0.0,0.0,0.0,0.0,0.0,0.0,1.0
10,8,0.0,0.0,0.0,0.0,0.0,0.0,0.0,0.0,1.0
10,8,0.0,0.0,0.0,0.0,0.0,0.0,0.0,0.0,1.0
10,8,0.0,0.0,0.0,0.0,0.0,0.0,0.0,0.0,1.0
10,8,0.0,0.0,0.0,0.0,0.0,0.0,0.0,0.0,1.0
10,8,0.0,0.0,0.0,0.0,0.0,0.0,0.0,0.0,1.0
10,8,0.0,0.0,0.0,0.0,0.0,0.0,0.0,0.0,1.0
10,8,0.0,0.0,0.0,0.0,0.0,0.0,0.0,0.0,1.0
10,8,0.0,0.0,0.0,0.0,0.0,0.0,0.0,0.0,1.0
10,8,0.0,0.0,0.0,0.0,0.0,0.0,0.0,0.0,1.0
10,8,0.0,0.0,0.0,0.0,0.0,0.0,0.0,0.0,1.0
10,8,0.0,0.0,0.0,0.0,0.0,0.0,0.0,0.0,1.0
10,8,0.0,0.0,0.0,0.0,0.0,0.0,0.0,0.0,1.0
10,8,0.0,0.0,0.0,0.0,0.0,0.0,0.0,0.0,1.0
10,8,0.0,0.0,0.0,0.0,0.0,0.0,0.0,0.0,1.0
10,8,0.0,0.0,0.0,0.0,0.0,0.0,0.0,0.0,1.0
10,8,0.0,0.0,0.0,0.0,0.0,0.0,0.0,0.0,1.0
10,8,0.0,0.0,0.0,0.0,0.0,0.0,0.0,0.0,1.0
10,8,0.0,0.0,0.0,0.0,0.0,0.0,0.0,0.0,1.0
10,8,0.0,0.0,0.0,0.0,0.0,0.0,0.0,0.0,1.0
10,8,0.0,0.0,0.0,0.0,0.0,0.0,0.0,0.0,1.0
10,8,0.0,0.0,0.0,0.0,0.0,0.0,0.0,0.0,1.0
10,8,0.0,0.0,0.0,0.0,0.0,0.0,0.0,0.0,1.0
10,8,0.0,0.0,0.0,0.0,0.0,0.0,0.0,0.0,1.0
10,8,0.0,0.0,0.0,0.0,0.0,0.0,0.0,0.0,1.0
10,8,0.0,0.0,0.0,0.0,0.0,0.0,0.0,0.0,1.0
10,8,0.0,0.0,0.0,0.0,0.0,0.0,0.0,0.0,1.0
10,8,0.0,0.0,0.0,0.0,0.0,0.0,0.0,0.0,1.0
10,8,0.0,0.0,0.0,0.0,0.0,0.0,0.0,0.0,1.0
10,8,0.0,0.0,0.0,0.0,0.0,0.0,0.0,0.0,1.0
10,8,0.0,0.0,0.0,0.0,0.0,0.0,0.0,0.0,1.0
10,8,0.0,0.0,0.0,0.0,0.0,0.0,0.0,0.0,1.0
10,8,0.0,0.0,0.0,0.0,0.0,0.0,0.0,0.0,1.0
10,8,0.0,0.0,0.0,0.0,0.0,0.0,0.0,0.0,1.0
10,8,0.0,0.0,0.0,0.0,0.0,0.0,0.0,0.0,1.0
10,8,0.0,0.0,0.0,0.0,0.0,0.0,0.0,0.0,1.0
10,8,0.0,0.0,0.0,0.0,0.0,0.0,0.0,0.0,1.0
10,8,0.0,0.0,0.0,0.0,0.0,0.0,0.0,0.0,1.0
10,8,0.0,0.0,0.0,0.0,0.0,0.0,0.0,0.0,1.0
10,8,0.0,0.0,0.0,0.0,0.0,0.0,0.0,0.0,1.0
10,8,0.0,0.0,0.0,0.0,0.0,0.0,0.0,0.0,1.0
10,8,0.0,0.0,0.0,0.0,0.0,0.0,0.0,0.0,1.0
10,8,0.0,0.0,0.0,0.0,0.0,0.0,0.0,0.0,1.0
10,8,0.0,0.0,0.0,0.0,0.0,0.0,0.0,0.0,1.0
10,8,0.0,0.0,0.0,0.0,0.0,0.0,0.0,0.0,1.0
10,8,0.0,0.0,0.0,0.0,0.0,0.0,0.0,0.0,1.0
10,8,0.0,0.0,0.0,0.0,0.0,0.0,0.0,0.0,1.0
10,8,0.0,0.0,0.0,0.0,0.0,0.0,0.0,0.0,1.0
10,8,0.0,0.0,0.0,0.0,0.0,0.0,0.0,0.0,1.0
10,8,0.0,0.0,0.0,0.0,0.0,0.0,0.0,0.0,1.0
10,8,0.0,0.0,0.0,0.0,0.0,0.0,0.0,0.0,1.0
10,8,0.0,0.0,0.0,0.0,0.0,0.0,0.0,0.0,1.0
10,8,0.0,0.0,0.0,0.0,0.0,0.0,0.0,0.0,1.0
10,8,0.0,0.0,0.0,0.0,0.0,0.0,0.0,0.0,1.0
10,8,0.0,0.0,0.0,0.0,0.0,0.0,0.0,0.0,1.0
10,8,0.0,0.0,0.0,0.0,0.0,0.0,0.0,0.0,1.0
10,8,0.0,0.0,0.0,0.0,0.0,0.0,0.0,0.0,1.0
10,8,0.0,0.0,0.0,0.0,0.0,0.0,0.0,0.0,1.0
10,8,0.0,0.0,0.0,0.0,0.0,0.0,0.0,0.0,1.0
10,8,0.0,0.0,0.0,0.0,0.0,0.0,0.0,0.0,1.0
10,8,0.0,0.0,0.0,0.0,0.0,0.0,0.0,0.0,1.0
10,8,0.0,0.0,0.0,0.0,0.0,0.0,0.0,0.0,1.0
10,8,0.0,0.0,0.0,0.0,0.0,0.0,0.0,0.0,1.0
10,8,0.0,0.0,0.0,0.0,0.0,0.0,0.0,0.0,1.0
10,8,0.0,0.0,0.0,0.0,0.0,0.0,0.0,0.0,1.0
10,8,0.0,0.0,0.0,0.0,0.0,0.0,0.0,0.0,1.0
10,8,0.0,0.0,0.0,0.0,0.0,0.0,0.0,0.0,1.0
10,8,0.0,0.0,0.0,0.0,0.0,0.0,0.0,0.0,1.0
10,8,0.0,0.0,0.0,0.0,0.0,0.0,0.0,0.0,1.0
10,8,0.0,0.0,0.0,0.0,0.0,0.0,0.0,0.0,1.0
10,8,0.0,0.0,0.0,0.0,0.0,0.0,0.0,0.0,1.0
10,8,0.0,0.0,0.0,0.0,0.0,0.0,0.0,0.0,1.0
10,8,0.0,0.0,0.0,0.0,0.0,0.0,0.0,0.0,1.0
10,8,0.0,0.0,0.0,0.0,0.0,0.0,0.0,0.0,1.0
10,8,0.0,0.0,0.0,0.0,0.0,0.0,0.0,0.0,1.0
10,8,0.0,0.0,0.0,0.0,0.0,0.0,0.0,0.0,1.0
10,8,0.0,0.0,0.0,0.0,0.0,0.0,0.0,0.0,1.0
10,8,0.0,0.0,0.0,0.0,0.0,0.0,0.0,0.0,1.0
10,8,0.0,0.0,0.0,0.0,0.0,0.0,0.0,0.0,1.0
10,8,0.0,0.0,0.0,0.0,0.0,0.0,0.0,0.0,1.0
10,8,0.0,0.0,0.0,0.0,0.0,0.0,0.0,0.0,1.0
10,8,0.0,0.0,0.0,0.0,0.0,0.0,0.0,0.0,1.0
10,8,0.0,0.0,0.0,0.0,0.0,0.0,0.0,0.0,1.0
10,8,0.0,0.0,0.0,0.0,0.0,0.0,0.0,0.0,1.0
10,8,0.0,0.0,0.0,0.0,0.0,0.0,0.0,0.0,1.0
10,8,0.0,0.0,0.0,0.0,0.0,0.0,0.0,0.0,1.0
10,8,0.0,0.0,0.0,0.0,0.0,0.0,0.0,0.0,1.0
10,8,0.0,0.0,0.0,0.0,0.0,0.0,0.0,0.0,1.0
10,8,0.0,0.0,0.0,0.0,0.0,0.0,0.0,0.0,1.0
10,8,0.0,0.0,0.0,0.0,0.0,0.0,0.0,0.0,1.0
10,8,0.0,0.0,0.0,0.0,0.0,0.0,0.0,0.0,1.0
10,8,0.0,0.0,0.0,0.0,0.0,0.0,0.0,0.0,1.0
10,8,0.0,0.0,0.0,0.0,0.0,0.0,0.0,0.0,1.0
10,8,0.0,0.0,0.0,0.0,0.0,0.0,0.0,0.0,1.0
10,8,0.0,0.0,0.0,0.0,0.0,0.0,0.0,0.0,1.0
10,8,0.0,0.0,0.0,0.0,0.0,0.0,0.0,0.0,1.0
10,8,0.0,0.0,0.0,0.0,0.0,0.0,0.0,0.0,1.0
10,8,0.0,0.0,0.0,0.0,0.0,0.0,0.0,0.0,1.0
10,8,0.0,0.0,0.0,0.0,0.0,0.0,0.0,0.0,1.0
10,8,0.0,0.0,0.0,0.0,0.0,0.0,0.0,0.0,1.0
10,8,0.0,0.0,0.0,0.0,0.0,0.0,0.0,0.0,1.0
10,8,0.0,0.0,0.0,0.0,0.0,0.0,0.0,0.0,1.0
10,8,0.0,0.0,0.0,0.0,0.0,0.0,0.0,0.0,1.0
10,8,0.0,0.0,0.0,0.0,0.0,0.0,0.0,0.0,1.0
10,8,0.0,0.0,0.0,0.0,0.0,0.0,0.0,0.0,1.0
10,8,0.0,0.0,0.0,0.0,0.0,0.0,0.0,0.0,1.0
10,8,0.0,0.0,0.0,0.0,0.0,0.0,0.0,0.0,1.0
10,8,0.0,0.0,0.0,0.0,0.0,0.0,0.0,0.0,1.0
10,8,0.0,0.0,0.0,0.0,0.0,0.0,0.0,0.0,1.0
10,8,0.0,0.0,0.0,0.0,0.0,0.0,0.0,0.0,1.0
10,8,0.0,0.0,0.0,0.0,0.0,0.0,0.0,0.0,1.0
10,8,0.0,0.0,0.0,0.0,0.0,0.0,0.0,0.0,1.0
10,8,0.0,0.0,0.0,0.0,0.0,0.0,0.0,0.0,1.0
10,8,0.0,0.0,0.0,0.0,0.0,0.0,0.0,0.0,1.0
10,8,0.0,0.0,0.0,0.0,0.0,0.0,0.0,0.0,1.0
10,8,0.0,0.0,0.0,0.0,0.0,0.0,0.0,0.0,1.0
10,8,0.0,0.0,0.0,0.0,0.0,0.0,0.0,0.0,1.0
10,8,0.0,0.0,0.0,0.0,0.0,0.0,0.0,0.0,1.0
10,8,0.0,0.0,0.0,0.0,0.0,0.0,0.0,0.0,1.0
10,8,0.0,0.0,0.0,0.0,0.0,0.0,0.0,0.0,1.0
10,8,0.0,0.0,0.0,0.0,0.0,0.0,0.0,0.0,1.0
10,8,0.0,0.0,0.0,0.0,0.0,0.0,0.0,0.0,1.0
10,8,0.0,0.0,0.0,0.0,0.0,0.0,0.0,0.0,1.0
10,8,0.0,0.0,0.0,0.0,0.0,0.0,0.0,0.0,1.0
10,8,0.0,0.0,0.0,0.0,0.0,0.0,0.0,0.0,1.0
10,8,0.0,0.0,0.0,0.0,0.0,0.0,0.0,0.0,1.0
10,8,0.0,0.0,0.0,0.0,0.0,0.0,0.0,0.0,1.0
10,8,0.0,0.0,0.0,0.0,0.0,0.0,0.0,0.0,1.0
10,8,0.0,0.0,0.0,0.0,0.0,0.0,0.0,0.0,1.0
10,8,0.0,0.0,0.0,0.0,0.0,0.0,0.0,0.0,1.0
10,8,0.0,0.0,0.0,0.0,0.0,0.0,0.0,0.0,1.0
10,8,0.0,0.0,0.0,0.0,0.0,0.0,0.0,0.0,1.0
10,8,0.0,0.0,0.0,0.0,0.0,0.0,0.0,0.0,1.0
10,8,0.0,0.0,0.0,0.0,0.0,0.0,0.0,0.0,1.0
10,8,0.0,0.0,0.0,0.0,0.0,0.0,0.0,0.0,1.0
10,8,0.0,0.0,0.0,0.0,0.0,0.0,0.0,0.0,1.0
10,8,0.0,0.0,0.0,0.0,0.0,0.0,0.0,0.0,1.0
10,8,0.0,0.0,0.0,0.0,0.0,0.0,0.0,0.0,1.0
10,8,0.0,0.0,0.0,0.0,0.0,0.0,0.0,0.0,1.0
10,8,0.0,0.0,0.0,0.0,0.0,0.0,0.0,0.0,1.0
10,8,0.0,0.0,0.0,0.0,0.0,0.0,0.0,0.0,1.0
10,8,0.0,0.0,0.0,0.0,0.0,0.0,0.0,0.0,1.0
10,8,0.0,0.0,0.0,0.0,0.0,0.0,0.0,0.0,1.0
10,8,0.0,0.0,0.0,0.0,0.0,0.0,0.0,0.0,1.0
10,8,0.0,0.0,0.0,0.0,0.0,0.0,0.0,0.0,1.0
10,8,0.0,0.0,0.0,0.0,0.0,0.0,0.0,0.0,1.0
10,8,0.0,0.0,0.0,0.0,0.0,0.0,0.0,0.0,1.0
10,8,0.0,0.0,0.0,0.0,0.0,0.0,0.0,0.0,1.0
10,8,0.0,0.0,0.0,0.0,0.0,0.0,0.0,0.0,1.0
10,8,0.0,0.0,0.0,0.0,0.0,0.0,0.0,0.0,1.0
10,8,0.0,0.0,0.0,0.0,0.0,0.0,0.0,0.0,1.0
10,8,0.0,0.0,0.0,0.0,0.0,0.0,0.0,0.0,1.0
10,8,0.0,0.0,0.0,0.0,0.0,0.0,0.0,0.0,1.0
10,8,0.0,0.0,0.0,0.0,0.0,0.0,0.0,0.0,1.0
10,8,0.0,0.0,0.0,0.0,0.0,0.0,0.0,0.0,1.0
10,8,0.0,0.0,0.0,0.0,0.0,0.0,0.0,0.0,1.0
10,8,0.0,0.0,0.0,0.0,0.0,0.0,0.0,0.0,1.0
10,8,0.0,0.0,0.0,0.0,0.0,0.0,0.0,0.0,1.0
10,8,0.0,0.0,0.0,0.0,0.0,0.0,0.0,0.0,1.0
10,8,0.0,0.0,0.0,0.0,0.0,0.0,0.0,0.0,1.0
10,8,0.0,0.0,0.0,0.0,0.0,0.0,0.0,0.0,1.0
10,8,0.0,0.0,0.0,0.0,0.0,0.0,0.0,0.0,1.0
10,8,0.0,0.0,0.0,0.0,0.0,0.0,0.0,0.0,1.0
10,8,0.0,0.0,0.0,0.0,0.0,0.0,0.0,0.0,1.0
10,8,0.0,0.0,0.0,0.0,0.0,0.0,0.0,0.0,1.0
10,8,0.0,0.0,0.0,0.0,0.0,0.0,0.0,0.0,1.0
10,8,0.0,0.0,0.0,0.0,0.0,0.0,0.0,0.0,1.0
10,8,0.0,0.0,0.0,0.0,0.0,0.0,0.0,0.0,1.0
10,8,0.0,0.0,0.0,0.0,0.0,0.0,0.0,0.0,1.0
10,8,0.0,0.0,0.0,0.0,0.0,0.0,0.0,0.0,1.0
10,8,0.0,0.0,0.0,0.0,0.0,0.0,0.0,0.0,1.0
10,8,0.0,0.0,0.0,0.0,0.0,0.0,0.0,0.0,1.0
10,8,0.0,0.0,0.0,0.0,0.0,0.0,0.0,0.0,1.0
10,8,0.0,0.0,0.0,0.0,0.0,0.0,0.0,0.0,1.0
10,8,0.0,0.0,0.0,0.0,0.0,0.0,0.0,0.0,1.0
10,8,0.0,0.0,0.0,0.0,0.0,0.0,0.0,0.0,1.0
10,8,0.0,0.0,0.0,0.0,0.0,0.0,0.0,0.0,1.0
10,8,0.0,0.0,0.0,0.0,0.0,0.0,0.0,0.0,1.0
10,8,0.0,0.0,0.0,0.0,0.0,0.0,0.0,0.0,1.0
10,8,0.0,0.0,0.0,0.0,0.0,0.0,0.0,0.0,1.0
10,8,0.0,0.0,0.0,0.0,0.0,0.0,0.0,0.0,1.0
10,8,0.0,0.0,0.0,0.0,0.0,0.0,0.0,0.0,1.0
10,8,0.0,0.0,0.0,0.0,0.0,0.0,0.0,0.0,1.0
10,8,0.0,0.0,0.0,0.0,0.0,0.0,0.0,0.0,1.0
10,8,0.0,0.0,0.0,0.0,0.0,0.0,0.0,0.0,1.0
10,8,0.0,0.0,0.0,0.0,0.0,0.0,0.0,0.0,1.0
10,8,0.0,0.0,0.0,0.0,0.0,0.0,0.0,0.0,1.0
10,8,0.0,0.0,0.0,0.0,0.0,0.0,0.0,0.0,1.0
10,8,0.0,0.0,0.0,0.0,0.0,0.0,0.0,0.0,1.0
10,8,0.0,0.0,0.0,0.0,0.0,0.0,0.0,0.0,1.0
10,8,0.0,0.0,0.0,0.0,0.0,0.0,0.0,0.0,1.0
10,8,0.0,0.0,0.0,0.0,0.0,0.0,0.0,0.0,1.0
10,8,0.0,0.0,0.0,0.0,0.0,0.0,0.0,0.0,1.0
10,8,0.0,0.0,0.0,0.0,0.0,0.0,0.0,0.0,1.0
10,8,0.0,0.0,0.0,0.0,0.0,0.0,0.0,0.0,1.0
10,8,0.0,0.0,0.0,0.0,0.0,0.0,0.0,0.0,1.0
10,8,0.0,0.0,0.0,0.0,0.0,0.0,0.0,0.0,1.0
10,8,0.0,0.0,0.0,0.0,0.0,0.0,0.0,0.0,1.0
10,8,0.0,0.0,0.0,0.0,0.0,0.0,0.0,0.0,1.0
10,8,0.0,0.0,0.0,0.0,0.0,0.0,0.0,0.0,1.0
10,8,0.0,0.0,0.0,0.0,0.0,0.0,0.0,0.0,1.0
10,8,0.0,0.0,0.0,0.0,0.0,0.0,0.0,0.0,1.0
10,8,0.0,0.0,0.0,0.0,0.0,0.0,0.0,0.0,1.0
10,8,0.0,0.0,0.0,0.0,0.0,0.0,0.0,0.0,1.0
10,8,0.0,0.0,0.0,0.0,0.0,0.0,0.0,0.0,1.0
10,8,0.0,0.0,0.0,0.0,0.0,0.0,0.0,0.0,1.0
10,8,0.0,0.0,0.0,0.0,0.0,0.0,0.0,0.0,1.0
10,8,0.0,0.0,0.0,0.0,0.0,0.0,0.0,0.0,1.0
10,8,0.0,0.0,0.0,0.0,0.0,0.0,0.0,0.0,1.0
10,8,0.0,0.0,0.0,0.0,0.0,0.0,0.0,0.0,1.0
10,8,0.0,0.0,0.0,0.0,0.0,0.0,0.0,0.0,1.0
10,8,0.0,0.0,0.0,0.0,0.0,0.0,0.0,0.0,1.0
10,8,0.0,0.0,0.0,0.0,0.0,0.0,0.0,0.0,1.0
10,8,0.0,0.0,0.0,0.0,0.0,0.0,0.0,0.0,1.0
10,8,0.0,0.0,0.0,0.0,0.0,0.0,0.0,0.0,1.0
10,8,0.0,0.0,0.0,0.0,0.0,0.0,0.0,0.0,1.0
10,8,0.0,0.0,0.0,0.0,0.0,0.0,0.0,0.0,1.0
10,8,0.0,0.0,0.0,0.0,0.0,0.0,0.0,0.0,1.0
10,8,0.0,0.0,0.0,0.0,0.0,0.0,0.0,0.0,1.0
10,8,0.0,0.0,0.0,0.0,0.0,0.0,0.0,0.0,1.0
10,8,0.0,0.0,0.0,0.0,0.0,0.0,0.0,0.0,1.0
10,8,0.0,0.0,0.0,0.0,0.0,0.0,0.0,0.0,1.0
10,8,0.0,0.0,0.0,0.0,0.0,0.0,0.0,0.0,1.0
10,8,0.0,0.0,0.0,0.0,0.0,0.0,0.0,0.0,1.0
10,8,0.0,0.0,0.0,0.0,0.0,0.0,0.0,0.0,1.0
10,8,0.0,0.0,0.0,0.0,0.0,0.0,0.0,0.0,1.0
10,8,0.0,0.0,0.0,0.0,0.0,0.0,0.0,0.0,1.0
10,8,0.0,0.0,0.0,0.0,0.0,0.0,0.0,0.0,1.0
10,8,0.0,0.0,0.0,0.0,0.0,0.0,0.0,0.0,1.0
10,8,0.0,0.0,0.0,0.0,0.0,0.0,0.0,0.0,1.0
10,8,0.0,0.0,0.0,0.0,0.0,0.0,0.0,0.0,1.0
10,8,0.0,0.0,0.0,0.0,0.0,0.0,0.0,0.0,1.0
10,8,0.0,0.0,0.0,0.0,0.0,0.0,0.0,0.0,1.0
10,8,0.0,0.0,0.0,0.0,0.0,0.0,0.0,0.0,1.0
10,8,0.0,0.0,0.0,0.0,0.0,0.0,0.0,0.0,1.0
10,8,0.0,0.0,0.0,0.0,0.0,0.0,0.0,0.0,1.0
10,8,0.0,0.0,0.0,0.0,0.0,0.0,0.0,0.0,1.0
10,8,0.0,0.0,0.0,0.0,0.0,0.0,0.0,0.0,1.0
10,8,0.0,0.0,0.0,0.0,0.0,0.0,0.0,0.0,1.0
10,8,0.0,0.0,0.0,0.0,0.0,0.0,0.0,0.0,1.0
10,8,0.0,0.0,0.0,0.0,0.0,0.0,0.0,0.0,1.0
10,8,0.0,0.0,0.0,0.0,0.0,0.0,0.0,0.0,1.0
10,8,0.0,0.0,0.0,0.0,0.0,0.0,0.0,0.0,1.0
10,8,0.0,0.0,0.0,0.0,0.0,0.0,0.0,0.0,1.0
10,8,0.0,0.0,0.0,0.0,0.0,0.0,0.0,0.0,1.0
10,8,0.0,0.0,0.0,0.0,0.0,0.0,0.0,0.0,1.0
10,8,0.0,0.0,0.0,0.0,0.0,0.0,0.0,0.0,1.0
10,8,0.0,0.0,0.0,0.0,0.0,0.0,0.0,0.0,1.0
10,8,0.0,0.0,0.0,0.0,0.0,0.0,0.0,0.0,1.0
10,8,0.0,0.0,0.0,0.0,0.0,0.0,0.0,0.0,1.0
10,8,0.0,0.0,0.0,0.0,0.0,0.0,0.0,0.0,1.0
10,8,0.0,0.0,0.0,0.0,0.0,0.0,0.0,0.0,1.0
10,8,0.0,0.0,0.0,0.0,0.0,0.0,0.0,0.0,1.0
10,8,0.0,0.0,0.0,0.0,0.0,0.0,0.0,0.0,1.0
10,8,0.0,0.0,0.0,0.0,0.0,0.0,0.0,0.0,1.0
10,8,0.0,0.0,0.0,0.0,0.0,0.0,0.0,0.0,1.0
10,8,0.0,0.0,0.0,0.0,0.0,0.0,0.0,0.0,1.0
10,8,0.0,0.0,0.0,0.0,0.0,0.0,0.0,0.0,1.0
10,8,0.0,0.0,0.0,0.0,0.0,0.0,0.0,0.0,1.0
10,8,0.0,0.0,0.0,0.0,0.0,0.0,0.0,0.0,1.0
10,8,0.0,0.0,0.0,0.0,0.0,0.0,0.0,0.0,1.0
10,8,0.0,0.0,0.0,0.0,0.0,0.0,0.0,0.0,1.0
10,8,0.0,0.0,0.0,0.0,0.0,0.0,0.0,0.0,1.0
10,8,0.0,0.0,0.0,0.0,0.0,0.0,0.0,0.0,1.0
10,8,0.0,0.0,0.0,0.0,0.0,0.0,0.0,0.0,1.0
10,8,0.0,0.0,0.0,0.0,0.0,0.0,0.0,0.0,1.0
10,8,0.0,0.0,0.0,0.0,0.0,0.0,0.0,0.0,1.0
10,8,0.0,0.0,0.0,0.0,0.0,0.0,0.0,0.0,1.0
10,8,0.0,0.0,0.0,0.0,0.0,0.0,0.0,0.0,1.0
10,8,0.0,0.0,0.0,0.0,0.0,0.0,0.0,0.0,1.0
10,8,0.0,0.0,0.0,0.0,0.0,0.0,0.0,0.0,1.0
10,8,0.0,0.0,0.0,0.0,0.0,0.0,0.0,0.0,1.0
10,8,0.0,0.0,0.0,0.0,0.0,0.0,0.0,0.0,1.0
10,8,0.0,0.0,0.0,0.0,0.0,0.0,0.0,0.0,1.0
10,8,0.0,0.0,0.0,0.0,0.0,0.0,0.0,0.0,1.0
10,8,0.0,0.0,0.0,0.0,0.0,0.0,0.0,0.0,1.0
10,8,0.0,0.0,0.0,0.0,0.0,0.0,0.0,0.0,1.0
10,8,0.0,0.0,0.0,0.0,0.0,0.0,0.0,0.0,1.0
10,8,0.0,0.0,0.0,0.0,0.0,0.0,0.0,0.0,1.0
10,8,0.0,0.0,0.0,0.0,0.0,0.0,0.0,0.0,1.0
10,8,0.0,0.0,0.0,0.0,0.0,0.0,0.0,0.0,1.0
10,8,0.0,0.0,0.0,0.0,0.0,0.0,0.0,0.0,1.0
10,8,0.0,0.0,0.0,0.0,0.0,0.0,0.0,0.0,1.0
10,8,0.0,0.0,0.0,0.0,0.0,0.0,0.0,0.0,1.0
10,8,0.0,0.0,0.0,0.0,0.0,0.0,0.0,0.0,1.0
10,8,0.0,0.0,0.0,0.0,0.0,0.0,0.0,0.0,1.0
10,8,0.0,0.0,0.0,0.0,0.0,0.0,0.0,0.0,1.0
10,8,0.0,0.0,0.0,0.0,0.0,0.0,0.0,0.0,1.0
10,8,0.0,0.0,0.0,0.0,0.0,0.0,0.0,0.0,1.0
10,8,0.0,0.0,0.0,0.0,0.0,0.0,0.0,0.0,1.0
10,8,0.0,0.0,0.0,0.0,0.0,0.0,0.0,0.0,1.0
10,8,0.0,0.0,0.0,0.0,0.0,0.0,0.0,0.0,1.0
10,8,0.0,0.0,0.0,0.0,0.0,0.0,0.0,0.0,1.0
10,8,0.0,0.0,0.0,0.0,0.0,0.0,0.0,0.0,1.0
10,8,0.0,0.0,0.0,0.0,0.0,0.0,0.0,0.0,1.0
10,8,0.0,0.0,0.0,0.0,0.0,0.0,0.0,0.0,1.0
10,8,0.0,0.0,0.0,0.0,0.0,0.0,0.0,0.0,1.0
10,8,0.0,0.0,0.0,0.0,0.0,0.0,0.0,0.0,1.0
10,8,0.0,0.0,0.0,0.0,0.0,0.0,0.0,0.0,1.0
10,8,0.0,0.0,0.0,0.0,0.0,0.0,0.0,0.0,1.0
10,8,0.0,0.0,0.0,0.0,0.0,0.0,0.0,0.0,1.0
10,8,0.0,0.0,0.0,0.0,0.0,0.0,0.0,0.0,1.0
10,8,0.0,0.0,0.0,0.0,0.0,0.0,0.0,0.0,1.0
10,8,0.0,0.0,0.0,0.0,0.0,0.0,0.0,0.0,1.0
10,8,0.0,0.0,0.0,0.0,0.0,0.0,0.0,0.0,1.0
10,8,0.0,0.0,0.0,0.0,0.0,0.0,0.0,0.0,1.0
10,8,0.0,0.0,0.0,0.0,0.0,0.0,0.0,0.0,1.0
10,8,0.0,0.0,0.0,0.0,0.0,0.0,0.0,0.0,1.0
10,8,0.0,0.0,0.0,0.0,0.0,0.0,0.0,0.0,1.0
10,8,0.0,0.0,0.0,0.0,0.0,0.0,0.0,0.0,1.0
10,8,0.0,0.0,0.0,0.0,0.0,0.0,0.0,0.0,1.0
10,8,0.0,0.0,0.0,0.0,0.0,0.0,0.0,0.0,1.0
10,8,0.0,0.0,0.0,0.0,0.0,0.0,0.0,0.0,1.0
10,8,0.0,0.0,0.0,0.0,0.0,0.0,0.0,0.0,1.0
10,8,0.0,0.0,0.0,0.0,0.0,0.0,0.0,0.0,1.0
10,8,0.0,0.0,0.0,0.0,0.0,0.0,0.0,0.0,1.0
10,8,0.0,0.0,0.0,0.0,0.0,0.0,0.0,0.0,1.0
10,8,0.0,0.0,0.0,0.0,0.0,0.0,0.0,0.0,1.0
10,8,0.0,0.0,0.0,0.0,0.0,0.0,0.0,0.0,1.0
10,8,0.0,0.0,0.0,0.0,0.0,0.0,0.0,0.0,1.0
10,8,0.0,0.0,0.0,0.0,0.0,0.0,0.0,0.0,1.0
10,8,0.0,0.0,0.0,0.0,0.0,0.0,0.0,0.0,1.0
10,8,0.0,0.0,0.0,0.0,0.0,0.0,0.0,0.0,1.0
10,8,0.0,0.0,0.0,0.0,0.0,0.0,0.0,0.0,1.0
10,8,0.0,0.0,0.0,0.0,0.0,0.0,0.0,0.0,1.0
10,8,0.0,0.0,0.0,0.0,0.0,0.0,0.0,0.0,1.0
10,8,0.0,0.0,0.0,0.0,0.0,0.0,0.0,0.0,1.0
10,8,0.0,0.0,0.0,0.0,0.0,0.0,0.0,0.0,1.0
10,8,0.0,0.0,0.0,0.0,0.0,0.0,0.0,0.0,1.0
10,8,0.0,0.0,0.0,0.0,0.0,0.0,0.0,0.0,1.0
10,8,0.0,0.0,0.0,0.0,0.0,0.0,0.0,0.0,1.0
10,8,0.0,0.0,0.0,0.0,0.0,0.0,0.0,0.0,1.0
10,8,0.0,0.0,0.0,0.0,0.0,0.0,0.0,0.0,1.0
10,8,0.0,0.0,0.0,0.0,0.0,0.0,0.0,0.0,1.0
10,8,0.0,0.0,0.0,0.0,0.0,0.0,0.0,0.0,1.0
10,8,0.0,0.0,0.0,0.0,0.0,0.0,0.0,0.0,1.0
10,8,0.0,0.0,0.0,0.0,0.0,0.0,0.0,0.0,1.0
10,8,0.0,0.0,0.0,0.0,0.0,0.0,0.0,0.0,1.0
10,8,0.0,0.0,0.0,0.0,0.0,0.0,0.0,0.0,1.0
10,8,0.0,0.0,0.0,0.0,0.0,0.0,0.0,0.0,1.0
10,8,0.0,0.0,0.0,0.0,0.0,0.0,0.0,0.0,1.0
10,8,0.0,0.0,0.0,0.0,0.0,0.0,0.0,0.0,1.0
10,8,0.0,0.0,0.0,0.0,0.0,0.0,0.0,0.0,1.0
10,8,0.0,0.0,0.0,0.0,0.0,0.0,0.0,0.0,1.0
10,8,0.0,0.0,0.0,0.0,0.0,0.0,0.0,0.0,1.0
10,8,0.0,0.0,0.0,0.0,0.0,0.0,0.0,0.0,1.0
10,8,0.0,0.0,0.0,0.0,0.0,0.0,0.0,0.0,1.0
10,8,0.0,0.0,0.0,0.0,0.0,0.0,0.0,0.0,1.0
10,8,0.0,0.0,0.0,0.0,0.0,0.0,0.0,0.0,1.0
10,8,0.0,0.0,0.0,0.0,0.0,0.0,0.0,0.0,1.0
10,8,0.0,0.0,0.0,0.0,0.0,0.0,0.0,0.0,1.0
10,8,0.0,0.0,0.0,0.0,0.0,0.0,0.0,0.0,1.0
10,8,0.0,0.0,0.0,0.0,0.0,0.0,0.0,0.0,1.0
10,8,0.0,0.0,0.0,0.0,0.0,0.0,0.0,0.0,1.0
10,8,0.0,0.0,0.0,0.0,0.0,0.0,0.0,0.0,1.0
10,8,0.0,0.0,0.0,0.0,0.0,0.0,0.0,0.0,1.0
10,8,0.0,0.0,0.0,0.0,0.0,0.0,0.0,0.0,1.0
10,8,0.0,0.0,0.0,0.0,0.0,0.0,0.0,0.0,1.0
10,8,0.0,0.0,0.0,0.0,0.0,0.0,0.0,0.0,1.0
10,8,0.0,0.0,0.0,0.0,0.0,0.0,0.0,0.0,1.0
10,8,0.0,0.0,0.0,0.0,0.0,0.0,0.0,0.0,1.0
10,8,0.0,0.0,0.0,0.0,0.0,0.0,0.0,0.0,1.0
10,8,0.0,0.0,0.0,0.0,0.0,0.0,0.0,0.0,1.0
10,8,0.0,0.0,0.0,0.0,0.0,0.0,0.0,0.0,1.0
10,8,0.0,0.0,0.0,0.0,0.0,0.0,0.0,0.0,1.0
10,8,0.0,0.0,0.0,0.0,0.0,0.0,0.0,0.0,1.0
10,8,0.0,0.0,0.0,0.0,0.0,0.0,0.0,0.0,1.0
10,8,0.0,0.0,0.0,0.0,0.0,0.0,0.0,0.0,1.0
10,8,0.0,0.0,0.0,0.0,0.0,0.0,0.0,0.0,1.0
10,8,0.0,0.0,0.0,0.0,0.0,0.0,0.0,0.0,1.0
10,8,0.0,0.0,0.0,0.0,0.0,0.0,0.0,0.0,1.0
10,8,0.0,0.0,0.0,0.0,0.0,0.0,0.0,0.0,1.0
10,8,0.0,0.0,0.0,0.0,0.0,0.0,0.0,0.0,1.0
10,8,0.0,0.0,0.0,0.0,0.0,0.0,0.0,0.0,1.0
10,8,0.0,0.0,0.0,0.0,0.0,0.0,0.0,0.0,1.0
10,8,0.0,0.0,0.0,0.0,0.0,0.0,0.0,0.0,1.0
10,8,0.0,0.0,0.0,0.0,0.0,0.0,0.0,0.0,1.0
10,8,0.0,0.0,0.0,0.0,0.0,0.0,0.0,0.0,1.0
10,8,0.0,0.0,0.0,0.0,0.0,0.0,0.0,0.0,1.0
10,8,0.0,0.0,0.0,0.0,0.0,0.0,0.0,0.0,1.0
10,8,0.0,0.0,0.0,0.0,0.0,0.0,0.0,0.0,1.0
10,8,0.0,0.0,0.0,0.0,0.0,0.0,0.0,0.0,1.0
10,8,0.0,0.0,0.0,0.0,0.0,0.0,0.0,0.0,1.0
10,8,0.0,0.0,0.0,0.0,0.0,0.0,0.0,0.0,1.0
10,8,0.0,0.0,0.0,0.0,0.0,0.0,0.0,0.0,1.0
10,8,0.0,0.0,0.0,0.0,0.0,0.0,0.0,0.0,1.0
10,8,0.0,0.0,0.0,0.0,0.0,0.0,0.0,0.0,1.0
10,8,0.0,0.0,0.0,0.0,0.0,0.0,0.0,0.0,1.0
10,8,0.0,0.0,0.0,0.0,0.0,0.0,0.0,0.0,1.0
10,8,0.0,0.0,0.0,0.0,0.0,0.0,0.0,0.0,1.0
10,8,0.0,0.0,0.0,0.0,0.0,0.0,0.0,0.0,1.0
10,8,0.0,0.0,0.0,0.0,0.0,0.0,0.0,0.0,1.0
10,8,0.0,0.0,0.0,0.0,0.0,0.0,0.0,0.0,1.0
10,8,0.0,0.0,0.0,0.0,0.0,0.0,0.0,0.0,1.0
10,8,0.0,0.0,0.0,0.0,0.0,0.0,0.0,0.0,1.0
10,8,0.0,0.0,0.0,0.0,0.0,0.0,0.0,0.0,1.0
10,8,0.0,0.0,0.0,0.0,0.0,0.0,0.0,0.0,1.0
10,8,0.0,0.0,0.0,0.0,0.0,0.0,0.0,0.0,1.0
10,8,0.0,0.0,0.0,0.0,0.0,0.0,0.0,0.0,1.0
10,8,0.0,0.0,0.0,0.0,0.0,0.0,0.0,0.0,1.0
10,8,0.0,0.0,0.0,0.0,0.0,0.0,0.0,0.0,1.0
10,8,0.0,0.0,0.0,0.0,0.0,0.0,0.0,0.0,1.0
10,8,0.0,0.0,0.0,0.0,0.0,0.0,0.0,0.0,1.0
10,8,0.0,0.0,0.0,0.0,0.0,0.0,0.0,0.0,1.0
10,8,0.0,0.0,0.0,0.0,0.0,0.0,0.0,0.0,1.0
10,8,0.0,0.0,0.0,0.0,0.0,0.0,0.0,0.0,1.0
10,8,0.0,0.0,0.0,0.0,0.0,0.0,0.0,0.0,1.0
10,8,0.0,0.0,0.0,0.0,0.0,0.0,0.0,0.0,1.0
10,8,0.0,0.0,0.0,0.0,0.0,0.0,0.0,0.0,1.0
10,8,0.0,0.0,0.0,0.0,0.0,0.0,0.0,0.0,1.0
10,8,0.0,0.0,0.0,0.0,0.0,0.0,0.0,0.0,1.0
10,8,0.0,0.0,0.0,0.0,0.0,0.0,0.0,0.0,1.0
10,8,0.0,0.0,0.0,0.0,0.0,0.0,0.0,0.0,1.0
10,8,0.0,0.0,0.0,0.0,0.0,0.0,0.0,0.0,1.0
10,8,0.0,0.0,0.0,0.0,0.0,0.0,0.0,0.0,1.0
10,8,0.0,0.0,0.0,0.0,0.0,0.0,0.0,0.0,1.0
10,8,0.0,0.0,0.0,0.0,0.0,0.0,0.0,0.0,1.0
10,8,0.0,0.0,0.0,0.0,0.0,0.0,0.0,0.0,1.0
10,8,0.0,0.0,0.0,0.0,0.0,0.0,0.0,0.0,1.0
10,8,0.0,0.0,0.0,0.0,0.0,0.0,0.0,0.0,1.0
10,8,0.0,0.0,0.0,0.0,0.0,0.0,0.0,0.0,1.0
10,8,0.0,0.0,0.0,0.0,0.0,0.0,0.0,0.0,1.0
10,8,0.0,0.0,0.0,0.0,0.0,0.0,0.0,0.0,1.0
10,8,0.0,0.0,0.0,0.0,0.0,0.0,0.0,0.0,1.0
10,8,0.0,0.0,0.0,0.0,0.0,0.0,0.0,0.0,1.0
10,8,0.0,0.0,0.0,0.0,0.0,0.0,0.0,0.0,1.0
10,8,0.0,0.0,0.0,0.0,0.0,0.0,0.0,0.0,1.0
10,8,0.0,0.0,0.0,0.0,0.0,0.0,0.0,0.0,1.0
10,8,0.0,0.0,0.0,0.0,0.0,0.0,0.0,0.0,1.0
10,8,0.0,0.0,0.0,0.0,0.0,0.0,0.0,0.0,1.0
10,8,0.0,0.0,0.0,0.0,0.0,0.0,0.0,0.0,1.0
10,8,0.0,0.0,0.0,0.0,0.0,0.0,0.0,0.0,1.0
10,8,0.0,0.0,0.0,0.0,0.0,0.0,0.0,0.0,1.0
10,8,0.0,0.0,0.0,0.0,0.0,0.0,0.0,0.0,1.0
10,8,0.0,0.0,0.0,0.0,0.0,0.0,0.0,0.0,1.0
10,8,0.0,0.0,0.0,0.0,0.0,0.0,0.0,0.0,1.0
10,8,0.0,0.0,0.0,0.0,0.0,0.0,0.0,0.0,1.0
10,8,0.0,0.0,0.0,0.0,0.0,0.0,0.0,0.0,1.0
10,8,0.0,0.0,0.0,0.0,0.0,0.0,0.0,0.0,1.0
10,8,0.0,0.0,0.0,0.0,0.0,0.0,0.0,0.0,1.0
10,8,0.0,0.0,0.0,0.0,0.0,0.0,0.0,0.0,1.0
10,8,0.0,0.0,0.0,0.0,0.0,0.0,0.0,0.0,1.0
10,8,0.0,0.0,0.0,0.0,0.0,0.0,0.0,0.0,1.0
10,8,0.0,0.0,0.0,0.0,0.0,0.0,0.0,0.0,1.0
10,8,0.0,0.0,0.0,0.0,0.0,0.0,0.0,0.0,1.0
10,8,0.0,0.0,0.0,0.0,0.0,0.0,0.0,0.0,1.0
10,8,0.0,0.0,0.0,0.0,0.0,0.0,0.0,0.0,1.0
10,8,0.0,0.0,0.0,0.0,0.0,0.0,0.0,0.0,1.0
10,8,0.0,0.0,0.0,0.0,0.0,0.0,0.0,0.0,1.0
10,8,0.0,0.0,0.0,0.0,0.0,0.0,0.0,0.0,1.0
10,8,0.0,0.0,0.0,0.0,0.0,0.0,0.0,0.0,1.0
10,8,0.0,0.0,0.0,0.0,0.0,0.0,0.0,0.0,1.0
10,8,0.0,0.0,0.0,0.0,0.0,0.0,0.0,0.0,1.0
10,8,0.0,0.0,0.0,0.0,0.0,0.0,0.0,0.0,1.0
10,8,0.0,0.0,0.0,0.0,0.0,0.0,0.0,0.0,1.0
10,8,0.0,0.0,0.0,0.0,0.0,0.0,0.0,0.0,1.0
10,8,0.0,0.0,0.0,0.0,0.0,0.0,0.0,0.0,1.0
10,8,0.0,0.0,0.0,0.0,0.0,0.0,0.0,0.0,1.0
10,8,0.0,0.0,0.0,0.0,0.0,0.0,0.0,0.0,1.0
10,8,0.0,0.0,0.0,0.0,0.0,0.0,0.0,0.0,1.0
10,8,0.0,0.0,0.0,0.0,0.0,0.0,0.0,0.0,1.0
10,8,0.0,0.0,0.0,0.0,0.0,0.0,0.0,0.0,1.0
10,8,0.0,0.0,0.0,0.0,0.0,0.0,0.0,0.0,1.0
10,8,0.0,0.0,0.0,0.0,0.0,0.0,0.0,0.0,1.0
10,8,0.0,0.0,0.0,0.0,0.0,0.0,0.0,0.0,1.0
10,8,0.0,0.0,0.0,0.0,0.0,0.0,0.0,0.0,1.0
10,8,0.0,0.0,0.0,0.0,0.0,0.0,0.0,0.0,1.0
10,8,0.0,0.0,0.0,0.0,0.0,0.0,0.0,0.0,1.0
10,8,0.0,0.0,0.0,0.0,0.0,0.0,0.0,0.0,1.0
10,8,0.0,0.0,0.0,0.0,0.0,0.0,0.0,0.0,1.0
10,8,0.0,0.0,0.0,0.0,0.0,0.0,0.0,0.0,1.0
10,8,0.0,0.0,0.0,0.0,0.0,0.0,0.0,0.0,1.0
10,8,0.0,0.0,0.0,0.0,0.0,0.0,0.0,0.0,1.0
10,8,0.0,0.0,0.0,0.0,0.0,0.0,0.0,0.0,1.0
10,8,0.0,0.0,0.0,0.0,0.0,0.0,0.0,0.0,1.0
10,8,0.0,0.0,0.0,0.0,0.0,0.0,0.0,0.0,1.0
10,8,0.0,0.0,0.0,0.0,0.0,0.0,0.0,0.0,1.0
10,8,0.0,0.0,0.0,0.0,0.0,0.0,0.0,0.0,1.0
10,8,0.0,0.0,0.0,0.0,0.0,0.0,0.0,0.0,1.0
10,8,0.0,0.0,0.0,0.0,0.0,0.0,0.0,0.0,1.0
10,8,0.0,0.0,0.0,0.0,0.0,0.0,0.0,0.0,1.0
10,8,0.0,0.0,0.0,0.0,0.0,0.0,0.0,0.0,1.0
10,8,0.0,0.0,0.0,0.0,0.0,0.0,0.0,0.0,1.0
10,8,0.0,0.0,0.0,0.0,0.0,0.0,0.0,0.0,1.0
10,8,0.0,0.0,0.0,0.0,0.0,0.0,0.0,0.0,1.0
10,8,0.0,0.0,0.0,0.0,0.0,0.0,0.0,0.0,1.0
10,8,0.0,0.0,0.0,0.0,0.0,0.0,0.0,0.0,1.0
10,8,0.0,0.0,0.0,0.0,0.0,0.0,0.0,0.0,1.0
10,8,0.0,0.0,0.0,0.0,0.0,0.0,0.0,0.0,1.0
10,8,0.0,0.0,0.0,0.0,0.0,0.0,0.0,0.0,1.0
10,8,0.0,0.0,0.0,0.0,0.0,0.0,0.0,0.0,1.0
10,8,0.0,0.0,0.0,0.0,0.0,0.0,0.0,0.0,1.0
10,8,0.0,0.0,0.0,0.0,0.0,0.0,0.0,0.0,1.0
10,8,0.0,0.0,0.0,0.0,0.0,0.0,0.0,0.0,1.0
10,8,0.0,0.0,0.0,0.0,0.0,0.0,0.0,0.0,1.0
10,8,0.0,0.0,0.0,0.0,0.0,0.0,0.0,0.0,1.0
10,8,0.0,0.0,0.0,0.0,0.0,0.0,0.0,0.0,1.0
10,8,0.0,0.0,0.0,0.0,0.0,0.0,0.0,0.0,1.0
10,8,0.0,0.0,0.0,0.0,0.0,0.0,0.0,0.0,1.0
10,8,0.0,0.0,0.0,0.0,0.0,0.0,0.0,0.0,1.0
10,8,0.0,0.0,0.0,0.0,0.0,0.0,0.0,0.0,1.0
10,8,0.0,0.0,0.0,0.0,0.0,0.0,0.0,0.0,1.0
10,8,0.0,0.0,0.0,0.0,0.0,0.0,0.0,0.0,1.0
10,8,0.0,0.0,0.0,0.0,0.0,0.0,0.0,0.0,1.0
10,8,0.0,0.0,0.0,0.0,0.0,0.0,0.0,0.0,1.0
10,8,0.0,0.0,0.0,0.0,0.0,0.0,0.0,0.0,1.0
10,8,0.0,0.0,0.0,0.0,0.0,0.0,0.0,0.0,1.0
10,8,0.0,0.0,0.0,0.0,0.0,0.0,0.0,0.0,1.0
10,8,0.0,0.0,0.0,0.0,0.0,0.0,0.0,0.0,1.0
10,8,0.0,0.0,0.0,0.0,0.0,0.0,0.0,0.0,1.0
10,8,0.0,0.0,0.0,0.0,0.0,0.0,0.0,0.0,1.0
10,8,0.0,0.0,0.0,0.0,0.0,0.0,0.0,0.0,1.0
10,8,0.0,0.0,0.0,0.0,0.0,0.0,0.0,0.0,1.0
10,8,0.0,0.0,0.0,0.0,0.0,0.0,0.0,0.0,1.0
10,8,0.0,0.0,0.0,0.0,0.0,0.0,0.0,0.0,1.0
10,8,0.0,0.0,0.0,0.0,0.0,0.0,0.0,0.0,1.0
10,8,0.0,0.0,0.0,0.0,0.0,0.0,0.0,0.0,1.0
10,8,0.0,0.0,0.0,0.0,0.0,0.0,0.0,0.0,1.0
10,8,0.0,0.0,0.0,0.0,0.0,0.0,0.0,0.0,1.0
10,8,0.0,0.0,0.0,0.0,0.0,0.0,0.0,0.0,1.0
10,8,0.0,0.0,0.0,0.0,0.0,0.0,0.0,0.0,1.0
10,8,0.0,0.0,0.0,0.0,0.0,0.0,0.0,0.0,1.0
10,8,0.0,0.0,0.0,0.0,0.0,0.0,0.0,0.0,1.0
10,8,0.0,0.0,0.0,0.0,0.0,0.0,0.0,0.0,1.0
10,8,0.0,0.0,0.0,0.0,0.0,0.0,0.0,0.0,1.0
10,8,0.0,0.0,0.0,0.0,0.0,0.0,0.0,0.0,1.0
10,8,0.0,0.0,0.0,0.0,0.0,0.0,0.0,0.0,1.0
10,8,0.0,0.0,0.0,0.0,0.0,0.0,0.0,0.0,1.0
10,8,0.0,0.0,0.0,0.0,0.0,0.0,0.0,0.0,1.0
10,8,0.0,0.0,0.0,0.0,0.0,0.0,0.0,0.0,1.0
10,8,0.0,0.0,0.0,0.0,0.0,0.0,0.0,0.0,1.0
10,8,0.0,0.0,0.0,0.0,0.0,0.0,0.0,0.0,1.0
10,8,0.0,0.0,0.0,0.0,0.0,0.0,0.0,0.0,1.0
10,8,0.0,0.0,0.0,0.0,0.0,0.0,0.0,0.0,1.0
10,8,0.0,0.0,0.0,0.0,0.0,0.0,0.0,0.0,1.0
10,8,0.0,0.0,0.0,0.0,0.0,0.0,0.0,0.0,1.0
10,8,0.0,0.0,0.0,0.0,0.0,0.0,0.0,0.0,1.0
10,8,0.0,0.0,0.0,0.0,0.0,0.0,0.0,0.0,1.0
10,8,0.0,0.0,0.0,0.0,0.0,0.0,0.0,0.0,1.0
10,8,0.0,0.0,0.0,0.0,0.0,0.0,0.0,0.0,1.0
10,8,0.0,0.0,0.0,0.0,0.0,0.0,0.0,0.0,1.0
10,8,0.0,0.0,0.0,0.0,0.0,0.0,0.0,0.0,1.0
10,8,0.0,0.0,0.0,0.0,0.0,0.0,0.0,0.0,1.0
10,8,0.0,0.0,0.0,0.0,0.0,0.0,0.0,0.0,1.0
10,8,0.0,0.0,0.0,0.0,0.0,0.0,0.0,0.0,1.0
10,8,0.0,0.0,0.0,0.0,0.0,0.0,0.0,0.0,1.0
10,8,0.0,0.0,0.0,0.0,0.0,0.0,0.0,0.0,1.0
10,8,0.0,0.0,0.0,0.0,0.0,0.0,0.0,0.0,1.0
10,8,0.0,0.0,0.0,0.0,0.0,0.0,0.0,0.0,1.0
10,8,0.0,0.0,0.0,0.0,0.0,0.0,0.0,0.0,1.0
10,8,0.0,0.0,0.0,0.0,0.0,0.0,0.0,0.0,1.0
10,8,0.0,0.0,0.0,0.0,0.0,0.0,0.0,0.0,1.0
10,8,0.0,0.0,0.0,0.0,0.0,0.0,0.0,0.0,1.0
10,8,0.0,0.0,0.0,0.0,0.0,0.0,0.0,0.0,1.0
10,8,0.0,0.0,0.0,0.0,0.0,0.0,0.0,0.0,1.0
10,8,0.0,0.0,0.0,0.0,0.0,0.0,0.0,0.0,1.0
10,8,0.0,0.0,0.0,0.0,0.0,0.0,0.0,0.0,1.0
10,8,0.0,0.0,0.0,0.0,0.0,0.0,0.0,0.0,1.0
10,8,0.0,0.0,0.0,0.0,0.0,0.0,0.0,0.0,1.0
10,8,0.0,0.0,0.0,0.0,0.0,0.0,0.0,0.0,1.0
10,8,0.0,0.0,0.0,0.0,0.0,0.0,0.0,0.0,1.0
10,8,0.0,0.0,0.0,0.0,0.0,0.0,0.0,0.0,1.0
10,8,0.0,0.0,0.0,0.0,0.0,0.0,0.0,0.0,1.0
10,8,0.0,0.0,0.0,0.0,0.0,0.0,0.0,0.0,1.0
10,8,0.0,0.0,0.0,0.0,0.0,0.0,0.0,0.0,1.0
10,8,0.0,0.0,0.0,0.0,0.0,0.0,0.0,0.0,1.0
10,8,0.0,0.0,0.0,0.0,0.0,0.0,0.0,0.0,1.0
10,8,0.0,0.0,0.0,0.0,0.0,0.0,0.0,0.0,1.0
10,8,0.0,0.0,0.0,0.0,0.0,0.0,0.0,0.0,1.0
10,8,0.0,0.0,0.0,0.0,0.0,0.0,0.0,0.0,1.0
10,8,0.0,0.0,0.0,0.0,0.0,0.0,0.0,0.0,1.0
10,8,0.0,0.0,0.0,0.0,0.0,0.0,0.0,0.0,1.0
10,8,0.0,0.0,0.0,0.0,0.0,0.0,0.0,0.0,1.0
10,8,0.0,0.0,0.0,0.0,0.0,0.0,0.0,0.0,1.0
10,8,0.0,0.0,0.0,0.0,0.0,0.0,0.0,0.0,1.0
10,8,0.0,0.0,0.0,0.0,0.0,0.0,0.0,0.0,1.0
10,8,0.0,0.0,0.0,0.0,0.0,0.0,0.0,0.0,1.0
10,8,0.0,0.0,0.0,0.0,0.0,0.0,0.0,0.0,1.0
10,8,0.0,0.0,0.0,0.0,0.0,0.0,0.0,0.0,1.0
10,8,0.0,0.0,0.0,0.0,0.0,0.0,0.0,0.0,1.0
10,8,0.0,0.0,0.0,0.0,0.0,0.0,0.0,0.0,1.0
10,8,0.0,0.0,0.0,0.0,0.0,0.0,0.0,0.0,1.0
10,8,0.0,0.0,0.0,0.0,0.0,0.0,0.0,0.0,1.0
10,8,0.0,0.0,0.0,0.0,0.0,0.0,0.0,0.0,1.0
10,8,0.0,0.0,0.0,0.0,0.0,0.0,0.0,0.0,1.0
10,8,0.0,0.0,0.0,0.0,0.0,0.0,0.0,0.0,1.0
10,8,0.0,0.0,0.0,0.0,0.0,0.0,0.0,0.0,1.0
10,8,0.0,0.0,0.0,0.0,0.0,0.0,0.0,0.0,1.0
10,8,0.0,0.0,0.0,0.0,0.0,0.0,0.0,0.0,1.0
10,8,0.0,0.0,0.0,0.0,0.0,0.0,0.0,0.0,1.0
10,8,0.0,0.0,0.0,0.0,0.0,0.0,0.0,0.0,1.0
10,8,0.0,0.0,0.0,0.0,0.0,0.0,0.0,0.0,1.0
10,8,0.0,0.0,0.0,0.0,0.0,0.0,0.0,0.0,1.0
10,8,0.0,0.0,0.0,0.0,0.0,0.0,0.0,0.0,1.0
10,8,0.0,0.0,0.0,0.0,0.0,0.0,0.0,0.0,1.0
10,8,0.0,0.0,0.0,0.0,0.0,0.0,0.0,0.0,1.0
10,8,0.0,0.0,0.0,0.0,0.0,0.0,0.0,0.0,1.0
10,8,0.0,0.0,0.0,0.0,0.0,0.0,0.0,0.0,1.0
10,8,0.0,0.0,0.0,0.0,0.0,0.0,0.0,0.0,1.0
10,8,0.0,0.0,0.0,0.0,0.0,0.0,0.0,0.0,1.0
10,8,0.0,0.0,0.0,0.0,0.0,0.0,0.0,0.0,1.0
10,8,0.0,0.0,0.0,0.0,0.0,0.0,0.0,0.0,1.0
10,8,0.0,0.0,0.0,0.0,0.0,0.0,0.0,0.0,1.0
10,8,0.0,0.0,0.0,0.0,0.0,0.0,0.0,0.0,1.0
10,8,0.0,0.0,0.0,0.0,0.0,0.0,0.0,0.0,1.0
10,8,0.0,0.0,0.0,0.0,0.0,0.0,0.0,0.0,1.0
10,8,0.0,0.0,0.0,0.0,0.0,0.0,0.0,0.0,1.0
10,8,0.0,0.0,0.0,0.0,0.0,0.0,0.0,0.0,1.0
10,8,0.0,0.0,0.0,0.0,0.0,0.0,0.0,0.0,1.0
10,8,0.0,0.0,0.0,0.0,0.0,0.0,0.0,0.0,1.0
10,8,0.0,0.0,0.0,0.0,0.0,0.0,0.0,0.0,1.0
10,8,0.0,0.0,0.0,0.0,0.0,0.0,0.0,0.0,1.0
10,8,0.0,0.0,0.0,0.0,0.0,0.0,0.0,0.0,1.0
10,8,0.0,0.0,0.0,0.0,0.0,0.0,0.0,0.0,1.0
10,8,0.0,0.0,0.0,0.0,0.0,0.0,0.0,0.0,1.0
10,8,0.0,0.0,0.0,0.0,0.0,0.0,0.0,0.0,1.0
10,8,0.0,0.0,0.0,0.0,0.0,0.0,0.0,0.0,1.0
10,8,0.0,0.0,0.0,0.0,0.0,0.0,0.0,0.0,1.0
10,8,0.0,0.0,0.0,0.0,0.0,0.0,0.0,0.0,1.0
10,8,0.0,0.0,0.0,0.0,0.0,0.0,0.0,0.0,1.0
10,8,0.0,0.0,0.0,0.0,0.0,0.0,0.0,0.0,1.0
10,8,0.0,0.0,0.0,0.0,0.0,0.0,0.0,0.0,1.0
10,8,0.0,0.0,0.0,0.0,0.0,0.0,0.0,0.0,1.0
10,8,0.0,0.0,0.0,0.0,0.0,0.0,0.0,0.0,1.0
10,8,0.0,0.0,0.0,0.0,0.0,0.0,0.0,0.0,1.0
10,8,0.0,0.0,0.0,0.0,0.0,0.0,0.0,0.0,1.0
10,8,0.0,0.0,0.0,0.0,0.0,0.0,0.0,0.0,1.0
10,8,0.0,0.0,0.0,0.0,0.0,0.0,0.0,0.0,1.0
10,8,0.0,0.0,0.0,0.0,0.0,0.0,0.0,0.0,1.0
10,8,0.0,0.0,0.0,0.0,0.0,0.0,0.0,0.0,1.0
10,8,0.0,0.0,0.0,0.0,0.0,0.0,0.0,0.0,1.0
10,8,0.0,0.0,0.0,0.0,0.0,0.0,0.0,0.0,1.0
10,8,0.0,0.0,0.0,0.0,0.0,0.0,0.0,0.0,1.0
10,8,0.0,0.0,0.0,0.0,0.0,0.0,0.0,0.0,1.0
10,8,0.0,0.0,0.0,0.0,0.0,0.0,0.0,0.0,1.0
10,8,0.0,0.0,0.0,0.0,0.0,0.0,0.0,0.0,1.0
10,8,0.0,0.0,0.0,0.0,0.0,0.0,0.0,0.0,1.0
10,8,0.0,0.0,0.0,0.0,0.0,0.0,0.0,0.0,1.0
10,8,0.0,0.0,0.0,0.0,0.0,0.0,0.0,0.0,1.0
10,8,0.0,0.0,0.0,0.0,0.0,0.0,0.0,0.0,1.0
10,8,0.0,0.0,0.0,0.0,0.0,0.0,0.0,0.0,1.0
10,8,0.0,0.0,0.0,0.0,0.0,0.0,0.0,0.0,1.0
10,8,0.0,0.0,0.0,0.0,0.0,0.0,0.0,0.0,1.0
10,8,0.0,0.0,0.0,0.0,0.0,0.0,0.0,0.0,1.0
10,8,0.0,0.0,0.0,0.0,0.0,0.0,0.0,0.0,1.0
10,8,0.0,0.0,0.0,0.0,0.0,0.0,0.0,0.0,1.0
10,8,0.0,0.0,0.0,0.0,0.0,0.0,0.0,0.0,1.0
10,8,0.0,0.0,0.0,0.0,0.0,0.0,0.0,0.0,1.0
10,8,0.0,0.0,0.0,0.0,0.0,0.0,0.0,0.0,1.0
10,8,0.0,0.0,0.0,0.0,0.0,0.0,0.0,0.0,1.0
10,8,0.0,0.0,0.0,0.0,0.0,0.0,0.0,0.0,1.0
10,8,0.0,0.0,0.0,0.0,0.0,0.0,0.0,0.0,1.0
10,8,0.0,0.0,0.0,0.0,0.0,0.0,0.0,0.0,1.0
10,8,0.0,0.0,0.0,0.0,0.0,0.0,0.0,0.0,1.0
10,8,0.0,0.0,0.0,0.0,0.0,0.0,0.0,0.0,1.0
10,8,0.0,0.0,0.0,0.0,0.0,0.0,0.0,0.0,1.0
10,8,0.0,0.0,0.0,0.0,0.0,0.0,0.0,0.0,1.0
10,8,0.0,0.0,0.0,0.0,0.0,0.0,0.0,0.0,1.0
10,8,0.0,0.0,0.0,0.0,0.0,0.0,0.0,0.0,1.0
10,8,0.0,0.0,0.0,0.0,0.0,0.0,0.0,0.0,1.0
10,8,0.0,0.0,0.0,0.0,0.0,0.0,0.0,0.0,1.0
10,8,0.0,0.0,0.0,0.0,0.0,0.0,0.0,0.0,1.0
10,8,0.0,0.0,0.0,0.0,0.0,0.0,0.0,0.0,1.0
10,8,0.0,0.0,0.0,0.0,0.0,0.0,0.0,0.0,1.0
10,8,0.0,0.0,0.0,0.0,0.0,0.0,0.0,0.0,1.0
10,8,0.0,0.0,0.0,0.0,0.0,0.0,0.0,0.0,1.0
10,8,0.0,0.0,0.0,0.0,0.0,0.0,0.0,0.0,1.0
10,8,0.0,0.0,0.0,0.0,0.0,0.0,0.0,0.0,1.0
10,8,0.0,0.0,0.0,0.0,0.0,0.0,0.0,0.0,1.0
10,8,0.0,0.0,0.0,0.0,0.0,0.0,0.0,0.0,1.0
10,8,0.0,0.0,0.0,0.0,0.0,0.0,0.0,0.0,1.0
10,8,0.0,0.0,0.0,0.0,0.0,0.0,0.0,0.0,1.0
10,8,0.0,0.0,0.0,0.0,0.0,0.0,0.0,0.0,1.0
10,8,0.0,0.0,0.0,0.0,0.0,0.0,0.0,0.0,1.0
10,8,0.0,0.0,0.0,0.0,0.0,0.0,0.0,0.0,1.0
10,8,0.0,0.0,0.0,0.0,0.0,0.0,0.0,0.0,1.0
10,8,0.0,0.0,0.0,0.0,0.0,0.0,0.0,0.0,1.0
10,8,0.0,0.0,0.0,0.0,0.0,0.0,0.0,0.0,1.0
10,8,0.0,0.0,0.0,0.0,0.0,0.0,0.0,0.0,1.0
10,8,0.0,0.0,0.0,0.0,0.0,0.0,0.0,0.0,1.0
10,8,0.0,0.0,0.0,0.0,0.0,0.0,0.0,0.0,1.0
10,8,0.0,0.0,0.0,0.0,0.0,0.0,0.0,0.0,1.0
10,8,0.0,0.0,0.0,0.0,0.0,0.0,0.0,0.0,1.0
10,8,0.0,0.0,0.0,0.0,0.0,0.0,0.0,0.0,1.0
10,8,0.0,0.0,0.0,0.0,0.0,0.0,0.0,0.0,1.0
10,8,0.0,0.0,0.0,0.0,0.0,0.0,0.0,0.0,1.0
10,8,0.0,0.0,0.0,0.0,0.0,0.0,0.0,0.0,1.0
10,8,0.0,0.0,0.0,0.0,0.0,0.0,0.064715296,0.0,0.9352847
10,8,0.0,0.0,0.0,0.0,0.0,0.0,0.064715296,0.0,0.9352847
10,8,0.0,0.0,0.0,0.0,0.0,0.0,0.064715296,0.0,0.9352847
10,8,0.0,0.0,0.0,0.0,0.0,0.0,0.064715296,0.0,0.9352847
10,8,0.0,0.0,0.0,0.0,0.0,0.0,0.064715296,0.0,0.9352847
10,8,0.0,0.0,0.0,0.0,0.0,0.0,0.064715296,0.0,0.9352847
10,8,0.0,0.0,0.0,0.0,0.0,0.0,0.064715296,0.0,0.9352847
10,8,0.0,0.0,0.0,0.0,0.0,0.0,0.064715296,0.0,0.9352847
10,8,0.0,0.0,0.0,0.0,0.0,0.0,0.064715296,0.0,0.9352847
10,8,0.0,0.0,0.0,0.0,0.0,0.0,0.064715296,0.0,0.9352847
10,8,0.0,0.0,0.0,0.0,0.0,0.0,0.064715296,0.0,0.9352847
10,8,0.0,0.0,0.0,0.0,0.0,0.0,0.064715296,0.0,0.9352847
10,8,0.0,0.0,0.0,0.0,0.0,0.0,0.064715296,0.0,0.9352847
10,8,0.0,0.0,0.0,0.0,0.0,0.0,0.064715296,0.0,0.9352847
10,8,0.0,0.0,0.0,0.0,0.0,0.0,0.064715296,0.0,0.9352847
10,8,0.0,0.0,0.0,0.0,0.0,0.0,0.064715296,0.0,0.9352847
10,8,0.0,0.0,0.0,0.0,0.0,0.0,0.064715296,0.0,0.9352847
10,8,0.0,0.0,0.0,0.0,0.0,0.0,0.064715296,0.0,0.9352847
10,8,0.0,0.0,0.0,0.0,0.0,0.0,0.064715296,0.0,0.9352847
10,8,0.0,0.0,0.0,0.0,0.0,0.0,0.064715296,0.0,0.9352847
10,8,0.0,0.0,0.0,0.0,0.0,0.0,0.064715296,0.0,0.9352847
10,8,0.0,0.0,0.0,0.0,0.0,0.0,0.064715296,0.0,0.9352847
10,8,0.0,0.0,0.0,0.0,0.0,0.0,0.064715296,0.0,0.9352847
10,8,0.0,0.0,0.0,0.0,0.0,0.0,0.064715296,0.0,0.9352847
10,8,0.0,0.0,0.0,0.0,0.0,0.0,0.064715296,0.0,0.9352847
10,8,0.0,0.0,0.0,0.0,0.0,0.0,0.064715296,0.0,0.9352847
10,8,0.0,0.0,0.0,0.0,0.0,0.0,0.064715296,0.0,0.9352847
10,8,0.0,0.0,0.0,0.0,0.0,0.0,0.064715296,0.0,0.9352847
10,8,0.0,0.0,0.0,0.0,0.0,0.0,0.064715296,0.0,0.9352847
10,8,0.0,0.0,0.0,0.0,0.0,0.0,0.064715296,0.0,0.9352847
10,8,0.0,0.0,0.0,0.0,0.0,0.0,0.064715296,0.0,0.9352847
10,8,0.0,0.0,0.0,0.0,0.0,0.0,0.064715296,0.0,0.9352847
10,8,0.0,0.0,0.0,0.0,0.0,0.0,0.064715296,0.0,0.9352847
10,8,0.0,0.0,0.0,0.0,0.0,0.0,0.064715296,0.0,0.9352847
10,8,0.0,0.0,0.0,0.0,0.0,0.0,0.064715296,0.0,0.9352847
10,8,0.0,0.0,0.0,0.0,0.0,0.0,0.064715296,0.0,0.9352847
10,8,0.0,0.0,0.0,0.0,0.0,0.0,0.064715296,0.0,0.9352847
10,8,0.0,0.0,0.0,0.0,0.0,0.0,0.064715296,0.0,0.9352847
10,8,0.0,0.0,0.0,0.0,0.0,0.0,0.064715296,0.0,0.9352847
10,8,0.0,0.0,0.0,0.0,0.0,0.0,0.064715296,0.0,0.9352847
10,8,0.0,0.0,0.0,0.0,0.0,0.0,0.064715296,0.0,0.9352847
10,8,0.0,0.0,0.0,0.0,0.0,0.0,0.064715296,0.0,0.9352847
10,8,0.0,0.0,0.0,0.0,0.0,0.0,0.064715296,0.0,0.9352847
10,8,0.0,0.0,0.0,0.0,0.0,0.0,0.064715296,0.0,0.9352847
10,8,0.0,0.0,0.0,0.0,0.0,0.0,0.064715296,0.0,0.9352847
10,8,0.0,0.0,0.0,0.0,0.0,0.0,0.064715296,0.0,0.9352847
10,8,0.0,0.0,0.0,0.0,0.0,0.0,0.064715296,0.0,0.9352847
10,8,0.0,0.0,0.0,0.0,0.0,0.0,0.064715296,0.0,0.9352847
10,8,0.0,0.0,0.0,0.0,0.0,0.0,0.064715296,0.05916933,0.8761154
10,8,0.0,0.0,0.0,0.0,0.0,0.0,0.064715296,0.05916933,0.8761154
10,8,0.0,0.0,0.0,0.0,0.0,0.0,0.064715296,0.05916933,0.8761154
10,8,0.0,0.0,0.0,0.0,0.0,0.0,0.064715296,0.05916933,0.8761154
10,8,0.0,0.0,0.0,0.0,0.0,0.0,0.064715296,0.05916933,0.8761154
10,8,0.0,0.0,0.0,0.0,0.0,0.0,0.064715296,0.05916933,0.8761154
10,8,0.0,0.0,0.0,0.0,0.0,0.0,0.064715296,0.05916933,0.8761154
10,8,0.0,0.0,0.0,0.0,0.0,0.0,0.064715296,0.05916933,0.8761154
10,8,0.0,0.0,0.0,0.0,0.0,0.0,0.064715296,0.05916933,0.8761154
10,8,0.0,0.0,0.0,0.0,0.0,0.0,0.064715296,0.05916933,0.8761154
10,8,0.0,0.0,0.0,0.0,0.0,0.0,0.064715296,0.05916933,0.8761154
10,8,0.0,0.0,0.0,0.0,0.0,0.0,0.064715296,0.05916933,0.8761154
10,8,0.0,0.0,0.0,0.0,0.0,0.0,0.064715296,0.05916933,0.8761154
10,8,0.0,0.0,0.0,0.0,0.0,0.0,0.064715296,0.05916933,0.8761154
10,8,0.0,0.0,0.0,0.0,0.0,0.0,0.064715296,0.05916933,0.8761154
10,8,0.0,0.0,0.0,0.0,0.0,0.0,0.064715296,0.05916933,0.8761154
10,8,0.0,0.0,0.0,0.0,0.0,0.0,0.064715296,0.05916933,0.8761154
10,8,0.0,0.0,0.0,0.0,0.0,0.0,0.064715296,0.05916933,0.8761154
10,8,0.0,0.0,0.0,0.0,0.0,0.0,0.064715296,0.05916933,0.8761154
10,8,0.0,0.0,0.0,0.0,0.0,0.0,0.064715296,0.05916933,0.8761154
10,8,0.0,0.0,0.0,0.0,0.0,0.0,0.064715296,0.05916933,0.8761154
10,8,0.0,0.0,0.0,0.0,0.0,0.0,0.064715296,0.05916933,0.8761154
10,8,0.0,0.0,0.0,0.0,0.0,0.0,0.064715296,0.05916933,0.8761154
10,8,0.0,0.0,0.0,0.0,0.0,0.0,0.064715296,0.05916933,0.8761154
10,8,0.0,0.0,0.0,0.0,0.0,0.0,0.064715296,0.05916933,0.8761154
10,8,0.0,0.0,0.0,0.0,0.0,0.0,0.064715296,0.05916933,0.8761154
10,8,0.0,0.0,0.0,0.0,0.0,0.0,0.064715296,0.05916933,0.8761154
10,8,0.0,0.0,0.0,0.0,0.0,0.0,0.064715296,0.05916933,0.8761154
10,8,0.0,0.0,0.0,0.0,0.0,0.0,0.064715296,0.05916933,0.8761154
10,8,0.0,0.0,0.0,0.0,0.0,0.0,0.064715296,0.05916933,0.8761154
10,8,0.0,0.0,0.0,0.0,0.0,0.0,0.064715296,0.05916933,0.8761154
10,8,0.0,0.0,0.0,0.0,0.0,0.0,0.064715296,0.05916933,0.8761154
10,8,0.0,0.0,0.0,0.0,0.0,0.0,0.064715296,0.05916933,0.8761154
10,8,0.0,0.0,0.0,0.0,0.0,0.0,0.064715296,0.05916933,0.8761154
10,8,0.0,0.0,0.0,0.0,0.0,0.0,0.064715296,0.05916933,0.8761154
10,8,0.0,0.0,0.0,0.0,0.0,0.0,0.064715296,0.05916933,0.8761154
10,8,0.0,0.0,0.0,0.0,0.0,0.0,0.064715296,0.05916933,0.8761154
10,8,0.0,0.0,0.0,0.0,0.0,0.0,0.064715296,0.05916933,0.8761154
10,8,0.0,0.0,0.0,0.0,0.0,0.0,0.064715296,0.05916933,0.8761154
10,8,0.0,0.0,0.0,0.0,0.0,0.0,0.064715296,0.05916933,0.8761154
10,8,0.0,0.0,0.0,0.0,0.0,0.0,0.064715296,0.05916933,0.8761154
10,8,0.0,0.0,0.0,0.0,0.0,0.0,0.064715296,0.05916933,0.8761154
10,8,0.0,0.0,0.0,0.0,0.0,0.0,0.064715296,0.05916933,0.8761154
10,8,0.0,0.0,0.0,0.0,0.0,0.0,0.064715296,0.05916933,0.8761154
10,8,0.0,0.0,0.0,0.0,0.0,0.0,0.064715296,0.05916933,0.8761154
10,8,0.0,0.0,0.0,0.0,0.0,0.0,0.064715296,0.05916933,0.8761154
10,8,0.0,0.0,0.0,0.0,0.0,0.0,0.064715296,0.13273175,0.80255294
10,8,0.0,0.0,0.0,0.0,0.0,0.0,0.064715296,0.13273175,0.80255294
10,8,0.0,0.0,0.0,0.0,0.0,0.0,0.064715296,0.1886381,0.7466466
10,8,0.0,0.0,0.0,0.0,0.0,0.0,0.064715296,0.1886381,0.7466466
10,8,0.0,0.0,0.0,0.0,0.0,0.0,0.064715296,0.1886381,0.7466466
10,8,0.0,0.0,0.0,0.0,0.0,0.0,0.064715296,0.1886381,0.7466466
10,8,0.0,0.0,0.0,0.0,0.0,0.0,0.064715296,0.1886381,0.7466466
10,8,0.0,0.0,0.0,0.0,0.0,0.0,0.064715296,0.1886381,0.7466466
10,8,0.0,0.0,0.0,0.0,0.0,0.0,0.064715296,0.1886381,0.7466466
10,8,0.0,0.0,0.0,0.0,0.0,0.0,0.064715296,0.1886381,0.7466466
10,8,0.0,0.0,0.0,0.0,0.0,0.0,0.064715296,0.1886381,0.7466466
10,8,0.0,0.0,0.0,0.0,0.0,0.0,0.064715296,0.1886381,0.7466466
10,8,0.0,0.0,0.0,0.0,0.0,0.0,0.064715296,0.1886381,0.7466466
10,8,0.0,0.0,0.0,0.0,0.0,0.0,0.064715296,0.1886381,0.7466466
10,8,0.0,0.0,0.0,0.0,0.0,0.0,0.064715296,0.1886381,0.7466466
10,8,0.0,0.0,0.0,0.0,0.0,0.0,0.064715296,0.1886381,0.7466466
10,8,0.0,0.0,0.0,0.0,0.0,0.0,0.064715296,0.1886381,0.7466466
10,8,0.0,0.0,0.0,0.0,0.0,0.0,0.064715296,0.1886381,0.7466466
10,8,0.0,0.0,0.0,0.0,0.0,0.0,0.064715296,0.1886381,0.7466466
10,8,0.0,0.0,0.0,0.0,0.0,0.0,0.064715296,0.1886381,0.7466466
10,8,0.0,0.0,0.0,0.0,0.0,0.0,0.064715296,0.1886381,0.7466466
10,8,0.0,0.0,0.0,0.0,0.0,0.0,0.064715296,0.1886381,0.7466466
10,8,0.0,0.0,0.0,0.0,0.0,0.0,0.064715296,0.1886381,0.7466466
10,8,0.0,0.0,0.0,0.0,0.0,0.0,0.064715296,0.1886381,0.7466466
10,8,0.0,0.0,0.0,0.0,0.0,0.0,0.064715296,0.1886381,0.7466466
10,8,0.0,0.0,0.0,0.0,0.0,0.0,0.064715296,0.1886381,0.7466466
10,8,0.0,0.0,0.0,0.0,0.0,0.0,0.064715296,0.30273196,0.63255274
10,8,0.0,0.0,0.0,0.0,0.0,0.0,0.064715296,0.30273196,0.63255274
10,8,0.0,0.0,0.0,0.0,0.0,0.0,0.064715296,0.30273196,0.63255274
10,8,0.0,0.0,0.0,0.0,0.0,0.0,0.064715296,0.30273196,0.63255274
10,8,0.0,0.0,0.0,0.0,0.0,0.0,0.13389304,0.30273196,0.563375
10,8,0.0,0.0,0.0,0.0,0.0,0.0,0.13389304,0.30273196,0.563375
10,8,0.0,0.0,0.0,0.0,0.0,0.0,0.13389304,0.30273196,0.563375
10,8,0.0,0.0,0.0,0.0,0.0,0.0,0.13389304,0.30273196,0.563375
10,8,0.0,0.0,0.0,0.0,0.0,0.0,0.13389304,0.30273196,0.563375
10,8,0.0,0.0,0.0,0.0,0.0,0.0,0.13389304,0.30273196,0.563375
10,8,0.0,0.0,0.0,0.0,0.0,0.0,0.13389304,0.30273196,0.563375
10,8,0.0,0.0,0.0,0.0,0.0,0.0,0.13389304,0.30273196,0.563375
10,8,0.0,0.0,0.0,0.0,0.0,0.0,0.13389304,0.3755158,0.49059117
10,8,0.0,0.0,0.0,0.0,0.0,0.0,0.13389304,0.3755158,0.49059117
10,8,0.0,0.0,0.0,0.0,0.0,0.0,0.13389304,0.3755158,0.49059117
10,8,0.0,0.0,0.0,0.0,0.0,0.0,0.13389304,0.3755158,0.49059117
10,7,0.0,0.0,0.0,0.0,0.0,0.0,0.13389304,0.44660723,0.41949973
10,7,0.0,0.0,0.0,0.0,0.0,0.0,0.13389304,0.44660723,0.41949973
10,7,0.0,0.0,0.0,0.0,0.0,0.0,0.13389304,0.44660723,0.41949973
10,7,0.0,0.0,0.0,0.0,0.0,0.0,0.13389304,0.44660723,0.41949973
10,7,0.0,0.0,0.0,0.0,0.0,0.0,0.13389304,0.44660723,0.41949973
10,7,0.0,0.0,0.0,0.0,0.0,0.0,0.13389304,0.44660723,0.41949973
10,7,0.0,0.0,0.0,0.0,0.0,0.0,0.13389304,0.44660723,0.41949973
10,7,0.0,0.0,0.0,0.0,0.0,0.0,0.13389304,0.44660723,0.41949973
10,7,0.0,0.0,0.0,0.0,0.0,0.0,0.13389304,0.44660723,0.41949973
10,7,0.0,0.0,0.0,0.0,0.0,0.0,0.13389304,0.44660723,0.41949973
10,7,0.0,0.0,0.0,0.0,0.0,0.0,0.13389304,0.44660723,0.41949973
10,7,0.0,0.0,0.0,0.0,0.0,0.0,0.13389304,0.44660723,0.41949973
10,7,0.0,0.0,0.0,0.0,0.0,0.0,0.13389304,0.44660723,0.41949973
10,7,0.0,0.0,0.0,0.0,0.0,0.0,0.13389304,0.44660723,0.41949973
10,7,0.0,0.0,0.0,0.0,0.0,0.0,0.13389304,0.44660723,0.41949973
10,7,0.0,0.0,0.0,0.0,0.0,0.0,0.13389304,0.44660723,0.41949973
10,7,0.0,0.0,0.0,0.0,0.0,0.0,0.13389303,0.56793934,0.29816762
10,7,0.0,0.0,0.0,0.0,0.0,0.0,0.13389303,0.56793934,0.29816762
10,7,0.0,0.0,0.0,0.0,0.0,0.0,0.13389303,0.56793934,0.29816762
10,7,0.0,0.0,0.0,0.0,0.0,0.0,0.13389303,0.56793934,0.29816762
10,7,0.0,0.0,0.0,0.0,0.0,0.0,0.13389303,0.56793934,0.29816762
10,7,0.0,0.0,0.0,0.0,0.0,0.0,0.13389303,0.56793934,0.29816762
10,7,0.0,0.0,0.0,0.0,0.0,0.0,0.13389303,0.56793934,0.29816762
10,7,0.0,0.0,0.0,0.0,0.0,0.0,0.13389303,0.56793934,0.29816762
10,7,0.0,0.0,0.0,0.0,0.0,0.0,0.13389304,0.69704676,0.1690602
10,7,0.0,0.0,0.0,0.0,0.0,0.0,0.13389304,0.69704676,0.1690602
10,7,0.0,0.0,0.0,0.0,0.0,0.0,0.13389304,0.69704676,0.1690602
10,7,0.0,0.0,0.0,0.0,0.0,0.0,0.13389304,0.69704676,0.1690602
10,7,0.0,0.0,0.0,0.0,0.0,0.0,0.13389304,0.69704676,0.1690602
10,7,0.0,0.0,0.0,0.0,0.0,0.0,0.13389304,0.69704676,0.1690602
10,7,0.0,0.0,0.0,0.0,0.0,0.0,0.13389304,0.69704676,0.1690602
10,7,0.0,0.0,0.0,0.0,0.0,0.0,0.13389304,0.69704676,0.1690602
10,7,0.0,0.0,0.0,0.0,0.0,0.0,0.13389304,0.69704676,0.1690602
10,7,0.0,0.0,0.0,0.0,0.0,0.0,0.13389304,0.69704676,0.1690602
10,7,0.0,0.0,0.0,0.0,0.0,0.0,0.13389304,0.69704676,0.1690602
10,7,0.0,0.0,0.0,0.0,0.0,0.0,0.13389304,0.69704676,0.1690602
10,7,0.0,0.0,0.0,0.0,0.0,0.0,0.13389304,0.69704676,0.1690602
10,7,0.0,0.0,0.0,0.0,0.0,0.0,0.13389304,0.69704676,0.1690602
10,7,0.0,0.0,0.0,0.0,0.0,0.0,0.13389304,0.69704676,0.1690602
10,7,0.0,0.0,0.0,0.0,0.0,0.0,0.13389304,0.69704676,0.1690602
10,7,0.0,0.0,0.0,0.0,0.0,0.0,0.13389304,0.69704676,0.1690602
10,7,0.0,0.0,0.0,0.0,0.0,0.0,0.13389304,0.69704676,0.1690602
10,7,0.0,0.0,0.0,0.0,0.0,0.0,0.13389304,0.69704676,0.1690602
10,7,0.0,0.0,0.0,0.0,0.0,0.0,0.13389304,0.69704676,0.1690602
10,7,0.0,0.0,0.0,0.0,0.0,0.0,0.13389304,0.808002,0.05810503
10,7,0.0,0.0,0.0,0.0,0.0,0.0,0.13389304,0.808002,0.05810503
10,7,0.0,0.0,0.0,0.0,0.0,0.0,0.13389304,0.808002,0.05810503
10,7,0.0,0.0,0.0,0.0,0.0,0.0,0.13389304,0.808002,0.05810503
10,7,0.0,0.0,0.0,0.0,0.0,0.0,0.13389304,0.808002,0.05810503
10,7,0.0,0.0,0.0,0.0,0.0,0.0,0.13389304,0.808002,0.05810503
10,7,0.0,0.0,0.0,0.0,0.0,0.0,0.13389304,0.808002,0.05810503
10,7,0.0,0.0,0.0,0.0,0.0,0.0,0.13389304,0.808002,0.05810503
10,7,0.0,0.0,0.0,0.0,0.0,0.0,0.13389304,0.808002,0.05810503
10,7,0.0,0.0,0.0,0.0,0.0,0.0,0.20498449,0.73691046,0.05810502
10,7,0.0,0.0,0.0,0.0,0.0,0.0,0.20498449,0.73691046,0.05810502
10,7,0.0,0.0,0.0,0.0,0.0,0.0,0.20498449,0.73691046,0.05810502
10,7,0.0,0.0,0.0,0.0,0.0,0.0,0.2630895,0.7369105,0.0
10,7,0.0,0.0,0.0,0.0,0.0,0.0,0.2630895,0.7369105,0.0
10,7,0.0,0.0,0.0,0.0,0.0,0.0,0.2630895,0.7369105,0.0
10,7,0.0,0.0,0.0,0.0,0.0,0.0,0.2630895,0.7369105,0.0
10,7,0.0,0.0,0.0,0.0,0.0,0.0,0.2630895,0.7369105,0.0
10,7,0.0,0.0,0.0,0.0,0.0,0.0,0.2630895,0.7369105,0.0
10,7,0.0,0.0,0.0,0.0,0.0,0.0,0.2630895,0.7369105,0.0
10,7,0.0,0.0,0.0,0.0,0.0,0.0,0.2630895,0.7369105,0.0
10,7,0.0,0.0,0.0,0.0,0.0,0.0,0.2630895,0.7369105,0.0
10,7,0.0,0.0,0.0,0.0,0.0,0.0,0.2630895,0.7369105,0.0
10,7,0.0,0.0,0.0,0.0,0.0,0.0,0.2630895,0.7369105,0.0
10,7,0.0,0.0,0.0,0.0,0.0,0.0,0.2630895,0.7369105,0.0
10,7,0.0,0.0,0.0,0.0,0.0,0.0,0.2630895,0.7369105,0.0
10,7,0.0,0.0,0.0,0.0,0.0,0.0,0.2630895,0.7369105,0.0
10,7,0.0,0.0,0.0,0.0,0.0,0.0,0.2630895,0.7369105,0.0
10,7,0.0,0.0,0.0,0.0,0.0,0.0,0.2630895,0.7369105,0.0
10,7,0.0,0.0,0.0,0.0,0.0,0.0,0.2630895,0.7369105,0.0
10,7,0.0,0.0,0.0,0.0,0.0,0.0,0.2630895,0.7369105,0.0
10,7,0.0,0.0,0.0,0.0,0.0,0.0,0.2630895,0.7369105,0.0
10,7,0.0,0.0,0.0,0.0,0.0,0.0,0.2630895,0.7369105,0.0
10,7,0.0,0.0,0.0,0.0,0.0,0.0,0.2630895,0.7369105,0.0
10,7,0.0,0.0,0.0,0.0,0.0,0.0,0.2630895,0.7369105,0.0
10,7,0.0,0.0,0.0,0.0,0.0,0.0,0.2630895,0.7369105,0.0
10,7,0.0,0.0,0.0,0.0,0.0,0.0,0.2630895,0.7369105,0.0
10,7,0.0,0.0,0.0,0.0,0.0,0.0,0.2630895,0.7369105,0.0
10,7,0.0,0.0,0.0,0.0,0.0,0.0,0.2630895,0.7369105,0.0
10,7,0.0,0.0,0.0,0.0,0.0,0.0,0.2630895,0.7369105,0.0
10,7,0.0,0.0,0.0,0.0,0.0,0.0,0.2630895,0.7369105,0.0
10,7,0.0,0.0,0.0,0.0,0.0,0.0,0.2630895,0.7369105,0.0
10,7,0.0,0.0,0.0,0.0,0.0,0.0,0.2630895,0.7369105,0.0
10,7,0.0,0.0,0.0,0.0,0.0,0.0,0.2630895,0.7369105,0.0
10,7,0.0,0.0,0.0,0.0,0.0,0.0,0.2630895,0.7369105,0.0
10,7,0.0,0.0,0.0,0.0,0.0,0.0,0.2630895,0.7369105,0.0
10,7,0.0,0.0,0.0,0.0,0.0,0.0,0.2630895,0.7369105,0.0
10,7,0.0,0.0,0.0,0.0,0.0,0.0,0.2630895,0.7369105,0.0
10,7,0.0,0.0,0.0,0.0,0.0,0.0,0.2630895,0.7369105,0.0
10,7,0.0,0.0,0.0,0.0,0.0,0.0,0.2630895,0.7369105,0.0
10,7,0.0,0.0,0.0,0.0,0.0,0.0,0.2630895,0.7369105,0.0
10,7,0.0,0.0,0.0,0.0,0.0,0.0,0.2630895,0.7369105,0.0
10,7,0.0,0.0,0.0,0.0,0.0,0.0,0.2630895,0.7369105,0.0
10,7,0.0,0.0,0.0,0.0,0.0,0.0,0.2630895,0.7369105,0.0
10,7,0.0,0.0,0.0,0.0,0.0,0.0,0.2630895,0.7369105,0.0
10,7,0.0,0.0,0.0,0.0,0.0,0.0,0.2630895,0.7369105,0.0
10,7,0.0,0.0,0.0,0.0,0.0,0.0,0.2630895,0.7369105,0.0
10,7,0.0,0.0,0.0,0.0,0.0,0.0,0.2630895,0.7369105,0.0
10,7,0.0,0.0,0.0,0.0,0.0,0.0,0.2630895,0.7369105,0.0
10,7,0.0,0.0,0.0,0.0,0.0,0.0,0.2630895,0.7369105,0.0
10,7,0.0,0.0,0.0,0.0,0.0,0.0,0.2630895,0.7369105,0.0
10,7,0.0,0.0,0.0,0.0,0.0,0.0,0.2630895,0.7369105,0.0
10,7,0.0,0.0,0.0,0.0,0.0,0.0,0.2630895,0.7369105,0.0
10,7,0.0,0.0,0.0,0.0,0.0,0.0,0.2630895,0.7369105,0.0
10,7,0.0,0.0,0.0,0.0,0.0,0.0,0.2630895,0.7369105,0.0
10,7,0.0,0.0,0.0,0.0,0.0,0.0,0.2630895,0.7369105,0.0
10,7,0.0,0.0,0.0,0.0,0.0,0.0,0.2630895,0.7369105,0.0
10,7,0.0,0.0,0.0,0.0,0.0,0.0,0.2630895,0.7369105,0.0
10,7,0.0,0.0,0.0,0.0,0.0,0.0,0.2630895,0.7369105,0.0
10,7,0.0,0.0,0.0,0.0,0.0,0.0,0.2630895,0.7369105,0.0
10,7,0.0,0.0,0.0,0.0,0.0,0.0,0.2630895,0.7369105,0.0
10,7,0.0,0.0,0.0,0.0,0.0,0.0,0.2630895,0.7369105,0.0
10,7,0.0,0.0,0.0,0.0,0.0,0.0,0.2630895,0.7369105,0.0
10,7,0.0,0.0,0.0,0.0,0.0,0.0,0.2630895,0.7369105,0.0
10,7,0.0,0.0,0.0,0.0,0.0,0.0,0.2630895,0.7369105,0.0
10,7,0.0,0.0,0.0,0.0,0.0,0.0,0.2630895,0.7369105,0.0
10,7,0.0,0.0,0.0,0.0,0.0,0.0,0.2630895,0.7369105,0.0
10,7,0.0,0.0,0.0,0.0,0.0,0.0,0.2630895,0.7369105,0.0
10,7,0.0,0.0,0.0,0.0,0.0,0.0,0.2630895,0.7369105,0.0
10,7,0.0,0.0,0.0,0.0,0.0,0.0,0.2630895,0.7369105,0.0
10,7,0.0,0.0,0.0,0.0,0.0,0.0,0.2630895,0.7369105,0.0
11,7,0.0,0.0,0.0,0.0,0.0,0.0,0.2630895,0.7369105,0.0
11,7,0.0,0.0,0.0,0.0,0.0,0.0,0.2630895,0.7369105,0.0
11,7,0.0,0.0,0.0,0.0,0.0,0.0,0.2630895,0.7369105,0.0
11,7,0.0,0.0,0.0,0.0,0.0,0.0,0.2630895,0.7369105,0.0
11,7,0.0,0.0,0.0,0.0,0.0,0.0,0.2630895,0.7369105,0.0
11,7,0.0,0.0,0.0,0.0,0.0,0.0,0.2630895,0.7369105,0.0
11,7,0.0,0.0,0.0,0.0,0.0,0.0,0.2630895,0.7369105,0.0
11,7,0.0,0.0,0.0,0.0,0.0,0.0,0.2630895,0.7369105,0.0
11,7,0.0,0.0,0.0,0.0,0.0,0.0,0.2630895,0.7369105,0.0
11,7,0.0,0.0,0.0,0.0,0.0,0.0,0.2630895,0.7369105,0.0
11,7,0.0,0.0,0.0,0.0,0.0,0.0,0.2630895,0.7369105,0.0
11,7,0.0,0.0,0.0,0.0,0.0,0.0,0.2630895,0.7369105,0.0
11,7,0.0,0.0,0.0,0.0,0.0,0.0,0.2630895,0.7369105,0.0
11,7,0.0,0.0,0.0,0.0,0.0,0.0,0.2630895,0.7369105,0.0
11,7,0.0,0.0,0.0,0.0,0.0,0.0,0.2630895,0.7369105,0.0
11,7,0.0,0.0,0.0,0.0,0.0,0.0,0.2630895,0.7369105,0.0
11,7,0.0,0.0,0.0,0.0,0.0,0.0,0.2630895,0.7369105,0.0
11,7,0.0,0.0,0.0,0.0,0.0,0.0,0.2630895,0.7369105,0.0
11,7,0.0,0.0,0.0,0.0,0.0,0.0,0.2630895,0.7369105,0.0
11,7,0.0,0.0,0.0,0.0,0.0,0.0,0.2630895,0.7369105,0.0
11,7,0.0,0.0,0.0,0.0,0.0,0.0,0.2630895,0.7369105,0.0
11,7,0.0,0.0,0.0,0.0,0.0,0.0,0.2630895,0.7369105,0.0
11,7,0.0,0.0,0.0,0.0,0.0,0.0,0.2630895,0.7369105,0.0
11,7,0.0,0.0,0.0,0.0,0.0,0.0,0.2630895,0.7369105,0.0
11,7,0.0,0.0,0.0,0.0,0.0,0.0,0.2630895,0.7369105,0.0
11,7,0.0,0.0,0.0,0.0,0.0,0.0,0.2630895,0.7369105,0.0
11,7,0.0,0.0,0.0,0.0,0.0,0.0,0.2630895,0.7369105,0.0
11,7,0.0,0.0,0.0,0.0,0.0,0.0,0.2630895,0.7369105,0.0
11,7,0.0,0.0,0.0,0.0,0.0,0.0,0.2630895,0.7369105,0.0
11,7,0.0,0.0,0.0,0.0,0.0,0.0,0.2630895,0.7369105,0.0
11,7,0.0,0.0,0.0,0.0,0.0,0.0,0.2630895,0.7369105,0.0
11,7,0.0,0.0,0.0,0.0,0.0,0.0,0.2630895,0.7369105,0.0
11,7,0.0,0.0,0.0,0.0,0.0,0.0,0.2630895,0.7369105,0.0
11,7,0.0,0.0,0.0,0.0,0.0,0.0,0.2630895,0.7369105,0.0
11,7,0.0,0.0,0.0,0.0,0.0,0.0,0.2630895,0.7369105,0.0
11,7,0.0,0.0,0.0,0.0,0.0,0.0,0.2630895,0.7369105,0.0
11,7,0.0,0.0,0.0,0.0,0.0,0.0,0.2630895,0.7369105,0.0
11,7,0.0,0.0,0.0,0.0,0.0,0.0,0.2630895,0.7369105,0.0
11,7,0.0,0.0,0.0,0.0,0.0,0.0,0.2630895,0.7369105,0.0
11,7,0.0,0.0,0.0,0.0,0.0,0.0,0.2630895,0.7369105,0.0
11,7,0.0,0.0,0.0,0.0,0.0,0.0,0.2630895,0.7369105,0.0
11,7,0.0,0.0,0.0,0.0,0.0,0.0,0.2630895,0.7369105,0.0
11,7,0.0,0.0,0.0,0.0,0.0,0.0,0.2630895,0.7369105,0.0
11,7,0.0,0.0,0.0,0.0,0.0,0.0,0.2630895,0.7369105,0.0
11,7,0.0,0.0,0.0,0.0,0.0,0.0,0.2630895,0.7369105,0.0
11,7,0.0,0.0,0.0,0.0,0.0,0.0,0.2630895,0.7369105,0.0
11,7,0.0,0.0,0.0,0.0,0.0,0.0,0.2630895,0.7369105,0.0
11,7,0.0,0.0,0.0,0.0,0.0,0.0,0.2630895,0.7369105,0.0
11,7,0.0,0.0,0.0,0.0,0.0,0.0,0.2630895,0.7369105,0.0
11,7,0.0,0.0,0.0,0.0,0.0,0.0,0.2630895,0.7369105,0.0
11,7,0.0,0.0,0.0,0.0,0.0,0.0,0.2630895,0.7369105,0.0
11,7,0.0,0.0,0.0,0.0,0.0,0.0,0.2630895,0.7369105,0.0
11,7,0.0,0.0,0.0,0.0,0.0,0.0,0.2630895,0.7369105,0.0
11,7,0.0,0.0,0.0,0.0,0.0,0.0,0.2630895,0.7369105,0.0
11,7,0.0,0.0,0.0,0.0,0.0,0.0,0.2630895,0.7369105,0.0
11,7,0.0,0.0,0.0,0.0,0.0,0.0,0.2630895,0.7369105,0.0
11,7,0.0,0.0,0.0,0.0,0.0,0.0,0.2630895,0.7369105,0.0
11,7,0.0,0.0,0.0,0.0,0.0,0.0,0.2630895,0.7369105,0.0
11,7,0.0,0.0,0.0,0.0,0.0,0.0,0.2630895,0.7369105,0.0
11,7,0.0,0.0,0.0,0.0,0.0,0.0,0.2630895,0.7369105,0.0
11,7,0.0,0.0,0.0,0.0,0.0,0.0,0.2630895,0.7369105,0.0
11,7,0.0,0.0,0.0,0.0,0.0,0.0,0.2630895,0.7369105,0.0
11,7,0.0,0.0,0.0,0.0,0.0,0.0,0.2630895,0.7369105,0.0
11,7,0.0,0.0,0.0,0.0,0.0,0.0,0.2630895,0.7369105,0.0
11,7,0.0,0.0,0.0,0.0,0.0,0.0,0.2630895,0.7369105,0.0
11,7,0.0,0.0,0.0,0.0,0.0,0.0,0.2630895,0.7369105,0.0
11,7,0.0,0.0,0.0,0.0,0.0,0.0,0.2630895,0.7369105,0.0
11,7,0.0,0.0,0.0,0.0,0.0,0.0,0.2630895,0.7369105,0.0
11,7,0.0,0.0,0.0,0.0,0.0,0.0,0.2630895,0.7369105,0.0
11,7,0.0,0.0,0.0,0.0,0.0,0.0,0.2630895,0.7369105,0.0
11,7,0.0,0.0,0.0,0.0,0.0,0.0,0.2630895,0.7369105,0.0
11,7,0.0,0.0,0.0,0.0,0.0,0.0,0.2630895,0.7369105,0.0
11,7,0.0,0.0,0.0,0.0,0.0,0.0,0.2630895,0.7369105,0.0
11,7,0.0,0.0,0.0,0.0,0.0,0.0,0.2630895,0.7369105,0.0
11,7,0.0,0.0,0.0,0.0,0.0,0.0,0.2630895,0.7369105,0.0
11,7,0.0,0.0,0.0,0.0,0.0,0.0,0.2630895,0.7369105,0.0
11,7,0.0,0.0,0.0,0.0,0.0,0.0,0.2630895,0.7369105,0.0
11,7,0.0,0.0,0.0,0.0,0.0,0.0,0.2630895,0.7369105,0.0
11,7,0.0,0.0,0.0,0.0,0.0,0.0,0.2630895,0.7369105,0.0
11,7,0.0,0.0,0.0,0.0,0.0,0.0,0.2630895,0.7369105,0.0
11,7,0.0,0.0,0.0,0.0,0.0,0.0,0.31876102,0.681239,0.0
11,7,0.0,0.0,0.0,0.0,0.0,0.0,0.31876102,0.681239,0.0
11,7,0.0,0.0,0.0,0.0,0.0,0.0,0.31876102,0.681239,0.0
11,7,0.0,0.0,0.0,0.0,0.0,0.0,0.31876102,0.681239,0.0
11,7,0.0,0.0,0.0,0.0,0.0,0.0,0.31876102,0.681239,0.0
11,7,0.0,0.0,0.0,0.0,0.0,0.0,0.31876102,0.681239,0.0
11,7,0.0,0.0,0.0,0.0,0.0,0.0,0.31876102,0.681239,0.0
11,7,0.0,0.0,0.0,0.0,0.0,0.0,0.31876102,0.681239,0.0
11,7,0.0,0.0,0.0,0.0,0.0,0.0,0.31876102,0.681239,0.0
11,7,0.0,0.0,0.0,0.0,0.0,0.0,0.31876102,0.681239,0.0
11,7,0.0,0.0,0.0,0.0,0.0,0.0,0.31876102,0.681239,0.0
11,7,0.0,0.0,0.0,0.0,0.0,0.0,0.31876102,0.681239,0.0
11,7,0.0,0.0,0.0,0.0,0.0,0.0,0.31876102,0.681239,0.0
11,7,0.0,0.0,0.0,0.0,0.0,0.0,0.31876102,0.681239,0.0
11,7,0.0,0.0,0.0,0.0,0.0,0.0,0.31876102,0.681239,0.0
11,7,0.0,0.0,0.0,0.0,0.0,0.0,0.31876102,0.681239,0.0
11,7,0.0,0.0,0.0,0.0,0.0,0.0,0.31876102,0.681239,0.0
11,7,0.0,0.0,0.0,0.0,0.0,0.0,0.31876102,0.681239,0.0
11,7,0.0,0.0,0.0,0.0,0.0,0.0,0.31876102,0.681239,0.0
11,7,0.0,0.0,0.0,0.0,0.0,0.0,0.31876102,0.681239,0.0
11,7,0.0,0.0,0.0,0.0,0.0,0.0,0.49842957,0.50157046,0.0
11,7,0.0,0.0,0.0,0.0,0.0,0.0,0.49842957,0.50157046,0.0
11,7,0.0,0.0,0.0,0.0,0.0,0.0,0.49842957,0.50157046,0.0
11,7,0.0,0.0,0.0,0.0,0.0,0.0,0.49842957,0.50157046,0.0
11,7,0.0,0.0,0.0,0.0,0.0,0.0,0.49842957,0.50157046,0.0
11,7,0.0,0.0,0.0,0.0,0.0,0.0,0.49842957,0.50157046,0.0
11,7,0.0,0.0,0.0,0.0,0.0,0.0,0.49842957,0.50157046,0.0
11,7,0.0,0.0,0.0,0.0,0.0,0.0,0.49842957,0.50157046,0.0
11,7,0.0,0.0,0.0,0.0,0.0,0.0,0.49842957,0.50157046,0.0
11,7,0.0,0.0,0.0,0.0,0.0,0.0,0.49842957,0.50157046,0.0
11,7,0.0,0.0,0.0,0.0,0.0,0.0,0.49842957,0.50157046,0.0
11,7,0.0,0.0,0.0,0.0,0.0,0.0,0.49842957,0.50157046,0.0
11,6,0.0,0.0,0.0,0.0,0.0,0.0,0.5607951,0.4392049,0.0
11,6,0.0,0.0,0.0,0.0,0.0,0.0,0.5607951,0.4392049,0.0
11,6,0.0,0.0,0.0,0.0,0.0,0.0,0.5607951,0.4392049,0.0
11,6,0.0,0.0,0.0,0.0,0.0,0.0,0.5607951,0.4392049,0.0
11,6,0.0,0.0,0.0,0.0,0.0,0.0,0.5607951,0.4392049,0.0
11,6,0.0,0.0,0.0,0.0,0.0,0.0,0.5607951,0.4392049,0.0
11,6,0.0,0.0,0.0,0.0,0.0,0.0,0.5607951,0.4392049,0.0
11,6,0.0,0.0,0.0,0.0,0.0,0.0,0.5607951,0.4392049,0.0
11,6,0.0,0.0,0.0,0.0,0.0,0.0,0.5607951,0.4392049,0.0
11,6,0.0,0.0,0.0,0.0,0.0,0.0,0.5607951,0.4392049,0.0
11,6,0.0,0.0,0.0,0.0,0.0,0.0,0.5607951,0.4392049,0.0
11,6,0.0,0.0,0.0,0.0,0.0,0.0,0.5607951,0.4392049,0.0
11,6,0.0,0.0,0.0,0.0,0.0,0.0,0.6232751,0.37672487,0.0
11,6,0.0,0.0,0.0,0.0,0.0,0.0,0.6232751,0.37672487,0.0
11,6,0.0,0.0,0.0,0.0,0.0,0.0,0.6232751,0.37672487,0.0
11,6,0.0,0.0,0.0,0.0,0.0,0.0,0.6232751,0.37672487,0.0
11,6,0.0,0.0,0.0,0.0,0.0,0.0,0.6232751,0.37672487,0.0
11,6,0.0,0.0,0.0,0.0,0.0,0.0,0.696059,0.30394104,0.0
11,6,0.0,0.0,0.0,0.0,0.0,0.0,0.696059,0.30394104,0.0
11,6,0.0,0.0,0.0,0.0,0.0,0.0,0.696059,0.30394104,0.0
11,6,0.0,0.0,0.0,0.0,0.0,0.0,0.696059,0.30394104,0.0
11,6,0.0,0.0,0.0,0.0,0.0,0.0,0.696059,0.30394104,0.0
11,6,0.0,0.0,0.0,0.0,0.0,0.0,0.696059,0.30394104,0.0
11,6,0.0,0.0,0.0,0.0,0.0,0.0,0.696059,0.30394104,0.0
11,6,0.0,0.0,0.0,0.0,0.0,0.0,0.696059,0.30394104,0.0
11,6,0.0,0.0,0.0,0.0,0.0,0.0,0.696059,0.30394104,0.0
11,6,0.0,0.0,0.0,0.0,0.0,0.0,0.696059,0.30394104,0.0
11,6,0.0,0.0,0.0,0.0,0.0,0.0,0.696059,0.30394104,0.0
11,6,0.0,0.0,0.0,0.0,0.0,0.0,0.696059,0.30394104,0.0
11,6,0.0,0.0,0.0,0.0,0.0,0.0,0.696059,0.30394104,0.0
11,6,0.0,0.0,0.0,0.0,0.0,0.0,0.696059,0.30394104,0.0
11,6,0.0,0.0,0.0,0.0,0.0,0.0,0.696059,0.30394104,0.0
11,6,0.0,0.0,0.0,0.0,0.0,0.0,0.696059,0.30394104,0.0
11,6,0.0,0.0,0.0,0.0,0.0,0.0,0.696059,0.30394104,0.0
11,6,0.0,0.0,0.0,0.0,0.0,0.0,0.696059,0.30394104,0.0
11,6,0.0,0.0,0.0,0.0,0.0,0.0,0.696059,0.30394104,0.0
11,6,0.0,0.0,0.0,0.0,0.0,0.0,0.696059,0.30394104,0.0
11,6,0.0,0.0,0.0,0.0,0.0,0.0,0.696059,0.30394104,0.0
11,6,0.0,0.0,0.0,0.0,0.0,0.0,0.696059,0.30394104,0.0
11,6,0.0,0.0,0.0,0.0,0.0,0.0,0.696059,0.30394104,0.0
11,6,0.0,0.0,0.0,0.0,0.0,0.0,0.696059,0.30394104,0.0
11,6,0.0,0.0,0.0,0.0,0.0,0.0,0.696059,0.30394104,0.0
11,6,0.0,0.0,0.0,0.0,0.0,0.0,0.696059,0.30394104,0.0
11,6,0.0,0.0,0.0,0.0,0.0,0.0,0.696059,0.30394104,0.0
11,6,0.0,0.0,0.0,0.0,0.0,0.0,0.81093186,0.18906815,0.0
11,6,0.0,0.0,0.0,0.0,0.0,0.0,0.81093186,0.18906815,0.0
11,6,0.0,0.0,0.0,0.0,0.0,0.0,0.81093186,0.18906815,0.0
11,6,0.0,0.0,0.0,0.0,0.0,0.0,0.81093186,0.18906815,0.0
11,6,0.0,0.0,0.0,0.0,0.0,0.0,0.81093186,0.18906815,0.0
11,6,0.0,0.0,0.0,0.0,0.0,0.0,0.81093186,0.18906815,0.0
11,6,0.0,0.0,0.0,0.0,0.0,0.0,0.81093186,0.18906815,0.0
11,6,0.0,0.0,0.0,0.0,0.0,0.0,0.81093186,0.18906815,0.0
11,6,0.0,0.0,0.0,0.0,0.0,0.0,0.81093186,0.18906815,0.0
11,6,0.0,0.0,0.0,0.0,0.0,0.0,0.81093186,0.18906815,0.0
11,6,0.0,0.0,0.0,0.0,0.0,0.0,0.81093186,0.18906815,0.0
11,6,0.0,0.0,0.0,0.0,0.0,0.0,0.81093186,0.18906815,0.0
11,6,0.0,0.0,0.0,0.0,0.0,0.0,0.81093186,0.18906815,0.0
11,6,0.0,0.0,0.0,0.0,0.0,0.0,0.81093186,0.18906815,0.0
11,6,0.0,0.0,0.0,0.0,0.0,0.0,0.81093186,0.18906815,0.0
11,6,0.0,0.0,0.0,0.0,0.0,0.0,0.81093186,0.18906815,0.0
11,6,0.0,0.0,0.0,0.0,0.0,0.0,0.81093186,0.18906815,0.0
11,6,0.0,0.0,0.0,0.0,0.0,0.0,0.81093186,0.18906815,0.0
11,6,0.0,0.0,0.0,0.0,0.0,0.0,0.81093186,0.18906815,0.0
11,6,0.0,0.0,0.0,0.0,0.0,0.0,0.81093186,0.18906815,0.0
11,6,0.0,0.0,0.0,0.0,0.0,0.0,0.81093186,0.18906815,0.0
11,6,0.0,0.0,0.0,0.0,0.0,0.0,0.81093186,0.18906815,0.0
11,6,0.0,0.0,0.0,0.0,0.0,0.0,0.81093186,0.18906815,0.0
11,6,0.0,0.0,0.0,0.0,0.0,0.0,0.81093186,0.18906815,0.0
11,6,0.0,0.0,0.0,0.0,0.0,0.0,0.87010115,0.12989882,0.0
11,6,0.0,0.0,0.0,0.0,0.0,0.0,0.87010115,0.12989882,0.0
11,6,0.0,0.0,0.0,0.0,0.0,0.0,0.87010115,0.12989882,0.0
11,6,0.0,0.0,0.0,0.0,0.0,0.0,0.87010115,0.12989882,0.0
11,6,0.0,0.0,0.0,0.0,0.0,0.0,0.87010115,0.12989882,0.0
11,6,0.0,0.0,0.0,0.0,0.0,0.0,0.87010115,0.12989882,0.0
11,6,0.0,0.0,0.0,0.0,0.0,0.0,0.87010115,0.12989882,0.0
11,6,0.0,0.0,0.0,0.0,0.0,0.0,0.87010115,0.12989882,0.0
11,6,0.0,0.0,0.0,0.0,0.0,0.0,0.87010115,0.12989882,0.0
11,6,0.0,0.0,0.0,0.0,0.0,0.0,0.87010115,0.12989882,0.0
11,6,0.0,0.0,0.0,0.0,0.0,0.0,0.87010115,0.12989882,0.0
11,6,0.0,0.0,0.0,0.0,0.0,0.0,0.87010115,0.12989882,0.0
11,6,0.0,0.0,0.0,0.0,0.0,0.0,0.87010115,0.12989882,0.0
11,6,0.0,0.0,0.0,0.0,0.0,0.0,0.87010115,0.12989882,0.0
11,6,0.0,0.0,0.0,0.0,0.0,0.0,0.87010115,0.12989882,0.0
11,6,0.0,0.0,0.0,0.0,0.0,0.0,0.87010115,0.12989882,0.0
11,6,0.0,0.0,0.0,0.0,0.0,0.0,0.87010115,0.12989882,0.0
11,6,0.0,0.0,0.0,0.0,0.0,0.0,0.87010115,0.12989882,0.0
11,6,0.0,0.0,0.0,0.0,0.0,0.0,0.87010115,0.12989882,0.0
11,6,0.0,0.0,0.0,0.0,0.0,0.0,0.87010115,0.12989882,0.0
11,6,0.0,0.0,0.0,0.0,0.0,0.0,0.87010115,0.12989882,0.0
11,6,0.0,0.0,0.0,0.0,0.0,0.0,0.87010115,0.12989882,0.0
11,6,0.0,0.0,0.0,0.0,0.0,0.0,0.87010115,0.12989882,0.0
11,6,0.0,0.0,0.0,0.0,0.0,0.0,0.9436636,0.05633639,0.0
11,6,0.0,0.0,0.0,0.0,0.0,0.0,0.9436636,0.05633639,0.0
11,6,0.0,0.0,0.0,0.0,0.0,0.0,0.9436636,0.05633639,0.0
11,6,0.0,0.0,0.0,0.0,0.0,0.0,0.9436636,0.05633639,0.0
11,6,0.0,0.0,0.0,0.0,0.0,0.0,0.9436636,0.05633639,0.0
11,6,0.0,0.0,0.0,0.0,0.0,0.0,0.9436636,0.05633639,0.0
11,6,0.0,0.0,0.0,0.0,0.0,0.0,0.9436636,0.05633639,0.0
11,6,0.0,0.0,0.0,0.0,0.0,0.0,0.9436636,0.05633639,0.0
11,6,0.0,0.0,0.0,0.0,0.0,0.0,0.9436636,0.05633639,0.0
11,6,0.0,0.0,0.0,0.0,0.0,0.0,0.9436636,0.05633639,0.0
11,6,0.0,0.0,0.0,0.0,0.0,0.0,0.9436636,0.05633639,0.0
11,6,0.0,0.0,0.0,0.0,0.0,0.0,0.9436636,0.05633639,0.0
11,6,0.0,0.0,0.0,0.0,0.0,0.0,0.9436636,0.05633639,0.0
11,6,0.0,0.0,0.0,0.0,0.0,0.0,0.9436636,0.05633639,0.0
11,6,0.0,0.0,0.0,0.0,0.0,0.0,0.9436636,0.05633639,0.0
11,6,0.0,0.0,0.0,0.0,0.0,0.0,0.9436636,0.05633639,0.0
11,6,0.0,0.0,0.0,0.0,0.0,0.0,0.9436636,0.05633639,0.0
11,6,0.0,0.0,0.0,0.0,0.0,0.0,1.0,0.0,0.0
11,6,0.0,0.0,0.0,0.0,0.0,0.0,1.0,0.0,0.0
11,6,0.0,0.0,0.0,0.0,0.0,0.0,1.0,0.0,0.0
11,6,0.0,0.0,0.0,0.0,0.0,0.0,1.0,0.0,0.0
11,6,0.0,0.0,0.0,0.0,0.0,0.0,1.0,0.0,0.0
11,6,0.0,0.0,0.0,0.0,0.0,0.0,1.0,0.0,0.0
11,6,0.0,0.0,0.0,0.0,0.0,0.0,1.0,0.0,0.0
11,6,0.0,0.0,0.0,0.0,0.0,0.0,1.0,0.0,0.0
11,6,0.0,0.0,0.0,0.0,0.0,0.0,1.0,0.0,0.0
11,6,0.0,0.0,0.0,0.0,0.0,0.0,1.0,0.0,0.0
11,6,0.0,0.0,0.0,0.0,0.0,0.0,1.0,0.0,0.0
11,6,0.0,0.0,0.0,0.0,0.0,0.0,1.0,0.0,0.0
11,6,0.0,0.0,0.0,0.0,0.0,0.0,1.0,0.0,0.0
11,6,0.0,0.0,0.0,0.0,0.0,0.0,1.0,0.0,0.0
11,6,0.0,0.0,0.0,0.0,0.0,0.0,1.0,0.0,0.0
11,6,0.0,0.0,0.0,0.0,0.0,0.0,1.0,0.0,0.0
11,6,0.0,0.0,0.0,0.0,0.0,0.0,1.0,0.0,0.0
11,6,0.0,0.0,0.0,0.0,0.0,0.0,1.0,0.0,0.0
11,6,0.0,0.0,0.0,0.0,0.0,0.0,1.0,0.0,0.0
11,6,0.0,0.0,0.0,0.0,0.0,0.0,1.0,0.0,0.0
11,6,0.0,0.0,0.0,0.0,0.0,0.0,1.0,0.0,0.0
11,6,0.0,0.0,0.0,0.0,0.0,0.0,1.0,0.0,0.0
11,6,0.0,0.0,0.0,0.0,0.0,0.0,1.0,0.0,0.0
11,6,0.0,0.0,0.0,0.0,0.0,0.0,1.0,0.0,0.0
11,6,0.0,0.0,0.0,0.0,0.0,0.0,1.0,0.0,0.0
11,6,0.0,0.0,0.0,0.0,0.0,0.0,1.0,0.0,0.0
11,6,0.0,0.0,0.0,0.0,0.0,0.0,1.0,0.0,0.0
11,6,0.0,0.0,0.0,0.0,0.0,0.0,1.0,0.0,0.0
11,6,0.0,0.0,0.0,0.0,0.0,0.0,1.0,0.0,0.0
11,6,0.0,0.0,0.0,0.0,0.0,0.0,1.0,0.0,0.0
11,6,0.0,0.0,0.0,0.0,0.0,0.0,1.0,0.0,0.0
11,6,0.0,0.0,0.0,0.0,0.0,0.0,1.0,0.0,0.0
11,6,0.0,0.0,0.0,0.0,0.0,0.0,1.0,0.0,0.0
11,6,0.0,0.0,0.0,0.0,0.0,0.0,1.0,0.0,0.0
11,6,0.0,0.0,0.0,0.0,0.0,0.0,1.0,0.0,0.0
11,6,0.0,0.0,0.0,0.0,0.0,0.0,1.0,0.0,0.0
11,6,0.0,0.0,0.0,0.0,0.0,0.0,1.0,0.0,0.0
11,6,0.0,0.0,0.0,0.0,0.0,0.0,1.0,0.0,0.0
11,6,0.0,0.0,0.0,0.0,0.0,0.0,1.0,0.0,0.0
11,6,0.0,0.0,0.0,0.0,0.0,0.0,1.0,0.0,0.0
11,6,0.0,0.0,0.0,0.0,0.0,0.0,1.0,0.0,0.0
11,6,0.0,0.0,0.0,0.0,0.0,0.0,1.0,0.0,0.0
11,6,0.0,0.0,0.0,0.0,0.0,0.0,1.0,0.0,0.0
11,6,0.0,0.0,0.0,0.0,0.0,0.0,1.0,0.0,0.0
11,6,0.0,0.0,0.0,0.0,0.0,0.0,1.0,0.0,0.0
11,6,0.0,0.0,0.0,0.0,0.0,0.0,1.0,0.0,0.0
11,6,0.0,0.0,0.0,0.0,0.0,0.0,1.0,0.0,0.0
11,6,0.0,0.0,0.0,0.0,0.0,0.0,1.0,0.0,0.0
11,6,0.0,0.0,0.0,0.0,0.0,0.0,1.0,0.0,0.0
11,6,0.0,0.0,0.0,0.0,0.0,0.0,1.0,0.0,0.0
11,6,0.0,0.0,0.0,0.0,0.0,0.0,1.0,0.0,0.0
11,6,0.0,0.0,0.0,0.0,0.0,0.0,1.0,0.0,0.0
11,6,0.0,0.0,0.0,0.0,0.0,0.0,1.0,0.0,0.0
11,6,0.0,0.0,0.0,0.0,0.0,0.0,1.0,0.0,0.0
11,6,0.0,0.0,0.0,0.0,0.0,0.0,1.0,0.0,0.0
11,6,0.0,0.0,0.0,0.0,0.0,0.0,1.0,0.0,0.0
11,6,0.0,0.0,0.0,0.0,0.0,0.0,1.0,0.0,0.0
11,6,0.0,0.0,0.0,0.0,0.0,0.0,1.0,0.0,0.0
11,6,0.0,0.0,0.0,0.0,0.0,0.0,1.0,0.0,0.0
11,6,0.0,0.0,0.0,0.0,0.0,0.0,1.0,0.0,0.0
11,6,0.0,0.0,0.0,0.0,0.0,0.0,1.0,0.0,0.0
11,6,0.0,0.0,0.0,0.0,0.0,0.0,1.0,0.0,0.0
11,6,0.0,0.0,0.0,0.0,0.0,0.0,1.0,0.0,0.0
11,6,0.0,0.0,0.0,0.0,0.0,0.0,1.0,0.0,0.0
11,6,0.0,0.0,0.0,0.0,0.0,0.0,1.0,0.0,0.0
11,6,0.0,0.0,0.0,0.0,0.0,0.0,1.0,0.0,0.0
11,6,0.0,0.0,0.0,0.0,0.0,0.0,1.0,0.0,0.0
11,6,0.0,0.0,0.0,0.0,0.0,0.0,1.0,0.0,0.0
11,6,0.0,0.0,0.0,0.0,0.0,0.0,1.0,0.0,0.0
11,6,0.0,0.0,0.0,0.0,0.0,0.0,1.0,0.0,0.0
11,6,0.0,0.0,0.0,0.0,0.0,0.0,1.0,0.0,0.0
11,6,0.0,0.0,0.0,0.0,0.0,0.0,1.0,0.0,0.0
11,6,0.0,0.0,0.0,0.0,0.0,0.0,1.0,0.0,0.0
11,6,0.0,0.0,0.0,0.0,0.0,0.0,1.0,0.0,0.0
11,6,0.0,0.0,0.0,0.0,0.0,0.0,1.0,0.0,0.0
11,6,0.0,0.0,0.0,0.0,0.0,0.0,1.0,0.0,0.0
11,6,0.0,0.0,0.0,0.0,0.0,0.0,1.0,0.0,0.0
11,6,0.0,0.0,0.0,0.0,0.0,0.0,1.0,0.0,0.0
11,6,0.0,0.0,0.0,0.0,0.0,0.0,1.0,0.0,0.0
11,6,0.0,0.0,0.0,0.0,0.0,0.0,1.0,0.0,0.0
11,6,0.0,0.0,0.0,0.0,0.0,0.0,1.0,0.0,0.0
11,6,0.0,0.0,0.0,0.0,0.0,0.0,1.0,0.0,0.0
11,6,0.0,0.0,0.0,0.0,0.0,0.0,1.0,0.0,0.0
11,6,0.0,0.0,0.0,0.0,0.0,0.0,1.0,0.0,0.0
11,6,0.0,0.0,0.0,0.0,0.0,0.0,1.0,0.0,0.0
11,6,0.0,0.0,0.0,0.0,0.0,0.0,1.0,0.0,0.0
11,6,0.0,0.0,0.0,0.0,0.0,0.0,1.0,0.0,0.0
11,6,0.0,0.0,0.0,0.0,0.0,0.0,1.0,0.0,0.0
11,6,0.0,0.0,0.0,0.0,0.0,0.0,1.0,0.0,0.0
11,6,0.0,0.0,0.0,0.0,0.0,0.0,1.0,0.0,0.0
11,6,0.0,0.0,0.0,0.0,0.0,0.0,1.0,0.0,0.0
11,6,0.0,0.0,0.0,0.0,0.0,0.0,1.0,0.0,0.0
11,6,0.0,0.0,0.0,0.0,0.0,0.0,1.0,0.0,0.0
11,6,0.0,0.0,0.0,0.0,0.0,0.0,1.0,0.0,0.0
11,6,0.0,0.0,0.0,0.0,0.0,0.0,1.0,0.0,0.0
11,6,0.0,0.0,0.0,0.0,0.0,0.0,1.0,0.0,0.0
11,6,0.0,0.0,0.0,0.0,0.0,0.0,1.0,0.0,0.0
11,6,0.0,0.0,0.0,0.0,0.0,0.0,1.0,0.0,0.0
11,6,0.0,0.0,0.0,0.0,0.0,0.0,1.0,0.0,0.0
11,6,0.0,0.0,0.0,0.0,0.0,0.0,1.0,0.0,0.0
11,6,0.0,0.0,0.0,0.0,0.0,0.0,1.0,0.0,0.0
11,6,0.0,0.0,0.0,0.0,0.0,0.0,1.0,0.0,0.0
11,6,0.0,0.0,0.0,0.0,0.0,0.0,1.0,0.0,0.0
11,6,0.0,0.0,0.0,0.0,0.0,0.0,1.0,0.0,0.0
11,6,0.0,0.0,0.0,0.0,0.0,0.0,1.0,0.0,0.0
11,6,0.0,0.0,0.0,0.0,0.0,0.0,1.0,0.0,0.0
11,6,0.0,0.0,0.0,0.0,0.0,0.0,1.0,0.0,0.0
11,6,0.0,0.0,0.0,0.0,0.0,0.0,1.0,0.0,0.0
11,6,0.0,0.0,0.0,0.0,0.0,0.0,1.0,0.0,0.0
11,6,0.0,0.0,0.0,0.0,0.0,0.0,1.0,0.0,0.0
11,6,0.0,0.0,0.0,0.0,0.0,0.0,1.0,0.0,0.0
11,6,0.0,0.0,0.0,0.0,0.0,0.0,1.0,0.0,0.0
11,6,0.0,0.0,0.0,0.0,0.0,0.0,1.0,0.0,0.0
11,6,0.0,0.0,0.0,0.0,0.0,0.0,1.0,0.0,0.0
11,6,0.0,0.0,0.0,0.0,0.0,0.0,1.0,0.0,0.0
11,6,0.0,0.0,0.0,0.0,0.0,0.0,1.0,0.0,0.0
11,6,0.0,0.0,0.0,0.0,0.0,0.0,1.0,0.0,0.0
11,6,0.0,0.0,0.0,0.0,0.0,0.0,1.0,0.0,0.0
11,6,0.0,0.0,0.0,0.0,0.0,0.0,1.0,0.0,0.0
11,6,0.0,0.0,0.0,0.0,0.0,0.0,1.0,0.0,0.0
11,6,0.0,0.0,0.0,0.0,0.0,0.0,1.0,0.0,0.0
11,6,0.0,0.0,0.0,0.0,0.0,0.0,1.0,0.0,0.0
11,6,0.0,0.0,0.0,0.0,0.0,0.0,1.0,0.0,0.0
11,6,0.0,0.0,0.0,0.0,0.0,0.0,1.0,0.0,0.0
11,6,0.0,0.0,0.0,0.0,0.0,0.0,1.0,0.0,0.0
11,6,0.0,0.0,0.0,0.0,0.0,0.0,1.0,0.0,0.0
11,6,0.0,0.0,0.0,0.0,0.0,0.0,1.0,0.0,0.0
11,6,0.0,0.0,0.0,0.0,0.0,0.0,1.0,0.0,0.0
11,6,0.0,0.0,0.0,0.0,0.0,0.0,1.0,0.0,0.0
11,6,0.0,0.0,0.0,0.0,0.0,0.0,1.0,0.0,0.0
11,6,0.0,0.0,0.0,0.0,0.0,0.0,1.0,0.0,0.0
11,6,0.0,0.0,0.0,0.0,0.0,0.0,1.0,0.0,0.0
11,6,0.0,0.0,0.0,0.0,0.0,0.0,1.0,0.0,0.0
11,6,0.0,0.0,0.0,0.0,0.0,0.0,1.0,0.0,0.0
11,6,0.0,0.0,0.0,0.0,0.0,0.0,1.0,0.0,0.0
11,6,0.0,0.0,0.0,0.0,0.0,0.0,1.0,0.0,0.0
11,6,0.0,0.0,0.0,0.0,0.0,0.0,1.0,0.0,0.0
11,6,0.0,0.0,0.0,0.0,0.0,0.0,1.0,0.0,0.0
11,6,0.0,0.0,0.0,0.0,0.0,0.0,1.0,0.0,0.0
11,6,0.0,0.0,0.0,0.0,0.0,0.0,1.0,0.0,0.0
11,6,0.0,0.0,0.0,0.0,0.0,0.0,1.0,0.0,0.0
11,6,0.0,0.0,0.0,0.0,0.0,0.0,1.0,0.0,0.0
11,6,0.0,0.0,0.0,0.0,0.0,0.0,1.0,0.0,0.0
11,6,0.0,0.0,0.0,0.0,0.0,0.0,1.0,0.0,0.0
11,6,0.0,0.0,0.0,0.0,0.0,0.0,1.0,0.0,0.0
11,6,0.0,0.0,0.0,0.0,0.0,0.0,1.0,0.0,0.0
11,6,0.0,0.0,0.0,0.0,0.0,0.0,1.0,0.0,0.0
11,6,0.0,0.0,0.0,0.0,0.0,0.0,1.0,0.0,0.0
11,6,0.0,0.0,0.0,0.0,0.0,0.0,1.0,0.0,0.0
11,6,0.0,0.0,0.0,0.0,0.0,0.0,1.0,0.0,0.0
11,6,0.0,0.0,0.0,0.0,0.0,0.0,1.0,0.0,0.0
11,6,0.0,0.0,0.0,0.0,0.0,0.0,1.0,0.0,0.0
11,6,0.0,0.0,0.0,0.0,0.0,0.0,1.0,0.0,0.0
11,6,0.0,0.0,0.0,0.0,0.0,0.0,1.0,0.0,0.0
11,6,0.0,0.0,0.0,0.0,0.0,0.0,1.0,0.0,0.0
11,6,0.0,0.0,0.0,0.0,0.0,0.0,1.0,0.0,0.0
11,6,0.0,0.0,0.0,0.0,0.0,0.0,1.0,0.0,0.0
11,6,0.0,0.0,0.0,0.0,0.0,0.0,1.0,0.0,0.0
11,6,0.0,0.0,0.0,0.0,0.0,0.0,1.0,0.0,0.0
11,6,0.0,0.0,0.0,0.0,0.0,0.0,1.0,0.0,0.0
11,6,0.0,0.0,0.0,0.0,0.0,0.0,1.0,0.0,0.0
11,6,0.0,0.0,0.0,0.0,0.0,0.0,1.0,0.0,0.0
11,6,0.0,0.0,0.0,0.0,0.0,0.0,1.0,0.0,0.0
11,6,0.0,0.0,0.0,0.0,0.0,0.0,1.0,0.0,0.0
11,6,0.0,0.0,0.0,0.0,0.0,0.0,1.0,0.0,0.0
11,6,0.0,0.0,0.0,0.0,0.0,0.0,1.0,0.0,0.0
11,6,0.0,0.0,0.0,0.0,0.0,0.0,1.0,0.0,0.0
11,6,0.0,0.0,0.0,0.0,0.0,0.0,1.0,0.0,0.0
11,6,0.0,0.0,0.0,0.0,0.0,0.0,1.0,0.0,0.0
11,6,0.0,0.0,0.0,0.0,0.0,0.0,1.0,0.0,0.0
11,6,0.0,0.0,0.0,0.0,0.0,0.0,1.0,0.0,0.0
11,6,0.0,0.0,0.0,0.0,0.0,0.0,1.0,0.0,0.0
11,6,0.0,0.0,0.0,0.0,0.0,0.0,1.0,0.0,0.0
11,6,0.0,0.0,0.0,0.0,0.0,0.0,1.0,0.0,0.0
11,6,0.0,0.0,0.0,0.0,0.0,0.0,1.0,0.0,0.0
11,6,0.0,0.0,0.0,0.0,0.0,0.0,1.0,0.0,0.0
11,6,0.0,0.0,0.0,0.0,0.0,0.0,1.0,0.0,0.0
11,6,0.0,0.0,0.0,0.0,0.0,0.0,1.0,0.0,0.0
11,6,0.0,0.0,0.0,0.0,0.0,0.0,1.0,0.0,0.0
11,6,0.0,0.0,0.0,0.0,0.0,0.0,1.0,0.0,0.0
11,6,0.0,0.0,0.0,0.0,0.0,0.0,1.0,0.0,0.0
11,6,0.0,0.0,0.0,0.0,0.0,0.0,1.0,0.0,0.0
11,6,0.0,0.0,0.0,0.0,0.0,0.0,1.0,0.0,0.0
11,6,0.0,0.0,0.0,0.0,0.0,0.0,1.0,0.0,0.0
11,6,0.0,0.0,0.0,0.0,0.0,0.0,1.0,0.0,0.0
11,6,0.0,0.0,0.0,0.0,0.0,0.0,1.0,0.0,0.0
11,6,0.0,0.0,0.0,0.0,0.0,0.0,1.0,0.0,0.0
11,6,0.0,0.0,0.0,0.0,0.0,0.0,1.0,0.0,0.0
11,6,0.0,0.0,0.0,0.0,0.0,0.0,1.0,0.0,0.0
11,6,0.0,0.0,0.0,0.0,0.0,0.0,1.0,0.0,0.0
11,6,0.0,0.0,0.0,0.0,0.0,0.0,1.0,0.0,0.0
11,6,0.0,0.0,0.0,0.0,0.0,0.0,1.0,0.0,0.0
11,6,0.0,0.0,0.0,0.0,0.0,0.0,1.0,0.0,0.0
11,6,0.0,0.0,0.0,0.0,0.0,0.0,1.0,0.0,0.0
11,6,0.0,0.0,0.0,0.0,0.0,0.0,1.0,0.0,0.0
11,6,0.0,0.0,0.0,0.0,0.0,0.0,1.0,0.0,0.0
11,6,0.0,0.0,0.0,0.0,0.0,0.0,1.0,0.0,0.0
11,6,0.0,0.0,0.0,0.0,0.0,0.0,1.0,0.0,0.0
11,6,0.0,0.0,0.0,0.0,0.0,0.0,1.0,0.0,0.0
11,6,0.0,0.0,0.0,0.0,0.0,0.0,1.0,0.0,0.0
11,6,0.0,0.0,0.0,0.0,0.0,0.0,1.0,0.0,0.0
11,6,0.0,0.0,0.0,0.0,0.0,0.0,1.0,0.0,0.0
11,6,0.0,0.0,0.0,0.0,0.0,0.0,1.0,0.0,0.0
11,6,0.0,0.0,0.0,0.0,0.0,0.0,1.0,0.0,0.0
11,6,0.0,0.0,0.0,0.0,0.0,0.0,1.0,0.0,0.0
11,6,0.0,0.0,0.0,0.0,0.0,0.0,1.0,0.0,0.0
11,6,0.0,0.0,0.0,0.0,0.0,0.0,1.0,0.0,0.0
11,6,0.0,0.0,0.0,0.0,0.0,0.0,1.0,0.0,0.0
11,6,0.0,0.0,0.0,0.0,0.0,0.0,1.0,0.0,0.0
11,6,0.0,0.0,0.0,0.0,0.0,0.0,1.0,0.0,0.0
11,6,0.0,0.0,0.0,0.0,0.0,0.0,1.0,0.0,0.0
11,6,0.0,0.0,0.0,0.0,0.0,0.0,1.0,0.0,0.0
11,6,0.0,0.0,0.0,0.0,0.0,0.0,1.0,0.0,0.0
11,6,0.0,0.0,0.0,0.0,0.0,0.0,1.0,0.0,0.0
11,6,0.0,0.0,0.0,0.0,0.0,0.0,1.0,0.0,0.0
11,6,0.0,0.0,0.0,0.0,0.0,0.0,1.0,0.0,0.0
11,6,0.0,0.0,0.0,0.0,0.0,0.0,1.0,0.0,0.0
11,6,0.0,0.0,0.0,0.0,0.0,0.0,1.0,0.0,0.0
11,6,0.0,0.0,0.0,0.0,0.0,0.0,1.0,0.0,0.0
11,6,0.0,0.0,0.0,0.0,0.0,0.0,1.0,0.0,0.0
11,6,0.0,0.0,0.0,0.0,0.0,0.0,1.0,0.0,0.0
11,6,0.0,0.0,0.0,0.0,0.0,0.0,1.0,0.0,0.0
11,6,0.0,0.0,0.0,0.0,0.0,0.0,1.0,0.0,0.0
11,6,0.0,0.0,0.0,0.0,0.0,0.0,1.0,0.0,0.0
11,6,0.0,0.0,0.0,0.0,0.0,0.0,1.0,0.0,0.0
11,6,0.0,0.0,0.0,0.0,0.0,0.0,1.0,0.0,0.0
11,6,0.0,0.0,0.0,0.0,0.0,0.0,1.0,0.0,0.0
11,6,0.0,0.0,0.0,0.0,0.0,0.0,1.0,0.0,0.0
11,6,0.0,0.0,0.0,0.0,0.0,0.0,1.0,0.0,0.0
11,6,0.0,0.0,0.0,0.0,0.0,0.0,1.0,0.0,0.0
11,6,0.0,0.0,0.0,0.0,0.0,0.0,1.0,0.0,0.0
11,6,0.0,0.0,0.0,0.0,0.0,0.0,1.0,0.0,0.0
11,6,0.0,0.0,0.0,0.0,0.0,0.0,1.0,0.0,0.0
11,6,0.0,0.0,0.0,0.0,0.0,0.0,1.0,0.0,0.0
11,6,0.0,0.0,0.0,0.0,0.0,0.0,1.0,0.0,0.0
11,6,0.0,0.0,0.0,0.0,0.0,0.0,1.0,0.0,0.0
11,6,0.0,0.0,0.0,0.0,0.0,0.0,1.0,0.0,0.0
11,6,0.0,0.0,0.0,0.0,0.0,0.0,1.0,0.0,0.0
11,6,0.0,0.0,0.0,0.0,0.0,0.0,1.0,0.0,0.0
11,6,0.0,0.0,0.0,0.0,0.0,0.0,1.0,0.0,0.0
11,6,0.0,0.0,0.0,0.0,0.0,0.0,1.0,0.0,0.0
11,6,0.0,0.0,0.0,0.0,0.0,0.0,1.0,0.0,0.0
11,6,0.0,0.0,0.0,0.0,0.0,0.0,1.0,0.0,0.0
11,6,0.0,0.0,0.0,0.0,0.0,0.0,1.0,0.0,0.0
11,6,0.0,0.0,0.0,0.0,0.0,0.0,1.0,0.0,0.0
11,6,0.0,0.0,0.0,0.0,0.0,0.0,1.0,0.0,0.0
11,6,0.0,0.0,0.0,0.0,0.0,0.0,1.0,0.0,0.0
11,6,0.0,0.0,0.0,0.0,0.0,0.0,1.0,0.0,0.0
11,6,0.0,0.0,0.0,0.0,0.0,0.0,1.0,0.0,0.0
11,6,0.0,0.0,0.0,0.0,0.0,0.0,1.0,0.0,0.0
11,6,0.0,0.0,0.0,0.0,0.0,0.0,1.0,0.0,0.0
11,6,0.0,0.0,0.0,0.0,0.0,0.0,1.0,0.0,0.0
11,6,0.0,0.0,0.0,0.0,0.0,0.0,1.0,0.0,0.0
11,6,0.0,0.0,0.0,0.0,0.0,0.0,1.0,0.0,0.0
11,6,0.0,0.0,0.0,0.0,0.0,0.0,1.0,0.0,0.0
11,6,0.0,0.0,0.0,0.0,0.0,0.0,1.0,0.0,0.0
11,6,0.0,0.0,0.0,0.0,0.0,0.0,1.0,0.0,0.0
11,6,0.0,0.0,0.0,0.0,0.0,0.0,1.0,0.0,0.0
11,6,0.0,0.0,0.0,0.0,0.0,0.0,1.0,0.0,0.0
11,6,0.0,0.0,0.0,0.0,0.0,0.0,1.0,0.0,0.0
11,6,0.0,0.0,0.0,0.0,0.0,0.0,1.0,0.0,0.0
11,6,0.0,0.0,0.0,0.0,0.0,0.0,1.0,0.0,0.0
11,6,0.0,0.0,0.0,0.0,0.0,0.0,1.0,0.0,0.0
11,6,0.0,0.0,0.0,0.0,0.0,0.0,1.0,0.0,0.0
11,6,0.0,0.0,0.0,0.0,0.0,0.0,1.0,0.0,0.0
11,6,0.0,0.0,0.0,0.0,0.0,0.0,1.0,0.0,0.0
11,6,0.0,0.0,0.0,0.0,0.0,0.0,1.0,0.0,0.0
11,6,0.0,0.0,0.0,0.0,0.0,0.0,1.0,0.0,0.0
11,6,0.0,0.0,0.0,0.0,0.0,0.0,1.0,0.0,0.0
11,6,0.0,0.0,0.0,0.0,0.0,0.0,1.0,0.0,0.0
11,6,0.0,0.0,0.0,0.0,0.0,0.0,1.0,0.0,0.0
11,6,0.0,0.0,0.0,0.0,0.0,0.0,1.0,0.0,0.0
11,6,0.0,0.0,0.0,0.0,0.0,0.0,1.0,0.0,0.0
11,6,0.0,0.0,0.0,0.0,0.0,0.0,1.0,0.0,0.0
11,6,0.0,0.0,0.0,0.0,0.0,0.0,1.0,0.0,0.0
11,6,0.0,0.0,0.0,0.0,0.0,0.0,1.0,0.0,0.0
11,6,0.0,0.0,0.0,0.0,0.0,0.0,1.0,0.0,0.0
11,6,0.0,0.0,0.0,0.0,0.0,0.0,1.0,0.0,0.0
11,6,0.0,0.0,0.0,0.0,0.0,0.0,1.0,0.0,0.0
11,6,0.0,0.0,0.0,0.0,0.0,0.0,1.0,0.0,0.0
11,6,0.0,0.0,0.0,0.0,0.0,0.0,1.0,0.0,0.0
11,6,0.0,0.0,0.0,0.0,0.0,0.0,1.0,0.0,0.0
11,6,0.0,0.0,0.0,0.0,0.0,0.0,1.0,0.0,0.0
11,6,0.0,0.0,0.0,0.0,0.0,0.0,1.0,0.0,0.0
11,6,0.0,0.0,0.0,0.0,0.0,0.0,1.0,0.0,0.0
11,6,0.0,0.0,0.0,0.0,0.0,0.0,1.0,0.0,0.0
11,6,0.0,0.0,0.0,0.0,0.0,0.0,1.0,0.0,0.0
11,6,0.0,0.0,0.0,0.0,0.0,0.0,1.0,0.0,0.0
11,6,0.0,0.0,0.0,0.0,0.0,0.0,1.0,0.0,0.0
11,6,0.0,0.0,0.0,0.0,0.0,0.0,1.0,0.0,0.0
11,6,0.0,0.0,0.0,0.0,0.0,0.0,1.0,0.0,0.0
11,6,0.0,0.0,0.0,0.0,0.0,0.0,1.0,0.0,0.0
11,6,0.0,0.0,0.0,0.0,0.0,0.0,1.0,0.0,0.0
11,6,0.0,0.0,0.0,0.0,0.0,0.0,1.0,0.0,0.0
11,6,0.0,0.0,0.0,0.0,0.0,0.0,1.0,0.0,0.0
11,6,0.0,0.0,0.0,0.0,0.0,0.0,1.0,0.0,0.0
11,6,0.0,0.0,0.0,0.0,0.0,0.0,1.0,0.0,0.0
11,6,0.0,0.0,0.0,0.0,0.0,0.0,1.0,0.0,0.0
11,6,0.0,0.0,0.0,0.0,0.0,0.0,1.0,0.0,0.0
11,6,0.0,0.0,0.0,0.0,0.0,0.0,1.0,0.0,0.0
11,6,0.0,0.0,0.0,0.0,0.0,0.0,1.0,0.0,0.0
11,6,0.0,0.0,0.0,0.0,0.0,0.0,1.0,0.0,0.0
11,6,0.0,0.0,0.0,0.0,0.0,0.0,1.0,0.0,0.0
11,6,0.0,0.0,0.0,0.0,0.0,0.0,1.0,0.0,0.0
11,6,0.0,0.0,0.0,0.0,0.0,0.0,1.0,0.0,0.0
11,6,0.0,0.0,0.0,0.0,0.0,0.0,1.0,0.0,0.0
11,6,0.0,0.0,0.0,0.0,0.0,0.0,1.0,0.0,0.0
11,6,0.0,0.0,0.0,0.0,0.0,0.0,1.0,0.0,0.0
11,6,0.0,0.0,0.0,0.0,0.0,0.0,1.0,0.0,0.0
11,6,0.0,0.0,0.0,0.0,0.0,0.0,1.0,0.0,0.0
11,6,0.0,0.0,0.0,0.0,0.0,0.0,1.0,0.0,0.0
11,6,0.0,0.0,0.0,0.0,0.0,0.0,1.0,0.0,0.0
11,6,0.0,0.0,0.0,0.0,0.0,0.0,1.0,0.0,0.0
11,6,0.0,0.0,0.0,0.0,0.0,0.0,1.0,0.0,0.0
11,6,0.0,0.0,0.0,0.0,0.0,0.0,1.0,0.0,0.0
11,6,0.0,0.0,0.0,0.0,0.0,0.0,1.0,0.0,0.0
11,6,0.0,0.0,0.0,0.0,0.0,0.0,1.0,0.0,0.0
11,6,0.0,0.0,0.0,0.0,0.0,0.0,1.0,0.0,0.0
11,6,0.0,0.0,0.0,0.0,0.0,0.0,1.0,0.0,0.0
11,6,0.0,0.0,0.0,0.0,0.0,0.0,1.0,0.0,0.0
11,6,0.0,0.0,0.0,0.0,0.0,0.0,1.0,0.0,0.0
11,6,0.0,0.0,0.0,0.0,0.0,0.0,1.0,0.0,0.0
11,6,0.0,0.0,0.0,0.0,0.0,0.0,1.0,0.0,0.0
11,6,0.0,0.0,0.0,0.0,0.0,0.0,1.0,0.0,0.0
11,6,0.0,0.0,0.0,0.0,0.0,0.0,1.0,0.0,0.0
11,6,0.0,0.0,0.0,0.0,0.0,0.0,1.0,0.0,0.0
11,6,0.0,0.0,0.0,0.0,0.0,0.0,1.0,0.0,0.0
11,6,0.0,0.0,0.0,0.0,0.0,0.0,1.0,0.0,0.0
11,6,0.0,0.0,0.0,0.0,0.0,0.0,1.0,0.0,0.0
11,6,0.0,0.0,0.0,0.0,0.0,0.0,1.0,0.0,0.0
11,6,0.0,0.0,0.0,0.0,0.0,0.0,1.0,0.0,0.0
11,6,0.0,0.0,0.0,0.0,0.0,0.0,1.0,0.0,0.0
11,6,0.0,0.0,0.0,0.0,0.0,0.0,1.0,0.0,0.0
11,6,0.0,0.0,0.0,0.0,0.0,0.0,1.0,0.0,0.0
11,6,0.0,0.0,0.0,0.0,0.0,0.0,1.0,0.0,0.0
11,6,0.0,0.0,0.0,0.0,0.0,0.0,1.0,0.0,0.0
11,6,0.0,0.0,0.0,0.0,0.0,0.0,1.0,0.0,0.0
11,6,0.0,0.0,0.0,0.0,0.0,0.0,1.0,0.0,0.0
11,6,0.0,0.0,0.0,0.0,0.0,0.0,1.0,0.0,0.0
11,6,0.0,0.0,0.0,0.0,0.0,0.0,1.0,0.0,0.0
11,6,0.0,0.0,0.0,0.0,0.0,0.0,1.0,0.0,0.0
11,6,0.0,0.0,0.0,0.0,0.0,0.0,1.0,0.0,0.0
11,6,0.0,0.0,0.0,0.0,0.0,0.0,1.0,0.0,0.0
11,6,0.0,0.0,0.0,0.0,0.0,0.0,1.0,0.0,0.0
11,6,0.0,0.0,0.0,0.0,0.0,0.0,1.0,0.0,0.0
11,6,0.0,0.0,0.0,0.0,0.0,0.0,1.0,0.0,0.0
11,6,0.0,0.0,0.0,0.0,0.0,0.0,1.0,0.0,0.0
11,6,0.0,0.0,0.0,0.0,0.0,0.0,1.0,0.0,0.0
11,6,0.0,0.0,0.0,0.0,0.0,0.0,1.0,0.0,0.0
11,6,0.0,0.0,0.0,0.0,0.0,0.0,1.0,0.0,0.0
11,6,0.0,0.0,0.0,0.0,0.0,0.0,1.0,0.0,0.0
11,6,0.0,0.0,0.0,0.0,0.0,0.0,1.0,0.0,0.0
11,6,0.0,0.0,0.0,0.0,0.0,0.0,1.0,0.0,0.0
11,6,0.0,0.0,0.0,0.0,0.0,0.0,1.0,0.0,0.0
11,6,0.0,0.0,0.0,0.0,0.0,0.0,1.0,0.0,0.0
11,6,0.0,0.0,0.0,0.0,0.0,0.0,1.0,0.0,0.0
11,6,0.0,0.0,0.0,0.0,0.0,0.0,1.0,0.0,0.0
11,6,0.0,0.0,0.0,0.0,0.0,0.0,1.0,0.0,0.0
11,6,0.0,0.0,0.0,0.0,0.0,0.0,1.0,0.0,0.0
11,6,0.0,0.0,0.0,0.0,0.0,0.0,1.0,0.0,0.0
11,6,0.0,0.0,0.0,0.0,0.0,0.0,1.0,0.0,0.0
11,6,0.0,0.0,0.0,0.0,0.0,0.0,1.0,0.0,0.0
11,6,0.0,0.0,0.0,0.0,0.0,0.0,1.0,0.0,0.0
11,6,0.0,0.0,0.0,0.0,0.0,0.0,1.0,0.0,0.0
11,6,0.0,0.0,0.0,0.0,0.0,0.0,1.0,0.0,0.0
11,6,0.0,0.0,0.0,0.0,0.0,0.0,1.0,0.0,0.0
11,6,0.0,0.0,0.0,0.0,0.0,0.0,1.0,0.0,0.0
11,6,0.0,0.0,0.0,0.0,0.0,0.0,1.0,0.0,0.0
11,6,0.0,0.0,0.0,0.0,0.0,0.0,1.0,0.0,0.0
11,6,0.0,0.0,0.0,0.0,0.0,0.0,1.0,0.0,0.0
11,6,0.0,0.0,0.0,0.0,0.0,0.0,1.0,0.0,0.0
11,6,0.0,0.0,0.0,0.0,0.0,0.0,1.0,0.0,0.0
11,6,0.0,0.0,0.0,0.0,0.0,0.0,1.0,0.0,0.0
11,6,0.0,0.0,0.0,0.0,0.0,0.0,1.0,0.0,0.0
11,6,0.0,0.0,0.0,0.0,0.0,0.0,1.0,0.0,0.0
11,6,0.0,0.0,0.0,0.0,0.0,0.0,1.0,0.0,0.0
11,6,0.0,0.0,0.0,0.0,0.0,0.0,1.0,0.0,0.0
11,6,0.0,0.0,0.0,0.0,0.0,0.0,1.0,0.0,0.0
11,6,0.0,0.0,0.0,0.0,0.0,0.0,1.0,0.0,0.0
11,6,0.0,0.0,0.0,0.0,0.0,0.0,1.0,0.0,0.0
11,6,0.0,0.0,0.0,0.0,0.0,0.0,1.0,0.0,0.0
11,6,0.0,0.0,0.0,0.0,0.0,0.0,1.0,0.0,0.0
11,6,0.0,0.0,0.0,0.0,0.0,0.0,1.0,0.0,0.0
11,6,0.0,0.0,0.0,0.0,0.0,0.0,1.0,0.0,0.0
11,6,0.0,0.0,0.0,0.0,0.0,0.0,1.0,0.0,0.0
11,6,0.0,0.0,0.0,0.0,0.0,0.0,1.0,0.0,0.0
11,6,0.0,0.0,0.0,0.0,0.0,0.0,1.0,0.0,0.0
11,6,0.0,0.0,0.0,0.0,0.0,0.0,1.0,0.0,0.0
11,6,0.0,0.0,0.0,0.0,0.0,0.0,1.0,0.0,0.0
11,6,0.0,0.0,0.0,0.0,0.0,0.0,1.0,0.0,0.0
11,6,0.0,0.0,0.0,0.0,0.0,0.0,1.0,0.0,0.0
11,6,0.0,0.0,0.0,0.0,0.0,0.0,1.0,0.0,0.0
11,6,0.0,0.0,0.0,0.0,0.0,0.0,1.0,0.0,0.0
11,6,0.0,0.0,0.0,0.0,0.0,0.0,1.0,0.0,0.0
11,6,0.0,0.0,0.0,0.0,0.0,0.0,1.0,0.0,0.0
11,6,0.0,0.0,0.0,0.0,0.0,0.0,1.0,0.0,0.0
11,6,0.0,0.0,0.0,0.0,0.0,0.0,1.0,0.0,0.0
11,6,0.0,0.0,0.0,0.0,0.0,0.0,1.0,0.0,0.0
11,6,0.0,0.0,0.0,0.0,0.0,0.0,1.0,0.0,0.0
11,6,0.0,0.0,0.0,0.0,0.0,0.0,1.0,0.0,0.0
11,6,0.0,0.0,0.0,0.0,0.0,0.0,1.0,0.0,0.0
11,6,0.0,0.0,0.0,0.0,0.0,0.0,1.0,0.0,0.0
11,6,0.0,0.0,0.0,0.0,0.0,0.0,1.0,0.0,0.0
11,6,0.0,0.0,0.0,0.0,0.0,0.0,1.0,0.0,0.0
11,6,0.0,0.0,0.0,0.0,0.0,0.0,1.0,0.0,0.0
11,6,0.0,0.0,0.0,0.0,0.0,0.0,1.0,0.0,0.0
11,6,0.0,0.0,0.0,0.0,0.0,0.0,1.0,0.0,0.0
11,6,0.0,0.0,0.0,0.0,0.0,0.0,1.0,0.0,0.0
11,6,0.0,0.0,0.0,0.0,0.0,0.0,1.0,0.0,0.0
11,6,0.0,0.0,0.0,0.0,0.0,0.0,1.0,0.0,0.0
11,6,0.0,0.0,0.0,0.0,0.0,0.0,1.0,0.0,0.0
11,6,0.0,0.0,0.0,0.0,0.0,0.0,1.0,0.0,0.0
11,6,0.0,0.0,0.0,0.0,0.0,0.0,1.0,0.0,0.0
11,6,0.0,0.0,0.0,0.0,0.0,0.0,1.0,0.0,0.0
11,6,0.0,0.0,0.0,0.0,0.0,0.0,1.0,0.0,0.0
11,6,0.0,0.0,0.0,0.0,0.0,0.0,1.0,0.0,0.0
11,6,0.0,0.0,0.0,0.0,0.0,0.0,1.0,0.0,0.0
11,6,0.0,0.0,0.0,0.0,0.0,0.0,1.0,0.0,0.0
11,6,0.0,0.0,0.0,0.0,0.0,0.0,1.0,0.0,0.0
11,6,0.0,0.0,0.0,0.0,0.0,0.0,1.0,0.0,0.0
11,6,0.0,0.0,0.0,0.0,0.0,0.0,1.0,0.0,0.0
11,6,0.0,0.0,0.0,0.0,0.0,0.0,1.0,0.0,0.0
11,6,0.0,0.0,0.0,0.0,0.0,0.0,1.0,0.0,0.0
11,6,0.0,0.0,0.0,0.0,0.0,0.0,1.0,0.0,0.0
11,6,0.0,0.0,0.0,0.0,0.0,0.0,1.0,0.0,0.0
11,6,0.0,0.0,0.0,0.0,0.0,0.0,1.0,0.0,0.0
11,6,0.0,0.0,0.0,0.0,0.0,0.0,1.0,0.0,0.0
11,6,0.0,0.0,0.0,0.0,0.0,0.0,1.0,0.0,0.0
11,6,0.0,0.0,0.0,0.0,0.0,0.0,1.0,0.0,0.0
11,6,0.0,0.0,0.0,0.0,0.0,0.0,1.0,0.0,0.0
11,6,0.0,0.0,0.0,0.0,0.0,0.0,1.0,0.0,0.0
11,6,0.0,0.0,0.0,0.0,0.0,0.0,1.0,0.0,0.0
11,6,0.0,0.0,0.0,0.0,0.0,0.0,1.0,0.0,0.0
11,6,0.0,0.0,0.0,0.0,0.0,0.0,1.0,0.0,0.0
11,6,0.0,0.0,0.0,0.0,0.0,0.0,1.0,0.0,0.0
11,6,0.0,0.0,0.0,0.0,0.0,0.0,1.0,0.0,0.0
11,6,0.0,0.0,0.0,0.0,0.0,0.0,1.0,0.0,0.0
11,6,0.0,0.0,0.0,0.0,0.0,0.0,1.0,0.0,0.0
11,6,0.0,0.0,0.0,0.0,0.0,0.0,1.0,0.0,0.0
11,6,0.0,0.0,0.0,0.0,0.0,0.0,1.0,0.0,0.0
11,6,0.0,0.0,0.0,0.0,0.0,0.0,1.0,0.0,0.0
11,6,0.0,0.0,0.0,0.0,0.0,0.0,1.0,0.0,0.0
11,6,0.0,0.0,0.0,0.0,0.0,0.0,1.0,0.0,0.0
11,6,0.0,0.0,0.0,0.0,0.0,0.0,1.0,0.0,0.0
11,6,0.0,0.0,0.0,0.0,0.0,0.0,1.0,0.0,0.0
11,6,0.0,0.0,0.0,0.0,0.0,0.0,1.0,0.0,0.0
11,6,0.0,0.0,0.0,0.0,0.0,0.0,1.0,0.0,0.0
11,6,0.0,0.0,0.0,0.0,0.0,0.0,1.0,0.0,0.0
11,6,0.0,0.0,0.0,0.0,0.0,0.0,1.0,0.0,0.0
11,6,0.0,0.0,0.0,0.0,0.0,0.0,1.0,0.0,0.0
11,6,0.0,0.0,0.0,0.0,0.0,0.0,1.0,0.0,0.0
11,6,0.0,0.0,0.0,0.0,0.0,0.0,1.0,0.0,0.0
11,6,0.0,0.0,0.0,0.0,0.0,0.0,1.0,0.0,0.0
11,6,0.0,0.0,0.0,0.0,0.0,0.0,1.0,0.0,0.0
11,6,0.0,0.0,0.0,0.0,0.0,0.0,1.0,0.0,0.0
11,6,0.0,0.0,0.0,0.0,0.0,0.0,1.0,0.0,0.0
11,6,0.0,0.0,0.0,0.0,0.0,0.0,1.0,0.0,0.0
11,6,0.0,0.0,0.0,0.0,0.0,0.0,1.0,0.0,0.0
11,6,0.0,0.0,0.0,0.0,0.0,0.0,1.0,0.0,0.0
11,6,0.0,0.0,0.0,0.0,0.0,0.0,1.0,0.0,0.0
11,6,0.0,0.0,0.0,0.0,0.0,0.0,1.0,0.0,0.0
11,6,0.0,0.0,0.0,0.0,0.0,0.0,1.0,0.0,0.0
11,6,0.0,0.0,0.0,0.0,0.0,0.0,1.0,0.0,0.0
11,6,0.0,0.0,0.0,0.0,0.0,0.0,1.0,0.0,0.0
11,6,0.0,0.0,0.0,0.0,0.0,0.0,1.0,0.0,0.0
11,6,0.0,0.0,0.0,0.0,0.0,0.0,1.0,0.0,0.0
11,6,0.0,0.0,0.0,0.0,0.0,0.0,1.0,0.0,0.0
11,6,0.0,0.0,0.0,0.0,0.0,0.0,1.0,0.0,0.0
11,6,0.0,0.0,0.0,0.0,0.0,0.0,1.0,0.0,0.0
11,6,0.0,0.0,0.0,0.0,0.0,0.0,1.0,0.0,0.0
11,6,0.0,0.0,0.0,0.0,0.0,0.0,1.0,0.0,0.0
11,6,0.0,0.0,0.0,0.0,0.0,0.0,1.0,0.0,0.0
11,6,0.0,0.0,0.0,0.0,0.0,0.0,1.0,0.0,0.0
11,6,0.0,0.0,0.0,0.0,0.0,0.0,1.0,0.0,0.0
11,6,0.0,0.0,0.0,0.0,0.0,0.0,1.0,0.0,0.0
11,6,0.0,0.0,0.0,0.0,0.0,0.0,1.0,0.0,0.0
11,6,0.0,0.0,0.0,0.0,0.0,0.0,1.0,0.0,0.0
11,6,0.0,0.0,0.0,0.0,0.0,0.0,1.0,0.0,0.0
11,6,0.0,0.0,0.0,0.0,0.0,0.0,1.0,0.0,0.0
11,6,0.0,0.0,0.0,0.0,0.0,0.0,1.0,0.0,0.0
11,6,0.0,0.0,0.0,0.0,0.0,0.0,1.0,0.0,0.0
11,6,0.0,0.0,0.0,0.0,0.0,0.0,1.0,0.0,0.0
11,6,0.0,0.0,0.0,0.0,0.0,0.0,1.0,0.0,0.0
11,6,0.0,0.0,0.0,0.0,0.0,0.0,1.0,0.0,0.0
11,6,0.0,0.0,0.0,0.0,0.0,0.0,1.0,0.0,0.0
11,6,0.0,0.0,0.0,0.0,0.0,0.0,1.0,0.0,0.0
11,6,0.0,0.0,0.0,0.0,0.0,0.0,1.0,0.0,0.0
11,6,0.0,0.0,0.0,0.0,0.0,0.0,1.0,0.0,0.0
11,6,0.0,0.0,0.0,0.0,0.0,0.0,1.0,0.0,0.0
11,6,0.0,0.0,0.0,0.0,0.0,0.0,1.0,0.0,0.0
11,6,0.0,0.0,0.0,0.0,0.0,0.0,1.0,0.0,0.0
11,6,0.0,0.0,0.0,0.0,0.0,0.0,1.0,0.0,0.0
11,6,0.0,0.0,0.0,0.0,0.0,0.0,1.0,0.0,0.0
11,6,0.0,0.0,0.0,0.0,0.0,0.0,1.0,0.0,0.0
11,6,0.0,0.0,0.0,0.0,0.0,0.0,1.0,0.0,0.0
11,6,0.0,0.0,0.0,0.0,0.0,0.0,1.0,0.0,0.0
11,6,0.0,0.0,0.0,0.0,0.0,0.0,1.0,0.0,0.0
11,6,0.0,0.0,0.0,0.0,0.0,0.0,1.0,0.0,0.0
11,6,0.0,0.0,0.0,0.0,0.0,0.0,1.0,0.0,0.0
11,6,0.0,0.0,0.0,0.0,0.0,0.0,1.0,0.0,0.0
11,6,0.0,0.0,0.0,0.0,0.0,0.0,1.0,0.0,0.0
11,6,0.0,0.0,0.0,0.0,0.0,0.0,1.0,0.0,0.0
11,6,0.0,0.0,0.0,0.0,0.0,0.0,1.0,0.0,0.0
11,6,0.0,0.0,0.0,0.0,0.0,0.0,1.0,0.0,0.0
11,6,0.0,0.0,0.0,0.0,0.0,0.0,1.0,0.0,0.0
11,6,0.0,0.0,0.0,0.0,0.0,0.0,1.0,0.0,0.0
11,6,0.0,0.0,0.0,0.0,0.0,0.0,1.0,0.0,0.0
11,6,0.0,0.0,0.0,0.0,0.0,0.0,1.0,0.0,0.0
11,6,0.0,0.0,0.0,0.0,0.0,0.0,1.0,0.0,0.0
11,6,0.0,0.0,0.0,0.0,0.0,0.0,1.0,0.0,0.0
11,6,0.0,0.0,0.0,0.0,0.0,0.0,1.0,0.0,0.0
11,6,0.0,0.0,0.0,0.0,0.0,0.0,1.0,0.0,0.0
11,6,0.0,0.0,0.0,0.0,0.0,0.0,1.0,0.0,0.0
11,6,0.0,0.0,0.0,0.0,0.0,0.0,1.0,0.0,0.0
11,6,0.0,0.0,0.0,0.0,0.0,0.0,1.0,0.0,0.0
11,6,0.0,0.0,0.0,0.0,0.0,0.0,1.0,0.0,0.0
11,6,0.0,0.0,0.0,0.0,0.0,0.0,1.0,0.0,0.0
11,6,0.0,0.0,0.0,0.0,0.0,0.0,1.0,0.0,0.0
11,6,0.0,0.0,0.0,0.0,0.0,0.0,1.0,0.0,0.0
11,6,0.0,0.0,0.0,0.0,0.0,0.0,1.0,0.0,0.0
11,6,0.0,0.0,0.0,0.0,0.0,0.0,1.0,0.0,0.0
11,6,0.0,0.0,0.0,0.0,0.0,0.0,1.0,0.0,0.0
11,6,0.0,0.0,0.0,0.0,0.0,0.0,1.0,0.0,0.0
11,6,0.0,0.0,0.0,0.0,0.0,0.0,1.0,0.0,0.0
11,6,0.0,0.0,0.0,0.0,0.0,0.0,1.0,0.0,0.0
11,6,0.0,0.0,0.0,0.0,0.0,0.0,1.0,0.0,0.0
11,6,0.0,0.0,0.0,0.0,0.0,0.0,1.0,0.0,0.0
11,6,0.0,0.0,0.0,0.0,0.0,0.0,1.0,0.0,0.0
11,6,0.0,0.0,0.0,0.0,0.0,0.0,1.0,0.0,0.0
11,6,0.0,0.0,0.0,0.0,0.0,0.0,1.0,0.0,0.0
11,6,0.0,0.0,0.0,0.0,0.0,0.0,1.0,0.0,0.0
11,6,0.0,0.0,0.0,0.0,0.0,0.0,1.0,0.0,0.0
11,6,0.0,0.0,0.0,0.0,0.0,0.0,1.0,0.0,0.0
11,6,0.0,0.0,0.0,0.0,0.0,0.0,1.0,0.0,0.0
11,6,0.0,0.0,0.0,0.0,0.0,0.0,1.0,0.0,0.0
11,6,0.0,0.0,0.0,0.0,0.0,0.0,1.0,0.0,0.0
11,6,0.0,0.0,0.0,0.0,0.0,0.0,1.0,0.0,0.0
11,6,0.0,0.0,0.0,0.0,0.0,0.0,1.0,0.0,0.0
11,6,0.0,0.0,0.0,0.0,0.0,0.0,1.0,0.0,0.0
11,6,0.0,0.0,0.0,0.0,0.0,0.0,1.0,0.0,0.0
11,6,0.0,0.0,0.0,0.0,0.0,0.0,1.0,0.0,0.0
11,6,0.0,0.0,0.0,0.0,0.0,0.0,1.0,0.0,0.0
11,6,0.0,0.0,0.0,0.0,0.0,0.0,1.0,0.0,0.0
11,6,0.0,0.0,0.0,0.0,0.0,0.0,1.0,0.0,0.0
11,6,0.0,0.0,0.0,0.0,0.0,0.0,1.0,0.0,0.0
11,6,0.0,0.0,0.0,0.0,0.0,0.0,1.0,0.0,0.0
11,6,0.0,0.0,0.0,0.0,0.0,0.0,1.0,0.0,0.0
11,6,0.0,0.0,0.0,0.0,0.0,0.0,1.0,0.0,0.0
11,6,0.0,0.0,0.0,0.0,0.0,0.0,1.0,0.0,0.0
11,6,0.0,0.0,0.0,0.0,0.0,0.0,1.0,0.0,0.0
11,6,0.0,0.0,0.0,0.0,0.0,0.0,1.0,0.0,0.0
11,6,0.0,0.0,0.0,0.0,0.0,0.0,1.0,0.0,0.0
11,6,0.0,0.0,0.0,0.0,0.0,0.0,1.0,0.0,0.0
11,6,0.0,0.0,0.0,0.0,0.0,0.0,1.0,0.0,0.0
11,6,0.0,0.0,0.0,0.0,0.0,0.0,1.0,0.0,0.0
11,6,0.0,0.0,0.0,0.0,0.0,0.0,1.0,0.0,0.0
11,6,0.0,0.0,0.0,0.0,0.0,0.0,1.0,0.0,0.0
11,6,0.0,0.0,0.0,0.0,0.0,0.0,1.0,0.0,0.0
11,6,0.0,0.0,0.0,0.0,0.0,0.0,1.0,0.0,0.0
11,6,0.0,0.0,0.0,0.0,0.0,0.0,1.0,0.0,0.0
11,6,0.0,0.0,0.0,0.0,0.0,0.0,1.0,0.0,0.0
11,6,0.0,0.0,0.0,0.0,0.0,0.0,1.0,0.0,0.0
11,6,0.0,0.0,0.0,0.0,0.0,0.0,1.0,0.0,0.0
11,6,0.0,0.0,0.0,0.0,0.0,0.0,1.0,0.0,0.0
11,6,0.0,0.0,0.0,0.0,0.0,0.0,1.0,0.0,0.0
11,6,0.0,0.0,0.0,0.0,0.0,0.0,1.0,0.0,0.0
11,6,0.0,0.0,0.0,0.0,0.0,0.0,1.0,0.0,0.0
11,6,0.0,0.0,0.0,0.0,0.0,0.0,1.0,0.0,0.0
11,6,0.0,0.0,0.0,0.0,0.0,0.0,1.0,0.0,0.0
11,6,0.0,0.0,0.0,0.0,0.0,0.0,1.0,0.0,0.0
11,6,0.0,0.0,0.0,0.0,0.0,0.0,1.0,0.0,0.0
11,6,0.0,0.0,0.0,0.0,0.0,0.0,1.0,0.0,0.0
11,6,0.0,0.0,0.0,0.0,0.0,0.0,1.0,0.0,0.0
11,6,0.0,0.0,0.0,0.0,0.0,0.0,1.0,0.0,0.0
11,6,0.0,0.0,0.0,0.0,0.0,0.0,1.0,0.0,0.0
11,6,0.0,0.0,0.0,0.0,0.0,0.0,1.0,0.0,0.0
11,6,0.0,0.0,0.0,0.0,0.0,0.0,1.0,0.0,0.0
11,6,0.0,0.0,0.0,0.0,0.0,0.0,1.0,0.0,0.0
11,6,0.0,0.0,0.0,0.0,0.0,0.0,1.0,0.0,0.0
11,6,0.0,0.0,0.0,0.0,0.0,0.0,1.0,0.0,0.0
11,6,0.0,0.0,0.0,0.0,0.0,0.0,1.0,0.0,0.0
11,6,0.0,0.0,0.0,0.0,0.0,0.0,1.0,0.0,0.0
11,6,0.0,0.0,0.0,0.0,0.0,0.0,1.0,0.0,0.0
11,6,0.0,0.0,0.0,0.0,0.0,0.0,1.0,0.0,0.0
11,6,0.0,0.0,0.0,0.0,0.0,0.0,1.0,0.0,0.0
11,6,0.0,0.0,0.0,0.0,0.0,0.0,1.0,0.0,0.0
11,6,0.0,0.0,0.0,0.0,0.0,0.0,1.0,0.0,0.0
11,6,0.0,0.0,0.0,0.0,0.0,0.0,1.0,0.0,0.0
11,6,0.0,0.0,0.0,0.0,0.0,0.0,1.0,0.0,0.0
11,6,0.0,0.0,0.0,0.0,0.0,0.0,1.0,0.0,0.0
11,6,0.0,0.0,0.0,0.0,0.0,0.0,1.0,0.0,0.0
11,6,0.0,0.0,0.0,0.0,0.0,0.0,1.0,0.0,0.0
11,6,0.0,0.0,0.0,0.0,0.0,0.0,1.0,0.0,0.0
11,6,0.0,0.0,0.0,0.0,0.0,0.0,1.0,0.0,0.0
11,6,0.0,0.0,0.0,0.0,0.0,0.0,1.0,0.0,0.0
11,6,0.0,0.0,0.0,0.0,0.0,0.0,1.0,0.0,0.0
11,6,0.0,0.0,0.0,0.0,0.0,0.0,1.0,0.0,0.0
11,6,0.0,0.0,0.0,0.0,0.0,0.0,1.0,0.0,0.0
11,6,0.0,0.0,0.0,0.0,0.0,0.0,1.0,0.0,0.0
11,6,0.0,0.0,0.0,0.0,0.0,0.0,1.0,0.0,0.0
11,6,0.0,0.0,0.0,0.0,0.0,0.0,1.0,0.0,0.0
11,6,0.0,0.0,0.0,0.0,0.0,0.0,1.0,0.0,0.0
11,6,0.0,0.0,0.0,0.0,0.0,0.0,1.0,0.0,0.0
11,6,0.0,0.0,0.0,0.0,0.0,0.0,1.0,0.0,0.0
11,6,0.0,0.0,0.0,0.0,0.0,0.0,1.0,0.0,0.0
11,6,0.0,0.0,0.0,0.0,0.0,0.0,1.0,0.0,0.0
11,6,0.0,0.0,0.0,0.0,0.0,0.0,1.0,0.0,0.0
11,6,0.0,0.0,0.0,0.0,0.0,0.0,1.0,0.0,0.0
11,6,0.0,0.0,0.0,0.0,0.0,0.0,1.0,0.0,0.0
11,6,0.0,0.0,0.0,0.0,0.0,0.0,1.0,0.0,0.0
11,6,0.0,0.0,0.0,0.0,0.0,0.0,1.0,0.0,0.0
11,6,0.0,0.0,0.0,0.0,0.0,0.0,1.0,0.0,0.0
11,6,0.0,0.0,0.0,0.0,0.0,0.0,1.0,0.0,0.0
11,6,0.0,0.0,0.0,0.0,0.0,0.0,1.0,0.0,0.0
11,6,0.0,0.0,0.0,0.0,0.0,0.0,1.0,0.0,0.0
11,6,0.0,0.0,0.0,0.0,0.0,0.0,1.0,0.0,0.0
11,6,0.0,0.0,0.0,0.0,0.0,0.0,1.0,0.0,0.0
11,6,0.0,0.0,0.0,0.0,0.0,0.0,1.0,0.0,0.0
11,6,0.0,0.0,0.0,0.0,0.0,0.0,1.0,0.0,0.0
11,6,0.0,0.0,0.0,0.0,0.0,0.0,1.0,0.0,0.0
11,6,0.0,0.0,0.0,0.0,0.0,0.0,1.0,0.0,0.0
11,6,0.0,0.0,0.0,0.0,0.0,0.0,1.0,0.0,0.0
11,6,0.0,0.0,0.0,0.0,0.0,0.0,1.0,0.0,0.0
11,6,0.0,0.0,0.0,0.0,0.0,0.0,1.0,0.0,0.0
11,6,0.0,0.0,0.0,0.0,0.0,0.0,1.0,0.0,0.0
11,6,0.0,0.0,0.0,0.0,0.0,0.0,1.0,0.0,0.0
11,6,0.0,0.0,0.0,0.0,0.0,0.0,1.0,0.0,0.0
11,6,0.0,0.0,0.0,0.0,0.0,0.0,1.0,0.0,0.0
11,6,0.0,0.0,0.0,0.0,0.0,0.0,1.0,0.0,0.0
11,6,0.0,0.0,0.0,0.0,0.0,0.0,1.0,0.0,0.0
11,6,0.0,0.0,0.0,0.0,0.0,0.0,1.0,0.0,0.0
11,6,0.0,0.0,0.0,0.0,0.0,0.0,1.0,0.0,0.0
11,6,0.0,0.0,0.0,0.0,0.0,0.0,1.0,0.0,0.0
11,6,0.0,0.0,0.0,0.0,0.0,0.0,1.0,0.0,0.0
11,6,0.0,0.0,0.0,0.0,0.0,0.0,1.0,0.0,0.0
11,6,0.0,0.0,0.0,0.0,0.0,0.0,1.0,0.0,0.0
11,6,0.0,0.0,0.0,0.0,0.0,0.0,1.0,0.0,0.0
11,6,0.0,0.0,0.0,0.0,0.0,0.0,1.0,0.0,0.0
11,6,0.0,0.0,0.0,0.0,0.0,0.0,1.0,0.0,0.0
11,6,0.0,0.0,0.0,0.0,0.0,0.0,1.0,0.0,0.0
11,6,0.0,0.0,0.0,0.0,0.0,0.0,1.0,0.0,0.0
11,6,0.0,0.0,0.0,0.0,0.0,0.0,1.0,0.0,0.0
11,6,0.0,0.0,0.0,0.0,0.0,0.0,1.0,0.0,0.0
11,6,0.0,0.0,0.0,0.0,0.0,0.0,1.0,0.0,0.0
11,6,0.0,0.0,0.0,0.0,0.0,0.0,1.0,0.0,0.0
11,6,0.0,0.0,0.0,0.0,0.0,0.0,1.0,0.0,0.0
11,6,0.0,0.0,0.0,0.0,0.0,0.0,1.0,0.0,0.0
11,6,0.0,0.0,0.0,0.0,0.0,0.0,1.0,0.0,0.0
11,6,0.0,0.0,0.0,0.0,0.0,0.0,1.0,0.0,0.0
11,6,0.0,0.0,0.0,0.0,0.0,0.0,1.0,0.0,0.0
11,6,0.0,0.0,0.0,0.0,0.0,0.0,1.0,0.0,0.0
11,6,0.0,0.0,0.0,0.0,0.0,0.0,1.0,0.0,0.0
11,6,0.0,0.0,0.0,0.0,0.0,0.0,1.0,0.0,0.0
11,6,0.0,0.0,0.0,0.0,0.0,0.0,1.0,0.0,0.0
11,6,0.0,0.0,0.0,0.0,0.0,0.0,1.0,0.0,0.0
11,6,0.0,0.0,0.0,0.0,0.0,0.0,1.0,0.0,0.0
11,6,0.0,0.0,0.0,0.0,0.0,0.0,1.0,0.0,0.0
11,6,0.0,0.0,0.0,0.0,0.0,0.0,1.0,0.0,0.0
11,6,0.0,0.0,0.0,0.0,0.0,0.0,1.0,0.0,0.0
11,6,0.0,0.0,0.0,0.0,0.0,0.0,1.0,0.0,0.0
11,6,0.0,0.0,0.0,0.0,0.0,0.0,1.0,0.0,0.0
11,6,0.0,0.0,0.0,0.0,0.0,0.0,1.0,0.0,0.0
11,6,0.0,0.0,0.0,0.0,0.0,0.0,1.0,0.0,0.0
11,6,0.0,0.0,0.0,0.0,0.0,0.0,1.0,0.0,0.0
11,6,0.0,0.0,0.0,0.0,0.0,0.0,1.0,0.0,0.0
11,6,0.0,0.0,0.0,0.0,0.0,0.0,1.0,0.0,0.0
11,6,0.0,0.0,0.0,0.0,0.0,0.0,1.0,0.0,0.0
11,6,0.0,0.0,0.0,0.0,0.0,0.0,1.0,0.0,0.0
11,6,0.0,0.0,0.0,0.0,0.0,0.0,1.0,0.0,0.0
11,6,0.0,0.0,0.0,0.0,0.0,0.0,1.0,0.0,0.0
11,6,0.0,0.0,0.0,0.0,0.0,0.0,1.0,0.0,0.0
11,6,0.0,0.0,0.0,0.0,0.0,0.0,1.0,0.0,0.0
11,6,0.0,0.0,0.0,0.0,0.0,0.0,1.0,0.0,0.0
11,6,0.0,0.0,0.0,0.0,0.0,0.0,1.0,0.0,0.0
11,6,0.0,0.0,0.0,0.0,0.0,0.0,1.0,0.0,0.0
11,6,0.0,0.0,0.0,0.0,0.0,0.0,1.0,0.0,0.0
11,6,0.0,0.0,0.0,0.0,0.0,0.0,1.0,0.0,0.0
11,6,0.0,0.0,0.0,0.0,0.0,0.0,1.0,0.0,0.0
11,6,0.0,0.0,0.0,0.0,0.0,0.0,1.0,0.0,0.0
11,6,0.0,0.0,0.0,0.0,0.0,0.0,1.0,0.0,0.0
11,6,0.0,0.0,0.0,0.0,0.0,0.0,1.0,0.0,0.0
11,6,0.0,0.0,0.0,0.0,0.0,0.0,1.0,0.0,0.0
11,6,0.0,0.0,0.0,0.0,0.0,0.0,1.0,0.0,0.0
11,6,0.0,0.0,0.0,0.0,0.0,0.0,1.0,0.0,0.0
11,6,0.0,0.0,0.0,0.0,0.0,0.0,1.0,0.0,0.0
11,6,0.0,0.0,0.0,0.0,0.0,0.0,1.0,0.0,0.0
11,6,0.0,0.0,0.0,0.0,0.0,0.0,1.0,0.0,0.0
11,6,0.0,0.0,0.0,0.0,0.0,0.0,1.0,0.0,0.0
11,6,0.0,0.0,0.0,0.0,0.0,0.0,1.0,0.0,0.0
11,6,0.0,0.0,0.0,0.0,0.0,0.0,1.0,0.0,0.0
11,6,0.0,0.0,0.0,0.0,0.0,0.0,1.0,0.0,0.0
11,6,0.0,0.0,0.0,0.0,0.0,0.0,1.0,0.0,0.0
11,6,0.0,0.0,0.0,0.0,0.0,0.0,1.0,0.0,0.0
11,6,0.0,0.0,0.0,0.0,0.0,0.0,1.0,0.0,0.0
11,6,0.0,0.0,0.0,0.0,0.0,0.0,1.0,0.0,0.0
11,6,0.0,0.0,0.0,0.0,0.0,0.0,1.0,0.0,0.0
11,6,0.0,0.0,0.0,0.0,0.0,0.0,1.0,0.0,0.0
11,6,0.0,0.0,0.0,0.0,0.0,0.0,1.0,0.0,0.0
11,6,0.0,0.0,0.0,0.0,0.0,0.0,1.0,0.0,0.0
11,6,0.0,0.0,0.0,0.0,0.0,0.0,1.0,0.0,0.0
11,6,0.0,0.0,0.0,0.0,0.0,0.0,1.0,0.0,0.0
11,6,0.0,0.0,0.0,0.0,0.0,0.0,1.0,0.0,0.0
11,6,0.0,0.0,0.0,0.0,0.0,0.0,1.0,0.0,0.0
11,6,0.0,0.0,0.0,0.0,0.0,0.0,1.0,0.0,0.0
11,6,0.0,0.0,0.0,0.0,0.0,0.0,1.0,0.0,0.0
11,6,0.0,0.0,0.0,0.0,0.0,0.0,1.0,0.0,0.0
11,6,0.0,0.0,0.0,0.0,0.0,0.0,1.0,0.0,0.0
11,6,0.0,0.0,0.0,0.0,0.0,0.0,1.0,0.0,0.0
11,6,0.0,0.0,0.0,0.0,0.0,0.0,1.0,0.0,0.0
11,6,0.0,0.0,0.0,0.0,0.0,0.0,1.0,0.0,0.0
11,6,0.0,0.0,0.0,0.0,0.0,0.0,1.0,0.0,0.0
11,6,0.0,0.0,0.0,0.0,0.0,0.0,1.0,0.0,0.0
11,6,0.0,0.0,0.0,0.0,0.0,0.0,1.0,0.0,0.0
11,6,0.0,0.0,0.0,0.0,0.0,0.0,1.0,0.0,0.0
11,6,0.0,0.0,0.0,0.0,0.0,0.0,1.0,0.0,0.0
11,6,0.0,0.0,0.0,0.0,0.0,0.0,1.0,0.0,0.0
11,6,0.0,0.0,0.0,0.0,0.0,0.0,1.0,0.0,0.0
11,6,0.0,0.0,0.0,0.0,0.0,0.0,1.0,0.0,0.0
11,6,0.0,0.0,0.0,0.0,0.0,0.0,1.0,0.0,0.0
11,6,0.0,0.0,0.0,0.0,0.0,0.0,1.0,0.0,0.0
11,6,0.0,0.0,0.0,0.0,0.0,0.0,1.0,0.0,0.0
11,6,0.0,0.0,0.0,0.0,0.0,0.0,1.0,0.0,0.0
11,6,0.0,0.0,0.0,0.0,0.0,0.0,1.0,0.0,0.0
11,6,0.0,0.0,0.0,0.0,0.0,0.0,1.0,0.0,0.0
11,6,0.0,0.0,0.0,0.0,0.0,0.0,1.0,0.0,0.0
11,6,0.0,0.0,0.0,0.0,0.0,0.0,1.0,0.0,0.0
11,6,0.0,0.0,0.0,0.0,0.0,0.0,1.0,0.0,0.0
11,6,0.0,0.0,0.0,0.0,0.0,0.0,1.0,0.0,0.0
11,6,0.0,0.0,0.0,0.0,0.0,0.0,1.0,0.0,0.0
11,6,0.0,0.0,0.0,0.0,0.0,0.0,1.0,0.0,0.0
11,6,0.0,0.0,0.0,0.0,0.0,0.0,1.0,0.0,0.0
11,6,0.0,0.0,0.0,0.0,0.0,0.0,1.0,0.0,0.0
11,6,0.0,0.0,0.0,0.0,0.0,0.0,1.0,0.0,0.0
11,6,0.0,0.0,0.0,0.0,0.0,0.0,1.0,0.0,0.0
11,6,0.0,0.0,0.0,0.0,0.0,0.0,1.0,0.0,0.0
11,6,0.0,0.0,0.0,0.0,0.0,0.0,1.0,0.0,0.0
11,6,0.0,0.0,0.0,0.0,0.0,0.0,1.0,0.0,0.0
11,6,0.0,0.0,0.0,0.0,0.0,0.0,1.0,0.0,0.0
11,6,0.0,0.0,0.0,0.0,0.0,0.0,1.0,0.0,0.0
11,6,0.0,0.0,0.0,0.0,0.0,0.0,1.0,0.0,0.0
11,6,0.0,0.0,0.0,0.0,0.0,0.0,1.0,0.0,0.0
11,6,0.0,0.0,0.0,0.0,0.0,0.0,1.0,0.0,0.0
11,6,0.0,0.0,0.0,0.0,0.0,0.0,1.0,0.0,0.0
11,6,0.0,0.0,0.0,0.0,0.0,0.0,1.0,0.0,0.0
11,6,0.0,0.0,0.0,0.0,0.0,0.0,1.0,0.0,0.0
11,6,0.0,0.0,0.0,0.0,0.0,0.0,1.0,0.0,0.0
11,6,0.0,0.0,0.0,0.0,0.0,0.0,1.0,0.0,0.0
11,6,0.0,0.0,0.0,0.0,0.0,0.0,1.0,0.0,0.0
11,6,0.0,0.0,0.0,0.0,0.0,0.0,1.0,0.0,0.0
11,6,0.0,0.0,0.0,0.0,0.0,0.0,1.0,0.0,0.0
11,6,0.0,0.0,0.0,0.0,0.0,0.0,1.0,0.0,0.0
11,6,0.0,0.0,0.0,0.0,0.0,0.0,1.0,0.0,0.0
11,6,0.0,0.0,0.0,0.0,0.0,0.0,1.0,0.0,0.0
11,6,0.0,0.0,0.0,0.0,0.0,0.0,1.0,0.0,0.0
11,6,0.0,0.0,0.0,0.0,0.0,0.0,1.0,0.0,0.0
11,6,0.0,0.0,0.0,0.0,0.0,0.0,1.0,0.0,0.0
11,6,0.0,0.0,0.0,0.0,0.0,0.0,1.0,0.0,0.0
11,6,0.0,0.0,0.0,0.0,0.0,0.0,1.0,0.0,0.0
11,6,0.0,0.0,0.0,0.0,0.0,0.0,1.0,0.0,0.0
11,6,0.0,0.0,0.0,0.0,0.0,0.0,1.0,0.0,0.0
11,6,0.0,0.0,0.0,0.0,0.0,0.0,1.0,0.0,0.0
11,6,0.0,0.0,0.0,0.0,0.0,0.0,1.0,0.0,0.0
11,6,0.0,0.0,0.0,0.0,0.0,0.0,1.0,0.0,0.0
11,6,0.0,0.0,0.0,0.0,0.0,0.0,1.0,0.0,0.0
11,6,0.0,0.0,0.0,0.0,0.0,0.0,1.0,0.0,0.0
11,6,0.0,0.0,0.0,0.0,0.0,0.0,1.0,0.0,0.0
11,6,0.0,0.0,0.0,0.0,0.0,0.0,1.0,0.0,0.0
11,6,0.0,0.0,0.0,0.0,0.0,0.0,1.0,0.0,0.0
11,6,0.0,0.0,0.0,0.0,0.0,0.0,1.0,0.0,0.0
11,6,0.0,0.0,0.0,0.0,0.0,0.0,1.0,0.0,0.0
11,6,0.0,0.0,0.0,0.0,0.0,0.0,1.0,0.0,0.0
11,6,0.0,0.0,0.0,0.0,0.0,0.0,1.0,0.0,0.0
11,6,0.0,0.0,0.0,0.0,0.0,0.0,1.0,0.0,0.0
11,6,0.0,0.0,0.0,0.0,0.0,0.0,1.0,0.0,0.0
11,6,0.0,0.0,0.0,0.0,0.0,0.0,1.0,0.0,0.0
11,6,0.0,0.0,0.0,0.0,0.0,0.0,1.0,0.0,0.0
11,6,0.0,0.0,0.0,0.0,0.0,0.0,1.0,0.0,0.0
11,6,0.0,0.0,0.0,0.0,0.0,0.0,1.0,0.0,0.0
11,6,0.0,0.0,0.0,0.0,0.0,0.0,1.0,0.0,0.0
11,6,0.0,0.0,0.0,0.0,0.0,0.0,1.0,0.0,0.0
11,6,0.0,0.0,0.0,0.0,0.0,0.0,1.0,0.0,0.0
11,6,0.0,0.0,0.0,0.0,0.0,0.0,1.0,0.0,0.0
11,6,0.0,0.0,0.0,0.0,0.0,0.0,1.0,0.0,0.0
11,6,0.0,0.0,0.0,0.0,0.0,0.0,1.0,0.0,0.0
11,6,0.0,0.0,0.0,0.0,0.0,0.0,1.0,0.0,0.0
11,6,0.0,0.0,0.0,0.0,0.0,0.0,1.0,0.0,0.0
11,6,0.0,0.0,0.0,0.0,0.0,0.0,1.0,0.0,0.0
11,6,0.0,0.0,0.0,0.0,0.0,0.0,1.0,0.0,0.0
11,6,0.0,0.0,0.0,0.0,0.0,0.0,1.0,0.0,0.0
11,6,0.0,0.0,0.0,0.0,0.0,0.0,1.0,0.0,0.0
11,6,0.0,0.0,0.0,0.0,0.0,0.0,1.0,0.0,0.0
11,6,0.0,0.0,0.0,0.0,0.0,0.0,1.0,0.0,0.0
11,6,0.0,0.0,0.0,0.0,0.0,0.0,1.0,0.0,0.0
11,6,0.0,0.0,0.0,0.0,0.0,0.0,1.0,0.0,0.0
11,6,0.0,0.0,0.0,0.0,0.0,0.0,1.0,0.0,0.0
11,6,0.0,0.0,0.0,0.0,0.0,0.0,1.0,0.0,0.0
11,6,0.0,0.0,0.0,0.0,0.0,0.0,1.0,0.0,0.0
11,6,0.0,0.0,0.0,0.0,0.0,0.0,1.0,0.0,0.0
11,6,0.0,0.0,0.0,0.0,0.0,0.0,1.0,0.0,0.0
11,6,0.0,0.0,0.0,0.0,0.0,0.0,1.0,0.0,0.0
11,6,0.0,0.0,0.0,0.0,0.0,0.0,1.0,0.0,0.0
11,6,0.0,0.0,0.0,0.0,0.0,0.0,1.0,0.0,0.0
11,6,0.0,0.0,0.0,0.0,0.0,0.0,1.0,0.0,0.0
11,6,0.0,0.0,0.0,0.0,0.0,0.0,1.0,0.0,0.0
11,6,0.0,0.0,0.0,0.0,0.0,0.0,1.0,0.0,0.0
11,6,0.0,0.0,0.0,0.0,0.0,0.0,1.0,0.0,0.0
11,6,0.0,0.0,0.0,0.0,0.0,0.0,1.0,0.0,0.0
11,6,0.0,0.0,0.0,0.0,0.0,0.0,1.0,0.0,0.0
11,6,0.0,0.0,0.0,0.0,0.0,0.0,1.0,0.0,0.0
11,6,0.0,0.0,0.0,0.0,0.0,0.0,1.0,0.0,0.0
11,6,0.0,0.0,0.0,0.0,0.0,0.0,1.0,0.0,0.0
11,6,0.0,0.0,0.0,0.0,0.0,0.0,1.0,0.0,0.0
11,6,0.0,0.0,0.0,0.0,0.0,0.0,1.0,0.0,0.0
11,6,0.0,0.0,0.0,0.0,0.0,0.0,1.0,0.0,0.0
11,6,0.0,0.0,0.0,0.0,0.0,0.0,1.0,0.0,0.0
11,6,0.0,0.0,0.0,0.0,0.0,0.0,1.0,0.0,0.0
11,6,0.0,0.0,0.0,0.0,0.0,0.0,1.0,0.0,0.0
11,6,0.0,0.0,0.0,0.0,0.0,0.0,1.0,0.0,0.0
11,6,0.0,0.0,0.0,0.0,0.0,0.0,1.0,0.0,0.0
11,6,0.0,0.0,0.0,0.0,0.0,0.0,1.0,0.0,0.0
11,6,0.0,0.0,0.0,0.0,0.0,0.0,1.0,0.0,0.0
11,6,0.0,0.0,0.0,0.0,0.0,0.0,1.0,0.0,0.0
11,6,0.0,0.0,0.0,0.0,0.0,0.0,1.0,0.0,0.0
11,6,0.0,0.0,0.0,0.0,0.0,0.0,1.0,0.0,0.0
11,6,0.0,0.0,0.0,0.0,0.0,0.0,1.0,0.0,0.0
11,6,0.0,0.0,0.0,0.0,0.0,0.0,1.0,0.0,0.0
11,6,0.0,0.0,0.0,0.0,0.0,0.0,1.0,0.0,0.0
11,6,0.0,0.0,0.0,0.0,0.0,0.0,1.0,0.0,0.0
11,6,0.0,0.0,0.0,0.0,0.0,0.0,1.0,0.0,0.0
11,6,0.0,0.0,0.0,0.0,0.0,0.0,1.0,0.0,0.0
11,6,0.0,0.0,0.0,0.0,0.0,0.0,1.0,0.0,0.0
11,6,0.0,0.0,0.0,0.0,0.0,0.0,1.0,0.0,0.0
11,6,0.0,0.0,0.0,0.0,0.0,0.0,1.0,0.0,0.0
11,6,0.0,0.0,0.0,0.0,0.0,0.0,1.0,0.0,0.0
11,6,0.0,0.0,0.0,0.0,0.0,0.0,1.0,0.0,0.0
11,6,0.0,0.0,0.0,0.0,0.0,0.0,1.0,0.0,0.0
11,6,0.0,0.0,0.0,0.0,0.0,0.0,1.0,0.0,0.0
11,6,0.0,0.0,0.0,0.0,0.0,0.0,1.0,0.0,0.0
11,6,0.0,0.0,0.0,0.0,0.0,0.0,1.0,0.0,0.0
11,6,0.0,0.0,0.0,0.0,0.0,0.0,1.0,0.0,0.0
11,6,0.0,0.0,0.0,0.0,0.0,0.0,1.0,0.0,0.0
11,6,0.0,0.0,0.0,0.0,0.0,0.0,1.0,0.0,0.0
11,6,0.0,0.0,0.0,0.0,0.0,0.0,1.0,0.0,0.0
11,6,0.0,0.0,0.0,0.0,0.0,0.0,1.0,0.0,0.0
11,6,0.0,0.0,0.0,0.0,0.0,0.0,1.0,0.0,0.0
11,6,0.0,0.0,0.0,0.0,0.0,0.0,1.0,0.0,0.0
11,6,0.0,0.0,0.0,0.0,0.0,0.0,1.0,0.0,0.0
11,6,0.0,0.0,0.0,0.0,0.0,0.0,1.0,0.0,0.0
11,6,0.0,0.0,0.0,0.0,0.0,0.0,1.0,0.0,0.0
11,6,0.0,0.0,0.0,0.0,0.0,0.0,1.0,0.0,0.0
11,6,0.0,0.0,0.0,0.0,0.0,0.0,1.0,0.0,0.0
11,6,0.0,0.0,0.0,0.0,0.0,0.0,1.0,0.0,0.0
11,6,0.0,0.0,0.0,0.0,0.0,0.0,1.0,0.0,0.0
11,6,0.0,0.0,0.0,0.0,0.0,0.0,1.0,0.0,0.0
11,6,0.0,0.0,0.0,0.0,0.0,0.0,1.0,0.0,0.0
11,6,0.0,0.0,0.0,0.0,0.0,0.0,1.0,0.0,0.0
11,6,0.0,0.0,0.0,0.0,0.0,0.0,1.0,0.0,0.0
11,6,0.0,0.0,0.0,0.0,0.0,0.0,1.0,0.0,0.0
11,6,0.0,0.0,0.0,0.0,0.0,0.0,1.0,0.0,0.0
11,6,0.0,0.0,0.0,0.0,0.0,0.0,1.0,0.0,0.0
11,6,0.0,0.0,0.0,0.0,0.0,0.0,1.0,0.0,0.0
11,6,0.0,0.0,0.0,0.0,0.0,0.0,1.0,0.0,0.0
11,6,0.0,0.0,0.0,0.0,0.0,0.0,1.0,0.0,0.0
11,6,0.0,0.0,0.0,0.0,0.0,0.0,1.0,0.0,0.0
11,6,0.0,0.0,0.0,0.0,0.0,0.0,1.0,0.0,0.0
11,6,0.0,0.0,0.0,0.0,0.0,0.0,1.0,0.0,0.0
11,6,0.0,0.0,0.0,0.0,0.0,0.0,1.0,0.0,0.0
11,6,0.0,0.0,0.0,0.0,0.0,0.0,1.0,0.0,0.0
11,6,0.0,0.0,0.0,0.0,0.0,0.0,1.0,0.0,0.0
11,6,0.0,0.0,0.0,0.0,0.0,0.0,1.0,0.0,0.0
11,6,0.0,0.0,0.0,0.0,0.0,0.0,1.0,0.0,0.0
11,6,0.0,0.0,0.0,0.0,0.0,0.0,1.0,0.0,0.0
11,6,0.0,0.0,0.0,0.0,0.0,0.0,1.0,0.0,0.0
11,6,0.0,0.0,0.0,0.0,0.0,0.0,1.0,0.0,0.0
11,6,0.0,0.0,0.0,0.0,0.0,0.0,1.0,0.0,0.0
11,6,0.0,0.0,0.0,0.0,0.0,0.0,1.0,0.0,0.0
11,6,0.0,0.0,0.0,0.0,0.0,0.0,1.0,0.0,0.0
11,6,0.0,0.0,0.0,0.0,0.0,0.0,1.0,0.0,0.0
11,6,0.0,0.0,0.0,0.0,0.0,0.0,1.0,0.0,0.0
11,6,0.0,0.0,0.0,0.0,0.0,0.0,1.0,0.0,0.0
11,6,0.0,0.0,0.0,0.0,0.0,0.0,1.0,0.0,0.0
11,6,0.0,0.0,0.0,0.0,0.0,0.0,1.0,0.0,0.0
11,6,0.0,0.0,0.0,0.0,0.0,0.0,1.0,0.0,0.0
11,6,0.0,0.0,0.0,0.0,0.0,0.0,1.0,0.0,0.0
11,6,0.0,0.0,0.0,0.0,0.0,0.0,1.0,0.0,0.0
11,6,0.0,0.0,0.0,0.0,0.0,0.0,1.0,0.0,0.0
11,6,0.0,0.0,0.0,0.0,0.0,0.0,1.0,0.0,0.0
11,6,0.0,0.0,0.0,0.0,0.0,0.0,1.0,0.0,0.0
11,6,0.0,0.0,0.0,0.0,0.0,0.0,1.0,0.0,0.0
11,6,0.0,0.0,0.0,0.0,0.0,0.0,1.0,0.0,0.0
11,6,0.0,0.0,0.0,0.0,0.0,0.0,1.0,0.0,0.0
11,6,0.0,0.0,0.0,0.0,0.0,0.0,1.0,0.0,0.0
11,6,0.0,0.0,0.0,0.0,0.0,0.0,1.0,0.0,0.0
11,6,0.0,0.0,0.0,0.0,0.0,0.0,1.0,0.0,0.0
11,6,0.0,0.0,0.0,0.0,0.0,0.0,1.0,0.0,0.0
11,6,0.0,0.0,0.0,0.0,0.0,0.0,1.0,0.0,0.0
11,6,0.0,0.0,0.0,0.0,0.0,0.0,1.0,0.0,0.0
11,6,0.0,0.0,0.0,0.0,0.0,0.0,1.0,0.0,0.0
11,6,0.0,0.0,0.0,0.0,0.0,0.0,1.0,0.0,0.0
11,6,0.0,0.0,0.0,0.0,0.0,0.0,1.0,0.0,0.0
11,6,0.0,0.0,0.0,0.0,0.0,0.0,1.0,0.0,0.0
11,6,0.0,0.0,0.0,0.0,0.0,0.0,1.0,0.0,0.0
11,6,0.0,0.0,0.0,0.0,0.0,0.0,1.0,0.0,0.0
11,6,0.0,0.0,0.0,0.0,0.0,0.0,1.0,0.0,0.0
11,6,0.0,0.0,0.0,0.0,0.0,0.0,1.0,0.0,0.0
11,6,0.0,0.0,0.0,0.0,0.0,0.0,1.0,0.0,0.0
11,6,0.0,0.0,0.0,0.0,0.0,0.0,1.0,0.0,0.0
11,6,0.0,0.0,0.0,0.0,0.0,0.0,1.0,0.0,0.0
11,6,0.0,0.0,0.0,0.0,0.0,0.0,1.0,0.0,0.0
11,6,0.0,0.0,0.0,0.0,0.0,0.0,1.0,0.0,0.0
11,6,0.0,0.0,0.0,0.0,0.0,0.0,1.0,0.0,0.0
11,6,0.0,0.0,0.0,0.0,0.0,0.0,1.0,0.0,0.0
11,6,0.0,0.0,0.0,0.0,0.0,0.0,1.0,0.0,0.0
11,6,0.0,0.0,0.0,0.0,0.0,0.0,1.0,0.0,0.0
11,6,0.0,0.0,0.0,0.0,0.0,0.0,1.0,0.0,0.0
11,6,0.0,0.0,0.0,0.0,0.0,0.0,1.0,0.0,0.0
11,6,0.0,0.0,0.0,0.0,0.0,0.0,1.0,0.0,0.0
11,6,0.0,0.0,0.0,0.0,0.0,0.0,1.0,0.0,0.0
11,6,0.0,0.0,0.0,0.0,0.0,0.0,1.0,0.0,0.0
11,6,0.0,0.0,0.0,0.0,0.0,0.0,1.0,0.0,0.0
11,6,0.0,0.0,0.0,0.0,0.0,0.0,1.0,0.0,0.0
11,6,0.0,0.0,0.0,0.0,0.0,0.0,1.0,0.0,0.0
11,6,0.0,0.0,0.0,0.0,0.0,0.0,1.0,0.0,0.0
11,6,0.0,0.0,0.0,0.0,0.0,0.0,1.0,0.0,0.0
11,6,0.0,0.0,0.0,0.0,0.0,0.0,1.0,0.0,0.0
11,6,0.0,0.0,0.0,0.0,0.0,0.0,1.0,0.0,0.0
11,6,0.0,0.0,0.0,0.0,0.0,0.0,1.0,0.0,0.0
11,6,0.0,0.0,0.0,0.0,0.0,0.0,1.0,0.0,0.0
11,6,0.0,0.0,0.0,0.0,0.0,0.0,1.0,0.0,0.0
11,6,0.0,0.0,0.0,0.0,0.0,0.0,1.0,0.0,0.0
11,6,0.0,0.0,0.0,0.0,0.0,0.0,1.0,0.0,0.0
11,6,0.0,0.0,0.0,0.0,0.0,0.0,1.0,0.0,0.0
11,6,0.0,0.0,0.0,0.0,0.0,0.0,1.0,0.0,0.0
11,6,0.0,0.0,0.0,0.0,0.0,0.0,1.0,0.0,0.0
11,6,0.0,0.0,0.0,0.0,0.0,0.0,1.0,0.0,0.0
11,6,0.0,0.0,0.0,0.0,0.0,0.0,1.0,0.0,0.0
11,6,0.0,0.0,0.0,0.0,0.0,0.0,1.0,0.0,0.0
11,6,0.0,0.0,0.0,0.0,0.0,0.0,1.0,0.0,0.0
11,6,0.0,0.0,0.0,0.0,0.0,0.0,1.0,0.0,0.0
11,6,0.0,0.0,0.0,0.0,0.0,0.0,1.0,0.0,0.0
11,6,0.0,0.0,0.0,0.0,0.0,0.0,1.0,0.0,0.0
11,6,0.0,0.0,0.0,0.0,0.0,0.0,1.0,0.0,0.0
11,6,0.0,0.0,0.0,0.0,0.0,0.0,1.0,0.0,0.0
11,6,0.0,0.0,0.0,0.0,0.0,0.0,1.0,0.0,0.0
11,6,0.0,0.0,0.0,0.0,0.0,0.0,1.0,0.0,0.0
11,6,0.0,0.0,0.0,0.0,0.0,0.0,1.0,0.0,0.0
11,6,0.0,0.0,0.0,0.0,0.0,0.0,1.0,0.0,0.0
11,6,0.0,0.0,0.0,0.0,0.0,0.0,1.0,0.0,0.0
11,6,0.0,0.0,0.0,0.0,0.0,0.0,1.0,0.0,0.0
11,6,0.0,0.0,0.0,0.0,0.0,0.0,1.0,0.0,0.0
11,6,0.0,0.0,0.0,0.0,0.0,0.0,1.0,0.0,0.0
11,6,0.0,0.0,0.0,0.0,0.0,0.0,1.0,0.0,0.0
11,6,0.0,0.0,0.0,0.0,0.0,0.0,1.0,0.0,0.0
11,6,0.0,0.0,0.0,0.0,0.0,0.0,1.0,0.0,0.0
11,6,0.0,0.0,0.0,0.0,0.0,0.0,1.0,0.0,0.0
11,6,0.0,0.0,0.0,0.0,0.0,0.0,1.0,0.0,0.0
11,6,0.0,0.0,0.0,0.0,0.0,0.0,1.0,0.0,0.0
11,6,0.0,0.0,0.0,0.0,0.0,0.0,1.0,0.0,0.0
11,6,0.0,0.0,0.0,0.0,0.0,0.0,1.0,0.0,0.0
11,6,0.0,0.0,0.0,0.0,0.0,0.0,1.0,0.0,0.0
11,6,0.0,0.0,0.0,0.0,0.0,0.0,1.0,0.0,0.0
11,6,0.0,0.0,0.0,0.0,0.0,0.0,1.0,0.0,0.0
11,6,0.0,0.0,0.0,0.0,0.0,0.0,1.0,0.0,0.0
11,6,0.0,0.0,0.0,0.0,0.0,0.0,1.0,0.0,0.0
11,6,0.0,0.0,0.0,0.0,0.0,0.0,1.0,0.0,0.0
11,6,0.0,0.0,0.0,0.0,0.0,0.0,1.0,0.0,0.0
11,6,0.0,0.0,0.0,0.0,0.0,0.0,1.0,0.0,0.0
11,6,0.0,0.0,0.0,0.0,0.0,0.0,1.0,0.0,0.0
11,6,0.0,0.0,0.0,0.0,0.0,0.0,1.0,0.0,0.0
11,6,0.0,0.0,0.0,0.0,0.0,0.0,1.0,0.0,0.0
11,6,0.0,0.0,0.0,0.0,0.0,0.0,1.0,0.0,0.0
11,6,0.0,0.0,0.0,0.0,0.0,0.0,1.0,0.0,0.0
11,6,0.0,0.0,0.0,0.0,0.0,0.0,1.0,0.0,0.0
11,6,0.0,0.0,0.0,0.0,0.0,0.0,1.0,0.0,0.0
11,6,0.0,0.0,0.0,0.0,0.0,0.0,1.0,0.0,0.0
11,6,0.0,0.0,0.0,0.0,0.0,0.0,1.0,0.0,0.0
11,6,0.0,0.0,0.0,0.0,0.0,0.0,1.0,0.0,0.0
11,6,0.0,0.0,0.0,0.0,0.0,0.0,1.0,0.0,0.0
11,6,0.0,0.0,0.0,0.0,0.0,0.0,1.0,0.0,0.0
11,6,0.0,0.0,0.0,0.0,0.0,0.0,1.0,0.0,0.0
11,6,0.0,0.0,0.0,0.0,0.0,0.0,1.0,0.0,0.0
11,6,0.0,0.0,0.0,0.0,0.0,0.0,1.0,0.0,0.0
11,6,0.0,0.0,0.0,0.0,0.0,0.0,1.0,0.0,0.0
11,6,0.0,0.0,0.0,0.0,0.0,0.0,1.0,0.0,0.0
11,6,0.0,0.0,0.0,0.0,0.0,0.0,1.0,0.0,0.0
11,6,0.0,0.0,0.0,0.0,0.0,0.0,1.0,0.0,0.0
11,6,0.0,0.0,0.0,0.0,0.0,0.0,1.0,0.0,0.0
11,6,0.0,0.0,0.0,0.0,0.0,0.0,1.0,0.0,0.0
11,6,0.0,0.0,0.0,0.0,0.0,0.0,1.0,0.0,0.0
11,6,0.0,0.0,0.0,0.0,0.0,0.0,1.0,0.0,0.0
11,6,0.0,0.0,0.0,0.0,0.0,0.0,1.0,0.0,0.0
11,6,0.0,0.0,0.0,0.0,0.0,0.0,1.0,0.0,0.0
11,6,0.0,0.0,0.0,0.0,0.0,0.0,1.0,0.0,0.0
11,6,0.0,0.0,0.0,0.0,0.0,0.0,1.0,0.0,0.0
11,6,0.0,0.0,0.0,0.0,0.0,0.0,1.0,0.0,0.0
11,6,0.0,0.0,0.0,0.0,0.0,0.0,1.0,0.0,0.0
11,6,0.0,0.0,0.0,0.0,0.0,0.0,1.0,0.0,0.0
11,6,0.0,0.0,0.0,0.0,0.0,0.0,1.0,0.0,0.0
11,6,0.0,0.0,0.0,0.0,0.0,0.0,1.0,0.0,0.0
11,6,0.0,0.0,0.0,0.0,0.0,0.0,1.0,0.0,0.0
11,6,0.0,0.0,0.0,0.0,0.0,0.0,1.0,0.0,0.0
11,6,0.0,0.0,0.0,0.0,0.0,0.0,1.0,0.0,0.0
11,6,0.0,0.0,0.0,0.0,0.0,0.0,1.0,0.0,0.0
11,6,0.0,0.0,0.0,0.0,0.0,0.0,1.0,0.0,0.0
11,6,0.0,0.0,0.0,0.0,0.0,0.0,1.0,0.0,0.0
11,6,0.0,0.0,0.0,0.0,0.0,0.0,1.0,0.0,0.0
11,6,0.0,0.0,0.0,0.0,0.0,0.0,1.0,0.0,0.0
11,6,0.0,0.0,0.0,0.0,0.0,0.0,1.0,0.0,0.0
11,6,0.0,0.0,0.0,0.0,0.0,0.0,1.0,0.0,0.0
11,6,0.0,0.0,0.0,0.0,0.0,0.0,1.0,0.0,0.0
11,6,0.0,0.0,0.0,0.0,0.0,0.0,1.0,0.0,0.0
11,6,0.0,0.0,0.0,0.0,0.0,0.0,1.0,0.0,0.0
11,6,0.0,0.0,0.0,0.0,0.0,0.0,1.0,0.0,0.0
11,6,0.0,0.0,0.0,0.0,0.0,0.0,1.0,0.0,0.0
11,6,0.0,0.0,0.0,0.0,0.0,0.0,1.0,0.0,0.0
11,6,0.0,0.0,0.0,0.0,0.0,0.0,1.0,0.0,0.0
11,6,0.0,0.0,0.0,0.0,0.0,0.0,1.0,0.0,0.0
11,6,0.0,0.0,0.0,0.0,0.0,0.0,1.0,0.0,0.0
11,6,0.0,0.0,0.0,0.0,0.0,0.0,1.0,0.0,0.0
11,6,0.0,0.0,0.0,0.0,0.0,0.0,1.0,0.0,0.0
11,6,0.0,0.0,0.0,0.0,0.0,0.0,1.0,0.0,0.0
11,6,0.0,0.0,0.0,0.0,0.0,0.0,1.0,0.0,0.0
11,6,0.0,0.0,0.0,0.0,0.0,0.0,1.0,0.0,0.0
11,6,0.0,0.0,0.0,0.0,0.0,0.0,1.0,0.0,0.0
11,6,0.0,0.0,0.0,0.0,0.0,0.0,1.0,0.0,0.0
11,6,0.0,0.0,0.0,0.0,0.0,0.0,1.0,0.0,0.0
11,6,0.0,0.0,0.0,0.0,0.0,0.0,1.0,0.0,0.0
11,6,0.0,0.0,0.0,0.0,0.0,0.0,1.0,0.0,0.0
11,6,0.0,0.0,0.0,0.0,0.0,0.0,1.0,0.0,0.0
11,6,0.0,0.0,0.0,0.0,0.0,0.0,1.0,0.0,0.0
11,6,0.0,0.0,0.0,0.0,0.0,0.0,1.0,0.0,0.0
11,6,0.0,0.0,0.0,0.0,0.0,0.0,1.0,0.0,0.0
11,6,0.0,0.0,0.0,0.0,0.0,0.0,1.0,0.0,0.0
11,6,0.0,0.0,0.0,0.0,0.0,0.0,1.0,0.0,0.0
11,6,0.0,0.0,0.0,0.0,0.0,0.0,1.0,0.0,0.0
11,6,0.0,0.0,0.0,0.0,0.0,0.0,1.0,0.0,0.0
11,6,0.0,0.0,0.0,0.0,0.0,0.0,1.0,0.0,0.0
11,6,0.0,0.0,0.0,0.0,0.0,0.0,1.0,0.0,0.0
11,6,0.0,0.0,0.0,0.0,0.0,0.0,1.0,0.0,0.0
11,6,0.0,0.0,0.0,0.0,0.0,0.0,1.0,0.0,0.0
11,6,0.0,0.0,0.0,0.0,0.0,0.0,1.0,0.0,0.0
11,6,0.0,0.0,0.0,0.0,0.0,0.0,1.0,0.0,0.0
11,6,0.0,0.0,0.0,0.0,0.0,0.0,1.0,0.0,0.0
11,6,0.0,0.0,0.0,0.0,0.0,0.0,1.0,0.0,0.0
11,6,0.0,0.0,0.0,0.0,0.0,0.0,1.0,0.0,0.0
11,6,0.0,0.0,0.0,0.0,0.0,0.0,1.0,0.0,0.0
11,6,0.0,0.0,0.0,0.0,0.0,0.0,1.0,0.0,0.0
11,6,0.0,0.0,0.0,0.0,0.0,0.0,1.0,0.0,0.0
11,6,0.0,0.0,0.0,0.0,0.0,0.0,1.0,0.0,0.0
11,6,0.0,0.0,0.0,0.0,0.0,0.0,1.0,0.0,0.0
11,6,0.0,0.0,0.0,0.0,0.0,0.0,1.0,0.0,0.0
11,6,0.0,0.0,0.0,0.0,0.0,0.0,1.0,0.0,0.0
11,6,0.0,0.0,0.0,0.0,0.0,0.0,1.0,0.0,0.0
11,6,0.0,0.0,0.0,0.0,0.0,0.0,1.0,0.0,0.0
11,6,0.0,0.0,0.0,0.0,0.0,0.0,1.0,0.0,0.0
11,6,0.0,0.0,0.0,0.0,0.0,0.0,1.0,0.0,0.0
11,6,0.0,0.0,0.0,0.0,0.0,0.0,1.0,0.0,0.0
11,6,0.0,0.0,0.0,0.0,0.0,0.0,1.0,0.0,0.0
11,6,0.0,0.0,0.0,0.0,0.0,0.0,1.0,0.0,0.0
11,6,0.0,0.0,0.0,0.0,0.0,0.0,1.0,0.0,0.0
11,6,0.0,0.0,0.0,0.0,0.0,0.0,1.0,0.0,0.0
11,6,0.0,0.0,0.0,0.0,0.0,0.0,1.0,0.0,0.0
11,6,0.0,0.0,0.0,0.0,0.0,0.0,1.0,0.0,0.0
11,6,0.0,0.0,0.0,0.0,0.0,0.0,1.0,0.0,0.0
11,6,0.0,0.0,0.0,0.0,0.0,0.0,1.0,0.0,0.0
11,6,0.0,0.0,0.0,0.0,0.0,0.0,1.0,0.0,0.0
11,6,0.0,0.0,0.0,0.0,0.0,0.0,1.0,0.0,0.0
11,6,0.0,0.0,0.0,0.0,0.0,0.0,1.0,0.0,0.0
11,6,0.0,0.0,0.0,0.0,0.0,0.0,1.0,0.0,0.0
11,6,0.0,0.0,0.0,0.0,0.0,0.0,1.0,0.0,0.0
11,6,0.0,0.0,0.0,0.0,0.0,0.0,1.0,0.0,0.0
11,6,0.0,0.0,0.0,0.0,0.0,0.0,1.0,0.0,0.0
11,6,0.0,0.0,0.0,0.0,0.0,0.0,1.0,0.0,0.0
11,6,0.0,0.0,0.0,0.0,0.0,0.0,1.0,0.0,0.0
11,6,0.0,0.0,0.0,0.0,0.0,0.0,1.0,0.0,0.0
11,6,0.0,0.0,0.0,0.0,0.0,0.0,1.0,0.0,0.0
11,6,0.0,0.0,0.0,0.0,0.0,0.0,1.0,0.0,0.0
11,6,0.0,0.0,0.0,0.0,0.0,0.0,1.0,0.0,0.0
11,6,0.0,0.0,0.0,0.0,0.0,0.0,1.0,0.0,0.0
11,6,0.0,0.0,0.0,0.0,0.0,0.0,1.0,0.0,0.0
11,6,0.0,0.0,0.0,0.0,0.0,0.0,1.0,0.0,0.0
11,6,0.0,0.0,0.0,0.0,0.0,0.0,1.0,0.0,0.0
11,6,0.0,0.0,0.0,0.0,0.0,0.0,1.0,0.0,0.0
11,6,0.0,0.0,0.0,0.0,0.0,0.0,1.0,0.0,0.0
11,6,0.0,0.0,0.0,0.0,0.0,0.0,1.0,0.0,0.0
11,6,0.0,0.0,0.0,0.0,0.0,0.0,1.0,0.0,0.0
11,6,0.0,0.0,0.0,0.0,0.0,0.0,1.0,0.0,0.0
11,6,0.0,0.0,0.0,0.0,0.0,0.0,1.0,0.0,0.0
11,6,0.0,0.0,0.0,0.0,0.0,0.0,1.0,0.0,0.0
11,6,0.0,0.0,0.0,0.0,0.0,0.0,1.0,0.0,0.0
11,6,0.0,0.0,0.0,0.0,0.0,0.0,1.0,0.0,0.0
11,6,0.0,0.0,0.0,0.0,0.0,0.0,1.0,0.0,0.0
11,6,0.0,0.0,0.0,0.0,0.0,0.0,1.0,0.0,0.0
11,6,0.0,0.0,0.0,0.0,0.0,0.0,1.0,0.0,0.0
11,6,0.0,0.0,0.0,0.0,0.0,0.0,1.0,0.0,0.0
11,6,0.0,0.0,0.0,0.0,0.0,0.0,1.0,0.0,0.0
11,6,0.0,0.0,0.0,0.0,0.0,0.0,1.0,0.0,0.0
11,6,0.0,0.0,0.0,0.0,0.0,0.0,1.0,0.0,0.0
11,6,0.0,0.0,0.0,0.0,0.0,0.0,1.0,0.0,0.0
11,6,0.0,0.0,0.0,0.0,0.0,0.0,1.0,0.0,0.0
11,6,0.0,0.0,0.0,0.0,0.0,0.0,1.0,0.0,0.0
11,6,0.0,0.0,0.0,0.0,0.0,0.0,1.0,0.0,0.0
11,6,0.0,0.0,0.0,0.0,0.0,0.0,1.0,0.0,0.0
11,6,0.0,0.0,0.0,0.0,0.0,0.0,1.0,0.0,0.0
11,6,0.0,0.0,0.0,0.0,0.0,0.0,1.0,0.0,0.0
11,6,0.0,0.0,0.0,0.0,0.0,0.0,1.0,0.0,0.0
11,6,0.0,0.0,0.0,0.0,0.0,0.0,1.0,0.0,0.0
11,6,0.0,0.0,0.0,0.0,0.0,0.0,1.0,0.0,0.0
11,6,0.0,0.0,0.0,0.0,0.0,0.0,1.0,0.0,0.0
11,6,0.0,0.0,0.0,0.0,0.0,0.0,1.0,0.0,0.0
11,6,0.0,0.0,0.0,0.0,0.0,0.0,1.0,0.0,0.0
11,6,0.0,0.0,0.0,0.0,0.0,0.0,1.0,0.0,0.0
11,6,0.0,0.0,0.0,0.0,0.0,0.0,1.0,0.0,0.0
11,6,0.0,0.0,0.0,0.0,0.0,0.0,1.0,0.0,0.0
11,6,0.0,0.0,0.0,0.0,0.0,0.0,1.0,0.0,0.0
11,6,0.0,0.0,0.0,0.0,0.0,0.0,1.0,0.0,0.0
11,6,0.0,0.0,0.0,0.0,0.0,0.0,1.0,0.0,0.0
11,6,0.0,0.0,0.0,0.0,0.0,0.0,1.0,0.0,0.0
11,6,0.0,0.0,0.0,0.0,0.0,0.0,1.0,0.0,0.0
11,6,0.0,0.0,0.0,0.0,0.0,0.0,1.0,0.0,0.0
11,6,0.0,0.0,0.0,0.0,0.0,0.0,1.0,0.0,0.0
11,6,0.0,0.0,0.0,0.0,0.0,0.0,1.0,0.0,0.0
11,6,0.0,0.0,0.0,0.0,0.0,0.0,1.0,0.0,0.0
11,6,0.0,0.0,0.0,0.0,0.0,0.0,1.0,0.0,0.0
11,6,0.0,0.0,0.0,0.0,0.0,0.0,1.0,0.0,0.0
11,6,0.0,0.0,0.0,0.0,0.0,0.0,1.0,0.0,0.0
11,6,0.0,0.0,0.0,0.0,0.0,0.0,1.0,0.0,0.0
11,6,0.0,0.0,0.0,0.0,0.0,0.0,1.0,0.0,0.0
11,6,0.0,0.0,0.0,0.0,0.0,0.0,1.0,0.0,0.0
11,6,0.0,0.0,0.0,0.0,0.0,0.0,1.0,0.0,0.0
11,6,0.0,0.0,0.0,0.0,0.0,0.0,1.0,0.0,0.0
11,6,0.0,0.0,0.0,0.0,0.0,0.0,1.0,0.0,0.0
11,6,0.0,0.0,0.0,0.0,0.0,0.0,1.0,0.0,0.0
11,6,0.0,0.0,0.0,0.0,0.0,0.0,1.0,0.0,0.0
11,6,0.0,0.0,0.0,0.0,0.0,0.0,1.0,0.0,0.0
11,6,0.0,0.0,0.0,0.0,0.0,0.0,1.0,0.0,0.0
11,6,0.0,0.0,0.0,0.0,0.0,0.0,1.0,0.0,0.0
11,6,0.0,0.0,0.0,0.0,0.0,0.0,1.0,0.0,0.0
11,6,0.0,0.0,0.0,0.0,0.0,0.0,1.0,0.0,0.0
11,6,0.0,0.0,0.0,0.0,0.0,0.0,1.0,0.0,0.0
11,6,0.0,0.0,0.0,0.0,0.0,0.0,1.0,0.0,0.0
11,6,0.0,0.0,0.0,0.0,0.0,0.0,1.0,0.0,0.0
11,6,0.0,0.0,0.0,0.0,0.0,0.0,1.0,0.0,0.0
11,6,0.0,0.0,0.0,0.0,0.0,0.0,1.0,0.0,0.0
11,6,0.0,0.0,0.0,0.0,0.0,0.0,1.0,0.0,0.0
11,6,0.0,0.0,0.0,0.0,0.0,0.0,1.0,0.0,0.0
11,6,0.0,0.0,0.0,0.0,0.0,0.0,1.0,0.0,0.0
11,6,0.0,0.0,0.0,0.0,0.0,0.0,1.0,0.0,0.0
11,6,0.0,0.0,0.0,0.0,0.0,0.0,1.0,0.0,0.0
11,6,0.0,0.0,0.0,0.0,0.0,0.0,1.0,0.0,0.0
11,6,0.0,0.0,0.0,0.0,0.0,0.0,1.0,0.0,0.0
11,6,0.0,0.0,0.0,0.0,0.0,0.0,1.0,0.0,0.0
11,6,0.0,0.0,0.0,0.0,0.0,0.0,1.0,0.0,0.0
11,6,0.0,0.0,0.0,0.0,0.0,0.0,1.0,0.0,0.0
11,6,0.0,0.0,0.0,0.0,0.0,0.0,1.0,0.0,0.0
11,6,0.0,0.0,0.0,0.0,0.0,0.0,1.0,0.0,0.0
11,6,0.0,0.0,0.0,0.0,0.0,0.0,1.0,0.0,0.0
11,6,0.0,0.0,0.0,0.0,0.0,0.0,1.0,0.0,0.0
11,6,0.0,0.0,0.0,0.0,0.0,0.0,1.0,0.0,0.0
11,6,0.0,0.0,0.0,0.0,0.0,0.0,1.0,0.0,0.0
11,6,0.0,0.0,0.0,0.0,0.0,0.0,1.0,0.0,0.0
11,6,0.0,0.0,0.0,0.0,0.0,0.0,1.0,0.0,0.0
11,6,0.0,0.0,0.0,0.0,0.0,0.0,1.0,0.0,0.0
11,6,0.0,0.0,0.0,0.0,0.0,0.0,1.0,0.0,0.0
11,6,0.0,0.0,0.0,0.0,0.0,0.0,1.0,0.0,0.0
11,6,0.0,0.0,0.0,0.0,0.0,0.0,1.0,0.0,0.0
11,6,0.0,0.0,0.0,0.0,0.0,0.0,1.0,0.0,0.0
11,6,0.0,0.0,0.0,0.0,0.0,0.0,1.0,0.0,0.0
11,6,0.0,0.0,0.0,0.0,0.0,0.0,1.0,0.0,0.0
11,6,0.0,0.0,0.0,0.0,0.0,0.0,1.0,0.0,0.0
11,6,0.0,0.0,0.0,0.0,0.0,0.0,1.0,0.0,0.0
11,6,0.0,0.0,0.0,0.0,0.0,0.0,1.0,0.0,0.0
11,6,0.0,0.0,0.0,0.0,0.0,0.0,1.0,0.0,0.0
11,6,0.0,0.0,0.0,0.0,0.0,0.0,1.0,0.0,0.0
11,6,0.0,0.0,0.0,0.0,0.0,0.0,1.0,0.0,0.0
11,6,0.0,0.0,0.0,0.0,0.0,0.0,1.0,0.0,0.0
11,6,0.0,0.0,0.0,0.0,0.0,0.0,1.0,0.0,0.0
11,6,0.0,0.0,0.0,0.0,0.0,0.0,1.0,0.0,0.0
11,6,0.0,0.0,0.0,0.0,0.0,0.0,1.0,0.0,0.0
11,6,0.0,0.0,0.0,0.0,0.0,0.0,1.0,0.0,0.0
11,6,0.0,0.0,0.0,0.0,0.0,0.0,1.0,0.0,0.0
11,6,0.0,0.0,0.0,0.0,0.0,0.0,1.0,0.0,0.0
11,6,0.0,0.0,0.0,0.0,0.0,0.0,1.0,0.0,0.0
11,6,0.0,0.0,0.0,0.0,0.0,0.0,1.0,0.0,0.0
11,6,0.0,0.0,0.0,0.0,0.0,0.0,1.0,0.0,0.0
11,6,0.0,0.0,0.0,0.0,0.0,0.0,1.0,0.0,0.0
11,6,0.0,0.0,0.0,0.0,0.0,0.0,1.0,0.0,0.0
11,6,0.0,0.0,0.0,0.0,0.0,0.0,1.0,0.0,0.0
11,6,0.0,0.0,0.0,0.0,0.0,0.0,1.0,0.0,0.0
11,6,0.0,0.0,0.0,0.0,0.0,0.0,1.0,0.0,0.0
11,6,0.0,0.0,0.0,0.0,0.0,0.0,1.0,0.0,0.0
11,6,0.0,0.0,0.0,0.0,0.0,0.0,1.0,0.0,0.0
11,6,0.0,0.0,0.0,0.0,0.0,0.0,1.0,0.0,0.0
11,6,0.0,0.0,0.0,0.0,0.0,0.0,1.0,0.0,0.0
11,6,0.0,0.0,0.0,0.0,0.0,0.0,1.0,0.0,0.0
11,6,0.0,0.0,0.0,0.0,0.0,0.0,1.0,0.0,0.0
11,6,0.0,0.0,0.0,0.0,0.0,0.0,1.0,0.0,0.0
11,6,0.0,0.0,0.0,0.0,0.0,0.0,1.0,0.0,0.0
11,6,0.0,0.0,0.0,0.0,0.0,0.0,1.0,0.0,0.0
11,6,0.0,0.0,0.0,0.0,0.0,0.0,1.0,0.0,0.0
11,6,0.0,0.0,0.0,0.0,0.0,0.0,1.0,0.0,0.0
11,6,0.0,0.0,0.0,0.0,0.0,0.0,1.0,0.0,0.0
11,6,0.0,0.0,0.0,0.0,0.0,0.0,1.0,0.0,0.0
11,6,0.0,0.0,0.0,0.0,0.0,0.0,1.0,0.0,0.0
11,6,0.0,0.0,0.0,0.0,0.0,0.0,1.0,0.0,0.0
11,6,0.0,0.0,0.0,0.0,0.0,0.0,1.0,0.0,0.0
11,6,0.0,0.0,0.0,0.0,0.0,0.0,1.0,0.0,0.0
11,6,0.0,0.0,0.0,0.0,0.0,0.0,1.0,0.0,0.0
11,6,0.0,0.0,0.0,0.0,0.0,0.0,1.0,0.0,0.0
11,6,0.0,0.0,0.0,0.0,0.0,0.0,1.0,0.0,0.0
11,6,0.0,0.0,0.0,0.0,0.0,0.0,1.0,0.0,0.0
11,6,0.0,0.0,0.0,0.0,0.0,0.0,1.0,0.0,0.0
11,6,0.0,0.0,0.0,0.0,0.0,0.0,1.0,0.0,0.0
11,6,0.0,0.0,0.0,0.0,0.0,0.0,1.0,0.0,0.0
11,6,0.0,0.0,0.0,0.0,0.0,0.0,1.0,0.0,0.0
11,6,0.0,0.0,0.0,0.0,0.0,0.0,1.0,0.0,0.0
11,6,0.0,0.0,0.0,0.0,0.0,0.0,1.0,0.0,0.0
11,6,0.0,0.0,0.0,0.0,0.0,0.0,1.0,0.0,0.0
11,6,0.0,0.0,0.0,0.0,0.0,0.0,1.0,0.0,0.0
11,6,0.0,0.0,0.0,0.0,0.0,0.0,1.0,0.0,0.0
11,6,0.0,0.0,0.0,0.0,0.0,0.0,1.0,0.0,0.0
11,6,0.0,0.0,0.0,0.0,0.0,0.0,1.0,0.0,0.0
11,6,0.0,0.0,0.0,0.0,0.0,0.0,1.0,0.0,0.0
11,6,0.0,0.0,0.0,0.0,0.0,0.0,1.0,0.0,0.0
11,6,0.0,0.0,0.0,0.0,0.0,0.0,1.0,0.0,0.0
11,6,0.0,0.0,0.0,0.0,0.0,0.0,1.0,0.0,0.0
11,6,0.0,0.0,0.0,0.0,0.0,0.0,1.0,0.0,0.0
11,6,0.0,0.0,0.0,0.0,0.0,0.0,1.0,0.0,0.0
11,6,0.0,0.0,0.0,0.0,0.0,0.0,1.0,0.0,0.0
11,6,0.0,0.0,0.0,0.0,0.0,0.0,1.0,0.0,0.0
11,6,0.0,0.0,0.0,0.0,0.0,0.0,1.0,0.0,0.0
11,6,0.0,0.0,0.0,0.0,0.0,0.0,1.0,0.0,0.0
11,6,0.0,0.0,0.0,0.0,0.0,0.0,1.0,0.0,0.0
11,6,0.0,0.0,0.0,0.0,0.0,0.0,1.0,0.0,0.0
11,6,0.0,0.0,0.0,0.0,0.0,0.0,1.0,0.0,0.0
11,6,0.0,0.0,0.0,0.0,0.0,0.0,1.0,0.0,0.0
11,6,0.0,0.0,0.0,0.0,0.0,0.0,1.0,0.0,0.0
11,6,0.0,0.0,0.0,0.0,0.0,0.0,1.0,0.0,0.0
11,6,0.0,0.0,0.0,0.0,0.0,0.0,1.0,0.0,0.0
11,6,0.0,0.0,0.0,0.0,0.0,0.0,1.0,0.0,0.0
11,6,0.0,0.0,0.0,0.0,0.0,0.0,1.0,0.0,0.0
11,6,0.0,0.0,0.0,0.0,0.0,0.0,1.0,0.0,0.0
11,6,0.0,0.0,0.0,0.0,0.0,0.0,1.0,0.0,0.0
11,6,0.0,0.0,0.0,0.0,0.0,0.0,1.0,0.0,0.0
11,6,0.0,0.0,0.0,0.0,0.0,0.0,1.0,0.0,0.0
11,6,0.0,0.0,0.0,0.0,0.0,0.0,1.0,0.0,0.0
11,6,0.0,0.0,0.0,0.0,0.0,0.0,1.0,0.0,0.0
11,6,0.0,0.0,0.0,0.0,0.0,0.0,1.0,0.0,0.0
11,6,0.0,0.0,0.0,0.0,0.0,0.0,1.0,0.0,0.0
11,6,0.0,0.0,0.0,0.0,0.0,0.0,1.0,0.0,0.0
11,6,0.0,0.0,0.0,0.0,0.0,0.0,1.0,0.0,0.0
11,6,0.0,0.0,0.0,0.0,0.0,0.0,1.0,0.0,0.0
11,6,0.0,0.0,0.0,0.0,0.0,0.0,1.0,0.0,0.0
11,6,0.0,0.0,0.0,0.0,0.0,0.0,1.0,0.0,0.0
11,6,0.0,0.0,0.0,0.0,0.0,0.0,1.0,0.0,0.0
11,6,0.0,0.0,0.0,0.0,0.0,0.0,1.0,0.0,0.0
11,6,0.0,0.0,0.0,0.0,0.0,0.0,1.0,0.0,0.0
11,6,0.0,0.0,0.0,0.0,0.0,0.0,1.0,0.0,0.0
11,6,0.0,0.0,0.0,0.0,0.0,0.0,1.0,0.0,0.0
11,6,0.0,0.0,0.0,0.0,0.0,0.0,1.0,0.0,0.0
11,6,0.0,0.0,0.0,0.0,0.0,0.0,1.0,0.0,0.0
11,6,0.0,0.0,0.0,0.0,0.0,0.0,1.0,0.0,0.0
11,6,0.0,0.0,0.0,0.0,0.0,0.0,1.0,0.0,0.0
11,6,0.0,0.0,0.0,0.0,0.0,0.0,1.0,0.0,0.0
11,6,0.0,0.0,0.0,0.0,0.0,0.0,1.0,0.0,0.0
11,6,0.0,0.0,0.0,0.0,0.0,0.0,1.0,0.0,0.0
11,6,0.0,0.0,0.0,0.0,0.0,0.0,1.0,0.0,0.0
11,6,0.0,0.0,0.0,0.0,0.0,0.0,1.0,0.0,0.0
11,6,0.0,0.0,0.0,0.0,0.0,0.0,1.0,0.0,0.0
11,6,0.0,0.0,0.0,0.0,0.0,0.0,1.0,0.0,0.0
11,6,0.0,0.0,0.0,0.0,0.0,0.0,1.0,0.0,0.0
11,6,0.0,0.0,0.0,0.0,0.0,0.0,1.0,0.0,0.0
11,6,0.0,0.0,0.0,0.0,0.0,0.0,1.0,0.0,0.0
11,6,0.0,0.0,0.0,0.0,0.0,0.0,1.0,0.0,0.0
11,6,0.0,0.0,0.0,0.0,0.0,0.0,1.0,0.0,0.0
11,6,0.0,0.0,0.0,0.0,0.0,0.0,1.0,0.0,0.0
11,6,0.0,0.0,0.0,0.0,0.0,0.0,1.0,0.0,0.0
11,6,0.0,0.0,0.0,0.0,0.0,0.0,1.0,0.0,0.0
11,6,0.0,0.0,0.0,0.0,0.0,0.0,1.0,0.0,0.0
11,6,0.0,0.0,0.0,0.0,0.0,0.0,1.0,0.0,0.0
11,6,0.0,0.0,0.0,0.0,0.0,0.0,1.0,0.0,0.0
11,6,0.0,0.0,0.0,0.0,0.0,0.0,1.0,0.0,0.0
11,6,0.0,0.0,0.0,0.0,0.0,0.0,1.0,0.0,0.0
11,6,0.0,0.0,0.0,0.0,0.0,0.0,1.0,0.0,0.0
11,6,0.0,0.0,0.0,0.0,0.0,0.0,1.0,0.0,0.0
11,6,0.0,0.0,0.0,0.0,0.0,0.0,1.0,0.0,0.0
11,6,0.0,0.0,0.0,0.0,0.0,0.0,1.0,0.0,0.0
11,6,0.0,0.0,0.0,0.0,0.0,0.0,1.0,0.0,0.0
11,6,0.0,0.0,0.0,0.0,0.0,0.0,1.0,0.0,0.0
11,6,0.0,0.0,0.0,0.0,0.0,0.0,1.0,0.0,0.0
11,6,0.0,0.0,0.0,0.0,0.0,0.0,1.0,0.0,0.0
11,6,0.0,0.0,0.0,0.0,0.0,0.0,1.0,0.0,0.0
11,6,0.0,0.0,0.0,0.0,0.0,0.0,1.0,0.0,0.0
11,6,0.0,0.0,0.0,0.0,0.0,0.0,1.0,0.0,0.0
11,6,0.0,0.0,0.0,0.0,0.0,0.0,1.0,0.0,0.0
11,6,0.0,0.0,0.0,0.0,0.0,0.0,1.0,0.0,0.0
11,6,0.0,0.0,0.0,0.0,0.0,0.0,1.0,0.0,0.0
11,6,0.0,0.0,0.0,0.0,0.0,0.0,1.0,0.0,0.0
11,6,0.0,0.0,0.0,0.0,0.0,0.0,1.0,0.0,0.0
11,6,0.0,0.0,0.0,0.0,0.0,0.0,1.0,0.0,0.0
11,6,0.0,0.0,0.0,0.0,0.0,0.0,1.0,0.0,0.0
11,6,0.0,0.0,0.0,0.0,0.0,0.0,1.0,0.0,0.0
11,6,0.0,0.0,0.0,0.0,0.0,0.0,1.0,0.0,0.0
11,6,0.0,0.0,0.0,0.0,0.0,0.0,1.0,0.0,0.0
11,6,0.0,0.0,0.0,0.0,0.0,0.0,1.0,0.0,0.0
11,6,0.0,0.0,0.0,0.0,0.0,0.0,1.0,0.0,0.0
11,6,0.0,0.0,0.0,0.0,0.0,0.0,1.0,0.0,0.0
11,6,0.0,0.0,0.0,0.0,0.0,0.0,1.0,0.0,0.0
11,6,0.0,0.0,0.0,0.0,0.0,0.0,1.0,0.0,0.0
11,6,0.0,0.0,0.0,0.0,0.0,0.0,1.0,0.0,0.0
11,6,0.0,0.0,0.0,0.0,0.0,0.0,1.0,0.0,0.0
11,6,0.0,0.0,0.0,0.0,0.0,0.0,1.0,0.0,0.0
11,6,0.0,0.0,0.0,0.0,0.0,0.0,1.0,0.0,0.0
11,6,0.0,0.0,0.0,0.0,0.0,0.0,1.0,0.0,0.0
11,6,0.0,0.0,0.0,0.0,0.0,0.0,1.0,0.0,0.0
11,6,0.0,0.0,0.0,0.0,0.0,0.0,1.0,0.0,0.0
11,6,0.0,0.0,0.0,0.0,0.0,0.0,1.0,0.0,0.0
11,6,0.0,0.0,0.0,0.0,0.0,0.0,1.0,0.0,0.0
11,6,0.0,0.0,0.0,0.0,0.0,0.0,1.0,0.0,0.0
11,6,0.0,0.0,0.0,0.0,0.0,0.0,1.0,0.0,0.0
11,6,0.0,0.0,0.0,0.0,0.0,0.0,1.0,0.0,0.0
11,6,0.0,0.0,0.0,0.0,0.0,0.0,1.0,0.0,0.0
11,6,0.0,0.0,0.0,0.0,0.0,0.0,1.0,0.0,0.0
11,6,0.0,0.0,0.0,0.0,0.0,0.0,1.0,0.0,0.0
11,6,0.0,0.0,0.0,0.0,0.0,0.0,1.0,0.0,0.0
11,6,0.0,0.0,0.0,0.0,0.0,0.0,1.0,0.0,0.0
11,6,0.0,0.0,0.0,0.0,0.0,0.0,1.0,0.0,0.0
11,6,0.0,0.0,0.0,0.0,0.0,0.0,1.0,0.0,0.0
11,6,0.0,0.0,0.0,0.0,0.0,0.0,1.0,0.0,0.0
11,6,0.0,0.0,0.0,0.0,0.0,0.0,1.0,0.0,0.0
11,6,0.0,0.0,0.0,0.0,0.0,0.0,1.0,0.0,0.0
11,6,0.0,0.0,0.0,0.0,0.0,0.0,1.0,0.0,0.0
11,6,0.0,0.0,0.0,0.0,0.0,0.0,1.0,0.0,0.0
11,6,0.0,0.0,0.0,0.0,0.0,0.0,1.0,0.0,0.0
11,6,0.0,0.0,0.0,0.0,0.0,0.0,1.0,0.0,0.0
11,6,0.0,0.0,0.0,0.0,0.0,0.0,1.0,0.0,0.0
11,6,0.0,0.0,0.0,0.0,0.0,0.0,1.0,0.0,0.0
11,6,0.0,0.0,0.0,0.0,0.0,0.0,1.0,0.0,0.0
11,6,0.0,0.0,0.0,0.0,0.0,0.0,1.0,0.0,0.0
11,6,0.0,0.0,0.0,0.0,0.0,0.0,1.0,0.0,0.0
11,6,0.0,0.0,0.0,0.0,0.0,0.0,1.0,0.0,0.0
11,6,0.0,0.0,0.0,0.0,0.0,0.0,1.0,0.0,0.0
11,6,0.0,0.0,0.0,0.0,0.0,0.0,1.0,0.0,0.0
11,6,0.0,0.0,0.0,0.0,0.0,0.0,1.0,0.0,0.0
11,6,0.0,0.0,0.0,0.0,0.0,0.0,1.0,0.0,0.0
11,6,0.0,0.0,0.0,0.0,0.0,0.0,1.0,0.0,0.0
11,6,0.0,0.0,0.0,0.0,0.0,0.0,1.0,0.0,0.0
11,6,0.0,0.0,0.0,0.0,0.0,0.0,1.0,0.0,0.0
11,6,0.0,0.0,0.0,0.0,0.0,0.0,1.0,0.0,0.0
11,6,0.0,0.0,0.0,0.0,0.0,0.0,1.0,0.0,0.0
11,6,0.0,0.0,0.0,0.0,0.0,0.0,1.0,0.0,0.0
11,6,0.0,0.0,0.0,0.0,0.0,0.0,1.0,0.0,0.0
11,6,0.0,0.0,0.0,0.0,0.0,0.0,1.0,0.0,0.0
11,6,0.0,0.0,0.0,0.0,0.0,0.0,1.0,0.0,0.0
11,6,0.0,0.0,0.0,0.0,0.0,0.0,1.0,0.0,0.0
11,6,0.0,0.0,0.0,0.0,0.0,0.0,1.0,0.0,0.0
11,6,0.0,0.0,0.0,0.0,0.0,0.0,1.0,0.0,0.0
11,6,0.0,0.0,0.0,0.0,0.0,0.0,1.0,0.0,0.0
11,6,0.0,0.0,0.0,0.0,0.0,0.0,1.0,0.0,0.0
11,6,0.0,0.0,0.0,0.0,0.0,0.0,1.0,0.0,0.0
11,6,0.0,0.0,0.0,0.0,0.0,0.0,1.0,0.0,0.0
11,6,0.0,0.0,0.0,0.0,0.0,0.0,1.0,0.0,0.0
11,6,0.0,0.0,0.0,0.0,0.0,0.0,1.0,0.0,0.0
11,6,0.0,0.0,0.0,0.0,0.0,0.0,1.0,0.0,0.0
11,6,0.0,0.0,0.0,0.0,0.0,0.0,1.0,0.0,0.0
11,6,0.0,0.0,0.0,0.0,0.0,0.0,1.0,0.0,0.0
11,6,0.0,0.0,0.0,0.0,0.0,0.0,1.0,0.0,0.0
11,6,0.0,0.0,0.0,0.0,0.0,0.0,1.0,0.0,0.0
11,6,0.0,0.0,0.0,0.0,0.0,0.0,1.0,0.0,0.0
11,6,0.0,0.0,0.0,0.0,0.0,0.0,1.0,0.0,0.0
11,6,0.0,0.0,0.0,0.0,0.0,0.0,1.0,0.0,0.0
11,6,0.0,0.0,0.0,0.0,0.0,0.0,1.0,0.0,0.0
11,6,0.0,0.0,0.0,0.0,0.0,0.0,1.0,0.0,0.0
11,6,0.0,0.0,0.0,0.0,0.0,0.0,1.0,0.0,0.0
11,6,0.0,0.0,0.0,0.0,0.0,0.0,1.0,0.0,0.0
11,6,0.0,0.0,0.0,0.0,0.0,0.0,1.0,0.0,0.0
11,6,0.0,0.0,0.0,0.0,0.0,0.0,1.0,0.0,0.0
11,6,0.0,0.0,0.0,0.0,0.0,0.0,1.0,0.0,0.0
11,6,0.0,0.0,0.0,0.0,0.0,0.0,1.0,0.0,0.0
11,6,0.0,0.0,0.0,0.0,0.0,0.0,1.0,0.0,0.0
11,6,0.0,0.0,0.0,0.0,0.0,0.0,1.0,0.0,0.0
11,6,0.0,0.0,0.0,0.0,0.0,0.0,1.0,0.0,0.0
11,6,0.0,0.0,0.0,0.0,0.0,0.0,1.0,0.0,0.0
11,6,0.0,0.0,0.0,0.0,0.0,0.0,1.0,0.0,0.0
11,6,0.0,0.0,0.0,0.0,0.0,0.0,1.0,0.0,0.0
11,6,0.0,0.0,0.0,0.0,0.0,0.0,1.0,0.0,0.0
11,6,0.0,0.0,0.0,0.0,0.0,0.0,1.0,0.0,0.0
11,6,0.0,0.0,0.0,0.0,0.0,0.0,1.0,0.0,0.0
11,6,0.0,0.0,0.0,0.0,0.0,0.0,1.0,0.0,0.0
11,6,0.0,0.0,0.0,0.0,0.0,0.0,1.0,0.0,0.0
11,6,0.0,0.0,0.0,0.0,0.0,0.0,1.0,0.0,0.0
11,6,0.0,0.0,0.0,0.0,0.0,0.0,1.0,0.0,0.0
11,6,0.0,0.0,0.0,0.0,0.0,0.0,1.0,0.0,0.0
11,6,0.0,0.0,0.0,0.0,0.0,0.0,1.0,0.0,0.0
11,6,0.0,0.0,0.0,0.0,0.0,0.0,1.0,0.0,0.0
11,6,0.0,0.0,0.0,0.0,0.0,0.0,1.0,0.0,0.0
11,6,0.0,0.0,0.0,0.0,0.0,0.0,1.0,0.0,0.0
11,6,0.0,0.0,0.0,0.0,0.0,0.0,1.0,0.0,0.0
11,6,0.0,0.0,0.0,0.0,0.0,0.0,1.0,0.0,0.0
11,6,0.0,0.0,0.0,0.0,0.0,0.0,1.0,0.0,0.0
11,6,0.0,0.0,0.0,0.0,0.0,0.0,1.0,0.0,0.0
11,6,0.0,0.0,0.0,0.0,0.0,0.0,1.0,0.0,0.0
11,6,0.0,0.0,0.0,0.0,0.0,0.0,1.0,0.0,0.0
11,6,0.0,0.0,0.0,0.0,0.0,0.0,1.0,0.0,0.0
11,6,0.0,0.0,0.0,0.0,0.0,0.0,1.0,0.0,0.0
11,6,0.0,0.0,0.0,0.0,0.0,0.0,1.0,0.0,0.0
11,6,0.0,0.0,0.0,0.0,0.0,0.0,1.0,0.0,0.0
11,6,0.0,0.0,0.0,0.0,0.0,0.0,1.0,0.0,0.0
11,6,0.0,0.0,0.0,0.0,0.0,0.0,1.0,0.0,0.0
11,6,0.0,0.0,0.0,0.0,0.0,0.0,1.0,0.0,0.0
11,6,0.0,0.0,0.0,0.0,0.0,0.0,1.0,0.0,0.0
11,6,0.0,0.0,0.0,0.0,0.0,0.0,1.0,0.0,0.0
11,6,0.0,0.0,0.0,0.0,0.0,0.0,1.0,0.0,0.0
11,6,0.0,0.0,0.0,0.0,0.0,0.0,1.0,0.0,0.0
11,6,0.0,0.0,0.0,0.0,0.0,0.0,1.0,0.0,0.0
11,6,0.0,0.0,0.0,0.0,0.0,0.0,1.0,0.0,0.0
11,6,0.0,0.0,0.0,0.0,0.0,0.0,1.0,0.0,0.0
11,6,0.0,0.0,0.0,0.0,0.0,0.0,1.0,0.0,0.0
11,6,0.0,0.0,0.0,0.0,0.0,0.0,1.0,0.0,0.0
11,6,0.0,0.0,0.0,0.0,0.0,0.0,1.0,0.0,0.0
11,6,0.0,0.0,0.0,0.0,0.0,0.0,1.0,0.0,0.0
11,6,0.0,0.0,0.0,0.0,0.0,0.0,1.0,0.0,0.0
11,6,0.0,0.0,0.0,0.0,0.0,0.0,1.0,0.0,0.0
11,6,0.0,0.0,0.0,0.0,0.0,0.0,1.0,0.0,0.0
11,6,0.0,0.0,0.0,0.0,0.0,0.0,1.0,0.0,0.0
11,6,0.0,0.0,0.0,0.0,0.0,0.0,1.0,0.0,0.0
11,6,0.0,0.0,0.0,0.0,0.0,0.0,1.0,0.0,0.0
11,6,0.0,0.0,0.0,0.0,0.0,0.0,1.0,0.0,0.0
11,6,0.0,0.0,0.0,0.0,0.0,0.0,1.0,0.0,0.0
11,6,0.0,0.0,0.0,0.0,0.0,0.0,1.0,0.0,0.0
11,6,0.0,0.0,0.0,0.0,0.0,0.0,1.0,0.0,0.0
11,6,0.0,0.0,0.0,0.0,0.0,0.0,1.0,0.0,0.0
11,6,0.0,0.0,0.0,0.0,0.0,0.0,1.0,0.0,0.0
11,6,0.0,0.0,0.0,0.0,0.0,0.0,1.0,0.0,0.0
11,6,0.0,0.0,0.0,0.0,0.0,0.0,1.0,0.0,0.0
11,6,0.0,0.0,0.0,0.0,0.0,0.0,1.0,0.0,0.0
11,6,0.0,0.0,0.0,0.0,0.0,0.0,1.0,0.0,0.0
11,6,0.0,0.0,0.0,0.0,0.0,0.0,1.0,0.0,0.0
11,6,0.0,0.0,0.0,0.0,0.0,0.0,1.0,0.0,0.0
11,6,0.0,0.0,0.0,0.0,0.0,0.0,1.0,0.0,0.0
11,6,0.0,0.0,0.0,0.0,0.0,0.0,1.0,0.0,0.0
11,6,0.0,0.0,0.0,0.0,0.0,0.0,1.0,0.0,0.0
11,6,0.0,0.0,0.0,0.0,0.0,0.0,1.0,0.0,0.0
11,6,0.0,0.0,0.0,0.0,0.0,0.0,1.0,0.0,0.0
11,6,0.0,0.0,0.0,0.0,0.0,0.0,1.0,0.0,0.0
11,6,0.0,0.0,0.0,0.0,0.0,0.0,1.0,0.0,0.0
11,6,0.0,0.0,0.0,0.0,0.0,0.0,1.0,0.0,0.0
11,6,0.0,0.0,0.0,0.0,0.0,0.0,1.0,0.0,0.0
11,6,0.0,0.0,0.0,0.0,0.0,0.0,1.0,0.0,0.0
11,6,0.0,0.0,0.0,0.0,0.0,0.0,1.0,0.0,0.0
11,6,0.0,0.0,0.0,0.0,0.0,0.0,1.0,0.0,0.0
11,6,0.0,0.0,0.0,0.0,0.0,0.0,1.0,0.0,0.0
11,6,0.0,0.0,0.0,0.0,0.0,0.0,1.0,0.0,0.0
11,6,0.0,0.0,0.0,0.0,0.0,0.0,1.0,0.0,0.0
11,6,0.0,0.0,0.0,0.0,0.0,0.0,1.0,0.0,0.0
11,6,0.0,0.0,0.0,0.0,0.0,0.0,1.0,0.0,0.0
11,6,0.0,0.0,0.0,0.0,0.0,0.0,1.0,0.0,0.0
11,6,0.0,0.0,0.0,0.0,0.0,0.0,1.0,0.0,0.0
11,6,0.0,0.0,0.0,0.0,0.0,0.0,1.0,0.0,0.0
11,6,0.0,0.0,0.0,0.0,0.0,0.0,1.0,0.0,0.0
11,6,0.0,0.0,0.0,0.0,0.0,0.0,1.0,0.0,0.0
11,6,0.0,0.0,0.0,0.0,0.0,0.0,1.0,0.0,0.0
11,6,0.0,0.0,0.0,0.0,0.0,0.0,1.0,0.0,0.0
11,6,0.0,0.0,0.0,0.0,0.0,0.0,1.0,0.0,0.0
11,6,0.0,0.0,0.0,0.0,0.0,0.0,1.0,0.0,0.0
11,6,0.0,0.0,0.0,0.0,0.0,0.0,1.0,0.0,0.0
11,6,0.0,0.0,0.0,0.0,0.0,0.0,1.0,0.0,0.0
11,6,0.0,0.0,0.0,0.0,0.0,0.0,1.0,0.0,0.0
11,6,0.0,0.0,0.0,0.0,0.0,0.0,1.0,0.0,0.0
11,6,0.0,0.0,0.0,0.0,0.0,0.0,1.0,0.0,0.0
11,6,0.0,0.0,0.0,0.0,0.0,0.0,1.0,0.0,0.0
11,6,0.0,0.0,0.0,0.0,0.0,0.0,1.0,0.0,0.0
11,6,0.0,0.0,0.0,0.0,0.0,0.0,1.0,0.0,0.0
11,6,0.0,0.0,0.0,0.0,0.0,0.0,1.0,0.0,0.0
11,6,0.0,0.0,0.0,0.0,0.0,0.0,1.0,0.0,0.0
11,6,0.0,0.0,0.0,0.0,0.0,0.0,1.0,0.0,0.0
11,6,0.0,0.0,0.0,0.0,0.0,0.0,1.0,0.0,0.0
11,6,0.0,0.0,0.0,0.0,0.0,0.0,1.0,0.0,0.0
11,6,0.0,0.0,0.0,0.0,0.0,0.0,1.0,0.0,0.0
11,6,0.0,0.0,0.0,0.0,0.0,0.0,1.0,0.0,0.0
11,6,0.0,0.0,0.0,0.0,0.0,0.0,1.0,0.0,0.0
11,6,0.0,0.0,0.0,0.0,0.0,0.0,1.0,0.0,0.0
11,6,0.0,0.0,0.0,0.0,0.0,0.0,1.0,0.0,0.0
11,6,0.0,0.0,0.0,0.0,0.0,0.0,1.0,0.0,0.0
11,6,0.0,0.0,0.0,0.0,0.0,0.0,1.0,0.0,0.0
11,6,0.0,0.0,0.0,0.0,0.0,0.0,1.0,0.0,0.0
11,6,0.0,0.0,0.0,0.0,0.0,0.0,1.0,0.0,0.0
11,6,0.0,0.0,0.0,0.0,0.0,0.0,1.0,0.0,0.0
11,6,0.0,0.0,0.0,0.0,0.0,0.0,1.0,0.0,0.0
11,6,0.0,0.0,0.0,0.0,0.0,0.0,1.0,0.0,0.0
11,6,0.0,0.0,0.0,0.0,0.0,0.0,1.0,0.0,0.0
11,6,0.0,0.0,0.0,0.0,0.0,0.0,1.0,0.0,0.0
11,6,0.0,0.0,0.0,0.0,0.0,0.0,1.0,0.0,0.0
11,6,0.0,0.0,0.0,0.0,0.0,0.0,1.0,0.0,0.0
11,6,0.0,0.0,0.0,0.0,0.0,0.0,1.0,0.0,0.0
11,6,0.0,0.0,0.0,0.0,0.0,0.0,1.0,0.0,0.0
11,6,0.0,0.0,0.0,0.0,0.0,0.0,1.0,0.0,0.0
11,6,0.0,0.0,0.0,0.0,0.0,0.0,1.0,0.0,0.0
11,6,0.0,0.0,0.0,0.0,0.0,0.0,1.0,0.0,0.0
11,6,0.0,0.0,0.0,0.0,0.0,0.0,1.0,0.0,0.0
11,6,0.0,0.0,0.0,0.0,0.0,0.0,1.0,0.0,0.0
11,6,0.0,0.0,0.0,0.0,0.0,0.0,1.0,0.0,0.0
11,6,0.0,0.0,0.0,0.0,0.0,0.0,1.0,0.0,0.0
11,6,0.0,0.0,0.0,0.0,0.0,0.0,1.0,0.0,0.0
11,6,0.0,0.0,0.0,0.0,0.0,0.0,1.0,0.0,0.0
11,6,0.0,0.0,0.0,0.0,0.0,0.0,1.0,0.0,0.0
11,6,0.0,0.0,0.0,0.0,0.0,0.0,1.0,0.0,0.0
11,6,0.0,0.0,0.0,0.0,0.0,0.0,1.0,0.0,0.0
11,6,0.0,0.0,0.0,0.0,0.0,0.0,1.0,0.0,0.0
11,6,0.0,0.0,0.0,0.0,0.0,0.0,1.0,0.0,0.0
11,6,0.0,0.0,0.0,0.0,0.0,0.0,1.0,0.0,0.0
11,6,0.0,0.0,0.0,0.0,0.0,0.0,1.0,0.0,0.0
11,6,0.0,0.0,0.0,0.0,0.0,0.0,1.0,0.0,0.0
11,6,0.0,0.0,0.0,0.0,0.0,0.0,1.0,0.0,0.0
11,6,0.0,0.0,0.0,0.0,0.0,0.0,1.0,0.0,0.0
11,6,0.0,0.0,0.0,0.0,0.0,0.0,1.0,0.0,0.0
11,6,0.0,0.0,0.0,0.0,0.0,0.0,1.0,0.0,0.0
11,6,0.0,0.0,0.0,0.0,0.0,0.0,1.0,0.0,0.0
11,6,0.0,0.0,0.0,0.0,0.0,0.0,1.0,0.0,0.0
11,6,0.0,0.0,0.0,0.0,0.0,0.0,1.0,0.0,0.0
11,6,0.0,0.0,0.0,0.0,0.0,0.0,1.0,0.0,0.0
11,6,0.0,0.0,0.0,0.0,0.0,0.0,1.0,0.0,0.0
11,6,0.0,0.0,0.0,0.0,0.0,0.0,1.0,0.0,0.0
11,6,0.0,0.0,0.0,0.0,0.0,0.0,1.0,0.0,0.0
11,6,0.0,0.0,0.0,0.0,0.0,0.0,1.0,0.0,0.0
11,6,0.0,0.0,0.0,0.0,0.0,0.0,1.0,0.0,0.0
11,6,0.0,0.0,0.0,0.0,0.0,0.0,1.0,0.0,0.0
11,6,0.0,0.0,0.0,0.0,0.0,0.0,1.0,0.0,0.0
11,6,0.0,0.0,0.0,0.0,0.0,0.0,1.0,0.0,0.0
11,6,0.0,0.0,0.0,0.0,0.0,0.0,1.0,0.0,0.0
11,6,0.0,0.0,0.0,0.0,0.0,0.0,1.0,0.0,0.0
11,6,0.0,0.0,0.0,0.0,0.0,0.0,1.0,0.0,0.0
11,6,0.0,0.0,0.0,0.0,0.0,0.0,1.0,0.0,0.0
11,6,0.0,0.0,0.0,0.0,0.0,0.0,1.0,0.0,0.0
11,6,0.0,0.0,0.0,0.0,0.0,0.0,1.0,0.0,0.0
11,6,0.0,0.0,0.0,0.0,0.0,0.0,1.0,0.0,0.0
11,6,0.0,0.0,0.0,0.0,0.0,0.0,1.0,0.0,0.0
11,6,0.0,0.0,0.0,0.0,0.0,0.0,1.0,0.0,0.0
11,6,0.0,0.0,0.0,0.0,0.0,0.0,1.0,0.0,0.0
11,6,0.0,0.0,0.0,0.0,0.0,0.0,1.0,0.0,0.0
11,6,0.0,0.0,0.0,0.0,0.0,0.0,1.0,0.0,0.0
11,6,0.0,0.0,0.0,0.0,0.0,0.0,1.0,0.0,0.0
11,6,0.0,0.0,0.0,0.0,0.0,0.0,1.0,0.0,0.0
11,6,0.0,0.0,0.0,0.0,0.0,0.0,1.0,0.0,0.0
11,6,0.0,0.0,0.0,0.0,0.0,0.0,1.0,0.0,0.0
11,6,0.0,0.0,0.0,0.0,0.0,0.0,1.0,0.0,0.0
11,6,0.0,0.0,0.0,0.0,0.0,0.0,1.0,0.0,0.0
11,6,0.0,0.0,0.0,0.0,0.0,0.0,1.0,0.0,0.0
11,6,0.0,0.0,0.0,0.0,0.0,0.0,1.0,0.0,0.0
11,6,0.0,0.0,0.0,0.0,0.0,0.0,1.0,0.0,0.0
11,6,0.0,0.0,0.0,0.0,0.0,0.0,1.0,0.0,0.0
11,6,0.0,0.0,0.0,0.0,0.0,0.0,1.0,0.0,0.0
11,6,0.0,0.0,0.0,0.0,0.0,0.0,1.0,0.0,0.0
11,6,0.0,0.0,0.0,0.0,0.0,0.0,1.0,0.0,0.0
11,6,0.0,0.0,0.0,0.0,0.0,0.0,1.0,0.0,0.0
11,6,0.0,0.0,0.0,0.0,0.0,0.0,1.0,0.0,0.0
11,6,0.0,0.0,0.0,0.0,0.0,0.0,1.0,0.0,0.0
11,6,0.0,0.0,0.0,0.0,0.0,0.0,1.0,0.0,0.0
11,6,0.0,0.0,0.0,0.0,0.0,0.0,1.0,0.0,0.0
11,6,0.0,0.0,0.0,0.0,0.0,0.0,1.0,0.0,0.0
11,6,0.0,0.0,0.0,0.0,0.0,0.0,1.0,0.0,0.0
11,6,0.0,0.0,0.0,0.0,0.0,0.0,1.0,0.0,0.0
11,6,0.0,0.0,0.0,0.0,0.0,0.0,1.0,0.0,0.0
11,6,0.0,0.0,0.0,0.0,0.0,0.0,1.0,0.0,0.0
11,6,0.0,0.0,0.0,0.0,0.0,0.0,1.0,0.0,0.0
11,6,0.0,0.0,0.0,0.0,0.0,0.0,1.0,0.0,0.0
11,6,0.0,0.0,0.0,0.0,0.0,0.0,1.0,0.0,0.0
11,6,0.0,0.0,0.0,0.0,0.0,0.0,1.0,0.0,0.0
11,6,0.0,0.0,0.0,0.0,0.0,0.0,1.0,0.0,0.0
11,6,0.0,0.0,0.0,0.0,0.0,0.0,1.0,0.0,0.0
11,6,0.0,0.0,0.0,0.0,0.0,0.0,1.0,0.0,0.0
11,6,0.0,0.0,0.0,0.0,0.0,0.0,1.0,0.0,0.0
11,6,0.0,0.0,0.0,0.0,0.0,0.0,1.0,0.0,0.0
11,6,0.0,0.0,0.0,0.0,0.0,0.0,1.0,0.0,0.0
11,6,0.0,0.0,0.0,0.0,0.0,0.0,1.0,0.0,0.0
11,6,0.0,0.0,0.0,0.0,0.0,0.0,1.0,0.0,0.0
11,6,0.0,0.0,0.0,0.0,0.0,0.0,1.0,0.0,0.0
11,6,0.0,0.0,0.0,0.0,0.0,0.0,1.0,0.0,0.0
11,6,0.0,0.0,0.0,0.0,0.0,0.0,1.0,0.0,0.0
11,6,0.0,0.0,0.0,0.0,0.0,0.0,1.0,0.0,0.0
11,6,0.0,0.0,0.0,0.0,0.0,0.0,1.0,0.0,0.0
11,6,0.0,0.0,0.0,0.0,0.0,0.0,1.0,0.0,0.0
11,6,0.0,0.0,0.0,0.0,0.0,0.0,1.0,0.0,0.0
11,6,0.0,0.0,0.0,0.0,0.0,0.0,1.0,0.0,0.0
11,6,0.0,0.0,0.0,0.0,0.0,0.0,1.0,0.0,0.0
11,6,0.0,0.0,0.0,0.0,0.0,0.0,1.0,0.0,0.0
11,6,0.0,0.0,0.0,0.0,0.0,0.0,1.0,0.0,0.0
11,6,0.0,0.0,0.0,0.0,0.0,0.0,1.0,0.0,0.0
11,6,0.0,0.0,0.0,0.0,0.0,0.0,1.0,0.0,0.0
11,6,0.0,0.0,0.0,0.0,0.0,0.0,1.0,0.0,0.0
11,6,0.0,0.0,0.0,0.0,0.0,0.0,1.0,0.0,0.0
11,6,0.0,0.0,0.0,0.0,0.0,0.0,1.0,0.0,0.0
11,6,0.0,0.0,0.0,0.0,0.0,0.0,1.0,0.0,0.0
11,6,0.0,0.0,0.0,0.0,0.0,0.0,1.0,0.0,0.0
11,6,0.0,0.0,0.0,0.0,0.0,0.0,1.0,0.0,0.0
11,6,0.0,0.0,0.0,0.0,0.0,0.0,1.0,0.0,0.0
11,6,0.0,0.0,0.0,0.0,0.0,0.0,1.0,0.0,0.0
11,6,0.0,0.0,0.0,0.0,0.0,0.0,1.0,0.0,0.0
11,6,0.0,0.0,0.0,0.0,0.0,0.0,1.0,0.0,0.0
11,6,0.0,0.0,0.0,0.0,0.0,0.0,1.0,0.0,0.0
11,6,0.0,0.0,0.0,0.0,0.0,0.0,1.0,0.0,0.0
11,6,0.0,0.0,0.0,0.0,0.0,0.0,1.0,0.0,0.0
11,6,0.0,0.0,0.0,0.0,0.0,0.0,1.0,0.0,0.0
11,6,0.0,0.0,0.0,0.0,0.0,0.0,1.0,0.0,0.0
11,6,0.0,0.0,0.0,0.0,0.0,0.0,1.0,0.0,0.0
11,6,0.0,0.0,0.0,0.0,0.0,0.0,1.0,0.0,0.0
11,6,0.0,0.0,0.0,0.0,0.0,0.0,1.0,0.0,0.0
11,6,0.0,0.0,0.0,0.0,0.0,0.0,1.0,0.0,0.0
11,6,0.0,0.0,0.0,0.0,0.0,0.0,1.0,0.0,0.0
11,6,0.0,0.0,0.0,0.0,0.0,0.0,1.0,0.0,0.0
11,6,0.0,0.0,0.0,0.0,0.0,0.0,1.0,0.0,0.0
11,6,0.0,0.0,0.0,0.0,0.0,0.0,1.0,0.0,0.0
11,6,0.0,0.0,0.0,0.0,0.0,0.0,1.0,0.0,0.0
11,6,0.0,0.0,0.0,0.0,0.0,0.0,1.0,0.0,0.0
11,6,0.0,0.0,0.0,0.0,0.0,0.0,1.0,0.0,0.0
11,6,0.0,0.0,0.0,0.0,0.0,0.0,1.0,0.0,0.0
11,6,0.0,0.0,0.0,0.0,0.0,0.0,1.0,0.0,0.0
11,6,0.0,0.0,0.0,0.0,0.0,0.0,1.0,0.0,0.0
11,6,0.0,0.0,0.0,0.0,0.0,0.0,1.0,0.0,0.0
11,6,0.0,0.0,0.0,0.0,0.0,0.0,1.0,0.0,0.0
11,6,0.0,0.0,0.0,0.0,0.0,0.0,1.0,0.0,0.0
11,6,0.0,0.0,0.0,0.0,0.0,0.0,1.0,0.0,0.0
11,6,0.0,0.0,0.0,0.0,0.0,0.0,1.0,0.0,0.0
11,6,0.0,0.0,0.0,0.0,0.0,0.0,1.0,0.0,0.0
11,6,0.0,0.0,0.0,0.0,0.0,0.0,1.0,0.0,0.0
11,6,0.0,0.0,0.0,0.0,0.0,0.0,1.0,0.0,0.0
11,6,0.0,0.0,0.0,0.0,0.0,0.0,1.0,0.0,0.0
11,6,0.0,0.0,0.0,0.0,0.0,0.0,1.0,0.0,0.0
11,6,0.0,0.0,0.0,0.0,0.0,0.0,1.0,0.0,0.0
11,6,0.0,0.0,0.0,0.0,0.0,0.0,1.0,0.0,0.0
11,6,0.0,0.0,0.0,0.0,0.0,0.0,1.0,0.0,0.0
11,6,0.0,0.0,0.0,0.0,0.0,0.0,1.0,0.0,0.0
11,6,0.0,0.0,0.0,0.0,0.0,0.0,1.0,0.0,0.0
11,6,0.0,0.0,0.0,0.0,0.0,0.0,1.0,0.0,0.0
11,6,0.0,0.0,0.0,0.0,0.0,0.0,1.0,0.0,0.0
11,6,0.0,0.0,0.0,0.0,0.0,0.0,1.0,0.0,0.0
11,6,0.0,0.0,0.0,0.0,0.0,0.0,1.0,0.0,0.0
11,6,0.0,0.0,0.0,0.0,0.0,0.0,1.0,0.0,0.0
11,6,0.0,0.0,0.0,0.0,0.0,0.0,1.0,0.0,0.0
11,6,0.0,0.0,0.0,0.0,0.0,0.0,1.0,0.0,0.0
11,6,0.0,0.0,0.0,0.0,0.0,0.0,1.0,0.0,0.0
11,6,0.0,0.0,0.0,0.0,0.0,0.0,1.0,0.0,0.0
11,6,0.0,0.0,0.0,0.0,0.0,0.0,1.0,0.0,0.0
11,6,0.0,0.0,0.0,0.0,0.0,0.0,1.0,0.0,0.0
11,6,0.0,0.0,0.0,0.0,0.0,0.0,1.0,0.0,0.0
11,6,0.0,0.0,0.0,0.0,0.0,0.0,1.0,0.0,0.0
11,6,0.0,0.0,0.0,0.0,0.0,0.0,1.0,0.0,0.0
11,6,0.0,0.0,0.0,0.0,0.0,0.0,1.0,0.0,0.0
11,6,0.0,0.0,0.0,0.0,0.0,0.0,1.0,0.0,0.0
11,6,0.0,0.0,0.0,0.0,0.0,0.0,1.0,0.0,0.0
11,6,0.0,0.0,0.0,0.0,0.0,0.0,1.0,0.0,0.0
11,6,0.0,0.0,0.0,0.0,0.0,0.0,1.0,0.0,0.0
11,6,0.0,0.0,0.0,0.0,0.0,0.0,1.0,0.0,0.0
11,6,0.0,0.0,0.0,0.0,0.0,0.0,1.0,0.0,0.0
11,6,0.0,0.0,0.0,0.0,0.0,0.0,1.0,0.0,0.0
11,6,0.0,0.0,0.0,0.0,0.0,0.0,1.0,0.0,0.0
11,6,0.0,0.0,0.0,0.0,0.0,0.0,1.0,0.0,0.0
11,6,0.0,0.0,0.0,0.0,0.0,0.0,1.0,0.0,0.0
11,6,0.0,0.0,0.0,0.0,0.0,0.0,1.0,0.0,0.0
11,6,0.0,0.0,0.0,0.0,0.0,0.0,1.0,0.0,0.0
11,6,0.0,0.0,0.0,0.0,0.0,0.0,1.0,0.0,0.0
11,6,0.0,0.0,0.0,0.0,0.0,0.0,1.0,0.0,0.0
11,6,0.0,0.0,0.0,0.0,0.0,0.0,1.0,0.0,0.0
11,6,0.0,0.0,0.0,0.0,0.0,0.0,1.0,0.0,0.0
11,6,0.0,0.0,0.0,0.0,0.0,0.0,1.0,0.0,0.0
11,6,0.0,0.0,0.0,0.0,0.0,0.0,1.0,0.0,0.0
11,6,0.0,0.0,0.0,0.0,0.0,0.0,1.0,0.0,0.0
11,6,0.0,0.0,0.0,0.0,0.0,0.0,1.0,0.0,0.0
11,6,0.0,0.0,0.0,0.0,0.0,0.0,1.0,0.0,0.0
11,6,0.0,0.0,0.0,0.0,0.0,0.0,1.0,0.0,0.0
11,6,0.0,0.0,0.0,0.0,0.0,0.0,1.0,0.0,0.0
11,6,0.0,0.0,0.0,0.0,0.0,0.0,1.0,0.0,0.0
11,6,0.0,0.0,0.0,0.0,0.0,0.0,1.0,0.0,0.0
11,6,0.0,0.0,0.0,0.0,0.0,0.0,1.0,0.0,0.0
11,6,0.0,0.0,0.0,0.0,0.0,0.0,1.0,0.0,0.0
11,6,0.0,0.0,0.0,0.0,0.0,0.0,1.0,0.0,0.0
11,6,0.0,0.0,0.0,0.0,0.0,0.0,1.0,0.0,0.0
11,6,0.0,0.0,0.0,0.0,0.0,0.0,1.0,0.0,0.0
11,6,0.0,0.0,0.0,0.0,0.0,0.0,1.0,0.0,0.0
11,6,0.0,0.0,0.0,0.0,0.0,0.0,1.0,0.0,0.0
11,6,0.0,0.0,0.0,0.0,0.0,0.0,1.0,0.0,0.0
11,6,0.0,0.0,0.0,0.0,0.0,0.0,1.0,0.0,0.0
11,6,0.0,0.0,0.0,0.0,0.0,0.0,1.0,0.0,0.0
11,6,0.0,0.0,0.0,0.0,0.0,0.0,1.0,0.0,0.0
11,6,0.0,0.0,0.0,0.0,0.0,0.0,1.0,0.0,0.0
11,6,0.0,0.0,0.0,0.0,0.0,0.0,1.0,0.0,0.0
11,6,0.0,0.0,0.0,0.0,0.0,0.0,1.0,0.0,0.0
11,6,0.0,0.0,0.0,0.0,0.0,0.0,1.0,0.0,0.0
11,6,0.0,0.0,0.0,0.0,0.0,0.0,1.0,0.0,0.0
11,6,0.0,0.0,0.0,0.0,0.0,0.0,1.0,0.0,0.0
11,6,0.0,0.0,0.0,0.0,0.0,0.0,1.0,0.0,0.0
11,6,0.0,0.0,0.0,0.0,0.0,0.0,1.0,0.0,0.0
11,6,0.0,0.0,0.0,0.0,0.0,0.0,1.0,0.0,0.0
11,6,0.0,0.0,0.0,0.0,0.0,0.0,1.0,0.0,0.0
11,6,0.0,0.0,0.0,0.0,0.0,0.0,1.0,0.0,0.0
11,6,0.0,0.0,0.0,0.0,0.0,0.0,1.0,0.0,0.0
11,6,0.0,0.0,0.0,0.0,0.0,0.0,1.0,0.0,0.0
11,6,0.0,0.0,0.0,0.0,0.0,0.0,1.0,0.0,0.0
11,6,0.0,0.0,0.0,0.0,0.0,0.0,1.0,0.0,0.0
11,6,0.0,0.0,0.0,0.0,0.0,0.0,1.0,0.0,0.0
11,6,0.0,0.0,0.0,0.0,0.0,0.0,1.0,0.0,0.0
11,6,0.0,0.0,0.0,0.0,0.0,0.0,1.0,0.0,0.0
11,6,0.0,0.0,0.0,0.0,0.0,0.0,1.0,0.0,0.0
11,6,0.0,0.0,0.0,0.0,0.0,0.0,1.0,0.0,0.0
11,6,0.0,0.0,0.0,0.0,0.0,0.0,1.0,0.0,0.0
11,6,0.0,0.0,0.0,0.0,0.0,0.0,1.0,0.0,0.0
11,6,0.0,0.0,0.0,0.0,0.0,0.0,1.0,0.0,0.0
11,6,0.0,0.0,0.0,0.0,0.0,0.0,1.0,0.0,0.0
11,6,0.0,0.0,0.0,0.0,0.0,0.0,1.0,0.0,0.0
11,6,0.0,0.0,0.0,0.0,0.0,0.0,1.0,0.0,0.0
11,6,0.0,0.0,0.0,0.0,0.0,0.0,1.0,0.0,0.0
11,6,0.0,0.0,0.0,0.0,0.0,0.0,1.0,0.0,0.0
11,6,0.0,0.0,0.0,0.0,0.0,0.0,1.0,0.0,0.0
11,6,0.0,0.0,0.0,0.0,0.0,0.0,1.0,0.0,0.0
11,6,0.0,0.0,0.0,0.0,0.0,0.0,1.0,0.0,0.0
11,6,0.0,0.0,0.0,0.0,0.0,0.0,1.0,0.0,0.0
11,6,0.0,0.0,0.0,0.0,0.0,0.0,1.0,0.0,0.0
11,6,0.0,0.0,0.0,0.0,0.0,0.0,1.0,0.0,0.0
11,6,0.0,0.0,0.0,0.0,0.0,0.0,1.0,0.0,0.0
11,6,0.0,0.0,0.0,0.0,0.0,0.0,1.0,0.0,0.0
11,6,0.0,0.0,0.0,0.0,0.0,0.0,1.0,0.0,0.0
11,6,0.0,0.0,0.0,0.0,0.0,0.0,1.0,0.0,0.0
11,6,0.0,0.0,0.0,0.0,0.0,0.0,1.0,0.0,0.0
11,6,0.0,0.0,0.0,0.0,0.0,0.0,1.0,0.0,0.0
11,6,0.0,0.0,0.0,0.0,0.0,0.0,1.0,0.0,0.0
11,6,0.0,0.0,0.0,0.0,0.0,0.0,1.0,0.0,0.0
11,6,0.0,0.0,0.0,0.0,0.0,0.0,1.0,0.0,0.0
11,6,0.0,0.0,0.0,0.0,0.0,0.0,1.0,0.0,0.0
11,6,0.0,0.0,0.0,0.0,0.0,0.0,1.0,0.0,0.0
11,6,0.0,0.0,0.0,0.0,0.0,0.0,1.0,0.0,0.0
11,6,0.0,0.0,0.0,0.0,0.0,0.0,1.0,0.0,0.0
11,6,0.0,0.0,0.0,0.0,0.0,0.0,1.0,0.0,0.0
11,6,0.0,0.0,0.0,0.0,0.0,0.0,1.0,0.0,0.0
11,6,0.0,0.0,0.0,0.0,0.0,0.0,1.0,0.0,0.0
11,6,0.0,0.0,0.0,0.0,0.0,0.0,1.0,0.0,0.0
11,6,0.0,0.0,0.0,0.0,0.0,0.0,1.0,0.0,0.0
11,6,0.0,0.0,0.0,0.0,0.0,0.0,1.0,0.0,0.0
11,6,0.0,0.0,0.0,0.0,0.0,0.0,1.0,0.0,0.0
11,6,0.0,0.0,0.0,0.0,0.0,0.0,1.0,0.0,0.0
11,6,0.0,0.0,0.0,0.0,0.0,0.0,1.0,0.0,0.0
11,6,0.0,0.0,0.0,0.0,0.0,0.0,1.0,0.0,0.0
11,6,0.0,0.0,0.0,0.0,0.0,0.0,1.0,0.0,0.0
11,6,0.0,0.0,0.0,0.0,0.0,0.0,1.0,0.0,0.0
11,6,0.0,0.0,0.0,0.0,0.0,0.0,1.0,0.0,0.0
11,6,0.0,0.0,0.0,0.0,0.0,0.0,1.0,0.0,0.0
11,6,0.0,0.0,0.0,0.0,0.0,0.0,1.0,0.0,0.0
11,6,0.0,0.0,0.0,0.0,0.0,0.0,1.0,0.0,0.0
11,6,0.0,0.0,0.0,0.0,0.0,0.0,1.0,0.0,0.0
11,6,0.0,0.0,0.0,0.0,0.0,0.0,1.0,0.0,0.0
11,6,0.0,0.0,0.0,0.0,0.0,0.0,1.0,0.0,0.0
11,6,0.0,0.0,0.0,0.0,0.0,0.0,1.0,0.0,0.0
11,6,0.0,0.0,0.0,0.0,0.0,0.0,1.0,0.0,0.0
11,6,0.0,0.0,0.0,0.0,0.0,0.0,1.0,0.0,0.0
11,6,0.0,0.0,0.0,0.0,0.0,0.0,1.0,0.0,0.0
11,6,0.0,0.0,0.0,0.0,0.0,0.0,1.0,0.0,0.0
11,6,0.0,0.0,0.0,0.0,0.0,0.0,1.0,0.0,0.0
11,6,0.0,0.0,0.0,0.0,0.0,0.0,1.0,0.0,0.0
11,6,0.0,0.0,0.0,0.0,0.0,0.0,1.0,0.0,0.0
11,6,0.0,0.0,0.0,0.0,0.0,0.0,1.0,0.0,0.0
11,6,0.0,0.0,0.0,0.0,0.0,0.0,1.0,0.0,0.0
11,6,0.0,0.0,0.0,0.0,0.0,0.0,1.0,0.0,0.0
11,6,0.0,0.0,0.0,0.0,0.0,0.0,1.0,0.0,0.0
11,6,0.0,0.0,0.0,0.0,0.0,0.0,1.0,0.0,0.0
11,6,0.0,0.0,0.0,0.0,0.0,0.0,1.0,0.0,0.0
11,6,0.0,0.0,0.0,0.0,0.0,0.0,1.0,0.0,0.0
11,6,0.0,0.0,0.0,0.0,0.0,0.0,1.0,0.0,0.0
11,6,0.0,0.0,0.0,0.0,0.0,0.0,1.0,0.0,0.0
11,6,0.0,0.0,0.0,0.0,0.0,0.0,1.0,0.0,0.0
11,6,0.0,0.0,0.0,0.0,0.0,0.0,1.0,0.0,0.0
11,6,0.0,0.0,0.0,0.0,0.0,0.0,1.0,0.0,0.0
11,6,0.0,0.0,0.0,0.0,0.0,0.0,1.0,0.0,0.0
11,6,0.0,0.0,0.0,0.0,0.0,0.0,1.0,0.0,0.0
11,6,0.0,0.0,0.0,0.0,0.0,0.0,1.0,0.0,0.0
11,6,0.0,0.0,0.0,0.0,0.0,0.0,1.0,0.0,0.0
11,6,0.0,0.0,0.0,0.0,0.0,0.0,1.0,0.0,0.0
11,6,0.0,0.0,0.0,0.0,0.0,0.0,1.0,0.0,0.0
11,6,0.0,0.0,0.0,0.0,0.0,0.0,1.0,0.0,0.0
11,6,0.0,0.0,0.0,0.0,0.0,0.0,1.0,0.0,0.0
11,6,0.0,0.0,0.0,0.0,0.0,0.0,1.0,0.0,0.0
11,6,0.0,0.0,0.0,0.0,0.0,0.0,1.0,0.0,0.0
11,6,0.0,0.0,0.0,0.0,0.0,0.0,1.0,0.0,0.0
11,6,0.0,0.0,0.0,0.0,0.0,0.0,1.0,0.0,0.0
11,6,0.0,0.0,0.0,0.0,0.0,0.0,1.0,0.0,0.0
11,6,0.0,0.0,0.0,0.0,0.0,0.0,1.0,0.0,0.0
11,6,0.0,0.0,0.0,0.0,0.0,0.0,1.0,0.0,0.0
11,6,0.0,0.0,0.0,0.0,0.0,0.0,1.0,0.0,0.0
11,6,0.0,0.0,0.0,0.0,0.0,0.0,1.0,0.0,0.0
11,6,0.0,0.0,0.0,0.0,0.0,0.0,1.0,0.0,0.0
11,6,0.0,0.0,0.0,0.0,0.0,0.0,1.0,0.0,0.0
11,6,0.0,0.0,0.0,0.0,0.0,0.0,1.0,0.0,0.0
11,6,0.0,0.0,0.0,0.0,0.0,0.0,1.0,0.0,0.0
11,6,0.0,0.0,0.0,0.0,0.0,0.0,1.0,0.0,0.0
11,6,0.0,0.0,0.0,0.0,0.0,0.0,1.0,0.0,0.0
11,6,0.0,0.0,0.0,0.0,0.0,0.0,1.0,0.0,0.0
11,6,0.0,0.0,0.0,0.0,0.0,0.0,1.0,0.0,0.0
11,6,0.0,0.0,0.0,0.0,0.0,0.0,1.0,0.0,0.0
11,6,0.0,0.0,0.0,0.0,0.0,0.0,1.0,0.0,0.0
11,6,0.0,0.0,0.0,0.0,0.0,0.0,1.0,0.0,0.0
11,6,0.0,0.0,0.0,0.0,0.0,0.0,1.0,0.0,0.0
11,6,0.0,0.0,0.0,0.0,0.0,0.0,1.0,0.0,0.0
11,6,0.0,0.0,0.0,0.0,0.0,0.0,1.0,0.0,0.0
11,6,0.0,0.0,0.0,0.0,0.0,0.0,1.0,0.0,0.0
11,6,0.0,0.0,0.0,0.0,0.0,0.0,1.0,0.0,0.0
11,6,0.0,0.0,0.0,0.0,0.0,0.0,1.0,0.0,0.0
11,6,0.0,0.0,0.0,0.0,0.0,0.0,1.0,0.0,0.0
11,6,0.0,0.0,0.0,0.0,0.0,0.0,1.0,0.0,0.0
11,6,0.0,0.0,0.0,0.0,0.0,0.0,1.0,0.0,0.0
11,6,0.0,0.0,0.0,0.0,0.0,0.0,1.0,0.0,0.0
11,6,0.0,0.0,0.0,0.0,0.0,0.0,1.0,0.0,0.0
11,6,0.0,0.0,0.0,0.0,0.0,0.0,1.0,0.0,0.0
11,6,0.0,0.0,0.0,0.0,0.0,0.0,1.0,0.0,0.0
11,6,0.0,0.0,0.0,0.0,0.0,0.0,1.0,0.0,0.0
11,6,0.0,0.0,0.0,0.0,0.0,0.0,1.0,0.0,0.0
11,6,0.0,0.0,0.0,0.0,0.0,0.0,1.0,0.0,0.0
11,6,0.0,0.0,0.0,0.0,0.0,0.0,1.0,0.0,0.0
11,6,0.0,0.0,0.0,0.0,0.0,0.0,1.0,0.0,0.0
11,6,0.0,0.0,0.0,0.0,0.0,0.0,1.0,0.0,0.0
11,6,0.0,0.0,0.0,0.0,0.0,0.0,1.0,0.0,0.0
11,6,0.0,0.0,0.0,0.0,0.0,0.0,1.0,0.0,0.0
11,6,0.0,0.0,0.0,0.0,0.0,0.0,1.0,0.0,0.0
11,6,0.0,0.0,0.0,0.0,0.0,0.0,1.0,0.0,0.0
11,6,0.0,0.0,0.0,0.0,0.0,0.0,1.0,0.0,0.0
11,6,0.0,0.0,0.0,0.0,0.0,0.0,1.0,0.0,0.0
11,6,0.0,0.0,0.0,0.0,0.0,0.0,1.0,0.0,0.0
11,6,0.0,0.0,0.0,0.0,0.0,0.0,1.0,0.0,0.0
11,6,0.0,0.0,0.0,0.0,0.0,0.0,1.0,0.0,0.0
11,6,0.0,0.0,0.0,0.0,0.0,0.0,1.0,0.0,0.0
11,6,0.0,0.0,0.0,0.0,0.0,0.0,1.0,0.0,0.0
11,6,0.0,0.0,0.0,0.0,0.0,0.0,1.0,0.0,0.0
11,6,0.0,0.0,0.0,0.0,0.0,0.0,1.0,0.0,0.0
11,6,0.0,0.0,0.0,0.0,0.0,0.0,1.0,0.0,0.0
11,6,0.0,0.0,0.0,0.0,0.0,0.0,1.0,0.0,0.0
11,6,0.0,0.0,0.0,0.0,0.0,0.0,1.0,0.0,0.0
11,6,0.0,0.0,0.0,0.0,0.0,0.0,1.0,0.0,0.0
11,6,0.0,0.0,0.0,0.0,0.0,0.0,1.0,0.0,0.0
11,6,0.0,0.0,0.0,0.0,0.0,0.0,1.0,0.0,0.0
11,6,0.0,0.0,0.0,0.0,0.0,0.0,1.0,0.0,0.0
11,6,0.0,0.0,0.0,0.0,0.0,0.0,1.0,0.0,0.0
11,6,0.0,0.0,0.0,0.0,0.0,0.0,1.0,0.0,0.0
11,6,0.0,0.0,0.0,0.0,0.0,0.0,1.0,0.0,0.0
11,6,0.0,0.0,0.0,0.0,0.0,0.0,1.0,0.0,0.0
11,6,0.0,0.0,0.0,0.0,0.0,0.0,1.0,0.0,0.0
11,6,0.0,0.0,0.0,0.0,0.0,0.0,1.0,0.0,0.0
11,6,0.0,0.0,0.0,0.0,0.0,0.0,1.0,0.0,0.0
11,6,0.0,0.0,0.0,0.0,0.0,0.0,1.0,0.0,0.0
11,6,0.0,0.0,0.0,0.0,0.0,0.0,1.0,0.0,0.0
11,6,0.0,0.0,0.0,0.0,0.0,0.0,1.0,0.0,0.0
11,6,0.0,0.0,0.0,0.0,0.0,0.0,1.0,0.0,0.0
11,6,0.0,0.0,0.0,0.0,0.0,0.0,1.0,0.0,0.0
11,6,0.0,0.0,0.0,0.0,0.0,0.0,1.0,0.0,0.0
11,6,0.0,0.0,0.0,0.0,0.0,0.0,1.0,0.0,0.0
11,6,0.0,0.0,0.0,0.0,0.0,0.0,1.0,0.0,0.0
11,6,0.0,0.0,0.0,0.0,0.0,0.0,1.0,0.0,0.0
11,6,0.0,0.0,0.0,0.0,0.0,0.0,1.0,0.0,0.0
11,6,0.0,0.0,0.0,0.0,0.0,0.0,1.0,0.0,0.0
11,6,0.0,0.0,0.0,0.0,0.0,0.0,1.0,0.0,0.0
11,6,0.0,0.0,0.0,0.0,0.0,0.0,1.0,0.0,0.0
11,6,0.0,0.0,0.0,0.0,0.0,0.0,1.0,0.0,0.0
11,6,0.0,0.0,0.0,0.0,0.0,0.0,1.0,0.0,0.0
11,6,0.0,0.0,0.0,0.0,0.0,0.0,1.0,0.0,0.0
11,6,0.0,0.0,0.0,0.0,0.0,0.0,1.0,0.0,0.0
11,6,0.0,0.0,0.0,0.0,0.0,0.0,1.0,0.0,0.0
11,6,0.0,0.0,0.0,0.0,0.0,0.0,1.0,0.0,0.0
11,6,0.0,0.0,0.0,0.0,0.0,0.0,1.0,0.0,0.0
11,6,0.0,0.0,0.0,0.0,0.0,0.0,1.0,0.0,0.0
11,6,0.0,0.0,0.0,0.0,0.0,0.0,1.0,0.0,0.0
11,6,0.0,0.0,0.0,0.0,0.0,0.0,1.0,0.0,0.0
11,6,0.0,0.0,0.0,0.0,0.0,0.0,1.0,0.0,0.0
11,6,0.0,0.0,0.0,0.0,0.0,0.0,1.0,0.0,0.0
11,6,0.0,0.0,0.0,0.0,0.0,0.0,1.0,0.0,0.0
11,6,0.0,0.0,0.0,0.0,0.0,0.0,1.0,0.0,0.0
11,6,0.0,0.0,0.0,0.0,0.0,0.0,1.0,0.0,0.0
11,6,0.0,0.0,0.0,0.0,0.0,0.0,1.0,0.0,0.0
11,6,0.0,0.0,0.0,0.0,0.0,0.0,1.0,0.0,0.0
11,6,0.0,0.0,0.0,0.0,0.0,0.0,1.0,0.0,0.0
11,6,0.0,0.0,0.0,0.0,0.0,0.0,1.0,0.0,0.0
11,6,0.0,0.0,0.0,0.0,0.0,0.0,1.0,0.0,0.0
11,6,0.0,0.0,0.0,0.0,0.0,0.0,1.0,0.0,0.0
11,6,0.0,0.0,0.0,0.0,0.0,0.0,1.0,0.0,0.0
11,6,0.0,0.0,0.0,0.0,0.0,0.0,1.0,0.0,0.0
11,6,0.0,0.0,0.0,0.0,0.0,0.0,1.0,0.0,0.0
11,6,0.0,0.0,0.0,0.0,0.0,0.0,1.0,0.0,0.0
11,6,0.0,0.0,0.0,0.0,0.0,0.0,1.0,0.0,0.0
11,6,0.0,0.0,0.0,0.0,0.0,0.0,1.0,0.0,0.0
11,6,0.0,0.0,0.0,0.0,0.0,0.0,1.0,0.0,0.0
11,6,0.0,0.0,0.0,0.0,0.0,0.0,1.0,0.0,0.0
11,6,0.0,0.0,0.0,0.0,0.0,0.0,1.0,0.0,0.0
11,6,0.0,0.0,0.0,0.0,0.0,0.0,1.0,0.0,0.0
11,6,0.0,0.0,0.0,0.0,0.0,0.0,1.0,0.0,0.0
11,6,0.0,0.0,0.0,0.0,0.0,0.0,1.0,0.0,0.0
11,6,0.0,0.0,0.0,0.0,0.0,0.0,1.0,0.0,0.0
11,6,0.0,0.0,0.0,0.0,0.0,0.0,1.0,0.0,0.0
11,6,0.0,0.0,0.0,0.0,0.0,0.0,1.0,0.0,0.0
11,6,0.0,0.0,0.0,0.0,0.0,0.0,1.0,0.0,0.0
11,6,0.0,0.0,0.0,0.0,0.0,0.0,1.0,0.0,0.0
11,6,0.0,0.0,0.0,0.0,0.0,0.0,1.0,0.0,0.0
11,6,0.0,0.0,0.0,0.0,0.0,0.0,1.0,0.0,0.0
11,6,0.0,0.0,0.0,0.0,0.0,0.0,1.0,0.0,0.0
11,6,0.0,0.0,0.0,0.0,0.0,0.0,1.0,0.0,0.0
11,6,0.0,0.0,0.0,0.0,0.0,0.0,1.0,0.0,0.0
11,6,0.0,0.0,0.0,0.0,0.0,0.0,1.0,0.0,0.0
11,6,0.0,0.0,0.0,0.0,0.0,0.0,1.0,0.0,0.0
11,6,0.0,0.0,0.0,0.0,0.0,0.0,1.0,0.0,0.0
11,6,0.0,0.0,0.0,0.0,0.0,0.0,1.0,0.0,0.0
11,6,0.0,0.0,0.0,0.0,0.0,0.0,1.0,0.0,0.0
11,6,0.0,0.0,0.0,0.0,0.0,0.0,1.0,0.0,0.0
11,6,0.0,0.0,0.0,0.0,0.0,0.0,1.0,0.0,0.0
11,6,0.0,0.0,0.0,0.0,0.0,0.0,1.0,0.0,0.0
11,6,0.0,0.0,0.0,0.0,0.0,0.0,1.0,0.0,0.0
11,6,0.0,0.0,0.0,0.0,0.0,0.0,1.0,0.0,0.0
11,6,0.0,0.0,0.0,0.0,0.0,0.0,1.0,0.0,0.0
11,6,0.0,0.0,0.0,0.0,0.0,0.0,1.0,0.0,0.0
11,6,0.0,0.0,0.0,0.0,0.0,0.0,1.0,0.0,0.0
11,6,0.0,0.0,0.0,0.0,0.0,0.0,1.0,0.0,0.0
11,6,0.0,0.0,0.0,0.0,0.0,0.0,1.0,0.0,0.0
11,6,0.0,0.0,0.0,0.0,0.0,0.0,1.0,0.0,0.0
11,6,0.0,0.0,0.0,0.0,0.0,0.0,1.0,0.0,0.0
11,6,0.0,0.0,0.0,0.0,0.0,0.0,1.0,0.0,0.0
11,6,0.0,0.0,0.0,0.0,0.0,0.0,1.0,0.0,0.0
11,6,0.0,0.0,0.0,0.0,0.0,0.0,1.0,0.0,0.0
11,6,0.0,0.0,0.0,0.0,0.0,0.0,1.0,0.0,0.0
11,6,0.0,0.0,0.0,0.0,0.0,0.0,1.0,0.0,0.0
11,6,0.0,0.0,0.0,0.0,0.0,0.0,1.0,0.0,0.0
11,6,0.0,0.0,0.0,0.0,0.0,0.0,1.0,0.0,0.0
11,6,0.0,0.0,0.0,0.0,0.0,0.0,1.0,0.0,0.0
11,6,0.0,0.0,0.0,0.0,0.0,0.0,1.0,0.0,0.0
11,6,0.0,0.0,0.0,0.0,0.0,0.0,1.0,0.0,0.0
11,6,0.0,0.0,0.0,0.0,0.0,0.0,1.0,0.0,0.0
11,6,0.0,0.0,0.0,0.0,0.0,0.0,1.0,0.0,0.0
11,6,0.0,0.0,0.0,0.0,0.0,0.0,1.0,0.0,0.0
11,6,0.0,0.0,0.0,0.0,0.0,0.0,1.0,0.0,0.0
11,6,0.0,0.0,0.0,0.0,0.0,0.0,1.0,0.0,0.0
11,6,0.0,0.0,0.0,0.0,0.0,0.0,1.0,0.0,0.0
11,6,0.0,0.0,0.0,0.0,0.0,0.0,1.0,0.0,0.0
11,6,0.0,0.0,0.0,0.0,0.0,0.0,1.0,0.0,0.0
11,6,0.0,0.0,0.0,0.0,0.0,0.0,1.0,0.0,0.0
11,6,0.0,0.0,0.0,0.0,0.0,0.0,1.0,0.0,0.0
11,6,0.0,0.0,0.0,0.0,0.0,0.0,1.0,0.0,0.0
11,6,0.0,0.0,0.0,0.0,0.0,0.0,1.0,0.0,0.0
11,6,0.0,0.0,0.0,0.0,0.0,0.0,1.0,0.0,0.0
11,6,0.0,0.0,0.0,0.0,0.0,0.0,1.0,0.0,0.0
11,6,0.0,0.0,0.0,0.0,0.0,0.0,1.0,0.0,0.0
11,6,0.0,0.0,0.0,0.0,0.0,0.0,1.0,0.0,0.0
11,6,0.0,0.0,0.0,0.0,0.0,0.0,1.0,0.0,0.0
11,6,0.0,0.0,0.0,0.0,0.0,0.0,1.0,0.0,0.0
11,6,0.0,0.0,0.0,0.0,0.0,0.0,1.0,0.0,0.0
11,6,0.0,0.0,0.0,0.0,0.0,0.0,1.0,0.0,0.0
11,6,0.0,0.0,0.0,0.0,0.0,0.0,1.0,0.0,0.0
11,6,0.0,0.0,0.0,0.0,0.0,0.0,1.0,0.0,0.0
11,6,0.0,0.0,0.0,0.0,0.0,0.0,1.0,0.0,0.0
11,6,0.0,0.0,0.0,0.0,0.0,0.0,1.0,0.0,0.0
11,6,0.0,0.0,0.0,0.0,0.0,0.0,1.0,0.0,0.0
11,6,0.0,0.0,0.0,0.0,0.0,0.0,1.0,0.0,0.0
11,6,0.0,0.0,0.0,0.0,0.0,0.0,1.0,0.0,0.0
11,6,0.0,0.0,0.0,0.0,0.0,0.0,1.0,0.0,0.0
11,6,0.0,0.0,0.0,0.0,0.0,0.0,1.0,0.0,0.0
11,6,0.0,0.0,0.0,0.0,0.0,0.0,1.0,0.0,0.0
11,6,0.0,0.0,0.0,0.0,0.0,0.0,1.0,0.0,0.0
11,6,0.0,0.0,0.0,0.0,0.0,0.0,1.0,0.0,0.0
11,6,0.0,0.0,0.0,0.0,0.0,0.0,1.0,0.0,0.0
11,6,0.0,0.0,0.0,0.0,0.0,0.0,1.0,0.0,0.0
11,6,0.0,0.0,0.0,0.0,0.0,0.0,1.0,0.0,0.0
11,6,0.0,0.0,0.0,0.0,0.0,0.0,1.0,0.0,0.0
11,6,0.0,0.0,0.0,0.0,0.0,0.0,1.0,0.0,0.0
11,6,0.0,0.0,0.0,0.0,0.0,0.0,1.0,0.0,0.0
11,6,0.0,0.0,0.0,0.0,0.0,0.0,1.0,0.0,0.0
11,6,0.0,0.0,0.0,0.0,0.0,0.0,1.0,0.0,0.0
11,6,0.0,0.0,0.0,0.0,0.0,0.0,1.0,0.0,0.0
11,6,0.0,0.0,0.0,0.0,0.0,0.0,1.0,0.0,0.0
11,6,0.0,0.0,0.0,0.0,0.0,0.0,1.0,0.0,0.0
11,6,0.0,0.0,0.0,0.0,0.0,0.0,1.0,0.0,0.0
11,6,0.0,0.0,0.0,0.0,0.0,0.0,1.0,0.0,0.0
11,6,0.0,0.0,0.0,0.0,0.0,0.0,1.0,0.0,0.0
11,6,0.0,0.0,0.0,0.0,0.0,0.0,1.0,0.0,0.0
11,6,0.0,0.0,0.0,0.0,0.0,0.0,1.0,0.0,0.0
11,6,0.0,0.0,0.0,0.0,0.0,0.0,1.0,0.0,0.0
11,6,0.0,0.0,0.0,0.0,0.0,0.0,1.0,0.0,0.0
11,6,0.0,0.0,0.0,0.0,0.0,0.0,1.0,0.0,0.0
11,6,0.0,0.0,0.0,0.0,0.0,0.0,1.0,0.0,0.0
11,6,0.0,0.0,0.0,0.0,0.0,0.0,1.0,0.0,0.0
11,6,0.0,0.0,0.0,0.0,0.0,0.0,1.0,0.0,0.0
11,6,0.0,0.0,0.0,0.0,0.0,0.0,1.0,0.0,0.0
11,6,0.0,0.0,0.0,0.0,0.0,0.0,1.0,0.0,0.0
11,6,0.0,0.0,0.0,0.0,0.0,0.0,1.0,0.0,0.0
11,6,0.0,0.0,0.0,0.0,0.0,0.0,1.0,0.0,0.0
11,6,0.0,0.0,0.0,0.0,0.0,0.0,1.0,0.0,0.0
11,6,0.0,0.0,0.0,0.0,0.0,0.0,1.0,0.0,0.0
11,6,0.0,0.0,0.0,0.0,0.0,0.0,1.0,0.0,0.0
11,6,0.0,0.0,0.0,0.0,0.0,0.0,1.0,0.0,0.0
11,6,0.0,0.0,0.0,0.0,0.0,0.0,1.0,0.0,0.0
11,6,0.0,0.0,0.0,0.0,0.0,0.0,1.0,0.0,0.0
11,6,0.0,0.0,0.0,0.0,0.0,0.0,1.0,0.0,0.0
11,6,0.0,0.0,0.0,0.0,0.0,0.0,1.0,0.0,0.0
11,6,0.0,0.0,0.0,0.0,0.0,0.0,1.0,0.0,0.0
11,6,0.0,0.0,0.0,0.0,0.0,0.0,1.0,0.0,0.0
11,6,0.0,0.0,0.0,0.0,0.0,0.0,1.0,0.0,0.0
11,6,0.0,0.0,0.0,0.0,0.0,0.0,1.0,0.0,0.0
11,6,0.0,0.0,0.0,0.0,0.0,0.0,1.0,0.0,0.0
11,6,0.0,0.0,0.0,0.0,0.0,0.0,1.0,0.0,0.0
11,6,0.0,0.0,0.0,0.0,0.0,0.0,1.0,0.0,0.0
11,6,0.0,0.0,0.0,0.0,0.0,0.0,1.0,0.0,0.0
11,6,0.0,0.0,0.0,0.0,0.0,0.0,1.0,0.0,0.0
11,6,0.0,0.0,0.0,0.0,0.0,0.0,1.0,0.0,0.0
11,6,0.0,0.0,0.0,0.0,0.0,0.0,1.0,0.0,0.0
11,6,0.0,0.0,0.0,0.0,0.0,0.0,1.0,0.0,0.0
11,6,0.0,0.0,0.0,0.0,0.0,0.0,1.0,0.0,0.0
11,6,0.0,0.0,0.0,0.0,0.0,0.0,1.0,0.0,0.0
11,6,0.0,0.0,0.0,0.0,0.0,0.0,1.0,0.0,0.0
11,6,0.0,0.0,0.0,0.0,0.0,0.0,1.0,0.0,0.0
11,6,0.0,0.0,0.0,0.0,0.0,0.0,1.0,0.0,0.0
11,6,0.0,0.0,0.0,0.0,0.0,0.0,1.0,0.0,0.0
11,6,0.0,0.0,0.0,0.0,0.0,0.0,1.0,0.0,0.0
11,6,0.0,0.0,0.0,0.0,0.0,0.0,1.0,0.0,0.0
11,6,0.0,0.0,0.0,0.0,0.0,0.0,1.0,0.0,0.0
11,6,0.0,0.0,0.0,0.0,0.0,0.0,1.0,0.0,0.0
11,6,0.0,0.0,0.0,0.0,0.0,0.0,1.0,0.0,0.0
11,6,0.0,0.0,0.0,0.0,0.0,0.0,1.0,0.0,0.0
11,6,0.0,0.0,0.0,0.0,0.0,0.0,1.0,0.0,0.0
11,6,0.0,0.0,0.0,0.0,0.0,0.0,1.0,0.0,0.0
11,6,0.0,0.0,0.0,0.0,0.0,0.0,1.0,0.0,0.0
11,6,0.0,0.0,0.0,0.0,0.0,0.0,1.0,0.0,0.0
11,6,0.0,0.0,0.0,0.0,0.0,0.0,1.0,0.0,0.0
11,6,0.0,0.0,0.0,0.0,0.0,0.0,1.0,0.0,0.0
11,6,0.0,0.0,0.0,0.0,0.0,0.0,1.0,0.0,0.0
11,6,0.0,0.0,0.0,0.0,0.0,0.0,1.0,0.0,0.0
11,6,0.0,0.0,0.0,0.0,0.0,0.0,1.0,0.0,0.0
11,6,0.0,0.0,0.0,0.0,0.0,0.0,1.0,0.0,0.0
11,6,0.0,0.0,0.0,0.0,0.0,0.0,1.0,0.0,0.0
11,6,0.0,0.0,0.0,0.0,0.0,0.0,1.0,0.0,0.0
11,6,0.0,0.0,0.0,0.0,0.0,0.0,1.0,0.0,0.0
11,6,0.0,0.0,0.0,0.0,0.0,0.0,1.0,0.0,0.0
11,6,0.0,0.0,0.0,0.0,0.0,0.0,1.0,0.0,0.0
11,6,0.0,0.0,0.0,0.0,0.0,0.0,1.0,0.0,0.0
11,6,0.0,0.0,0.0,0.0,0.0,0.0,1.0,0.0,0.0
11,6,0.0,0.0,0.0,0.0,0.0,0.0,1.0,0.0,0.0
11,6,0.0,0.0,0.0,0.0,0.0,0.0,1.0,0.0,0.0
11,6,0.0,0.0,0.0,0.0,0.0,0.0,1.0,0.0,0.0
11,6,0.0,0.0,0.0,0.0,0.0,0.0,1.0,0.0,0.0
11,6,0.0,0.0,0.0,0.0,0.0,0.0,1.0,0.0,0.0
11,6,0.0,0.0,0.0,0.0,0.0,0.0,1.0,0.0,0.0
11,6,0.0,0.0,0.0,0.0,0.0,0.0,1.0,0.0,0.0
11,6,0.0,0.0,0.0,0.0,0.0,0.0,1.0,0.0,0.0
11,6,0.0,0.0,0.0,0.0,0.0,0.0,1.0,0.0,0.0
11,6,0.0,0.0,0.0,0.0,0.0,0.0,1.0,0.0,0.0
11,6,0.0,0.0,0.0,0.0,0.0,0.0,1.0,0.0,0.0
11,6,0.0,0.0,0.0,0.0,0.0,0.0,1.0,0.0,0.0
11,6,0.0,0.0,0.0,0.0,0.0,0.0,1.0,0.0,0.0
11,6,0.0,0.0,0.0,0.0,0.0,0.0,1.0,0.0,0.0
11,6,0.0,0.0,0.0,0.0,0.0,0.0,1.0,0.0,0.0
11,6,0.0,0.0,0.0,0.0,0.0,0.0,1.0,0.0,0.0
11,6,0.0,0.0,0.0,0.0,0.0,0.0,1.0,0.0,0.0
11,6,0.0,0.0,0.0,0.0,0.0,0.0,1.0,0.0,0.0
11,6,0.0,0.0,0.0,0.0,0.0,0.0,1.0,0.0,0.0
11,6,0.0,0.0,0.0,0.0,0.0,0.0,1.0,0.0,0.0
11,6,0.0,0.0,0.0,0.0,0.0,0.0,1.0,0.0,0.0
11,6,0.0,0.0,0.0,0.0,0.0,0.0,1.0,0.0,0.0
11,6,0.0,0.0,0.0,0.0,0.0,0.0,1.0,0.0,0.0
11,6,0.0,0.0,0.0,0.0,0.0,0.0,1.0,0.0,0.0
11,6,0.0,0.0,0.0,0.0,0.0,0.0,1.0,0.0,0.0
11,6,0.0,0.0,0.0,0.0,0.0,0.0,1.0,0.0,0.0
11,6,0.0,0.0,0.0,0.0,0.0,0.0,1.0,0.0,0.0
11,6,0.0,0.0,0.0,0.0,0.0,0.0,1.0,0.0,0.0
11,6,0.0,0.0,0.0,0.0,0.0,0.0,1.0,0.0,0.0
11,6,0.0,0.0,0.0,0.0,0.0,0.0,1.0,0.0,0.0
11,6,0.0,0.0,0.0,0.0,0.0,0.0,1.0,0.0,0.0
11,6,0.0,0.0,0.0,0.0,0.0,0.0,1.0,0.0,0.0
11,6,0.0,0.0,0.0,0.0,0.0,0.0,1.0,0.0,0.0
11,6,0.0,0.0,0.0,0.0,0.0,0.0,1.0,0.0,0.0
11,6,0.0,0.0,0.0,0.0,0.0,0.0,1.0,0.0,0.0
11,6,0.0,0.0,0.0,0.0,0.0,0.0,1.0,0.0,0.0
11,6,0.0,0.0,0.0,0.0,0.0,0.0,1.0,0.0,0.0
11,6,0.0,0.0,0.0,0.0,0.0,0.0,1.0,0.0,0.0
11,6,0.0,0.0,0.0,0.0,0.0,0.0,1.0,0.0,0.0
11,6,0.0,0.0,0.0,0.0,0.0,0.0,1.0,0.0,0.0
11,6,0.0,0.0,0.0,0.0,0.0,0.0,1.0,0.0,0.0
11,6,0.0,0.0,0.0,0.0,0.0,0.0,1.0,0.0,0.0
11,6,0.0,0.0,0.0,0.0,0.0,0.0,1.0,0.0,0.0
11,6,0.0,0.0,0.0,0.0,0.0,0.0,1.0,0.0,0.0
11,6,0.0,0.0,0.0,0.0,0.0,0.0,1.0,0.0,0.0
11,6,0.0,0.0,0.0,0.0,0.0,0.0,1.0,0.0,0.0
11,6,0.0,0.0,0.0,0.0,0.0,0.0,1.0,0.0,0.0
11,6,0.0,0.0,0.0,0.0,0.0,0.0,1.0,0.0,0.0
11,6,0.0,0.0,0.0,0.0,0.0,0.0,1.0,0.0,0.0
11,6,0.0,0.0,0.0,0.0,0.0,0.0,1.0,0.0,0.0
11,6,0.0,0.0,0.0,0.0,0.0,0.0,1.0,0.0,0.0
11,6,0.0,0.0,0.0,0.0,0.0,0.0,1.0,0.0,0.0
11,6,0.0,0.0,0.0,0.0,0.0,0.0,1.0,0.0,0.0
11,6,0.0,0.0,0.0,0.0,0.0,0.0,1.0,0.0,0.0
11,6,0.0,0.0,0.0,0.0,0.0,0.0,1.0,0.0,0.0
11,6,0.0,0.0,0.0,0.0,0.0,0.0,1.0,0.0,0.0
11,6,0.0,0.0,0.0,0.0,0.0,0.0,1.0,0.0,0.0
11,6,0.0,0.0,0.0,0.0,0.0,0.0,1.0,0.0,0.0
11,6,0.0,0.0,0.0,0.0,0.0,0.0,1.0,0.0,0.0
11,6,0.0,0.0,0.0,0.0,0.0,0.0,1.0,0.0,0.0
11,6,0.0,0.0,0.0,0.0,0.0,0.0,1.0,0.0,0.0
11,6,0.0,0.0,0.0,0.0,0.0,0.0,1.0,0.0,0.0
11,6,0.0,0.0,0.0,0.0,0.0,0.0,1.0,0.0,0.0
11,6,0.0,0.0,0.0,0.0,0.0,0.0,1.0,0.0,0.0
11,6,0.0,0.0,0.0,0.0,0.0,0.0,1.0,0.0,0.0
11,6,0.0,0.0,0.0,0.0,0.0,0.0,1.0,0.0,0.0
11,6,0.0,0.0,0.0,0.0,0.0,0.0,1.0,0.0,0.0
11,6,0.0,0.0,0.0,0.0,0.0,0.0,1.0,0.0,0.0
11,6,0.0,0.0,0.0,0.0,0.0,0.0,1.0,0.0,0.0
11,6,0.0,0.0,0.0,0.0,0.0,0.0,1.0,0.0,0.0
11,6,0.0,0.0,0.0,0.0,0.0,0.0,1.0,0.0,0.0
11,6,0.0,0.0,0.0,0.0,0.0,0.0,1.0,0.0,0.0
11,6,0.0,0.0,0.0,0.0,0.0,0.0,1.0,0.0,0.0
11,6,0.0,0.0,0.0,0.0,0.0,0.0,1.0,0.0,0.0
11,6,0.0,0.0,0.0,0.0,0.0,0.0,1.0,0.0,0.0
11,6,0.0,0.0,0.0,0.0,0.0,0.0,1.0,0.0,0.0
11,6,0.0,0.0,0.0,0.0,0.0,0.0,1.0,0.0,0.0
11,6,0.0,0.0,0.0,0.0,0.0,0.0,1.0,0.0,0.0
11,6,0.0,0.0,0.0,0.0,0.0,0.0,1.0,0.0,0.0
11,6,0.0,0.0,0.0,0.0,0.0,0.0,1.0,0.0,0.0
11,6,0.0,0.0,0.0,0.0,0.0,0.0,1.0,0.0,0.0
11,6,0.0,0.0,0.0,0.0,0.0,0.0,1.0,0.0,0.0
11,6,0.0,0.0,0.0,0.0,0.0,0.0,1.0,0.0,0.0
11,6,0.0,0.0,0.0,0.0,0.0,0.0,1.0,0.0,0.0
11,6,0.0,0.0,0.0,0.0,0.0,0.0,1.0,0.0,0.0
11,6,0.0,0.0,0.0,0.0,0.0,0.0,1.0,0.0,0.0
11,6,0.0,0.0,0.0,0.0,0.0,0.0,1.0,0.0,0.0
11,6,0.0,0.0,0.0,0.0,0.0,0.0,1.0,0.0,0.0
11,6,0.0,0.0,0.0,0.0,0.0,0.0,1.0,0.0,0.0
11,6,0.0,0.0,0.0,0.0,0.0,0.0,1.0,0.0,0.0
11,6,0.0,0.0,0.0,0.0,0.0,0.0,1.0,0.0,0.0
11,6,0.0,0.0,0.0,0.0,0.0,0.0,1.0,0.0,0.0
11,6,0.0,0.0,0.0,0.0,0.0,0.0,1.0,0.0,0.0
11,6,0.0,0.0,0.0,0.0,0.0,0.0,1.0,0.0,0.0
11,6,0.0,0.0,0.0,0.0,0.0,0.0,1.0,0.0,0.0
11,6,0.0,0.0,0.0,0.0,0.0,0.0,1.0,0.0,0.0
11,6,0.0,0.0,0.0,0.0,0.0,0.0,1.0,0.0,0.0
11,6,0.0,0.0,0.0,0.0,0.0,0.0,1.0,0.0,0.0
11,6,0.0,0.0,0.0,0.0,0.0,0.0,1.0,0.0,0.0
11,6,0.0,0.0,0.0,0.0,0.0,0.0,1.0,0.0,0.0
11,6,0.0,0.0,0.0,0.0,0.0,0.0,1.0,0.0,0.0
11,6,0.0,0.0,0.0,0.0,0.0,0.0,1.0,0.0,0.0
11,6,0.0,0.0,0.0,0.0,0.0,0.0,1.0,0.0,0.0
11,6,0.0,0.0,0.0,0.0,0.0,0.0,1.0,0.0,0.0
11,6,0.0,0.0,0.0,0.0,0.0,0.0,1.0,0.0,0.0
11,6,0.0,0.0,0.0,0.0,0.0,0.0,1.0,0.0,0.0
11,6,0.0,0.0,0.0,0.0,0.0,0.0,1.0,0.0,0.0
11,6,0.0,0.0,0.0,0.0,0.0,0.0,1.0,0.0,0.0
11,6,0.0,0.0,0.0,0.0,0.0,0.0,1.0,0.0,0.0
11,6,0.0,0.0,0.0,0.0,0.0,0.0,1.0,0.0,0.0
11,6,0.0,0.0,0.0,0.0,0.0,0.0,1.0,0.0,0.0
11,6,0.0,0.0,0.0,0.0,0.0,0.0,1.0,0.0,0.0
11,6,0.0,0.0,0.0,0.0,0.0,0.0,1.0,0.0,0.0
11,6,0.0,0.0,0.0,0.0,0.0,0.0,1.0,0.0,0.0
11,6,0.0,0.0,0.0,0.0,0.0,0.0,1.0,0.0,0.0
11,6,0.0,0.0,0.0,0.0,0.0,0.0,1.0,0.0,0.0
11,6,0.0,0.0,0.0,0.0,0.0,0.0,1.0,0.0,0.0
11,6,0.0,0.0,0.0,0.0,0.0,0.0,1.0,0.0,0.0
11,6,0.0,0.0,0.0,0.0,0.0,0.0,1.0,0.0,0.0
11,6,0.0,0.0,0.0,0.0,0.0,0.0,1.0,0.0,0.0
11,6,0.0,0.0,0.0,0.0,0.0,0.0,1.0,0.0,0.0
11,6,0.0,0.0,0.0,0.0,0.0,0.0,1.0,0.0,0.0
11,6,0.0,0.0,0.0,0.0,0.0,0.0,1.0,0.0,0.0
11,6,0.0,0.0,0.0,0.0,0.0,0.0,1.0,0.0,0.0
11,6,0.0,0.0,0.0,0.0,0.0,0.0,1.0,0.0,0.0
11,6,0.0,0.0,0.0,0.0,0.0,0.0,1.0,0.0,0.0
11,6,0.0,0.0,0.0,0.0,0.0,0.0,1.0,0.0,0.0
11,6,0.0,0.0,0.0,0.0,0.0,0.0,1.0,0.0,0.0
11,6,0.0,0.0,0.0,0.0,0.0,0.0,1.0,0.0,0.0
11,6,0.0,0.0,0.0,0.0,0.0,0.0,1.0,0.0,0.0
11,6,0.0,0.0,0.0,0.0,0.0,0.0,1.0,0.0,0.0
11,6,0.0,0.0,0.0,0.0,0.0,0.0,1.0,0.0,0.0
11,6,0.0,0.0,0.0,0.0,0.0,0.0,1.0,0.0,0.0
11,6,0.0,0.0,0.0,0.0,0.0,0.0,1.0,0.0,0.0
11,6,0.0,0.0,0.0,0.0,0.0,0.0,1.0,0.0,0.0
11,6,0.0,0.0,0.0,0.0,0.0,0.0,1.0,0.0,0.0
11,6,0.0,0.0,0.0,0.0,0.0,0.0,1.0,0.0,0.0
11,6,0.0,0.0,0.0,0.0,0.0,0.0,1.0,0.0,0.0
11,6,0.0,0.0,0.0,0.0,0.0,0.0,1.0,0.0,0.0
11,6,0.0,0.0,0.0,0.0,0.0,0.0,1.0,0.0,0.0
11,6,0.0,0.0,0.0,0.0,0.0,0.0,1.0,0.0,0.0
11,6,0.0,0.0,0.0,0.0,0.0,0.0,1.0,0.0,0.0
11,6,0.0,0.0,0.0,0.0,0.0,0.0,1.0,0.0,0.0
11,6,0.0,0.0,0.0,0.0,0.0,0.0,1.0,0.0,0.0
11,6,0.0,0.0,0.0,0.0,0.0,0.0,1.0,0.0,0.0
11,6,0.0,0.0,0.0,0.0,0.0,0.0,1.0,0.0,0.0
11,6,0.0,0.0,0.0,0.0,0.0,0.0,1.0,0.0,0.0
11,6,0.0,0.0,0.0,0.0,0.0,0.0,1.0,0.0,0.0
11,6,0.0,0.0,0.0,0.0,0.0,0.0,1.0,0.0,0.0
11,6,0.0,0.0,0.0,0.0,0.0,0.0,1.0,0.0,0.0
11,6,0.0,0.0,0.0,0.0,0.0,0.0,1.0,0.0,0.0
11,6,0.0,0.0,0.0,0.0,0.0,0.0,1.0,0.0,0.0
11,6,0.0,0.0,0.0,0.0,0.0,0.0,1.0,0.0,0.0
11,6,0.0,0.0,0.0,0.0,0.0,0.0,1.0,0.0,0.0
11,6,0.0,0.0,0.0,0.0,0.0,0.0,1.0,0.0,0.0
11,6,0.0,0.0,0.0,0.0,0.0,0.0,1.0,0.0,0.0
11,6,0.0,0.0,0.0,0.0,0.0,0.0,1.0,0.0,0.0
11,6,0.0,0.0,0.0,0.0,0.0,0.0,1.0,0.0,0.0
11,6,0.0,0.0,0.0,0.0,0.0,0.0,1.0,0.0,0.0
11,6,0.0,0.0,0.0,0.0,0.0,0.0,1.0,0.0,0.0
11,6,0.0,0.0,0.0,0.0,0.0,0.0,1.0,0.0,0.0
11,6,0.0,0.0,0.0,0.0,0.0,0.0,1.0,0.0,0.0
11,6,0.0,0.0,0.0,0.0,0.0,0.0,1.0,0.0,0.0
11,6,0.0,0.0,0.0,0.0,0.0,0.0,1.0,0.0,0.0
11,6,0.0,0.0,0.0,0.0,0.0,0.0,1.0,0.0,0.0
11,6,0.0,0.0,0.0,0.0,0.0,0.0,1.0,0.0,0.0
11,6,0.0,0.0,0.0,0.0,0.0,0.0,1.0,0.0,0.0
11,6,0.0,0.0,0.0,0.0,0.0,0.0,1.0,0.0,0.0
11,6,0.0,0.0,0.0,0.0,0.0,0.0,1.0,0.0,0.0
11,6,0.0,0.0,0.0,0.0,0.0,0.0,1.0,0.0,0.0
11,6,0.0,0.0,0.0,0.0,0.0,0.0,1.0,0.0,0.0
11,6,0.0,0.0,0.0,0.0,0.0,0.0,1.0,0.0,0.0
11,6,0.0,0.0,0.0,0.0,0.0,0.0,1.0,0.0,0.0
11,6,0.0,0.0,0.0,0.0,0.0,0.0,1.0,0.0,0.0
11,6,0.0,0.0,0.0,0.0,0.0,0.0,1.0,0.0,0.0
11,6,0.0,0.0,0.0,0.0,0.0,0.0,1.0,0.0,0.0
11,6,0.0,0.0,0.0,0.0,0.0,0.0,1.0,0.0,0.0
11,6,0.0,0.0,0.0,0.0,0.0,0.0,1.0,0.0,0.0
11,6,0.0,0.0,0.0,0.0,0.0,0.0,1.0,0.0,0.0
11,6,0.0,0.0,0.0,0.0,0.0,0.0,1.0,0.0,0.0
11,6,0.0,0.0,0.0,0.0,0.0,0.0,1.0,0.0,0.0
11,6,0.0,0.0,0.0,0.0,0.0,0.0,1.0,0.0,0.0
11,6,0.0,0.0,0.0,0.0,0.0,0.0,1.0,0.0,0.0
11,6,0.0,0.0,0.0,0.0,0.0,0.0,1.0,0.0,0.0
11,6,0.0,0.0,0.0,0.0,0.0,0.0,1.0,0.0,0.0
11,6,0.0,0.0,0.0,0.0,0.0,0.0,1.0,0.0,0.0
11,6,0.0,0.0,0.0,0.0,0.0,0.0,1.0,0.0,0.0
11,6,0.0,0.0,0.0,0.0,0.0,0.0,1.0,0.0,0.0
11,6,0.0,0.0,0.0,0.0,0.0,0.0,1.0,0.0,0.0
11,6,0.0,0.0,0.0,0.0,0.0,0.0,1.0,0.0,0.0
11,6,0.0,0.0,0.0,0.0,0.0,0.0,1.0,0.0,0.0
11,6,0.0,0.0,0.0,0.0,0.0,0.0,1.0,0.0,0.0
11,6,0.0,0.0,0.0,0.0,0.0,0.0,1.0,0.0,0.0
11,6,0.0,0.0,0.0,0.0,0.0,0.0,1.0,0.0,0.0
11,6,0.0,0.0,0.0,0.0,0.0,0.0,1.0,0.0,0.0
11,6,0.0,0.0,0.0,0.0,0.0,0.0,1.0,0.0,0.0
11,6,0.0,0.0,0.0,0.0,0.0,0.0,1.0,0.0,0.0
11,6,0.0,0.0,0.0,0.0,0.0,0.0,1.0,0.0,0.0
11,6,0.0,0.0,0.0,0.0,0.0,0.0,1.0,0.0,0.0
11,6,0.0,0.0,0.0,0.0,0.0,0.0,1.0,0.0,0.0
11,6,0.0,0.0,0.0,0.0,0.0,0.0,1.0,0.0,0.0
11,6,0.0,0.0,0.0,0.0,0.0,0.0,1.0,0.0,0.0
11,6,0.0,0.0,0.0,0.0,0.0,0.0,1.0,0.0,0.0
11,6,0.0,0.0,0.0,0.0,0.0,0.0,1.0,0.0,0.0
11,6,0.0,0.0,0.0,0.0,0.0,0.0,1.0,0.0,0.0
11,6,0.0,0.0,0.0,0.0,0.0,0.0,1.0,0.0,0.0
11,6,0.0,0.0,0.0,0.0,0.0,0.0,1.0,0.0,0.0
11,6,0.0,0.0,0.0,0.0,0.0,0.0,1.0,0.0,0.0
11,6,0.0,0.0,0.0,0.0,0.0,0.0,1.0,0.0,0.0
11,6,0.0,0.0,0.0,0.0,0.0,0.0,1.0,0.0,0.0
11,6,0.0,0.0,0.0,0.0,0.0,0.0,1.0,0.0,0.0
11,6,0.0,0.0,0.0,0.0,0.0,0.0,1.0,0.0,0.0
11,6,0.0,0.0,0.0,0.0,0.0,0.0,1.0,0.0,0.0
11,6,0.0,0.0,0.0,0.0,0.0,0.0,1.0,0.0,0.0
11,6,0.0,0.0,0.0,0.0,0.0,0.0,1.0,0.0,0.0
11,6,0.0,0.0,0.0,0.0,0.0,0.0,1.0,0.0,0.0
11,6,0.0,0.0,0.0,0.0,0.0,0.0,1.0,0.0,0.0
11,6,0.0,0.0,0.0,0.0,0.0,0.0,1.0,0.0,0.0
11,6,0.0,0.0,0.0,0.0,0.0,0.0,1.0,0.0,0.0
11,6,0.0,0.0,0.0,0.0,0.0,0.0,1.0,0.0,0.0
11,6,0.0,0.0,0.0,0.0,0.0,0.0,1.0,0.0,0.0
11,6,0.0,0.0,0.0,0.0,0.0,0.0,1.0,0.0,0.0
11,6,0.0,0.0,0.0,0.0,0.0,0.0,1.0,0.0,0.0
11,6,0.0,0.0,0.0,0.0,0.0,0.0,1.0,0.0,0.0
11,6,0.0,0.0,0.0,0.0,0.0,0.0,1.0,0.0,0.0
11,6,0.0,0.0,0.0,0.0,0.0,0.0,1.0,0.0,0.0
11,6,0.0,0.0,0.0,0.0,0.0,0.0,1.0,0.0,0.0
11,6,0.0,0.0,0.0,0.0,0.0,0.0,1.0,0.0,0.0
11,6,0.0,0.0,0.0,0.0,0.0,0.0,1.0,0.0,0.0
11,6,0.0,0.0,0.0,0.0,0.0,0.0,1.0,0.0,0.0
11,6,0.0,0.0,0.0,0.0,0.0,0.0,1.0,0.0,0.0
11,6,0.0,0.0,0.0,0.0,0.0,0.0,1.0,0.0,0.0
11,6,0.0,0.0,0.0,0.0,0.0,0.0,1.0,0.0,0.0
11,6,0.0,0.0,0.0,0.0,0.0,0.0,1.0,0.0,0.0
11,6,0.0,0.0,0.0,0.0,0.0,0.0,1.0,0.0,0.0
11,6,0.0,0.0,0.0,0.0,0.0,0.0,1.0,0.0,0.0
11,6,0.0,0.0,0.0,0.0,0.0,0.0,1.0,0.0,0.0
11,6,0.0,0.0,0.0,0.0,0.0,0.0,1.0,0.0,0.0
11,6,0.0,0.0,0.0,0.0,0.0,0.0,1.0,0.0,0.0
11,6,0.0,0.0,0.0,0.0,0.0,0.0,1.0,0.0,0.0
11,6,0.0,0.0,0.0,0.0,0.0,0.0,1.0,0.0,0.0
11,6,0.0,0.0,0.0,0.0,0.0,0.0,1.0,0.0,0.0
11,6,0.0,0.0,0.0,0.0,0.0,0.0,1.0,0.0,0.0
11,6,0.0,0.0,0.0,0.0,0.0,0.0,1.0,0.0,0.0
11,6,0.0,0.0,0.0,0.0,0.0,0.0,1.0,0.0,0.0
11,6,0.0,0.0,0.0,0.0,0.0,0.0,1.0,0.0,0.0
11,6,0.0,0.0,0.0,0.0,0.0,0.0,1.0,0.0,0.0
11,6,0.0,0.0,0.0,0.0,0.0,0.0,1.0,0.0,0.0
11,6,0.0,0.0,0.0,0.0,0.0,0.0,1.0,0.0,0.0
11,6,0.0,0.0,0.0,0.0,0.0,0.0,1.0,0.0,0.0
11,6,0.0,0.0,0.0,0.0,0.0,0.0,1.0,0.0,0.0
11,6,0.0,0.0,0.0,0.0,0.0,0.0,1.0,0.0,0.0
11,6,0.0,0.0,0.0,0.0,0.0,0.0,1.0,0.0,0.0
11,6,0.0,0.0,0.0,0.0,0.0,0.0,1.0,0.0,0.0
11,6,0.0,0.0,0.0,0.0,0.0,0.0,1.0,0.0,0.0
11,6,0.0,0.0,0.0,0.0,0.0,0.0,1.0,0.0,0.0
11,6,0.0,0.0,0.0,0.0,0.0,0.0,1.0,0.0,0.0
11,6,0.0,0.0,0.0,0.0,0.0,0.0,1.0,0.0,0.0
11,6,0.0,0.0,0.0,0.0,0.0,0.0,1.0,0.0,0.0
11,6,0.0,0.0,0.0,0.0,0.0,0.0,1.0,0.0,0.0
11,6,0.0,0.0,0.0,0.0,0.0,0.0,1.0,0.0,0.0
11,6,0.0,0.0,0.0,0.0,0.0,0.0,1.0,0.0,0.0
11,6,0.0,0.0,0.0,0.0,0.0,0.0,1.0,0.0,0.0
11,6,0.0,0.0,0.0,0.0,0.0,0.0,1.0,0.0,0.0
11,6,0.0,0.0,0.0,0.0,0.0,0.0,1.0,0.0,0.0
11,6,0.0,0.0,0.0,0.0,0.0,0.0,1.0,0.0,0.0
11,6,0.0,0.0,0.0,0.0,0.0,0.0,1.0,0.0,0.0
11,6,0.0,0.0,0.0,0.0,0.0,0.0,1.0,0.0,0.0
11,6,0.0,0.0,0.0,0.0,0.0,0.0,1.0,0.0,0.0
11,6,0.0,0.0,0.0,0.0,0.0,0.0,1.0,0.0,0.0
11,6,0.0,0.0,0.0,0.0,0.0,0.0,1.0,0.0,0.0
11,6,0.0,0.0,0.0,0.0,0.0,0.0,1.0,0.0,0.0
11,6,0.0,0.0,0.0,0.0,0.0,0.0,1.0,0.0,0.0
11,6,0.0,0.0,0.0,0.0,0.0,0.0,1.0,0.0,0.0
11,6,0.0,0.0,0.0,0.0,0.0,0.0,1.0,0.0,0.0
11,6,0.0,0.0,0.0,0.0,0.0,0.0,1.0,0.0,0.0
11,6,0.0,0.0,0.0,0.0,0.0,0.0,1.0,0.0,0.0
11,6,0.0,0.0,0.0,0.0,0.0,0.0,1.0,0.0,0.0
11,6,0.0,0.0,0.0,0.0,0.0,0.0,1.0,0.0,0.0
11,6,0.0,0.0,0.0,0.0,0.0,0.0,1.0,0.0,0.0
11,6,0.0,0.0,0.0,0.0,0.0,0.0,1.0,0.0,0.0
11,6,0.0,0.0,0.0,0.0,0.0,0.0,1.0,0.0,0.0
11,6,0.0,0.0,0.0,0.0,0.0,0.0,1.0,0.0,0.0
11,6,0.0,0.0,0.0,0.0,0.0,0.0,1.0,0.0,0.0
11,6,0.0,0.0,0.0,0.0,0.0,0.0,1.0,0.0,0.0
11,6,0.0,0.0,0.0,0.0,0.0,0.0,1.0,0.0,0.0
11,6,0.0,0.0,0.0,0.0,0.0,0.0,1.0,0.0,0.0
11,6,0.0,0.0,0.0,0.0,0.0,0.0,1.0,0.0,0.0
11,6,0.0,0.0,0.0,0.0,0.0,0.0,1.0,0.0,0.0
11,6,0.0,0.0,0.0,0.0,0.0,0.0,1.0,0.0,0.0
11,6,0.0,0.0,0.0,0.0,0.0,0.0,1.0,0.0,0.0
11,6,0.0,0.0,0.0,0.0,0.0,0.0,1.0,0.0,0.0
11,6,0.0,0.0,0.0,0.0,0.0,0.0,1.0,0.0,0.0
11,6,0.0,0.0,0.0,0.0,0.0,0.0,1.0,0.0,0.0
11,6,0.0,0.0,0.0,0.0,0.0,0.0,1.0,0.0,0.0
11,6,0.0,0.0,0.0,0.0,0.0,0.0,1.0,0.0,0.0
11,6,0.0,0.0,0.0,0.0,0.0,0.0,1.0,0.0,0.0
11,6,0.0,0.0,0.0,0.0,0.0,0.0,1.0,0.0,0.0
11,6,0.0,0.0,0.0,0.0,0.0,0.0,1.0,0.0,0.0
11,6,0.0,0.0,0.0,0.0,0.0,0.0,1.0,0.0,0.0
11,6,0.0,0.0,0.0,0.0,0.0,0.0,1.0,0.0,0.0
11,6,0.0,0.0,0.0,0.0,0.0,0.0,1.0,0.0,0.0
11,6,0.0,0.0,0.0,0.0,0.0,0.0,1.0,0.0,0.0
11,6,0.0,0.0,0.0,0.0,0.0,0.0,1.0,0.0,0.0
11,6,0.0,0.0,0.0,0.0,0.0,0.0,1.0,0.0,0.0
11,6,0.0,0.0,0.0,0.0,0.0,0.0,1.0,0.0,0.0
11,6,0.0,0.0,0.0,0.0,0.0,0.0,1.0,0.0,0.0
11,6,0.0,0.0,0.0,0.0,0.0,0.0,1.0,0.0,0.0
11,6,0.0,0.0,0.0,0.0,0.0,0.0,1.0,0.0,0.0
11,6,0.0,0.0,0.0,0.0,0.0,0.0,1.0,0.0,0.0
11,6,0.0,0.0,0.0,0.0,0.0,0.0,1.0,0.0,0.0
11,6,0.0,0.0,0.0,0.0,0.0,0.0,1.0,0.0,0.0
11,6,0.0,0.0,0.0,0.0,0.0,0.0,1.0,0.0,0.0
11,6,0.0,0.0,0.0,0.0,0.0,0.0,1.0,0.0,0.0
11,6,0.0,0.0,0.0,0.0,0.0,0.0,1.0,0.0,0.0
11,6,0.0,0.0,0.0,0.0,0.0,0.0,1.0,0.0,0.0
11,6,0.0,0.0,0.0,0.0,0.0,0.0,1.0,0.0,0.0
11,6,0.0,0.0,0.0,0.0,0.0,0.0,1.0,0.0,0.0
11,6,0.0,0.0,0.0,0.0,0.0,0.0,1.0,0.0,0.0
11,6,0.0,0.0,0.0,0.0,0.0,0.0,1.0,0.0,0.0
11,6,0.0,0.0,0.0,0.0,0.0,0.0,1.0,0.0,0.0
11,6,0.0,0.0,0.0,0.0,0.0,0.0,1.0,0.0,0.0
11,6,0.0,0.0,0.0,0.0,0.0,0.0,1.0,0.0,0.0
11,6,0.0,0.0,0.0,0.0,0.0,0.0,1.0,0.0,0.0
11,6,0.0,0.0,0.0,0.0,0.0,0.0,1.0,0.0,0.0
11,6,0.0,0.0,0.0,0.0,0.0,0.0,1.0,0.0,0.0
11,6,0.0,0.0,0.0,0.0,0.0,0.0,1.0,0.0,0.0
11,6,0.0,0.0,0.0,0.0,0.0,0.0,1.0,0.0,0.0
11,6,0.0,0.0,0.0,0.0,0.0,0.0,1.0,0.0,0.0
11,6,0.0,0.0,0.0,0.0,0.0,0.0,1.0,0.0,0.0
11,6,0.0,0.0,0.0,0.0,0.0,0.0,1.0,0.0,0.0
11,6,0.0,0.0,0.0,0.0,0.0,0.0,1.0,0.0,0.0
11,6,0.0,0.0,0.0,0.0,0.0,0.0,1.0,0.0,0.0
11,6,0.0,0.0,0.0,0.0,0.0,0.0,1.0,0.0,0.0
11,6,0.0,0.0,0.0,0.0,0.0,0.0,1.0,0.0,0.0
11,6,0.0,0.0,0.0,0.0,0.0,0.0,1.0,0.0,0.0
11,6,0.0,0.0,0.0,0.0,0.0,0.0,1.0,0.0,0.0
11,6,0.0,0.0,0.0,0.0,0.0,0.0,1.0,0.0,0.0
11,6,0.0,0.0,0.0,0.0,0.0,0.0,1.0,0.0,0.0
11,6,0.0,0.0,0.0,0.0,0.0,0.0,1.0,0.0,0.0
11,6,0.0,0.0,0.0,0.0,0.0,0.0,1.0,0.0,0.0
11,6,0.0,0.0,0.0,0.0,0.0,0.0,1.0,0.0,0.0
11,6,0.0,0.0,0.0,0.0,0.0,0.0,1.0,0.0,0.0
11,6,0.0,0.0,0.0,0.0,0.0,0.0,1.0,0.0,0.0
11,6,0.0,0.0,0.0,0.0,0.0,0.0,1.0,0.0,0.0
11,6,0.0,0.0,0.0,0.0,0.0,0.0,1.0,0.0,0.0
11,6,0.0,0.0,0.0,0.0,0.0,0.0,1.0,0.0,0.0
11,6,0.0,0.0,0.0,0.0,0.0,0.0,1.0,0.0,0.0
11,6,0.0,0.0,0.0,0.0,0.0,0.0,1.0,0.0,0.0
11,6,0.0,0.0,0.0,0.0,0.0,0.0,1.0,0.0,0.0
11,6,0.0,0.0,0.0,0.0,0.0,0.0,1.0,0.0,0.0
11,6,0.0,0.0,0.0,0.0,0.0,0.0,1.0,0.0,0.0
11,6,0.0,0.0,0.0,0.0,0.0,0.0,1.0,0.0,0.0
11,6,0.0,0.0,0.0,0.0,0.0,0.0,1.0,0.0,0.0
11,6,0.0,0.0,0.0,0.0,0.0,0.0,1.0,0.0,0.0
11,6,0.0,0.0,0.0,0.0,0.0,0.0,1.0,0.0,0.0
11,6,0.0,0.0,0.0,0.0,0.0,0.0,1.0,0.0,0.0
11,6,0.0,0.0,0.0,0.0,0.0,0.0,1.0,0.0,0.0
11,6,0.0,0.0,0.0,0.0,0.0,0.0,1.0,0.0,0.0
11,6,0.0,0.0,0.0,0.0,0.0,0.0,1.0,0.0,0.0
11,6,0.0,0.0,0.0,0.0,0.0,0.0,1.0,0.0,0.0
11,6,0.0,0.0,0.0,0.0,0.0,0.0,1.0,0.0,0.0
11,6,0.0,0.0,0.0,0.0,0.0,0.0,1.0,0.0,0.0
11,6,0.0,0.0,0.0,0.0,0.0,0.0,1.0,0.0,0.0
11,6,0.0,0.0,0.0,0.0,0.0,0.0,1.0,0.0,0.0
11,6,0.0,0.0,0.0,0.0,0.0,0.0,1.0,0.0,0.0
11,6,0.0,0.0,0.0,0.0,0.0,0.0,1.0,0.0,0.0
11,6,0.0,0.0,0.0,0.0,0.0,0.0,1.0,0.0,0.0
11,6,0.0,0.0,0.0,0.0,0.0,0.0,1.0,0.0,0.0
11,6,0.0,0.0,0.0,0.0,0.0,0.0,1.0,0.0,0.0
11,6,0.0,0.0,0.0,0.0,0.0,0.0,1.0,0.0,0.0
11,6,0.0,0.0,0.0,0.0,0.0,0.0,1.0,0.0,0.0
11,6,0.0,0.0,0.0,0.0,0.0,0.0,1.0,0.0,0.0
11,6,0.0,0.0,0.0,0.0,0.0,0.0,1.0,0.0,0.0
11,6,0.0,0.0,0.0,0.0,0.0,0.0,1.0,0.0,0.0
11,6,0.0,0.0,0.0,0.0,0.0,0.0,1.0,0.0,0.0
11,6,0.0,0.0,0.0,0.0,0.0,0.0,1.0,0.0,0.0
11,6,0.0,0.0,0.0,0.0,0.0,0.0,1.0,0.0,0.0
11,6,0.0,0.0,0.0,0.0,0.0,0.0,1.0,0.0,0.0
11,6,0.0,0.0,0.0,0.0,0.0,0.0,1.0,0.0,0.0
11,6,0.0,0.0,0.0,0.0,0.0,0.0,1.0,0.0,0.0
11,6,0.0,0.0,0.0,0.0,0.0,0.0,1.0,0.0,0.0
11,6,0.0,0.0,0.0,0.0,0.0,0.0,1.0,0.0,0.0
11,6,0.0,0.0,0.0,0.0,0.0,0.0,1.0,0.0,0.0
11,6,0.0,0.0,0.0,0.0,0.0,0.0,1.0,0.0,0.0
11,6,0.0,0.0,0.0,0.0,0.0,0.0,1.0,0.0,0.0
11,6,0.0,0.0,0.0,0.0,0.0,0.0,1.0,0.0,0.0
11,6,0.0,0.0,0.0,0.0,0.0,0.0,1.0,0.0,0.0
11,6,0.0,0.0,0.0,0.0,0.0,0.0,1.0,0.0,0.0
11,6,0.0,0.0,0.0,0.0,0.0,0.0,1.0,0.0,0.0
11,6,0.0,0.0,0.0,0.0,0.0,0.0,1.0,0.0,0.0
11,6,0.0,0.0,0.0,0.0,0.0,0.0,1.0,0.0,0.0
11,6,0.0,0.0,0.0,0.0,0.0,0.0,1.0,0.0,0.0
11,6,0.0,0.0,0.0,0.0,0.0,0.0,1.0,0.0,0.0
11,6,0.0,0.0,0.0,0.0,0.0,0.0,1.0,0.0,0.0
11,6,0.0,0.0,0.0,0.0,0.0,0.0,1.0,0.0,0.0
11,6,0.0,0.0,0.0,0.0,0.0,0.0,1.0,0.0,0.0
11,6,0.0,0.0,0.0,0.0,0.0,0.0,1.0,0.0,0.0
11,6,0.0,0.0,0.0,0.0,0.0,0.0,1.0,0.0,0.0
11,6,0.0,0.0,0.0,0.0,0.0,0.0,1.0,0.0,0.0
11,6,0.0,0.0,0.0,0.0,0.0,0.0,1.0,0.0,0.0
11,6,0.0,0.0,0.0,0.0,0.0,0.0,1.0,0.0,0.0
11,6,0.0,0.0,0.0,0.0,0.0,0.0,1.0,0.0,0.0
11,6,0.0,0.0,0.0,0.0,0.0,0.0,1.0,0.0,0.0
11,6,0.0,0.0,0.0,0.0,0.0,0.0,1.0,0.0,0.0
11,6,0.0,0.0,0.0,0.0,0.0,0.0,1.0,0.0,0.0
11,6,0.0,0.0,0.0,0.0,0.0,0.0,1.0,0.0,0.0
11,6,0.0,0.0,0.0,0.0,0.0,0.0,1.0,0.0,0.0
11,6,0.0,0.0,0.0,0.0,0.0,0.0,1.0,0.0,0.0
11,6,0.0,0.0,0.0,0.0,0.0,0.0,1.0,0.0,0.0
11,6,0.0,0.0,0.0,0.0,0.0,0.0,1.0,0.0,0.0
11,6,0.0,0.0,0.0,0.0,0.0,0.0,1.0,0.0,0.0
11,6,0.0,0.0,0.0,0.0,0.0,0.0,1.0,0.0,0.0
11,6,0.0,0.0,0.0,0.0,0.0,0.0,1.0,0.0,0.0
11,6,0.0,0.0,0.0,0.0,0.0,0.0,1.0,0.0,0.0
11,6,0.0,0.0,0.0,0.0,0.0,0.0,1.0,0.0,0.0
11,6,0.0,0.0,0.0,0.0,0.0,0.0,1.0,0.0,0.0
11,6,0.0,0.0,0.0,0.0,0.0,0.0,1.0,0.0,0.0
11,6,0.0,0.0,0.0,0.0,0.0,0.0,1.0,0.0,0.0
11,6,0.0,0.0,0.0,0.0,0.0,0.0,1.0,0.0,0.0
11,6,0.0,0.0,0.0,0.0,0.0,0.0,1.0,0.0,0.0
11,6,0.0,0.0,0.0,0.0,0.0,0.0,1.0,0.0,0.0
11,6,0.0,0.0,0.0,0.0,0.0,0.0,1.0,0.0,0.0
11,6,0.0,0.0,0.0,0.0,0.0,0.0,1.0,0.0,0.0
11,6,0.0,0.0,0.0,0.0,0.0,0.0,1.0,0.0,0.0
11,6,0.0,0.0,0.0,0.0,0.0,0.0,1.0,0.0,0.0
11,6,0.0,0.0,0.0,0.0,0.0,0.0,1.0,0.0,0.0
11,6,0.0,0.0,0.0,0.0,0.0,0.0,1.0,0.0,0.0
11,6,0.0,0.0,0.0,0.0,0.0,0.0,1.0,0.0,0.0
11,6,0.0,0.0,0.0,0.0,0.0,0.0,1.0,0.0,0.0
11,6,0.0,0.0,0.0,0.0,0.0,0.0,1.0,0.0,0.0
11,6,0.0,0.0,0.0,0.0,0.0,0.0,1.0,0.0,0.0
11,6,0.0,0.0,0.0,0.0,0.0,0.0,1.0,0.0,0.0
11,6,0.0,0.0,0.0,0.0,0.0,0.0,1.0,0.0,0.0
11,6,0.0,0.0,0.0,0.0,0.0,0.0,1.0,0.0,0.0
11,6,0.0,0.0,0.0,0.0,0.0,0.0,1.0,0.0,0.0
11,6,0.0,0.0,0.0,0.0,0.0,0.0,1.0,0.0,0.0
11,6,0.0,0.0,0.0,0.0,0.0,0.0,1.0,0.0,0.0
11,6,0.0,0.0,0.0,0.0,0.0,0.0,1.0,0.0,0.0
11,6,0.0,0.0,0.0,0.0,0.0,0.0,1.0,0.0,0.0
11,6,0.0,0.0,0.0,0.0,0.0,0.0,1.0,0.0,0.0
11,6,0.0,0.0,0.0,0.0,0.0,0.0,1.0,0.0,0.0
11,6,0.0,0.0,0.0,0.0,0.0,0.0,1.0,0.0,0.0
11,6,0.0,0.0,0.0,0.0,0.0,0.0,1.0,0.0,0.0
11,6,0.0,0.0,0.0,0.0,0.0,0.0,1.0,0.0,0.0
11,6,0.0,0.0,0.0,0.0,0.0,0.0,1.0,0.0,0.0
11,6,0.0,0.0,0.0,0.0,0.0,0.0,1.0,0.0,0.0
11,6,0.0,0.0,0.0,0.0,0.0,0.0,1.0,0.0,0.0
11,6,0.0,0.0,0.0,0.0,0.0,0.0,1.0,0.0,0.0
11,6,0.0,0.0,0.0,0.0,0.0,0.0,1.0,0.0,0.0
11,6,0.0,0.0,0.0,0.0,0.0,0.0,1.0,0.0,0.0
11,6,0.0,0.0,0.0,0.0,0.0,0.0,1.0,0.0,0.0
11,6,0.0,0.0,0.0,0.0,0.0,0.0,1.0,0.0,0.0
11,6,0.0,0.0,0.0,0.0,0.0,0.0,1.0,0.0,0.0
11,6,0.0,0.0,0.0,0.0,0.0,0.0,1.0,0.0,0.0
11,6,0.0,0.0,0.0,0.0,0.0,0.0,1.0,0.0,0.0
11,6,0.0,0.0,0.0,0.0,0.0,0.0,1.0,0.0,0.0
11,6,0.0,0.0,0.0,0.0,0.0,0.0,1.0,0.0,0.0
11,6,0.0,0.0,0.0,0.0,0.0,0.0,1.0,0.0,0.0
11,6,0.0,0.0,0.0,0.0,0.0,0.0,1.0,0.0,0.0
11,6,0.0,0.0,0.0,0.0,0.0,0.0,1.0,0.0,0.0
11,6,0.0,0.0,0.0,0.0,0.0,0.0,1.0,0.0,0.0
11,6,0.0,0.0,0.0,0.0,0.0,0.0,1.0,0.0,0.0
11,6,0.0,0.0,0.0,0.0,0.0,0.0,1.0,0.0,0.0
11,6,0.0,0.0,0.0,0.0,0.0,0.0,1.0,0.0,0.0
11,6,0.0,0.0,0.0,0.0,0.0,0.0,1.0,0.0,0.0
11,6,0.0,0.0,0.0,0.0,0.0,0.0,1.0,0.0,0.0
11,6,0.0,0.0,0.0,0.0,0.0,0.0,1.0,0.0,0.0
11,6,0.0,0.0,0.0,0.0,0.0,0.0,1.0,0.0,0.0
11,6,0.0,0.0,0.0,0.0,0.0,0.0,1.0,0.0,0.0
11,6,0.0,0.0,0.0,0.0,0.0,0.0,1.0,0.0,0.0
11,6,0.0,0.0,0.0,0.0,0.0,0.0,1.0,0.0,0.0
11,6,0.0,0.0,0.0,0.0,0.0,0.0,1.0,0.0,0.0
11,6,0.0,0.0,0.0,0.0,0.0,0.0,1.0,0.0,0.0
11,6,0.0,0.0,0.0,0.0,0.0,0.0,1.0,0.0,0.0
11,6,0.0,0.0,0.0,0.0,0.0,0.0,1.0,0.0,0.0
11,6,0.0,0.0,0.0,0.0,0.0,0.0,1.0,0.0,0.0
11,6,0.0,0.0,0.0,0.0,0.0,0.0,1.0,0.0,0.0
11,6,0.0,0.0,0.0,0.0,0.0,0.0,1.0,0.0,0.0
11,6,0.0,0.0,0.0,0.0,0.0,0.0,1.0,0.0,0.0
11,6,0.0,0.0,0.0,0.0,0.0,0.0,1.0,0.0,0.0
11,6,0.0,0.0,0.0,0.0,0.0,0.0,1.0,0.0,0.0
11,6,0.0,0.0,0.0,0.0,0.0,0.0,1.0,0.0,0.0
11,6,0.0,0.0,0.0,0.0,0.0,0.0,1.0,0.0,0.0
11,6,0.0,0.0,0.0,0.0,0.0,0.0,1.0,0.0,0.0
11,6,0.0,0.0,0.0,0.0,0.0,0.0,1.0,0.0,0.0
11,6,0.0,0.0,0.0,0.0,0.0,0.0,1.0,0.0,0.0
11,6,0.0,0.0,0.0,0.0,0.0,0.0,1.0,0.0,0.0
11,6,0.0,0.0,0.0,0.0,0.0,0.0,1.0,0.0,0.0
11,6,0.0,0.0,0.0,0.0,0.0,0.0,1.0,0.0,0.0
11,6,0.0,0.0,0.0,0.0,0.0,0.0,1.0,0.0,0.0
11,6,0.0,0.0,0.0,0.0,0.0,0.0,1.0,0.0,0.0
11,6,0.0,0.0,0.0,0.0,0.0,0.0,1.0,0.0,0.0
11,6,0.0,0.0,0.0,0.0,0.0,0.0,1.0,0.0,0.0
11,6,0.0,0.0,0.0,0.0,0.0,0.0,1.0,0.0,0.0
11,6,0.0,0.0,0.0,0.0,0.0,0.0,1.0,0.0,0.0
11,6,0.0,0.0,0.0,0.0,0.0,0.0,1.0,0.0,0.0
11,6,0.0,0.0,0.0,0.0,0.0,0.0,1.0,0.0,0.0
11,6,0.0,0.0,0.0,0.0,0.0,0.0,1.0,0.0,0.0
11,6,0.0,0.0,0.0,0.0,0.0,0.0,1.0,0.0,0.0
11,6,0.0,0.0,0.0,0.0,0.0,0.0,1.0,0.0,0.0
11,6,0.0,0.0,0.0,0.0,0.0,0.0,1.0,0.0,0.0
11,6,0.0,0.0,0.0,0.0,0.0,0.0,1.0,0.0,0.0
11,6,0.0,0.0,0.0,0.0,0.0,0.0,1.0,0.0,0.0
11,6,0.0,0.0,0.0,0.0,0.0,0.0,1.0,0.0,0.0
11,6,0.0,0.0,0.0,0.0,0.0,0.0,1.0,0.0,0.0
11,6,0.0,0.0,0.0,0.0,0.0,0.0,1.0,0.0,0.0
11,6,0.0,0.0,0.0,0.0,0.0,0.0,1.0,0.0,0.0
11,6,0.0,0.0,0.0,0.0,0.0,0.0,1.0,0.0,0.0
11,6,0.0,0.0,0.0,0.0,0.0,0.0,1.0,0.0,0.0
11,6,0.0,0.0,0.0,0.0,0.0,0.0,1.0,0.0,0.0
11,6,0.0,0.0,0.0,0.0,0.0,0.0,1.0,0.0,0.0
11,6,0.0,0.0,0.0,0.0,0.0,0.0,1.0,0.0,0.0
11,6,0.0,0.0,0.0,0.0,0.0,0.0,1.0,0.0,0.0
11,6,0.0,0.0,0.0,0.0,0.0,0.0,1.0,0.0,0.0
11,6,0.0,0.0,0.0,0.0,0.0,0.0,1.0,0.0,0.0
11,6,0.0,0.0,0.0,0.0,0.0,0.0,1.0,0.0,0.0
11,6,0.0,0.0,0.0,0.0,0.0,0.0,1.0,0.0,0.0
11,6,0.0,0.0,0.0,0.0,0.0,0.0,1.0,0.0,0.0
11,6,0.0,0.0,0.0,0.0,0.0,0.0,1.0,0.0,0.0
11,6,0.0,0.0,0.0,0.0,0.0,0.0,1.0,0.0,0.0
11,6,0.0,0.0,0.0,0.0,0.0,0.0,1.0,0.0,0.0
11,6,0.0,0.0,0.0,0.0,0.0,0.0,1.0,0.0,0.0
11,6,0.0,0.0,0.0,0.0,0.0,0.0,1.0,0.0,0.0
11,6,0.0,0.0,0.0,0.0,0.0,0.0,1.0,0.0,0.0
11,6,0.0,0.0,0.0,0.0,0.0,0.0,1.0,0.0,0.0
11,6,0.0,0.0,0.0,0.0,0.0,0.0,1.0,0.0,0.0
11,6,0.0,0.0,0.0,0.0,0.0,0.0,1.0,0.0,0.0
11,6,0.0,0.0,0.0,0.0,0.0,0.0,1.0,0.0,0.0
11,6,0.0,0.0,0.0,0.0,0.0,0.0,1.0,0.0,0.0
11,6,0.0,0.0,0.0,0.0,0.0,0.0,1.0,0.0,0.0
11,6,0.0,0.0,0.0,0.0,0.0,0.0,1.0,0.0,0.0
11,6,0.0,0.0,0.0,0.0,0.0,0.0,1.0,0.0,0.0
11,6,0.0,0.0,0.0,0.0,0.0,0.0,1.0,0.0,0.0
11,6,0.0,0.0,0.0,0.0,0.0,0.0,1.0,0.0,0.0
11,6,0.0,0.0,0.0,0.0,0.0,0.0,1.0,0.0,0.0
11,6,0.0,0.0,0.0,0.0,0.0,0.0,1.0,0.0,0.0
11,6,0.0,0.0,0.0,0.0,0.0,0.0,1.0,0.0,0.0
11,6,0.0,0.0,0.0,0.0,0.0,0.0,1.0,0.0,0.0
11,6,0.0,0.0,0.0,0.0,0.0,0.0,1.0,0.0,0.0
11,6,0.0,0.0,0.0,0.0,0.0,0.0,1.0,0.0,0.0
11,6,0.0,0.0,0.0,0.0,0.0,0.0,1.0,0.0,0.0
11,6,0.0,0.0,0.0,0.0,0.0,0.0,1.0,0.0,0.0
11,6,0.0,0.0,0.0,0.0,0.0,0.0,1.0,0.0,0.0
11,6,0.0,0.0,0.0,0.0,0.0,0.0,1.0,0.0,0.0
11,6,0.0,0.0,0.0,0.0,0.0,0.0,1.0,0.0,0.0
11,6,0.0,0.0,0.0,0.0,0.0,0.0,1.0,0.0,0.0
11,6,0.0,0.0,0.0,0.0,0.0,0.0,1.0,0.0,0.0
11,6,0.0,0.0,0.0,0.0,0.0,0.0,1.0,0.0,0.0
11,6,0.0,0.0,0.0,0.0,0.0,0.0,1.0,0.0,0.0
11,6,0.0,0.0,0.0,0.0,0.0,0.0,1.0,0.0,0.0
11,6,0.0,0.0,0.0,0.0,0.0,0.0,1.0,0.0,0.0
11,6,0.0,0.0,0.0,0.0,0.0,0.0,1.0,0.0,0.0
11,6,0.0,0.0,0.0,0.0,0.0,0.0,1.0,0.0,0.0
11,6,0.0,0.0,0.0,0.0,0.0,0.0,1.0,0.0,0.0
11,6,0.0,0.0,0.0,0.0,0.0,0.0,1.0,0.0,0.0
11,6,0.0,0.0,0.0,0.0,0.0,0.0,1.0,0.0,0.0
11,6,0.0,0.0,0.0,0.0,0.0,0.0,1.0,0.0,0.0
11,6,0.0,0.0,0.0,0.0,0.0,0.0,1.0,0.0,0.0
11,6,0.0,0.0,0.0,0.0,0.0,0.0,1.0,0.0,0.0
11,6,0.0,0.0,0.0,0.0,0.0,0.0,1.0,0.0,0.0
11,6,0.0,0.0,0.0,0.0,0.0,0.0,1.0,0.0,0.0
11,6,0.0,0.0,0.0,0.0,0.0,0.0,1.0,0.0,0.0
11,6,0.0,0.0,0.0,0.0,0.0,0.0,1.0,0.0,0.0
11,6,0.0,0.0,0.0,0.0,0.0,0.0,1.0,0.0,0.0
11,6,0.0,0.0,0.0,0.0,0.0,0.0,1.0,0.0,0.0
11,6,0.0,0.0,0.0,0.0,0.0,0.0,1.0,0.0,0.0
11,6,0.0,0.0,0.0,0.0,0.0,0.0,1.0,0.0,0.0
11,6,0.0,0.0,0.0,0.0,0.0,0.0,1.0,0.0,0.0
11,6,0.0,0.0,0.0,0.0,0.0,0.0,1.0,0.0,0.0
11,6,0.0,0.0,0.0,0.0,0.0,0.0,1.0,0.0,0.0
11,6,0.0,0.0,0.0,0.0,0.0,0.0,1.0,0.0,0.0
11,6,0.0,0.0,0.0,0.0,0.0,0.0,1.0,0.0,0.0
11,6,0.0,0.0,0.0,0.0,0.0,0.0,1.0,0.0,0.0
11,6,0.0,0.0,0.0,0.0,0.0,0.0,1.0,0.0,0.0
11,6,0.0,0.0,0.0,0.0,0.0,0.0,1.0,0.0,0.0
11,6,0.0,0.0,0.0,0.0,0.0,0.0,1.0,0.0,0.0
11,6,0.0,0.0,0.0,0.0,0.0,0.0,1.0,0.0,0.0
11,6,0.0,0.0,0.0,0.0,0.0,0.0,1.0,0.0,0.0
11,6,0.0,0.0,0.0,0.0,0.0,0.0,1.0,0.0,0.0
11,6,0.0,0.0,0.0,0.0,0.0,0.0,1.0,0.0,0.0
11,6,0.0,0.0,0.0,0.0,0.0,0.0,1.0,0.0,0.0
11,6,0.0,0.0,0.0,0.0,0.0,0.0,1.0,0.0,0.0
11,6,0.0,0.0,0.0,0.0,0.0,0.0,1.0,0.0,0.0
11,6,0.0,0.0,0.0,0.0,0.0,0.0,1.0,0.0,0.0
11,6,0.0,0.0,0.0,0.0,0.0,0.0,1.0,0.0,0.0
11,6,0.0,0.0,0.0,0.0,0.0,0.0,1.0,0.0,0.0
11,6,0.0,0.0,0.0,0.0,0.0,0.0,1.0,0.0,0.0
11,6,0.0,0.0,0.0,0.0,0.0,0.0,1.0,0.0,0.0
11,6,0.0,0.0,0.0,0.0,0.0,0.0,1.0,0.0,0.0
11,6,0.0,0.0,0.0,0.0,0.0,0.0,1.0,0.0,0.0
11,6,0.0,0.0,0.0,0.0,0.0,0.0,1.0,0.0,0.0
11,6,0.0,0.0,0.0,0.0,0.0,0.0,1.0,0.0,0.0
11,6,0.0,0.0,0.0,0.0,0.0,0.0,1.0,0.0,0.0
11,6,0.0,0.0,0.0,0.0,0.0,0.0,1.0,0.0,0.0
11,6,0.0,0.0,0.0,0.0,0.0,0.0,1.0,0.0,0.0
11,6,0.0,0.0,0.0,0.0,0.0,0.0,1.0,0.0,0.0
11,6,0.0,0.0,0.0,0.0,0.0,0.0,1.0,0.0,0.0
11,6,0.0,0.0,0.0,0.0,0.0,0.0,1.0,0.0,0.0
11,6,0.0,0.0,0.0,0.0,0.0,0.0,1.0,0.0,0.0
11,6,0.0,0.0,0.0,0.0,0.0,0.0,1.0,0.0,0.0
11,6,0.0,0.0,0.0,0.0,0.0,0.0,1.0,0.0,0.0
11,6,0.0,0.0,0.0,0.0,0.0,0.0,1.0,0.0,0.0
11,6,0.0,0.0,0.0,0.0,0.0,0.0,1.0,0.0,0.0
11,6,0.0,0.0,0.0,0.0,0.0,0.0,1.0,0.0,0.0
11,6,0.0,0.0,0.0,0.0,0.0,0.0,1.0,0.0,0.0
11,6,0.0,0.0,0.0,0.0,0.0,0.0,1.0,0.0,0.0
11,6,0.0,0.0,0.0,0.0,0.0,0.0,1.0,0.0,0.0
11,6,0.0,0.0,0.0,0.0,0.0,0.0,1.0,0.0,0.0
11,6,0.0,0.0,0.0,0.0,0.0,0.0,1.0,0.0,0.0
11,6,0.0,0.0,0.0,0.0,0.0,0.0,1.0,0.0,0.0
11,6,0.0,0.0,0.0,0.0,0.0,0.0,1.0,0.0,0.0
11,6,0.0,0.0,0.0,0.0,0.0,0.0,1.0,0.0,0.0
11,6,0.0,0.0,0.0,0.0,0.0,0.0,1.0,0.0,0.0
11,6,0.0,0.0,0.0,0.0,0.0,0.0,1.0,0.0,0.0
11,6,0.0,0.0,0.0,0.0,0.0,0.0,1.0,0.0,0.0
11,6,0.0,0.0,0.0,0.0,0.0,0.0,1.0,0.0,0.0
11,6,0.0,0.0,0.0,0.0,0.0,0.0,1.0,0.0,0.0
11,6,0.0,0.0,0.0,0.0,0.0,0.0,1.0,0.0,0.0
11,6,0.0,0.0,0.0,0.0,0.0,0.0,1.0,0.0,0.0
11,6,0.0,0.0,0.0,0.0,0.0,0.0,1.0,0.0,0.0
11,6,0.0,0.0,0.0,0.0,0.0,0.0,1.0,0.0,0.0
11,6,0.0,0.0,0.0,0.0,0.0,0.0,1.0,0.0,0.0
11,6,0.0,0.0,0.0,0.0,0.0,0.0,1.0,0.0,0.0
11,6,0.0,0.0,0.0,0.0,0.0,0.0,1.0,0.0,0.0
11,6,0.0,0.0,0.0,0.0,0.0,0.0,1.0,0.0,0.0
11,6,0.0,0.0,0.0,0.0,0.0,0.0,1.0,0.0,0.0
11,6,0.0,0.0,0.0,0.0,0.0,0.0,1.0,0.0,0.0
11,6,0.0,0.0,0.0,0.0,0.0,0.0,1.0,0.0,0.0
11,6,0.0,0.0,0.0,0.0,0.0,0.0,1.0,0.0,0.0
11,6,0.0,0.0,0.0,0.0,0.0,0.0,1.0,0.0,0.0
11,6,0.0,0.0,0.0,0.0,0.0,0.0,1.0,0.0,0.0
11,6,0.0,0.0,0.0,0.0,0.0,0.0,1.0,0.0,0.0
11,6,0.0,0.0,0.0,0.0,0.0,0.0,1.0,0.0,0.0
11,6,0.0,0.0,0.0,0.0,0.0,0.0,1.0,0.0,0.0
11,6,0.0,0.0,0.0,0.0,0.0,0.0,1.0,0.0,0.0
11,6,0.0,0.0,0.0,0.0,0.0,0.0,1.0,0.0,0.0
11,6,0.0,0.0,0.0,0.0,0.0,0.0,1.0,0.0,0.0
11,6,0.0,0.0,0.0,0.0,0.0,0.0,1.0,0.0,0.0
11,6,0.0,0.0,0.0,0.0,0.0,0.0,1.0,0.0,0.0
11,6,0.0,0.0,0.0,0.0,0.0,0.0,1.0,0.0,0.0
11,6,0.0,0.0,0.0,0.0,0.0,0.0,1.0,0.0,0.0
11,6,0.0,0.0,0.0,0.0,0.0,0.0,1.0,0.0,0.0
11,6,0.0,0.0,0.0,0.0,0.0,0.0,1.0,0.0,0.0
11,6,0.0,0.0,0.0,0.0,0.0,0.0,1.0,0.0,0.0
11,6,0.0,0.0,0.0,0.0,0.0,0.0,1.0,0.0,0.0
11,6,0.0,0.0,0.0,0.0,0.0,0.0,1.0,0.0,0.0
11,6,0.0,0.0,0.0,0.0,0.0,0.0,1.0,0.0,0.0
11,6,0.0,0.0,0.0,0.0,0.0,0.0,1.0,0.0,0.0
11,6,0.0,0.0,0.0,0.0,0.0,0.0,1.0,0.0,0.0
11,6,0.0,0.0,0.0,0.0,0.0,0.0,1.0,0.0,0.0
11,6,0.0,0.0,0.0,0.0,0.0,0.0,1.0,0.0,0.0
11,6,0.0,0.0,0.0,0.0,0.0,0.0,1.0,0.0,0.0
11,6,0.0,0.0,0.0,0.0,0.0,0.0,1.0,0.0,0.0
11,6,0.0,0.0,0.0,0.0,0.0,0.0,1.0,0.0,0.0
11,6,0.0,0.0,0.0,0.0,0.0,0.0,1.0,0.0,0.0
11,6,0.0,0.0,0.0,0.0,0.0,0.0,1.0,0.0,0.0
11,6,0.0,0.0,0.0,0.0,0.0,0.0,1.0,0.0,0.0
11,6,0.0,0.0,0.0,0.0,0.0,0.0,1.0,0.0,0.0
11,6,0.0,0.0,0.0,0.0,0.0,0.0,1.0,0.0,0.0
11,6,0.0,0.0,0.0,0.0,0.0,0.0,1.0,0.0,0.0
11,6,0.0,0.0,0.0,0.0,0.0,0.0,1.0,0.0,0.0
11,6,0.0,0.0,0.0,0.0,0.0,0.0,1.0,0.0,0.0
11,6,0.0,0.0,0.0,0.0,0.0,0.0,1.0,0.0,0.0
11,6,0.0,0.0,0.0,0.0,0.0,0.0,1.0,0.0,0.0
11,6,0.0,0.0,0.0,0.0,0.0,0.0,1.0,0.0,0.0
11,6,0.0,0.0,0.0,0.0,0.0,0.0,1.0,0.0,0.0
11,6,0.0,0.0,0.0,0.0,0.0,0.0,1.0,0.0,0.0
11,6,0.0,0.0,0.0,0.0,0.0,0.0,1.0,0.0,0.0
11,6,0.0,0.0,0.0,0.0,0.0,0.0,1.0,0.0,0.0
11,6,0.0,0.0,0.0,0.0,0.0,0.0,1.0,0.0,0.0
11,6,0.0,0.0,0.0,0.0,0.0,0.0,1.0,0.0,0.0
11,6,0.0,0.0,0.0,0.0,0.0,0.0,1.0,0.0,0.0
11,6,0.0,0.0,0.0,0.0,0.0,0.0,1.0,0.0,0.0
11,6,0.0,0.0,0.0,0.0,0.0,0.0,1.0,0.0,0.0
11,6,0.0,0.0,0.0,0.0,0.0,0.0,1.0,0.0,0.0
11,6,0.0,0.0,0.0,0.0,0.0,0.0,1.0,0.0,0.0
11,6,0.0,0.0,0.0,0.0,0.0,0.0,1.0,0.0,0.0
11,6,0.0,0.0,0.0,0.0,0.0,0.0,1.0,0.0,0.0
11,6,0.0,0.0,0.0,0.0,0.0,0.0,1.0,0.0,0.0
11,6,0.0,0.0,0.0,0.0,0.0,0.0,1.0,0.0,0.0
11,6,0.0,0.0,0.0,0.0,0.0,0.0,1.0,0.0,0.0
11,6,0.0,0.0,0.0,0.0,0.0,0.0,1.0,0.0,0.0
11,6,0.0,0.0,0.0,0.0,0.0,0.0,1.0,0.0,0.0
11,6,0.0,0.0,0.0,0.0,0.0,0.0,1.0,0.0,0.0
11,6,0.0,0.0,0.0,0.0,0.0,0.0,1.0,0.0,0.0
11,6,0.0,0.0,0.0,0.0,0.0,0.0,1.0,0.0,0.0
11,6,0.0,0.0,0.0,0.0,0.0,0.0,1.0,0.0,0.0
11,6,0.0,0.0,0.0,0.0,0.0,0.0,1.0,0.0,0.0
11,6,0.0,0.0,0.0,0.0,0.0,0.0,1.0,0.0,0.0
11,6,0.0,0.0,0.0,0.0,0.0,0.0,1.0,0.0,0.0
11,6,0.0,0.0,0.0,0.0,0.0,0.0,1.0,0.0,0.0
11,6,0.0,0.0,0.0,0.0,0.0,0.0,1.0,0.0,0.0
11,6,0.0,0.0,0.0,0.0,0.0,0.0,1.0,0.0,0.0
11,6,0.0,0.0,0.0,0.0,0.0,0.0,1.0,0.0,0.0
11,6,0.0,0.0,0.0,0.0,0.0,0.0,1.0,0.0,0.0
11,6,0.0,0.0,0.0,0.0,0.0,0.0,1.0,0.0,0.0
11,6,0.0,0.0,0.0,0.0,0.0,0.0,1.0,0.0,0.0
11,6,0.0,0.0,0.0,0.0,0.0,0.0,1.0,0.0,0.0
11,6,0.0,0.0,0.0,0.0,0.0,0.0,1.0,0.0,0.0
11,6,0.0,0.0,0.0,0.0,0.0,0.0,1.0,0.0,0.0
11,6,0.0,0.0,0.0,0.0,0.0,0.0,1.0,0.0,0.0
11,6,0.0,0.0,0.0,0.0,0.0,0.0,1.0,0.0,0.0
11,6,0.0,0.0,0.0,0.0,0.0,0.0,1.0,0.0,0.0
11,6,0.0,0.0,0.0,0.0,0.0,0.0,1.0,0.0,0.0
11,6,0.0,0.0,0.0,0.0,0.0,0.0,1.0,0.0,0.0
11,6,0.0,0.0,0.0,0.0,0.0,0.0,1.0,0.0,0.0
11,6,0.0,0.0,0.0,0.0,0.0,0.0,1.0,0.0,0.0
11,6,0.0,0.0,0.0,0.0,0.0,0.0,1.0,0.0,0.0
11,6,0.0,0.0,0.0,0.0,0.0,0.0,1.0,0.0,0.0
11,6,0.0,0.0,0.0,0.0,0.0,0.0,1.0,0.0,0.0
11,6,0.0,0.0,0.0,0.0,0.0,0.0,1.0,0.0,0.0
11,6,0.0,0.0,0.0,0.0,0.0,0.0,1.0,0.0,0.0
11,6,0.0,0.0,0.0,0.0,0.0,0.0,1.0,0.0,0.0
11,6,0.0,0.0,0.0,0.0,0.0,0.0,1.0,0.0,0.0
11,6,0.0,0.0,0.0,0.0,0.0,0.0,1.0,0.0,0.0
11,6,0.0,0.0,0.0,0.0,0.0,0.0,1.0,0.0,0.0
11,6,0.0,0.0,0.0,0.0,0.0,0.0,1.0,0.0,0.0
11,6,0.0,0.0,0.0,0.0,0.0,0.0,1.0,0.0,0.0
11,6,0.0,0.0,0.0,0.0,0.0,0.0,1.0,0.0,0.0
11,6,0.0,0.0,0.0,0.0,0.0,0.0,1.0,0.0,0.0
11,6,0.0,0.0,0.0,0.0,0.0,0.0,1.0,0.0,0.0
11,6,0.0,0.0,0.0,0.0,0.0,0.0,1.0,0.0,0.0
11,6,0.0,0.0,0.0,0.0,0.0,0.0,1.0,0.0,0.0
11,6,0.0,0.0,0.0,0.0,0.0,0.0,1.0,0.0,0.0
11,6,0.0,0.0,0.0,0.0,0.0,0.0,1.0,0.0,0.0
11,6,0.0,0.0,0.0,0.0,0.0,0.0,1.0,0.0,0.0
11,6,0.0,0.0,0.0,0.0,0.0,0.0,1.0,0.0,0.0
11,6,0.0,0.0,0.0,0.0,0.0,0.0,1.0,0.0,0.0
11,6,0.0,0.0,0.0,0.0,0.0,0.0,1.0,0.0,0.0
11,6,0.0,0.0,0.0,0.0,0.0,0.0,1.0,0.0,0.0
11,6,0.0,0.0,0.0,0.0,0.0,0.0,1.0,0.0,0.0
11,6,0.0,0.0,0.0,0.0,0.0,0.0,1.0,0.0,0.0
11,6,0.0,0.0,0.0,0.0,0.0,0.0,1.0,0.0,0.0
11,6,0.0,0.0,0.0,0.0,0.0,0.0,1.0,0.0,0.0
11,6,0.0,0.0,0.0,0.0,0.0,0.0,1.0,0.0,0.0
11,6,0.0,0.0,0.0,0.0,0.0,0.0,1.0,0.0,0.0
11,6,0.0,0.0,0.0,0.0,0.0,0.0,1.0,0.0,0.0
11,6,0.0,0.0,0.0,0.0,0.0,0.0,1.0,0.0,0.0
11,6,0.0,0.0,0.0,0.0,0.0,0.0,1.0,0.0,0.0
11,6,0.0,0.0,0.0,0.0,0.0,0.0,1.0,0.0,0.0
11,6,0.0,0.0,0.0,0.0,0.0,0.0,1.0,0.0,0.0
11,6,0.0,0.0,0.0,0.0,0.0,0.0,1.0,0.0,0.0
11,6,0.0,0.0,0.0,0.0,0.0,0.0,1.0,0.0,0.0
11,6,0.0,0.0,0.0,0.0,0.0,0.0,1.0,0.0,0.0
11,6,0.0,0.0,0.0,0.0,0.0,0.0,1.0,0.0,0.0
11,6,0.0,0.0,0.0,0.0,0.0,0.0,1.0,0.0,0.0
11,6,0.0,0.0,0.0,0.0,0.0,0.0,1.0,0.0,0.0
11,6,0.0,0.0,0.0,0.0,0.0,0.0,1.0,0.0,0.0
11,6,0.0,0.0,0.0,0.0,0.0,0.0,1.0,0.0,0.0
11,6,0.0,0.0,0.0,0.0,0.0,0.0,1.0,0.0,0.0
11,6,0.0,0.0,0.0,0.0,0.0,0.0,1.0,0.0,0.0
11,6,0.0,0.0,0.0,0.0,0.0,0.0,1.0,0.0,0.0
11,6,0.0,0.0,0.0,0.0,0.0,0.0,1.0,0.0,0.0
11,6,0.0,0.0,0.0,0.0,0.0,0.0,1.0,0.0,0.0
11,6,0.0,0.0,0.0,0.0,0.0,0.0,1.0,0.0,0.0
11,6,0.0,0.0,0.0,0.0,0.0,0.0,1.0,0.0,0.0
11,6,0.0,0.0,0.0,0.0,0.0,0.0,1.0,0.0,0.0
11,6,0.0,0.0,0.0,0.0,0.0,0.0,1.0,0.0,0.0
11,6,0.0,0.0,0.0,0.0,0.0,0.0,1.0,0.0,0.0
11,6,0.0,0.0,0.0,0.0,0.0,0.0,1.0,0.0,0.0
11,6,0.0,0.0,0.0,0.0,0.0,0.0,1.0,0.0,0.0
11,6,0.0,0.0,0.0,0.0,0.0,0.0,1.0,0.0,0.0
11,6,0.0,0.0,0.0,0.0,0.0,0.0,1.0,0.0,0.0
11,6,0.0,0.0,0.0,0.0,0.0,0.0,1.0,0.0,0.0
11,6,0.0,0.0,0.0,0.0,0.0,0.0,1.0,0.0,0.0
11,6,0.0,0.0,0.0,0.0,0.0,0.0,1.0,0.0,0.0
11,6,0.0,0.0,0.0,0.0,0.0,0.0,1.0,0.0,0.0
11,6,0.0,0.0,0.0,0.0,0.0,0.0,1.0,0.0,0.0
11,6,0.0,0.0,0.0,0.0,0.0,0.0,1.0,0.0,0.0
11,6,0.0,0.0,0.0,0.0,0.0,0.0,1.0,0.0,0.0
11,6,0.0,0.0,0.0,0.0,0.0,0.0,1.0,0.0,0.0
11,6,0.0,0.0,0.0,0.0,0.0,0.0,1.0,0.0,0.0
11,6,0.0,0.0,0.0,0.0,0.0,0.0,1.0,0.0,0.0
11,6,0.0,0.0,0.0,0.0,0.0,0.0,1.0,0.0,0.0
11,6,0.0,0.0,0.0,0.0,0.0,0.0,1.0,0.0,0.0
11,6,0.0,0.0,0.0,0.0,0.0,0.0,1.0,0.0,0.0
11,6,0.0,0.0,0.0,0.0,0.0,0.0,1.0,0.0,0.0
11,6,0.0,0.0,0.0,0.0,0.0,0.0,1.0,0.0,0.0
11,6,0.0,0.0,0.0,0.0,0.0,0.0,1.0,0.0,0.0
11,6,0.0,0.0,0.0,0.0,0.0,0.0,1.0,0.0,0.0
11,6,0.0,0.0,0.0,0.0,0.0,0.0,1.0,0.0,0.0
11,6,0.0,0.0,0.0,0.0,0.0,0.0,1.0,0.0,0.0
11,6,0.0,0.0,0.0,0.0,0.0,0.0,1.0,0.0,0.0
11,6,0.0,0.0,0.0,0.0,0.0,0.0,1.0,0.0,0.0
11,6,0.0,0.0,0.0,0.0,0.0,0.0,1.0,0.0,0.0
11,6,0.0,0.0,0.0,0.0,0.0,0.0,1.0,0.0,0.0
11,6,0.0,0.0,0.0,0.0,0.0,0.0,1.0,0.0,0.0
11,6,0.0,0.0,0.0,0.0,0.0,0.0,1.0,0.0,0.0
11,6,0.0,0.0,0.0,0.0,0.0,0.0,1.0,0.0,0.0
11,6,0.0,0.0,0.0,0.0,0.0,0.0,1.0,0.0,0.0
11,6,0.0,0.0,0.0,0.0,0.0,0.0,1.0,0.0,0.0
11,6,0.0,0.0,0.0,0.0,0.0,0.0,1.0,0.0,0.0
11,6,0.0,0.0,0.0,0.0,0.0,0.0,1.0,0.0,0.0
11,6,0.0,0.0,0.0,0.0,0.0,0.0,1.0,0.0,0.0
11,6,0.0,0.0,0.0,0.0,0.0,0.0,1.0,0.0,0.0
11,6,0.0,0.0,0.0,0.0,0.0,0.0,1.0,0.0,0.0
11,6,0.0,0.0,0.0,0.0,0.0,0.0,1.0,0.0,0.0
11,6,0.0,0.0,0.0,0.0,0.0,0.0,1.0,0.0,0.0
11,6,0.0,0.0,0.0,0.0,0.0,0.0,1.0,0.0,0.0
11,6,0.0,0.0,0.0,0.0,0.0,0.0,1.0,0.0,0.0
11,6,0.0,0.0,0.0,0.0,0.0,0.0,1.0,0.0,0.0
11,6,0.0,0.0,0.0,0.0,0.0,0.0,1.0,0.0,0.0
11,6,0.0,0.0,0.0,0.0,0.0,0.0,1.0,0.0,0.0
11,6,0.0,0.0,0.0,0.0,0.0,0.0,1.0,0.0,0.0
11,6,0.0,0.0,0.0,0.0,0.0,0.0,1.0,0.0,0.0
11,6,0.0,0.0,0.0,0.0,0.0,0.0,1.0,0.0,0.0
11,6,0.0,0.0,0.0,0.0,0.0,0.0,1.0,0.0,0.0
11,6,0.0,0.0,0.0,0.0,0.0,0.0,1.0,0.0,0.0
11,6,0.0,0.0,0.0,0.0,0.0,0.0,1.0,0.0,0.0
11,6,0.0,0.0,0.0,0.0,0.0,0.0,1.0,0.0,0.0
11,6,0.0,0.0,0.0,0.0,0.0,0.0,1.0,0.0,0.0
11,6,0.0,0.0,0.0,0.0,0.0,0.0,1.0,0.0,0.0
11,6,0.0,0.0,0.0,0.0,0.0,0.0,1.0,0.0,0.0
11,6,0.0,0.0,0.0,0.0,0.0,0.0,1.0,0.0,0.0
11,6,0.0,0.0,0.0,0.0,0.0,0.0,1.0,0.0,0.0
11,6,0.0,0.0,0.0,0.0,0.0,0.0,1.0,0.0,0.0
11,6,0.0,0.0,0.0,0.0,0.0,0.0,1.0,0.0,0.0
11,6,0.0,0.0,0.0,0.0,0.0,0.0,1.0,0.0,0.0
11,6,0.0,0.0,0.0,0.0,0.0,0.0,1.0,0.0,0.0
11,6,0.0,0.0,0.0,0.0,0.0,0.0,1.0,0.0,0.0
11,6,0.0,0.0,0.0,0.0,0.0,0.0,1.0,0.0,0.0
11,6,0.0,0.0,0.0,0.0,0.0,0.0,1.0,0.0,0.0
11,6,0.0,0.0,0.0,0.0,0.0,0.0,1.0,0.0,0.0
11,6,0.0,0.0,0.0,0.0,0.0,0.0,1.0,0.0,0.0
11,6,0.0,0.0,0.0,0.0,0.0,0.0,1.0,0.0,0.0
11,6,0.0,0.0,0.0,0.0,0.0,0.0,1.0,0.0,0.0
11,6,0.0,0.0,0.0,0.0,0.0,0.0,1.0,0.0,0.0
11,6,0.0,0.0,0.0,0.0,0.0,0.0,1.0,0.0,0.0
11,6,0.0,0.0,0.0,0.0,0.0,0.0,1.0,0.0,0.0
11,6,0.0,0.0,0.0,0.0,0.0,0.0,1.0,0.0,0.0
11,6,0.0,0.0,0.0,0.0,0.0,0.0,1.0,0.0,0.0
11,6,0.0,0.0,0.0,0.0,0.0,0.0,1.0,0.0,0.0
11,6,0.0,0.0,0.0,0.0,0.0,0.0,1.0,0.0,0.0
11,6,0.0,0.0,0.0,0.0,0.0,0.0,1.0,0.0,0.0
11,6,0.0,0.0,0.0,0.0,0.0,0.0,1.0,0.0,0.0
11,6,0.0,0.0,0.0,0.0,0.0,0.0,1.0,0.0,0.0
11,6,0.0,0.0,0.0,0.0,0.0,0.0,1.0,0.0,0.0
11,6,0.0,0.0,0.0,0.0,0.0,0.0,1.0,0.0,0.0
11,6,0.0,0.0,0.0,0.0,0.0,0.0,1.0,0.0,0.0
11,6,0.0,0.0,0.0,0.0,0.0,0.0,1.0,0.0,0.0
11,6,0.0,0.0,0.0,0.0,0.0,0.0,1.0,0.0,0.0
11,6,0.0,0.0,0.0,0.0,0.0,0.0,1.0,0.0,0.0
11,6,0.0,0.0,0.0,0.0,0.0,0.0,1.0,0.0,0.0
11,6,0.0,0.0,0.0,0.0,0.0,0.0,1.0,0.0,0.0
11,6,0.0,0.0,0.0,0.0,0.0,0.0,1.0,0.0,0.0
11,6,0.0,0.0,0.0,0.0,0.0,0.0,1.0,0.0,0.0
11,6,0.0,0.0,0.0,0.0,0.0,0.0,1.0,0.0,0.0
11,6,0.0,0.0,0.0,0.0,0.0,0.0,1.0,0.0,0.0
11,6,0.0,0.0,0.0,0.0,0.0,0.0,1.0,0.0,0.0
11,6,0.0,0.0,0.0,0.0,0.0,0.0,1.0,0.0,0.0
11,6,0.0,0.0,0.0,0.0,0.0,0.0,1.0,0.0,0.0
11,6,0.0,0.0,0.0,0.0,0.0,0.0,1.0,0.0,0.0
11,6,0.0,0.0,0.0,0.0,0.0,0.0,1.0,0.0,0.0
11,6,0.0,0.0,0.0,0.0,0.0,0.0,1.0,0.0,0.0
11,6,0.0,0.0,0.0,0.0,0.0,0.0,1.0,0.0,0.0
11,6,0.0,0.0,0.0,0.0,0.0,0.0,1.0,0.0,0.0
11,6,0.0,0.0,0.0,0.0,0.0,0.0,1.0,0.0,0.0
11,6,0.0,0.0,0.0,0.0,0.0,0.0,1.0,0.0,0.0
11,6,0.0,0.0,0.0,0.0,0.0,0.0,1.0,0.0,0.0
11,6,0.0,0.0,0.0,0.0,0.0,0.0,1.0,0.0,0.0
11,6,0.0,0.0,0.0,0.0,0.0,0.0,1.0,0.0,0.0
11,6,0.0,0.0,0.0,0.0,0.0,0.0,1.0,0.0,0.0
11,6,0.0,0.0,0.0,0.0,0.0,0.0,1.0,0.0,0.0
11,6,0.0,0.0,0.0,0.0,0.0,0.0,1.0,0.0,0.0
11,6,0.0,0.0,0.0,0.0,0.0,0.0,1.0,0.0,0.0
11,6,0.0,0.0,0.0,0.0,0.0,0.0,1.0,0.0,0.0
11,6,0.0,0.0,0.0,0.0,0.0,0.0,1.0,0.0,0.0
11,6,0.0,0.0,0.0,0.0,0.0,0.0,1.0,0.0,0.0
11,6,0.0,0.0,0.0,0.0,0.0,0.0,1.0,0.0,0.0
11,6,0.0,0.0,0.0,0.0,0.0,0.0,1.0,0.0,0.0
11,6,0.0,0.0,0.0,0.0,0.0,0.0,1.0,0.0,0.0
11,6,0.0,0.0,0.0,0.0,0.0,0.0,1.0,0.0,0.0
11,6,0.0,0.0,0.0,0.0,0.0,0.0,1.0,0.0,0.0
11,6,0.0,0.0,0.0,0.0,0.0,0.0,1.0,0.0,0.0
11,6,0.0,0.0,0.0,0.0,0.0,0.0,1.0,0.0,0.0
11,6,0.0,0.0,0.0,0.0,0.0,0.0,1.0,0.0,0.0
11,6,0.0,0.0,0.0,0.0,0.0,0.0,1.0,0.0,0.0
11,6,0.0,0.0,0.0,0.0,0.0,0.0,1.0,0.0,0.0
11,6,0.0,0.0,0.0,0.0,0.0,0.0,1.0,0.0,0.0
11,6,0.0,0.0,0.0,0.0,0.0,0.0,1.0,0.0,0.0
11,6,0.0,0.0,0.0,0.0,0.0,0.0,1.0,0.0,0.0
11,6,0.0,0.0,0.0,0.0,0.0,0.0,1.0,0.0,0.0
11,6,0.0,0.0,0.0,0.0,0.0,0.0,1.0,0.0,0.0
11,6,0.0,0.0,0.0,0.0,0.0,0.0,1.0,0.0,0.0
11,6,0.0,0.0,0.0,0.0,0.0,0.0,1.0,0.0,0.0
11,6,0.0,0.0,0.0,0.0,0.0,0.0,1.0,0.0,0.0
11,6,0.0,0.0,0.0,0.0,0.0,0.0,1.0,0.0,0.0
11,6,0.0,0.0,0.0,0.0,0.0,0.0,1.0,0.0,0.0
11,6,0.0,0.0,0.0,0.0,0.0,0.0,1.0,0.0,0.0
11,6,0.0,0.0,0.0,0.0,0.0,0.0,1.0,0.0,0.0
11,6,0.0,0.0,0.0,0.0,0.0,0.0,1.0,0.0,0.0
11,6,0.0,0.0,0.0,0.0,0.0,0.0,1.0,0.0,0.0
11,6,0.0,0.0,0.0,0.0,0.0,0.0,1.0,0.0,0.0
11,6,0.0,0.0,0.0,0.0,0.0,0.0,1.0,0.0,0.0
11,6,0.0,0.0,0.0,0.0,0.0,0.0,1.0,0.0,0.0
11,6,0.0,0.0,0.0,0.0,0.0,0.0,1.0,0.0,0.0
11,6,0.0,0.0,0.0,0.0,0.0,0.0,1.0,0.0,0.0
11,6,0.0,0.0,0.0,0.0,0.0,0.0,1.0,0.0,0.0
11,6,0.0,0.0,0.0,0.0,0.0,0.0,1.0,0.0,0.0
11,6,0.0,0.0,0.0,0.0,0.0,0.0,1.0,0.0,0.0
11,6,0.0,0.0,0.0,0.0,0.0,0.0,1.0,0.0,0.0
11,6,0.0,0.0,0.0,0.0,0.0,0.0,1.0,0.0,0.0
11,6,0.0,0.0,0.0,0.0,0.0,0.0,1.0,0.0,0.0
11,6,0.0,0.0,0.0,0.0,0.0,0.0,1.0,0.0,0.0
11,6,0.0,0.0,0.0,0.0,0.0,0.0,1.0,0.0,0.0
11,6,0.0,0.0,0.0,0.0,0.0,0.0,1.0,0.0,0.0
11,6,0.0,0.0,0.0,0.0,0.0,0.0,1.0,0.0,0.0
11,6,0.0,0.0,0.0,0.0,0.0,0.0,1.0,0.0,0.0
11,6,0.0,0.0,0.0,0.0,0.0,0.0,1.0,0.0,0.0
11,6,0.0,0.0,0.0,0.0,0.0,0.0,1.0,0.0,0.0
11,6,0.0,0.0,0.0,0.0,0.0,0.0,1.0,0.0,0.0
11,6,0.0,0.0,0.0,0.0,0.0,0.0,1.0,0.0,0.0
11,6,0.0,0.0,0.0,0.0,0.0,0.0,1.0,0.0,0.0
11,6,0.0,0.0,0.0,0.0,0.0,0.0,1.0,0.0,0.0
11,6,0.0,0.0,0.0,0.0,0.0,0.0,1.0,0.0,0.0
11,6,0.0,0.0,0.0,0.0,0.0,0.0,1.0,0.0,0.0
11,6,0.0,0.0,0.0,0.0,0.0,0.0,1.0,0.0,0.0
11,6,0.0,0.0,0.0,0.0,0.0,0.0,1.0,0.0,0.0
11,6,0.0,0.0,0.0,0.0,0.0,0.0,1.0,0.0,0.0
11,6,0.0,0.0,0.0,0.0,0.0,0.0,1.0,0.0,0.0
11,6,0.0,0.0,0.0,0.0,0.0,0.0,1.0,0.0,0.0
11,6,0.0,0.0,0.0,0.0,0.0,0.0,1.0,0.0,0.0
11,6,0.0,0.0,0.0,0.0,0.0,0.0,1.0,0.0,0.0
11,6,0.0,0.0,0.0,0.0,0.0,0.0,1.0,0.0,0.0
11,6,0.0,0.0,0.0,0.0,0.0,0.0,1.0,0.0,0.0
11,6,0.0,0.0,0.0,0.0,0.0,0.0,1.0,0.0,0.0
11,6,0.0,0.0,0.0,0.0,0.0,0.0,1.0,0.0,0.0
11,6,0.0,0.0,0.0,0.0,0.0,0.0,1.0,0.0,0.0
11,6,0.0,0.0,0.0,0.0,0.0,0.0,1.0,0.0,0.0
11,6,0.0,0.0,0.0,0.0,0.0,0.0,1.0,0.0,0.0
11,6,0.0,0.0,0.0,0.0,0.0,0.0,1.0,0.0,0.0
11,6,0.0,0.0,0.0,0.0,0.0,0.0,1.0,0.0,0.0
11,6,0.0,0.0,0.0,0.0,0.0,0.0,1.0,0.0,0.0
11,6,0.0,0.0,0.0,0.0,0.0,0.0,1.0,0.0,0.0
11,6,0.0,0.0,0.0,0.0,0.0,0.0,1.0,0.0,0.0
11,6,0.0,0.0,0.0,0.0,0.0,0.0,1.0,0.0,0.0
11,6,0.0,0.0,0.0,0.0,0.0,0.0,1.0,0.0,0.0
11,6,0.0,0.0,0.0,0.0,0.0,0.0,1.0,0.0,0.0
11,6,0.0,0.0,0.0,0.0,0.0,0.0,1.0,0.0,0.0
11,6,0.0,0.0,0.0,0.0,0.0,0.0,1.0,0.0,0.0
11,6,0.0,0.0,0.0,0.0,0.0,0.0,1.0,0.0,0.0
11,6,0.0,0.0,0.0,0.0,0.0,0.0,1.0,0.0,0.0
11,6,0.0,0.0,0.0,0.0,0.0,0.0,1.0,0.0,0.0
11,6,0.0,0.0,0.0,0.0,0.0,0.0,1.0,0.0,0.0
11,6,0.0,0.0,0.0,0.0,0.0,0.0,1.0,0.0,0.0
11,6,0.0,0.0,0.0,0.0,0.0,0.0,1.0,0.0,0.0
11,6,0.0,0.0,0.0,0.0,0.0,0.0,1.0,0.0,0.0
11,6,0.0,0.0,0.0,0.0,0.0,0.0,1.0,0.0,0.0
11,6,0.0,0.0,0.0,0.0,0.0,0.0,1.0,0.0,0.0
11,6,0.0,0.0,0.0,0.0,0.0,0.0,1.0,0.0,0.0
11,6,0.0,0.0,0.0,0.0,0.0,0.0,1.0,0.0,0.0
11,6,0.0,0.0,0.0,0.0,0.0,0.0,1.0,0.0,0.0
11,6,0.0,0.0,0.0,0.0,0.0,0.0,1.0,0.0,0.0
11,6,0.0,0.0,0.0,0.0,0.0,0.0,1.0,0.0,0.0
11,6,0.0,0.0,0.0,0.0,0.0,0.0,1.0,0.0,0.0
11,6,0.0,0.0,0.0,0.0,0.0,0.0,1.0,0.0,0.0
11,6,0.0,0.0,0.0,0.0,0.0,0.0,1.0,0.0,0.0
11,6,0.0,0.0,0.0,0.0,0.0,0.0,1.0,0.0,0.0
11,6,0.0,0.0,0.0,0.0,0.0,0.0,1.0,0.0,0.0
11,6,0.0,0.0,0.0,0.0,0.0,0.0,1.0,0.0,0.0
11,6,0.0,0.0,0.0,0.0,0.0,0.0,1.0,0.0,0.0
11,6,0.0,0.0,0.0,0.0,0.0,0.0,1.0,0.0,0.0
11,6,0.0,0.0,0.0,0.0,0.0,0.0,1.0,0.0,0.0
11,6,0.0,0.0,0.0,0.0,0.0,0.0,1.0,0.0,0.0
11,6,0.0,0.0,0.0,0.0,0.0,0.0,1.0,0.0,0.0
11,6,0.0,0.0,0.0,0.0,0.0,0.0,1.0,0.0,0.0
11,6,0.0,0.0,0.0,0.0,0.0,0.0,1.0,0.0,0.0
11,6,0.0,0.0,0.0,0.0,0.0,0.0,1.0,0.0,0.0
11,6,0.0,0.0,0.0,0.0,0.0,0.0,1.0,0.0,0.0
11,6,0.0,0.0,0.0,0.0,0.0,0.0,1.0,0.0,0.0
11,6,0.0,0.0,0.0,0.0,0.0,0.0,1.0,0.0,0.0
11,6,0.0,0.0,0.0,0.0,0.0,0.0,1.0,0.0,0.0
11,6,0.0,0.0,0.0,0.0,0.0,0.0,1.0,0.0,0.0
11,6,0.0,0.0,0.0,0.0,0.0,0.0,1.0,0.0,0.0
11,6,0.0,0.0,0.0,0.0,0.0,0.0,1.0,0.0,0.0
11,6,0.0,0.0,0.0,0.0,0.0,0.0,1.0,0.0,0.0
11,6,0.0,0.0,0.0,0.0,0.0,0.0,1.0,0.0,0.0
11,6,0.0,0.0,0.0,0.0,0.0,0.0,1.0,0.0,0.0
11,6,0.0,0.0,0.0,0.0,0.0,0.0,1.0,0.0,0.0
11,6,0.0,0.0,0.0,0.0,0.0,0.0,1.0,0.0,0.0
11,6,0.0,0.0,0.0,0.0,0.0,0.0,1.0,0.0,0.0
11,6,0.0,0.0,0.0,0.0,0.0,0.0,1.0,0.0,0.0
11,6,0.0,0.0,0.0,0.0,0.0,0.0,1.0,0.0,0.0
11,6,0.0,0.0,0.0,0.0,0.0,0.0,1.0,0.0,0.0
11,6,0.0,0.0,0.0,0.0,0.0,0.0,1.0,0.0,0.0
11,6,0.0,0.0,0.0,0.0,0.0,0.0,1.0,0.0,0.0
11,6,0.0,0.0,0.0,0.0,0.0,0.0,1.0,0.0,0.0
11,6,0.0,0.0,0.0,0.0,0.0,0.0,1.0,0.0,0.0
11,6,0.0,0.0,0.0,0.0,0.0,0.0,1.0,0.0,0.0
11,6,0.0,0.0,0.0,0.0,0.0,0.0,1.0,0.0,0.0
11,6,0.0,0.0,0.0,0.0,0.0,0.0,1.0,0.0,0.0
11,6,0.0,0.0,0.0,0.0,0.0,0.0,1.0,0.0,0.0
11,6,0.0,0.0,0.0,0.0,0.0,0.0,1.0,0.0,0.0
11,6,0.0,0.0,0.0,0.0,0.0,0.0,1.0,0.0,0.0
11,6,0.0,0.0,0.0,0.0,0.0,0.0,1.0,0.0,0.0
11,6,0.0,0.0,0.0,0.0,0.0,0.0,1.0,0.0,0.0
11,6,0.0,0.0,0.0,0.0,0.0,0.0,1.0,0.0,0.0
11,6,0.0,0.0,0.0,0.0,0.0,0.0,1.0,0.0,0.0
11,6,0.0,0.0,0.0,0.0,0.0,0.0,1.0,0.0,0.0
11,6,0.0,0.0,0.0,0.0,0.0,0.0,1.0,0.0,0.0
11,6,0.0,0.0,0.0,0.0,0.0,0.0,1.0,0.0,0.0
11,6,0.0,0.0,0.0,0.0,0.0,0.0,1.0,0.0,0.0
11,6,0.0,0.0,0.0,0.0,0.0,0.0,1.0,0.0,0.0
11,6,0.0,0.0,0.0,0.0,0.0,0.0,1.0,0.0,0.0
11,6,0.0,0.0,0.0,0.0,0.0,0.0,1.0,0.0,0.0
11,6,0.0,0.0,0.0,0.0,0.0,0.0,1.0,0.0,0.0
11,6,0.0,0.0,0.0,0.0,0.0,0.0,1.0,0.0,0.0
11,6,0.0,0.0,0.0,0.0,0.0,0.0,1.0,0.0,0.0
11,6,0.0,0.0,0.0,0.0,0.0,0.0,1.0,0.0,0.0
11,6,0.0,0.0,0.0,0.0,0.0,0.0,1.0,0.0,0.0
11,6,0.0,0.0,0.0,0.0,0.0,0.0,1.0,0.0,0.0
11,6,0.0,0.0,0.0,0.0,0.0,0.0,1.0,0.0,0.0
11,6,0.0,0.0,0.0,0.0,0.0,0.0,1.0,0.0,0.0
11,6,0.0,0.0,0.0,0.0,0.0,0.0,1.0,0.0,0.0
11,6,0.0,0.0,0.0,0.0,0.0,0.0,1.0,0.0,0.0
11,6,0.0,0.0,0.0,0.0,0.0,0.0,1.0,0.0,0.0
11,6,0.0,0.0,0.0,0.0,0.0,0.0,1.0,0.0,0.0
11,6,0.0,0.0,0.0,0.0,0.0,0.0,1.0,0.0,0.0
11,6,0.0,0.0,0.0,0.0,0.0,0.0,1.0,0.0,0.0
11,6,0.0,0.0,0.0,0.0,0.0,0.0,1.0,0.0,0.0
11,6,0.0,0.0,0.0,0.0,0.0,0.0,1.0,0.0,0.0
11,6,0.0,0.0,0.0,0.0,0.0,0.0,1.0,0.0,0.0
11,6,0.0,0.0,0.0,0.0,0.0,0.0,1.0,0.0,0.0
11,6,0.0,0.0,0.0,0.0,0.0,0.0,1.0,0.0,0.0
11,6,0.0,0.0,0.0,0.0,0.0,0.0,1.0,0.0,0.0
11,6,0.0,0.0,0.0,0.0,0.0,0.0,1.0,0.0,0.0
11,6,0.0,0.0,0.0,0.0,0.0,0.0,1.0,0.0,0.0
11,6,0.0,0.0,0.0,0.0,0.0,0.0,1.0,0.0,0.0
11,6,0.0,0.0,0.0,0.0,0.0,0.0,1.0,0.0,0.0
11,6,0.0,0.0,0.0,0.0,0.0,0.0,1.0,0.0,0.0
11,6,0.0,0.0,0.0,0.0,0.0,0.0,1.0,0.0,0.0
11,6,0.0,0.0,0.0,0.0,0.0,0.0,1.0,0.0,0.0
11,6,0.0,0.0,0.0,0.0,0.0,0.0,1.0,0.0,0.0
11,6,0.0,0.0,0.0,0.0,0.0,0.0,1.0,0.0,0.0
11,6,0.0,0.0,0.0,0.0,0.0,0.0,1.0,0.0,0.0
11,6,0.0,0.0,0.0,0.0,0.0,0.0,1.0,0.0,0.0
11,6,0.0,0.0,0.0,0.0,0.0,0.0,1.0,0.0,0.0
11,6,0.0,0.0,0.0,0.0,0.0,0.0,1.0,0.0,0.0
11,6,0.0,0.0,0.0,0.0,0.0,0.0,1.0,0.0,0.0
11,6,0.0,0.0,0.0,0.0,0.0,0.0,1.0,0.0,0.0
11,6,0.0,0.0,0.0,0.0,0.0,0.0,1.0,0.0,0.0
11,6,0.0,0.0,0.0,0.0,0.0,0.0,1.0,0.0,0.0
11,6,0.0,0.0,0.0,0.0,0.0,0.0,1.0,0.0,0.0
11,6,0.0,0.0,0.0,0.0,0.0,0.0,1.0,0.0,0.0
11,6,0.0,0.0,0.0,0.0,0.0,0.0,1.0,0.0,0.0
11,6,0.0,0.0,0.0,0.0,0.0,0.0,1.0,0.0,0.0
11,6,0.0,0.0,0.0,0.0,0.0,0.0,1.0,0.0,0.0
11,6,0.0,0.0,0.0,0.0,0.0,0.0,1.0,0.0,0.0
11,6,0.0,0.0,0.0,0.0,0.0,0.0,1.0,0.0,0.0
11,6,0.0,0.0,0.0,0.0,0.0,0.0,1.0,0.0,0.0
11,6,0.0,0.0,0.0,0.0,0.0,0.0,1.0,0.0,0.0
11,6,0.0,0.0,0.0,0.0,0.0,0.0,1.0,0.0,0.0
11,6,0.0,0.0,0.0,0.0,0.0,0.0,1.0,0.0,0.0
11,6,0.0,0.0,0.0,0.0,0.0,0.0,1.0,0.0,0.0
11,6,0.0,0.0,0.0,0.0,0.0,0.0,1.0,0.0,0.0
11,6,0.0,0.0,0.0,0.0,0.0,0.0,1.0,0.0,0.0
11,6,0.0,0.0,0.0,0.0,0.0,0.0,1.0,0.0,0.0
11,6,0.0,0.0,0.0,0.0,0.0,0.0,1.0,0.0,0.0
11,6,0.0,0.0,0.0,0.0,0.0,0.0,1.0,0.0,0.0
11,6,0.0,0.0,0.0,0.0,0.0,0.0,1.0,0.0,0.0
11,6,0.0,0.0,0.0,0.0,0.0,0.0,1.0,0.0,0.0
11,6,0.0,0.0,0.0,0.0,0.0,0.0,1.0,0.0,0.0
11,6,0.0,0.0,0.0,0.0,0.0,0.0,1.0,0.0,0.0
11,6,0.0,0.0,0.0,0.0,0.0,0.0,1.0,0.0,0.0
11,6,0.0,0.0,0.0,0.0,0.0,0.0,1.0,0.0,0.0
11,6,0.0,0.0,0.0,0.0,0.0,0.0,1.0,0.0,0.0
11,6,0.0,0.0,0.0,0.0,0.0,0.0,1.0,0.0,0.0
11,6,0.0,0.0,0.0,0.0,0.0,0.0,1.0,0.0,0.0
11,6,0.0,0.0,0.0,0.0,0.0,0.0,1.0,0.0,0.0
11,6,0.0,0.0,0.0,0.0,0.0,0.0,1.0,0.0,0.0
11,6,0.0,0.0,0.0,0.0,0.0,0.0,1.0,0.0,0.0
11,6,0.0,0.0,0.0,0.0,0.0,0.0,1.0,0.0,0.0
11,6,0.0,0.0,0.0,0.0,0.0,0.0,1.0,0.0,0.0
11,6,0.0,0.0,0.0,0.0,0.0,0.0,1.0,0.0,0.0
11,6,0.0,0.0,0.0,0.0,0.0,0.0,1.0,0.0,0.0
11,6,0.0,0.0,0.0,0.0,0.0,0.0,1.0,0.0,0.0
11,6,0.0,0.0,0.0,0.0,0.0,0.0,1.0,0.0,0.0
11,6,0.0,0.0,0.0,0.0,0.0,0.0,1.0,0.0,0.0
11,6,0.0,0.0,0.0,0.0,0.0,0.0,1.0,0.0,0.0
11,6,0.0,0.0,0.0,0.0,0.0,0.0,1.0,0.0,0.0
11,6,0.0,0.0,0.0,0.0,0.0,0.0,1.0,0.0,0.0
11,6,0.0,0.0,0.0,0.0,0.0,0.0,1.0,0.0,0.0
11,6,0.0,0.0,0.0,0.0,0.0,0.0,1.0,0.0,0.0
11,6,0.0,0.0,0.0,0.0,0.0,0.0,1.0,0.0,0.0
11,6,0.0,0.0,0.0,0.0,0.0,0.0,1.0,0.0,0.0
11,6,0.0,0.0,0.0,0.0,0.0,0.0,1.0,0.0,0.0
11,6,0.0,0.0,0.0,0.0,0.0,0.0,1.0,0.0,0.0
11,6,0.0,0.0,0.0,0.0,0.0,0.0,1.0,0.0,0.0
11,6,0.0,0.0,0.0,0.0,0.0,0.0,1.0,0.0,0.0
11,6,0.0,0.0,0.0,0.0,0.0,0.0,1.0,0.0,0.0
11,6,0.0,0.0,0.0,0.0,0.0,0.0,1.0,0.0,0.0
11,6,0.0,0.0,0.0,0.0,0.0,0.0,1.0,0.0,0.0
11,6,0.0,0.0,0.0,0.0,0.0,0.0,1.0,0.0,0.0
11,6,0.0,0.0,0.0,0.0,0.0,0.0,1.0,0.0,0.0
11,6,0.0,0.0,0.0,0.0,0.0,0.0,1.0,0.0,0.0
11,6,0.0,0.0,0.0,0.0,0.0,0.0,1.0,0.0,0.0
11,6,0.0,0.0,0.0,0.0,0.0,0.0,1.0,0.0,0.0
11,6,0.0,0.0,0.0,0.0,0.0,0.0,1.0,0.0,0.0
11,6,0.0,0.0,0.0,0.0,0.0,0.0,1.0,0.0,0.0
11,6,0.0,0.0,0.0,0.0,0.0,0.0,1.0,0.0,0.0
11,6,0.0,0.0,0.0,0.0,0.0,0.0,1.0,0.0,0.0
11,6,0.0,0.0,0.0,0.0,0.0,0.0,1.0,0.0,0.0
11,6,0.0,0.0,0.0,0.0,0.0,0.0,1.0,0.0,0.0
11,6,0.0,0.0,0.0,0.0,0.0,0.0,1.0,0.0,0.0
11,6,0.0,0.0,0.0,0.0,0.0,0.0,1.0,0.0,0.0
11,6,0.0,0.0,0.0,0.0,0.0,0.0,1.0,0.0,0.0
11,6,0.0,0.0,0.0,0.0,0.0,0.0,1.0,0.0,0.0
11,6,0.0,0.0,0.0,0.0,0.0,0.0,1.0,0.0,0.0
11,6,0.0,0.0,0.0,0.0,0.0,0.0,1.0,0.0,0.0
11,6,0.0,0.0,0.0,0.0,0.0,0.0,1.0,0.0,0.0
11,6,0.0,0.0,0.0,0.0,0.0,0.0,1.0,0.0,0.0
11,6,0.0,0.0,0.0,0.0,0.0,0.0,1.0,0.0,0.0
11,6,0.0,0.0,0.0,0.0,0.0,0.0,1.0,0.0,0.0
11,6,0.0,0.0,0.0,0.0,0.0,0.0,1.0,0.0,0.0
11,6,0.0,0.0,0.0,0.0,0.0,0.0,1.0,0.0,0.0
11,6,0.0,0.0,0.0,0.0,0.0,0.0,1.0,0.0,0.0
11,6,0.0,0.0,0.0,0.0,0.0,0.0,1.0,0.0,0.0
11,6,0.0,0.0,0.0,0.0,0.0,0.0,1.0,0.0,0.0
11,6,0.0,0.0,0.0,0.0,0.0,0.0,1.0,0.0,0.0
11,6,0.0,0.0,0.0,0.0,0.0,0.0,1.0,0.0,0.0
11,6,0.0,0.0,0.0,0.0,0.0,0.0,1.0,0.0,0.0
11,6,0.0,0.0,0.0,0.0,0.0,0.0,1.0,0.0,0.0
11,6,0.0,0.0,0.0,0.0,0.0,0.0,1.0,0.0,0.0
11,6,0.0,0.0,0.0,0.0,0.0,0.0,1.0,0.0,0.0
11,6,0.0,0.0,0.0,0.0,0.0,0.0,1.0,0.0,0.0
11,6,0.0,0.0,0.0,0.0,0.0,0.0,1.0,0.0,0.0
11,6,0.0,0.0,0.0,0.0,0.0,0.0,1.0,0.0,0.0
11,6,0.0,0.0,0.0,0.0,0.0,0.0,1.0,0.0,0.0
11,6,0.0,0.0,0.0,0.0,0.0,0.0,1.0,0.0,0.0
11,6,0.0,0.0,0.0,0.0,0.0,0.0,1.0,0.0,0.0
11,6,0.0,0.0,0.0,0.0,0.0,0.0,1.0,0.0,0.0
11,6,0.0,0.0,0.0,0.0,0.0,0.0,1.0,0.0,0.0
11,6,0.0,0.0,0.0,0.0,0.0,0.0,1.0,0.0,0.0
11,6,0.0,0.0,0.0,0.0,0.0,0.0,1.0,0.0,0.0
11,6,0.0,0.0,0.0,0.0,0.0,0.0,1.0,0.0,0.0
11,6,0.0,0.0,0.0,0.0,0.0,0.0,1.0,0.0,0.0
11,6,0.0,0.0,0.0,0.0,0.0,0.0,1.0,0.0,0.0
11,6,0.0,0.0,0.0,0.0,0.0,0.0,1.0,0.0,0.0
11,6,0.0,0.0,0.0,0.0,0.0,0.0,1.0,0.0,0.0
11,6,0.0,0.0,0.0,0.0,0.0,0.0,1.0,0.0,0.0
11,6,0.0,0.0,0.0,0.0,0.0,0.0,1.0,0.0,0.0
11,6,0.0,0.0,0.0,0.0,0.0,0.0,1.0,0.0,0.0
11,6,0.0,0.0,0.0,0.0,0.0,0.0,1.0,0.0,0.0
11,6,0.0,0.0,0.0,0.0,0.0,0.0,1.0,0.0,0.0
11,6,0.0,0.0,0.0,0.0,0.0,0.0,1.0,0.0,0.0
11,6,0.0,0.0,0.0,0.0,0.0,0.0,1.0,0.0,0.0
11,6,0.0,0.0,0.0,0.0,0.0,0.0,1.0,0.0,0.0
11,6,0.0,0.0,0.0,0.0,0.0,0.0,1.0,0.0,0.0
11,6,0.0,0.0,0.0,0.0,0.0,0.0,1.0,0.0,0.0
11,6,0.0,0.0,0.0,0.0,0.0,0.0,1.0,0.0,0.0
11,6,0.0,0.0,0.0,0.0,0.0,0.0,1.0,0.0,0.0
11,6,0.0,0.0,0.0,0.0,0.0,0.0,1.0,0.0,0.0
11,6,0.0,0.0,0.0,0.0,0.0,0.0,1.0,0.0,0.0
11,6,0.0,0.0,0.0,0.0,0.0,0.0,1.0,0.0,0.0
11,6,0.0,0.0,0.0,0.0,0.0,0.0,1.0,0.0,0.0
11,6,0.0,0.0,0.0,0.0,0.0,0.0,1.0,0.0,0.0
11,6,0.0,0.0,0.0,0.0,0.0,0.0,1.0,0.0,0.0
11,6,0.0,0.0,0.0,0.0,0.0,0.0,1.0,0.0,0.0
11,6,0.0,0.0,0.0,0.0,0.0,0.0,1.0,0.0,0.0
11,6,0.0,0.0,0.0,0.0,0.0,0.0,1.0,0.0,0.0
11,6,0.0,0.0,0.0,0.0,0.0,0.0,1.0,0.0,0.0
11,6,0.0,0.0,0.0,0.0,0.0,0.0,1.0,0.0,0.0
11,6,0.0,0.0,0.0,0.0,0.0,0.0,1.0,0.0,0.0
11,6,0.0,0.0,0.0,0.0,0.0,0.0,1.0,0.0,0.0
11,6,0.0,0.0,0.0,0.0,0.0,0.0,1.0,0.0,0.0
11,6,0.0,0.0,0.0,0.0,0.0,0.0,1.0,0.0,0.0
11,6,0.0,0.0,0.0,0.0,0.0,0.0,1.0,0.0,0.0
11,6,0.0,0.0,0.0,0.0,0.0,0.0,1.0,0.0,0.0
11,6,0.0,0.0,0.0,0.0,0.0,0.0,1.0,0.0,0.0
11,6,0.0,0.0,0.0,0.0,0.0,0.0,1.0,0.0,0.0
11,6,0.0,0.0,0.0,0.0,0.0,0.0,1.0,0.0,0.0
11,6,0.0,0.0,0.0,0.0,0.0,0.0,1.0,0.0,0.0
11,6,0.0,0.0,0.0,0.0,0.0,0.0,1.0,0.0,0.0
11,6,0.0,0.0,0.0,0.0,0.0,0.0,1.0,0.0,0.0
11,6,0.0,0.0,0.0,0.0,0.0,0.0,1.0,0.0,0.0
11,6,0.0,0.0,0.0,0.0,0.0,0.0,1.0,0.0,0.0
11,6,0.0,0.0,0.0,0.0,0.0,0.0,1.0,0.0,0.0
11,6,0.0,0.0,0.0,0.0,0.0,0.0,1.0,0.0,0.0
11,6,0.0,0.0,0.0,0.0,0.0,0.0,1.0,0.0,0.0
11,6,0.0,0.0,0.0,0.0,0.0,0.0,1.0,0.0,0.0
11,6,0.0,0.0,0.0,0.0,0.0,0.0,1.0,0.0,0.0
11,6,0.0,0.0,0.0,0.0,0.0,0.0,1.0,0.0,0.0
11,6,0.0,0.0,0.0,0.0,0.0,0.0,1.0,0.0,0.0
11,6,0.0,0.0,0.0,0.0,0.0,0.0,1.0,0.0,0.0
11,6,0.0,0.0,0.0,0.0,0.0,0.0,1.0,0.0,0.0
11,6,0.0,0.0,0.0,0.0,0.0,0.0,1.0,0.0,0.0
11,6,0.0,0.0,0.0,0.0,0.0,0.0,1.0,0.0,0.0
11,6,0.0,0.0,0.0,0.0,0.0,0.0,1.0,0.0,0.0
11,6,0.0,0.0,0.0,0.0,0.0,0.0,1.0,0.0,0.0
11,6,0.0,0.0,0.0,0.0,0.0,0.0,1.0,0.0,0.0
11,6,0.0,0.0,0.0,0.0,0.0,0.0,1.0,0.0,0.0
12,6,0.0,0.0,0.0,0.0,0.0,0.0,1.0,0.0,0.0
12,6,0.0,0.0,0.0,0.0,0.0,0.0,1.0,0.0,0.0
12,6,0.0,0.0,0.0,0.0,0.0,0.0,1.0,0.0,0.0
12,6,0.0,0.0,0.0,0.0,0.0,0.0,1.0,0.0,0.0
12,6,0.0,0.0,0.0,0.0,0.0,0.0,1.0,0.0,0.0
12,6,0.0,0.0,0.0,0.0,0.0,0.0,1.0,0.0,0.0
12,6,0.0,0.0,0.0,0.0,0.0,0.0,1.0,0.0,0.0
12,6,0.0,0.0,0.0,0.0,0.0,0.0,1.0,0.0,0.0
12,6,0.0,0.0,0.0,0.0,0.0,0.0,1.0,0.0,0.0
12,6,0.0,0.0,0.0,0.0,0.0,0.0,1.0,0.0,0.0
12,6,0.0,0.0,0.0,0.0,0.0,0.0,1.0,0.0,0.0
12,6,0.0,0.0,0.0,0.0,0.0,0.0,1.0,0.0,0.0
12,6,0.0,0.0,0.0,0.0,0.0,0.0,1.0,0.0,0.0
12,6,0.0,0.0,0.0,0.0,0.0,0.0,1.0,0.0,0.0
12,6,0.0,0.0,0.0,0.0,0.0,0.0,1.0,0.0,0.0
12,6,0.0,0.0,0.0,0.0,0.0,0.0,1.0,0.0,0.0
12,6,0.0,0.0,0.0,0.0,0.0,0.0,1.0,0.0,0.0
12,6,0.0,0.0,0.0,0.0,0.0,0.0,1.0,0.0,0.0
12,6,0.0,0.0,0.0,0.0,0.0,0.0,1.0,0.0,0.0
12,6,0.0,0.0,0.0,0.0,0.0,0.0,1.0,0.0,0.0
12,6,0.0,0.0,0.0,0.0,0.0,0.0,1.0,0.0,0.0
12,6,0.0,0.0,0.0,0.0,0.0,0.0,1.0,0.0,0.0
12,6,0.0,0.0,0.0,0.0,0.0,0.0,1.0,0.0,0.0
12,6,0.0,0.0,0.0,0.0,0.0,0.0,1.0,0.0,0.0
12,6,0.0,0.0,0.0,0.0,0.0,0.0,1.0,0.0,0.0
12,6,0.0,0.0,0.0,0.0,0.0,0.0,1.0,0.0,0.0
12,6,0.0,0.0,0.0,0.0,0.0,0.0,1.0,0.0,0.0
12,6,0.0,0.0,0.0,0.0,0.0,0.0,1.0,0.0,0.0
12,6,0.0,0.0,0.0,0.0,0.0,0.0,1.0,0.0,0.0
12,6,0.0,0.0,0.0,0.0,0.0,0.0,1.0,0.0,0.0
12,6,0.0,0.0,0.0,0.0,0.0,0.0,1.0,0.0,0.0
12,6,0.0,0.0,0.0,0.0,0.0,0.0,1.0,0.0,0.0
12,6,0.0,0.0,0.0,0.0,0.0,0.0,1.0,0.0,0.0
12,6,0.0,0.0,0.0,0.0,0.0,0.0,1.0,0.0,0.0
12,6,0.0,0.0,0.0,0.0,0.0,0.0,1.0,0.0,0.0
12,6,0.0,0.0,0.0,0.0,0.0,0.0,1.0,0.0,0.0
12,6,0.0,0.0,0.0,0.0,0.0,0.0,1.0,0.0,0.0
12,6,0.0,0.0,0.0,0.0,0.0,0.0,1.0,0.0,0.0
12,6,0.0,0.0,0.0,0.0,0.0,0.0,1.0,0.0,0.0
12,6,0.0,0.0,0.0,0.0,0.0,0.0,1.0,0.0,0.0
12,6,0.0,0.0,0.0,0.0,0.0,0.0,1.0,0.0,0.0
12,6,0.0,0.0,0.0,0.0,0.0,0.0,1.0,0.0,0.0
12,6,0.0,0.0,0.0,0.0,0.0,0.0,1.0,0.0,0.0
12,6,0.0,0.0,0.0,0.0,0.0,0.0,1.0,0.0,0.0
12,6,0.0,0.0,0.0,0.0,0.0,0.0,1.0,0.0,0.0
12,6,0.0,0.0,0.0,0.0,0.0,0.0,1.0,0.0,0.0
12,6,0.0,0.0,0.0,0.0,0.0,0.0,1.0,0.0,0.0
12,6,0.0,0.0,0.0,0.0,0.0,0.0,1.0,0.0,0.0
12,6,0.0,0.0,0.0,0.0,0.0,0.0,1.0,0.0,0.0
12,6,0.0,0.0,0.0,0.0,0.0,0.0,1.0,0.0,0.0
12,6,0.0,0.0,0.0,0.0,0.0,0.0,1.0,0.0,0.0
12,6,0.0,0.0,0.0,0.0,0.0,0.0,1.0,0.0,0.0
12,6,0.0,0.0,0.0,0.0,0.0,0.0,1.0,0.0,0.0
12,6,0.0,0.0,0.0,0.0,0.0,0.0,1.0,0.0,0.0
12,6,0.0,0.0,0.0,0.0,0.0,0.0,1.0,0.0,0.0
12,6,0.0,0.0,0.0,0.0,0.0,0.0,1.0,0.0,0.0
12,6,0.0,0.0,0.0,0.0,0.0,0.0,1.0,0.0,0.0
12,6,0.0,0.0,0.0,0.0,0.0,0.0,1.0,0.0,0.0
12,6,0.0,0.0,0.0,0.0,0.0,0.0,1.0,0.0,0.0
12,6,0.0,0.0,0.0,0.0,0.0,0.0,1.0,0.0,0.0
12,6,0.0,0.0,0.0,0.0,0.0,0.0,1.0,0.0,0.0
12,6,0.0,0.0,0.0,0.0,0.0,0.0,1.0,0.0,0.0
12,6,0.0,0.0,0.0,0.0,0.0,0.0,1.0,0.0,0.0
12,6,0.0,0.0,0.0,0.0,0.0,0.0,1.0,0.0,0.0
12,6,0.0,0.0,0.0,0.0,0.0,0.0,1.0,0.0,0.0
12,6,0.0,0.0,0.0,0.0,0.0,0.0,1.0,0.0,0.0
12,6,0.0,0.0,0.0,0.0,0.0,0.0,1.0,0.0,0.0
12,6,0.0,0.0,0.0,0.0,0.0,0.0,1.0,0.0,0.0
12,6,0.0,0.0,0.0,0.0,0.0,0.0,1.0,0.0,0.0
12,6,0.0,0.0,0.0,0.0,0.0,0.0,1.0,0.0,0.0
12,6,0.0,0.0,0.0,0.0,0.0,0.0,1.0,0.0,0.0
12,6,0.0,0.0,0.0,0.0,0.0,0.0,1.0,0.0,0.0
12,6,0.0,0.0,0.0,0.0,0.0,0.0,1.0,0.0,0.0
12,6,0.0,0.0,0.0,0.0,0.0,0.0,1.0,0.0,0.0
12,6,0.0,0.0,0.0,0.0,0.0,0.0,1.0,0.0,0.0
12,6,0.0,0.0,0.0,0.0,0.0,0.0,1.0,0.0,0.0
12,6,0.0,0.0,0.0,0.0,0.0,0.0,1.0,0.0,0.0
12,6,0.0,0.0,0.0,0.0,0.0,0.0,1.0,0.0,0.0
12,6,0.0,0.0,0.0,0.0,0.0,0.0,1.0,0.0,0.0
12,6,0.0,0.0,0.0,0.0,0.0,0.0,1.0,0.0,0.0
12,6,0.0,0.0,0.0,0.0,0.0,0.0,1.0,0.0,0.0
12,6,0.0,0.0,0.0,0.0,0.0,0.0,1.0,0.0,0.0
12,6,0.0,0.0,0.0,0.0,0.0,0.0,1.0,0.0,0.0
12,6,0.0,0.0,0.0,0.0,0.0,0.0,1.0,0.0,0.0
12,6,0.0,0.0,0.0,0.0,0.0,0.0,1.0,0.0,0.0
12,6,0.0,0.0,0.0,0.0,0.0,0.0,1.0,0.0,0.0
12,6,0.0,0.0,0.0,0.0,0.0,0.0,1.0,0.0,0.0
12,6,0.0,0.0,0.0,0.0,0.0,0.0,1.0,0.0,0.0
12,6,0.0,0.0,0.0,0.0,0.0,0.0,1.0,0.0,0.0
12,6,0.0,0.0,0.0,0.0,0.0,0.0,1.0,0.0,0.0
12,6,0.0,0.0,0.0,0.0,0.0,0.0,1.0,0.0,0.0
12,6,0.0,0.0,0.0,0.0,0.0,0.0,1.0,0.0,0.0
12,6,0.0,0.0,0.0,0.0,0.0,0.0,1.0,0.0,0.0
12,6,0.0,0.0,0.0,0.0,0.0,0.0,1.0,0.0,0.0
12,6,0.0,0.0,0.0,0.0,0.0,0.0,1.0,0.0,0.0
12,6,0.0,0.0,0.0,0.0,0.0,0.0,1.0,0.0,0.0
12,6,0.0,0.0,0.0,0.0,0.0,0.0,1.0,0.0,0.0
12,6,0.0,0.0,0.0,0.0,0.0,0.0,1.0,0.0,0.0
12,6,0.0,0.0,0.0,0.0,0.0,0.0,1.0,0.0,0.0
12,6,0.0,0.0,0.0,0.0,0.0,0.0,1.0,0.0,0.0
12,6,0.0,0.0,0.0,0.0,0.0,0.0,1.0,0.0,0.0
12,6,0.0,0.0,0.0,0.0,0.0,0.0,1.0,0.0,0.0
12,6,0.0,0.0,0.0,0.0,0.0,0.0,1.0,0.0,0.0
12,6,0.0,0.0,0.0,0.0,0.0,0.0,1.0,0.0,0.0
12,6,0.0,0.0,0.0,0.0,0.0,0.0,1.0,0.0,0.0
12,6,0.0,0.0,0.0,0.0,0.0,0.0,1.0,0.0,0.0
12,6,0.0,0.0,0.0,0.0,0.0,0.0,1.0,0.0,0.0
12,6,0.0,0.0,0.0,0.0,0.0,0.0,1.0,0.0,0.0
12,6,0.0,0.0,0.0,0.0,0.0,0.0,1.0,0.0,0.0
12,6,0.0,0.0,0.0,0.0,0.0,0.0,1.0,0.0,0.0
12,6,0.0,0.0,0.0,0.0,0.0,0.0,1.0,0.0,0.0
12,6,0.0,0.0,0.0,0.0,0.0,0.0,1.0,0.0,0.0
12,6,0.0,0.0,0.0,0.0,0.0,0.0,1.0,0.0,0.0
12,6,0.0,0.0,0.0,0.0,0.0,0.0,1.0,0.0,0.0
12,6,0.0,0.0,0.0,0.0,0.0,0.0,1.0,0.0,0.0
12,6,0.0,0.0,0.0,0.0,0.0,0.0,1.0,0.0,0.0
12,6,0.0,0.0,0.0,0.0,0.0,0.0,1.0,0.0,0.0
12,6,0.0,0.0,0.0,0.0,0.0,0.0,1.0,0.0,0.0
12,6,0.0,0.0,0.0,0.0,0.0,0.0,1.0,0.0,0.0
12,6,0.0,0.0,0.0,0.0,0.0,0.0,1.0,0.0,0.0
12,6,0.0,0.0,0.0,0.0,0.0,0.0,1.0,0.0,0.0
12,6,0.0,0.0,0.0,0.0,0.0,0.0,1.0,0.0,0.0
12,6,0.0,0.0,0.0,0.0,0.0,0.0,1.0,0.0,0.0
12,6,0.0,0.0,0.0,0.0,0.0,0.0,1.0,0.0,0.0
12,6,0.0,0.0,0.0,0.0,0.0,0.0,1.0,0.0,0.0
12,6,0.0,0.0,0.0,0.0,0.0,0.0,1.0,0.0,0.0
12,6,0.0,0.0,0.0,0.0,0.0,0.0,1.0,0.0,0.0
12,6,0.0,0.0,0.0,0.0,0.0,0.0,1.0,0.0,0.0
12,6,0.0,0.0,0.0,0.0,0.0,0.0,1.0,0.0,0.0
12,6,0.0,0.0,0.0,0.0,0.0,0.0,1.0,0.0,0.0
12,6,0.0,0.0,0.0,0.0,0.0,0.0,1.0,0.0,0.0
12,6,0.0,0.0,0.0,0.0,0.0,0.0,1.0,0.0,0.0
12,6,0.0,0.0,0.0,0.0,0.0,0.0,1.0,0.0,0.0
12,6,0.0,0.0,0.0,0.0,0.0,0.0,1.0,0.0,0.0
12,6,0.0,0.0,0.0,0.0,0.0,0.0,1.0,0.0,0.0
12,6,0.0,0.0,0.0,0.0,0.0,0.0,1.0,0.0,0.0
12,6,0.0,0.0,0.0,0.0,0.0,0.0,1.0,0.0,0.0
12,6,0.0,0.0,0.0,0.0,0.0,0.0,1.0,0.0,0.0
12,6,0.0,0.0,0.0,0.0,0.0,0.0,1.0,0.0,0.0
12,6,0.0,0.0,0.0,0.0,0.0,0.0,1.0,0.0,0.0
12,6,0.0,0.0,0.0,0.0,0.0,0.0,1.0,0.0,0.0
12,6,0.0,0.0,0.0,0.0,0.0,0.0,1.0,0.0,0.0
12,6,0.0,0.0,0.0,0.0,0.0,0.0,1.0,0.0,0.0
12,6,0.0,0.0,0.0,0.0,0.0,0.0,1.0,0.0,0.0
12,6,0.0,0.0,0.0,0.0,0.0,0.0,1.0,0.0,0.0
12,6,0.0,0.0,0.0,0.0,0.0,0.0,1.0,0.0,0.0
12,6,0.0,0.0,0.0,0.0,0.0,0.0,1.0,0.0,0.0
12,6,0.0,0.0,0.0,0.0,0.0,0.0,1.0,0.0,0.0
12,6,0.0,0.0,0.0,0.0,0.0,0.0,1.0,0.0,0.0
12,6,0.0,0.0,0.0,0.0,0.0,0.0,1.0,0.0,0.0
12,6,0.0,0.0,0.0,0.0,0.0,0.0,1.0,0.0,0.0
12,6,0.0,0.0,0.0,0.0,0.0,0.0,1.0,0.0,0.0
12,6,0.0,0.0,0.0,0.0,0.0,0.0,1.0,0.0,0.0
12,6,0.0,0.0,0.0,0.0,0.0,0.0,1.0,0.0,0.0
12,6,0.0,0.0,0.0,0.0,0.0,0.0,1.0,0.0,0.0
12,6,0.0,0.0,0.0,0.0,0.0,0.0,1.0,0.0,0.0
12,6,0.0,0.0,0.0,0.0,0.0,0.0,1.0,0.0,0.0
12,6,0.0,0.0,0.0,0.0,0.0,0.0,1.0,0.0,0.0
12,6,0.0,0.0,0.0,0.0,0.0,0.0,1.0,0.0,0.0
12,6,0.0,0.0,0.0,0.0,0.0,0.0,1.0,0.0,0.0
12,6,0.0,0.0,0.0,0.0,0.0,0.0,1.0,0.0,0.0
12,6,0.0,0.0,0.0,0.0,0.0,0.0,1.0,0.0,0.0
12,6,0.0,0.0,0.0,0.0,0.0,0.0,1.0,0.0,0.0
12,6,0.0,0.0,0.0,0.0,0.0,0.0,1.0,0.0,0.0
12,6,0.0,0.0,0.0,0.0,0.0,0.0,1.0,0.0,0.0
12,6,0.0,0.0,0.0,0.0,0.0,0.0,1.0,0.0,0.0
12,6,0.0,0.0,0.0,0.0,0.0,0.0,1.0,0.0,0.0
12,6,0.0,0.0,0.0,0.0,0.0,0.0,1.0,0.0,0.0
12,6,0.0,0.0,0.0,0.0,0.0,0.0,1.0,0.0,0.0
12,6,0.0,0.0,0.0,0.0,0.0,0.0,1.0,0.0,0.0
12,6,0.0,0.0,0.0,0.0,0.0,0.0,1.0,0.0,0.0
12,6,0.0,0.0,0.0,0.0,0.0,0.0,1.0,0.0,0.0
12,6,0.0,0.0,0.0,0.0,0.0,0.0,1.0,0.0,0.0
12,6,0.0,0.0,0.0,0.0,0.0,0.0,1.0,0.0,0.0
12,6,0.0,0.0,0.0,0.0,0.0,0.0,1.0,0.0,0.0
12,6,0.0,0.0,0.0,0.0,0.0,0.0,1.0,0.0,0.0
12,6,0.0,0.0,0.0,0.0,0.0,0.0,1.0,0.0,0.0
12,6,0.0,0.0,0.0,0.0,0.0,0.0,1.0,0.0,0.0
12,6,0.0,0.0,0.0,0.0,0.0,0.0,1.0,0.0,0.0
12,6,0.0,0.0,0.0,0.0,0.0,0.0,1.0,0.0,0.0
12,6,0.0,0.0,0.0,0.0,0.0,0.0,1.0,0.0,0.0
12,6,0.0,0.0,0.0,0.0,0.0,0.0,1.0,0.0,0.0
12,6,0.0,0.0,0.0,0.0,0.0,0.0,1.0,0.0,0.0
12,6,0.0,0.0,0.0,0.0,0.0,0.0,1.0,0.0,0.0
12,6,0.0,0.0,0.0,0.0,0.0,0.0,1.0,0.0,0.0
12,6,0.0,0.0,0.0,0.0,0.0,0.0,1.0,0.0,0.0
12,6,0.0,0.0,0.0,0.0,0.0,0.0,1.0,0.0,0.0
12,6,0.0,0.0,0.0,0.0,0.0,0.0,1.0,0.0,0.0
12,6,0.0,0.0,0.0,0.0,0.0,0.0,1.0,0.0,0.0
12,6,0.0,0.0,0.0,0.0,0.0,0.0,1.0,0.0,0.0
12,6,0.0,0.0,0.0,0.0,0.0,0.0,1.0,0.0,0.0
12,6,0.0,0.0,0.0,0.0,0.0,0.0,1.0,0.0,0.0
12,6,0.0,0.0,0.0,0.0,0.0,0.0,1.0,0.0,0.0
12,6,0.0,0.0,0.0,0.0,0.0,0.0,1.0,0.0,0.0
12,6,0.0,0.0,0.0,0.0,0.0,0.0,1.0,0.0,0.0
12,6,0.0,0.0,0.0,0.0,0.0,0.0,1.0,0.0,0.0
12,6,0.0,0.0,0.0,0.0,0.0,0.0,1.0,0.0,0.0
12,6,0.0,0.0,0.0,0.0,0.0,0.0,1.0,0.0,0.0
12,6,0.0,0.0,0.0,0.0,0.0,0.0,1.0,0.0,0.0
12,6,0.0,0.0,0.0,0.0,0.0,0.0,1.0,0.0,0.0
12,6,0.0,0.0,0.0,0.0,0.0,0.0,1.0,0.0,0.0
12,6,0.0,0.0,0.0,0.0,0.0,0.0,1.0,0.0,0.0
12,6,0.0,0.0,0.0,0.0,0.0,0.0,1.0,0.0,0.0
12,6,0.0,0.0,0.0,0.0,0.0,0.0,1.0,0.0,0.0
12,6,0.0,0.0,0.0,0.0,0.0,0.0,1.0,0.0,0.0
12,6,0.0,0.0,0.0,0.0,0.0,0.0,1.0,0.0,0.0
12,6,0.0,0.0,0.0,0.0,0.0,0.0,1.0,0.0,0.0
12,6,0.0,0.0,0.0,0.0,0.0,0.0,1.0,0.0,0.0
12,6,0.0,0.0,0.0,0.0,0.0,0.0,1.0,0.0,0.0
12,6,0.0,0.0,0.0,0.0,0.0,0.0,1.0,0.0,0.0
12,6,0.0,0.0,0.0,0.0,0.0,0.0,1.0,0.0,0.0
12,6,0.0,0.0,0.0,0.0,0.0,0.0,1.0,0.0,0.0
12,6,0.0,0.0,0.0,0.0,0.0,0.0,1.0,0.0,0.0
12,6,0.0,0.0,0.0,0.0,0.0,0.0,1.0,0.0,0.0
12,6,0.0,0.0,0.0,0.0,0.0,0.0,1.0,0.0,0.0
12,6,0.0,0.0,0.0,0.0,0.0,0.0,1.0,0.0,0.0
12,6,0.0,0.0,0.0,0.0,0.0,0.0,1.0,0.0,0.0
12,6,0.0,0.0,0.0,0.0,0.0,0.0,1.0,0.0,0.0
12,6,0.0,0.0,0.0,0.0,0.0,0.0,1.0,0.0,0.0
12,6,0.0,0.0,0.0,0.0,0.0,0.0,1.0,0.0,0.0
12,6,0.0,0.0,0.0,0.0,0.0,0.0,1.0,0.0,0.0
12,6,0.0,0.0,0.0,0.0,0.0,0.0,1.0,0.0,0.0
12,6,0.0,0.0,0.0,0.0,0.0,0.0,1.0,0.0,0.0
12,6,0.0,0.0,0.0,0.0,0.0,0.0,1.0,0.0,0.0
12,6,0.0,0.0,0.0,0.0,0.0,0.0,1.0,0.0,0.0
12,6,0.0,0.0,0.0,0.0,0.0,0.0,1.0,0.0,0.0
12,6,0.0,0.0,0.0,0.0,0.0,0.0,1.0,0.0,0.0
12,6,0.0,0.0,0.0,0.0,0.0,0.0,1.0,0.0,0.0
12,6,0.0,0.0,0.0,0.0,0.0,0.0,1.0,0.0,0.0
12,6,0.0,0.0,0.0,0.0,0.0,0.0,1.0,0.0,0.0
12,6,0.0,0.0,0.0,0.0,0.0,0.0,1.0,0.0,0.0
12,6,0.0,0.0,0.0,0.0,0.0,0.0,1.0,0.0,0.0
12,6,0.0,0.0,0.0,0.0,0.0,0.0,1.0,0.0,0.0
12,6,0.0,0.0,0.0,0.0,0.0,0.0,1.0,0.0,0.0
12,6,0.0,0.0,0.0,0.0,0.0,0.0,1.0,0.0,0.0
12,6,0.0,0.0,0.0,0.0,0.0,0.0,1.0,0.0,0.0
12,6,0.0,0.0,0.0,0.0,0.0,0.0,1.0,0.0,0.0
12,6,0.0,0.0,0.0,0.0,0.0,0.0,1.0,0.0,0.0
12,6,0.0,0.0,0.0,0.0,0.0,0.0,1.0,0.0,0.0
12,6,0.0,0.0,0.0,0.0,0.0,0.0,1.0,0.0,0.0
12,6,0.0,0.0,0.0,0.0,0.0,0.0,1.0,0.0,0.0
12,6,0.0,0.0,0.0,0.0,0.0,0.0,1.0,0.0,0.0
12,6,0.0,0.0,0.0,0.0,0.0,0.0,1.0,0.0,0.0
12,6,0.0,0.0,0.0,0.0,0.0,0.0,1.0,0.0,0.0
12,6,0.0,0.0,0.0,0.0,0.0,0.0,1.0,0.0,0.0
12,6,0.0,0.0,0.0,0.0,0.0,0.0,1.0,0.0,0.0
12,6,0.0,0.0,0.0,0.0,0.0,0.0,1.0,0.0,0.0
12,6,0.0,0.0,0.0,0.0,0.0,0.0,1.0,0.0,0.0
12,6,0.0,0.0,0.0,0.0,0.0,0.0,1.0,0.0,0.0
12,6,0.0,0.0,0.0,0.0,0.0,0.0,1.0,0.0,0.0
12,6,0.0,0.0,0.0,0.0,0.0,0.0,1.0,0.0,0.0
12,6,0.0,0.0,0.0,0.0,0.0,0.0,1.0,0.0,0.0
12,6,0.0,0.0,0.0,0.0,0.0,0.0,1.0,0.0,0.0
12,6,0.0,0.0,0.0,0.0,0.0,0.0,1.0,0.0,0.0
12,6,0.0,0.0,0.0,0.0,0.0,0.0,1.0,0.0,0.0
12,6,0.0,0.0,0.0,0.0,0.0,0.0,1.0,0.0,0.0
12,6,0.0,0.0,0.0,0.0,0.0,0.0,1.0,0.0,0.0
12,6,0.0,0.0,0.0,0.0,0.0,0.0,1.0,0.0,0.0
12,6,0.0,0.0,0.0,0.0,0.0,0.0,1.0,0.0,0.0
12,6,0.0,0.0,0.0,0.0,0.0,0.0,1.0,0.0,0.0
12,6,0.0,0.0,0.0,0.0,0.0,0.0,1.0,0.0,0.0
12,6,0.0,0.0,0.0,0.0,0.0,0.0,1.0,0.0,0.0
12,6,0.0,0.0,0.0,0.0,0.0,0.0,1.0,0.0,0.0
12,6,0.0,0.0,0.0,0.0,0.0,0.0,1.0,0.0,0.0
12,6,0.0,0.0,0.0,0.0,0.0,0.0,1.0,0.0,0.0
12,6,0.0,0.0,0.0,0.0,0.0,0.0,1.0,0.0,0.0
12,6,0.0,0.0,0.0,0.0,0.0,0.0,1.0,0.0,0.0
12,6,0.0,0.0,0.0,0.0,0.0,0.0,1.0,0.0,0.0
12,6,0.0,0.0,0.0,0.0,0.0,0.0,1.0,0.0,0.0
12,6,0.0,0.0,0.0,0.0,0.0,0.0,1.0,0.0,0.0
12,6,0.0,0.0,0.0,0.0,0.0,0.0,1.0,0.0,0.0
12,6,0.0,0.0,0.0,0.0,0.0,0.0,1.0,0.0,0.0
12,6,0.0,0.0,0.0,0.0,0.0,0.0,1.0,0.0,0.0
12,6,0.0,0.0,0.0,0.0,0.0,0.0,1.0,0.0,0.0
12,6,0.0,0.0,0.0,0.0,0.0,0.0,1.0,0.0,0.0
12,6,0.0,0.0,0.0,0.0,0.0,0.0,1.0,0.0,0.0
12,6,0.0,0.0,0.0,0.0,0.0,0.0,1.0,0.0,0.0
12,6,0.0,0.0,0.0,0.0,0.0,0.0,1.0,0.0,0.0
12,6,0.0,0.0,0.0,0.0,0.0,0.0,1.0,0.0,0.0
12,6,0.0,0.0,0.0,0.0,0.0,0.0,1.0,0.0,0.0
12,6,0.0,0.0,0.0,0.0,0.0,0.0,1.0,0.0,0.0
12,6,0.0,0.0,0.0,0.0,0.0,0.0,1.0,0.0,0.0
12,6,0.0,0.0,0.0,0.0,0.0,0.0,1.0,0.0,0.0
12,6,0.0,0.0,0.0,0.0,0.0,0.0,1.0,0.0,0.0
12,6,0.0,0.0,0.0,0.0,0.0,0.0,1.0,0.0,0.0
12,6,0.0,0.0,0.0,0.0,0.0,0.0,1.0,0.0,0.0
12,6,0.0,0.0,0.0,0.0,0.0,0.0,1.0,0.0,0.0
12,6,0.0,0.0,0.0,0.0,0.0,0.0,1.0,0.0,0.0
12,6,0.0,0.0,0.0,0.0,0.0,0.0,1.0,0.0,0.0
12,6,0.0,0.0,0.0,0.0,0.0,0.0,1.0,0.0,0.0
12,6,0.0,0.0,0.0,0.0,0.0,0.0,1.0,0.0,0.0
12,6,0.0,0.0,0.0,0.0,0.0,0.0,1.0,0.0,0.0
12,6,0.0,0.0,0.0,0.0,0.0,0.0,1.0,0.0,0.0
12,6,0.0,0.0,0.0,0.0,0.0,0.0,1.0,0.0,0.0
12,6,0.0,0.0,0.0,0.0,0.0,0.0,1.0,0.0,0.0
12,6,0.0,0.0,0.0,0.0,0.0,0.0,1.0,0.0,0.0
12,6,0.0,0.0,0.0,0.0,0.0,0.0,1.0,0.0,0.0
12,6,0.0,0.0,0.0,0.0,0.0,0.0,1.0,0.0,0.0
12,6,0.0,0.0,0.0,0.0,0.0,0.0,1.0,0.0,0.0
12,6,0.0,0.0,0.0,0.0,0.0,0.0,1.0,0.0,0.0
12,6,0.0,0.0,0.0,0.0,0.0,0.0,1.0,0.0,0.0
12,6,0.0,0.0,0.0,0.0,0.0,0.0,1.0,0.0,0.0
12,6,0.0,0.0,0.0,0.0,0.0,0.0,1.0,0.0,0.0
12,6,0.0,0.0,0.0,0.0,0.0,0.0,1.0,0.0,0.0
12,6,0.0,0.0,0.0,0.0,0.0,0.0,1.0,0.0,0.0
12,6,0.0,0.0,0.0,0.0,0.0,0.0,1.0,0.0,0.0
12,6,0.0,0.0,0.0,0.0,0.0,0.0,1.0,0.0,0.0
12,6,0.0,0.0,0.0,0.0,0.0,0.0,1.0,0.0,0.0
12,6,0.0,0.0,0.0,0.0,0.0,0.0,1.0,0.0,0.0
12,6,0.0,0.0,0.0,0.0,0.0,0.0,1.0,0.0,0.0
12,6,0.0,0.0,0.0,0.0,0.0,0.0,1.0,0.0,0.0
12,6,0.0,0.0,0.0,0.0,0.0,0.0,1.0,0.0,0.0
12,6,0.0,0.0,0.0,0.0,0.0,0.0,1.0,0.0,0.0
12,6,0.0,0.0,0.0,0.0,0.0,0.0,1.0,0.0,0.0
12,6,0.0,0.0,0.0,0.0,0.0,0.0,1.0,0.0,0.0
12,6,0.0,0.0,0.0,0.0,0.0,0.0,1.0,0.0,0.0
12,6,0.0,0.0,0.0,0.0,0.0,0.0,1.0,0.0,0.0
12,6,0.0,0.0,0.0,0.0,0.0,0.0,1.0,0.0,0.0
12,6,0.0,0.0,0.0,0.0,0.0,0.0,1.0,0.0,0.0
12,6,0.0,0.0,0.0,0.0,0.0,0.0,1.0,0.0,0.0
12,6,0.0,0.0,0.0,0.0,0.0,0.0,1.0,0.0,0.0
12,6,0.0,0.0,0.0,0.0,0.0,0.0,1.0,0.0,0.0
12,6,0.0,0.0,0.0,0.0,0.0,0.0,1.0,0.0,0.0
12,6,0.0,0.0,0.0,0.0,0.0,0.0,1.0,0.0,0.0
12,6,0.0,0.0,0.0,0.0,0.0,0.0,1.0,0.0,0.0
12,6,0.0,0.0,0.0,0.0,0.0,0.0,1.0,0.0,0.0
12,6,0.0,0.0,0.0,0.0,0.0,0.0,1.0,0.0,0.0
12,6,0.0,0.0,0.0,0.0,0.0,0.0,1.0,0.0,0.0
12,6,0.0,0.0,0.0,0.0,0.0,0.0,1.0,0.0,0.0
12,6,0.0,0.0,0.0,0.0,0.0,0.0,1.0,0.0,0.0
12,6,0.0,0.0,0.0,0.0,0.0,0.0,1.0,0.0,0.0
12,6,0.0,0.0,0.0,0.0,0.0,0.0,1.0,0.0,0.0
12,6,0.0,0.0,0.0,0.0,0.0,0.0,1.0,0.0,0.0
12,6,0.0,0.0,0.0,0.0,0.0,0.0,1.0,0.0,0.0
12,6,0.0,0.0,0.0,0.0,0.0,0.0,1.0,0.0,0.0
12,6,0.0,0.0,0.0,0.0,0.0,0.0,1.0,0.0,0.0
12,6,0.0,0.0,0.0,0.0,0.0,0.0,1.0,0.0,0.0
12,6,0.0,0.0,0.0,0.0,0.0,0.0,1.0,0.0,0.0
12,6,0.0,0.0,0.0,0.0,0.0,0.0,1.0,0.0,0.0
12,6,0.0,0.0,0.0,0.0,0.0,0.0,1.0,0.0,0.0
12,6,0.0,0.0,0.0,0.0,0.0,0.0,1.0,0.0,0.0
12,6,0.0,0.0,0.0,0.0,0.0,0.0,1.0,0.0,0.0
12,6,0.0,0.0,0.0,0.0,0.0,0.0,1.0,0.0,0.0
12,6,0.0,0.0,0.0,0.0,0.0,0.0,1.0,0.0,0.0
12,6,0.0,0.0,0.0,0.0,0.0,0.0,1.0,0.0,0.0
12,6,0.0,0.0,0.0,0.0,0.0,0.0,1.0,0.0,0.0
12,6,0.0,0.0,0.0,0.0,0.0,0.0,1.0,0.0,0.0
12,6,0.0,0.0,0.0,0.0,0.0,0.0,1.0,0.0,0.0
12,6,0.0,0.0,0.0,0.0,0.0,0.0,1.0,0.0,0.0
12,6,0.0,0.0,0.0,0.0,0.0,0.0,1.0,0.0,0.0
12,6,0.0,0.0,0.0,0.0,0.0,0.0,1.0,0.0,0.0
12,6,0.0,0.0,0.0,0.0,0.0,0.0,1.0,0.0,0.0
12,6,0.0,0.0,0.0,0.0,0.0,0.0,1.0,0.0,0.0
12,6,0.0,0.0,0.0,0.0,0.0,0.0,1.0,0.0,0.0
12,6,0.0,0.0,0.0,0.0,0.0,0.0,1.0,0.0,0.0
12,6,0.0,0.0,0.0,0.0,0.0,0.0,1.0,0.0,0.0
12,6,0.0,0.0,0.0,0.0,0.0,0.0,1.0,0.0,0.0
12,6,0.0,0.0,0.0,0.0,0.0,0.0,1.0,0.0,0.0
12,6,0.0,0.0,0.0,0.0,0.0,0.0,1.0,0.0,0.0
12,6,0.0,0.0,0.0,0.0,0.0,0.0,1.0,0.0,0.0
12,6,0.0,0.0,0.0,0.0,0.0,0.0,1.0,0.0,0.0
12,6,0.0,0.0,0.0,0.0,0.0,0.0,1.0,0.0,0.0
12,6,0.0,0.0,0.0,0.0,0.0,0.0,1.0,0.0,0.0
12,6,0.0,0.0,0.0,0.0,0.0,0.0,1.0,0.0,0.0
12,6,0.0,0.0,0.0,0.0,0.0,0.0,1.0,0.0,0.0
12,6,0.0,0.0,0.0,0.0,0.0,0.0,1.0,0.0,0.0
12,6,0.0,0.0,0.0,0.0,0.0,0.0,1.0,0.0,0.0
12,6,0.0,0.0,0.0,0.0,0.0,0.0,1.0,0.0,0.0
12,6,0.0,0.0,0.0,0.0,0.0,0.0,1.0,0.0,0.0
12,6,0.0,0.0,0.0,0.0,0.0,0.0,1.0,0.0,0.0
12,6,0.0,0.0,0.0,0.0,0.0,0.0,1.0,0.0,0.0
12,6,0.0,0.0,0.0,0.0,0.0,0.0,1.0,0.0,0.0
12,6,0.0,0.0,0.0,0.0,0.0,0.0,1.0,0.0,0.0
12,6,0.0,0.0,0.0,0.0,0.0,0.0,1.0,0.0,0.0
12,6,0.0,0.0,0.0,0.0,0.0,0.0,1.0,0.0,0.0
12,6,0.0,0.0,0.0,0.0,0.0,0.0,1.0,0.0,0.0
12,6,0.0,0.0,0.0,0.0,0.0,0.0,1.0,0.0,0.0
12,6,0.0,0.0,0.0,0.0,0.0,0.0,1.0,0.0,0.0
12,6,0.0,0.0,0.0,0.0,0.0,0.0,1.0,0.0,0.0
12,6,0.0,0.0,0.0,0.0,0.0,0.0,1.0,0.0,0.0
12,6,0.0,0.0,0.0,0.0,0.0,0.0,1.0,0.0,0.0
12,6,0.0,0.0,0.0,0.0,0.0,0.0,1.0,0.0,0.0
12,6,0.0,0.0,0.0,0.0,0.0,0.0,1.0,0.0,0.0
12,6,0.0,0.0,0.0,0.0,0.0,0.0,1.0,0.0,0.0
12,6,0.0,0.0,0.0,0.0,0.0,0.0,1.0,0.0,0.0
12,6,0.0,0.0,0.0,0.0,0.0,0.0,1.0,0.0,0.0
12,6,0.0,0.0,0.0,0.0,0.0,0.0,1.0,0.0,0.0
12,6,0.0,0.0,0.0,0.0,0.0,0.0,1.0,0.0,0.0
12,6,0.0,0.0,0.0,0.0,0.0,0.0,1.0,0.0,0.0
12,6,0.0,0.0,0.0,0.0,0.0,0.0,1.0,0.0,0.0
12,6,0.0,0.0,0.0,0.0,0.0,0.0,1.0,0.0,0.0
12,6,0.0,0.0,0.0,0.0,0.0,0.0,1.0,0.0,0.0
12,6,0.0,0.0,0.0,0.0,0.0,0.0,1.0,0.0,0.0
12,6,0.0,0.0,0.0,0.0,0.0,0.0,1.0,0.0,0.0
12,6,0.0,0.0,0.0,0.0,0.0,0.0,1.0,0.0,0.0
12,6,0.0,0.0,0.0,0.0,0.0,0.0,1.0,0.0,0.0
12,6,0.0,0.0,0.0,0.0,0.0,0.0,1.0,0.0,0.0
12,6,0.0,0.0,0.0,0.0,0.0,0.0,1.0,0.0,0.0
12,6,0.0,0.0,0.0,0.0,0.0,0.0,1.0,0.0,0.0
12,6,0.0,0.0,0.0,0.0,0.0,0.0,1.0,0.0,0.0
12,6,0.0,0.0,0.0,0.0,0.0,0.0,1.0,0.0,0.0
12,6,0.0,0.0,0.0,0.0,0.0,0.0,1.0,0.0,0.0
12,6,0.0,0.0,0.0,0.0,0.0,0.0,1.0,0.0,0.0
12,6,0.0,0.0,0.0,0.0,0.0,0.0,1.0,0.0,0.0
12,6,0.0,0.0,0.0,0.0,0.0,0.0,1.0,0.0,0.0
12,6,0.0,0.0,0.0,0.0,0.0,0.0,1.0,0.0,0.0
12,6,0.0,0.0,0.0,0.0,0.0,0.0,1.0,0.0,0.0
12,6,0.0,0.0,0.0,0.0,0.0,0.0,1.0,0.0,0.0
12,6,0.0,0.0,0.0,0.0,0.0,0.0,1.0,0.0,0.0
12,6,0.0,0.0,0.0,0.0,0.0,0.0,1.0,0.0,0.0
12,6,0.0,0.0,0.0,0.0,0.0,0.0,1.0,0.0,0.0
12,6,0.0,0.0,0.0,0.0,0.0,0.0,1.0,0.0,0.0
12,6,0.0,0.0,0.0,0.0,0.0,0.0,1.0,0.0,0.0
12,6,0.0,0.0,0.0,0.0,0.0,0.0,1.0,0.0,0.0
12,6,0.0,0.0,0.0,0.0,0.0,0.0,1.0,0.0,0.0
12,6,0.0,0.0,0.0,0.0,0.0,0.0,1.0,0.0,0.0
12,6,0.0,0.0,0.0,0.0,0.0,0.0,1.0,0.0,0.0
12,6,0.0,0.0,0.0,0.0,0.0,0.0,1.0,0.0,0.0
12,6,0.0,0.0,0.0,0.0,0.0,0.0,1.0,0.0,0.0
12,6,0.0,0.0,0.0,0.0,0.0,0.0,1.0,0.0,0.0
12,6,0.0,0.0,0.0,0.0,0.0,0.0,1.0,0.0,0.0
12,6,0.0,0.0,0.0,0.0,0.0,0.0,1.0,0.0,0.0
12,6,0.0,0.0,0.0,0.0,0.0,0.0,1.0,0.0,0.0
12,6,0.0,0.0,0.0,0.0,0.0,0.0,1.0,0.0,0.0
12,6,0.0,0.0,0.0,0.0,0.0,0.0,1.0,0.0,0.0
12,6,0.0,0.0,0.0,0.0,0.0,0.0,1.0,0.0,0.0
12,6,0.0,0.0,0.0,0.0,0.0,0.0,1.0,0.0,0.0
12,6,0.0,0.0,0.0,0.0,0.0,0.0,1.0,0.0,0.0
12,6,0.0,0.0,0.0,0.0,0.0,0.0,1.0,0.0,0.0
12,6,0.0,0.0,0.0,0.0,0.0,0.0,1.0,0.0,0.0
12,6,0.0,0.0,0.0,0.0,0.0,0.0,1.0,0.0,0.0
12,6,0.0,0.0,0.0,0.0,0.0,0.0,1.0,0.0,0.0
12,6,0.0,0.0,0.0,0.0,0.0,0.0,1.0,0.0,0.0
12,6,0.0,0.0,0.0,0.0,0.0,0.0,1.0,0.0,0.0
12,6,0.0,0.0,0.0,0.0,0.0,0.0,1.0,0.0,0.0
12,6,0.0,0.0,0.0,0.0,0.0,0.0,1.0,0.0,0.0
12,6,0.0,0.0,0.0,0.0,0.0,0.0,1.0,0.0,0.0
12,6,0.0,0.0,0.0,0.0,0.0,0.0,1.0,0.0,0.0
12,6,0.0,0.0,0.0,0.0,0.0,0.0,1.0,0.0,0.0
12,6,0.0,0.0,0.0,0.0,0.0,0.0,1.0,0.0,0.0
12,6,0.0,0.0,0.0,0.0,0.0,0.0,1.0,0.0,0.0
12,6,0.0,0.0,0.0,0.0,0.0,0.0,1.0,0.0,0.0
12,6,0.0,0.0,0.0,0.0,0.0,0.0,1.0,0.0,0.0
12,6,0.0,0.0,0.0,0.0,0.0,0.0,1.0,0.0,0.0
12,6,0.0,0.0,0.0,0.0,0.0,0.0,1.0,0.0,0.0
12,6,0.0,0.0,0.0,0.0,0.0,0.0,1.0,0.0,0.0
12,6,0.0,0.0,0.0,0.0,0.0,0.0,1.0,0.0,0.0
12,6,0.0,0.0,0.0,0.0,0.0,0.0,1.0,0.0,0.0
12,6,0.0,0.0,0.0,0.0,0.0,0.0,1.0,0.0,0.0
12,6,0.0,0.0,0.0,0.0,0.0,0.0,1.0,0.0,0.0
12,6,0.0,0.0,0.0,0.0,0.0,0.0,1.0,0.0,0.0
12,6,0.0,0.0,0.0,0.0,0.0,0.0,1.0,0.0,0.0
12,6,0.0,0.0,0.0,0.0,0.0,0.0,1.0,0.0,0.0
12,6,0.0,0.0,0.0,0.0,0.0,0.0,1.0,0.0,0.0
12,6,0.0,0.0,0.0,0.0,0.0,0.0,1.0,0.0,0.0
12,6,0.0,0.0,0.0,0.0,0.0,0.0,1.0,0.0,0.0
12,6,0.0,0.0,0.0,0.0,0.0,0.0,1.0,0.0,0.0
12,6,0.0,0.0,0.0,0.0,0.0,0.0,1.0,0.0,0.0
12,6,0.0,0.0,0.0,0.0,0.0,0.0,1.0,0.0,0.0
12,6,0.0,0.0,0.0,0.0,0.0,0.0,1.0,0.0,0.0
12,6,0.0,0.0,0.0,0.0,0.0,0.0,1.0,0.0,0.0
12,6,0.0,0.0,0.0,0.0,0.0,0.0,1.0,0.0,0.0
12,6,0.0,0.0,0.0,0.0,0.0,0.0,1.0,0.0,0.0
12,6,0.0,0.0,0.0,0.0,0.0,0.0,1.0,0.0,0.0
12,6,0.0,0.0,0.0,0.0,0.0,0.0,1.0,0.0,0.0
12,6,0.0,0.0,0.0,0.0,0.0,0.0,1.0,0.0,0.0
12,6,0.0,0.0,0.0,0.0,0.0,0.0,1.0,0.0,0.0
12,6,0.0,0.0,0.0,0.0,0.0,0.0,1.0,0.0,0.0
12,6,0.0,0.0,0.0,0.0,0.0,0.0,1.0,0.0,0.0
12,6,0.0,0.0,0.0,0.0,0.0,0.0,1.0,0.0,0.0
12,6,0.0,0.0,0.0,0.0,0.0,0.0,1.0,0.0,0.0
12,6,0.0,0.0,0.0,0.0,0.0,0.0,1.0,0.0,0.0
12,6,0.0,0.0,0.0,0.0,0.0,0.0,1.0,0.0,0.0
12,6,0.0,0.0,0.0,0.0,0.0,0.0,1.0,0.0,0.0
12,6,0.0,0.0,0.0,0.0,0.0,0.0,1.0,0.0,0.0
12,6,0.0,0.0,0.0,0.0,0.0,0.0,1.0,0.0,0.0
12,6,0.0,0.0,0.0,0.0,0.0,0.0,1.0,0.0,0.0
12,6,0.0,0.0,0.0,0.0,0.0,0.0,1.0,0.0,0.0
12,6,0.0,0.0,0.0,0.0,0.0,0.0,1.0,0.0,0.0
12,6,0.0,0.0,0.0,0.0,0.0,0.0,1.0,0.0,0.0
12,6,0.0,0.0,0.0,0.0,0.0,0.0,1.0,0.0,0.0
12,6,0.0,0.0,0.0,0.0,0.0,0.0,1.0,0.0,0.0
12,6,0.0,0.0,0.0,0.0,0.0,0.0,1.0,0.0,0.0
12,6,0.0,0.0,0.0,0.0,0.0,0.0,1.0,0.0,0.0
12,6,0.0,0.0,0.0,0.0,0.0,0.0,1.0,0.0,0.0
12,6,0.0,0.0,0.0,0.0,0.0,0.0,1.0,0.0,0.0
12,6,0.0,0.0,0.0,0.0,0.0,0.0,1.0,0.0,0.0
12,6,0.0,0.0,0.0,0.0,0.0,0.0,1.0,0.0,0.0
12,6,0.0,0.0,0.0,0.0,0.0,0.0,1.0,0.0,0.0
12,6,0.0,0.0,0.0,0.0,0.0,0.0,1.0,0.0,0.0
12,6,0.0,0.0,0.0,0.0,0.0,0.0,1.0,0.0,0.0
12,6,0.0,0.0,0.0,0.0,0.0,0.0,1.0,0.0,0.0
12,6,0.0,0.0,0.0,0.0,0.0,0.0,1.0,0.0,0.0
12,6,0.0,0.0,0.0,0.0,0.0,0.0,1.0,0.0,0.0
12,6,0.0,0.0,0.0,0.0,0.0,0.0,1.0,0.0,0.0
12,6,0.0,0.0,0.0,0.0,0.0,0.0,1.0,0.0,0.0
12,6,0.0,0.0,0.0,0.0,0.0,0.0,1.0,0.0,0.0
12,6,0.0,0.0,0.0,0.0,0.0,0.0,1.0,0.0,0.0
12,6,0.0,0.0,0.0,0.0,0.0,0.0,1.0,0.0,0.0
12,6,0.0,0.0,0.0,0.0,0.0,0.0,1.0,0.0,0.0
12,6,0.0,0.0,0.0,0.0,0.0,0.0,1.0,0.0,0.0
12,6,0.0,0.0,0.0,0.0,0.0,0.0,1.0,0.0,0.0
12,6,0.0,0.0,0.0,0.0,0.0,0.0,1.0,0.0,0.0
12,6,0.0,0.0,0.0,0.0,0.0,0.0,1.0,0.0,0.0
12,6,0.0,0.0,0.0,0.0,0.0,0.0,1.0,0.0,0.0
12,6,0.0,0.0,0.0,0.0,0.0,0.0,1.0,0.0,0.0
12,6,0.0,0.0,0.0,0.0,0.0,0.0,1.0,0.0,0.0
12,6,0.0,0.0,0.0,0.0,0.0,0.0,1.0,0.0,0.0
12,6,0.0,0.0,0.0,0.0,0.0,0.0,1.0,0.0,0.0
12,6,0.0,0.0,0.0,0.0,0.0,0.0,1.0,0.0,0.0
12,6,0.0,0.0,0.0,0.0,0.0,0.0,1.0,0.0,0.0
12,6,0.0,0.0,0.0,0.0,0.0,0.0,1.0,0.0,0.0
12,6,0.0,0.0,0.0,0.0,0.0,0.0,1.0,0.0,0.0
12,6,0.0,0.0,0.0,0.0,0.0,0.0,1.0,0.0,0.0
12,6,0.0,0.0,0.0,0.0,0.0,0.0,1.0,0.0,0.0
12,6,0.0,0.0,0.0,0.0,0.0,0.0,1.0,0.0,0.0
12,6,0.0,0.0,0.0,0.0,0.0,0.0,1.0,0.0,0.0
12,6,0.0,0.0,0.0,0.0,0.0,0.0,1.0,0.0,0.0
12,6,0.0,0.0,0.0,0.0,0.0,0.0,1.0,0.0,0.0
12,6,0.0,0.0,0.0,0.0,0.0,0.0,1.0,0.0,0.0
12,6,0.0,0.0,0.0,0.0,0.0,0.0,1.0,0.0,0.0
12,6,0.0,0.0,0.0,0.0,0.0,0.0,1.0,0.0,0.0
12,6,0.0,0.0,0.0,0.0,0.0,0.0,1.0,0.0,0.0
12,6,0.0,0.0,0.0,0.0,0.0,0.0,1.0,0.0,0.0
12,6,0.0,0.0,0.0,0.0,0.0,0.0,1.0,0.0,0.0
12,6,0.0,0.0,0.0,0.0,0.0,0.0,1.0,0.0,0.0
12,6,0.0,0.0,0.0,0.0,0.0,0.0,1.0,0.0,0.0
12,6,0.0,0.0,0.0,0.0,0.0,0.0,1.0,0.0,0.0
12,6,0.0,0.0,0.0,0.0,0.0,0.0,1.0,0.0,0.0
12,6,0.0,0.0,0.0,0.0,0.0,0.0,1.0,0.0,0.0
12,6,0.0,0.0,0.0,0.0,0.0,0.0,1.0,0.0,0.0
12,6,0.0,0.0,0.0,0.0,0.0,0.0,1.0,0.0,0.0
12,6,0.0,0.0,0.0,0.0,0.0,0.0,1.0,0.0,0.0
12,6,0.0,0.0,0.0,0.0,0.0,0.0,1.0,0.0,0.0
12,6,0.0,0.0,0.0,0.0,0.0,0.0,1.0,0.0,0.0
12,6,0.0,0.0,0.0,0.0,0.0,0.0,1.0,0.0,0.0
12,6,0.0,0.0,0.0,0.0,0.0,0.0,1.0,0.0,0.0
12,6,0.0,0.0,0.0,0.0,0.0,0.0,1.0,0.0,0.0
12,6,0.0,0.0,0.0,0.0,0.0,0.0,1.0,0.0,0.0
12,6,0.0,0.0,0.0,0.0,0.0,0.0,1.0,0.0,0.0
12,6,0.0,0.0,0.0,0.0,0.0,0.0,1.0,0.0,0.0
12,6,0.0,0.0,0.0,0.0,0.0,0.0,1.0,0.0,0.0
12,6,0.0,0.0,0.0,0.0,0.0,0.0,1.0,0.0,0.0
12,6,0.0,0.0,0.0,0.0,0.0,0.0,1.0,0.0,0.0
12,6,0.0,0.0,0.0,0.0,0.0,0.0,1.0,0.0,0.0
12,6,0.0,0.0,0.0,0.0,0.0,0.0,1.0,0.0,0.0
12,6,0.0,0.0,0.0,0.0,0.0,0.0,1.0,0.0,0.0
12,6,0.0,0.0,0.0,0.0,0.0,0.0,1.0,0.0,0.0
12,6,0.0,0.0,0.0,0.0,0.0,0.0,1.0,0.0,0.0
12,6,0.0,0.0,0.0,0.0,0.0,0.0,1.0,0.0,0.0
12,6,0.0,0.0,0.0,0.0,0.0,0.0,1.0,0.0,0.0
12,6,0.0,0.0,0.0,0.0,0.0,0.0,1.0,0.0,0.0
12,6,0.0,0.0,0.0,0.0,0.0,0.0,1.0,0.0,0.0
12,6,0.0,0.0,0.0,0.0,0.0,0.0,1.0,0.0,0.0
12,6,0.0,0.0,0.0,0.0,0.0,0.0,1.0,0.0,0.0
12,6,0.0,0.0,0.0,0.0,0.0,0.0,1.0,0.0,0.0
12,6,0.0,0.0,0.0,0.0,0.0,0.0,1.0,0.0,0.0
12,6,0.0,0.0,0.0,0.0,0.0,0.0,1.0,0.0,0.0
12,6,0.0,0.0,0.0,0.0,0.0,0.0,1.0,0.0,0.0
12,6,0.0,0.0,0.0,0.0,0.0,0.0,1.0,0.0,0.0
12,6,0.0,0.0,0.0,0.0,0.0,0.0,1.0,0.0,0.0
12,6,0.0,0.0,0.0,0.0,0.0,0.0,1.0,0.0,0.0
12,6,0.0,0.0,0.0,0.0,0.0,0.0,1.0,0.0,0.0
12,6,0.0,0.0,0.0,0.0,0.0,0.0,1.0,0.0,0.0
12,6,0.0,0.0,0.0,0.0,0.0,0.0,1.0,0.0,0.0
12,6,0.0,0.0,0.0,0.0,0.0,0.0,1.0,0.0,0.0
12,6,0.0,0.0,0.0,0.0,0.0,0.0,1.0,0.0,0.0
12,6,0.0,0.0,0.0,0.0,0.0,0.0,1.0,0.0,0.0
12,6,0.0,0.0,0.0,0.0,0.0,0.0,1.0,0.0,0.0
12,6,0.0,0.0,0.0,0.0,0.0,0.0,1.0,0.0,0.0
12,6,0.0,0.0,0.0,0.0,0.0,0.0,1.0,0.0,0.0
12,6,0.0,0.0,0.0,0.0,0.0,0.0,1.0,0.0,0.0
12,6,0.0,0.0,0.0,0.0,0.0,0.0,1.0,0.0,0.0
12,6,0.0,0.0,0.0,0.0,0.0,0.0,1.0,0.0,0.0
12,6,0.0,0.0,0.0,0.0,0.0,0.0,1.0,0.0,0.0
12,6,0.0,0.0,0.0,0.0,0.0,0.0,1.0,0.0,0.0
12,6,0.0,0.0,0.0,0.0,0.0,0.0,1.0,0.0,0.0
12,6,0.0,0.0,0.0,0.0,0.0,0.0,1.0,0.0,0.0
12,6,0.0,0.0,0.0,0.0,0.0,0.0,1.0,0.0,0.0
12,6,0.0,0.0,0.0,0.0,0.0,0.0,1.0,0.0,0.0
12,6,0.0,0.0,0.0,0.0,0.0,0.0,1.0,0.0,0.0
12,6,0.0,0.0,0.0,0.0,0.0,0.0,1.0,0.0,0.0
12,6,0.0,0.0,0.0,0.0,0.0,0.0,1.0,0.0,0.0
12,6,0.0,0.0,0.0,0.0,0.0,0.0,1.0,0.0,0.0
12,6,0.0,0.0,0.0,0.0,0.0,0.0,1.0,0.0,0.0
12,6,0.0,0.0,0.0,0.0,0.0,0.0,1.0,0.0,0.0
12,6,0.0,0.0,0.0,0.0,0.0,0.0,1.0,0.0,0.0
12,6,0.0,0.0,0.0,0.0,0.0,0.0,1.0,0.0,0.0
12,6,0.0,0.0,0.0,0.0,0.0,0.0,1.0,0.0,0.0
12,6,0.0,0.0,0.0,0.0,0.0,0.0,1.0,0.0,0.0
12,6,0.0,0.0,0.0,0.0,0.0,0.0,1.0,0.0,0.0
12,6,0.0,0.0,0.0,0.0,0.0,0.0,1.0,0.0,0.0
12,6,0.0,0.0,0.0,0.0,0.0,0.0,1.0,0.0,0.0
12,6,0.0,0.0,0.0,0.0,0.0,0.0,1.0,0.0,0.0
12,6,0.0,0.0,0.0,0.0,0.0,0.0,1.0,0.0,0.0
12,6,0.0,0.0,0.0,0.0,0.0,0.0,1.0,0.0,0.0
12,6,0.0,0.0,0.0,0.0,0.0,0.0,1.0,0.0,0.0
12,6,0.0,0.0,0.0,0.0,0.0,0.0,1.0,0.0,0.0
12,6,0.0,0.0,0.0,0.0,0.0,0.0,1.0,0.0,0.0
12,6,0.0,0.0,0.0,0.0,0.0,0.0,1.0,0.0,0.0
12,6,0.0,0.0,0.0,0.0,0.0,0.0,1.0,0.0,0.0
12,6,0.0,0.0,0.0,0.0,0.0,0.0,1.0,0.0,0.0
12,6,0.0,0.0,0.0,0.0,0.0,0.0,1.0,0.0,0.0
12,6,0.0,0.0,0.0,0.0,0.0,0.0,1.0,0.0,0.0
12,6,0.0,0.0,0.0,0.0,0.0,0.0,1.0,0.0,0.0
12,6,0.0,0.0,0.0,0.0,0.0,0.0,1.0,0.0,0.0
12,6,0.0,0.0,0.0,0.0,0.0,0.0,1.0,0.0,0.0
12,6,0.0,0.0,0.0,0.0,0.0,0.0,1.0,0.0,0.0
12,6,0.0,0.0,0.0,0.0,0.0,0.0,1.0,0.0,0.0
12,6,0.0,0.0,0.0,0.0,0.0,0.0,1.0,0.0,0.0
12,6,0.0,0.0,0.0,0.0,0.0,0.0,1.0,0.0,0.0
12,6,0.0,0.0,0.0,0.0,0.0,0.0,1.0,0.0,0.0
12,6,0.0,0.0,0.0,0.0,0.0,0.0,1.0,0.0,0.0
12,6,0.0,0.0,0.0,0.0,0.0,0.0,1.0,0.0,0.0
12,6,0.0,0.0,0.0,0.0,0.0,0.0,1.0,0.0,0.0
12,6,0.0,0.0,0.0,0.0,0.0,0.0,1.0,0.0,0.0
12,6,0.0,0.0,0.0,0.0,0.0,0.0,1.0,0.0,0.0
12,6,0.0,0.0,0.0,0.0,0.0,0.0,1.0,0.0,0.0
12,6,0.0,0.0,0.0,0.0,0.0,0.0,1.0,0.0,0.0
12,6,0.0,0.0,0.0,0.0,0.0,0.0,1.0,0.0,0.0
12,6,0.0,0.0,0.0,0.0,0.0,0.0,1.0,0.0,0.0
12,6,0.0,0.0,0.0,0.0,0.0,0.0,1.0,0.0,0.0
12,6,0.0,0.0,0.0,0.0,0.0,0.0,1.0,0.0,0.0
12,6,0.0,0.0,0.0,0.0,0.0,0.0,1.0,0.0,0.0
12,6,0.0,0.0,0.0,0.0,0.0,0.0,1.0,0.0,0.0
12,6,0.0,0.0,0.0,0.0,0.0,0.0,1.0,0.0,0.0
12,6,0.0,0.0,0.0,0.0,0.0,0.0,1.0,0.0,0.0
12,6,0.0,0.0,0.0,0.0,0.0,0.0,1.0,0.0,0.0
12,6,0.0,0.0,0.0,0.0,0.0,0.0,1.0,0.0,0.0
12,6,0.0,0.0,0.0,0.0,0.0,0.0,1.0,0.0,0.0
12,6,0.0,0.0,0.0,0.0,0.0,0.0,1.0,0.0,0.0
12,6,0.0,0.0,0.0,0.0,0.0,0.0,1.0,0.0,0.0
12,6,0.0,0.0,0.0,0.0,0.0,0.0,1.0,0.0,0.0
12,6,0.0,0.0,0.0,0.0,0.0,0.0,1.0,0.0,0.0
12,6,0.0,0.0,0.0,0.0,0.0,0.0,1.0,0.0,0.0
12,6,0.0,0.0,0.0,0.0,0.0,0.0,1.0,0.0,0.0
12,6,0.0,0.0,0.0,0.0,0.0,0.0,1.0,0.0,0.0
12,6,0.0,0.0,0.0,0.0,0.0,0.0,1.0,0.0,0.0
12,6,0.0,0.0,0.0,0.0,0.0,0.0,1.0,0.0,0.0
12,6,0.0,0.0,0.0,0.0,0.0,0.0,1.0,0.0,0.0
12,6,0.0,0.0,0.0,0.0,0.0,0.0,1.0,0.0,0.0
12,6,0.0,0.0,0.0,0.0,0.0,0.0,1.0,0.0,0.0
12,6,0.0,0.0,0.0,0.0,0.0,0.0,1.0,0.0,0.0
12,6,0.0,0.0,0.0,0.0,0.0,0.0,1.0,0.0,0.0
12,6,0.0,0.0,0.0,0.0,0.0,0.0,1.0,0.0,0.0
12,6,0.0,0.0,0.0,0.0,0.0,0.0,1.0,0.0,0.0
12,6,0.0,0.0,0.0,0.0,0.0,0.0,1.0,0.0,0.0
12,6,0.0,0.0,0.0,0.0,0.0,0.0,1.0,0.0,0.0
12,6,0.0,0.0,0.0,0.0,0.0,0.0,1.0,0.0,0.0
12,6,0.0,0.0,0.0,0.0,0.0,0.0,1.0,0.0,0.0
12,6,0.0,0.0,0.0,0.0,0.0,0.0,1.0,0.0,0.0
12,6,0.0,0.0,0.0,0.0,0.0,0.0,1.0,0.0,0.0
12,6,0.0,0.0,0.0,0.0,0.0,0.0,1.0,0.0,0.0
12,6,0.0,0.0,0.0,0.0,0.0,0.0,1.0,0.0,0.0
12,6,0.0,0.0,0.0,0.0,0.0,0.0,1.0,0.0,0.0
12,6,0.0,0.0,0.0,0.0,0.0,0.0,1.0,0.0,0.0
12,6,0.0,0.0,0.0,0.0,0.0,0.0,1.0,0.0,0.0
12,6,0.0,0.0,0.0,0.0,0.0,0.0,1.0,0.0,0.0
12,6,0.0,0.0,0.0,0.0,0.0,0.0,1.0,0.0,0.0
12,6,0.0,0.0,0.0,0.0,0.0,0.0,1.0,0.0,0.0
12,6,0.0,0.0,0.0,0.0,0.0,0.0,1.0,0.0,0.0
12,6,0.0,0.0,0.0,0.0,0.0,0.0,1.0,0.0,0.0
12,6,0.0,0.0,0.0,0.0,0.0,0.0,1.0,0.0,0.0
12,6,0.0,0.0,0.0,0.0,0.0,0.0,1.0,0.0,0.0
12,6,0.0,0.0,0.0,0.0,0.0,0.0,1.0,0.0,0.0
12,6,0.0,0.0,0.0,0.0,0.0,0.0,1.0,0.0,0.0
12,6,0.0,0.0,0.0,0.0,0.0,0.0,1.0,0.0,0.0
12,6,0.0,0.0,0.0,0.0,0.0,0.0,1.0,0.0,0.0
12,6,0.0,0.0,0.0,0.0,0.0,0.0,1.0,0.0,0.0
12,6,0.0,0.0,0.0,0.0,0.0,0.0,1.0,0.0,0.0
12,6,0.0,0.0,0.0,0.0,0.0,0.0,1.0,0.0,0.0
12,6,0.0,0.0,0.0,0.0,0.0,0.0,1.0,0.0,0.0
12,6,0.0,0.0,0.0,0.0,0.0,0.0,1.0,0.0,0.0
12,6,0.0,0.0,0.0,0.0,0.0,0.0,1.0,0.0,0.0
12,6,0.0,0.0,0.0,0.0,0.0,0.0,1.0,0.0,0.0
12,6,0.0,0.0,0.0,0.0,0.0,0.0,1.0,0.0,0.0
12,6,0.0,0.0,0.0,0.0,0.0,0.0,1.0,0.0,0.0
12,6,0.0,0.0,0.0,0.0,0.0,0.0,1.0,0.0,0.0
12,6,0.0,0.0,0.0,0.0,0.0,0.0,1.0,0.0,0.0
12,6,0.0,0.0,0.0,0.0,0.0,0.0,1.0,0.0,0.0
12,6,0.0,0.0,0.0,0.0,0.0,0.0,1.0,0.0,0.0
12,6,0.0,0.0,0.0,0.0,0.0,0.0,1.0,0.0,0.0
12,6,0.0,0.0,0.0,0.0,0.0,0.0,1.0,0.0,0.0
12,6,0.0,0.0,0.0,0.0,0.0,0.0,1.0,0.0,0.0
12,6,0.0,0.0,0.0,0.0,0.0,0.0,1.0,0.0,0.0
12,6,0.0,0.0,0.0,0.0,0.0,0.0,1.0,0.0,0.0
12,6,0.0,0.0,0.0,0.0,0.0,0.0,1.0,0.0,0.0
12,6,0.0,0.0,0.0,0.0,0.0,0.0,1.0,0.0,0.0
12,6,0.0,0.0,0.0,0.0,0.0,0.0,1.0,0.0,0.0
12,6,0.0,0.0,0.0,0.0,0.0,0.0,1.0,0.0,0.0
12,6,0.0,0.0,0.0,0.0,0.0,0.0,1.0,0.0,0.0
12,6,0.0,0.0,0.0,0.0,0.0,0.0,1.0,0.0,0.0
12,6,0.0,0.0,0.0,0.0,0.0,0.0,1.0,0.0,0.0
12,6,0.0,0.0,0.0,0.0,0.0,0.0,1.0,0.0,0.0
12,6,0.0,0.0,0.0,0.0,0.0,0.0,1.0,0.0,0.0
12,6,0.0,0.0,0.0,0.0,0.0,0.0,1.0,0.0,0.0
12,6,0.0,0.0,0.0,0.0,0.0,0.0,1.0,0.0,0.0
12,6,0.0,0.0,0.0,0.0,0.0,0.0,1.0,0.0,0.0
12,6,0.0,0.0,0.0,0.0,0.0,0.0,1.0,0.0,0.0
12,6,0.0,0.0,0.0,0.0,0.0,0.0,1.0,0.0,0.0
12,6,0.0,0.0,0.0,0.0,0.0,0.0,1.0,0.0,0.0
12,6,0.0,0.0,0.0,0.0,0.0,0.0,1.0,0.0,0.0
12,6,0.0,0.0,0.0,0.0,0.0,0.0,1.0,0.0,0.0
12,6,0.0,0.0,0.0,0.0,0.0,0.0,1.0,0.0,0.0
12,6,0.0,0.0,0.0,0.0,0.0,0.0,1.0,0.0,0.0
12,6,0.0,0.0,0.0,0.0,0.0,0.0,1.0,0.0,0.0
12,6,0.0,0.0,0.0,0.0,0.0,0.0,1.0,0.0,0.0
12,6,0.0,0.0,0.0,0.0,0.0,0.0,1.0,0.0,0.0
12,6,0.0,0.0,0.0,0.0,0.0,0.0,1.0,0.0,0.0
12,6,0.0,0.0,0.0,0.0,0.0,0.0,1.0,0.0,0.0
12,6,0.0,0.0,0.0,0.0,0.0,0.0,1.0,0.0,0.0
12,6,0.0,0.0,0.0,0.0,0.0,0.0,1.0,0.0,0.0
12,6,0.0,0.0,0.0,0.0,0.0,0.0,1.0,0.0,0.0
12,6,0.0,0.0,0.0,0.0,0.0,0.0,1.0,0.0,0.0
12,6,0.0,0.0,0.0,0.0,0.0,0.0,1.0,0.0,0.0
12,6,0.0,0.0,0.0,0.0,0.0,0.0,1.0,0.0,0.0
12,6,0.0,0.0,0.0,0.0,0.0,0.0,1.0,0.0,0.0
12,6,0.0,0.0,0.0,0.0,0.0,0.0,1.0,0.0,0.0
12,6,0.0,0.0,0.0,0.0,0.0,0.0,1.0,0.0,0.0
12,6,0.0,0.0,0.0,0.0,0.0,0.0,1.0,0.0,0.0
12,6,0.0,0.0,0.0,0.0,0.0,0.0,1.0,0.0,0.0
12,6,0.0,0.0,0.0,0.0,0.0,0.0,1.0,0.0,0.0
12,6,0.0,0.0,0.0,0.0,0.0,0.0,1.0,0.0,0.0
12,6,0.0,0.0,0.0,0.0,0.0,0.0,1.0,0.0,0.0
12,6,0.0,0.0,0.0,0.0,0.0,0.0,1.0,0.0,0.0
12,6,0.0,0.0,0.0,0.0,0.0,0.0,1.0,0.0,0.0
12,6,0.0,0.0,0.0,0.0,0.0,0.0,1.0,0.0,0.0
12,6,0.0,0.0,0.0,0.0,0.0,0.0,1.0,0.0,0.0
12,6,0.0,0.0,0.0,0.0,0.0,0.0,1.0,0.0,0.0
12,6,0.0,0.0,0.0,0.0,0.0,0.0,1.0,0.0,0.0
12,6,0.0,0.0,0.0,0.0,0.0,0.0,1.0,0.0,0.0
12,6,0.0,0.0,0.0,0.0,0.0,0.0,1.0,0.0,0.0
12,6,0.0,0.0,0.0,0.0,0.0,0.0,1.0,0.0,0.0
12,6,0.0,0.0,0.0,0.0,0.0,0.0,1.0,0.0,0.0
12,6,0.0,0.0,0.0,0.0,0.0,0.0,1.0,0.0,0.0
12,6,0.0,0.0,0.0,0.0,0.0,0.0,1.0,0.0,0.0
12,6,0.0,0.0,0.0,0.0,0.0,0.0,1.0,0.0,0.0
12,6,0.0,0.0,0.0,0.0,0.0,0.0,1.0,0.0,0.0
12,6,0.0,0.0,0.0,0.0,0.0,0.0,1.0,0.0,0.0
12,6,0.0,0.0,0.0,0.0,0.0,0.0,1.0,0.0,0.0
12,6,0.0,0.0,0.0,0.0,0.0,0.0,1.0,0.0,0.0
12,6,0.0,0.0,0.0,0.0,0.0,0.0,1.0,0.0,0.0
12,6,0.0,0.0,0.0,0.0,0.0,0.0,1.0,0.0,0.0
12,6,0.0,0.0,0.0,0.0,0.0,0.0,1.0,0.0,0.0
12,6,0.0,0.0,0.0,0.0,0.0,0.0,1.0,0.0,0.0
12,6,0.0,0.0,0.0,0.0,0.0,0.0,1.0,0.0,0.0
12,6,0.0,0.0,0.0,0.0,0.0,0.0,1.0,0.0,0.0
12,6,0.0,0.0,0.0,0.0,0.0,0.0,1.0,0.0,0.0
12,6,0.0,0.0,0.0,0.0,0.0,0.0,1.0,0.0,0.0
12,6,0.0,0.0,0.0,0.0,0.0,0.0,1.0,0.0,0.0
12,6,0.0,0.0,0.0,0.0,0.0,0.0,1.0,0.0,0.0
12,6,0.0,0.0,0.0,0.0,0.0,0.0,1.0,0.0,0.0
12,6,0.0,0.0,0.0,0.0,0.0,0.0,1.0,0.0,0.0
12,6,0.0,0.0,0.0,0.0,0.0,0.0,1.0,0.0,0.0
12,6,0.0,0.0,0.0,0.0,0.0,0.0,1.0,0.0,0.0
12,6,0.0,0.0,0.0,0.0,0.0,0.0,1.0,0.0,0.0
12,6,0.0,0.0,0.0,0.0,0.0,0.0,1.0,0.0,0.0
12,6,0.0,0.0,0.0,0.0,0.0,0.0,1.0,0.0,0.0
12,6,0.0,0.0,0.0,0.0,0.0,0.0,1.0,0.0,0.0
12,6,0.0,0.0,0.0,0.0,0.0,0.0,1.0,0.0,0.0
12,6,0.0,0.0,0.0,0.0,0.0,0.0,1.0,0.0,0.0
12,6,0.0,0.0,0.0,0.0,0.0,0.0,1.0,0.0,0.0
12,6,0.0,0.0,0.0,0.0,0.0,0.0,1.0,0.0,0.0
12,6,0.0,0.0,0.0,0.0,0.0,0.0,1.0,0.0,0.0
12,6,0.0,0.0,0.0,0.0,0.0,0.0,1.0,0.0,0.0
12,6,0.0,0.0,0.0,0.0,0.0,0.0,1.0,0.0,0.0
12,6,0.0,0.0,0.0,0.0,0.0,0.0,1.0,0.0,0.0
12,6,0.0,0.0,0.0,0.0,0.0,0.0,1.0,0.0,0.0
12,6,0.0,0.0,0.0,0.0,0.0,0.0,1.0,0.0,0.0
12,6,0.0,0.0,0.0,0.0,0.0,0.0,1.0,0.0,0.0
12,6,0.0,0.0,0.0,0.0,0.0,0.0,1.0,0.0,0.0
12,6,0.0,0.0,0.0,0.0,0.0,0.0,1.0,0.0,0.0
12,6,0.0,0.0,0.0,0.0,0.0,0.0,1.0,0.0,0.0
12,6,0.0,0.0,0.0,0.0,0.0,0.0,1.0,0.0,0.0
12,6,0.0,0.0,0.0,0.0,0.0,0.0,1.0,0.0,0.0
12,6,0.0,0.0,0.0,0.0,0.0,0.0,1.0,0.0,0.0
12,6,0.0,0.0,0.0,0.0,0.0,0.0,1.0,0.0,0.0
12,6,0.0,0.0,0.0,0.0,0.0,0.0,1.0,0.0,0.0
12,6,0.0,0.0,0.0,0.0,0.0,0.0,1.0,0.0,0.0
12,6,0.0,0.0,0.0,0.0,0.0,0.0,1.0,0.0,0.0
12,6,0.0,0.0,0.0,0.0,0.0,0.0,1.0,0.0,0.0
12,6,0.0,0.0,0.0,0.0,0.0,0.0,1.0,0.0,0.0
12,6,0.0,0.0,0.0,0.0,0.0,0.0,1.0,0.0,0.0
12,6,0.0,0.0,0.0,0.0,0.0,0.0,1.0,0.0,0.0
12,6,0.0,0.0,0.0,0.0,0.0,0.0,1.0,0.0,0.0
12,6,0.0,0.0,0.0,0.0,0.0,0.0,1.0,0.0,0.0
12,6,0.0,0.0,0.0,0.0,0.0,0.0,1.0,0.0,0.0
12,6,0.0,0.0,0.0,0.0,0.0,0.0,1.0,0.0,0.0
12,6,0.0,0.0,0.0,0.0,0.0,0.0,1.0,0.0,0.0
12,6,0.0,0.0,0.0,0.0,0.0,0.0,1.0,0.0,0.0
12,6,0.0,0.0,0.0,0.0,0.0,0.0,1.0,0.0,0.0
12,6,0.0,0.0,0.0,0.0,0.0,0.0,1.0,0.0,0.0
12,6,0.0,0.0,0.0,0.0,0.0,0.0,1.0,0.0,0.0
12,6,0.0,0.0,0.0,0.0,0.0,0.0,1.0,0.0,0.0
12,6,0.0,0.0,0.0,0.0,0.0,0.0,1.0,0.0,0.0
12,6,0.0,0.0,0.0,0.0,0.0,0.0,1.0,0.0,0.0
12,6,0.0,0.0,0.0,0.0,0.0,0.0,1.0,0.0,0.0
12,6,0.0,0.0,0.0,0.0,0.0,0.0,1.0,0.0,0.0
12,6,0.0,0.0,0.0,0.0,0.0,0.0,1.0,0.0,0.0
12,6,0.0,0.0,0.0,0.0,0.0,0.0,1.0,0.0,0.0
12,6,0.0,0.0,0.0,0.0,0.0,0.0,1.0,0.0,0.0
12,6,0.0,0.0,0.0,0.0,0.0,0.0,1.0,0.0,0.0
12,6,0.0,0.0,0.0,0.0,0.0,0.0,1.0,0.0,0.0
12,6,0.0,0.0,0.0,0.0,0.0,0.0,1.0,0.0,0.0
12,6,0.0,0.0,0.0,0.0,0.0,0.0,1.0,0.0,0.0
12,6,0.0,0.0,0.0,0.0,0.0,0.0,1.0,0.0,0.0
12,6,0.0,0.0,0.0,0.0,0.0,0.0,1.0,0.0,0.0
12,6,0.0,0.0,0.0,0.0,0.0,0.0,1.0,0.0,0.0
12,6,0.0,0.0,0.0,0.0,0.0,0.0,1.0,0.0,0.0
12,6,0.0,0.0,0.0,0.0,0.0,0.0,1.0,0.0,0.0
12,6,0.0,0.0,0.0,0.0,0.0,0.0,1.0,0.0,0.0
12,6,0.0,0.0,0.0,0.0,0.0,0.0,1.0,0.0,0.0
12,6,0.0,0.0,0.0,0.0,0.0,0.0,1.0,0.0,0.0
12,6,0.0,0.0,0.0,0.0,0.0,0.0,1.0,0.0,0.0
12,6,0.0,0.0,0.0,0.0,0.0,0.0,1.0,0.0,0.0
12,6,0.0,0.0,0.0,0.0,0.0,0.0,1.0,0.0,0.0
12,6,0.0,0.0,0.0,0.0,0.0,0.0,1.0,0.0,0.0
12,6,0.0,0.0,0.0,0.0,0.0,0.0,1.0,0.0,0.0
12,6,0.0,0.0,0.0,0.0,0.0,0.0,1.0,0.0,0.0
12,6,0.0,0.0,0.0,0.0,0.0,0.0,1.0,0.0,0.0
12,6,0.0,0.0,0.0,0.0,0.0,0.0,1.0,0.0,0.0
12,6,0.0,0.0,0.0,0.0,0.0,0.0,1.0,0.0,0.0
12,6,0.0,0.0,0.0,0.0,0.0,0.0,1.0,0.0,0.0
12,6,0.0,0.0,0.0,0.0,0.0,0.0,1.0,0.0,0.0
12,6,0.0,0.0,0.0,0.0,0.0,0.0,1.0,0.0,0.0
12,6,0.0,0.0,0.0,0.0,0.0,0.0,1.0,0.0,0.0
12,6,0.0,0.0,0.0,0.0,0.0,0.0,1.0,0.0,0.0
12,6,0.0,0.0,0.0,0.0,0.0,0.0,1.0,0.0,0.0
12,6,0.0,0.0,0.0,0.0,0.0,0.0,1.0,0.0,0.0
12,6,0.0,0.0,0.0,0.0,0.0,0.0,1.0,0.0,0.0
12,6,0.0,0.0,0.0,0.0,0.0,0.0,1.0,0.0,0.0
12,6,0.0,0.0,0.0,0.0,0.0,0.0,1.0,0.0,0.0
12,6,0.0,0.0,0.0,0.0,0.0,0.0,1.0,0.0,0.0
12,6,0.0,0.0,0.0,0.0,0.0,0.0,1.0,0.0,0.0
12,6,0.0,0.0,0.0,0.0,0.0,0.0,1.0,0.0,0.0
12,6,0.0,0.0,0.0,0.0,0.0,0.0,1.0,0.0,0.0
12,6,0.0,0.0,0.0,0.0,0.0,0.0,1.0,0.0,0.0
12,6,0.0,0.0,0.0,0.0,0.0,0.0,1.0,0.0,0.0
12,6,0.0,0.0,0.0,0.0,0.0,0.0,1.0,0.0,0.0
12,6,0.0,0.0,0.0,0.0,0.0,0.0,1.0,0.0,0.0
12,6,0.0,0.0,0.0,0.0,0.0,0.0,1.0,0.0,0.0
12,6,0.0,0.0,0.0,0.0,0.0,0.0,1.0,0.0,0.0
12,6,0.0,0.0,0.0,0.0,0.0,0.0,1.0,0.0,0.0
12,6,0.0,0.0,0.0,0.0,0.0,0.0,1.0,0.0,0.0
12,6,0.0,0.0,0.0,0.0,0.0,0.0,1.0,0.0,0.0
12,6,0.0,0.0,0.0,0.0,0.0,0.0,1.0,0.0,0.0
12,6,0.0,0.0,0.0,0.0,0.0,0.0,1.0,0.0,0.0
12,6,0.0,0.0,0.0,0.0,0.0,0.0,1.0,0.0,0.0
12,6,0.0,0.0,0.0,0.0,0.0,0.0,1.0,0.0,0.0
12,6,0.0,0.0,0.0,0.0,0.0,0.0,1.0,0.0,0.0
12,6,0.0,0.0,0.0,0.0,0.0,0.0,1.0,0.0,0.0
12,6,0.0,0.0,0.0,0.0,0.0,0.0,1.0,0.0,0.0
12,6,0.0,0.0,0.0,0.0,0.0,0.0,1.0,0.0,0.0
12,6,0.0,0.0,0.0,0.0,0.0,0.0,1.0,0.0,0.0
12,6,0.0,0.0,0.0,0.0,0.0,0.0,1.0,0.0,0.0
12,6,0.0,0.0,0.0,0.0,0.0,0.0,1.0,0.0,0.0
12,6,0.0,0.0,0.0,0.0,0.0,0.0,1.0,0.0,0.0
12,6,0.0,0.0,0.0,0.0,0.0,0.0,1.0,0.0,0.0
12,6,0.0,0.0,0.0,0.0,0.0,0.0,1.0,0.0,0.0
12,6,0.0,0.0,0.0,0.0,0.0,0.0,1.0,0.0,0.0
12,6,0.0,0.0,0.0,0.0,0.0,0.0,1.0,0.0,0.0
12,6,0.0,0.0,0.0,0.0,0.0,0.0,1.0,0.0,0.0
12,6,0.0,0.0,0.0,0.0,0.0,0.0,1.0,0.0,0.0
12,6,0.0,0.0,0.0,0.0,0.0,0.0,1.0,0.0,0.0
12,6,0.0,0.0,0.0,0.0,0.0,0.0,1.0,0.0,0.0
12,6,0.0,0.0,0.0,0.0,0.0,0.0,1.0,0.0,0.0
12,6,0.0,0.0,0.0,0.0,0.0,0.0,1.0,0.0,0.0
12,6,0.0,0.0,0.0,0.0,0.0,0.0,1.0,0.0,0.0
12,6,0.0,0.0,0.0,0.0,0.0,0.0,1.0,0.0,0.0
12,6,0.0,0.0,0.0,0.0,0.0,0.0,1.0,0.0,0.0
12,6,0.0,0.0,0.0,0.0,0.0,0.0,1.0,0.0,0.0
12,6,0.0,0.0,0.0,0.0,0.0,0.0,1.0,0.0,0.0
12,6,0.0,0.0,0.0,0.0,0.0,0.0,1.0,0.0,0.0
12,6,0.0,0.0,0.0,0.0,0.0,0.0,1.0,0.0,0.0
12,6,0.0,0.0,0.0,0.0,0.0,0.0,1.0,0.0,0.0
12,6,0.0,0.0,0.0,0.0,0.0,0.0,1.0,0.0,0.0
12,6,0.0,0.0,0.0,0.0,0.0,0.0,1.0,0.0,0.0
12,6,0.0,0.0,0.0,0.0,0.0,0.0,1.0,0.0,0.0
12,6,0.0,0.0,0.0,0.0,0.0,0.0,1.0,0.0,0.0
12,6,0.0,0.0,0.0,0.0,0.0,0.0,1.0,0.0,0.0
12,6,0.0,0.0,0.0,0.0,0.0,0.0,1.0,0.0,0.0
12,6,0.0,0.0,0.0,0.0,0.0,0.0,1.0,0.0,0.0
12,6,0.0,0.0,0.0,0.0,0.0,0.0,1.0,0.0,0.0
12,6,0.0,0.0,0.0,0.0,0.0,0.0,1.0,0.0,0.0
12,6,0.0,0.0,0.0,0.0,0.0,0.0,1.0,0.0,0.0
12,6,0.0,0.0,0.0,0.0,0.0,0.0,1.0,0.0,0.0
12,6,0.0,0.0,0.0,0.0,0.0,0.0,1.0,0.0,0.0
12,6,0.0,0.0,0.0,0.0,0.0,0.0,1.0,0.0,0.0
12,6,0.0,0.0,0.0,0.0,0.0,0.0,1.0,0.0,0.0
12,6,0.0,0.0,0.0,0.0,0.0,0.0,1.0,0.0,0.0
12,6,0.0,0.0,0.0,0.0,0.0,0.0,1.0,0.0,0.0
12,6,0.0,0.0,0.0,0.0,0.0,0.0,1.0,0.0,0.0
12,6,0.0,0.0,0.0,0.0,0.0,0.0,1.0,0.0,0.0
12,6,0.0,0.0,0.0,0.0,0.0,0.0,1.0,0.0,0.0
12,6,0.0,0.0,0.0,0.0,0.0,0.0,1.0,0.0,0.0
12,6,0.0,0.0,0.0,0.0,0.0,0.0,1.0,0.0,0.0
12,6,0.0,0.0,0.0,0.0,0.0,0.0,1.0,0.0,0.0
12,6,0.0,0.0,0.0,0.0,0.0,0.0,1.0,0.0,0.0
12,6,0.0,0.0,0.0,0.0,0.0,0.0,1.0,0.0,0.0
12,6,0.0,0.0,0.0,0.0,0.0,0.0,1.0,0.0,0.0
12,6,0.0,0.0,0.0,0.0,0.0,0.0,1.0,0.0,0.0
12,6,0.0,0.0,0.0,0.0,0.0,0.0,1.0,0.0,0.0
12,6,0.0,0.0,0.0,0.0,0.0,0.0,1.0,0.0,0.0
12,6,0.0,0.0,0.0,0.0,0.0,0.0,1.0,0.0,0.0
12,6,0.0,0.0,0.0,0.0,0.0,0.0,1.0,0.0,0.0
12,6,0.0,0.0,0.0,0.0,0.0,0.0,1.0,0.0,0.0
12,6,0.0,0.0,0.0,0.0,0.0,0.0,1.0,0.0,0.0
12,6,0.0,0.0,0.0,0.0,0.0,0.0,1.0,0.0,0.0
12,6,0.0,0.0,0.0,0.0,0.0,0.0,1.0,0.0,0.0
12,6,0.0,0.0,0.0,0.0,0.0,0.0,1.0,0.0,0.0
12,6,0.0,0.0,0.0,0.0,0.0,0.0,1.0,0.0,0.0
12,6,0.0,0.0,0.0,0.0,0.0,0.0,1.0,0.0,0.0
12,6,0.0,0.0,0.0,0.0,0.0,0.0,1.0,0.0,0.0
12,6,0.0,0.0,0.0,0.0,0.0,0.0,1.0,0.0,0.0
12,6,0.0,0.0,0.0,0.0,0.0,0.0,1.0,0.0,0.0
12,6,0.0,0.0,0.0,0.0,0.0,0.0,1.0,0.0,0.0
12,6,0.0,0.0,0.0,0.0,0.0,0.0,1.0,0.0,0.0
12,6,0.0,0.0,0.0,0.0,0.0,0.0,1.0,0.0,0.0
12,6,0.0,0.0,0.0,0.0,0.0,0.0,1.0,0.0,0.0
12,6,0.0,0.0,0.0,0.0,0.0,0.0,1.0,0.0,0.0
12,6,0.0,0.0,0.0,0.0,0.0,0.0,1.0,0.0,0.0
12,6,0.0,0.0,0.0,0.0,0.0,0.0,1.0,0.0,0.0
12,6,0.0,0.0,0.0,0.0,0.0,0.0,1.0,0.0,0.0
12,6,0.0,0.0,0.0,0.0,0.0,0.0,1.0,0.0,0.0
12,6,0.0,0.0,0.0,0.0,0.0,0.0,1.0,0.0,0.0
12,6,0.0,0.0,0.0,0.0,0.0,0.0,1.0,0.0,0.0
12,6,0.0,0.0,0.0,0.0,0.0,0.0,1.0,0.0,0.0
12,6,0.0,0.0,0.0,0.0,0.0,0.0,1.0,0.0,0.0
12,6,0.0,0.0,0.0,0.0,0.0,0.0,1.0,0.0,0.0
12,6,0.0,0.0,0.0,0.0,0.0,0.0,1.0,0.0,0.0
12,6,0.0,0.0,0.0,0.0,0.0,0.0,1.0,0.0,0.0
12,6,0.0,0.0,0.0,0.0,0.0,0.0,1.0,0.0,0.0
12,6,0.0,0.0,0.0,0.0,0.0,0.0,1.0,0.0,0.0
12,6,0.0,0.0,0.0,0.0,0.0,0.0,1.0,0.0,0.0
12,6,0.0,0.0,0.0,0.0,0.0,0.0,1.0,0.0,0.0
12,6,0.0,0.0,0.0,0.0,0.0,0.0,1.0,0.0,0.0
12,6,0.0,0.0,0.0,0.0,0.0,0.0,1.0,0.0,0.0
12,6,0.0,0.0,0.0,0.0,0.0,0.0,1.0,0.0,0.0
12,6,0.0,0.0,0.0,0.0,0.0,0.0,1.0,0.0,0.0
12,6,0.0,0.0,0.0,0.0,0.0,0.0,1.0,0.0,0.0
12,6,0.0,0.0,0.0,0.0,0.0,0.0,1.0,0.0,0.0
12,6,0.0,0.0,0.0,0.0,0.0,0.0,1.0,0.0,0.0
12,6,0.0,0.0,0.0,0.0,0.0,0.0,1.0,0.0,0.0
12,6,0.0,0.0,0.0,0.0,0.0,0.0,1.0,0.0,0.0
12,6,0.0,0.0,0.0,0.0,0.0,0.0,1.0,0.0,0.0
12,6,0.0,0.0,0.0,0.0,0.0,0.0,1.0,0.0,0.0
12,6,0.0,0.0,0.0,0.0,0.0,0.0,1.0,0.0,0.0
12,6,0.0,0.0,0.0,0.0,0.0,0.0,1.0,0.0,0.0
12,6,0.0,0.0,0.0,0.0,0.0,0.0,1.0,0.0,0.0
12,6,0.0,0.0,0.0,0.0,0.0,0.0,1.0,0.0,0.0
12,6,0.0,0.0,0.0,0.0,0.0,0.0,1.0,0.0,0.0
12,6,0.0,0.0,0.0,0.0,0.0,0.0,1.0,0.0,0.0
12,6,0.0,0.0,0.0,0.0,0.0,0.0,1.0,0.0,0.0
12,6,0.0,0.0,0.0,0.0,0.0,0.0,1.0,0.0,0.0
12,6,0.0,0.0,0.0,0.0,0.0,0.0,1.0,0.0,0.0
12,6,0.0,0.0,0.0,0.0,0.0,0.0,1.0,0.0,0.0
12,6,0.0,0.0,0.0,0.0,0.0,0.0,1.0,0.0,0.0
12,6,0.0,0.0,0.0,0.0,0.0,0.0,1.0,0.0,0.0
12,6,0.0,0.0,0.0,0.0,0.0,0.0,1.0,0.0,0.0
12,6,0.0,0.0,0.0,0.0,0.0,0.0,1.0,0.0,0.0
12,6,0.0,0.0,0.0,0.0,0.0,0.0,1.0,0.0,0.0
12,6,0.0,0.0,0.0,0.0,0.0,0.0,1.0,0.0,0.0
12,6,0.0,0.0,0.0,0.0,0.0,0.0,1.0,0.0,0.0
12,6,0.0,0.0,0.0,0.0,0.0,0.0,1.0,0.0,0.0
12,6,0.0,0.0,0.0,0.0,0.0,0.0,1.0,0.0,0.0
12,6,0.0,0.0,0.0,0.0,0.0,0.0,1.0,0.0,0.0
12,6,0.0,0.0,0.0,0.0,0.0,0.0,1.0,0.0,0.0
12,6,0.0,0.0,0.0,0.0,0.0,0.0,1.0,0.0,0.0
12,6,0.0,0.0,0.0,0.0,0.0,0.0,1.0,0.0,0.0
12,6,0.0,0.0,0.0,0.0,0.0,0.0,1.0,0.0,0.0
12,6,0.0,0.0,0.0,0.0,0.0,0.0,1.0,0.0,0.0
12,6,0.0,0.0,0.0,0.0,0.0,0.0,1.0,0.0,0.0
12,6,0.0,0.0,0.0,0.0,0.0,0.0,1.0,0.0,0.0
12,6,0.0,0.0,0.0,0.0,0.0,0.0,1.0,0.0,0.0
12,6,0.0,0.0,0.0,0.0,0.0,0.0,1.0,0.0,0.0
12,6,0.0,0.0,0.0,0.0,0.0,0.0,1.0,0.0,0.0
12,6,0.0,0.0,0.0,0.0,0.0,0.0,1.0,0.0,0.0
12,6,0.0,0.0,0.0,0.0,0.0,0.0,1.0,0.0,0.0
12,6,0.0,0.0,0.0,0.0,0.0,0.0,1.0,0.0,0.0
12,6,0.0,0.0,0.0,0.0,0.0,0.0,1.0,0.0,0.0
12,6,0.0,0.0,0.0,0.0,0.0,0.0,1.0,0.0,0.0
12,6,0.0,0.0,0.0,0.0,0.0,0.0,1.0,0.0,0.0
12,6,0.0,0.0,0.0,0.0,0.0,0.0,1.0,0.0,0.0
12,6,0.0,0.0,0.0,0.0,0.0,0.0,1.0,0.0,0.0
12,6,0.0,0.0,0.0,0.0,0.0,0.0,1.0,0.0,0.0
12,6,0.0,0.0,0.0,0.0,0.0,0.0,1.0,0.0,0.0
12,6,0.0,0.0,0.0,0.0,0.0,0.0,1.0,0.0,0.0
12,6,0.0,0.0,0.0,0.0,0.0,0.0,1.0,0.0,0.0
12,6,0.0,0.0,0.0,0.0,0.0,0.0,1.0,0.0,0.0
12,6,0.0,0.0,0.0,0.0,0.0,0.0,1.0,0.0,0.0
12,6,0.0,0.0,0.0,0.0,0.0,0.0,1.0,0.0,0.0
12,6,0.0,0.0,0.0,0.0,0.0,0.0,1.0,0.0,0.0
12,6,0.0,0.0,0.0,0.0,0.0,0.0,1.0,0.0,0.0
12,6,0.0,0.0,0.0,0.0,0.0,0.0,1.0,0.0,0.0
12,6,0.0,0.0,0.0,0.0,0.0,0.0,1.0,0.0,0.0
12,6,0.0,0.0,0.0,0.0,0.0,0.0,1.0,0.0,0.0
12,6,0.0,0.0,0.0,0.0,0.0,0.0,1.0,0.0,0.0
12,6,0.0,0.0,0.0,0.0,0.0,0.0,1.0,0.0,0.0
12,6,0.0,0.0,0.0,0.0,0.0,0.0,1.0,0.0,0.0
12,6,0.0,0.0,0.0,0.0,0.0,0.0,1.0,0.0,0.0
12,6,0.0,0.0,0.0,0.0,0.0,0.0,1.0,0.0,0.0
12,6,0.0,0.0,0.0,0.0,0.0,0.0,1.0,0.0,0.0
12,6,0.0,0.0,0.0,0.0,0.0,0.0,1.0,0.0,0.0
12,6,0.0,0.0,0.0,0.0,0.0,0.0,1.0,0.0,0.0
12,6,0.0,0.0,0.0,0.0,0.0,0.0,1.0,0.0,0.0
12,6,0.0,0.0,0.0,0.0,0.0,0.0,1.0,0.0,0.0
12,6,0.0,0.0,0.0,0.0,0.0,0.0,1.0,0.0,0.0
12,6,0.0,0.0,0.0,0.0,0.0,0.0,1.0,0.0,0.0
12,6,0.0,0.0,0.0,0.0,0.0,0.0,1.0,0.0,0.0
12,6,0.0,0.0,0.0,0.0,0.0,0.0,1.0,0.0,0.0
12,6,0.0,0.0,0.0,0.0,0.0,0.0,1.0,0.0,0.0
12,6,0.0,0.0,0.0,0.0,0.0,0.0,1.0,0.0,0.0
12,6,0.0,0.0,0.0,0.0,0.0,0.0,1.0,0.0,0.0
12,6,0.0,0.0,0.0,0.0,0.0,0.0,1.0,0.0,0.0
12,6,0.0,0.0,0.0,0.0,0.0,0.0,1.0,0.0,0.0
12,6,0.0,0.0,0.0,0.0,0.0,0.0,1.0,0.0,0.0
12,6,0.0,0.0,0.0,0.0,0.0,0.0,1.0,0.0,0.0
12,6,0.0,0.0,0.0,0.0,0.0,0.0,1.0,0.0,0.0
12,6,0.0,0.0,0.0,0.0,0.0,0.0,1.0,0.0,0.0
12,6,0.0,0.0,0.0,0.0,0.0,0.0,1.0,0.0,0.0
12,6,0.0,0.0,0.0,0.0,0.0,0.0,1.0,0.0,0.0
12,6,0.0,0.0,0.0,0.0,0.0,0.0,1.0,0.0,0.0
12,6,0.0,0.0,0.0,0.0,0.0,0.0,1.0,0.0,0.0
12,6,0.0,0.0,0.0,0.0,0.0,0.0,1.0,0.0,0.0
12,6,0.0,0.0,0.0,0.0,0.0,0.0,1.0,0.0,0.0
12,6,0.0,0.0,0.0,0.0,0.0,0.0,1.0,0.0,0.0
12,6,0.0,0.0,0.0,0.0,0.0,0.0,1.0,0.0,0.0
12,6,0.0,0.0,0.0,0.0,0.0,0.0,1.0,0.0,0.0
12,6,0.0,0.0,0.0,0.0,0.0,0.0,1.0,0.0,0.0
12,6,0.0,0.0,0.0,0.0,0.0,0.0,1.0,0.0,0.0
12,6,0.0,0.0,0.0,0.0,0.0,0.0,1.0,0.0,0.0
12,6,0.0,0.0,0.0,0.0,0.0,0.0,1.0,0.0,0.0
12,6,0.0,0.0,0.0,0.0,0.0,0.0,1.0,0.0,0.0
12,6,0.0,0.0,0.0,0.0,0.0,0.0,1.0,0.0,0.0
12,6,0.0,0.0,0.0,0.0,0.0,0.0,1.0,0.0,0.0
12,6,0.0,0.0,0.0,0.0,0.0,0.0,1.0,0.0,0.0
12,6,0.0,0.0,0.0,0.0,0.0,0.0,1.0,0.0,0.0
12,6,0.0,0.0,0.0,0.0,0.0,0.0,1.0,0.0,0.0
12,6,0.0,0.0,0.0,0.0,0.0,0.0,1.0,0.0,0.0
12,6,0.0,0.0,0.0,0.0,0.0,0.0,1.0,0.0,0.0
12,6,0.0,0.0,0.0,0.0,0.0,0.0,1.0,0.0,0.0
12,6,0.0,0.0,0.0,0.0,0.0,0.0,1.0,0.0,0.0
12,6,0.0,0.0,0.0,0.0,0.0,0.0,1.0,0.0,0.0
12,6,0.0,0.0,0.0,0.0,0.0,0.0,1.0,0.0,0.0
12,6,0.0,0.0,0.0,0.0,0.0,0.0,1.0,0.0,0.0
12,6,0.0,0.0,0.0,0.0,0.0,0.0,1.0,0.0,0.0
12,6,0.0,0.0,0.0,0.0,0.0,0.0,1.0,0.0,0.0
12,6,0.0,0.0,0.0,0.0,0.0,0.0,1.0,0.0,0.0
12,6,0.0,0.0,0.0,0.0,0.0,0.0,1.0,0.0,0.0
12,6,0.0,0.0,0.0,0.0,0.0,0.0,1.0,0.0,0.0
12,6,0.0,0.0,0.0,0.0,0.0,0.0,1.0,0.0,0.0
12,6,0.0,0.0,0.0,0.0,0.0,0.0,1.0,0.0,0.0
12,6,0.0,0.0,0.0,0.0,0.0,0.0,1.0,0.0,0.0
12,6,0.0,0.0,0.0,0.0,0.0,0.0,1.0,0.0,0.0
12,6,0.0,0.0,0.0,0.0,0.0,0.0,1.0,0.0,0.0
12,6,0.0,0.0,0.0,0.0,0.0,0.0,1.0,0.0,0.0
12,6,0.0,0.0,0.0,0.0,0.0,0.0,1.0,0.0,0.0
12,6,0.0,0.0,0.0,0.0,0.0,0.0,1.0,0.0,0.0
12,6,0.0,0.0,0.0,0.0,0.0,0.0,1.0,0.0,0.0
12,6,0.0,0.0,0.0,0.0,0.0,0.0,1.0,0.0,0.0
12,6,0.0,0.0,0.0,0.0,0.0,0.0,1.0,0.0,0.0
12,6,0.0,0.0,0.0,0.0,0.0,0.0,1.0,0.0,0.0
12,6,0.0,0.0,0.0,0.0,0.0,0.0,1.0,0.0,0.0
12,6,0.0,0.0,0.0,0.0,0.0,0.0,1.0,0.0,0.0
12,6,0.0,0.0,0.0,0.0,0.0,0.0,1.0,0.0,0.0
12,6,0.0,0.0,0.0,0.0,0.0,0.0,1.0,0.0,0.0
12,6,0.0,0.0,0.0,0.0,0.0,0.0,1.0,0.0,0.0
12,6,0.0,0.0,0.0,0.0,0.0,0.0,1.0,0.0,0.0
12,6,0.0,0.0,0.0,0.0,0.0,0.0,1.0,0.0,0.0
12,6,0.0,0.0,0.0,0.0,0.0,0.0,1.0,0.0,0.0
12,6,0.0,0.0,0.0,0.0,0.0,0.0,1.0,0.0,0.0
12,6,0.0,0.0,0.0,0.0,0.0,0.0,1.0,0.0,0.0
12,6,0.0,0.0,0.0,0.0,0.0,0.0,1.0,0.0,0.0
12,6,0.0,0.0,0.0,0.0,0.0,0.0,1.0,0.0,0.0
12,6,0.0,0.0,0.0,0.0,0.0,0.0,1.0,0.0,0.0
12,6,0.0,0.0,0.0,0.0,0.0,0.0,1.0,0.0,0.0
12,6,0.0,0.0,0.0,0.0,0.0,0.0,1.0,0.0,0.0
12,6,0.0,0.0,0.0,0.0,0.0,0.0,1.0,0.0,0.0
12,6,0.0,0.0,0.0,0.0,0.0,0.0,1.0,0.0,0.0
12,6,0.0,0.0,0.0,0.0,0.0,0.0,1.0,0.0,0.0
12,6,0.0,0.0,0.0,0.0,0.0,0.0,1.0,0.0,0.0
12,6,0.0,0.0,0.0,0.0,0.0,0.0,1.0,0.0,0.0
12,6,0.0,0.0,0.0,0.0,0.0,0.0,1.0,0.0,0.0
12,6,0.0,0.0,0.0,0.0,0.0,0.0,1.0,0.0,0.0
12,6,0.0,0.0,0.0,0.0,0.0,0.0,1.0,0.0,0.0
12,6,0.0,0.0,0.0,0.0,0.0,0.0,1.0,0.0,0.0
12,6,0.0,0.0,0.0,0.0,0.0,0.0,1.0,0.0,0.0
12,6,0.0,0.0,0.0,0.0,0.0,0.0,1.0,0.0,0.0
12,6,0.0,0.0,0.0,0.0,0.0,0.0,1.0,0.0,0.0
12,6,0.0,0.0,0.0,0.0,0.0,0.0,1.0,0.0,0.0
12,6,0.0,0.0,0.0,0.0,0.0,0.0,1.0,0.0,0.0
12,6,0.0,0.0,0.0,0.0,0.0,0.0,1.0,0.0,0.0
12,6,0.0,0.0,0.0,0.0,0.0,0.0,1.0,0.0,0.0
12,6,0.0,0.0,0.0,0.0,0.0,0.0,1.0,0.0,0.0
12,6,0.0,0.0,0.0,0.0,0.0,0.0,1.0,0.0,0.0
12,6,0.0,0.0,0.0,0.0,0.0,0.0,1.0,0.0,0.0
12,6,0.0,0.0,0.0,0.0,0.0,0.0,1.0,0.0,0.0
12,6,0.0,0.0,0.0,0.0,0.0,0.0,1.0,0.0,0.0
12,6,0.0,0.0,0.0,0.0,0.0,0.0,1.0,0.0,0.0
12,6,0.0,0.0,0.0,0.0,0.0,0.0,1.0,0.0,0.0
12,6,0.0,0.0,0.0,0.0,0.0,0.0,1.0,0.0,0.0
12,6,0.0,0.0,0.0,0.0,0.0,0.0,1.0,0.0,0.0
12,6,0.0,0.0,0.0,0.0,0.0,0.0,1.0,0.0,0.0
12,6,0.0,0.0,0.0,0.0,0.0,0.0,1.0,0.0,0.0
12,6,0.0,0.0,0.0,0.0,0.0,0.0,1.0,0.0,0.0
12,6,0.0,0.0,0.0,0.0,0.0,0.0,1.0,0.0,0.0
12,6,0.0,0.0,0.0,0.0,0.0,0.0,1.0,0.0,0.0
12,6,0.0,0.0,0.0,0.0,0.0,0.0,1.0,0.0,0.0
12,6,0.0,0.0,0.0,0.0,0.0,0.0,1.0,0.0,0.0
12,6,0.0,0.0,0.0,0.0,0.0,0.0,1.0,0.0,0.0
12,6,0.0,0.0,0.0,0.0,0.0,0.0,1.0,0.0,0.0
12,6,0.0,0.0,0.0,0.0,0.0,0.0,1.0,0.0,0.0
12,6,0.0,0.0,0.0,0.0,0.0,0.0,1.0,0.0,0.0
12,6,0.0,0.0,0.0,0.0,0.0,0.0,1.0,0.0,0.0
12,6,0.0,0.0,0.0,0.0,0.0,0.0,1.0,0.0,0.0
12,6,0.0,0.0,0.0,0.0,0.0,0.0,1.0,0.0,0.0
12,6,0.0,0.0,0.0,0.0,0.0,0.0,1.0,0.0,0.0
12,6,0.0,0.0,0.0,0.0,0.0,0.0,1.0,0.0,0.0
12,6,0.0,0.0,0.0,0.0,0.0,0.0,1.0,0.0,0.0
12,6,0.0,0.0,0.0,0.0,0.0,0.0,1.0,0.0,0.0
12,6,0.0,0.0,0.0,0.0,0.0,0.0,1.0,0.0,0.0
12,6,0.0,0.0,0.0,0.0,0.0,0.0,1.0,0.0,0.0
12,6,0.0,0.0,0.0,0.0,0.0,0.0,1.0,0.0,0.0
12,6,0.0,0.0,0.0,0.0,0.0,0.0,1.0,0.0,0.0
12,6,0.0,0.0,0.0,0.0,0.0,0.0,1.0,0.0,0.0
12,6,0.0,0.0,0.0,0.0,0.0,0.0,1.0,0.0,0.0
12,6,0.0,0.0,0.0,0.0,0.0,0.0,1.0,0.0,0.0
12,6,0.0,0.0,0.0,0.0,0.0,0.0,1.0,0.0,0.0
12,6,0.0,0.0,0.0,0.0,0.0,0.0,1.0,0.0,0.0
12,6,0.0,0.0,0.0,0.0,0.0,0.0,1.0,0.0,0.0
12,6,0.0,0.0,0.0,0.0,0.0,0.0,1.0,0.0,0.0
12,6,0.0,0.0,0.0,0.0,0.0,0.0,1.0,0.0,0.0
12,6,0.0,0.0,0.0,0.0,0.0,0.0,1.0,0.0,0.0
12,6,0.0,0.0,0.0,0.0,0.0,0.0,1.0,0.0,0.0
12,6,0.0,0.0,0.0,0.0,0.0,0.0,1.0,0.0,0.0
12,6,0.0,0.0,0.0,0.0,0.0,0.0,1.0,0.0,0.0
12,6,0.0,0.0,0.0,0.0,0.0,0.0,1.0,0.0,0.0
12,6,0.0,0.0,0.0,0.0,0.0,0.0,1.0,0.0,0.0
12,6,0.0,0.0,0.0,0.0,0.0,0.0,1.0,0.0,0.0
12,6,0.0,0.0,0.0,0.0,0.0,0.0,1.0,0.0,0.0
12,6,0.0,0.0,0.0,0.0,0.0,0.0,1.0,0.0,0.0
12,6,0.0,0.0,0.0,0.0,0.0,0.0,1.0,0.0,0.0
12,6,0.0,0.0,0.0,0.0,0.0,0.0,1.0,0.0,0.0
12,6,0.0,0.0,0.0,0.0,0.0,0.0,1.0,0.0,0.0
12,6,0.0,0.0,0.0,0.0,0.0,0.0,1.0,0.0,0.0
12,6,0.0,0.0,0.0,0.0,0.0,0.0,1.0,0.0,0.0
12,6,0.0,0.0,0.0,0.0,0.0,0.0,1.0,0.0,0.0
12,6,0.0,0.0,0.0,0.0,0.0,0.0,1.0,0.0,0.0
12,6,0.0,0.0,0.0,0.0,0.0,0.0,1.0,0.0,0.0
12,6,0.0,0.0,0.0,0.0,0.0,0.0,1.0,0.0,0.0
12,6,0.0,0.0,0.0,0.0,0.0,0.0,1.0,0.0,0.0
12,6,0.0,0.0,0.0,0.0,0.0,0.0,1.0,0.0,0.0
12,6,0.0,0.0,0.0,0.0,0.0,0.0,1.0,0.0,0.0
12,6,0.0,0.0,0.0,0.0,0.0,0.0,1.0,0.0,0.0
12,6,0.0,0.0,0.0,0.0,0.0,0.0,1.0,0.0,0.0
12,6,0.0,0.0,0.0,0.0,0.0,0.0,1.0,0.0,0.0
12,6,0.0,0.0,0.0,0.0,0.0,0.0,1.0,0.0,0.0
12,6,0.0,0.0,0.0,0.0,0.0,0.0,1.0,0.0,0.0
12,6,0.0,0.0,0.0,0.0,0.0,0.0,1.0,0.0,0.0
12,6,0.0,0.0,0.0,0.0,0.0,0.0,1.0,0.0,0.0
12,6,0.0,0.0,0.0,0.0,0.0,0.0,1.0,0.0,0.0
12,6,0.0,0.0,0.0,0.0,0.0,0.0,1.0,0.0,0.0
12,6,0.0,0.0,0.0,0.0,0.0,0.0,1.0,0.0,0.0
12,6,0.0,0.0,0.0,0.0,0.0,0.0,1.0,0.0,0.0
12,6,0.0,0.0,0.0,0.0,0.0,0.0,1.0,0.0,0.0
12,6,0.0,0.0,0.0,0.0,0.0,0.0,1.0,0.0,0.0
12,6,0.0,0.0,0.0,0.0,0.0,0.0,1.0,0.0,0.0
12,6,0.0,0.0,0.0,0.0,0.0,0.0,1.0,0.0,0.0
12,6,0.0,0.0,0.0,0.0,0.0,0.0,1.0,0.0,0.0
12,6,0.0,0.0,0.0,0.0,0.0,0.0,1.0,0.0,0.0
12,6,0.0,0.0,0.0,0.0,0.0,0.0,1.0,0.0,0.0
12,6,0.0,0.0,0.0,0.0,0.0,0.0,1.0,0.0,0.0
12,6,0.0,0.0,0.0,0.0,0.0,0.0,1.0,0.0,0.0
12,6,0.0,0.0,0.0,0.0,0.0,0.0,1.0,0.0,0.0
12,6,0.0,0.0,0.0,0.0,0.0,0.0,1.0,0.0,0.0
12,6,0.0,0.0,0.0,0.0,0.0,0.0,1.0,0.0,0.0
12,6,0.0,0.0,0.0,0.0,0.0,0.0,1.0,0.0,0.0
12,6,0.0,0.0,0.0,0.0,0.0,0.0,1.0,0.0,0.0
12,6,0.0,0.0,0.0,0.0,0.0,0.0,1.0,0.0,0.0
12,6,0.0,0.0,0.0,0.0,0.0,0.0,1.0,0.0,0.0
12,6,0.0,0.0,0.0,0.0,0.0,0.0,1.0,0.0,0.0
12,6,0.0,0.0,0.0,0.0,0.0,0.0,1.0,0.0,0.0
12,6,0.0,0.0,0.0,0.0,0.0,0.0,1.0,0.0,0.0
12,6,0.0,0.0,0.0,0.0,0.0,0.0,1.0,0.0,0.0
12,6,0.0,0.0,0.0,0.0,0.0,0.0,1.0,0.0,0.0
12,6,0.0,0.0,0.0,0.0,0.0,0.0,1.0,0.0,0.0
12,6,0.0,0.0,0.0,0.0,0.0,0.0,1.0,0.0,0.0
12,6,0.0,0.0,0.0,0.0,0.0,0.0,1.0,0.0,0.0
12,6,0.0,0.0,0.0,0.0,0.0,0.0,1.0,0.0,0.0
12,6,0.0,0.0,0.0,0.0,0.0,0.0,1.0,0.0,0.0
12,6,0.0,0.0,0.0,0.0,0.0,0.0,1.0,0.0,0.0
12,6,0.0,0.0,0.0,0.0,0.0,0.0,1.0,0.0,0.0
12,6,0.0,0.0,0.0,0.0,0.0,0.0,1.0,0.0,0.0
12,6,0.0,0.0,0.0,0.0,0.0,0.0,1.0,0.0,0.0
12,6,0.0,0.0,0.0,0.0,0.0,0.0,1.0,0.0,0.0
12,6,0.0,0.0,0.0,0.0,0.0,0.0,1.0,0.0,0.0
12,6,0.0,0.0,0.0,0.0,0.0,0.0,1.0,0.0,0.0
12,6,0.0,0.0,0.0,0.0,0.0,0.0,1.0,0.0,0.0
12,6,0.0,0.0,0.0,0.0,0.0,0.0,1.0,0.0,0.0
12,6,0.0,0.0,0.0,0.0,0.0,0.0,1.0,0.0,0.0
12,6,0.0,0.0,0.0,0.0,0.0,0.0,1.0,0.0,0.0
12,6,0.0,0.0,0.0,0.0,0.0,0.0,1.0,0.0,0.0
12,6,0.0,0.0,0.0,0.0,0.0,0.0,1.0,0.0,0.0
12,6,0.0,0.0,0.0,0.0,0.0,0.0,1.0,0.0,0.0
12,6,0.0,0.0,0.0,0.0,0.0,0.0,1.0,0.0,0.0
12,6,0.0,0.0,0.0,0.0,0.0,0.0,1.0,0.0,0.0
12,6,0.0,0.0,0.0,0.0,0.0,0.0,1.0,0.0,0.0
12,6,0.0,0.0,0.0,0.0,0.0,0.0,1.0,0.0,0.0
12,6,0.0,0.0,0.0,0.0,0.0,0.0,1.0,0.0,0.0
12,6,0.0,0.0,0.0,0.0,0.0,0.0,1.0,0.0,0.0
12,6,0.0,0.0,0.0,0.0,0.0,0.0,1.0,0.0,0.0
12,6,0.0,0.0,0.0,0.0,0.0,0.0,1.0,0.0,0.0
12,6,0.0,0.0,0.0,0.0,0.0,0.0,1.0,0.0,0.0
12,6,0.0,0.0,0.0,0.0,0.0,0.0,1.0,0.0,0.0
12,6,0.0,0.0,0.0,0.0,0.0,0.0,1.0,0.0,0.0
12,6,0.0,0.0,0.0,0.0,0.0,0.0,1.0,0.0,0.0
12,6,0.0,0.0,0.0,0.0,0.0,0.0,1.0,0.0,0.0
12,6,0.0,0.0,0.0,0.0,0.0,0.0,1.0,0.0,0.0
12,6,0.0,0.0,0.0,0.0,0.0,0.0,1.0,0.0,0.0
12,6,0.0,0.0,0.0,0.0,0.0,0.0,1.0,0.0,0.0
12,6,0.0,0.0,0.0,0.0,0.0,0.0,1.0,0.0,0.0
12,6,0.0,0.0,0.0,0.0,0.0,0.0,1.0,0.0,0.0
12,6,0.0,0.0,0.0,0.0,0.0,0.0,1.0,0.0,0.0
12,6,0.0,0.0,0.0,0.0,0.0,0.0,1.0,0.0,0.0
12,6,0.0,0.0,0.0,0.0,0.0,0.0,1.0,0.0,0.0
12,6,0.0,0.0,0.0,0.0,0.0,0.0,1.0,0.0,0.0
12,6,0.0,0.0,0.0,0.0,0.0,0.0,1.0,0.0,0.0
12,6,0.0,0.0,0.0,0.0,0.0,0.0,1.0,0.0,0.0
12,6,0.0,0.0,0.0,0.0,0.0,0.0,1.0,0.0,0.0
12,6,0.0,0.0,0.0,0.0,0.0,0.0,1.0,0.0,0.0
12,6,0.0,0.0,0.0,0.0,0.0,0.0,1.0,0.0,0.0
12,6,0.0,0.0,0.0,0.0,0.0,0.0,1.0,0.0,0.0
12,6,0.0,0.0,0.0,0.0,0.0,0.0,1.0,0.0,0.0
12,6,0.0,0.0,0.0,0.0,0.0,0.0,1.0,0.0,0.0
12,6,0.0,0.0,0.0,0.0,0.0,0.0,1.0,0.0,0.0
12,6,0.0,0.0,0.0,0.0,0.0,0.0,1.0,0.0,0.0
12,6,0.0,0.0,0.0,0.0,0.0,0.0,1.0,0.0,0.0
12,6,0.0,0.0,0.0,0.0,0.0,0.0,1.0,0.0,0.0
12,6,0.0,0.0,0.0,0.0,0.0,0.0,1.0,0.0,0.0
12,6,0.0,0.0,0.0,0.0,0.0,0.0,1.0,0.0,0.0
12,6,0.0,0.0,0.0,0.0,0.0,0.0,1.0,0.0,0.0
12,6,0.0,0.0,0.0,0.0,0.0,0.0,1.0,0.0,0.0
12,6,0.0,0.0,0.0,0.0,0.0,0.0,1.0,0.0,0.0
12,6,0.0,0.0,0.0,0.0,0.0,0.0,1.0,0.0,0.0
12,6,0.0,0.0,0.0,0.0,0.0,0.0,1.0,0.0,0.0
12,6,0.0,0.0,0.0,0.0,0.0,0.0,1.0,0.0,0.0
12,6,0.0,0.0,0.0,0.0,0.0,0.0,1.0,0.0,0.0
12,6,0.0,0.0,0.0,0.0,0.0,0.0,1.0,0.0,0.0
12,6,0.0,0.0,0.0,0.0,0.0,0.0,1.0,0.0,0.0
12,6,0.0,0.0,0.0,0.0,0.0,0.0,1.0,0.0,0.0
12,6,0.0,0.0,0.0,0.0,0.0,0.0,1.0,0.0,0.0
12,6,0.0,0.0,0.0,0.0,0.0,0.0,1.0,0.0,0.0
12,6,0.0,0.0,0.0,0.0,0.0,0.0,1.0,0.0,0.0
12,6,0.0,0.0,0.0,0.0,0.0,0.0,1.0,0.0,0.0
12,6,0.0,0.0,0.0,0.0,0.0,0.0,1.0,0.0,0.0
12,6,0.0,0.0,0.0,0.0,0.0,0.0,1.0,0.0,0.0
12,6,0.0,0.0,0.0,0.0,0.0,0.0,1.0,0.0,0.0
12,6,0.0,0.0,0.0,0.0,0.0,0.0,1.0,0.0,0.0
12,6,0.0,0.0,0.0,0.0,0.0,0.0,1.0,0.0,0.0
12,6,0.0,0.0,0.0,0.0,0.0,0.0,1.0,0.0,0.0
12,6,0.0,0.0,0.0,0.0,0.0,0.0,1.0,0.0,0.0
12,6,0.0,0.0,0.0,0.0,0.0,0.0,1.0,0.0,0.0
12,6,0.0,0.0,0.0,0.0,0.0,0.0,1.0,0.0,0.0
12,6,0.0,0.0,0.0,0.0,0.0,0.0,1.0,0.0,0.0
12,6,0.0,0.0,0.0,0.0,0.0,0.0,1.0,0.0,0.0
12,6,0.0,0.0,0.0,0.0,0.0,0.0,1.0,0.0,0.0
12,6,0.0,0.0,0.0,0.0,0.0,0.0,1.0,0.0,0.0
12,6,0.0,0.0,0.0,0.0,0.0,0.0,1.0,0.0,0.0
12,6,0.0,0.0,0.0,0.0,0.0,0.0,1.0,0.0,0.0
12,6,0.0,0.0,0.0,0.0,0.0,0.0,1.0,0.0,0.0
12,6,0.0,0.0,0.0,0.0,0.0,0.0,1.0,0.0,0.0
12,6,0.0,0.0,0.0,0.0,0.0,0.0,1.0,0.0,0.0
12,6,0.0,0.0,0.0,0.0,0.0,0.0,1.0,0.0,0.0
12,6,0.0,0.0,0.0,0.0,0.0,0.0,1.0,0.0,0.0
12,6,0.0,0.0,0.0,0.0,0.0,0.0,1.0,0.0,0.0
12,6,0.0,0.0,0.0,0.0,0.0,0.0,1.0,0.0,0.0
12,6,0.0,0.0,0.0,0.0,0.0,0.0,1.0,0.0,0.0
12,6,0.0,0.0,0.0,0.0,0.0,0.0,1.0,0.0,0.0
12,6,0.0,0.0,0.0,0.0,0.0,0.0,1.0,0.0,0.0
12,6,0.0,0.0,0.0,0.0,0.0,0.0,1.0,0.0,0.0
12,6,0.0,0.0,0.0,0.0,0.0,0.0,1.0,0.0,0.0
12,6,0.0,0.0,0.0,0.0,0.0,0.0,1.0,0.0,0.0
12,6,0.0,0.0,0.0,0.0,0.0,0.0,1.0,0.0,0.0
12,6,0.0,0.0,0.0,0.0,0.0,0.0,1.0,0.0,0.0
12,6,0.0,0.0,0.0,0.0,0.0,0.0,1.0,0.0,0.0
12,6,0.0,0.0,0.0,0.0,0.0,0.0,1.0,0.0,0.0
12,6,0.0,0.0,0.0,0.0,0.0,0.0,1.0,0.0,0.0
12,6,0.0,0.0,0.0,0.0,0.0,0.0,1.0,0.0,0.0
12,6,0.0,0.0,0.0,0.0,0.0,0.0,1.0,0.0,0.0
12,6,0.0,0.0,0.0,0.0,0.0,0.0,1.0,0.0,0.0
12,6,0.0,0.0,0.0,0.0,0.0,0.0,1.0,0.0,0.0
12,6,0.0,0.0,0.0,0.0,0.0,0.0,1.0,0.0,0.0
12,6,0.0,0.0,0.0,0.0,0.0,0.0,1.0,0.0,0.0
12,6,0.0,0.0,0.0,0.0,0.0,0.0,1.0,0.0,0.0
12,6,0.0,0.0,0.0,0.0,0.0,0.0,1.0,0.0,0.0
12,6,0.0,0.0,0.0,0.0,0.0,0.0,1.0,0.0,0.0
12,6,0.0,0.0,0.0,0.0,0.0,0.0,1.0,0.0,0.0
12,6,0.0,0.0,0.0,0.0,0.0,0.0,1.0,0.0,0.0
12,6,0.0,0.0,0.0,0.0,0.0,0.0,1.0,0.0,0.0
12,6,0.0,0.0,0.0,0.0,0.0,0.0,1.0,0.0,0.0
12,6,0.0,0.0,0.0,0.0,0.0,0.0,1.0,0.0,0.0
12,6,0.0,0.0,0.0,0.0,0.0,0.0,1.0,0.0,0.0
12,6,0.0,0.0,0.0,0.0,0.0,0.0,1.0,0.0,0.0
12,6,0.0,0.0,0.0,0.0,0.0,0.0,1.0,0.0,0.0
12,6,0.0,0.0,0.0,0.0,0.0,0.0,1.0,0.0,0.0
12,6,0.0,0.0,0.0,0.0,0.0,0.0,1.0,0.0,0.0
12,6,0.0,0.0,0.0,0.0,0.0,0.0,1.0,0.0,0.0
12,6,0.0,0.0,0.0,0.0,0.0,0.0,1.0,0.0,0.0
12,6,0.0,0.0,0.0,0.0,0.0,0.0,1.0,0.0,0.0
12,6,0.0,0.0,0.0,0.0,0.0,0.0,1.0,0.0,0.0
12,6,0.0,0.0,0.0,0.0,0.0,0.0,1.0,0.0,0.0
12,6,0.0,0.0,0.0,0.0,0.0,0.0,1.0,0.0,0.0
12,6,0.0,0.0,0.0,0.0,0.0,0.0,1.0,0.0,0.0
12,6,0.0,0.0,0.0,0.0,0.0,0.0,1.0,0.0,0.0
12,6,0.0,0.0,0.0,0.0,0.0,0.0,1.0,0.0,0.0
12,6,0.0,0.0,0.0,0.0,0.0,0.0,1.0,0.0,0.0
12,6,0.0,0.0,0.0,0.0,0.0,0.0,1.0,0.0,0.0
12,6,0.0,0.0,0.0,0.0,0.0,0.0,1.0,0.0,0.0
12,6,0.0,0.0,0.0,0.0,0.0,0.0,1.0,0.0,0.0
12,6,0.0,0.0,0.0,0.0,0.0,0.0,1.0,0.0,0.0
12,6,0.0,0.0,0.0,0.0,0.0,0.0,1.0,0.0,0.0
12,6,0.0,0.0,0.0,0.0,0.0,0.0,1.0,0.0,0.0
12,6,0.0,0.0,0.0,0.0,0.0,0.0,1.0,0.0,0.0
12,6,0.0,0.0,0.0,0.0,0.0,0.0,1.0,0.0,0.0
12,6,0.0,0.0,0.0,0.0,0.0,0.0,1.0,0.0,0.0
12,6,0.0,0.0,0.0,0.0,0.0,0.0,1.0,0.0,0.0
12,6,0.0,0.0,0.0,0.0,0.0,0.0,1.0,0.0,0.0
12,6,0.0,0.0,0.0,0.0,0.0,0.0,1.0,0.0,0.0
12,6,0.0,0.0,0.0,0.0,0.0,0.0,1.0,0.0,0.0
12,6,0.0,0.0,0.0,0.0,0.0,0.0,1.0,0.0,0.0
12,6,0.0,0.0,0.0,0.0,0.0,0.0,1.0,0.0,0.0
12,6,0.0,0.0,0.0,0.0,0.0,0.0,1.0,0.0,0.0
12,6,0.0,0.0,0.0,0.0,0.0,0.0,1.0,0.0,0.0
12,6,0.0,0.0,0.0,0.0,0.0,0.0,1.0,0.0,0.0
12,6,0.0,0.0,0.0,0.0,0.0,0.0,1.0,0.0,0.0
12,6,0.0,0.0,0.0,0.0,0.0,0.0,1.0,0.0,0.0
12,6,0.0,0.0,0.0,0.0,0.0,0.0,1.0,0.0,0.0
12,6,0.0,0.0,0.0,0.0,0.0,0.0,1.0,0.0,0.0
12,6,0.0,0.0,0.0,0.0,0.0,0.0,1.0,0.0,0.0
12,6,0.0,0.0,0.0,0.0,0.0,0.0,1.0,0.0,0.0
12,6,0.0,0.0,0.0,0.0,0.0,0.0,1.0,0.0,0.0
12,6,0.0,0.0,0.0,0.0,0.0,0.0,1.0,0.0,0.0
12,6,0.0,0.0,0.0,0.0,0.0,0.0,1.0,0.0,0.0
12,6,0.0,0.0,0.0,0.0,0.0,0.0,1.0,0.0,0.0
12,6,0.0,0.0,0.0,0.0,0.0,0.0,1.0,0.0,0.0
12,6,0.0,0.0,0.0,0.0,0.0,0.0,1.0,0.0,0.0
12,6,0.0,0.0,0.0,0.0,0.0,0.0,1.0,0.0,0.0
12,6,0.0,0.0,0.0,0.0,0.0,0.0,1.0,0.0,0.0
12,6,0.0,0.0,0.0,0.0,0.0,0.0,1.0,0.0,0.0
12,6,0.0,0.0,0.0,0.0,0.0,0.0,1.0,0.0,0.0
12,6,0.0,0.0,0.0,0.0,0.0,0.0,1.0,0.0,0.0
12,6,0.0,0.0,0.0,0.0,0.0,0.0,1.0,0.0,0.0
12,6,0.0,0.0,0.0,0.0,0.0,0.0,1.0,0.0,0.0
12,6,0.0,0.0,0.0,0.0,0.0,0.0,1.0,0.0,0.0
12,6,0.0,0.0,0.0,0.0,0.0,0.0,1.0,0.0,0.0
12,6,0.0,0.0,0.0,0.0,0.0,0.0,1.0,0.0,0.0
12,6,0.0,0.0,0.0,0.0,0.0,0.0,1.0,0.0,0.0
12,6,0.0,0.0,0.0,0.0,0.0,0.0,1.0,0.0,0.0
12,6,0.0,0.0,0.0,0.0,0.0,0.0,1.0,0.0,0.0
12,6,0.0,0.0,0.0,0.0,0.0,0.0,1.0,0.0,0.0
12,6,0.0,0.0,0.0,0.0,0.0,0.0,1.0,0.0,0.0
12,6,0.0,0.0,0.0,0.0,0.0,0.0,1.0,0.0,0.0
12,6,0.0,0.0,0.0,0.0,0.0,0.0,1.0,0.0,0.0
12,6,0.0,0.0,0.0,0.0,0.0,0.0,1.0,0.0,0.0
12,6,0.0,0.0,0.0,0.0,0.0,0.0,1.0,0.0,0.0
12,6,0.0,0.0,0.0,0.0,0.0,0.0,1.0,0.0,0.0
12,6,0.0,0.0,0.0,0.0,0.0,0.0,1.0,0.0,0.0
12,6,0.0,0.0,0.0,0.0,0.0,0.0,1.0,0.0,0.0
12,6,0.0,0.0,0.0,0.0,0.0,0.0,1.0,0.0,0.0
12,6,0.0,0.0,0.0,0.0,0.0,0.0,1.0,0.0,0.0
12,6,0.0,0.0,0.0,0.0,0.0,0.0,1.0,0.0,0.0
12,6,0.0,0.0,0.0,0.0,0.0,0.0,1.0,0.0,0.0
12,6,0.0,0.0,0.0,0.0,0.0,0.0,1.0,0.0,0.0
12,6,0.0,0.0,0.0,0.0,0.0,0.0,1.0,0.0,0.0
12,6,0.0,0.0,0.0,0.0,0.0,0.0,1.0,0.0,0.0
12,6,0.0,0.0,0.0,0.0,0.0,0.0,1.0,0.0,0.0
12,6,0.0,0.0,0.0,0.0,0.0,0.0,1.0,0.0,0.0
12,6,0.0,0.0,0.0,0.0,0.0,0.0,1.0,0.0,0.0
12,6,0.0,0.0,0.0,0.0,0.0,0.0,1.0,0.0,0.0
12,6,0.0,0.0,0.0,0.0,0.0,0.0,1.0,0.0,0.0
12,6,0.0,0.0,0.0,0.0,0.0,0.0,1.0,0.0,0.0
12,6,0.0,0.0,0.0,0.0,0.0,0.0,1.0,0.0,0.0
12,6,0.0,0.0,0.0,0.0,0.0,0.0,1.0,0.0,0.0
12,6,0.0,0.0,0.0,0.0,0.0,0.0,1.0,0.0,0.0
12,6,0.0,0.0,0.0,0.0,0.0,0.0,1.0,0.0,0.0
12,6,0.0,0.0,0.0,0.0,0.0,0.0,1.0,0.0,0.0
12,6,0.0,0.0,0.0,0.0,0.0,0.0,1.0,0.0,0.0
12,6,0.0,0.0,0.0,0.0,0.0,0.0,1.0,0.0,0.0
12,6,0.0,0.0,0.0,0.0,0.0,0.0,1.0,0.0,0.0
12,6,0.0,0.0,0.0,0.0,0.0,0.0,1.0,0.0,0.0
12,6,0.0,0.0,0.0,0.0,0.0,0.0,1.0,0.0,0.0
12,6,0.0,0.0,0.0,0.0,0.0,0.0,1.0,0.0,0.0
12,6,0.0,0.0,0.0,0.0,0.0,0.0,1.0,0.0,0.0
12,6,0.0,0.0,0.0,0.0,0.0,0.0,1.0,0.0,0.0
12,6,0.0,0.0,0.0,0.0,0.0,0.0,1.0,0.0,0.0
12,6,0.0,0.0,0.0,0.0,0.0,0.0,1.0,0.0,0.0
12,6,0.0,0.0,0.0,0.0,0.0,0.0,1.0,0.0,0.0
12,6,0.0,0.0,0.0,0.0,0.0,0.0,1.0,0.0,0.0
12,6,0.0,0.0,0.0,0.0,0.0,0.0,1.0,0.0,0.0
12,6,0.0,0.0,0.0,0.0,0.0,0.0,1.0,0.0,0.0
12,6,0.0,0.0,0.0,0.0,0.0,0.0,1.0,0.0,0.0
12,6,0.0,0.0,0.0,0.0,0.0,0.0,1.0,0.0,0.0
12,6,0.0,0.0,0.0,0.0,0.0,0.0,1.0,0.0,0.0
12,6,0.0,0.0,0.0,0.0,0.0,0.0,1.0,0.0,0.0
12,6,0.0,0.0,0.0,0.0,0.0,0.0,1.0,0.0,0.0
12,6,0.0,0.0,0.0,0.0,0.0,0.0,1.0,0.0,0.0
12,6,0.0,0.0,0.0,0.0,0.0,0.0,1.0,0.0,0.0
12,6,0.0,0.0,0.0,0.0,0.0,0.0,1.0,0.0,0.0
12,6,0.0,0.0,0.0,0.0,0.0,0.0,1.0,0.0,0.0
12,6,0.0,0.0,0.0,0.0,0.0,0.0,1.0,0.0,0.0
12,6,0.0,0.0,0.0,0.0,0.0,0.0,1.0,0.0,0.0
12,6,0.0,0.0,0.0,0.0,0.0,0.0,1.0,0.0,0.0
12,6,0.0,0.0,0.0,0.0,0.0,0.0,1.0,0.0,0.0
12,6,0.0,0.0,0.0,0.0,0.0,0.0,1.0,0.0,0.0
12,6,0.0,0.0,0.0,0.0,0.0,0.0,1.0,0.0,0.0
12,6,0.0,0.0,0.0,0.0,0.0,0.0,1.0,0.0,0.0
12,6,0.0,0.0,0.0,0.0,0.0,0.0,1.0,0.0,0.0
12,6,0.0,0.0,0.0,0.0,0.0,0.0,1.0,0.0,0.0
12,6,0.0,0.0,0.0,0.0,0.0,0.0,1.0,0.0,0.0
12,6,0.0,0.0,0.0,0.0,0.0,0.0,1.0,0.0,0.0
12,6,0.0,0.0,0.0,0.0,0.0,0.0,1.0,0.0,0.0
12,6,0.0,0.0,0.0,0.0,0.0,0.0,1.0,0.0,0.0
12,6,0.0,0.0,0.0,0.0,0.0,0.0,1.0,0.0,0.0
12,6,0.0,0.0,0.0,0.0,0.0,0.0,1.0,0.0,0.0
12,6,0.0,0.0,0.0,0.0,0.0,0.0,1.0,0.0,0.0
12,6,0.0,0.0,0.0,0.0,0.0,0.0,1.0,0.0,0.0
12,6,0.0,0.0,0.0,0.0,0.0,0.0,1.0,0.0,0.0
12,6,0.0,0.0,0.0,0.0,0.0,0.0,1.0,0.0,0.0
12,6,0.0,0.0,0.0,0.0,0.0,0.0,1.0,0.0,0.0
12,6,0.0,0.0,0.0,0.0,0.0,0.0,1.0,0.0,0.0
12,6,0.0,0.0,0.0,0.0,0.0,0.0,1.0,0.0,0.0
12,6,0.0,0.0,0.0,0.0,0.0,0.0,1.0,0.0,0.0
12,6,0.0,0.0,0.0,0.0,0.0,0.0,1.0,0.0,0.0
12,6,0.0,0.0,0.0,0.0,0.0,0.0,1.0,0.0,0.0
12,6,0.0,0.0,0.0,0.0,0.0,0.0,1.0,0.0,0.0
12,6,0.0,0.0,0.0,0.0,0.0,0.0,1.0,0.0,0.0
12,6,0.0,0.0,0.0,0.0,0.0,0.0,1.0,0.0,0.0
12,6,0.0,0.0,0.0,0.0,0.0,0.0,1.0,0.0,0.0
12,6,0.0,0.0,0.0,0.0,0.0,0.0,1.0,0.0,0.0
12,6,0.0,0.0,0.0,0.0,0.0,0.0,1.0,0.0,0.0
12,6,0.0,0.0,0.0,0.0,0.0,0.0,1.0,0.0,0.0
12,6,0.0,0.0,0.0,0.0,0.0,0.0,1.0,0.0,0.0
12,6,0.0,0.0,0.0,0.0,0.0,0.0,1.0,0.0,0.0
12,6,0.0,0.0,0.0,0.0,0.0,0.0,1.0,0.0,0.0
12,6,0.0,0.0,0.0,0.0,0.0,0.0,1.0,0.0,0.0
12,6,0.0,0.0,0.0,0.0,0.0,0.0,1.0,0.0,0.0
12,6,0.0,0.0,0.0,0.0,0.0,0.0,1.0,0.0,0.0
12,6,0.0,0.0,0.0,0.0,0.0,0.0,1.0,0.0,0.0
12,6,0.0,0.0,0.0,0.0,0.0,0.0,1.0,0.0,0.0
12,6,0.0,0.0,0.0,0.0,0.0,0.0,1.0,0.0,0.0
12,6,0.0,0.0,0.0,0.0,0.0,0.0,1.0,0.0,0.0
12,6,0.0,0.0,0.0,0.0,0.0,0.0,1.0,0.0,0.0
12,6,0.0,0.0,0.0,0.0,0.0,0.0,1.0,0.0,0.0
12,6,0.0,0.0,0.0,0.0,0.0,0.0,1.0,0.0,0.0
12,6,0.0,0.0,0.0,0.0,0.0,0.0,1.0,0.0,0.0
12,6,0.0,0.0,0.0,0.0,0.0,0.0,1.0,0.0,0.0
12,6,0.0,0.0,0.0,0.0,0.0,0.0,1.0,0.0,0.0
12,6,0.0,0.0,0.0,0.0,0.0,0.0,1.0,0.0,0.0
12,6,0.0,0.0,0.0,0.0,0.0,0.0,1.0,0.0,0.0
12,6,0.0,0.0,0.0,0.0,0.0,0.0,1.0,0.0,0.0
12,6,0.0,0.0,0.0,0.0,0.0,0.0,1.0,0.0,0.0
12,6,0.0,0.0,0.0,0.0,0.0,0.0,1.0,0.0,0.0
12,6,0.0,0.0,0.0,0.0,0.0,0.0,1.0,0.0,0.0
12,6,0.0,0.0,0.0,0.0,0.0,0.0,1.0,0.0,0.0
12,6,0.0,0.0,0.0,0.0,0.0,0.0,1.0,0.0,0.0
12,6,0.0,0.0,0.0,0.0,0.0,0.0,1.0,0.0,0.0
12,6,0.0,0.0,0.0,0.0,0.0,0.0,1.0,0.0,0.0
12,6,0.0,0.0,0.0,0.0,0.0,0.0,1.0,0.0,0.0
12,6,0.0,0.0,0.0,0.0,0.0,0.0,1.0,0.0,0.0
12,6,0.0,0.0,0.0,0.0,0.0,0.0,1.0,0.0,0.0
12,6,0.0,0.0,0.0,0.0,0.0,0.0,1.0,0.0,0.0
12,6,0.0,0.0,0.0,0.0,0.0,0.0,1.0,0.0,0.0
12,6,0.0,0.0,0.0,0.0,0.0,0.0,1.0,0.0,0.0
12,6,0.0,0.0,0.0,0.0,0.0,0.0,1.0,0.0,0.0
12,6,0.0,0.0,0.0,0.0,0.0,0.0,1.0,0.0,0.0
12,6,0.0,0.0,0.0,0.0,0.0,0.0,1.0,0.0,0.0
12,6,0.0,0.0,0.0,0.0,0.0,0.0,1.0,0.0,0.0
12,6,0.0,0.0,0.0,0.0,0.0,0.0,1.0,0.0,0.0
12,6,0.0,0.0,0.0,0.0,0.0,0.0,1.0,0.0,0.0
12,6,0.0,0.0,0.0,0.0,0.0,0.0,1.0,0.0,0.0
12,6,0.0,0.0,0.0,0.0,0.0,0.0,1.0,0.0,0.0
12,6,0.0,0.0,0.0,0.0,0.0,0.0,1.0,0.0,0.0
12,6,0.0,0.0,0.0,0.0,0.0,0.0,1.0,0.0,0.0
12,6,0.0,0.0,0.0,0.0,0.0,0.0,1.0,0.0,0.0
12,6,0.0,0.0,0.0,0.0,0.0,0.0,1.0,0.0,0.0
12,6,0.0,0.0,0.0,0.0,0.0,0.0,1.0,0.0,0.0
12,6,0.0,0.0,0.0,0.0,0.0,0.0,1.0,0.0,0.0
12,6,0.0,0.0,0.0,0.0,0.0,0.0,1.0,0.0,0.0
12,6,0.0,0.0,0.0,0.0,0.0,0.0,1.0,0.0,0.0
12,6,0.0,0.0,0.0,0.0,0.0,0.0,1.0,0.0,0.0
12,6,0.0,0.0,0.0,0.0,0.0,0.0,1.0,0.0,0.0
12,6,0.0,0.0,0.0,0.0,0.0,0.0,1.0,0.0,0.0
12,6,0.0,0.0,0.0,0.0,0.0,0.0,1.0,0.0,0.0
12,6,0.0,0.0,0.0,0.0,0.0,0.0,1.0,0.0,0.0
12,6,0.0,0.0,0.0,0.0,0.0,0.0,1.0,0.0,0.0
12,6,0.0,0.0,0.0,0.0,0.0,0.0,1.0,0.0,0.0
12,6,0.0,0.0,0.0,0.0,0.0,0.0,1.0,0.0,0.0
12,6,0.0,0.0,0.0,0.0,0.0,0.0,1.0,0.0,0.0
12,6,0.0,0.0,0.0,0.0,0.0,0.0,1.0,0.0,0.0
12,6,0.0,0.0,0.0,0.0,0.0,0.0,1.0,0.0,0.0
12,6,0.0,0.0,0.0,0.0,0.0,0.0,1.0,0.0,0.0
12,6,0.0,0.0,0.0,0.0,0.0,0.0,1.0,0.0,0.0
12,6,0.0,0.0,0.0,0.0,0.0,0.0,1.0,0.0,0.0
12,6,0.0,0.0,0.0,0.0,0.0,0.0,1.0,0.0,0.0
12,6,0.0,0.0,0.0,0.0,0.0,0.0,1.0,0.0,0.0
12,6,0.0,0.0,0.0,0.0,0.0,0.0,1.0,0.0,0.0
12,6,0.0,0.0,0.0,0.0,0.0,0.0,1.0,0.0,0.0
12,6,0.0,0.0,0.0,0.0,0.0,0.0,1.0,0.0,0.0
12,6,0.0,0.0,0.0,0.0,0.0,0.0,1.0,0.0,0.0
12,6,0.0,0.0,0.0,0.0,0.0,0.0,1.0,0.0,0.0
12,6,0.0,0.0,0.0,0.0,0.0,0.0,1.0,0.0,0.0
12,6,0.0,0.0,0.0,0.0,0.0,0.0,1.0,0.0,0.0
12,6,0.0,0.0,0.0,0.0,0.0,0.0,1.0,0.0,0.0
12,6,0.0,0.0,0.0,0.0,0.0,0.0,1.0,0.0,0.0
12,6,0.0,0.0,0.0,0.0,0.0,0.0,1.0,0.0,0.0
12,6,0.0,0.0,0.0,0.0,0.0,0.0,1.0,0.0,0.0
12,6,0.0,0.0,0.0,0.0,0.0,0.0,1.0,0.0,0.0
12,6,0.0,0.0,0.0,0.0,0.0,0.0,1.0,0.0,0.0
12,6,0.0,0.0,0.0,0.0,0.0,0.0,1.0,0.0,0.0
12,6,0.0,0.0,0.0,0.0,0.0,0.0,1.0,0.0,0.0
12,6,0.0,0.0,0.0,0.0,0.0,0.0,1.0,0.0,0.0
12,6,0.0,0.0,0.0,0.0,0.0,0.0,1.0,0.0,0.0
12,6,0.0,0.0,0.0,0.0,0.0,0.0,1.0,0.0,0.0
12,6,0.0,0.0,0.0,0.0,0.0,0.0,1.0,0.0,0.0
12,6,0.0,0.0,0.0,0.0,0.0,0.0,1.0,0.0,0.0
12,6,0.0,0.0,0.0,0.0,0.0,0.0,1.0,0.0,0.0
12,6,0.0,0.0,0.0,0.0,0.0,0.0,1.0,0.0,0.0
12,6,0.0,0.0,0.0,0.0,0.0,0.0,1.0,0.0,0.0
12,6,0.0,0.0,0.0,0.0,0.0,0.0,1.0,0.0,0.0
12,6,0.0,0.0,0.0,0.0,0.0,0.0,1.0,0.0,0.0
12,6,0.0,0.0,0.0,0.0,0.0,0.0,1.0,0.0,0.0
12,6,0.0,0.0,0.0,0.0,0.0,0.0,1.0,0.0,0.0
12,6,0.0,0.0,0.0,0.0,0.0,0.0,1.0,0.0,0.0
12,6,0.0,0.0,0.0,0.0,0.0,0.0,1.0,0.0,0.0
12,6,0.0,0.0,0.0,0.0,0.0,0.0,1.0,0.0,0.0
12,6,0.0,0.0,0.0,0.0,0.0,0.0,1.0,0.0,0.0
12,6,0.0,0.0,0.0,0.0,0.0,0.0,1.0,0.0,0.0
12,6,0.0,0.0,0.0,0.0,0.0,0.0,1.0,0.0,0.0
12,6,0.0,0.0,0.0,0.0,0.0,0.0,1.0,0.0,0.0
12,6,0.0,0.0,0.0,0.0,0.0,0.0,1.0,0.0,0.0
12,6,0.0,0.0,0.0,0.0,0.0,0.0,1.0,0.0,0.0
12,6,0.0,0.0,0.0,0.0,0.0,0.0,1.0,0.0,0.0
12,6,0.0,0.0,0.0,0.0,0.0,0.0,1.0,0.0,0.0
12,6,0.0,0.0,0.0,0.0,0.0,0.0,1.0,0.0,0.0
12,6,0.0,0.0,0.0,0.0,0.0,0.0,1.0,0.0,0.0
12,6,0.0,0.0,0.0,0.0,0.0,0.0,1.0,0.0,0.0
12,6,0.0,0.0,0.0,0.0,0.0,0.0,1.0,0.0,0.0
12,6,0.0,0.0,0.0,0.0,0.0,0.0,1.0,0.0,0.0
12,6,0.0,0.0,0.0,0.0,0.0,0.0,1.0,0.0,0.0
12,6,0.0,0.0,0.0,0.0,0.0,0.0,1.0,0.0,0.0
12,6,0.0,0.0,0.0,0.0,0.0,0.0,1.0,0.0,0.0
12,6,0.0,0.0,0.0,0.0,0.0,0.0,1.0,0.0,0.0
12,6,0.0,0.0,0.0,0.0,0.0,0.0,1.0,0.0,0.0
12,6,0.0,0.0,0.0,0.0,0.0,0.0,1.0,0.0,0.0
12,6,0.0,0.0,0.0,0.0,0.0,0.0,1.0,0.0,0.0
12,6,0.0,0.0,0.0,0.0,0.0,0.0,1.0,0.0,0.0
12,6,0.0,0.0,0.0,0.0,0.0,0.0,1.0,0.0,0.0
12,6,0.0,0.0,0.0,0.0,0.0,0.0,1.0,0.0,0.0
12,6,0.0,0.0,0.0,0.0,0.0,0.0,1.0,0.0,0.0
12,6,0.0,0.0,0.0,0.0,0.0,0.0,1.0,0.0,0.0
12,6,0.0,0.0,0.0,0.0,0.0,0.0,1.0,0.0,0.0
12,6,0.0,0.0,0.0,0.0,0.0,0.0,1.0,0.0,0.0
12,6,0.0,0.0,0.0,0.0,0.0,0.0,1.0,0.0,0.0
12,6,0.0,0.0,0.0,0.0,0.0,0.0,1.0,0.0,0.0
12,6,0.0,0.0,0.0,0.0,0.0,0.0,1.0,0.0,0.0
12,6,0.0,0.0,0.0,0.0,0.0,0.0,1.0,0.0,0.0
12,6,0.0,0.0,0.0,0.0,0.0,0.0,1.0,0.0,0.0
12,6,0.0,0.0,0.0,0.0,0.0,0.0,1.0,0.0,0.0
12,6,0.0,0.0,0.0,0.0,0.0,0.0,1.0,0.0,0.0
12,6,0.0,0.0,0.0,0.0,0.0,0.0,1.0,0.0,0.0
12,6,0.0,0.0,0.0,0.0,0.0,0.0,1.0,0.0,0.0
12,6,0.0,0.0,0.0,0.0,0.0,0.0,1.0,0.0,0.0
12,6,0.0,0.0,0.0,0.0,0.0,0.0,1.0,0.0,0.0
12,6,0.0,0.0,0.0,0.0,0.0,0.0,1.0,0.0,0.0
12,6,0.0,0.0,0.0,0.0,0.0,0.0,1.0,0.0,0.0
12,6,0.0,0.0,0.0,0.0,0.0,0.0,1.0,0.0,0.0
12,6,0.0,0.0,0.0,0.0,0.0,0.0,1.0,0.0,0.0
12,6,0.0,0.0,0.0,0.0,0.0,0.0,1.0,0.0,0.0
12,6,0.0,0.0,0.0,0.0,0.0,0.0,1.0,0.0,0.0
12,6,0.0,0.0,0.0,0.0,0.0,0.0,1.0,0.0,0.0
12,6,0.0,0.0,0.0,0.0,0.0,0.0,1.0,0.0,0.0
12,6,0.0,0.0,0.0,0.0,0.0,0.0,1.0,0.0,0.0
12,6,0.0,0.0,0.0,0.0,0.0,0.0,1.0,0.0,0.0
12,6,0.0,0.0,0.0,0.0,0.0,0.0,1.0,0.0,0.0
12,6,0.0,0.0,0.0,0.0,0.0,0.0,1.0,0.0,0.0
12,6,0.0,0.0,0.0,0.0,0.0,0.0,1.0,0.0,0.0
12,6,0.0,0.0,0.0,0.0,0.0,0.0,1.0,0.0,0.0
12,6,0.0,0.0,0.0,0.0,0.0,0.0,1.0,0.0,0.0
12,6,0.0,0.0,0.0,0.0,0.0,0.0,1.0,0.0,0.0
12,6,0.0,0.0,0.0,0.0,0.0,0.0,1.0,0.0,0.0
12,6,0.0,0.0,0.0,0.0,0.0,0.0,1.0,0.0,0.0
12,6,0.0,0.0,0.0,0.0,0.0,0.0,1.0,0.0,0.0
12,6,0.0,0.0,0.0,0.0,0.0,0.0,1.0,0.0,0.0
12,6,0.0,0.0,0.0,0.0,0.0,0.0,1.0,0.0,0.0
12,6,0.0,0.0,0.0,0.0,0.0,0.0,1.0,0.0,0.0
12,6,0.0,0.0,0.0,0.0,0.0,0.0,1.0,0.0,0.0
12,6,0.0,0.0,0.0,0.0,0.0,0.0,1.0,0.0,0.0
12,6,0.0,0.0,0.0,0.0,0.0,0.0,1.0,0.0,0.0
12,6,0.0,0.0,0.0,0.0,0.0,0.0,1.0,0.0,0.0
12,6,0.0,0.0,0.0,0.0,0.0,0.0,1.0,0.0,0.0
12,6,0.0,0.0,0.0,0.0,0.0,0.0,1.0,0.0,0.0
12,6,0.0,0.0,0.0,0.0,0.0,0.0,1.0,0.0,0.0
12,6,0.0,0.0,0.0,0.0,0.0,0.0,1.0,0.0,0.0
12,6,0.0,0.0,0.0,0.0,0.0,0.0,1.0,0.0,0.0
12,6,0.0,0.0,0.0,0.0,0.0,0.0,1.0,0.0,0.0
12,6,0.0,0.0,0.0,0.0,0.0,0.0,1.0,0.0,0.0
12,6,0.0,0.0,0.0,0.0,0.0,0.0,1.0,0.0,0.0
12,6,0.0,0.0,0.0,0.0,0.0,0.0,1.0,0.0,0.0
12,6,0.0,0.0,0.0,0.0,0.0,0.0,1.0,0.0,0.0
12,6,0.0,0.0,0.0,0.0,0.0,0.0,1.0,0.0,0.0
12,6,0.0,0.0,0.0,0.0,0.0,0.0,1.0,0.0,0.0
12,6,0.0,0.0,0.0,0.0,0.0,0.0,1.0,0.0,0.0
12,6,0.0,0.0,0.0,0.0,0.0,0.0,1.0,0.0,0.0
12,6,0.0,0.0,0.0,0.0,0.0,0.0,1.0,0.0,0.0
12,6,0.0,0.0,0.0,0.0,0.0,0.0,1.0,0.0,0.0
12,6,0.0,0.0,0.0,0.0,0.0,0.0,1.0,0.0,0.0
12,6,0.0,0.0,0.0,0.0,0.0,0.0,1.0,0.0,0.0
12,6,0.0,0.0,0.0,0.0,0.0,0.0,1.0,0.0,0.0
12,6,0.0,0.0,0.0,0.0,0.0,0.0,1.0,0.0,0.0
12,6,0.0,0.0,0.0,0.0,0.0,0.0,1.0,0.0,0.0
12,6,0.0,0.0,0.0,0.0,0.0,0.0,1.0,0.0,0.0
12,6,0.0,0.0,0.0,0.0,0.0,0.0,1.0,0.0,0.0
12,6,0.0,0.0,0.0,0.0,0.0,0.0,1.0,0.0,0.0
12,6,0.0,0.0,0.0,0.0,0.0,0.0,1.0,0.0,0.0
12,6,0.0,0.0,0.0,0.0,0.0,0.0,1.0,0.0,0.0
12,6,0.0,0.0,0.0,0.0,0.0,0.0,1.0,0.0,0.0
12,6,0.0,0.0,0.0,0.0,0.0,0.0,1.0,0.0,0.0
12,6,0.0,0.0,0.0,0.0,0.0,0.0,1.0,0.0,0.0
12,6,0.0,0.0,0.0,0.0,0.0,0.0,1.0,0.0,0.0
12,6,0.0,0.0,0.0,0.0,0.0,0.0,1.0,0.0,0.0
12,6,0.0,0.0,0.0,0.0,0.0,0.0,1.0,0.0,0.0
12,6,0.0,0.0,0.0,0.0,0.0,0.0,1.0,0.0,0.0
12,6,0.0,0.0,0.0,0.0,0.0,0.0,1.0,0.0,0.0
12,6,0.0,0.0,0.0,0.0,0.0,0.0,1.0,0.0,0.0
12,6,0.0,0.0,0.0,0.0,0.0,0.0,1.0,0.0,0.0
12,6,0.0,0.0,0.0,0.0,0.0,0.0,1.0,0.0,0.0
12,6,0.0,0.0,0.0,0.0,0.0,0.0,1.0,0.0,0.0
12,6,0.0,0.0,0.0,0.0,0.0,0.0,1.0,0.0,0.0
12,6,0.0,0.0,0.0,0.0,0.0,0.0,1.0,0.0,0.0
12,6,0.0,0.0,0.0,0.0,0.0,0.0,1.0,0.0,0.0
12,6,0.0,0.0,0.0,0.0,0.0,0.0,1.0,0.0,0.0
12,6,0.0,0.0,0.0,0.0,0.0,0.0,1.0,0.0,0.0
12,6,0.0,0.0,0.0,0.0,0.0,0.0,1.0,0.0,0.0
12,6,0.0,0.0,0.0,0.0,0.0,0.0,1.0,0.0,0.0
12,6,0.0,0.0,0.0,0.0,0.0,0.0,1.0,0.0,0.0
12,6,0.0,0.0,0.0,0.0,0.0,0.0,1.0,0.0,0.0
12,6,0.0,0.0,0.0,0.0,0.0,0.0,1.0,0.0,0.0
12,6,0.0,0.0,0.0,0.0,0.0,0.0,1.0,0.0,0.0
12,6,0.0,0.0,0.0,0.0,0.0,0.0,1.0,0.0,0.0
12,6,0.0,0.0,0.0,0.0,0.0,0.0,1.0,0.0,0.0
12,6,0.0,0.0,0.0,0.0,0.0,0.0,1.0,0.0,0.0
12,6,0.0,0.0,0.0,0.0,0.0,0.0,1.0,0.0,0.0
12,6,0.0,0.0,0.0,0.0,0.0,0.0,1.0,0.0,0.0
12,6,0.0,0.0,0.0,0.0,0.0,0.0,1.0,0.0,0.0
12,6,0.0,0.0,0.0,0.0,0.0,0.0,1.0,0.0,0.0
12,6,0.0,0.0,0.0,0.0,0.0,0.0,1.0,0.0,0.0
12,6,0.0,0.0,0.0,0.0,0.0,0.0,1.0,0.0,0.0
12,6,0.0,0.0,0.0,0.0,0.0,0.0,1.0,0.0,0.0
12,6,0.0,0.0,0.0,0.0,0.0,0.0,1.0,0.0,0.0
12,6,0.0,0.0,0.0,0.0,0.0,0.0,1.0,0.0,0.0
12,6,0.0,0.0,0.0,0.0,0.0,0.0,1.0,0.0,0.0
12,6,0.0,0.0,0.0,0.0,0.0,0.0,1.0,0.0,0.0
12,6,0.0,0.0,0.0,0.0,0.0,0.0,1.0,0.0,0.0
12,6,0.0,0.0,0.0,0.0,0.0,0.0,1.0,0.0,0.0
12,6,0.0,0.0,0.0,0.0,0.0,0.0,1.0,0.0,0.0
12,6,0.0,0.0,0.0,0.0,0.0,0.0,1.0,0.0,0.0
12,6,0.0,0.0,0.0,0.0,0.0,0.0,1.0,0.0,0.0
12,6,0.0,0.0,0.0,0.0,0.0,0.0,1.0,0.0,0.0
12,6,0.0,0.0,0.0,0.0,0.0,0.0,1.0,0.0,0.0
12,6,0.0,0.0,0.0,0.0,0.0,0.0,1.0,0.0,0.0
12,6,0.0,0.0,0.0,0.0,0.0,0.0,1.0,0.0,0.0
12,6,0.0,0.0,0.0,0.0,0.0,0.0,1.0,0.0,0.0
12,6,0.0,0.0,0.0,0.0,0.0,0.0,1.0,0.0,0.0
12,6,0.0,0.0,0.0,0.0,0.0,0.0,1.0,0.0,0.0
12,6,0.0,0.0,0.0,0.0,0.0,0.0,1.0,0.0,0.0
12,6,0.0,0.0,0.0,0.0,0.0,0.0,1.0,0.0,0.0
12,6,0.0,0.0,0.0,0.0,0.0,0.0,1.0,0.0,0.0
12,6,0.0,0.0,0.0,0.0,0.0,0.0,1.0,0.0,0.0
12,6,0.0,0.0,0.0,0.0,0.0,0.0,1.0,0.0,0.0
12,6,0.0,0.0,0.0,0.0,0.0,0.0,1.0,0.0,0.0
12,6,0.0,0.0,0.0,0.0,0.0,0.0,1.0,0.0,0.0
12,6,0.0,0.0,0.0,0.0,0.0,0.0,1.0,0.0,0.0
12,6,0.0,0.0,0.0,0.0,0.0,0.0,1.0,0.0,0.0
12,6,0.0,0.0,0.0,0.0,0.0,0.0,1.0,0.0,0.0
12,6,0.0,0.0,0.0,0.0,0.0,0.0,1.0,0.0,0.0
12,6,0.0,0.0,0.0,0.0,0.0,0.0,1.0,0.0,0.0
12,6,0.0,0.0,0.0,0.0,0.0,0.0,1.0,0.0,0.0
12,6,0.0,0.0,0.0,0.0,0.0,0.0,1.0,0.0,0.0
12,6,0.0,0.0,0.0,0.0,0.0,0.0,1.0,0.0,0.0
12,6,0.0,0.0,0.0,0.0,0.0,0.0,1.0,0.0,0.0
12,6,0.0,0.0,0.0,0.0,0.0,0.0,1.0,0.0,0.0
12,6,0.0,0.0,0.0,0.0,0.0,0.0,1.0,0.0,0.0
12,6,0.0,0.0,0.0,0.0,0.0,0.0,1.0,0.0,0.0
12,6,0.0,0.0,0.0,0.0,0.0,0.0,1.0,0.0,0.0
12,6,0.0,0.0,0.0,0.0,0.0,0.0,1.0,0.0,0.0
12,6,0.0,0.0,0.0,0.0,0.0,0.0,1.0,0.0,0.0
12,6,0.0,0.0,0.0,0.0,0.0,0.0,1.0,0.0,0.0
12,6,0.0,0.0,0.0,0.0,0.0,0.0,1.0,0.0,0.0
12,6,0.0,0.0,0.0,0.0,0.0,0.0,1.0,0.0,0.0
12,6,0.0,0.0,0.0,0.0,0.0,0.0,1.0,0.0,0.0
12,6,0.0,0.0,0.0,0.0,0.0,0.0,1.0,0.0,0.0
12,6,0.0,0.0,0.0,0.0,0.0,0.0,1.0,0.0,0.0
12,6,0.0,0.0,0.0,0.0,0.0,0.0,1.0,0.0,0.0
12,6,0.0,0.0,0.0,0.0,0.0,0.0,1.0,0.0,0.0
12,6,0.0,0.0,0.0,0.0,0.0,0.0,1.0,0.0,0.0
12,6,0.0,0.0,0.0,0.0,0.0,0.0,1.0,0.0,0.0
12,6,0.0,0.0,0.0,0.0,0.0,0.0,1.0,0.0,0.0
12,6,0.0,0.0,0.0,0.0,0.0,0.0,1.0,0.0,0.0
12,6,0.0,0.0,0.0,0.0,0.0,0.0,1.0,0.0,0.0
12,6,0.0,0.0,0.0,0.0,0.0,0.0,1.0,0.0,0.0
12,6,0.0,0.0,0.0,0.0,0.0,0.0,1.0,0.0,0.0
12,6,0.0,0.0,0.0,0.0,0.0,0.0,1.0,0.0,0.0
12,6,0.0,0.0,0.0,0.0,0.0,0.0,1.0,0.0,0.0
12,6,0.0,0.0,0.0,0.0,0.0,0.0,1.0,0.0,0.0
12,6,0.0,0.0,0.0,0.0,0.0,0.0,1.0,0.0,0.0
12,6,0.0,0.0,0.0,0.0,0.0,0.0,1.0,0.0,0.0
12,6,0.0,0.0,0.0,0.0,0.0,0.0,1.0,0.0,0.0
12,6,0.0,0.0,0.0,0.0,0.0,0.0,1.0,0.0,0.0
12,6,0.0,0.0,0.0,0.0,0.0,0.0,1.0,0.0,0.0
12,6,0.0,0.0,0.0,0.0,0.0,0.0,1.0,0.0,0.0
12,6,0.0,0.0,0.0,0.0,0.0,0.0,1.0,0.0,0.0
12,6,0.0,0.0,0.0,0.0,0.0,0.0,1.0,0.0,0.0
12,6,0.0,0.0,0.0,0.0,0.0,0.0,1.0,0.0,0.0
12,6,0.0,0.0,0.0,0.0,0.0,0.0,1.0,0.0,0.0
12,6,0.0,0.0,0.0,0.0,0.0,0.0,1.0,0.0,0.0
12,6,0.0,0.0,0.0,0.0,0.0,0.0,1.0,0.0,0.0
12,6,0.0,0.0,0.0,0.0,0.0,0.0,1.0,0.0,0.0
12,6,0.0,0.0,0.0,0.0,0.0,0.0,1.0,0.0,0.0
12,6,0.0,0.0,0.0,0.0,0.0,0.0,1.0,0.0,0.0
12,6,0.0,0.0,0.0,0.0,0.0,0.0,1.0,0.0,0.0
12,6,0.0,0.0,0.0,0.0,0.0,0.0,1.0,0.0,0.0
12,6,0.0,0.0,0.0,0.0,0.0,0.0,1.0,0.0,0.0
12,6,0.0,0.0,0.0,0.0,0.0,0.0,1.0,0.0,0.0
12,6,0.0,0.0,0.0,0.0,0.0,0.0,1.0,0.0,0.0
12,6,0.0,0.0,0.0,0.0,0.0,0.0,1.0,0.0,0.0
12,6,0.0,0.0,0.0,0.0,0.0,0.0,1.0,0.0,0.0
12,6,0.0,0.0,0.0,0.0,0.0,0.0,1.0,0.0,0.0
12,6,0.0,0.0,0.0,0.0,0.0,0.0,1.0,0.0,0.0
12,6,0.0,0.0,0.0,0.0,0.0,0.0,1.0,0.0,0.0
12,6,0.0,0.0,0.0,0.0,0.0,0.0,1.0,0.0,0.0
12,6,0.0,0.0,0.0,0.0,0.0,0.0,1.0,0.0,0.0
12,6,0.0,0.0,0.0,0.0,0.0,0.0,1.0,0.0,0.0
12,6,0.0,0.0,0.0,0.0,0.0,0.0,1.0,0.0,0.0
12,6,0.0,0.0,0.0,0.0,0.0,0.0,1.0,0.0,0.0
12,6,0.0,0.0,0.0,0.0,0.0,0.0,1.0,0.0,0.0
12,6,0.0,0.0,0.0,0.0,0.0,0.0,1.0,0.0,0.0
12,6,0.0,0.0,0.0,0.0,0.0,0.0,1.0,0.0,0.0
12,6,0.0,0.0,0.0,0.0,0.0,0.0,1.0,0.0,0.0
12,6,0.0,0.0,0.0,0.0,0.0,0.0,1.0,0.0,0.0
12,6,0.0,0.0,0.0,0.0,0.0,0.0,1.0,0.0,0.0
12,6,0.0,0.0,0.0,0.0,0.0,0.0,1.0,0.0,0.0
12,6,0.0,0.0,0.0,0.0,0.0,0.0,1.0,0.0,0.0
12,6,0.0,0.0,0.0,0.0,0.0,0.0,1.0,0.0,0.0
12,6,0.0,0.0,0.0,0.0,0.0,0.0,1.0,0.0,0.0
12,6,0.0,0.0,0.0,0.0,0.0,0.0,1.0,0.0,0.0
12,6,0.0,0.0,0.0,0.0,0.0,0.0,1.0,0.0,0.0
12,6,0.0,0.0,0.0,0.0,0.0,0.0,1.0,0.0,0.0
12,6,0.0,0.0,0.0,0.0,0.0,0.0,1.0,0.0,0.0
12,6,0.0,0.0,0.0,0.0,0.0,0.0,1.0,0.0,0.0
12,6,0.0,0.0,0.0,0.0,0.0,0.0,1.0,0.0,0.0
12,6,0.0,0.0,0.0,0.0,0.0,0.0,1.0,0.0,0.0
12,6,0.0,0.0,0.0,0.0,0.0,0.0,1.0,0.0,0.0
12,6,0.0,0.0,0.0,0.0,0.0,0.0,1.0,0.0,0.0
12,6,0.0,0.0,0.0,0.0,0.0,0.0,1.0,0.0,0.0
12,6,0.0,0.0,0.0,0.0,0.0,0.0,1.0,0.0,0.0
12,6,0.0,0.0,0.0,0.0,0.0,0.0,1.0,0.0,0.0
12,6,0.0,0.0,0.0,0.0,0.0,0.0,1.0,0.0,0.0
12,6,0.0,0.0,0.0,0.0,0.0,0.0,1.0,0.0,0.0
12,6,0.0,0.0,0.0,0.0,0.0,0.0,1.0,0.0,0.0
12,6,0.0,0.0,0.0,0.0,0.0,0.0,1.0,0.0,0.0
12,6,0.0,0.0,0.0,0.0,0.0,0.0,1.0,0.0,0.0
12,6,0.0,0.0,0.0,0.0,0.0,0.0,1.0,0.0,0.0
12,6,0.0,0.0,0.0,0.0,0.0,0.0,1.0,0.0,0.0
12,6,0.0,0.0,0.0,0.0,0.0,0.0,1.0,0.0,0.0
12,6,0.0,0.0,0.0,0.0,0.0,0.0,1.0,0.0,0.0
12,6,0.0,0.0,0.0,0.0,0.0,0.0,1.0,0.0,0.0
12,6,0.0,0.0,0.0,0.0,0.0,0.0,1.0,0.0,0.0
12,6,0.0,0.0,0.0,0.0,0.0,0.0,1.0,0.0,0.0
12,6,0.0,0.0,0.0,0.0,0.0,0.0,1.0,0.0,0.0
12,6,0.0,0.0,0.0,0.0,0.0,0.0,1.0,0.0,0.0
12,6,0.0,0.0,0.0,0.0,0.0,0.0,1.0,0.0,0.0
12,6,0.0,0.0,0.0,0.0,0.0,0.0,1.0,0.0,0.0
12,6,0.0,0.0,0.0,0.0,0.0,0.0,1.0,0.0,0.0
12,6,0.0,0.0,0.0,0.0,0.0,0.0,1.0,0.0,0.0
12,6,0.0,0.0,0.0,0.0,0.0,0.0,1.0,0.0,0.0
12,6,0.0,0.0,0.0,0.0,0.0,0.0,1.0,0.0,0.0
12,6,0.0,0.0,0.0,0.0,0.0,0.0,1.0,0.0,0.0
12,6,0.0,0.0,0.0,0.0,0.0,0.0,1.0,0.0,0.0
12,6,0.0,0.0,0.0,0.0,0.0,0.0,1.0,0.0,0.0
12,6,0.0,0.0,0.0,0.0,0.0,0.0,1.0,0.0,0.0
12,6,0.0,0.0,0.0,0.0,0.0,0.0,1.0,0.0,0.0
12,6,0.0,0.0,0.0,0.0,0.0,0.0,1.0,0.0,0.0
12,6,0.0,0.0,0.0,0.0,0.0,0.0,1.0,0.0,0.0
12,6,0.0,0.0,0.0,0.0,0.0,0.0,1.0,0.0,0.0
12,6,0.0,0.0,0.0,0.0,0.0,0.0,1.0,0.0,0.0
12,6,0.0,0.0,0.0,0.0,0.0,0.0,1.0,0.0,0.0
12,6,0.0,0.0,0.0,0.0,0.0,0.0,1.0,0.0,0.0
12,6,0.0,0.0,0.0,0.0,0.0,0.0,1.0,0.0,0.0
12,6,0.0,0.0,0.0,0.0,0.0,0.0,1.0,0.0,0.0
12,6,0.0,0.0,0.0,0.0,0.0,0.0,1.0,0.0,0.0
12,6,0.0,0.0,0.0,0.0,0.0,0.0,1.0,0.0,0.0
12,6,0.0,0.0,0.0,0.0,0.0,0.0,1.0,0.0,0.0
12,6,0.0,0.0,0.0,0.0,0.0,0.0,1.0,0.0,0.0
12,6,0.0,0.0,0.0,0.0,0.0,0.0,1.0,0.0,0.0
12,6,0.0,0.0,0.0,0.0,0.0,0.0,1.0,0.0,0.0
12,6,0.0,0.0,0.0,0.0,0.0,0.0,1.0,0.0,0.0
12,6,0.0,0.0,0.0,0.0,0.0,0.0,1.0,0.0,0.0
12,6,0.0,0.0,0.0,0.0,0.0,0.0,1.0,0.0,0.0
12,6,0.0,0.0,0.0,0.0,0.0,0.0,1.0,0.0,0.0
12,6,0.0,0.0,0.0,0.0,0.0,0.0,1.0,0.0,0.0
12,6,0.0,0.0,0.0,0.0,0.0,0.0,1.0,0.0,0.0
12,6,0.0,0.0,0.0,0.0,0.0,0.0,1.0,0.0,0.0
12,6,0.0,0.0,0.0,0.0,0.0,0.0,1.0,0.0,0.0
12,6,0.0,0.0,0.0,0.0,0.0,0.0,1.0,0.0,0.0
12,6,0.0,0.0,0.0,0.0,0.0,0.0,1.0,0.0,0.0
12,6,0.0,0.0,0.0,0.0,0.0,0.0,1.0,0.0,0.0
12,6,0.0,0.0,0.0,0.0,0.0,0.0,1.0,0.0,0.0
12,6,0.0,0.0,0.0,0.0,0.0,0.0,1.0,0.0,0.0
12,6,0.0,0.0,0.0,0.0,0.0,0.0,1.0,0.0,0.0
12,6,0.0,0.0,0.0,0.0,0.0,0.0,1.0,0.0,0.0
12,6,0.0,0.0,0.0,0.0,0.0,0.0,1.0,0.0,0.0
12,6,0.0,0.0,0.0,0.0,0.0,0.0,1.0,0.0,0.0
12,6,0.0,0.0,0.0,0.0,0.0,0.0,1.0,0.0,0.0
12,6,0.0,0.0,0.0,0.0,0.0,0.0,1.0,0.0,0.0
12,6,0.0,0.0,0.0,0.0,0.0,0.0,1.0,0.0,0.0
12,6,0.0,0.0,0.0,0.0,0.0,0.0,1.0,0.0,0.0
12,6,0.0,0.0,0.0,0.0,0.0,0.0,1.0,0.0,0.0
12,6,0.0,0.0,0.0,0.0,0.0,0.0,1.0,0.0,0.0
12,6,0.0,0.0,0.0,0.0,0.0,0.0,1.0,0.0,0.0
12,6,0.0,0.0,0.0,0.0,0.0,0.0,1.0,0.0,0.0
12,6,0.0,0.0,0.0,0.0,0.0,0.0,1.0,0.0,0.0
12,6,0.0,0.0,0.0,0.0,0.0,0.0,1.0,0.0,0.0
12,6,0.0,0.0,0.0,0.0,0.0,0.0,1.0,0.0,0.0
12,6,0.0,0.0,0.0,0.0,0.0,0.0,1.0,0.0,0.0
12,6,0.0,0.0,0.0,0.0,0.0,0.0,1.0,0.0,0.0
12,6,0.0,0.0,0.0,0.0,0.0,0.0,1.0,0.0,0.0
12,6,0.0,0.0,0.0,0.0,0.0,0.0,1.0,0.0,0.0
12,6,0.0,0.0,0.0,0.0,0.0,0.0,1.0,0.0,0.0
12,6,0.0,0.0,0.0,0.0,0.0,0.0,1.0,0.0,0.0
12,6,0.0,0.0,0.0,0.0,0.0,0.0,1.0,0.0,0.0
12,6,0.0,0.0,0.0,0.0,0.0,0.0,1.0,0.0,0.0
12,6,0.0,0.0,0.0,0.0,0.0,0.0,1.0,0.0,0.0
12,6,0.0,0.0,0.0,0.0,0.0,0.0,1.0,0.0,0.0
12,6,0.0,0.0,0.0,0.0,0.0,0.0,1.0,0.0,0.0
12,6,0.0,0.0,0.0,0.0,0.0,0.0,1.0,0.0,0.0
12,6,0.0,0.0,0.0,0.0,0.0,0.0,1.0,0.0,0.0
12,6,0.0,0.0,0.0,0.0,0.0,0.0,1.0,0.0,0.0
12,6,0.0,0.0,0.0,0.0,0.0,0.0,1.0,0.0,0.0
12,6,0.0,0.0,0.0,0.0,0.0,0.0,1.0,0.0,0.0
12,6,0.0,0.0,0.0,0.0,0.0,0.0,1.0,0.0,0.0
12,6,0.0,0.0,0.0,0.0,0.0,0.0,1.0,0.0,0.0
12,6,0.0,0.0,0.0,0.0,0.0,0.0,1.0,0.0,0.0
12,6,0.0,0.0,0.0,0.0,0.0,0.0,1.0,0.0,0.0
12,6,0.0,0.0,0.0,0.0,0.0,0.0,1.0,0.0,0.0
12,6,0.0,0.0,0.0,0.0,0.0,0.0,1.0,0.0,0.0
12,6,0.0,0.0,0.0,0.0,0.0,0.0,1.0,0.0,0.0
12,6,0.0,0.0,0.0,0.0,0.0,0.0,1.0,0.0,0.0
12,6,0.0,0.0,0.0,0.0,0.0,0.0,1.0,0.0,0.0
12,6,0.0,0.0,0.0,0.0,0.0,0.0,1.0,0.0,0.0
12,6,0.0,0.0,0.0,0.0,0.0,0.0,1.0,0.0,0.0
12,6,0.0,0.0,0.0,0.0,0.0,0.0,1.0,0.0,0.0
12,6,0.0,0.0,0.0,0.0,0.0,0.0,1.0,0.0,0.0
12,6,0.0,0.0,0.0,0.0,0.0,0.0,1.0,0.0,0.0
12,6,0.0,0.0,0.0,0.0,0.0,0.0,1.0,0.0,0.0
12,6,0.0,0.0,0.0,0.0,0.0,0.0,1.0,0.0,0.0
12,6,0.0,0.0,0.0,0.0,0.0,0.0,1.0,0.0,0.0
12,6,0.0,0.0,0.0,0.0,0.0,0.0,1.0,0.0,0.0
12,6,0.0,0.0,0.0,0.0,0.0,0.0,1.0,0.0,0.0
12,6,0.0,0.0,0.0,0.0,0.0,0.0,1.0,0.0,0.0
12,6,0.0,0.0,0.0,0.0,0.0,0.0,1.0,0.0,0.0
12,6,0.0,0.0,0.0,0.0,0.0,0.0,1.0,0.0,0.0
12,6,0.0,0.0,0.0,0.0,0.0,0.0,1.0,0.0,0.0
12,6,0.0,0.0,0.0,0.0,0.0,0.0,1.0,0.0,0.0
12,6,0.0,0.0,0.0,0.0,0.0,0.0,1.0,0.0,0.0
12,6,0.0,0.0,0.0,0.0,0.0,0.0,1.0,0.0,0.0
12,6,0.0,0.0,0.0,0.0,0.0,0.0,1.0,0.0,0.0
12,6,0.0,0.0,0.0,0.0,0.0,0.0,1.0,0.0,0.0
12,6,0.0,0.0,0.0,0.0,0.0,0.0,1.0,0.0,0.0
12,6,0.0,0.0,0.0,0.0,0.0,0.0,1.0,0.0,0.0
12,6,0.0,0.0,0.0,0.0,0.0,0.0,1.0,0.0,0.0
12,6,0.0,0.0,0.0,0.0,0.0,0.0,1.0,0.0,0.0
12,6,0.0,0.0,0.0,0.0,0.0,0.0,1.0,0.0,0.0
12,6,0.0,0.0,0.0,0.0,0.0,0.0,1.0,0.0,0.0
12,6,0.0,0.0,0.0,0.0,0.0,0.0,1.0,0.0,0.0
12,6,0.0,0.0,0.0,0.0,0.0,0.0,1.0,0.0,0.0
12,6,0.0,0.0,0.0,0.0,0.0,0.0,1.0,0.0,0.0
12,6,0.0,0.0,0.0,0.0,0.0,0.0,1.0,0.0,0.0
12,6,0.0,0.0,0.0,0.0,0.0,0.0,1.0,0.0,0.0
12,6,0.0,0.0,0.0,0.0,0.0,0.0,1.0,0.0,0.0
12,6,0.0,0.0,0.0,0.0,0.0,0.0,1.0,0.0,0.0
12,6,0.0,0.0,0.0,0.0,0.0,0.0,1.0,0.0,0.0
12,6,0.0,0.0,0.0,0.0,0.0,0.0,1.0,0.0,0.0
12,6,0.0,0.0,0.0,0.0,0.0,0.0,1.0,0.0,0.0
12,6,0.0,0.0,0.0,0.0,0.0,0.0,1.0,0.0,0.0
12,6,0.0,0.0,0.0,0.0,0.0,0.0,1.0,0.0,0.0
12,6,0.0,0.0,0.0,0.0,0.0,0.0,1.0,0.0,0.0
12,6,0.0,0.0,0.0,0.0,0.0,0.0,1.0,0.0,0.0
12,6,0.0,0.0,0.0,0.0,0.0,0.0,1.0,0.0,0.0
12,6,0.0,0.0,0.0,0.0,0.0,0.0,1.0,0.0,0.0
12,6,0.0,0.0,0.0,0.0,0.0,0.0,1.0,0.0,0.0
12,6,0.0,0.0,0.0,0.0,0.0,0.0,1.0,0.0,0.0
12,6,0.0,0.0,0.0,0.0,0.0,0.0,1.0,0.0,0.0
12,6,0.0,0.0,0.0,0.0,0.0,0.0,1.0,0.0,0.0
12,6,0.0,0.0,0.0,0.0,0.0,0.0,1.0,0.0,0.0
12,6,0.0,0.0,0.0,0.0,0.0,0.0,1.0,0.0,0.0
12,6,0.0,0.0,0.0,0.0,0.0,0.0,1.0,0.0,0.0
12,6,0.0,0.0,0.0,0.0,0.0,0.0,1.0,0.0,0.0
12,6,0.0,0.0,0.0,0.0,0.0,0.0,1.0,0.0,0.0
12,6,0.0,0.0,0.0,0.0,0.0,0.0,1.0,0.0,0.0
12,6,0.0,0.0,0.0,0.0,0.0,0.0,1.0,0.0,0.0
12,6,0.0,0.0,0.0,0.0,0.0,0.0,1.0,0.0,0.0
12,6,0.0,0.0,0.0,0.0,0.0,0.0,1.0,0.0,0.0
12,6,0.0,0.0,0.0,0.0,0.0,0.0,1.0,0.0,0.0
12,6,0.0,0.0,0.0,0.0,0.0,0.0,1.0,0.0,0.0
12,6,0.0,0.0,0.0,0.0,0.0,0.0,1.0,0.0,0.0
12,6,0.0,0.0,0.0,0.0,0.0,0.0,1.0,0.0,0.0
12,6,0.0,0.0,0.0,0.0,0.0,0.0,1.0,0.0,0.0
12,6,0.0,0.0,0.0,0.0,0.0,0.0,1.0,0.0,0.0
12,6,0.0,0.0,0.0,0.0,0.0,0.0,1.0,0.0,0.0
12,6,0.0,0.0,0.0,0.0,0.0,0.0,1.0,0.0,0.0
12,6,0.0,0.0,0.0,0.0,0.0,0.0,1.0,0.0,0.0
12,6,0.0,0.0,0.0,0.0,0.0,0.0,1.0,0.0,0.0
12,6,0.0,0.0,0.0,0.0,0.0,0.0,1.0,0.0,0.0
12,6,0.0,0.0,0.0,0.0,0.0,0.0,1.0,0.0,0.0
12,6,0.0,0.0,0.0,0.0,0.0,0.0,1.0,0.0,0.0
12,6,0.0,0.0,0.0,0.0,0.0,0.0,1.0,0.0,0.0
12,6,0.0,0.0,0.0,0.0,0.0,0.0,1.0,0.0,0.0
12,6,0.0,0.0,0.0,0.0,0.0,0.0,1.0,0.0,0.0
12,6,0.0,0.0,0.0,0.0,0.0,0.0,1.0,0.0,0.0
12,6,0.0,0.0,0.0,0.0,0.0,0.0,1.0,0.0,0.0
12,6,0.0,0.0,0.0,0.0,0.0,0.0,1.0,0.0,0.0
12,6,0.0,0.0,0.0,0.0,0.0,0.0,1.0,0.0,0.0
12,6,0.0,0.0,0.0,0.0,0.0,0.0,1.0,0.0,0.0
12,6,0.0,0.0,0.0,0.0,0.0,0.0,1.0,0.0,0.0
12,6,0.0,0.0,0.0,0.0,0.0,0.0,1.0,0.0,0.0
12,6,0.0,0.0,0.0,0.0,0.0,0.0,1.0,0.0,0.0
12,6,0.0,0.0,0.0,0.0,0.0,0.0,1.0,0.0,0.0
12,6,0.0,0.0,0.0,0.0,0.0,0.0,1.0,0.0,0.0
12,6,0.0,0.0,0.0,0.0,0.0,0.0,1.0,0.0,0.0
12,6,0.0,0.0,0.0,0.0,0.0,0.0,1.0,0.0,0.0
12,6,0.0,0.0,0.0,0.0,0.0,0.0,1.0,0.0,0.0
12,6,0.0,0.0,0.0,0.0,0.0,0.0,1.0,0.0,0.0
12,6,0.0,0.0,0.0,0.0,0.0,0.0,1.0,0.0,0.0
12,6,0.0,0.0,0.0,0.0,0.0,0.0,1.0,0.0,0.0
12,6,0.0,0.0,0.0,0.0,0.0,0.0,1.0,0.0,0.0
12,6,0.0,0.0,0.0,0.0,0.0,0.0,1.0,0.0,0.0
12,6,0.0,0.0,0.0,0.0,0.0,0.0,1.0,0.0,0.0
12,6,0.0,0.0,0.0,0.0,0.0,0.0,1.0,0.0,0.0
12,6,0.0,0.0,0.0,0.0,0.0,0.0,1.0,0.0,0.0
12,6,0.0,0.0,0.0,0.0,0.0,0.0,1.0,0.0,0.0
12,6,0.0,0.0,0.0,0.0,0.0,0.0,1.0,0.0,0.0
12,6,0.0,0.0,0.0,0.0,0.0,0.0,1.0,0.0,0.0
12,6,0.0,0.0,0.0,0.0,0.0,0.0,1.0,0.0,0.0
12,6,0.0,0.0,0.0,0.0,0.0,0.0,1.0,0.0,0.0
12,6,0.0,0.0,0.0,0.0,0.0,0.0,1.0,0.0,0.0
12,6,0.0,0.0,0.0,0.0,0.0,0.0,1.0,0.0,0.0
12,6,0.0,0.0,0.0,0.0,0.0,0.0,1.0,0.0,0.0
12,6,0.0,0.0,0.0,0.0,0.0,0.0,1.0,0.0,0.0
12,6,0.0,0.0,0.0,0.0,0.0,0.0,1.0,0.0,0.0
12,6,0.0,0.0,0.0,0.0,0.0,0.0,1.0,0.0,0.0
12,6,0.0,0.0,0.0,0.0,0.0,0.0,1.0,0.0,0.0
12,6,0.0,0.0,0.0,0.0,0.0,0.0,1.0,0.0,0.0
12,6,0.0,0.0,0.0,0.0,0.0,0.0,1.0,0.0,0.0
12,6,0.0,0.0,0.0,0.0,0.0,0.0,1.0,0.0,0.0
12,6,0.0,0.0,0.0,0.0,0.0,0.0,1.0,0.0,0.0
12,6,0.0,0.0,0.0,0.0,0.0,0.0,1.0,0.0,0.0
12,6,0.0,0.0,0.0,0.0,0.0,0.0,1.0,0.0,0.0
12,6,0.0,0.0,0.0,0.0,0.0,0.0,1.0,0.0,0.0
12,6,0.0,0.0,0.0,0.0,0.0,0.0,1.0,0.0,0.0
12,6,0.0,0.0,0.0,0.0,0.0,0.0,1.0,0.0,0.0
12,6,0.0,0.0,0.0,0.0,0.0,0.0,1.0,0.0,0.0
12,6,0.0,0.0,0.0,0.0,0.0,0.0,1.0,0.0,0.0
12,6,0.0,0.0,0.0,0.0,0.0,0.0,1.0,0.0,0.0
12,6,0.0,0.0,0.0,0.0,0.0,0.0,1.0,0.0,0.0
12,6,0.0,0.0,0.0,0.0,0.0,0.0,1.0,0.0,0.0
12,6,0.0,0.0,0.0,0.0,0.0,0.0,1.0,0.0,0.0
12,6,0.0,0.0,0.0,0.0,0.0,0.0,1.0,0.0,0.0
12,6,0.0,0.0,0.0,0.0,0.0,0.0,1.0,0.0,0.0
12,6,0.0,0.0,0.0,0.0,0.0,0.0,1.0,0.0,0.0
12,6,0.0,0.0,0.0,0.0,0.0,0.0,1.0,0.0,0.0
12,6,0.0,0.0,0.0,0.0,0.0,0.0,1.0,0.0,0.0
12,6,0.0,0.0,0.0,0.0,0.0,0.0,1.0,0.0,0.0
12,6,0.0,0.0,0.0,0.0,0.0,0.0,1.0,0.0,0.0
12,6,0.0,0.0,0.0,0.0,0.0,0.0,1.0,0.0,0.0
12,6,0.0,0.0,0.0,0.0,0.0,0.0,1.0,0.0,0.0
12,6,0.0,0.0,0.0,0.0,0.0,0.0,1.0,0.0,0.0
12,6,0.0,0.0,0.0,0.0,0.0,0.0,1.0,0.0,0.0
12,6,0.0,0.0,0.0,0.0,0.0,0.0,1.0,0.0,0.0
12,6,0.0,0.0,0.0,0.0,0.0,0.0,1.0,0.0,0.0
12,6,0.0,0.0,0.0,0.0,0.0,0.0,1.0,0.0,0.0
12,6,0.0,0.0,0.0,0.0,0.0,0.0,1.0,0.0,0.0
12,6,0.0,0.0,0.0,0.0,0.0,0.0,1.0,0.0,0.0
12,6,0.0,0.0,0.0,0.0,0.0,0.0,1.0,0.0,0.0
12,6,0.0,0.0,0.0,0.0,0.0,0.0,1.0,0.0,0.0
12,6,0.0,0.0,0.0,0.0,0.0,0.0,1.0,0.0,0.0
12,6,0.0,0.0,0.0,0.0,0.0,0.0,1.0,0.0,0.0
12,6,0.0,0.0,0.0,0.0,0.0,0.0,1.0,0.0,0.0
12,6,0.0,0.0,0.0,0.0,0.0,0.0,1.0,0.0,0.0
12,6,0.0,0.0,0.0,0.0,0.0,0.0,1.0,0.0,0.0
12,6,0.0,0.0,0.0,0.0,0.0,0.0,1.0,0.0,0.0
12,6,0.0,0.0,0.0,0.0,0.0,0.0,1.0,0.0,0.0
12,6,0.0,0.0,0.0,0.0,0.0,0.0,1.0,0.0,0.0
12,6,0.0,0.0,0.0,0.0,0.0,0.0,1.0,0.0,0.0
12,6,0.0,0.0,0.0,0.0,0.0,0.0,1.0,0.0,0.0
12,6,0.0,0.0,0.0,0.0,0.0,0.0,1.0,0.0,0.0
12,6,0.0,0.0,0.0,0.0,0.0,0.0,1.0,0.0,0.0
12,6,0.0,0.0,0.0,0.0,0.0,0.0,1.0,0.0,0.0
12,6,0.0,0.0,0.0,0.0,0.0,0.0,1.0,0.0,0.0
12,6,0.0,0.0,0.0,0.0,0.0,0.0,1.0,0.0,0.0
12,6,0.0,0.0,0.0,0.0,0.0,0.0,1.0,0.0,0.0
12,6,0.0,0.0,0.0,0.0,0.0,0.0,1.0,0.0,0.0
12,6,0.0,0.0,0.0,0.0,0.0,0.0,1.0,0.0,0.0
12,6,0.0,0.0,0.0,0.0,0.0,0.0,1.0,0.0,0.0
12,6,0.0,0.0,0.0,0.0,0.0,0.0,1.0,0.0,0.0
12,6,0.0,0.0,0.0,0.0,0.0,0.0,1.0,0.0,0.0
12,6,0.0,0.0,0.0,0.0,0.0,0.0,1.0,0.0,0.0
12,6,0.0,0.0,0.0,0.0,0.0,0.0,1.0,0.0,0.0
12,6,0.0,0.0,0.0,0.0,0.0,0.0,1.0,0.0,0.0
12,6,0.0,0.0,0.0,0.0,0.0,0.0,1.0,0.0,0.0
12,6,0.0,0.0,0.0,0.0,0.0,0.0,1.0,0.0,0.0
12,6,0.0,0.0,0.0,0.0,0.0,0.0,1.0,0.0,0.0
12,6,0.0,0.0,0.0,0.0,0.0,0.0,1.0,0.0,0.0
12,6,0.0,0.0,0.0,0.0,0.0,0.0,1.0,0.0,0.0
12,6,0.0,0.0,0.0,0.0,0.0,0.0,1.0,0.0,0.0
12,6,0.0,0.0,0.0,0.0,0.0,0.0,1.0,0.0,0.0
12,6,0.0,0.0,0.0,0.0,0.0,0.0,1.0,0.0,0.0
12,6,0.0,0.0,0.0,0.0,0.0,0.0,1.0,0.0,0.0
12,6,0.0,0.0,0.0,0.0,0.0,0.0,1.0,0.0,0.0
12,6,0.0,0.0,0.0,0.0,0.0,0.0,1.0,0.0,0.0
12,6,0.0,0.0,0.0,0.0,0.0,0.0,1.0,0.0,0.0
12,6,0.0,0.0,0.0,0.0,0.0,0.0,1.0,0.0,0.0
12,6,0.0,0.0,0.0,0.0,0.0,0.0,1.0,0.0,0.0
12,6,0.0,0.0,0.0,0.0,0.0,0.0,1.0,0.0,0.0
12,6,0.0,0.0,0.0,0.0,0.0,0.0,1.0,0.0,0.0
12,6,0.0,0.0,0.0,0.0,0.0,0.0,1.0,0.0,0.0
12,6,0.0,0.0,0.0,0.0,0.0,0.0,1.0,0.0,0.0
12,6,0.0,0.0,0.0,0.0,0.0,0.0,1.0,0.0,0.0
12,6,0.0,0.0,0.0,0.0,0.0,0.0,1.0,0.0,0.0
12,6,0.0,0.0,0.0,0.0,0.0,0.0,1.0,0.0,0.0
12,6,0.0,0.0,0.0,0.0,0.0,0.0,1.0,0.0,0.0
12,6,0.0,0.0,0.0,0.0,0.0,0.0,1.0,0.0,0.0
12,6,0.0,0.0,0.0,0.0,0.0,0.0,1.0,0.0,0.0
12,6,0.0,0.0,0.0,0.0,0.0,0.0,1.0,0.0,0.0
12,6,0.0,0.0,0.0,0.0,0.0,0.0,1.0,0.0,0.0
12,6,0.0,0.0,0.0,0.0,0.0,0.0,1.0,0.0,0.0
12,6,0.0,0.0,0.0,0.0,0.0,0.0,1.0,0.0,0.0
12,6,0.0,0.0,0.0,0.0,0.0,0.0,1.0,0.0,0.0
12,6,0.0,0.0,0.0,0.0,0.0,0.0,1.0,0.0,0.0
12,6,0.0,0.0,0.0,0.0,0.0,0.0,1.0,0.0,0.0
12,6,0.0,0.0,0.0,0.0,0.0,0.0,1.0,0.0,0.0
12,6,0.0,0.0,0.0,0.0,0.0,0.0,1.0,0.0,0.0
12,6,0.0,0.0,0.0,0.0,0.0,0.0,1.0,0.0,0.0
12,6,0.0,0.0,0.0,0.0,0.0,0.0,1.0,0.0,0.0
12,6,0.0,0.0,0.0,0.0,0.0,0.0,1.0,0.0,0.0
12,6,0.0,0.0,0.0,0.0,0.0,0.0,1.0,0.0,0.0
12,6,0.0,0.0,0.0,0.0,0.0,0.0,1.0,0.0,0.0
12,6,0.0,0.0,0.0,0.0,0.0,0.0,1.0,0.0,0.0
12,6,0.0,0.0,0.0,0.0,0.0,0.0,1.0,0.0,0.0
12,6,0.0,0.0,0.0,0.0,0.0,0.0,1.0,0.0,0.0
12,6,0.0,0.0,0.0,0.0,0.0,0.0,1.0,0.0,0.0
12,6,0.0,0.0,0.0,0.0,0.0,0.0,1.0,0.0,0.0
12,6,0.0,0.0,0.0,0.0,0.0,0.0,1.0,0.0,0.0
12,6,0.0,0.0,0.0,0.0,0.0,0.0,1.0,0.0,0.0
12,6,0.0,0.0,0.0,0.0,0.0,0.0,1.0,0.0,0.0
12,6,0.0,0.0,0.0,0.0,0.0,0.0,1.0,0.0,0.0
12,6,0.0,0.0,0.0,0.0,0.0,0.0,1.0,0.0,0.0
12,6,0.0,0.0,0.0,0.0,0.0,0.0,1.0,0.0,0.0
12,6,0.0,0.0,0.0,0.0,0.0,0.0,1.0,0.0,0.0
12,6,0.0,0.0,0.0,0.0,0.0,0.0,1.0,0.0,0.0
12,6,0.0,0.0,0.0,0.0,0.0,0.0,1.0,0.0,0.0
12,6,0.0,0.0,0.0,0.0,0.0,0.0,1.0,0.0,0.0
12,6,0.0,0.0,0.0,0.0,0.0,0.0,1.0,0.0,0.0
12,6,0.0,0.0,0.0,0.0,0.0,0.0,1.0,0.0,0.0
12,6,0.0,0.0,0.0,0.0,0.0,0.0,1.0,0.0,0.0
12,6,0.0,0.0,0.0,0.0,0.0,0.0,1.0,0.0,0.0
12,6,0.0,0.0,0.0,0.0,0.0,0.0,1.0,0.0,0.0
12,6,0.0,0.0,0.0,0.0,0.0,0.0,1.0,0.0,0.0
12,6,0.0,0.0,0.0,0.0,0.0,0.0,1.0,0.0,0.0
12,6,0.0,0.0,0.0,0.0,0.0,0.0,1.0,0.0,0.0
12,6,0.0,0.0,0.0,0.0,0.0,0.0,1.0,0.0,0.0
12,6,0.0,0.0,0.0,0.0,0.0,0.0,1.0,0.0,0.0
12,6,0.0,0.0,0.0,0.0,0.0,0.0,1.0,0.0,0.0
12,6,0.0,0.0,0.0,0.0,0.0,0.0,1.0,0.0,0.0
12,6,0.0,0.0,0.0,0.0,0.0,0.0,1.0,0.0,0.0
12,6,0.0,0.0,0.0,0.0,0.0,0.0,1.0,0.0,0.0
12,6,0.0,0.0,0.0,0.0,0.0,0.0,1.0,0.0,0.0
12,6,0.0,0.0,0.0,0.0,0.0,0.0,1.0,0.0,0.0
12,6,0.0,0.0,0.0,0.0,0.0,0.0,1.0,0.0,0.0
12,6,0.0,0.0,0.0,0.0,0.0,0.0,1.0,0.0,0.0
12,6,0.0,0.0,0.0,0.0,0.0,0.0,1.0,0.0,0.0
12,6,0.0,0.0,0.0,0.0,0.0,0.0,1.0,0.0,0.0
12,6,0.0,0.0,0.0,0.0,0.0,0.0,1.0,0.0,0.0
12,6,0.0,0.0,0.0,0.0,0.0,0.0,1.0,0.0,0.0
12,6,0.0,0.0,0.0,0.0,0.0,0.0,1.0,0.0,0.0
12,6,0.0,0.0,0.0,0.0,0.0,0.0,1.0,0.0,0.0
12,6,0.0,0.0,0.0,0.0,0.0,0.0,1.0,0.0,0.0
12,6,0.0,0.0,0.0,0.0,0.0,0.0,1.0,0.0,0.0
12,6,0.0,0.0,0.0,0.0,0.0,0.0,1.0,0.0,0.0
12,6,0.0,0.0,0.0,0.0,0.0,0.0,1.0,0.0,0.0
12,6,0.0,0.0,0.0,0.0,0.0,0.0,1.0,0.0,0.0
12,6,0.0,0.0,0.0,0.0,0.0,0.0,1.0,0.0,0.0
12,6,0.0,0.0,0.0,0.0,0.0,0.0,1.0,0.0,0.0
12,6,0.0,0.0,0.0,0.0,0.0,0.0,1.0,0.0,0.0
12,6,0.0,0.0,0.0,0.0,0.0,0.0,1.0,0.0,0.0
12,6,0.0,0.0,0.0,0.0,0.0,0.0,1.0,0.0,0.0
12,6,0.0,0.0,0.0,0.0,0.0,0.0,1.0,0.0,0.0
12,6,0.0,0.0,0.0,0.0,0.0,0.0,1.0,0.0,0.0
12,6,0.0,0.0,0.0,0.0,0.0,0.0,1.0,0.0,0.0
12,6,0.0,0.0,0.0,0.0,0.0,0.0,1.0,0.0,0.0
12,6,0.0,0.0,0.0,0.0,0.0,0.0,1.0,0.0,0.0
12,6,0.0,0.0,0.0,0.0,0.0,0.0,1.0,0.0,0.0
12,6,0.0,0.0,0.0,0.0,0.0,0.0,1.0,0.0,0.0
12,6,0.0,0.0,0.0,0.0,0.0,0.0,1.0,0.0,0.0
12,6,0.0,0.0,0.0,0.0,0.0,0.0,1.0,0.0,0.0
12,6,0.0,0.0,0.0,0.0,0.0,0.0,1.0,0.0,0.0
12,6,0.0,0.0,0.0,0.0,0.0,0.0,1.0,0.0,0.0
12,6,0.0,0.0,0.0,0.0,0.0,0.0,1.0,0.0,0.0
12,6,0.0,0.0,0.0,0.0,0.0,0.0,1.0,0.0,0.0
12,6,0.0,0.0,0.0,0.0,0.0,0.0,1.0,0.0,0.0
12,6,0.0,0.0,0.0,0.0,0.0,0.0,1.0,0.0,0.0
12,6,0.0,0.0,0.0,0.0,0.0,0.0,1.0,0.0,0.0
12,6,0.0,0.0,0.0,0.0,0.0,0.0,1.0,0.0,0.0
12,6,0.0,0.0,0.0,0.0,0.0,0.0,1.0,0.0,0.0
12,6,0.0,0.0,0.0,0.0,0.0,0.0,1.0,0.0,0.0
12,6,0.0,0.0,0.0,0.0,0.0,0.0,1.0,0.0,0.0
12,6,0.0,0.0,0.0,0.0,0.0,0.0,1.0,0.0,0.0
12,6,0.0,0.0,0.0,0.0,0.0,0.0,1.0,0.0,0.0
12,6,0.0,0.0,0.0,0.0,0.0,0.0,1.0,0.0,0.0
12,6,0.0,0.0,0.0,0.0,0.0,0.0,1.0,0.0,0.0
12,6,0.0,0.0,0.0,0.0,0.0,0.0,1.0,0.0,0.0
12,6,0.0,0.0,0.0,0.0,0.0,0.0,1.0,0.0,0.0
12,6,0.0,0.0,0.0,0.0,0.0,0.0,1.0,0.0,0.0
12,6,0.0,0.0,0.0,0.0,0.0,0.0,1.0,0.0,0.0
12,6,0.0,0.0,0.0,0.0,0.0,0.0,1.0,0.0,0.0
12,6,0.0,0.0,0.0,0.0,0.0,0.0,1.0,0.0,0.0
12,6,0.0,0.0,0.0,0.0,0.0,0.0,1.0,0.0,0.0
12,6,0.0,0.0,0.0,0.0,0.0,0.0,1.0,0.0,0.0
12,6,0.0,0.0,0.0,0.0,0.0,0.0,1.0,0.0,0.0
12,6,0.0,0.0,0.0,0.0,0.0,0.0,1.0,0.0,0.0
12,6,0.0,0.0,0.0,0.0,0.0,0.0,1.0,0.0,0.0
12,6,0.0,0.0,0.0,0.0,0.0,0.0,1.0,0.0,0.0
12,6,0.0,0.0,0.0,0.0,0.0,0.0,1.0,0.0,0.0
12,6,0.0,0.0,0.0,0.0,0.0,0.0,1.0,0.0,0.0
12,6,0.0,0.0,0.0,0.0,0.0,0.0,1.0,0.0,0.0
12,6,0.0,0.0,0.0,0.0,0.0,0.0,1.0,0.0,0.0
12,6,0.0,0.0,0.0,0.0,0.0,0.0,1.0,0.0,0.0
12,6,0.0,0.0,0.0,0.0,0.0,0.0,1.0,0.0,0.0
12,6,0.0,0.0,0.0,0.0,0.0,0.0,1.0,0.0,0.0
12,6,0.0,0.0,0.0,0.0,0.0,0.0,1.0,0.0,0.0
12,6,0.0,0.0,0.0,0.0,0.0,0.0,1.0,0.0,0.0
12,6,0.0,0.0,0.0,0.0,0.0,0.0,1.0,0.0,0.0
12,6,0.0,0.0,0.0,0.0,0.0,0.0,1.0,0.0,0.0
12,6,0.0,0.0,0.0,0.0,0.0,0.0,1.0,0.0,0.0
12,6,0.0,0.0,0.0,0.0,0.0,0.0,1.0,0.0,0.0
12,6,0.0,0.0,0.0,0.0,0.0,0.0,1.0,0.0,0.0
12,6,0.0,0.0,0.0,0.0,0.0,0.0,1.0,0.0,0.0
12,6,0.0,0.0,0.0,0.0,0.0,0.0,1.0,0.0,0.0
12,6,0.0,0.0,0.0,0.0,0.0,0.0,1.0,0.0,0.0
12,6,0.0,0.0,0.0,0.0,0.0,0.0,1.0,0.0,0.0
12,6,0.0,0.0,0.0,0.0,0.0,0.0,1.0,0.0,0.0
12,6,0.0,0.0,0.0,0.0,0.0,0.0,1.0,0.0,0.0
12,6,0.0,0.0,0.0,0.0,0.0,0.0,1.0,0.0,0.0
12,6,0.0,0.0,0.0,0.0,0.0,0.0,1.0,0.0,0.0
12,6,0.0,0.0,0.0,0.0,0.0,0.0,1.0,0.0,0.0
12,6,0.0,0.0,0.0,0.0,0.0,0.0,1.0,0.0,0.0
12,6,0.0,0.0,0.0,0.0,0.0,0.0,1.0,0.0,0.0
12,6,0.0,0.0,0.0,0.0,0.0,0.0,1.0,0.0,0.0
12,6,0.0,0.0,0.0,0.0,0.0,0.0,1.0,0.0,0.0
12,6,0.0,0.0,0.0,0.0,0.0,0.0,1.0,0.0,0.0
12,6,0.0,0.0,0.0,0.0,0.0,0.0,1.0,0.0,0.0
12,6,0.0,0.0,0.0,0.0,0.0,0.0,1.0,0.0,0.0
12,6,0.0,0.0,0.0,0.0,0.0,0.0,1.0,0.0,0.0
12,6,0.0,0.0,0.0,0.0,0.0,0.0,1.0,0.0,0.0
12,6,0.0,0.0,0.0,0.0,0.0,0.0,1.0,0.0,0.0
12,6,0.0,0.0,0.0,0.0,0.0,0.0,1.0,0.0,0.0
12,6,0.0,0.0,0.0,0.0,0.0,0.0,1.0,0.0,0.0
12,6,0.0,0.0,0.0,0.0,0.0,0.0,1.0,0.0,0.0
12,6,0.0,0.0,0.0,0.0,0.0,0.0,1.0,0.0,0.0
12,6,0.0,0.0,0.0,0.0,0.0,0.0,1.0,0.0,0.0
12,6,0.0,0.0,0.0,0.0,0.0,0.0,1.0,0.0,0.0
12,6,0.0,0.0,0.0,0.0,0.0,0.0,1.0,0.0,0.0
12,6,0.0,0.0,0.0,0.0,0.0,0.0,1.0,0.0,0.0
12,6,0.0,0.0,0.0,0.0,0.0,0.0,1.0,0.0,0.0
12,6,0.0,0.0,0.0,0.0,0.0,0.0,1.0,0.0,0.0
12,6,0.0,0.0,0.0,0.0,0.0,0.0,1.0,0.0,0.0
12,6,0.0,0.0,0.0,0.0,0.0,0.0,1.0,0.0,0.0
12,6,0.0,0.0,0.0,0.0,0.0,0.0,1.0,0.0,0.0
12,6,0.0,0.0,0.0,0.0,0.0,0.0,1.0,0.0,0.0
12,6,0.0,0.0,0.0,0.0,0.0,0.0,1.0,0.0,0.0
12,6,0.0,0.0,0.0,0.0,0.0,0.0,1.0,0.0,0.0
12,6,0.0,0.0,0.0,0.0,0.0,0.0,1.0,0.0,0.0
12,6,0.0,0.0,0.0,0.0,0.0,0.0,1.0,0.0,0.0
12,6,0.0,0.0,0.0,0.0,0.0,0.0,1.0,0.0,0.0
12,6,0.0,0.0,0.0,0.0,0.0,0.0,1.0,0.0,0.0
12,6,0.0,0.0,0.0,0.0,0.0,0.0,1.0,0.0,0.0
12,6,0.0,0.0,0.0,0.0,0.0,0.0,1.0,0.0,0.0
12,6,0.0,0.0,0.0,0.0,0.0,0.0,1.0,0.0,0.0
12,6,0.0,0.0,0.0,0.0,0.0,0.0,1.0,0.0,0.0
12,6,0.0,0.0,0.0,0.0,0.0,0.0,1.0,0.0,0.0
12,6,0.0,0.0,0.0,0.0,0.0,0.0,1.0,0.0,0.0
12,6,0.0,0.0,0.0,0.0,0.0,0.0,1.0,0.0,0.0
12,6,0.0,0.0,0.0,0.0,0.0,0.0,1.0,0.0,0.0
12,6,0.0,0.0,0.0,0.0,0.0,0.0,1.0,0.0,0.0
12,6,0.0,0.0,0.0,0.0,0.0,0.0,1.0,0.0,0.0
12,6,0.0,0.0,0.0,0.0,0.0,0.0,1.0,0.0,0.0
12,6,0.0,0.0,0.0,0.0,0.0,0.0,1.0,0.0,0.0
12,6,0.0,0.0,0.0,0.0,0.0,0.0,1.0,0.0,0.0
12,6,0.0,0.0,0.0,0.0,0.0,0.0,1.0,0.0,0.0
12,6,0.0,0.0,0.0,0.0,0.0,0.0,1.0,0.0,0.0
12,6,0.0,0.0,0.0,0.0,0.0,0.0,1.0,0.0,0.0
12,6,0.0,0.0,0.0,0.0,0.0,0.0,1.0,0.0,0.0
12,6,0.0,0.0,0.0,0.0,0.0,0.0,1.0,0.0,0.0
12,6,0.0,0.0,0.0,0.0,0.0,0.0,1.0,0.0,0.0
12,6,0.0,0.0,0.0,0.0,0.0,0.0,1.0,0.0,0.0
12,6,0.0,0.0,0.0,0.0,0.0,0.0,1.0,0.0,0.0
12,6,0.0,0.0,0.0,0.0,0.0,0.0,1.0,0.0,0.0
12,6,0.0,0.0,0.0,0.0,0.0,0.0,1.0,0.0,0.0
12,6,0.0,0.0,0.0,0.0,0.0,0.0,1.0,0.0,0.0
12,6,0.0,0.0,0.0,0.0,0.0,0.0,1.0,0.0,0.0
12,6,0.0,0.0,0.0,0.0,0.0,0.0,1.0,0.0,0.0
12,6,0.0,0.0,0.0,0.0,0.0,0.0,1.0,0.0,0.0
12,6,0.0,0.0,0.0,0.0,0.0,0.0,1.0,0.0,0.0
12,6,0.0,0.0,0.0,0.0,0.0,0.0,1.0,0.0,0.0
12,6,0.0,0.0,0.0,0.0,0.0,0.0,1.0,0.0,0.0
12,6,0.0,0.0,0.0,0.0,0.0,0.0,1.0,0.0,0.0
12,6,0.0,0.0,0.0,0.0,0.0,0.0,1.0,0.0,0.0
12,6,0.0,0.0,0.0,0.0,0.0,0.0,1.0,0.0,0.0
12,6,0.0,0.0,0.0,0.0,0.0,0.0,1.0,0.0,0.0
12,6,0.0,0.0,0.0,0.0,0.0,0.0,1.0,0.0,0.0
12,6,0.0,0.0,0.0,0.0,0.0,0.0,1.0,0.0,0.0
12,6,0.0,0.0,0.0,0.0,0.0,0.0,1.0,0.0,0.0
12,6,0.0,0.0,0.0,0.0,0.0,0.0,1.0,0.0,0.0
12,6,0.0,0.0,0.0,0.0,0.0,0.0,1.0,0.0,0.0
12,6,0.0,0.0,0.0,0.0,0.0,0.0,1.0,0.0,0.0
12,6,0.0,0.0,0.0,0.0,0.0,0.0,1.0,0.0,0.0
12,6,0.0,0.0,0.0,0.0,0.0,0.0,1.0,0.0,0.0
12,6,0.0,0.0,0.0,0.0,0.0,0.0,1.0,0.0,0.0
12,6,0.0,0.0,0.0,0.0,0.0,0.0,1.0,0.0,0.0
12,6,0.0,0.0,0.0,0.0,0.0,0.0,1.0,0.0,0.0
12,6,0.0,0.0,0.0,0.0,0.0,0.0,1.0,0.0,0.0
12,6,0.0,0.0,0.0,0.0,0.0,0.0,1.0,0.0,0.0
12,6,0.0,0.0,0.0,0.0,0.0,0.0,1.0,0.0,0.0
12,6,0.0,0.0,0.0,0.0,0.0,0.0,1.0,0.0,0.0
12,6,0.0,0.0,0.0,0.0,0.0,0.0,1.0,0.0,0.0
12,6,0.0,0.0,0.0,0.0,0.0,0.0,1.0,0.0,0.0
12,6,0.0,0.0,0.0,0.0,0.0,0.0,1.0,0.0,0.0
12,6,0.0,0.0,0.0,0.0,0.0,0.0,1.0,0.0,0.0
12,6,0.0,0.0,0.0,0.0,0.0,0.0,1.0,0.0,0.0
12,6,0.0,0.0,0.0,0.0,0.0,0.0,1.0,0.0,0.0
12,6,0.0,0.0,0.0,0.0,0.0,0.0,1.0,0.0,0.0
12,6,0.0,0.0,0.0,0.0,0.0,0.0,1.0,0.0,0.0
12,6,0.0,0.0,0.0,0.0,0.0,0.0,1.0,0.0,0.0
12,6,0.0,0.0,0.0,0.0,0.0,0.0,1.0,0.0,0.0
12,6,0.0,0.0,0.0,0.0,0.0,0.0,1.0,0.0,0.0
12,6,0.0,0.0,0.0,0.0,0.0,0.0,1.0,0.0,0.0
12,6,0.0,0.0,0.0,0.0,0.0,0.0,1.0,0.0,0.0
12,6,0.0,0.0,0.0,0.0,0.0,0.0,1.0,0.0,0.0
12,6,0.0,0.0,0.0,0.0,0.0,0.0,1.0,0.0,0.0
12,6,0.0,0.0,0.0,0.0,0.0,0.0,1.0,0.0,0.0
12,6,0.0,0.0,0.0,0.0,0.0,0.0,1.0,0.0,0.0
12,6,0.0,0.0,0.0,0.0,0.0,0.0,1.0,0.0,0.0
12,6,0.0,0.0,0.0,0.0,0.0,0.0,1.0,0.0,0.0
12,6,0.0,0.0,0.0,0.0,0.0,0.0,1.0,0.0,0.0
12,6,0.0,0.0,0.0,0.0,0.0,0.0,1.0,0.0,0.0
12,6,0.0,0.0,0.0,0.0,0.0,0.0,1.0,0.0,0.0
12,6,0.0,0.0,0.0,0.0,0.0,0.0,1.0,0.0,0.0
12,6,0.0,0.0,0.0,0.0,0.0,0.0,1.0,0.0,0.0
12,6,0.0,0.0,0.0,0.0,0.0,0.0,1.0,0.0,0.0
12,6,0.0,0.0,0.0,0.0,0.0,0.0,1.0,0.0,0.0
12,6,0.0,0.0,0.0,0.0,0.0,0.0,1.0,0.0,0.0
12,6,0.0,0.0,0.0,0.0,0.0,0.0,1.0,0.0,0.0
12,6,0.0,0.0,0.0,0.0,0.0,0.0,1.0,0.0,0.0
12,6,0.0,0.0,0.0,0.0,0.0,0.0,1.0,0.0,0.0
12,6,0.0,0.0,0.0,0.0,0.0,0.0,1.0,0.0,0.0
12,6,0.0,0.0,0.0,0.0,0.0,0.0,1.0,0.0,0.0
12,6,0.0,0.0,0.0,0.0,0.0,0.0,1.0,0.0,0.0
12,6,0.0,0.0,0.0,0.0,0.0,0.0,1.0,0.0,0.0
12,6,0.0,0.0,0.0,0.0,0.0,0.0,1.0,0.0,0.0
12,6,0.0,0.0,0.0,0.0,0.0,0.0,1.0,0.0,0.0
12,6,0.0,0.0,0.0,0.0,0.0,0.0,1.0,0.0,0.0
12,6,0.0,0.0,0.0,0.0,0.0,0.0,1.0,0.0,0.0
12,6,0.0,0.0,0.0,0.0,0.0,0.0,1.0,0.0,0.0
12,6,0.0,0.0,0.0,0.0,0.0,0.0,1.0,0.0,0.0
12,6,0.0,0.0,0.0,0.0,0.0,0.0,1.0,0.0,0.0
12,6,0.0,0.0,0.0,0.0,0.0,0.0,1.0,0.0,0.0
12,6,0.0,0.0,0.0,0.0,0.0,0.0,1.0,0.0,0.0
12,6,0.0,0.0,0.0,0.0,0.0,0.0,1.0,0.0,0.0
12,6,0.0,0.0,0.0,0.0,0.0,0.0,1.0,0.0,0.0
12,6,0.0,0.0,0.0,0.0,0.0,0.0,1.0,0.0,0.0
12,6,0.0,0.0,0.0,0.0,0.0,0.0,1.0,0.0,0.0
12,6,0.0,0.0,0.0,0.0,0.0,0.0,1.0,0.0,0.0
12,6,0.0,0.0,0.0,0.0,0.0,0.0,1.0,0.0,0.0
12,6,0.0,0.0,0.0,0.0,0.0,0.0,1.0,0.0,0.0
12,6,0.0,0.0,0.0,0.0,0.0,0.0,1.0,0.0,0.0
12,6,0.0,0.0,0.0,0.0,0.0,0.0,1.0,0.0,0.0
12,6,0.0,0.0,0.0,0.0,0.0,0.0,1.0,0.0,0.0
12,6,0.0,0.0,0.0,0.0,0.0,0.0,1.0,0.0,0.0
12,6,0.0,0.0,0.0,0.0,0.0,0.0,1.0,0.0,0.0
12,6,0.0,0.0,0.0,0.0,0.0,0.0,1.0,0.0,0.0
12,6,0.0,0.0,0.0,0.0,0.0,0.0,1.0,0.0,0.0
12,6,0.0,0.0,0.0,0.0,0.0,0.0,1.0,0.0,0.0
12,6,0.0,0.0,0.0,0.0,0.0,0.0,1.0,0.0,0.0
12,6,0.0,0.0,0.0,0.0,0.0,0.0,1.0,0.0,0.0
12,6,0.0,0.0,0.0,0.0,0.0,0.0,1.0,0.0,0.0
12,6,0.0,0.0,0.0,0.0,0.0,0.0,1.0,0.0,0.0
12,6,0.0,0.0,0.0,0.0,0.0,0.0,1.0,0.0,0.0
12,6,0.0,0.0,0.0,0.0,0.0,0.0,1.0,0.0,0.0
12,6,0.0,0.0,0.0,0.0,0.0,0.0,1.0,0.0,0.0
12,6,0.0,0.0,0.0,0.0,0.0,0.0,1.0,0.0,0.0
12,6,0.0,0.0,0.0,0.0,0.0,0.0,1.0,0.0,0.0
12,6,0.0,0.0,0.0,0.0,0.0,0.0,1.0,0.0,0.0
12,6,0.0,0.0,0.0,0.0,0.0,0.0,1.0,0.0,0.0
12,6,0.0,0.0,0.0,0.0,0.0,0.0,1.0,0.0,0.0
12,6,0.0,0.0,0.0,0.0,0.0,0.0,1.0,0.0,0.0
12,6,0.0,0.0,0.0,0.0,0.0,0.0,1.0,0.0,0.0
12,6,0.0,0.0,0.0,0.0,0.0,0.0,1.0,0.0,0.0
12,6,0.0,0.0,0.0,0.0,0.0,0.0,1.0,0.0,0.0
12,6,0.0,0.0,0.0,0.0,0.0,0.0,1.0,0.0,0.0
12,6,0.0,0.0,0.0,0.0,0.0,0.0,1.0,0.0,0.0
12,6,0.0,0.0,0.0,0.0,0.0,0.0,1.0,0.0,0.0
12,6,0.0,0.0,0.0,0.0,0.0,0.0,1.0,0.0,0.0
12,6,0.0,0.0,0.0,0.0,0.0,0.0,1.0,0.0,0.0
12,6,0.0,0.0,0.0,0.0,0.0,0.0,1.0,0.0,0.0
12,6,0.0,0.0,0.0,0.0,0.0,0.0,1.0,0.0,0.0
12,6,0.0,0.0,0.0,0.0,0.0,0.0,1.0,0.0,0.0
12,6,0.0,0.0,0.0,0.0,0.0,0.0,1.0,0.0,0.0
12,6,0.0,0.0,0.0,0.0,0.0,0.0,1.0,0.0,0.0
12,6,0.0,0.0,0.0,0.0,0.0,0.0,1.0,0.0,0.0
12,6,0.0,0.0,0.0,0.0,0.0,0.0,1.0,0.0,0.0
12,6,0.0,0.0,0.0,0.0,0.0,0.0,1.0,0.0,0.0
12,6,0.0,0.0,0.0,0.0,0.0,0.0,1.0,0.0,0.0
12,6,0.0,0.0,0.0,0.0,0.0,0.0,1.0,0.0,0.0
12,6,0.0,0.0,0.0,0.0,0.0,0.0,1.0,0.0,0.0
12,6,0.0,0.0,0.0,0.0,0.0,0.0,1.0,0.0,0.0
12,6,0.0,0.0,0.0,0.0,0.0,0.0,1.0,0.0,0.0
12,6,0.0,0.0,0.0,0.0,0.0,0.0,1.0,0.0,0.0
12,6,0.0,0.0,0.0,0.0,0.0,0.0,1.0,0.0,0.0
12,6,0.0,0.0,0.0,0.0,0.0,0.0,1.0,0.0,0.0
12,6,0.0,0.0,0.0,0.0,0.0,0.0,1.0,0.0,0.0
12,6,0.0,0.0,0.0,0.0,0.0,0.0,1.0,0.0,0.0
12,6,0.0,0.0,0.0,0.0,0.0,0.0,1.0,0.0,0.0
12,6,0.0,0.0,0.0,0.0,0.0,0.0,1.0,0.0,0.0
12,6,0.0,0.0,0.0,0.0,0.0,0.0,1.0,0.0,0.0
12,6,0.0,0.0,0.0,0.0,0.0,0.0,1.0,0.0,0.0
12,6,0.0,0.0,0.0,0.0,0.0,0.0,1.0,0.0,0.0
12,6,0.0,0.0,0.0,0.0,0.0,0.0,1.0,0.0,0.0
12,6,0.0,0.0,0.0,0.0,0.0,0.0,1.0,0.0,0.0
12,6,0.0,0.0,0.0,0.0,0.0,0.0,1.0,0.0,0.0
12,6,0.0,0.0,0.0,0.0,0.0,0.0,1.0,0.0,0.0
12,6,0.0,0.0,0.0,0.0,0.0,0.0,1.0,0.0,0.0
12,6,0.0,0.0,0.0,0.0,0.0,0.0,1.0,0.0,0.0
12,6,0.0,0.0,0.0,0.0,0.0,0.0,1.0,0.0,0.0
12,6,0.0,0.0,0.0,0.0,0.0,0.0,1.0,0.0,0.0
12,6,0.0,0.0,0.0,0.0,0.0,0.0,1.0,0.0,0.0
12,6,0.0,0.0,0.0,0.0,0.0,0.0,1.0,0.0,0.0
12,6,0.0,0.0,0.0,0.0,0.0,0.0,1.0,0.0,0.0
12,6,0.0,0.0,0.0,0.0,0.0,0.0,1.0,0.0,0.0
12,6,0.0,0.0,0.0,0.0,0.0,0.0,1.0,0.0,0.0
12,6,0.0,0.0,0.0,0.0,0.0,0.0,1.0,0.0,0.0
12,6,0.0,0.0,0.0,0.0,0.0,0.0,1.0,0.0,0.0
12,6,0.0,0.0,0.0,0.0,0.0,0.0,1.0,0.0,0.0
12,6,0.0,0.0,0.0,0.0,0.0,0.0,1.0,0.0,0.0
12,6,0.0,0.0,0.0,0.0,0.0,0.0,1.0,0.0,0.0
12,6,0.0,0.0,0.0,0.0,0.0,0.0,1.0,0.0,0.0
12,6,0.0,0.0,0.0,0.0,0.0,0.0,1.0,0.0,0.0
12,6,0.0,0.0,0.0,0.0,0.0,0.0,1.0,0.0,0.0
12,6,0.0,0.0,0.0,0.0,0.0,0.0,1.0,0.0,0.0
12,6,0.0,0.0,0.0,0.0,0.0,0.0,1.0,0.0,0.0
12,6,0.0,0.0,0.0,0.0,0.0,0.0,1.0,0.0,0.0
12,6,0.0,0.0,0.0,0.0,0.0,0.0,1.0,0.0,0.0
12,6,0.0,0.0,0.0,0.0,0.0,0.0,1.0,0.0,0.0
12,6,0.0,0.0,0.0,0.0,0.0,0.0,1.0,0.0,0.0
12,6,0.0,0.0,0.0,0.0,0.0,0.0,1.0,0.0,0.0
12,6,0.0,0.0,0.0,0.0,0.0,0.0,1.0,0.0,0.0
12,6,0.0,0.0,0.0,0.0,0.0,0.0,1.0,0.0,0.0
12,6,0.0,0.0,0.0,0.0,0.0,0.0,1.0,0.0,0.0
12,6,0.0,0.0,0.0,0.0,0.0,0.0,1.0,0.0,0.0
12,6,0.0,0.0,0.0,0.0,0.0,0.0,1.0,0.0,0.0
12,6,0.0,0.0,0.0,0.0,0.0,0.0,1.0,0.0,0.0
12,6,0.0,0.0,0.0,0.0,0.0,0.0,1.0,0.0,0.0
12,6,0.0,0.0,0.0,0.0,0.0,0.0,1.0,0.0,0.0
12,6,0.0,0.0,0.0,0.0,0.0,0.0,1.0,0.0,0.0
12,6,0.0,0.0,0.0,0.0,0.0,0.0,1.0,0.0,0.0
12,6,0.0,0.0,0.0,0.0,0.0,0.0,1.0,0.0,0.0
12,6,0.0,0.0,0.0,0.0,0.0,0.0,1.0,0.0,0.0
12,6,0.0,0.0,0.0,0.0,0.0,0.0,1.0,0.0,0.0
12,6,0.0,0.0,0.0,0.0,0.0,0.0,1.0,0.0,0.0
12,6,0.0,0.0,0.0,0.0,0.0,0.0,1.0,0.0,0.0
12,6,0.0,0.0,0.0,0.0,0.0,0.0,1.0,0.0,0.0
12,6,0.0,0.0,0.0,0.0,0.0,0.0,1.0,0.0,0.0
12,6,0.0,0.0,0.0,0.0,0.0,0.0,1.0,0.0,0.0
12,6,0.0,0.0,0.0,0.0,0.0,0.0,1.0,0.0,0.0
12,6,0.0,0.0,0.0,0.0,0.0,0.0,1.0,0.0,0.0
12,6,0.0,0.0,0.0,0.0,0.0,0.0,1.0,0.0,0.0
12,6,0.0,0.0,0.0,0.0,0.0,0.0,1.0,0.0,0.0
12,6,0.0,0.0,0.0,0.0,0.0,0.0,1.0,0.0,0.0
12,6,0.0,0.0,0.0,0.0,0.0,0.0,1.0,0.0,0.0
12,6,0.0,0.0,0.0,0.0,0.0,0.0,1.0,0.0,0.0
12,6,0.0,0.0,0.0,0.0,0.0,0.0,1.0,0.0,0.0
12,6,0.0,0.0,0.0,0.0,0.0,0.0,1.0,0.0,0.0
12,6,0.0,0.0,0.0,0.0,0.0,0.0,1.0,0.0,0.0
12,6,0.0,0.0,0.0,0.0,0.0,0.0,1.0,0.0,0.0
12,6,0.0,0.0,0.0,0.0,0.0,0.0,1.0,0.0,0.0
12,6,0.0,0.0,0.0,0.0,0.0,0.0,1.0,0.0,0.0
12,6,0.0,0.0,0.0,0.0,0.0,0.0,1.0,0.0,0.0
12,6,0.0,0.0,0.0,0.0,0.0,0.0,1.0,0.0,0.0
12,6,0.0,0.0,0.0,0.0,0.0,0.0,1.0,0.0,0.0
12,6,0.0,0.0,0.0,0.0,0.0,0.0,1.0,0.0,0.0
12,6,0.0,0.0,0.0,0.0,0.0,0.0,1.0,0.0,0.0
12,6,0.0,0.0,0.0,0.0,0.0,0.0,1.0,0.0,0.0
12,6,0.0,0.0,0.0,0.0,0.0,0.0,1.0,0.0,0.0
12,6,0.0,0.0,0.0,0.0,0.0,0.0,1.0,0.0,0.0
12,6,0.0,0.0,0.0,0.0,0.0,0.0,1.0,0.0,0.0
12,6,0.0,0.0,0.0,0.0,0.0,0.0,1.0,0.0,0.0
12,6,0.0,0.0,0.0,0.0,0.0,0.0,1.0,0.0,0.0
12,6,0.0,0.0,0.0,0.0,0.0,0.0,1.0,0.0,0.0
12,6,0.0,0.0,0.0,0.0,0.0,0.0,1.0,0.0,0.0
12,6,0.0,0.0,0.0,0.0,0.0,0.0,1.0,0.0,0.0
12,6,0.0,0.0,0.0,0.0,0.0,0.0,1.0,0.0,0.0
12,6,0.0,0.0,0.0,0.0,0.0,0.0,1.0,0.0,0.0
12,6,0.0,0.0,0.0,0.0,0.0,0.0,1.0,0.0,0.0
12,6,0.0,0.0,0.0,0.0,0.0,0.0,1.0,0.0,0.0
12,6,0.0,0.0,0.0,0.0,0.0,0.0,1.0,0.0,0.0
12,6,0.0,0.0,0.0,0.0,0.0,0.0,1.0,0.0,0.0
12,6,0.0,0.0,0.0,0.0,0.0,0.0,1.0,0.0,0.0
12,6,0.0,0.0,0.0,0.0,0.0,0.0,1.0,0.0,0.0
12,6,0.0,0.0,0.0,0.0,0.0,0.0,1.0,0.0,0.0
12,6,0.0,0.0,0.0,0.0,0.0,0.0,1.0,0.0,0.0
12,6,0.0,0.0,0.0,0.0,0.0,0.0,1.0,0.0,0.0
12,6,0.0,0.0,0.0,0.0,0.0,0.0,1.0,0.0,0.0
12,6,0.0,0.0,0.0,0.0,0.0,0.0,1.0,0.0,0.0
12,6,0.0,0.0,0.0,0.0,0.0,0.0,1.0,0.0,0.0
12,6,0.0,0.0,0.0,0.0,0.0,0.0,1.0,0.0,0.0
12,6,0.0,0.0,0.0,0.0,0.0,0.0,1.0,0.0,0.0
12,6,0.0,0.0,0.0,0.0,0.0,0.0,1.0,0.0,0.0
12,6,0.0,0.0,0.0,0.0,0.0,0.0,1.0,0.0,0.0
12,6,0.0,0.0,0.0,0.0,0.0,0.0,1.0,0.0,0.0
12,6,0.0,0.0,0.0,0.0,0.0,0.0,1.0,0.0,0.0
12,6,0.0,0.0,0.0,0.0,0.0,0.0,1.0,0.0,0.0
12,6,0.0,0.0,0.0,0.0,0.0,0.0,1.0,0.0,0.0
12,6,0.0,0.0,0.0,0.0,0.0,0.0,1.0,0.0,0.0
12,6,0.0,0.0,0.0,0.0,0.0,0.0,1.0,0.0,0.0
12,6,0.0,0.0,0.0,0.0,0.0,0.0,1.0,0.0,0.0
12,6,0.0,0.0,0.0,0.0,0.0,0.0,1.0,0.0,0.0
12,6,0.0,0.0,0.0,0.0,0.0,0.0,1.0,0.0,0.0
12,6,0.0,0.0,0.0,0.0,0.0,0.0,1.0,0.0,0.0
12,6,0.0,0.0,0.0,0.0,0.0,0.0,1.0,0.0,0.0
12,6,0.0,0.0,0.0,0.0,0.0,0.0,1.0,0.0,0.0
12,6,0.0,0.0,0.0,0.0,0.0,0.0,1.0,0.0,0.0
12,6,0.0,0.0,0.0,0.0,0.0,0.0,1.0,0.0,0.0
12,6,0.0,0.0,0.0,0.0,0.0,0.0,1.0,0.0,0.0
12,6,0.0,0.0,0.0,0.0,0.0,0.0,1.0,0.0,0.0
12,6,0.0,0.0,0.0,0.0,0.0,0.0,1.0,0.0,0.0
12,6,0.0,0.0,0.0,0.0,0.0,0.0,1.0,0.0,0.0
12,6,0.0,0.0,0.0,0.0,0.0,0.0,1.0,0.0,0.0
12,6,0.0,0.0,0.0,0.0,0.0,0.0,1.0,0.0,0.0
12,6,0.0,0.0,0.0,0.0,0.0,0.0,1.0,0.0,0.0
12,6,0.0,0.0,0.0,0.0,0.0,0.0,1.0,0.0,0.0
12,6,0.0,0.0,0.0,0.0,0.0,0.0,1.0,0.0,0.0
12,6,0.0,0.0,0.0,0.0,0.0,0.0,1.0,0.0,0.0
12,6,0.0,0.0,0.0,0.0,0.0,0.0,1.0,0.0,0.0
12,6,0.0,0.0,0.0,0.0,0.0,0.0,1.0,0.0,0.0
12,6,0.0,0.0,0.0,0.0,0.0,0.0,1.0,0.0,0.0
12,6,0.0,0.0,0.0,0.0,0.0,0.0,1.0,0.0,0.0
12,6,0.0,0.0,0.0,0.0,0.0,0.0,1.0,0.0,0.0
12,6,0.0,0.0,0.0,0.0,0.0,0.0,1.0,0.0,0.0
12,6,0.0,0.0,0.0,0.0,0.0,0.0,1.0,0.0,0.0
12,6,0.0,0.0,0.0,0.0,0.0,0.0,1.0,0.0,0.0
12,6,0.0,0.0,0.0,0.0,0.0,0.0,1.0,0.0,0.0
12,6,0.0,0.0,0.0,0.0,0.0,0.0,1.0,0.0,0.0
12,6,0.0,0.0,0.0,0.0,0.0,0.0,1.0,0.0,0.0
12,6,0.0,0.0,0.0,0.0,0.0,0.0,1.0,0.0,0.0
12,6,0.0,0.0,0.0,0.0,0.0,0.0,1.0,0.0,0.0
12,6,0.0,0.0,0.0,0.0,0.0,0.0,1.0,0.0,0.0
12,6,0.0,0.0,0.0,0.0,0.0,0.0,1.0,0.0,0.0
12,6,0.0,0.0,0.0,0.0,0.0,0.0,1.0,0.0,0.0
12,6,0.0,0.0,0.0,0.0,0.0,0.0,1.0,0.0,0.0
12,6,0.0,0.0,0.0,0.0,0.0,0.0,1.0,0.0,0.0
12,6,0.0,0.0,0.0,0.0,0.0,0.0,1.0,0.0,0.0
12,6,0.0,0.0,0.0,0.0,0.0,0.0,1.0,0.0,0.0
12,6,0.0,0.0,0.0,0.0,0.0,0.0,1.0,0.0,0.0
12,6,0.0,0.0,0.0,0.0,0.0,0.0,1.0,0.0,0.0
12,6,0.0,0.0,0.0,0.0,0.0,0.0,1.0,0.0,0.0
12,6,0.0,0.0,0.0,0.0,0.0,0.0,1.0,0.0,0.0
12,6,0.0,0.0,0.0,0.0,0.0,0.0,1.0,0.0,0.0
12,6,0.0,0.0,0.0,0.0,0.0,0.0,1.0,0.0,0.0
12,6,0.0,0.0,0.0,0.0,0.0,0.0,1.0,0.0,0.0
12,6,0.0,0.0,0.0,0.0,0.0,0.0,1.0,0.0,0.0
12,6,0.0,0.0,0.0,0.0,0.0,0.0,1.0,0.0,0.0
12,6,0.0,0.0,0.0,0.0,0.0,0.0,1.0,0.0,0.0
12,6,0.0,0.0,0.0,0.0,0.0,0.0,1.0,0.0,0.0
12,6,0.0,0.0,0.0,0.0,0.0,0.0,1.0,0.0,0.0
12,6,0.0,0.0,0.0,0.0,0.0,0.0,1.0,0.0,0.0
12,6,0.0,0.0,0.0,0.0,0.0,0.0,1.0,0.0,0.0
12,6,0.0,0.0,0.0,0.0,0.0,0.0,1.0,0.0,0.0
12,6,0.0,0.0,0.0,0.0,0.0,0.0,1.0,0.0,0.0
12,6,0.0,0.0,0.0,0.0,0.0,0.0,1.0,0.0,0.0
12,6,0.0,0.0,0.0,0.0,0.0,0.0,1.0,0.0,0.0
12,6,0.0,0.0,0.0,0.0,0.0,0.0,1.0,0.0,0.0
12,6,0.0,0.0,0.0,0.0,0.0,0.0,1.0,0.0,0.0
12,6,0.0,0.0,0.0,0.0,0.0,0.0,1.0,0.0,0.0
12,6,0.0,0.0,0.0,0.0,0.0,0.0,1.0,0.0,0.0
12,6,0.0,0.0,0.0,0.0,0.0,0.0,1.0,0.0,0.0
12,6,0.0,0.0,0.0,0.0,0.0,0.0,1.0,0.0,0.0
12,6,0.0,0.0,0.0,0.0,0.0,0.0,1.0,0.0,0.0
12,6,0.0,0.0,0.0,0.0,0.0,0.0,1.0,0.0,0.0
12,6,0.0,0.0,0.0,0.0,0.0,0.0,1.0,0.0,0.0
12,6,0.0,0.0,0.0,0.0,0.0,0.0,1.0,0.0,0.0
12,6,0.0,0.0,0.0,0.0,0.0,0.0,1.0,0.0,0.0
12,6,0.0,0.0,0.0,0.0,0.0,0.0,1.0,0.0,0.0
12,6,0.0,0.0,0.0,0.0,0.0,0.0,1.0,0.0,0.0
12,6,0.0,0.0,0.0,0.0,0.0,0.0,1.0,0.0,0.0
12,6,0.0,0.0,0.0,0.0,0.0,0.0,1.0,0.0,0.0
12,6,0.0,0.0,0.0,0.0,0.0,0.0,1.0,0.0,0.0
12,6,0.0,0.0,0.0,0.0,0.0,0.0,1.0,0.0,0.0
12,6,0.0,0.0,0.0,0.0,0.0,0.0,1.0,0.0,0.0
12,6,0.0,0.0,0.0,0.0,0.0,0.0,1.0,0.0,0.0
12,6,0.0,0.0,0.0,0.0,0.0,0.0,1.0,0.0,0.0
12,6,0.0,0.0,0.0,0.0,0.0,0.0,1.0,0.0,0.0
12,6,0.0,0.0,0.0,0.0,0.0,0.0,1.0,0.0,0.0
12,6,0.0,0.0,0.0,0.0,0.0,0.0,1.0,0.0,0.0
12,6,0.0,0.0,0.0,0.0,0.0,0.0,1.0,0.0,0.0
12,6,0.0,0.0,0.0,0.0,0.0,0.0,1.0,0.0,0.0
12,6,0.0,0.0,0.0,0.0,0.0,0.0,1.0,0.0,0.0
12,6,0.0,0.0,0.0,0.0,0.0,0.0,1.0,0.0,0.0
12,6,0.0,0.0,0.0,0.0,0.0,0.0,1.0,0.0,0.0
12,6,0.0,0.0,0.0,0.0,0.0,0.0,1.0,0.0,0.0
12,6,0.0,0.0,0.0,0.0,0.0,0.0,1.0,0.0,0.0
12,6,0.0,0.0,0.0,0.0,0.0,0.0,1.0,0.0,0.0
12,6,0.0,0.0,0.0,0.0,0.0,0.0,1.0,0.0,0.0
12,6,0.0,0.0,0.0,0.0,0.0,0.0,1.0,0.0,0.0
12,6,0.0,0.0,0.0,0.0,0.0,0.0,1.0,0.0,0.0
12,6,0.0,0.0,0.0,0.0,0.0,0.0,1.0,0.0,0.0
12,6,0.0,0.0,0.0,0.0,0.0,0.0,1.0,0.0,0.0
12,6,0.0,0.0,0.0,0.0,0.0,0.0,1.0,0.0,0.0
12,6,0.0,0.0,0.0,0.0,0.0,0.0,1.0,0.0,0.0
12,6,0.0,0.0,0.0,0.0,0.0,0.0,1.0,0.0,0.0
12,6,0.0,0.0,0.0,0.0,0.0,0.0,1.0,0.0,0.0
12,6,0.0,0.0,0.0,0.0,0.0,0.0,1.0,0.0,0.0
12,6,0.0,0.0,0.0,0.0,0.0,0.0,1.0,0.0,0.0
12,6,0.0,0.0,0.0,0.0,0.0,0.0,1.0,0.0,0.0
12,6,0.0,0.0,0.0,0.0,0.0,0.0,1.0,0.0,0.0
12,6,0.0,0.0,0.0,0.0,0.0,0.0,1.0,0.0,0.0
12,6,0.0,0.0,0.0,0.0,0.0,0.0,1.0,0.0,0.0
12,6,0.0,0.0,0.0,0.0,0.0,0.0,1.0,0.0,0.0
12,6,0.0,0.0,0.0,0.0,0.0,0.0,1.0,0.0,0.0
12,6,0.0,0.0,0.0,0.0,0.0,0.0,1.0,0.0,0.0
12,6,0.0,0.0,0.0,0.0,0.0,0.0,1.0,0.0,0.0
12,6,0.0,0.0,0.0,0.0,0.0,0.0,1.0,0.0,0.0
12,6,0.0,0.0,0.0,0.0,0.0,0.0,1.0,0.0,0.0
12,6,0.0,0.0,0.0,0.0,0.0,0.0,1.0,0.0,0.0
12,6,0.0,0.0,0.0,0.0,0.0,0.0,1.0,0.0,0.0
12,6,0.0,0.0,0.0,0.0,0.0,0.0,1.0,0.0,0.0
12,6,0.0,0.0,0.0,0.0,0.0,0.0,1.0,0.0,0.0
12,6,0.0,0.0,0.0,0.0,0.0,0.0,1.0,0.0,0.0
12,6,0.0,0.0,0.0,0.0,0.0,0.0,1.0,0.0,0.0
12,6,0.0,0.0,0.0,0.0,0.0,0.0,1.0,0.0,0.0
12,6,0.0,0.0,0.0,0.0,0.0,0.0,1.0,0.0,0.0
12,6,0.0,0.0,0.0,0.0,0.0,0.0,1.0,0.0,0.0
12,6,0.0,0.0,0.0,0.0,0.0,0.0,1.0,0.0,0.0
12,6,0.0,0.0,0.0,0.0,0.0,0.0,1.0,0.0,0.0
12,6,0.0,0.0,0.0,0.0,0.0,0.0,1.0,0.0,0.0
12,6,0.0,0.0,0.0,0.0,0.0,0.0,1.0,0.0,0.0
12,6,0.0,0.0,0.0,0.0,0.0,0.0,1.0,0.0,0.0
12,6,0.0,0.0,0.0,0.0,0.0,0.0,1.0,0.0,0.0
12,6,0.0,0.0,0.0,0.0,0.0,0.0,1.0,0.0,0.0
12,6,0.0,0.0,0.0,0.0,0.0,0.0,1.0,0.0,0.0
12,6,0.0,0.0,0.0,0.0,0.0,0.0,1.0,0.0,0.0
12,6,0.0,0.0,0.0,0.0,0.0,0.0,1.0,0.0,0.0
12,6,0.0,0.0,0.0,0.0,0.0,0.0,1.0,0.0,0.0
12,6,0.0,0.0,0.0,0.0,0.0,0.0,1.0,0.0,0.0
12,6,0.0,0.0,0.0,0.0,0.0,0.0,1.0,0.0,0.0
12,6,0.0,0.0,0.0,0.0,0.0,0.0,1.0,0.0,0.0
12,6,0.0,0.0,0.0,0.0,0.0,0.0,1.0,0.0,0.0
12,6,0.0,0.0,0.0,0.0,0.0,0.0,1.0,0.0,0.0
12,6,0.0,0.0,0.0,0.0,0.0,0.0,1.0,0.0,0.0
12,6,0.0,0.0,0.0,0.0,0.0,0.0,1.0,0.0,0.0
12,6,0.0,0.0,0.0,0.0,0.0,0.0,1.0,0.0,0.0
12,6,0.0,0.0,0.0,0.0,0.0,0.0,1.0,0.0,0.0
12,6,0.0,0.0,0.0,0.0,0.0,0.0,1.0,0.0,0.0
12,6,0.0,0.0,0.0,0.0,0.0,0.0,1.0,0.0,0.0
12,6,0.0,0.0,0.0,0.0,0.0,0.0,1.0,0.0,0.0
12,6,0.0,0.0,0.0,0.0,0.0,0.0,1.0,0.0,0.0
12,6,0.0,0.0,0.0,0.0,0.0,0.0,1.0,0.0,0.0
12,6,0.0,0.0,0.0,0.0,0.0,0.0,1.0,0.0,0.0
12,6,0.0,0.0,0.0,0.0,0.0,0.0,1.0,0.0,0.0
12,6,0.0,0.0,0.0,0.0,0.0,0.0,1.0,0.0,0.0
12,6,0.0,0.0,0.0,0.0,0.0,0.0,1.0,0.0,0.0
12,6,0.0,0.0,0.0,0.0,0.0,0.0,1.0,0.0,0.0
12,6,0.0,0.0,0.0,0.0,0.0,0.0,1.0,0.0,0.0
12,6,0.0,0.0,0.0,0.0,0.0,0.0,1.0,0.0,0.0
12,6,0.0,0.0,0.0,0.0,0.0,0.0,1.0,0.0,0.0
12,6,0.0,0.0,0.0,0.0,0.0,0.0,1.0,0.0,0.0
12,6,0.0,0.0,0.0,0.0,0.0,0.0,1.0,0.0,0.0
12,6,0.0,0.0,0.0,0.0,0.0,0.0,1.0,0.0,0.0
12,6,0.0,0.0,0.0,0.0,0.0,0.0,1.0,0.0,0.0
12,6,0.0,0.0,0.0,0.0,0.0,0.0,1.0,0.0,0.0
12,6,0.0,0.0,0.0,0.0,0.0,0.0,1.0,0.0,0.0
12,6,0.0,0.0,0.0,0.0,0.0,0.0,1.0,0.0,0.0
12,6,0.0,0.0,0.0,0.0,0.0,0.0,1.0,0.0,0.0
12,6,0.0,0.0,0.0,0.0,0.0,0.0,1.0,0.0,0.0
12,6,0.0,0.0,0.0,0.0,0.0,0.0,1.0,0.0,0.0
12,6,0.0,0.0,0.0,0.0,0.0,0.0,1.0,0.0,0.0
12,6,0.0,0.0,0.0,0.0,0.0,0.0,1.0,0.0,0.0
12,6,0.0,0.0,0.0,0.0,0.0,0.0,1.0,0.0,0.0
12,6,0.0,0.0,0.0,0.0,0.0,0.0,1.0,0.0,0.0
12,6,0.0,0.0,0.0,0.0,0.0,0.0,1.0,0.0,0.0
12,6,0.0,0.0,0.0,0.0,0.0,0.0,1.0,0.0,0.0
12,6,0.0,0.0,0.0,0.0,0.0,0.0,1.0,0.0,0.0
12,6,0.0,0.0,0.0,0.0,0.0,0.0,1.0,0.0,0.0
12,6,0.0,0.0,0.0,0.0,0.0,0.0,1.0,0.0,0.0
12,6,0.0,0.0,0.0,0.0,0.0,0.0,1.0,0.0,0.0
12,6,0.0,0.0,0.0,0.0,0.0,0.0,1.0,0.0,0.0
12,6,0.0,0.0,0.0,0.0,0.0,0.0,1.0,0.0,0.0
12,6,0.0,0.0,0.0,0.0,0.0,0.0,1.0,0.0,0.0
12,6,0.0,0.0,0.0,0.0,0.0,0.0,1.0,0.0,0.0
12,6,0.0,0.0,0.0,0.0,0.0,0.0,1.0,0.0,0.0
12,6,0.0,0.0,0.0,0.0,0.0,0.0,1.0,0.0,0.0
12,6,0.0,0.0,0.0,0.0,0.0,0.0,1.0,0.0,0.0
12,6,0.0,0.0,0.0,0.0,0.0,0.0,1.0,0.0,0.0
12,6,0.0,0.0,0.0,0.0,0.0,0.0,1.0,0.0,0.0
12,6,0.0,0.0,0.0,0.0,0.0,0.0,1.0,0.0,0.0
12,6,0.0,0.0,0.0,0.0,0.0,0.0,1.0,0.0,0.0
12,6,0.0,0.0,0.0,0.0,0.0,0.0,1.0,0.0,0.0
12,6,0.0,0.0,0.0,0.0,0.0,0.0,1.0,0.0,0.0
12,6,0.0,0.0,0.0,0.0,0.0,0.0,1.0,0.0,0.0
12,6,0.0,0.0,0.0,0.0,0.0,0.0,1.0,0.0,0.0
12,6,0.0,0.0,0.0,0.0,0.0,0.0,1.0,0.0,0.0
12,6,0.0,0.0,0.0,0.0,0.0,0.0,1.0,0.0,0.0
12,6,0.0,0.0,0.0,0.0,0.0,0.0,1.0,0.0,0.0
12,6,0.0,0.0,0.0,0.0,0.0,0.0,1.0,0.0,0.0
12,6,0.0,0.0,0.0,0.0,0.0,0.0,1.0,0.0,0.0
12,6,0.0,0.0,0.0,0.0,0.0,0.0,1.0,0.0,0.0
12,6,0.0,0.0,0.0,0.0,0.0,0.0,1.0,0.0,0.0
12,6,0.0,0.0,0.0,0.0,0.0,0.0,1.0,0.0,0.0
12,6,0.0,0.0,0.0,0.0,0.0,0.0,1.0,0.0,0.0
12,6,0.0,0.0,0.0,0.0,0.0,0.0,1.0,0.0,0.0
12,6,0.0,0.0,0.0,0.0,0.0,0.0,1.0,0.0,0.0
12,6,0.0,0.0,0.0,0.0,0.0,0.0,1.0,0.0,0.0
12,6,0.0,0.0,0.0,0.0,0.0,0.0,1.0,0.0,0.0
12,6,0.0,0.0,0.0,0.0,0.0,0.0,1.0,0.0,0.0
12,6,0.0,0.0,0.0,0.0,0.0,0.0,1.0,0.0,0.0
12,6,0.0,0.0,0.0,0.0,0.0,0.0,1.0,0.0,0.0
12,6,0.0,0.0,0.0,0.0,0.0,0.0,1.0,0.0,0.0
12,6,0.0,0.0,0.0,0.0,0.0,0.0,1.0,0.0,0.0
12,6,0.0,0.0,0.0,0.0,0.0,0.0,1.0,0.0,0.0
12,6,0.0,0.0,0.0,0.0,0.0,0.0,1.0,0.0,0.0
12,6,0.0,0.0,0.0,0.0,0.0,0.0,1.0,0.0,0.0
12,6,0.0,0.0,0.0,0.0,0.0,0.0,1.0,0.0,0.0
12,6,0.0,0.0,0.0,0.0,0.0,0.0,1.0,0.0,0.0
12,6,0.0,0.0,0.0,0.0,0.0,0.0,1.0,0.0,0.0
12,6,0.0,0.0,0.0,0.0,0.0,0.0,1.0,0.0,0.0
12,6,0.0,0.0,0.0,0.0,0.0,0.0,1.0,0.0,0.0
12,6,0.0,0.0,0.0,0.0,0.0,0.0,1.0,0.0,0.0
12,6,0.0,0.0,0.0,0.0,0.0,0.0,1.0,0.0,0.0
12,6,0.0,0.0,0.0,0.0,0.0,0.0,1.0,0.0,0.0
12,6,0.0,0.0,0.0,0.0,0.0,0.0,1.0,0.0,0.0
12,6,0.0,0.0,0.0,0.0,0.0,0.0,1.0,0.0,0.0
12,6,0.0,0.0,0.0,0.0,0.0,0.0,1.0,0.0,0.0
12,6,0.0,0.0,0.0,0.0,0.0,0.0,1.0,0.0,0.0
12,6,0.0,0.0,0.0,0.0,0.0,0.0,1.0,0.0,0.0
12,6,0.0,0.0,0.0,0.0,0.0,0.0,1.0,0.0,0.0
12,6,0.0,0.0,0.0,0.0,0.0,0.0,1.0,0.0,0.0
12,6,0.0,0.0,0.0,0.0,0.0,0.0,1.0,0.0,0.0
12,6,0.0,0.0,0.0,0.0,0.0,0.0,1.0,0.0,0.0
12,6,0.0,0.0,0.0,0.0,0.0,0.0,1.0,0.0,0.0
12,6,0.0,0.0,0.0,0.0,0.0,0.0,1.0,0.0,0.0
12,6,0.0,0.0,0.0,0.0,0.0,0.0,1.0,0.0,0.0
12,6,0.0,0.0,0.0,0.0,0.0,0.0,1.0,0.0,0.0
12,6,0.0,0.0,0.0,0.0,0.0,0.0,1.0,0.0,0.0
12,6,0.0,0.0,0.0,0.0,0.0,0.0,1.0,0.0,0.0
12,6,0.0,0.0,0.0,0.0,0.0,0.0,1.0,0.0,0.0
12,6,0.0,0.0,0.0,0.0,0.0,0.0,1.0,0.0,0.0
12,6,0.0,0.0,0.0,0.0,0.0,0.0,1.0,0.0,0.0
12,6,0.0,0.0,0.0,0.0,0.0,0.0,1.0,0.0,0.0
12,6,0.0,0.0,0.0,0.0,0.0,0.0,1.0,0.0,0.0
12,6,0.0,0.0,0.0,0.0,0.0,0.0,1.0,0.0,0.0
12,6,0.0,0.0,0.0,0.0,0.0,0.0,1.0,0.0,0.0
12,6,0.0,0.0,0.0,0.0,0.0,0.0,1.0,0.0,0.0
12,6,0.0,0.0,0.0,0.0,0.0,0.0,1.0,0.0,0.0
12,6,0.0,0.0,0.0,0.0,0.0,0.0,1.0,0.0,0.0
12,6,0.0,0.0,0.0,0.0,0.0,0.0,1.0,0.0,0.0
12,6,0.0,0.0,0.0,0.0,0.0,0.0,1.0,0.0,0.0
12,6,0.0,0.0,0.0,0.0,0.0,0.0,1.0,0.0,0.0
12,6,0.0,0.0,0.0,0.0,0.0,0.0,1.0,0.0,0.0
12,6,0.0,0.0,0.0,0.0,0.0,0.0,1.0,0.0,0.0
12,6,0.0,0.0,0.0,0.0,0.0,0.0,1.0,0.0,0.0
12,6,0.0,0.0,0.0,0.0,0.0,0.0,1.0,0.0,0.0
12,6,0.0,0.0,0.0,0.0,0.0,0.0,1.0,0.0,0.0
12,6,0.0,0.0,0.0,0.0,0.0,0.0,1.0,0.0,0.0
12,6,0.0,0.0,0.0,0.0,0.0,0.0,1.0,0.0,0.0
12,6,0.0,0.0,0.0,0.0,0.0,0.0,1.0,0.0,0.0
12,6,0.0,0.0,0.0,0.0,0.0,0.0,1.0,0.0,0.0
12,6,0.0,0.0,0.0,0.0,0.0,0.0,1.0,0.0,0.0
12,6,0.0,0.0,0.0,0.0,0.0,0.0,1.0,0.0,0.0
12,6,0.0,0.0,0.0,0.0,0.0,0.0,1.0,0.0,0.0
12,6,0.0,0.0,0.0,0.0,0.0,0.0,1.0,0.0,0.0
12,6,0.0,0.0,0.0,0.0,0.0,0.0,1.0,0.0,0.0
12,6,0.0,0.0,0.0,0.0,0.0,0.0,1.0,0.0,0.0
12,6,0.0,0.0,0.0,0.0,0.0,0.0,1.0,0.0,0.0
12,6,0.0,0.0,0.0,0.0,0.0,0.0,1.0,0.0,0.0
12,6,0.0,0.0,0.0,0.0,0.0,0.0,1.0,0.0,0.0
12,6,0.0,0.0,0.0,0.0,0.0,0.0,1.0,0.0,0.0
12,6,0.0,0.0,0.0,0.0,0.0,0.0,1.0,0.0,0.0
12,6,0.0,0.0,0.0,0.0,0.0,0.0,1.0,0.0,0.0
12,6,0.0,0.0,0.0,0.0,0.0,0.0,1.0,0.0,0.0
12,6,0.0,0.0,0.0,0.0,0.0,0.0,1.0,0.0,0.0
12,6,0.0,0.0,0.0,0.0,0.0,0.0,1.0,0.0,0.0
12,6,0.0,0.0,0.0,0.0,0.0,0.0,1.0,0.0,0.0
12,6,0.0,0.0,0.0,0.0,0.0,0.0,1.0,0.0,0.0
12,6,0.0,0.0,0.0,0.0,0.0,0.0,1.0,0.0,0.0
12,6,0.0,0.0,0.0,0.0,0.0,0.0,1.0,0.0,0.0
12,6,0.0,0.0,0.0,0.0,0.0,0.0,1.0,0.0,0.0
12,6,0.0,0.0,0.0,0.0,0.0,0.0,1.0,0.0,0.0
12,6,0.0,0.0,0.0,0.0,0.0,0.0,1.0,0.0,0.0
12,6,0.0,0.0,0.0,0.0,0.0,0.0,1.0,0.0,0.0
12,6,0.0,0.0,0.0,0.0,0.0,0.0,1.0,0.0,0.0
12,6,0.0,0.0,0.0,0.0,0.0,0.0,1.0,0.0,0.0
12,6,0.0,0.0,0.0,0.0,0.0,0.0,1.0,0.0,0.0
12,6,0.0,0.0,0.0,0.0,0.0,0.0,1.0,0.0,0.0
12,6,0.0,0.0,0.0,0.0,0.0,0.0,1.0,0.0,0.0
12,6,0.0,0.0,0.0,0.0,0.0,0.0,1.0,0.0,0.0
12,6,0.0,0.0,0.0,0.0,0.0,0.0,1.0,0.0,0.0
12,6,0.0,0.0,0.0,0.0,0.0,0.0,1.0,0.0,0.0
12,6,0.0,0.0,0.0,0.0,0.0,0.0,1.0,0.0,0.0
12,6,0.0,0.0,0.0,0.0,0.0,0.0,1.0,0.0,0.0
12,6,0.0,0.0,0.0,0.0,0.0,0.0,1.0,0.0,0.0
12,6,0.0,0.0,0.0,0.0,0.0,0.0,1.0,0.0,0.0
12,6,0.0,0.0,0.0,0.0,0.0,0.0,1.0,0.0,0.0
12,6,0.0,0.0,0.0,0.0,0.0,0.0,1.0,0.0,0.0
12,6,0.0,0.0,0.0,0.0,0.0,0.0,1.0,0.0,0.0
12,6,0.0,0.0,0.0,0.0,0.0,0.0,1.0,0.0,0.0
12,6,0.0,0.0,0.0,0.0,0.0,0.0,1.0,0.0,0.0
12,6,0.0,0.0,0.0,0.0,0.0,0.0,1.0,0.0,0.0
12,6,0.0,0.0,0.0,0.0,0.0,0.0,1.0,0.0,0.0
12,6,0.0,0.0,0.0,0.0,0.0,0.0,1.0,0.0,0.0
12,6,0.0,0.0,0.0,0.0,0.0,0.0,1.0,0.0,0.0
12,6,0.0,0.0,0.0,0.0,0.0,0.0,1.0,0.0,0.0
12,6,0.0,0.0,0.0,0.0,0.0,0.0,1.0,0.0,0.0
12,6,0.0,0.0,0.0,0.0,0.0,0.0,1.0,0.0,0.0
12,6,0.0,0.0,0.0,0.0,0.0,0.0,1.0,0.0,0.0
12,6,0.0,0.0,0.0,0.0,0.0,0.0,1.0,0.0,0.0
12,6,0.0,0.0,0.0,0.0,0.0,0.0,1.0,0.0,0.0
12,6,0.0,0.0,0.0,0.0,0.0,0.0,1.0,0.0,0.0
12,6,0.0,0.0,0.0,0.0,0.0,0.0,1.0,0.0,0.0
12,6,0.0,0.0,0.0,0.0,0.0,0.0,1.0,0.0,0.0
12,6,0.0,0.0,0.0,0.0,0.0,0.0,1.0,0.0,0.0
12,6,0.0,0.0,0.0,0.0,0.0,0.0,1.0,0.0,0.0
12,6,0.0,0.0,0.0,0.0,0.0,0.0,1.0,0.0,0.0
12,6,0.0,0.0,0.0,0.0,0.0,0.0,1.0,0.0,0.0
12,6,0.0,0.0,0.0,0.0,0.0,0.0,1.0,0.0,0.0
12,6,0.0,0.0,0.0,0.0,0.0,0.0,1.0,0.0,0.0
12,6,0.0,0.0,0.0,0.0,0.0,0.0,1.0,0.0,0.0
12,6,0.0,0.0,0.0,0.0,0.0,0.0,1.0,0.0,0.0
12,6,0.0,0.0,0.0,0.0,0.0,0.0,1.0,0.0,0.0
12,6,0.0,0.0,0.0,0.0,0.0,0.0,1.0,0.0,0.0
12,6,0.0,0.0,0.0,0.0,0.0,0.0,1.0,0.0,0.0
12,6,0.0,0.0,0.0,0.0,0.0,0.0,1.0,0.0,0.0
12,6,0.0,0.0,0.0,0.0,0.0,0.0,1.0,0.0,0.0
12,6,0.0,0.0,0.0,0.0,0.0,0.0,1.0,0.0,0.0
12,6,0.0,0.0,0.0,0.0,0.0,0.0,1.0,0.0,0.0
12,6,0.0,0.0,0.0,0.0,0.0,0.0,1.0,0.0,0.0
12,6,0.0,0.0,0.0,0.0,0.0,0.0,1.0,0.0,0.0
12,6,0.0,0.0,0.0,0.0,0.0,0.0,1.0,0.0,0.0
12,6,0.0,0.0,0.0,0.0,0.0,0.0,1.0,0.0,0.0
12,6,0.0,0.0,0.0,0.0,0.0,0.0,1.0,0.0,0.0
12,6,0.0,0.0,0.0,0.0,0.0,0.0,1.0,0.0,0.0
12,6,0.0,0.0,0.0,0.0,0.0,0.0,1.0,0.0,0.0
12,6,0.0,0.0,0.0,0.0,0.0,0.0,1.0,0.0,0.0
12,6,0.0,0.0,0.0,0.0,0.0,0.0,1.0,0.0,0.0
12,6,0.0,0.0,0.0,0.0,0.0,0.0,1.0,0.0,0.0
12,6,0.0,0.0,0.0,0.0,0.0,0.0,1.0,0.0,0.0
12,6,0.0,0.0,0.0,0.0,0.0,0.0,1.0,0.0,0.0
12,6,0.0,0.0,0.0,0.0,0.0,0.0,1.0,0.0,0.0
12,6,0.12105169,0.0,0.0,0.0,0.0,0.0,0.87894833,0.0,0.0
12,6,0.12105169,0.0,0.0,0.0,0.0,0.0,0.87894833,0.0,0.0
12,6,0.12105169,0.0,0.0,0.0,0.0,0.0,0.87894833,0.0,0.0
12,6,0.12105169,0.0,0.0,0.0,0.0,0.0,0.87894833,0.0,0.0
12,6,0.12105169,0.0,0.0,0.0,0.0,0.0,0.87894833,0.0,0.0
12,6,0.12105169,0.0,0.0,0.0,0.0,0.0,0.87894833,0.0,0.0
12,6,0.12105169,0.0,0.0,0.0,0.0,0.0,0.87894833,0.0,0.0
12,6,0.12105169,0.0,0.0,0.0,0.0,0.0,0.87894833,0.0,0.0
12,6,0.18001823,0.0,0.0,0.0,0.0,0.0,0.81998175,0.0,0.0
12,6,0.18001823,0.0,0.0,0.0,0.0,0.0,0.81998175,0.0,0.0
12,6,0.18001823,0.0,0.0,0.0,0.0,0.0,0.81998175,0.0,0.0
12,6,0.18001823,0.0,0.0,0.0,0.0,0.0,0.81998175,0.0,0.0
12,6,0.18001823,0.0,0.0,0.0,0.0,0.0,0.81998175,0.0,0.0
12,6,0.18001823,0.0,0.0,0.0,0.0,0.0,0.81998175,0.0,0.0
12,6,0.18001823,0.0,0.0,0.0,0.0,0.0,0.81998175,0.0,0.0
12,6,0.18001823,0.0,0.0,0.0,0.0,0.0,0.81998175,0.0,0.0
12,6,0.29840463,0.0,0.0,0.0,0.0,0.0,0.70159537,0.0,0.0
12,6,0.29840463,0.0,0.0,0.0,0.0,0.0,0.70159537,0.0,0.0
12,6,0.29840463,0.0,0.0,0.0,0.0,0.0,0.70159537,0.0,0.0
12,6,0.29840463,0.0,0.0,0.0,0.0,0.0,0.70159537,0.0,0.0
12,6,0.29840463,0.0,0.0,0.0,0.0,0.0,0.70159537,0.0,0.0
12,6,0.29840463,0.0,0.0,0.0,0.0,0.0,0.70159537,0.0,0.0
12,6,0.29840463,0.0,0.0,0.0,0.0,0.0,0.70159537,0.0,0.0
12,6,0.29840463,0.0,0.0,0.0,0.0,0.0,0.70159537,0.0,0.0
12,6,0.29840463,0.0,0.0,0.0,0.0,0.0,0.70159537,0.0,0.0
12,6,0.29840463,0.0,0.0,0.0,0.0,0.0,0.70159537,0.0,0.0
12,6,0.29840463,0.0,0.0,0.0,0.0,0.0,0.70159537,0.0,0.0
12,6,0.37196705,0.0,0.0,0.0,0.0,0.0,0.6280329,0.0,0.0
12,6,0.44114476,0.0,0.0,0.0,0.0,0.0,0.55885524,0.0,0.0
12,6,0.44114476,0.0,0.0,0.0,0.0,0.0,0.55885524,0.0,0.0
12,6,0.44114476,0.0,0.0,0.0,0.0,0.0,0.55885524,0.0,0.0
12,0,0.51223624,0.0,0.0,0.0,0.0,0.0,0.4877638,0.0,0.0
12,0,0.51223624,0.0,0.0,0.0,0.0,0.0,0.4877638,0.0,0.0
12,0,0.51223624,0.0,0.0,0.0,0.0,0.0,0.4877638,0.0,0.0
12,0,0.51223624,0.0,0.0,0.0,0.0,0.0,0.4877638,0.0,0.0
12,0,0.51223624,0.0,0.0,0.0,0.0,0.0,0.4877638,0.0,0.0
12,0,0.51223624,0.0,0.0,0.0,0.0,0.0,0.4877638,0.0,0.0
12,0,0.51223624,0.0,0.0,0.0,0.0,0.0,0.4877638,0.0,0.0
12,0,0.51223624,0.0,0.0,0.0,0.0,0.0,0.4877638,0.0,0.0
12,0,0.51223624,0.0,0.0,0.0,0.0,0.0,0.4877638,0.0,0.0
12,0,0.5788636,0.0,0.0,0.0,0.0,0.0,0.42113635,0.0,0.0
12,0,0.5788636,0.0,0.0,0.0,0.0,0.0,0.42113635,0.0,0.0
12,0,0.5788636,0.0,0.0,0.0,0.0,0.0,0.42113635,0.0,0.0
12,0,0.5788636,0.0,0.0,0.0,0.0,0.0,0.42113635,0.0,0.0
12,0,0.5788636,0.0,0.0,0.0,0.0,0.0,0.42113635,0.0,0.0
12,0,0.5788636,0.0,0.0,0.0,0.0,0.0,0.42113635,0.0,0.0
12,0,0.5788636,0.0,0.0,0.0,0.0,0.0,0.42113635,0.0,0.0
12,0,0.5788636,0.0,0.0,0.0,0.0,0.0,0.42113635,0.0,0.0
12,0,0.6366211,0.0,0.05810502,0.0,0.0,0.0,0.30527386,0.0,0.0
12,0,0.6366211,0.0,0.05810502,0.0,0.0,0.0,0.30527386,0.0,0.0
12,0,0.6366211,0.0,0.05810502,0.0,0.0,0.0,0.30527386,0.0,0.0
12,0,0.6366211,0.0,0.05810502,0.0,0.0,0.0,0.30527386,0.0,0.0
12,0,0.6989867,0.0,0.058105025,0.0,0.0,0.0,0.24290833,0.0,0.0
12,0,0.6989867,0.0,0.058105025,0.0,0.0,0.0,0.24290833,0.0,0.0
12,0,0.6989867,0.0,0.058105025,0.0,0.0,0.0,0.24290833,0.0,0.0
12,0,0.6989867,0.0,0.058105025,0.0,0.0,0.0,0.24290833,0.0,0.0
12,0,0.6989867,0.0,0.058105025,0.0,0.0,0.0,0.24290833,0.0,0.0
12,0,0.6989867,0.0,0.058105025,0.0,0.0,0.0,0.24290833,0.0,0.0
12,0,0.6989867,0.0,0.058105025,0.0,0.0,0.0,0.24290833,0.0,0.0
12,0,0.6989867,0.0,0.058105025,0.0,0.0,0.0,0.24290833,0.0,0.0
12,0,0.6989867,0.0,0.058105025,0.0,0.0,0.0,0.24290833,0.0,0.0
12,0,0.6989867,0.0,0.058105025,0.0,0.0,0.0,0.24290833,0.0,0.0
12,0,0.6989867,0.0,0.058105025,0.0,0.0,0.0,0.24290833,0.0,0.0
12,0,0.6989867,0.0,0.058105025,0.0,0.0,0.0,0.24290833,0.0,0.0
12,0,0.6989867,0.0,0.058105025,0.0,0.0,0.0,0.24290833,0.0,0.0
12,0,0.6989867,0.0,0.058105025,0.0,0.0,0.0,0.24290833,0.0,0.0
12,0,0.6989867,0.0,0.058105025,0.0,0.0,0.0,0.24290833,0.0,0.0
12,0,0.6989867,0.0,0.058105025,0.0,0.0,0.0,0.24290833,0.0,0.0
12,0,0.6989867,0.0,0.058105025,0.0,0.0,0.0,0.24290833,0.0,0.0
12,0,0.6989867,0.0,0.058105025,0.0,0.0,0.0,0.24290833,0.0,0.0
12,0,0.6989867,0.0,0.058105025,0.0,0.0,0.0,0.24290833,0.0,0.0
12,0,0.6989867,0.0,0.058105025,0.0,0.0,0.0,0.24290833,0.0,0.0
12,0,0.6989867,0.0,0.058105025,0.0,0.0,0.0,0.24290833,0.0,0.0
12,0,0.6989867,0.0,0.058105025,0.0,0.0,0.0,0.24290833,0.0,0.0
12,0,0.6989867,0.0,0.058105025,0.0,0.0,0.0,0.24290833,0.0,0.0
12,0,0.6989867,0.0,0.058105025,0.0,0.0,0.0,0.24290833,0.0,0.0
12,0,0.6989867,0.0,0.058105025,0.0,0.0,0.0,0.24290833,0.0,0.0
12,0,0.6989867,0.0,0.058105025,0.0,0.0,0.0,0.24290833,0.0,0.0
