K,dominant_ratio,balance_entropy,mean_segment_length,segment_count,meta_min_len,coherence,selection_score,fusion_backend,cspa_k_mode,cspa_engine,ec_tdwm_k_mode,ec_tdwm_engine,ec_tdwm_iterations,ec_tdwm_final_change
10,,0.9742783379236905,105.25263157894737,190,24,,0.0,ec_tdwm,median,,median,minibatch_kmeans,20,0.13011301130113012
