branch,win,step,m,n,out_channels,nb_steps,kernel_size,win_type,branch_min_len,meta_min_len,states,segments,seconds,health,state_entropy,dominant_ratio,short_segment_ratio,segment_reasonable_score,n_states,peer_consensus,peer_reliability,peer_reliability_norm,pid_p,pid_i,pid_d,pid_scale_prior,pid_neighborhood_stability,pid_scale_sensitivity,pid_segment_deviation,pid_raw_score,pid_score_norm,pid_weight,pid_weight_norm,branch_rank,branch_selection_score,selected_for_meta,ARI,NMI
USCHAD_alt64_b01_w96_s16,96,16,20,4,4,40,3,rect,12,24,19,142.0,14.793197393417358,0.1452617832470542,0.8619988916784608,0.16826495677996559,0.20458113450226031,0.40559440559440557,19.0,0.7567586318172084,0.06995590314240412,0.12584701417124722,0.4892287605677659,0.7652660250165577,0.37539328877640216,0.0,0.7652660250165577,0.23473397498344228,0.7538530884286119,0.4129173932560094,0.10251776740459843,0.00024114785416156037,0.0025207094634434267,59,0.10251776740459843,0,0.7661363761155328,0.8395885216767002
USCHAD_alt64_b02_w96_s24,96,24,20,4,4,40,3,rect,12,24,17,142.0,13.986459016799927,0.15640790788433093,0.8419542581199995,0.17931112750383021,0.18969528457129886,0.40559440559440557,17.0,0.7324794809618492,0.0740196158939329,0.13315742105983372,0.480448167740435,0.7499589926366975,0.37101177028689347,0.0,0.7499589926366975,0.2500410073633025,0.7538530884286119,0.4044849688486612,0.06265540007096555,0.00018487152651448536,0.0019324551239592927,61,0.06265540007096555,0,0.6983545680373077,0.8027922182947231
USCHAD_alt64_b03_w96_s36,96,36,20,4,4,40,3,rect,12,24,15,191.0,12.954558849334717,0.1356222577509248,0.882735616696521,0.18220507291607557,0.1719911479316802,0.3020833333333333,15.0,0.7728759659171262,0.06592757946136532,0.11860027037119801,0.49407746859441304,0.7788620618813401,0.430223161589572,0.0,0.7788620618813401,0.2211379381186599,1.0,0.4088919502080405,0.08348840150611207,0.0002124162533485219,0.0022203791191361395,60,0.08348840150611207,0,0.7965427396867119,0.8610904587676418
USCHAD_alt64_b04_w96_s48,96,48,20,4,4,40,3,rect,12,24,15,119.0,12.449369430541992,0.22474422182072978,0.8656885684987752,0.2033705952448505,0.16200419905804914,0.4833333333333333,15.0,0.7371330240972586,0.11384599769231725,0.2048030007669265,0.5129629231012772,0.7418986544793346,0.3148321254400941,0.0,0.7418986544793346,0.25810134552066544,0.6073658560231215,0.4275314193753231,0.17160225002192736,0.0003822112497496003,0.003995239840006555,56,0.17160225002192736,0,0.736501086770898,0.8219584696288471
USCHAD_alt64_b05_w112_s19,112,19,20,4,4,40,3,rect,14,24,20,129.0,14.609394311904907,0.1936658032505684,0.8774440149690363,0.16336605572263518,0.1768522196372165,0.4461538461538462,20.0,0.7623597728786672,0.09808155928616694,0.17644359985315292,0.5135561611663739,0.768280549773906,0.3370397081605587,0.0,0.768280549773906,0.23171945022609397,0.6742323609891056,0.4325905233136237,0.19551801253879378,0.0004482772409186031,0.004685825164642718,55,0.19551801253879378,0,0.7789588104281486,0.8440252549841261
USCHAD_alt64_b06_w112_s28,112,28,20,4,4,40,3,rect,14,24,16,102.0,13.881794452667236,0.29010502854003845,0.889268207417795,0.17371238343830978,0.14723183718246988,0.5631067961165048,16.0,0.7854075921453008,0.1631902979770789,0.29357081846725375,0.5687127205679985,0.7908630308758193,0.2593683392977355,0.0,0.7908630308758193,0.20913696912418067,0.47975008960554816,0.480849117202589,0.42364953245259096,0.002051422392999108,0.021443441234555632,49,0.42364953245259096,0,0.8024678206285827,0.8573619623707089
USCHAD_alt64_b07_w112_s42,112,42,20,4,4,40,3,rect,14,24,15,102.0,12.959817886352539,0.32837101581928335,0.8831566334741354,0.1668274414117914,0.11889765268872118,0.5631067961165048,15.0,0.7932791799872811,0.19179182540197603,0.3450234717170199,0.5898818581637821,0.7983329073805294,0.24370727174991913,0.0,0.7983329073805294,0.20166709261947058,0.47975008960554816,0.4961218994069034,0.495848134541976,0.0033196435633238413,0.03470010950096741,46,0.495848134541976,0,0.8286214555886804,0.867550594519081
USCHAD_alt64_b08_w112_s56,112,56,20,4,4,40,3,rect,14,24,15,79.0,12.881702661514282,0.4474267044634747,0.8625020373269349,0.1991337078439161,0.09956685392195805,0.725,15.0,0.7629977286237014,0.27784785271734114,0.4998337679550996,0.6249354055536023,0.7639878467308879,0.17757973165290114,0.0,0.7639878467308879,0.23601215326911207,0.26864624679366567,0.5131007325243516,0.5761117040599405,0.005668632347970019,0.059254001052551186,37,0.5761117040599405,0,0.768110822715965,0.8407783196950432
USCHAD_alt64_b09_w128_s21,128,21,20,4,4,40,3,rect,16,24,17,91.0,15.156227111816406,0.3251568719660457,0.8595590238370169,0.18141065652840038,0.13998751631390796,0.6304347826086957,17.0,0.7846249467285945,0.1878965524636718,0.3380160792505147,0.5836076640199794,0.7985730796902901,0.2258995397924078,0.0,0.7985730796902901,0.20142692030970988,0.38540132524503945,0.49694411874211064,0.4997349893283985,0.0034067875572929966,0.03561102239730668,44,0.4997349893283985,0,0.7881328614957931,0.8539265624233173
USCHAD_alt64_b10_w128_s32,128,32,20,4,4,40,3,rect,16,24,18,131.0,13.639573335647583,0.1154486949906744,0.8475856717615259,0.22697611076434204,0.24150258185325996,0.43939393939393934,18.0,0.7380840672318632,0.052863743824202676,0.09509911271743733,0.4656810918763431,0.7456540921678645,0.37771644753184547,0.0,0.7456540921678645,0.2543459078321355,0.6869865834626279,0.39499213409673783,0.017780184161660433,0.0001370701757590755,0.001432789399653017,63,0.017780184161660433,0,0.6840235585253026,0.8041258171715371
USCHAD_alt64_b11_w128_s48,128,48,20,4,4,40,3,rect,16,24,14,81.0,13.274195671081543,0.46955539750208247,0.8663465281312508,0.24068925078968773,0.08180597325464828,0.7073170731707318,14.0,0.7900281762773435,0.30324611898786674,0.5455239217762214,0.6498213355631668,0.7908862599718193,0.16950796267751653,0.0,0.7908862599718193,0.20911374002818073,0.28927409348185407,0.5353281994580585,0.6811869954595869,0.01142095496444939,0.11938281333891211,28,0.6811869954595869,0,0.7346278028971062,0.8564614700304141
USCHAD_alt64_b12_w128_s64,128,64,20,4,4,40,3,rect,16,24,17,99.0,12.765175342559814,0.21898679342506924,0.8138826175741487,0.17552819232442451,0.18763358489852278,0.5800000000000001,17.0,0.7247652661515832,0.10887255895378843,0.1958560443659294,0.5034871843337333,0.7299410903598645,0.2843457041962968,0.0,0.7299410903598645,0.27005890964013546,0.45505709939669436,0.4251794737368732,0.1604839622722115,0.00035490549658641514,0.0037098138276366603,57,0.1604839622722115,0,0.6988173208989431,0.7907865755751217
USCHAD_alt64_b13_w144_s24,144,24,20,4,4,40,3,rect,18,24,18,86.0,14.42390751838684,0.3690556323381021,0.8317877710538354,0.2123928956477331,0.11706292912670942,0.6666666666666666,18.0,0.7694524342665184,0.21747484196749142,0.3912258764390543,0.5942788334228363,0.7731790927720582,0.20551152877777984,0.0,0.7731790927720582,0.2268209072279418,0.3387196092294559,0.4969358517549407,0.4996959090279545,0.0034059000843651276,0.03560174567611998,45,0.4996959090279545,0,0.7322626131768581,0.8364291423513148
USCHAD_alt64_b14_w144_s36,144,36,20,4,4,40,3,rect,18,24,18,110.0,13.590214252471924,0.20168025911289286,0.7986141504559083,0.23355841797650798,0.18084321625148952,0.5225225225225225,18.0,0.6945565085105125,0.09534680224485012,0.17152391484196908,0.4789231493990539,0.6995725338569042,0.31317847939567134,0.0,0.6995725338569042,0.3004274661430958,0.542237926804358,0.3977301082003564,0.03072333362805939,0.0001494229222447688,0.001561912194770835,62,0.03072333362805939,0,0.6169445357207779,0.7717368568557861
USCHAD_alt64_b15_w144_s54,144,54,20,4,4,40,3,rect,18,24,13,73.0,13.272594451904297,0.4778541186844709,0.7845759400900858,0.34971344266016,0.07802303807524258,0.7837837837837837,13.0,0.6755772012026482,0.2803100928808777,0.5042632093436673,0.5890733526009456,0.6659578733579878,0.16687543963849438,0.0,0.6659578733579878,0.33404212664201216,0.2035183175749022,0.46479317641802237,0.34774872640638227,0.0012368007795535308,0.012928232101647077,51,0.34774872640638227,0,0.5677392369201809,0.790570506134235
USCHAD_alt64_b16_w144_s72,144,72,20,4,4,40,3,rect,18,24,16,76.0,12.878167629241943,0.4163141836007128,0.8729818723332831,0.17062929126709414,0.12841173466492653,0.7532467532467532,16.0,0.7763720567667152,0.25576095920099035,0.46010060068124053,0.6188467372565891,0.7878950253722776,0.17764190397847213,0.0,0.7878950253722776,0.21210497462772238,0.23671680573488135,0.5187159098500679,0.6026561769645696,0.006766006512361579,0.07072481198196091,32,0.6026561769645696,0,0.792317616380476,0.8455329310397778
USCHAD_alt64_b17_w160_s27,160,27,20,4,4,40,3,rect,20,24,18,97.0,14.496906042098999,0.29092115700386334,0.8532557287276278,0.20641585806427207,0.1483667177362916,0.5918367346938775,18.0,0.7312324532460578,0.15508784905202402,0.2789949362487436,0.5385962611400977,0.7337258028832918,0.2588922144236763,0.0,0.7337258028832918,0.2662741971167082,0.43818005377396296,0.44739390563746084,0.2654976335193009,0.0007147570458130142,0.007471328557776264,53,0.2654976335193009,0,0.6860750864589741,0.8207604760970676
USCHAD_alt64_b18_w160_s40,160,40,20,4,4,40,3,rect,20,24,18,73.0,13.695853233337402,0.43408155650098174,0.8458929483643741,0.1768333049613195,0.12084586430611512,0.7837837837837837,18.0,0.7921348084041475,0.2739101697873154,0.49275008212964355,0.6354865106965125,0.7960833583775246,0.1622617557500233,0.0,0.7960833583775246,0.20391664162247536,0.2035183175749022,0.5321457540955595,0.6661427092696505,0.010331056796936987,0.10799014872412536,31,0.6661427092696505,0,0.818592068255624,0.8672553307169493
USCHAD_alt64_b19_w160_s60,160,60,20,4,4,40,3,rect,20,24,15,93.0,13.285942792892456,0.3681960823467777,0.8995418140023712,0.18704722994571488,0.11781951616259055,0.6170212765957447,15.0,0.7888683943385013,0.22075779853042785,0.397131743743182,0.6048242578421222,0.7920228165596963,0.2215153829434267,0.0,0.7920228165596963,0.2079771834403037,0.403367293913569,0.5050758252361633,0.5381757811643438,0.00440192404164388,0.04601314669670236,41,0.5381757811643438,0,0.813428683811963,0.8721484983815989
USCHAD_alt64_b20_w160_s80,160,80,20,4,4,40,3,rect,20,24,14,57.0,12.921695470809937,0.6832194557805061,0.8521919422911702,0.21920217897066333,0.06939794586619759,1.0,14.0,0.7451117200980628,0.49004612428624633,0.8815673699770153,0.7180338544591318,0.7476741736047403,0.08516413821215074,0.0,0.7476741736047403,0.2523258263952597,0.0,0.5677683676258383,0.8345405077356042,0.031747264728510374,0.33185296596496155,11,0.8345405077356042,1,0.7497060882721841,0.8614922512952599
USCHAD_alt64_b21_w176_s29,176,29,20,4,4,40,3,rect,22,24,17,61.0,14.600804805755615,0.6023282928954958,0.8490668424627531,0.21922109364656037,0.08458643061151147,0.935483870967742,17.0,0.8015668035778563,0.42880321803249316,0.7713945819062877,0.7143999551543235,0.7990771914764947,0.09919167607903413,0.0,0.7990771914764947,0.2009228085235053,0.05571299689525779,0.5813186616204119,0.8985964388175025,0.048659453771940225,0.5086354429127217,3,0.8985964388175025,1,0.7741717396535279,0.872473349624423
USCHAD_alt64_b22_w176_s44,176,44,20,4,4,40,3,rect,22,24,17,55.0,14.025838613510132,0.6632090548704305,0.8623570441107516,0.16109629461499178,0.07121375475231231,0.9655172413793104,17.0,0.8130516255171307,0.4945035727740043,0.8895860868802135,0.7474955008591995,0.8084018022803705,0.08272094921237819,0.0,0.8084018022803705,0.1915981977196295,0.02931477430765373,0.6027694163422939,1.0,0.09566665958882038,1.0,1,1.0,1,0.8562885648375742,0.9010578360175423
USCHAD_alt64_b23_w176_s66,176,66,20,4,4,40,3,rect,22,24,14,73.0,13.772730827331543,0.469483710023791,0.8642331903490789,0.2476498515197942,0.10741644441922488,0.7837837837837837,14.0,0.7580395188487018,0.2949246923995223,0.5305541101842445,0.6317963524878033,0.7589088141751588,0.16298195464705134,0.0,0.7589088141751588,0.24109118582484124,0.2035183175749022,0.5173300526514069,0.5961048524514385,0.006476858128800829,0.06770235478732776,33,0.5961048524514385,0,0.7108808652452536,0.8443272143022806
USCHAD_alt64_b24_w176_s88,176,88,20,4,4,40,3,rect,22,24,13,64.0,13.441973209381104,0.6031046889993114,0.8967300772380384,0.19605061567270043,0.08619417806275889,0.8923076923076924,13.0,0.7402067012529494,0.4092130424467317,0.7361528797222706,0.6802245708919827,0.7302370248473473,0.12560589338466946,0.0,0.7302370248473473,0.2697629751526527,0.09518736440919821,0.5365628369210299,0.6870234630868498,0.011874100587109322,0.1241195275150689,25,0.6870234630868498,0,0.7242057624473907,0.8276857987868712
USCHAD_alt64_b25_w192_s32,192,32,20,4,4,40,3,rect,24,24,17,79.0,14.6604483127594,0.38756535500012335,0.8750606804886313,0.1840019671262933,0.13618566645860522,0.725,17.0,0.7690971175533559,0.23153457554514312,0.4165186024465923,0.6021769714363167,0.7679071099804742,0.19510528527130747,0.0,0.7679071099804742,0.23209289001952582,0.26864624679366567,0.5007260685852469,0.5176132965152499,0.003838027245891923,0.04011875466738295,43,0.5176132965152499,0,0.769150177796795,0.847499857386116
USCHAD_alt64_b26_w192_s48,192,48,20,4,4,40,3,rect,24,24,17,76.0,14.120817422866821,0.4554456796946784,0.8681162318606973,0.182488793054531,0.10622481983771208,0.7532467532467532,17.0,0.7541841935526284,0.28226330817480433,0.5077769415911649,0.6234860937397753,0.7498245143465063,0.17416254877001916,0.0,0.7498245143465063,0.2501754856534937,0.23671680573488135,0.5081748124501722,0.5528255379507078,0.004853532414733597,0.05073379206083183,40,0.5528255379507078,0,0.7428655029500009,0.8172513082267661
USCHAD_alt64_b27_w192_s72,192,72,20,4,4,40,3,rect,24,24,14,87.0,13.803882598876953,0.43195940025744656,0.8832015792836714,0.17834647903308176,0.09027974805651705,0.6590909090909091,14.0,0.7749484477410583,0.26807546225601453,0.48225374817649613,0.6248907394669782,0.7695474314346684,0.19571048001127642,0.0,0.7695474314346684,0.23045256856533158,0.3482669742331719,0.5114003377600189,0.5680734747875915,0.005372856399239782,0.056162266168094103,39,0.5680734747875915,0,0.787974566315311,0.8526920613516529
USCHAD_alt64_b28_w192_s96,192,96,20,4,4,40,3,rect,24,24,14,47.0,13.451071977615356,0.5680080005729833,0.8318640896474745,0.2555183566929581,0.06122680587868127,0.8275862068965517,14.0,0.7578651781781105,0.38194530643017316,0.6870996475181451,0.6748026629758673,0.7570049096331191,0.1266394189606612,0.0,0.7570049096331191,0.24299509036688094,0.15808999315981456,0.5432850329185996,0.7188011148272311,0.014675957617664805,0.15340723383405183,21,0.7188011148272311,0,0.6909896174058463,0.8305370398544202
USCHAD_alt64_b29_w208_s35,208,35,20,4,4,40,3,rect,26,24,17,67.0,15.08357548713684,0.4713893308349078,0.8133654327420426,0.2544969641945185,0.11218294274527606,0.8529411764705883,17.0,0.7285951576361908,0.288892146645465,0.519701875606497,0.6160676084106295,0.7295548083768857,0.15004460413825343,0.0,0.7295548083768857,0.2704451916231143,0.13288031480330853,0.5025656858890425,0.5263096686586282,0.004067116659119435,0.042513417700587496,42,0.5263096686586282,0,0.647438410258583,0.7993251885831608
USCHAD_alt64_b30_w208_s52,208,52,20,4,4,40,3,rect,26,24,17,66.0,14.568000793457031,0.47638667038370097,0.8328183975743882,0.2092152300970323,0.11872742060564792,0.8656716417910448,17.0,0.7426138902721058,0.2966991640857496,0.5337462920218308,0.6261394815709287,0.7418826401724122,0.14713838504430948,0.0,0.7418826401724122,0.25811735982758777,0.1205040092532265,0.5119940137584003,0.570879942961088,0.0054743276956505755,0.05722294181880587,38,0.570879942961088,0,0.7011002869436446,0.8180753847955499
USCHAD_alt64_b31_w208_s78,208,78,20,4,4,40,3,rect,26,24,16,43.0,14.141848087310791,0.5247408658405667,0.8195203747116713,0.21933458170194253,0.05458775463882427,0.7586206896551724,16.0,0.8030432545687602,0.35567312631780923,0.6398373683623764,0.6812859595001756,0.8052716697421023,0.1354729500750123,0.0,0.8052716697421023,0.1947283302578977,0.23077802234673545,0.5613291761698124,0.8041006955591657,0.025916361571681097,0.27090275424135,16,0.8041006955591657,1,0.8016827387282294,0.886797235359168
USCHAD_alt64_b32_w208_s104,208,104,20,4,4,40,3,rect,26,24,15,69.0,14.135990619659424,0.4700091174915644,0.8512201365006888,0.2092152300970323,0.11676029431235696,0.8285714285714286,15.0,0.7227812477409602,0.28625143375093887,0.5149513711010641,0.6121934407568496,0.7204414113953174,0.1614206883657275,0.0,0.7204414113953174,0.27955858860468263,0.157096078295375,0.4953574046557978,0.49223415958992683,0.0032406186416973717,0.03387406496292122,47,0.49223415958992683,0,0.6789738057065471,0.8029419338410019
USCHAD_alt64_b33_w224_s37,224,37,20,4,4,40,3,rect,28,24,17,52.0,15.15788745880127,0.590596503341915,0.8678770230877341,0.1624392366036808,0.08935292893756265,0.9137931034482759,17.0,0.8005886375933552,0.41701557087971025,0.7501892206480362,0.7087170788583501,0.7944211738498216,0.10838550127870046,0.0,0.7944211738498216,0.20557882615017842,0.07531090526627818,0.575292996077955,0.8701114762871872,0.04024341394129824,0.4206628946204064,7,0.8701114762871872,1,0.8349040125215529,0.8837380071066059
USCHAD_alt64_b34_w224_s56,224,56,20,4,4,40,3,rect,28,24,15,57.0,14.609022855758667,0.6511188546931272,0.8489482534407986,0.23514725075185836,0.0815600824679869,1.0,15.0,0.7565273022732266,0.46170414815172395,0.8305816359356463,0.7104111064569332,0.7499605995710183,0.09078792131978979,0.0,0.7499605995710183,0.25003940042898165,0.0,0.5640136234915184,0.8167908093457041,0.028204322567841816,0.2948187246117432,15,0.8167908093457041,1,0.6935938268320946,0.8131915843274183
USCHAD_alt64_b35_w224_s84,224,84,20,4,4,40,3,rect,28,24,12,55.0,14.399725675582886,0.665927895592761,0.8821721239590354,0.2437155989332123,0.07635854659630407,0.9655172413793104,12.0,0.7668965101325488,0.48044076147937187,0.8642878242206548,0.7227227412713917,0.7619779354517723,0.0945781185000937,0.0,0.7619779354517723,0.23802206454822772,0.02931477430765373,0.5730018872802278,0.8592807808567327,0.03744007764599343,0.3913597256025513,9,0.8592807808567327,1,0.7150685339648969,0.8349907194244671
USCHAD_alt64_b36_w224_s112,224,112,20,4,4,40,3,rect,28,24,12,54.0,14.15475869178772,0.5981053677008582,0.920423616303688,0.20760748264578485,0.11015907242429401,0.9482758620689655,12.0,0.7473416414668298,0.4068224898898851,0.7318524005920652,0.6820507716942172,0.7417237596387833,0.12004493520750231,0.0,0.7417237596387833,0.25827624036121666,0.04436716974370658,0.5425171760944715,0.7151712464401085,0.014325074969228567,0.14973947068705426,22,0.7151712464401085,0,0.7503095394164991,0.8386557260758779
USCHAD_alt64_b37_w240_s40,240,40,20,4,4,40,3,rect,30,24,14,45.0,15.307116746902466,0.5768087610281173,0.9127490924579658,0.17174525714501881,0.07111918137282718,0.7931034482758621,14.0,0.8151973311133845,0.40833588546357286,0.7345749201458602,0.7109023317010801,0.8134784934106295,0.13095699340474803,0.0,0.8134784934106295,0.1865215065893705,0.19364367133486785,0.5784321232782568,0.8849509857236884,0.044428289817826004,0.46440724499821356,5,0.8849509857236884,1,0.8494285344587974,0.900342635908044
USCHAD_alt64_b38_w240_s60,240,60,20,4,4,40,3,rect,30,24,19,64.0,14.70087718963623,0.4957770754238373,0.8105495618727796,0.2451341996254894,0.11008341372070589,0.8923076923076924,19.0,0.7393522961311294,0.3122123643282006,0.5616537286076896,0.6327881370716891,0.7410458879104563,0.13538873860102113,0.0,0.7410458879104563,0.25895411208954366,0.09518736440919821,0.5170429747307156,0.5947477569145964,0.006418524306872475,0.0670925935373889,34,0.5947477569145964,0,0.6815117183961616,0.8102186541697446
USCHAD_alt64_b39_w240_s90,240,90,20,4,4,40,3,rect,30,24,11,51.0,14.42200493812561,0.6874254485665949,0.94490842405251,0.1755092776485275,0.06599330420473246,0.896551724137931,11.0,0.7627613245956347,0.5010370364418154,0.9013394466090789,0.7298018788329299,0.761011791765273,0.10816134020746078,0.0,0.761011791765273,0.238988208234727,0.0912234881938305,0.5731327045511718,0.8598991897337109,0.037594751441546934,0.3929765249788262,8,0.8598991897337109,1,0.7845901705710632,0.8557628929186524
USCHAD_alt64_b40_w240_s120,240,120,20,4,4,40,3,rect,30,24,14,59.0,14.173128604888916,0.621918016397831,0.8808554892328053,0.2033138512171594,0.0943653180502752,0.9666666666666666,14.0,0.7305136895191922,0.4239277022095761,0.7626237837134635,0.6830030825285967,0.7289566081571501,0.10988759522667187,0.0,0.7289566081571501,0.27104339184284987,0.028320859443214302,0.5405086809475367,0.7056765427265282,0.013446427686911282,0.14055500364186055,24,0.7056765427265282,0,0.7083133978533049,0.8245055100942984
USCHAD_alt64_b41_w256_s50,256,50,20,4,4,40,3,rect,32,24,17,35.0,15.1772620677948,0.45030452951569777,0.8524548888292667,0.17719268380336303,0.05212884677221056,0.6206896551724138,17.0,0.8020145445877946,0.2898813063770037,0.5214813222744814,0.6481414129937523,0.803210029504433,0.18494703163829845,0.0,0.803210029504433,0.196789970495567,0.3984153805102659,0.5357977398460804,0.6834066407859052,0.011591214707179416,0.12116253203570586,27,0.6834066407859052,0,0.8458138420087713,0.8899692407660863
USCHAD_alt64_b42_w256_s64,256,64,20,4,4,40,3,rect,32,24,15,47.0,14.887576580047607,0.508044534738238,0.8958458563411461,0.18037034935406382,0.11015907242429401,0.8275862068965517,15.0,0.799540781492314,0.33956044056045714,0.6108514886616364,0.6720111735374057,0.7997156687687821,0.14256340040633494,0.0,0.7997156687687821,0.20028433123121792,0.15808999315981456,0.5537928320796393,0.7684743439949175,0.020437378010609884,0.21363114483614937,19,0.7684743439949175,0,0.8178721173632008,0.8851577049785553
USCHAD_alt64_b43_w256_s96,256,96,20,4,4,40,3,rect,32,24,13,56.0,14.698334693908691,0.6238061840401175,0.8151991774435466,0.268739715144981,0.07747451247422875,0.9827586206896551,13.0,0.7275519154148478,0.42472863108631975,0.7640646129097721,0.6821631579384033,0.7320465517913436,0.09668658797458826,0.0,0.7320465517913436,0.2679534482086564,0.014528806985808704,0.543852396604334,0.7214831975308483,0.014940731932632711,0.15617490980503188,20,0.7214831975308483,0,0.6628919458708817,0.8139779151683322
USCHAD_alt64_b44_w256_s128,256,128,20,4,4,40,3,rect,32,24,10,23.0,14.400935173034668,0.308409847671923,0.7948054487059432,0.42126766157861883,0.021789706633376836,0.41379310344827586,10.0,0.6453862904943317,0.15227640351095578,0.27393729263390415,0.4979590967595279,0.6501446603966027,0.3020064181592844,0.0,0.6501446603966027,0.3498553396033973,0.7371349897397218,0.3912309410487416,0.0,0.00012174862465400186,0.0012726338013398079,64,0.0,0,0.4886184351179616,0.7884750469313521
USCHAD_alt64_b45_w272_s45,272,45,20,4,4,40,3,rect,34,24,17,46.0,15.638171911239624,0.5980591803284603,0.8714501913865749,0.17514989880648396,0.05358527681628175,0.8103448275862069,17.0,0.8012756626706501,0.42451929874749145,0.7636880349709898,0.7123684516459421,0.7985154408488394,0.11979286103827447,0.0,0.7985154408488394,0.2014845591511606,0.17567770266633825,0.5760876353301129,0.8738679525076719,0.04126396234053252,0.43133064871175486,6,0.8738679525076719,1,0.8160682997685109,0.8825801755331141
USCHAD_alt64_b46_w272_s68,272,68,20,4,4,40,3,rect,34,24,15,57.0,15.164628267288208,0.6841556780269872,0.8735570146295114,0.2109364656036619,0.07588567969887836,1.0,15.0,0.7693899518953655,0.5001414236128237,0.8997282859304349,0.7320999570779501,0.7664704075646391,0.08464875833651135,0.0,0.7664704075646391,0.23352959243536087,0.0,0.580779871665399,0.8960494319230583,0.04784018926905191,0.500071701830828,4,0.8960494319230583,1,0.730888800412306,0.8432928606124072
USCHAD_alt64_b47_w272_s102,272,102,20,4,4,40,3,rect,34,24,13,45.0,14.840621709823608,0.6114771805758435,0.8611360135480843,0.24178630199171539,0.03663772721254421,0.7931034482758621,13.0,0.764882552135179,0.42549647861244344,0.7654459304849986,0.6977677020779697,0.7634663195349747,0.12371870109973752,0.0,0.7634663195349747,0.23653368046502532,0.19364367133486785,0.55646493755238,0.7811061144992322,0.022232991361694175,0.2324006237622655,17,0.7811061144992322,0,0.7036823254652489,0.8304366559653794
USCHAD_alt64_b48_w272_s136,272,136,20,4,4,40,3,rect,34,24,13,29.0,14.797172546386719,0.3881197194578444,0.801890982549464,0.32603226843708033,0.02248954964156689,0.5172413793103449,13.0,0.7381550282036872,0.22535749983896286,0.40540636603746316,0.585014580627381,0.7415283201590038,0.22815635192999056,0.0,0.7415283201590038,0.25847167984099617,0.550724137136693,0.4771602029519747,0.4062110298563366,0.001826271978563743,0.019089952407799565,50,0.4062110298563366,0,0.6282740347861259,0.8322933806963173
USCHAD_alt64_b49_w288_s48,288,48,20,4,4,40,3,rect,36,24,18,57.0,15.691163539886475,0.7315772897365089,0.8637752896620963,0.19883107302956363,0.053566362140384724,1.0,18.0,0.7829611226889003,0.5558805157443872,1.0,0.760480695772229,0.7813691854647392,0.07050934397724452,0.0,0.7813691854647392,0.2186308145352608,0.0,0.6015936592147128,0.9944418757583011,0.09218668367976068,0.9636239425102038,2,0.9944418757583011,1,0.7473246752462497,0.8408446043152706
USCHAD_alt64_b50_w288_s72,288,72,20,4,4,40,3,rect,36,24,15,42.0,15.387352228164673,0.5360973573584652,0.8485776753530012,0.2655620495942802,0.051750553254269985,0.7413793103448276,15.0,0.758609230271808,0.35300879144407915,0.6350443691507341,0.6612602858722205,0.7609357383342412,0.1486830676484845,0.0,0.7609357383342412,0.23906426166575878,0.2499831289606591,0.5341580235297867,0.6756552550674527,0.011007441604365339,0.11506037371510429,29,0.6756552550674527,0,0.685850666953149,0.8229475038053372
USCHAD_alt64_b51_w288_s108,288,108,20,4,4,40,3,rect,36,24,15,70.0,15.13603949546814,0.5386380482824837,0.865864801323659,0.18152414458378255,0.0834704647335868,0.8169014084507042,15.0,0.7314150053698121,0.3472412992132084,0.6246689520106903,0.647075086644106,0.7284344537932859,0.14673205595575914,0.0,0.7284344537932859,0.27156554620671414,0.16894571449207635,0.516789436626346,0.59354921322642,0.006367442778156181,0.06655864023604187,35,0.59354921322642,0,0.7274503841838323,0.8041662014057607
USCHAD_alt64_b52_w288_s144,288,144,20,4,4,40,3,rect,36,24,15,35.0,14.786701917648315,0.5276325423776927,0.8773860584924557,0.18521250638370312,0.010894853316688418,0.6206896551724138,15.0,0.7732228765298301,0.3496658985915914,0.6290306795937055,0.6657771053382701,0.7724436150283952,0.17048331780574494,0.0,0.7724436150283952,0.2275563849716048,0.3984153805102659,0.5358582991010108,0.6836929208815067,0.011613358058156827,0.12139399565189758,26,0.6836929208815067,0,0.800437654993885,0.8507860787297741
USCHAD_alt64_b53_w304_s51,304,51,20,4,4,40,3,rect,38,24,16,39.0,16.04525876045227,0.5432692806738131,0.9077301916454568,0.1735988953829276,0.04626529724413172,0.6896551724137931,16.0,0.8012550519560425,0.37222717073755895,0.6696172292333442,0.6883862770200672,0.7920351740578465,0.15784523874636902,0.0,0.7920351740578465,0.2079648259421535,0.3103987497862416,0.5554170878300027,0.7761526434064521,0.021510778658966237,0.22485136150274854,18,0.7761526434064521,0,0.829350492190347,0.8857522765655492
USCHAD_alt64_b54_w304_s76,304,76,20,4,4,40,3,rect,38,24,13,30.0,15.406507730484009,0.4464317121642529,0.9293262327801733,0.18205375550889935,0.03542718795513439,0.5344827586206896,13.0,0.8143439852558194,0.289637511927287,0.5210427487990461,0.653382365778259,0.8074815987862275,0.21321687412571652,0.0,0.8074815987862275,0.1925184012137725,0.5233319996846495,0.5339972493502528,0.6748952317227124,0.01095180991076813,0.11447885771113471,30,0.6748952317227124,0,0.850825132113525,0.9054971236152947
USCHAD_alt64_b55_w304_s114,304,114,20,4,4,40,3,rect,38,24,12,44.0,15.155874013900757,0.6603890471940638,0.9050687584680821,0.19478333238759954,0.02084397283852541,0.7758620689655172,12.0,0.7682368028302642,0.4752855057765182,0.8550137886017768,0.7210534097394266,0.7629433286808945,0.12143467905525493,0.0,0.7629433286808945,0.23705667131910546,0.21200452790723714,0.567217263610004,0.8319352889210624,0.031200634960740443,0.3261390655306894,12,0.8319352889210624,1,0.7657675292691992,0.848421567903106
USCHAD_alt64_b56_w304_s152,304,152,20,4,4,40,3,rect,38,24,14,30.0,14.979649066925049,0.4455133250549341,0.8754093586428275,0.24674194707673683,0.016739488168870227,0.5344827586206896,14.0,0.7781567880176933,0.279990525184783,0.5036883237575684,0.6326252729714861,0.7747595772518542,0.2104174285394591,0.0,0.7747595772518542,0.22524042274814582,0.5233319996846495,0.5137637391674259,0.5792459170779469,0.005788323123294059,0.06050512423212572,36,0.5792459170779469,0,0.7287694547353959,0.8596649388717095
USCHAD_alt64_b57_w320_s53,320,53,20,4,4,40,3,rect,40,24,17,49.0,16.1187527179718,0.6283751129502232,0.8735637232608189,0.18033252000226976,0.05795456694849534,0.8620689655172413,17.0,0.776500824118288,0.44604846334254145,0.8024178770598422,0.7116958254822596,0.7748046611924625,0.11121272039071906,0.0,0.7748046611924625,0.2251953388075375,0.12398789718321289,0.5692022088062348,0.84131866560219,0.03321475784153717,0.3471926163649457,10,0.84131866560219,1,0.7596205371654317,0.8461129668423406
USCHAD_alt64_b58_w320_s80,320,80,20,4,4,40,3,rect,40,24,14,26.0,15.47170114517212,0.3676334768402354,0.8324226266987561,0.24795248633414665,0.01795002742628005,0.46551724137931033,14.0,0.7693412752975717,0.21637905233502883,0.3892546081513087,0.5935941134724871,0.774060498119543,0.24578514444744665,0.0,0.774060498119543,0.22593950188045697,0.6387407678607174,0.4888814965149699,0.4616207776420743,0.002642366817723648,0.02762056111377422,48,0.4616207776420743,0,0.6991268709407364,0.8427887837057144
USCHAD_alt64_b59_w320_s120,320,120,20,4,4,40,3,rect,40,24,17,56.0,15.239134073257446,0.6663889211109358,0.8367567644127105,0.19423480678658572,0.06637159772267302,0.9827586206896551,17.0,0.749920373875987,0.4746896332572094,0.8539418450771674,0.7133753632912772,0.7502206551121064,0.08750030993465784,0.0,0.7502206551121064,0.24977934488789355,0.014528806985808704,0.5660960807833805,0.8266351522671148,0.03011743384384006,0.3148164049344479,13,0.8266351522671148,1,0.7242515179852437,0.8328656456276752
USCHAD_alt64_b60_w320_s160,320,160,20,4,4,40,3,rect,40,24,15,24.0,14.96653151512146,0.2997612491241675,0.7432011223533055,0.31301897141992474,0.02248954964156689,0.43103448275862066,15.0,0.6954927062039838,0.15510053221706616,0.27901775259988904,0.5223601937315642,0.7029489627656991,0.2815648503965797,0.0,0.7029489627656991,0.29705103723430093,0.7030328937631202,0.4247812540678826,0.1586014694139359,0.00035047928198747173,0.0036635467726567174,58,0.1586014694139359,0,0.6357884363217152,0.8241335096251988
USCHAD_alt64_b61_w336_s56,336,56,20,4,4,40,3,rect,42,24,15,32.0,16.00731110572815,0.41815716778206846,0.7602515453313804,0.37814220053339387,0.01165144035256956,0.5689655172413793,15.0,0.6619384856328233,0.2309218149543795,0.41541627816393045,0.555284159073118,0.6707634817482679,0.2130040467357872,0.0,0.6707634817482679,0.32923651825173206,0.4711034096971868,0.4420442808476394,0.24020849979363826,0.0006038636721191161,0.006312164287062487,54,0.24020849979363826,0,0.5275084228468381,0.7873789767083161
USCHAD_alt64_b62_w336_s84,336,84,20,4,4,40,3,rect,42,24,14,24.0,15.509788036346436,0.34552326279487255,0.8560166628941993,0.2748680701356182,0.02224365885490552,0.43103448275862066,14.0,0.7263510331176931,0.19175799470307509,0.3449626120575378,0.5597388836014591,0.7281429856424225,0.27640310042790434,0.0,0.7281429856424225,0.2718570143575775,0.7030328937631202,0.4514519225099236,0.2846809847599272,0.00081226910646157,0.008490618465751176,52,0.2846809847599272,0,0.7152549339360025,0.8668181232066845
USCHAD_alt64_b63_w336_s126,336,126,20,4,4,40,3,rect,42,24,16,40.0,15.18351936340332,0.5642570629097781,0.8752712010975213,0.1849287862452477,0.030812007036259435,0.7068965517241379,16.0,0.7964308223687582,0.39043915902194426,0.7023796444800765,0.6948548026054544,0.8003228345620104,0.14227270753514362,0.0,0.8003228345620104,0.19967716543798963,0.28977090309805326,0.5643431117621294,0.8183483901600395,0.02849871848544504,0.2978960340826555,14,0.8183483901600395,1,0.8211223028740251,0.8833042724508297
USCHAD_alt64_b64_w336_s168,336,168,20,4,4,40,3,rect,42,24,15,44.0,15.220947504043579,0.5815248073438261,0.8649277663979902,0.19287295012199965,0.046700334789763376,0.7758620689655172,15.0,0.7528798371091676,0.39297706192570125,0.706945199184505,0.6779120115868307,0.7546195047697725,0.13602762481309832,0.0,0.7546195047697725,0.24538049523022754,0.21200452790723714,0.5419717069208745,0.7125926650598653,0.014080923717388602,0.14718736682046857,23,0.7125926650598653,0,0.7575032300596941,0.8433637322109223
