global_state_name,run_idx,win,step,local_state,ec_tdwm_cluster_weight,ec_tdwm_base_weight,ec_tdwm_engine,ec_tdwm_iterations,ec_tdwm_final_change
USCHAD_alt64_b01_w96_s16_state0,1,96,16,0,0.2518939393939394,0.014951103247,minibatch_kmeans,20,0.42378765819240677
USCHAD_alt64_b01_w96_s16_state1,1,96,16,1,0.5108695652173914,0.014951103247,minibatch_kmeans,20,0.42378765819240677
USCHAD_alt64_b01_w96_s16_state2,1,96,16,2,0.9741620111731844,0.014951103247,minibatch_kmeans,20,0.42378765819240677
USCHAD_alt64_b01_w96_s16_state3,1,96,16,3,0.4827586206896552,0.014951103247,minibatch_kmeans,20,0.42378765819240677
USCHAD_alt64_b01_w96_s16_state4,1,96,16,4,0.7086038961038961,0.014951103247,minibatch_kmeans,20,0.42378765819240677
USCHAD_alt64_b01_w96_s16_state5,1,96,16,5,0.9007879656160458,0.014951103247,minibatch_kmeans,20,0.42378765819240677
USCHAD_alt64_b01_w96_s16_state6,1,96,16,6,0.9235474006116208,0.014951103247,minibatch_kmeans,20,0.42378765819240677
USCHAD_alt64_b01_w96_s16_state7,1,96,16,7,0.349609375,0.014951103247,minibatch_kmeans,20,0.42378765819240677
USCHAD_alt64_b01_w96_s16_state8,1,96,16,8,0.6079545454545454,0.014951103247,minibatch_kmeans,20,0.42378765819240677
USCHAD_alt64_b01_w96_s16_state9,1,96,16,9,0.3918918918918919,0.014951103247,minibatch_kmeans,20,0.42378765819240677
USCHAD_alt64_b01_w96_s16_state10,1,96,16,10,0.6,0.014951103247,minibatch_kmeans,20,0.42378765819240677
USCHAD_alt64_b01_w96_s16_state11,1,96,16,11,0.5795454545454546,0.014951103247,minibatch_kmeans,20,0.42378765819240677
USCHAD_alt64_b01_w96_s16_state12,1,96,16,12,0.5238095238095238,0.014951103247,minibatch_kmeans,20,0.42378765819240677
USCHAD_alt64_b01_w96_s16_state13,1,96,16,13,0.90625,0.014951103247,minibatch_kmeans,20,0.42378765819240677
USCHAD_alt64_b01_w96_s16_state14,1,96,16,14,0.7521186440677966,0.014951103247,minibatch_kmeans,20,0.42378765819240677
USCHAD_alt64_b01_w96_s16_state15,1,96,16,15,0.9902597402597403,0.014951103247,minibatch_kmeans,20,0.42378765819240677
USCHAD_alt64_b01_w96_s16_state16,1,96,16,16,0.9366812227074236,0.014951103247,minibatch_kmeans,20,0.42378765819240677
USCHAD_alt64_b01_w96_s16_state17,1,96,16,17,0.9707924836601307,0.014951103247,minibatch_kmeans,20,0.42378765819240677
USCHAD_alt64_b01_w96_s16_state18,1,96,16,18,0.9895673519484505,0.014951103247,minibatch_kmeans,20,0.42378765819240677
USCHAD_alt64_b02_w96_s24_state0,2,96,24,0,0.9515086206896551,0.015639881445010557,minibatch_kmeans,20,0.42378765819240677
USCHAD_alt64_b02_w96_s24_state1,2,96,24,1,0.9623397435897436,0.015639881445010557,minibatch_kmeans,20,0.42378765819240677
USCHAD_alt64_b02_w96_s24_state2,2,96,24,2,0.7152777777777778,0.015639881445010557,minibatch_kmeans,20,0.42378765819240677
USCHAD_alt64_b02_w96_s24_state3,2,96,24,3,0.5,0.015639881445010557,minibatch_kmeans,20,0.42378765819240677
USCHAD_alt64_b02_w96_s24_state4,2,96,24,4,0.5724826388888888,0.015639881445010557,minibatch_kmeans,20,0.42378765819240677
USCHAD_alt64_b02_w96_s24_state5,2,96,24,5,0.7475845410628019,0.015639881445010557,minibatch_kmeans,20,0.42378765819240677
USCHAD_alt64_b02_w96_s24_state6,2,96,24,6,0.9223404255319149,0.015639881445010557,minibatch_kmeans,20,0.42378765819240677
USCHAD_alt64_b02_w96_s24_state7,2,96,24,7,0.8846153846153846,0.015639881445010557,minibatch_kmeans,20,0.42378765819240677
USCHAD_alt64_b02_w96_s24_state8,2,96,24,8,0.5949612403100775,0.015639881445010557,minibatch_kmeans,20,0.42378765819240677
USCHAD_alt64_b02_w96_s24_state9,2,96,24,9,0.47619047619047616,0.015639881445010557,minibatch_kmeans,20,0.42378765819240677
USCHAD_alt64_b02_w96_s24_state10,2,96,24,10,0.7794117647058824,0.015639881445010557,minibatch_kmeans,20,0.42378765819240677
USCHAD_alt64_b02_w96_s24_state11,2,96,24,11,0.6041666666666666,0.015639881445010557,minibatch_kmeans,20,0.42378765819240677
USCHAD_alt64_b02_w96_s24_state12,2,96,24,12,0.75,0.015639881445010557,minibatch_kmeans,20,0.42378765819240677
USCHAD_alt64_b02_w96_s24_state13,2,96,24,13,1.0,0.015639881445010557,minibatch_kmeans,20,0.42378765819240677
USCHAD_alt64_b02_w96_s24_state14,2,96,24,14,0.5208333333333334,0.015639881445010557,minibatch_kmeans,20,0.42378765819240677
USCHAD_alt64_b02_w96_s24_state15,2,96,24,15,0.5882352941176471,0.015639881445010557,minibatch_kmeans,20,0.42378765819240677
USCHAD_alt64_b02_w96_s24_state16,2,96,24,16,0.9950980392156863,0.015639881445010557,minibatch_kmeans,20,0.42378765819240677
USCHAD_alt64_b02_w96_s24_state17,2,96,24,17,0.9850746268656716,0.015639881445010557,minibatch_kmeans,20,0.42378765819240677
USCHAD_alt64_b02_w96_s24_state18,2,96,24,18,0.9660569105691057,0.015639881445010557,minibatch_kmeans,20,0.42378765819240677
USCHAD_alt64_b02_w96_s24_state19,2,96,24,19,0.9907834101382489,0.015639881445010557,minibatch_kmeans,20,0.42378765819240677
USCHAD_alt64_b03_w96_s36_state0,3,96,36,0,0.9524705882352941,0.014642013817922767,minibatch_kmeans,20,0.42378765819240677
USCHAD_alt64_b03_w96_s36_state1,3,96,36,1,0.5212418300653595,0.014642013817922767,minibatch_kmeans,20,0.42378765819240677
USCHAD_alt64_b03_w96_s36_state2,3,96,36,2,0.7361111111111112,0.014642013817922767,minibatch_kmeans,20,0.42378765819240677
USCHAD_alt64_b03_w96_s36_state3,3,96,36,3,0.2676056338028169,0.014642013817922767,minibatch_kmeans,20,0.42378765819240677
USCHAD_alt64_b03_w96_s36_state4,3,96,36,4,0.4618564449455092,0.014642013817922767,minibatch_kmeans,20,0.42378765819240677
USCHAD_alt64_b03_w96_s36_state5,3,96,36,5,0.3521505376344086,0.014642013817922767,minibatch_kmeans,20,0.42378765819240677
USCHAD_alt64_b03_w96_s36_state6,3,96,36,6,0.6617647058823529,0.014642013817922767,minibatch_kmeans,20,0.42378765819240677
USCHAD_alt64_b03_w96_s36_state7,3,96,36,7,0.5615942028985508,0.014642013817922767,minibatch_kmeans,20,0.42378765819240677
USCHAD_alt64_b03_w96_s36_state8,3,96,36,8,0.5,0.014642013817922767,minibatch_kmeans,20,0.42378765819240677
USCHAD_alt64_b03_w96_s36_state9,3,96,36,9,0.9767441860465116,0.014642013817922767,minibatch_kmeans,20,0.42378765819240677
USCHAD_alt64_b03_w96_s36_state10,3,96,36,10,1.0,0.014642013817922767,minibatch_kmeans,20,0.42378765819240677
USCHAD_alt64_b03_w96_s36_state11,3,96,36,11,1.0,0.014642013817922767,minibatch_kmeans,20,0.42378765819240677
USCHAD_alt64_b03_w96_s36_state12,3,96,36,12,0.7166666666666667,0.014642013817922767,minibatch_kmeans,20,0.42378765819240677
USCHAD_alt64_b03_w96_s36_state13,3,96,36,13,0.7164750957854407,0.014642013817922767,minibatch_kmeans,20,0.42378765819240677
USCHAD_alt64_b03_w96_s36_state14,3,96,36,14,0.5977337110481586,0.014642013817922767,minibatch_kmeans,20,0.42378765819240677
USCHAD_alt64_b03_w96_s36_state15,3,96,36,15,0.9731777231777232,0.014642013817922767,minibatch_kmeans,20,0.42378765819240677
USCHAD_alt64_b03_w96_s36_state16,3,96,36,16,0.988929889298893,0.014642013817922767,minibatch_kmeans,20,0.42378765819240677
USCHAD_alt64_b04_w96_s48_state0,4,96,48,0,0.3897849462365591,0.014508046935515164,minibatch_kmeans,20,0.42378765819240677
USCHAD_alt64_b04_w96_s48_state1,4,96,48,1,0.93408203125,0.014508046935515164,minibatch_kmeans,20,0.42378765819240677
USCHAD_alt64_b04_w96_s48_state2,4,96,48,2,0.4791666666666667,0.014508046935515164,minibatch_kmeans,20,0.42378765819240677
USCHAD_alt64_b04_w96_s48_state3,4,96,48,3,0.30092592592592593,0.014508046935515164,minibatch_kmeans,20,0.42378765819240677
USCHAD_alt64_b04_w96_s48_state4,4,96,48,4,0.7160165484633569,0.014508046935515164,minibatch_kmeans,20,0.42378765819240677
USCHAD_alt64_b04_w96_s48_state5,4,96,48,5,0.6212121212121212,0.014508046935515164,minibatch_kmeans,20,0.42378765819240677
USCHAD_alt64_b04_w96_s48_state6,4,96,48,6,0.884090909090909,0.014508046935515164,minibatch_kmeans,20,0.42378765819240677
USCHAD_alt64_b04_w96_s48_state7,4,96,48,7,0.5,0.014508046935515164,minibatch_kmeans,20,0.42378765819240677
USCHAD_alt64_b04_w96_s48_state8,4,96,48,8,0.4780701754385965,0.014508046935515164,minibatch_kmeans,20,0.42378765819240677
USCHAD_alt64_b04_w96_s48_state9,4,96,48,9,1.0,0.014508046935515164,minibatch_kmeans,20,0.42378765819240677
USCHAD_alt64_b04_w96_s48_state10,4,96,48,10,0.3854166666666667,0.014508046935515164,minibatch_kmeans,20,0.42378765819240677
USCHAD_alt64_b04_w96_s48_state11,4,96,48,11,0.8,0.014508046935515164,minibatch_kmeans,20,0.42378765819240677
USCHAD_alt64_b04_w96_s48_state12,4,96,48,12,0.8888888888888888,0.014508046935515164,minibatch_kmeans,20,0.42378765819240677
USCHAD_alt64_b04_w96_s48_state13,4,96,48,13,0.75,0.014508046935515164,minibatch_kmeans,20,0.42378765819240677
USCHAD_alt64_b04_w96_s48_state14,4,96,48,14,0.7454954954954955,0.014508046935515164,minibatch_kmeans,20,0.42378765819240677
USCHAD_alt64_b04_w96_s48_state15,4,96,48,15,0.9707924836601307,0.014508046935515164,minibatch_kmeans,20,0.42378765819240677
USCHAD_alt64_b04_w96_s48_state16,4,96,48,16,0.9944495837187789,0.014508046935515164,minibatch_kmeans,20,0.42378765819240677
USCHAD_alt64_b05_w112_s19_state0,5,112,19,0,0.7193901124287695,0.01574521471349506,minibatch_kmeans,20,0.42378765819240677
USCHAD_alt64_b05_w112_s19_state1,5,112,19,1,0.9317148424813251,0.01574521471349506,minibatch_kmeans,20,0.42378765819240677
USCHAD_alt64_b05_w112_s19_state2,5,112,19,2,1.0,0.01574521471349506,minibatch_kmeans,20,0.42378765819240677
USCHAD_alt64_b05_w112_s19_state3,5,112,19,3,0.4866920152091255,0.01574521471349506,minibatch_kmeans,20,0.42378765819240677
USCHAD_alt64_b05_w112_s19_state4,5,112,19,4,0.6859903381642513,0.01574521471349506,minibatch_kmeans,20,0.42378765819240677
USCHAD_alt64_b05_w112_s19_state5,5,112,19,5,0.8589930682232761,0.01574521471349506,minibatch_kmeans,20,0.42378765819240677
USCHAD_alt64_b05_w112_s19_state6,5,112,19,6,0.7033057851239669,0.01574521471349506,minibatch_kmeans,20,0.42378765819240677
USCHAD_alt64_b05_w112_s19_state7,5,112,19,7,0.9315789473684211,0.01574521471349506,minibatch_kmeans,20,0.42378765819240677
USCHAD_alt64_b05_w112_s19_state8,5,112,19,8,0.46886446886446886,0.01574521471349506,minibatch_kmeans,20,0.42378765819240677
USCHAD_alt64_b05_w112_s19_state9,5,112,19,9,1.0,0.01574521471349506,minibatch_kmeans,20,0.42378765819240677
USCHAD_alt64_b05_w112_s19_state10,5,112,19,10,0.9385964912280702,0.01574521471349506,minibatch_kmeans,20,0.42378765819240677
USCHAD_alt64_b05_w112_s19_state11,5,112,19,11,0.7974413646055437,0.01574521471349506,minibatch_kmeans,20,0.42378765819240677
USCHAD_alt64_b05_w112_s19_state12,5,112,19,12,1.0,0.01574521471349506,minibatch_kmeans,20,0.42378765819240677
USCHAD_alt64_b05_w112_s19_state13,5,112,19,13,0.4354243542435424,0.01574521471349506,minibatch_kmeans,20,0.42378765819240677
USCHAD_alt64_b05_w112_s19_state14,5,112,19,14,1.0,0.01574521471349506,minibatch_kmeans,20,0.42378765819240677
USCHAD_alt64_b05_w112_s19_state15,5,112,19,15,0.8025751072961373,0.01574521471349506,minibatch_kmeans,20,0.42378765819240677
USCHAD_alt64_b05_w112_s19_state16,5,112,19,16,0.6296158149944051,0.01574521471349506,minibatch_kmeans,20,0.42378765819240677
USCHAD_alt64_b05_w112_s19_state17,5,112,19,17,0.972978505629478,0.01574521471349506,minibatch_kmeans,20,0.42378765819240677
USCHAD_alt64_b05_w112_s19_state18,5,112,19,18,0.9874175234003376,0.01574521471349506,minibatch_kmeans,20,0.42378765819240677
USCHAD_alt64_b06_w112_s28_state0,6,112,28,0,0.7523891203136486,0.015730823359835888,minibatch_kmeans,20,0.42378765819240677
USCHAD_alt64_b06_w112_s28_state1,6,112,28,1,0.7177871148459384,0.015730823359835888,minibatch_kmeans,20,0.42378765819240677
USCHAD_alt64_b06_w112_s28_state2,6,112,28,2,1.0,0.015730823359835888,minibatch_kmeans,20,0.42378765819240677
USCHAD_alt64_b06_w112_s28_state3,6,112,28,3,1.0,0.015730823359835888,minibatch_kmeans,20,0.42378765819240677
USCHAD_alt64_b06_w112_s28_state4,6,112,28,4,0.3632015306122449,0.015730823359835888,minibatch_kmeans,20,0.42378765819240677
USCHAD_alt64_b06_w112_s28_state5,6,112,28,5,0.9430863254392666,0.015730823359835888,minibatch_kmeans,20,0.42378765819240677
USCHAD_alt64_b06_w112_s28_state6,6,112,28,6,0.5882352941176471,0.015730823359835888,minibatch_kmeans,20,0.42378765819240677
USCHAD_alt64_b06_w112_s28_state7,6,112,28,7,0.6227272727272727,0.015730823359835888,minibatch_kmeans,20,0.42378765819240677
USCHAD_alt64_b06_w112_s28_state8,6,112,28,8,0.7255639097744361,0.015730823359835888,minibatch_kmeans,20,0.42378765819240677
USCHAD_alt64_b06_w112_s28_state9,6,112,28,9,1.0,0.015730823359835888,minibatch_kmeans,20,0.42378765819240677
USCHAD_alt64_b06_w112_s28_state10,6,112,28,10,0.5238095238095238,0.015730823359835888,minibatch_kmeans,20,0.42378765819240677
USCHAD_alt64_b06_w112_s28_state11,6,112,28,11,0.375,0.015730823359835888,minibatch_kmeans,20,0.42378765819240677
USCHAD_alt64_b06_w112_s28_state12,6,112,28,12,1.0,0.015730823359835888,minibatch_kmeans,20,0.42378765819240677
USCHAD_alt64_b06_w112_s28_state13,6,112,28,13,0.6666666666666666,0.015730823359835888,minibatch_kmeans,20,0.42378765819240677
USCHAD_alt64_b06_w112_s28_state14,6,112,28,14,1.0,0.015730823359835888,minibatch_kmeans,20,0.42378765819240677
USCHAD_alt64_b06_w112_s28_state15,6,112,28,15,0.9935064935064936,0.015730823359835888,minibatch_kmeans,20,0.42378765819240677
USCHAD_alt64_b06_w112_s28_state16,6,112,28,16,0.9882903981264637,0.015730823359835888,minibatch_kmeans,20,0.42378765819240677
USCHAD_alt64_b06_w112_s28_state17,6,112,28,17,0.9755747126436781,0.015730823359835888,minibatch_kmeans,20,0.42378765819240677
USCHAD_alt64_b06_w112_s28_state18,6,112,28,18,0.9913925607131878,0.015730823359835888,minibatch_kmeans,20,0.42378765819240677
USCHAD_alt64_b07_w112_s42_state0,7,112,42,0,0.8759310986964618,0.01600730283276945,minibatch_kmeans,20,0.42378765819240677
USCHAD_alt64_b07_w112_s42_state1,7,112,42,1,0.7194749694749695,0.01600730283276945,minibatch_kmeans,20,0.42378765819240677
USCHAD_alt64_b07_w112_s42_state2,7,112,42,2,0.8302334784329244,0.01600730283276945,minibatch_kmeans,20,0.42378765819240677
USCHAD_alt64_b07_w112_s42_state3,7,112,42,3,1.0,0.01600730283276945,minibatch_kmeans,20,0.42378765819240677
USCHAD_alt64_b07_w112_s42_state4,7,112,42,4,1.0,0.01600730283276945,minibatch_kmeans,20,0.42378765819240677
USCHAD_alt64_b07_w112_s42_state5,7,112,42,5,1.0,0.01600730283276945,minibatch_kmeans,20,0.42378765819240677
USCHAD_alt64_b07_w112_s42_state6,7,112,42,6,0.36538461538461536,0.01600730283276945,minibatch_kmeans,20,0.42378765819240677
USCHAD_alt64_b07_w112_s42_state7,7,112,42,7,0.8144499178981938,0.01600730283276945,minibatch_kmeans,20,0.42378765819240677
USCHAD_alt64_b07_w112_s42_state8,7,112,42,8,0.46190476190476193,0.01600730283276945,minibatch_kmeans,20,0.42378765819240677
USCHAD_alt64_b07_w112_s42_state9,7,112,42,9,1.0,0.01600730283276945,minibatch_kmeans,20,0.42378765819240677
USCHAD_alt64_b07_w112_s42_state10,7,112,42,10,0.5801587301587302,0.01600730283276945,minibatch_kmeans,20,0.42378765819240677
USCHAD_alt64_b07_w112_s42_state11,7,112,42,11,1.0,0.01600730283276945,minibatch_kmeans,20,0.42378765819240677
USCHAD_alt64_b07_w112_s42_state12,7,112,42,12,0.7912087912087912,0.01600730283276945,minibatch_kmeans,20,0.42378765819240677
USCHAD_alt64_b07_w112_s42_state13,7,112,42,13,0.5292207792207793,0.01600730283276945,minibatch_kmeans,20,0.42378765819240677
USCHAD_alt64_b07_w112_s42_state14,7,112,42,14,1.0,0.01600730283276945,minibatch_kmeans,20,0.42378765819240677
USCHAD_alt64_b07_w112_s42_state15,7,112,42,15,1.0,0.01600730283276945,minibatch_kmeans,20,0.42378765819240677
USCHAD_alt64_b07_w112_s42_state16,7,112,42,16,0.9963474025974026,0.01600730283276945,minibatch_kmeans,20,0.42378765819240677
USCHAD_alt64_b07_w112_s42_state17,7,112,42,17,0.98814463544754,0.01600730283276945,minibatch_kmeans,20,0.42378765819240677
USCHAD_alt64_b07_w112_s42_state18,7,112,42,18,0.97,0.01600730283276945,minibatch_kmeans,20,0.42378765819240677
USCHAD_alt64_b07_w112_s42_state19,7,112,42,19,0.9934924078091106,0.01600730283276945,minibatch_kmeans,20,0.42378765819240677
USCHAD_alt64_b08_w112_s56_state0,8,112,56,0,0.8611695414387884,0.014438929800897692,minibatch_kmeans,20,0.42378765819240677
USCHAD_alt64_b08_w112_s56_state1,8,112,56,1,0.5714285714285714,0.014438929800897692,minibatch_kmeans,20,0.42378765819240677
USCHAD_alt64_b08_w112_s56_state2,8,112,56,2,0.5074404761904762,0.014438929800897692,minibatch_kmeans,20,0.42378765819240677
USCHAD_alt64_b08_w112_s56_state3,8,112,56,3,0.27349624060150374,0.014438929800897692,minibatch_kmeans,20,0.42378765819240677
USCHAD_alt64_b08_w112_s56_state4,8,112,56,4,0.569620253164557,0.014438929800897692,minibatch_kmeans,20,0.42378765819240677
USCHAD_alt64_b08_w112_s56_state5,8,112,56,5,0.4731182795698925,0.014438929800897692,minibatch_kmeans,20,0.42378765819240677
USCHAD_alt64_b08_w112_s56_state6,8,112,56,6,0.64,0.014438929800897692,minibatch_kmeans,20,0.42378765819240677
USCHAD_alt64_b08_w112_s56_state7,8,112,56,7,0.39547038327526135,0.014438929800897692,minibatch_kmeans,20,0.42378765819240677
USCHAD_alt64_b08_w112_s56_state8,8,112,56,8,0.5,0.014438929800897692,minibatch_kmeans,20,0.42378765819240677
USCHAD_alt64_b08_w112_s56_state9,8,112,56,9,1.0,0.014438929800897692,minibatch_kmeans,20,0.42378765819240677
USCHAD_alt64_b08_w112_s56_state10,8,112,56,10,0.9924812030075187,0.014438929800897692,minibatch_kmeans,20,0.42378765819240677
USCHAD_alt64_b08_w112_s56_state11,8,112,56,11,0.9285714285714286,0.014438929800897692,minibatch_kmeans,20,0.42378765819240677
USCHAD_alt64_b08_w112_s56_state12,8,112,56,12,0.9755747126436781,0.014438929800897692,minibatch_kmeans,20,0.42378765819240677
USCHAD_alt64_b08_w112_s56_state13,8,112,56,13,0.9956521739130435,0.014438929800897692,minibatch_kmeans,20,0.42378765819240677
USCHAD_alt64_b09_w128_s21_state0,9,128,21,0,0.9573270234986945,0.015307376563505318,minibatch_kmeans,20,0.42378765819240677
USCHAD_alt64_b09_w128_s21_state1,9,128,21,1,0.6483790523690773,0.015307376563505318,minibatch_kmeans,20,0.42378765819240677
USCHAD_alt64_b09_w128_s21_state2,9,128,21,2,0.4321782178217822,0.015307376563505318,minibatch_kmeans,20,0.42378765819240677
USCHAD_alt64_b09_w128_s21_state3,9,128,21,3,0.8971428571428571,0.015307376563505318,minibatch_kmeans,20,0.42378765819240677
USCHAD_alt64_b09_w128_s21_state4,9,128,21,4,0.64495492875836,0.015307376563505318,minibatch_kmeans,20,0.42378765819240677
USCHAD_alt64_b09_w128_s21_state5,9,128,21,5,0.5826820493735269,0.015307376563505318,minibatch_kmeans,20,0.42378765819240677
USCHAD_alt64_b09_w128_s21_state6,9,128,21,6,0.566743648960739,0.015307376563505318,minibatch_kmeans,20,0.42378765819240677
USCHAD_alt64_b09_w128_s21_state7,9,128,21,7,0.5464362850971922,0.015307376563505318,minibatch_kmeans,20,0.42378765819240677
USCHAD_alt64_b09_w128_s21_state8,9,128,21,8,0.5696649029982364,0.015307376563505318,minibatch_kmeans,20,0.42378765819240677
USCHAD_alt64_b09_w128_s21_state9,9,128,21,9,1.0,0.015307376563505318,minibatch_kmeans,20,0.42378765819240677
USCHAD_alt64_b09_w128_s21_state10,9,128,21,10,0.6861471861471862,0.015307376563505318,minibatch_kmeans,20,0.42378765819240677
USCHAD_alt64_b09_w128_s21_state11,9,128,21,11,0.5541125541125541,0.015307376563505318,minibatch_kmeans,20,0.42378765819240677
USCHAD_alt64_b09_w128_s21_state12,9,128,21,12,0.9730538922155688,0.015307376563505318,minibatch_kmeans,20,0.42378765819240677
USCHAD_alt64_b09_w128_s21_state13,9,128,21,13,0.942339373970346,0.015307376563505318,minibatch_kmeans,20,0.42378765819240677
USCHAD_alt64_b09_w128_s21_state14,9,128,21,14,0.6331569664902998,0.015307376563505318,minibatch_kmeans,20,0.42378765819240677
USCHAD_alt64_b09_w128_s21_state15,9,128,21,15,0.622680412371134,0.015307376563505318,minibatch_kmeans,20,0.42378765819240677
USCHAD_alt64_b09_w128_s21_state16,9,128,21,16,1.0,0.015307376563505318,minibatch_kmeans,20,0.42378765819240677
USCHAD_alt64_b09_w128_s21_state17,9,128,21,17,0.9751743947476406,0.015307376563505318,minibatch_kmeans,20,0.42378765819240677
USCHAD_alt64_b09_w128_s21_state18,9,128,21,18,0.9935304990757856,0.015307376563505318,minibatch_kmeans,20,0.42378765819240677
USCHAD_alt64_b10_w128_s32_state0,10,128,32,0,0.9771005509641874,0.015424019727721679,minibatch_kmeans,20,0.42378765819240677
USCHAD_alt64_b10_w128_s32_state1,10,128,32,1,0.5,0.015424019727721679,minibatch_kmeans,20,0.42378765819240677
USCHAD_alt64_b10_w128_s32_state2,10,128,32,2,0.45982142857142855,0.015424019727721679,minibatch_kmeans,20,0.42378765819240677
USCHAD_alt64_b10_w128_s32_state3,10,128,32,3,0.40217391304347827,0.015424019727721679,minibatch_kmeans,20,0.42378765819240677
USCHAD_alt64_b10_w128_s32_state4,10,128,32,4,0.7553125,0.015424019727721679,minibatch_kmeans,20,0.42378765819240677
USCHAD_alt64_b10_w128_s32_state5,10,128,32,5,0.42916666666666664,0.015424019727721679,minibatch_kmeans,20,0.42378765819240677
USCHAD_alt64_b10_w128_s32_state6,10,128,32,6,0.7731958762886598,0.015424019727721679,minibatch_kmeans,20,0.42378765819240677
USCHAD_alt64_b10_w128_s32_state7,10,128,32,7,1.0,0.015424019727721679,minibatch_kmeans,20,0.42378765819240677
USCHAD_alt64_b10_w128_s32_state8,10,128,32,8,1.0,0.015424019727721679,minibatch_kmeans,20,0.42378765819240677
USCHAD_alt64_b10_w128_s32_state9,10,128,32,9,0.5330357142857143,0.015424019727721679,minibatch_kmeans,20,0.42378765819240677
USCHAD_alt64_b10_w128_s32_state10,10,128,32,10,0.8461538461538461,0.015424019727721679,minibatch_kmeans,20,0.42378765819240677
USCHAD_alt64_b10_w128_s32_state11,10,128,32,11,1.0,0.015424019727721679,minibatch_kmeans,20,0.42378765819240677
USCHAD_alt64_b10_w128_s32_state12,10,128,32,12,1.0,0.015424019727721679,minibatch_kmeans,20,0.42378765819240677
USCHAD_alt64_b10_w128_s32_state13,10,128,32,13,1.0,0.015424019727721679,minibatch_kmeans,20,0.42378765819240677
USCHAD_alt64_b10_w128_s32_state14,10,128,32,14,0.546875,0.015424019727721679,minibatch_kmeans,20,0.42378765819240677
USCHAD_alt64_b10_w128_s32_state15,10,128,32,15,0.9444444444444444,0.015424019727721679,minibatch_kmeans,20,0.42378765819240677
USCHAD_alt64_b10_w128_s32_state16,10,128,32,16,0.8125,0.015424019727721679,minibatch_kmeans,20,0.42378765819240677
USCHAD_alt64_b10_w128_s32_state17,10,128,32,17,1.0,0.015424019727721679,minibatch_kmeans,20,0.42378765819240677
USCHAD_alt64_b10_w128_s32_state18,10,128,32,18,0.6828287105653187,0.015424019727721679,minibatch_kmeans,20,0.42378765819240677
USCHAD_alt64_b10_w128_s32_state19,10,128,32,19,0.9836506622516556,0.015424019727721679,minibatch_kmeans,20,0.42378765819240677
USCHAD_alt64_b11_w128_s48_state0,11,128,48,0,0.9720188709939808,0.01706477368598287,minibatch_kmeans,20,0.42378765819240677
USCHAD_alt64_b11_w128_s48_state1,11,128,48,1,0.709051724137931,0.01706477368598287,minibatch_kmeans,20,0.42378765819240677
USCHAD_alt64_b11_w128_s48_state2,11,128,48,2,0.8660714285714286,0.01706477368598287,minibatch_kmeans,20,0.42378765819240677
USCHAD_alt64_b11_w128_s48_state3,11,128,48,3,0.42272727272727273,0.01706477368598287,minibatch_kmeans,20,0.42378765819240677
USCHAD_alt64_b11_w128_s48_state4,11,128,48,4,0.834375,0.01706477368598287,minibatch_kmeans,20,0.42378765819240677
USCHAD_alt64_b11_w128_s48_state5,11,128,48,5,0.8343908629441624,0.01706477368598287,minibatch_kmeans,20,0.42378765819240677
USCHAD_alt64_b11_w128_s48_state6,11,128,48,6,0.9461477987421384,0.01706477368598287,minibatch_kmeans,20,0.42378765819240677
USCHAD_alt64_b11_w128_s48_state7,11,128,48,7,0.8,0.01706477368598287,minibatch_kmeans,20,0.42378765819240677
USCHAD_alt64_b11_w128_s48_state8,11,128,48,8,0.593558282208589,0.01706477368598287,minibatch_kmeans,20,0.42378765819240677
USCHAD_alt64_b11_w128_s48_state9,11,128,48,9,1.0,0.01706477368598287,minibatch_kmeans,20,0.42378765819240677
USCHAD_alt64_b11_w128_s48_state10,11,128,48,10,0.7508802816901409,0.01706477368598287,minibatch_kmeans,20,0.42378765819240677
USCHAD_alt64_b11_w128_s48_state11,11,128,48,11,1.0,0.01706477368598287,minibatch_kmeans,20,0.42378765819240677
USCHAD_alt64_b11_w128_s48_state12,11,128,48,12,0.9427083333333334,0.01706477368598287,minibatch_kmeans,20,0.42378765819240677
USCHAD_alt64_b11_w128_s48_state13,11,128,48,13,1.0,0.01706477368598287,minibatch_kmeans,20,0.42378765819240677
USCHAD_alt64_b11_w128_s48_state14,11,128,48,14,0.9395833333333333,0.01706477368598287,minibatch_kmeans,20,0.42378765819240677
USCHAD_alt64_b11_w128_s48_state15,11,128,48,15,1.0,0.01706477368598287,minibatch_kmeans,20,0.42378765819240677
USCHAD_alt64_b11_w128_s48_state16,11,128,48,16,0.9739754098360656,0.01706477368598287,minibatch_kmeans,20,0.42378765819240677
USCHAD_alt64_b11_w128_s48_state17,11,128,48,17,0.994430693069307,0.01706477368598287,minibatch_kmeans,20,0.42378765819240677
USCHAD_alt64_b12_w128_s64_state0,12,128,64,0,0.8131510416666666,0.015525422888819883,minibatch_kmeans,20,0.42378765819240677
USCHAD_alt64_b12_w128_s64_state1,12,128,64,1,0.4,0.015525422888819883,minibatch_kmeans,20,0.42378765819240677
USCHAD_alt64_b12_w128_s64_state2,12,128,64,2,0.6830357142857143,0.015525422888819883,minibatch_kmeans,20,0.42378765819240677
USCHAD_alt64_b12_w128_s64_state3,12,128,64,3,0.6932565789473685,0.015525422888819883,minibatch_kmeans,20,0.42378765819240677
USCHAD_alt64_b12_w128_s64_state4,12,128,64,4,0.888671875,0.015525422888819883,minibatch_kmeans,20,0.42378765819240677
USCHAD_alt64_b12_w128_s64_state5,12,128,64,5,0.73193359375,0.015525422888819883,minibatch_kmeans,20,0.42378765819240677
USCHAD_alt64_b12_w128_s64_state6,12,128,64,6,0.5452302631578947,0.015525422888819883,minibatch_kmeans,20,0.42378765819240677
USCHAD_alt64_b12_w128_s64_state7,12,128,64,7,0.75,0.015525422888819883,minibatch_kmeans,20,0.42378765819240677
USCHAD_alt64_b12_w128_s64_state8,12,128,64,8,0.5425,0.015525422888819883,minibatch_kmeans,20,0.42378765819240677
USCHAD_alt64_b12_w128_s64_state9,12,128,64,9,0.759375,0.015525422888819883,minibatch_kmeans,20,0.42378765819240677
USCHAD_alt64_b12_w128_s64_state10,12,128,64,10,0.6,0.015525422888819883,minibatch_kmeans,20,0.42378765819240677
USCHAD_alt64_b12_w128_s64_state11,12,128,64,11,0.5825892857142857,0.015525422888819883,minibatch_kmeans,20,0.42378765819240677
USCHAD_alt64_b12_w128_s64_state12,12,128,64,12,1.0,0.015525422888819883,minibatch_kmeans,20,0.42378765819240677
USCHAD_alt64_b12_w128_s64_state13,12,128,64,13,1.0,0.015525422888819883,minibatch_kmeans,20,0.42378765819240677
USCHAD_alt64_b12_w128_s64_state14,12,128,64,14,1.0,0.015525422888819883,minibatch_kmeans,20,0.42378765819240677
USCHAD_alt64_b12_w128_s64_state15,12,128,64,15,0.9902083333333334,0.015525422888819883,minibatch_kmeans,20,0.42378765819240677
USCHAD_alt64_b12_w128_s64_state16,12,128,64,16,0.9969088098918083,0.015525422888819883,minibatch_kmeans,20,0.42378765819240677
USCHAD_alt64_b13_w144_s24_state0,13,144,24,0,0.9385796545105566,0.014150144265246226,minibatch_kmeans,20,0.42378765819240677
USCHAD_alt64_b13_w144_s24_state1,13,144,24,1,0.6410256410256411,0.014150144265246226,minibatch_kmeans,20,0.42378765819240677
USCHAD_alt64_b13_w144_s24_state2,13,144,24,2,0.5496558505408063,0.014150144265246226,minibatch_kmeans,20,0.42378765819240677
USCHAD_alt64_b13_w144_s24_state3,13,144,24,3,0.3492063492063492,0.014150144265246226,minibatch_kmeans,20,0.42378765819240677
USCHAD_alt64_b13_w144_s24_state4,13,144,24,4,0.745,0.014150144265246226,minibatch_kmeans,20,0.42378765819240677
USCHAD_alt64_b13_w144_s24_state5,13,144,24,5,0.5138888888888888,0.014150144265246226,minibatch_kmeans,20,0.42378765819240677
USCHAD_alt64_b13_w144_s24_state6,13,144,24,6,0.42857142857142855,0.014150144265246226,minibatch_kmeans,20,0.42378765819240677
USCHAD_alt64_b13_w144_s24_state7,13,144,24,7,0.8928571428571429,0.014150144265246226,minibatch_kmeans,20,0.42378765819240677
USCHAD_alt64_b13_w144_s24_state8,13,144,24,8,0.5296296296296297,0.014150144265246226,minibatch_kmeans,20,0.42378765819240677
USCHAD_alt64_b13_w144_s24_state9,13,144,24,9,0.7317073170731707,0.014150144265246226,minibatch_kmeans,20,0.42378765819240677
USCHAD_alt64_b13_w144_s24_state10,13,144,24,10,0.8291666666666667,0.014150144265246226,minibatch_kmeans,20,0.42378765819240677
USCHAD_alt64_b13_w144_s24_state11,13,144,24,11,0.915,0.014150144265246226,minibatch_kmeans,20,0.42378765819240677
USCHAD_alt64_b13_w144_s24_state12,13,144,24,12,0.48148148148148145,0.014150144265246226,minibatch_kmeans,20,0.42378765819240677
USCHAD_alt64_b13_w144_s24_state13,13,144,24,13,1.0,0.014150144265246226,minibatch_kmeans,20,0.42378765819240677
USCHAD_alt64_b13_w144_s24_state14,13,144,24,14,1.0,0.014150144265246226,minibatch_kmeans,20,0.42378765819240677
USCHAD_alt64_b13_w144_s24_state15,13,144,24,15,0.5766666666666667,0.014150144265246226,minibatch_kmeans,20,0.42378765819240677
USCHAD_alt64_b13_w144_s24_state16,13,144,24,16,0.9814814814814815,0.014150144265246226,minibatch_kmeans,20,0.42378765819240677
USCHAD_alt64_b13_w144_s24_state17,13,144,24,17,0.599406528189911,0.014150144265246226,minibatch_kmeans,20,0.42378765819240677
USCHAD_alt64_b13_w144_s24_state18,13,144,24,18,0.5678816693079768,0.014150144265246226,minibatch_kmeans,20,0.42378765819240677
USCHAD_alt64_b14_w144_s36_state0,14,144,36,0,0.9647168059424327,0.01670245993079669,minibatch_kmeans,20,0.42378765819240677
USCHAD_alt64_b14_w144_s36_state1,14,144,36,1,0.7647058823529411,0.01670245993079669,minibatch_kmeans,20,0.42378765819240677
USCHAD_alt64_b14_w144_s36_state2,14,144,36,2,0.8363453815261044,0.01670245993079669,minibatch_kmeans,20,0.42378765819240677
USCHAD_alt64_b14_w144_s36_state3,14,144,36,3,0.8530701754385965,0.01670245993079669,minibatch_kmeans,20,0.42378765819240677
USCHAD_alt64_b14_w144_s36_state4,14,144,36,4,0.9114114114114115,0.01670245993079669,minibatch_kmeans,20,0.42378765819240677
USCHAD_alt64_b14_w144_s36_state5,14,144,36,5,0.9429429429429429,0.01670245993079669,minibatch_kmeans,20,0.42378765819240677
USCHAD_alt64_b14_w144_s36_state6,14,144,36,6,0.35769980506822613,0.01670245993079669,minibatch_kmeans,20,0.42378765819240677
USCHAD_alt64_b14_w144_s36_state7,14,144,36,7,0.9545454545454546,0.01670245993079669,minibatch_kmeans,20,0.42378765819240677
USCHAD_alt64_b14_w144_s36_state8,14,144,36,8,0.7579365079365079,0.01670245993079669,minibatch_kmeans,20,0.42378765819240677
USCHAD_alt64_b14_w144_s36_state9,14,144,36,9,0.8,0.01670245993079669,minibatch_kmeans,20,0.42378765819240677
USCHAD_alt64_b14_w144_s36_state10,14,144,36,10,0.5972222222222222,0.01670245993079669,minibatch_kmeans,20,0.42378765819240677
USCHAD_alt64_b14_w144_s36_state11,14,144,36,11,0.5103578154425612,0.01670245993079669,minibatch_kmeans,20,0.42378765819240677
USCHAD_alt64_b14_w144_s36_state12,14,144,36,12,0.8888888888888888,0.01670245993079669,minibatch_kmeans,20,0.42378765819240677
USCHAD_alt64_b14_w144_s36_state13,14,144,36,13,1.0,0.01670245993079669,minibatch_kmeans,20,0.42378765819240677
USCHAD_alt64_b14_w144_s36_state14,14,144,36,14,0.9950980392156863,0.01670245993079669,minibatch_kmeans,20,0.42378765819240677
USCHAD_alt64_b14_w144_s36_state15,14,144,36,15,0.9779835390946502,0.01670245993079669,minibatch_kmeans,20,0.42378765819240677
USCHAD_alt64_b14_w144_s36_state16,14,144,36,16,0.9944495837187789,0.01670245993079669,minibatch_kmeans,20,0.42378765819240677
USCHAD_alt64_b15_w144_s54_state0,15,144,54,0,0.8941227312013829,0.014780277335691908,minibatch_kmeans,20,0.42378765819240677
USCHAD_alt64_b15_w144_s54_state1,15,144,54,1,0.5909090909090909,0.014780277335691908,minibatch_kmeans,20,0.42378765819240677
USCHAD_alt64_b15_w144_s54_state2,15,144,54,2,0.4569329660238751,0.014780277335691908,minibatch_kmeans,20,0.42378765819240677
USCHAD_alt64_b15_w144_s54_state3,15,144,54,3,0.7647058823529411,0.014780277335691908,minibatch_kmeans,20,0.42378765819240677
USCHAD_alt64_b15_w144_s54_state4,15,144,54,4,0.7953929539295393,0.014780277335691908,minibatch_kmeans,20,0.42378765819240677
USCHAD_alt64_b15_w144_s54_state5,15,144,54,5,0.42592592592592593,0.014780277335691908,minibatch_kmeans,20,0.42378765819240677
USCHAD_alt64_b15_w144_s54_state6,15,144,54,6,0.43703703703703706,0.014780277335691908,minibatch_kmeans,20,0.42378765819240677
USCHAD_alt64_b15_w144_s54_state7,15,144,54,7,0.6792452830188679,0.014780277335691908,minibatch_kmeans,20,0.42378765819240677
USCHAD_alt64_b15_w144_s54_state8,15,144,54,8,0.5588235294117647,0.014780277335691908,minibatch_kmeans,20,0.42378765819240677
USCHAD_alt64_b15_w144_s54_state9,15,144,54,9,0.8983451536643026,0.014780277335691908,minibatch_kmeans,20,0.42378765819240677
USCHAD_alt64_b15_w144_s54_state10,15,144,54,10,1.0,0.014780277335691908,minibatch_kmeans,20,0.42378765819240677
USCHAD_alt64_b15_w144_s54_state11,15,144,54,11,0.5479302832244008,0.014780277335691908,minibatch_kmeans,20,0.42378765819240677
USCHAD_alt64_b15_w144_s54_state12,15,144,54,12,0.8380952380952381,0.014780277335691908,minibatch_kmeans,20,0.42378765819240677
USCHAD_alt64_b15_w144_s54_state13,15,144,54,13,0.6251851851851852,0.014780277335691908,minibatch_kmeans,20,0.42378765819240677
USCHAD_alt64_b15_w144_s54_state14,15,144,54,14,0.9816191656340355,0.014780277335691908,minibatch_kmeans,20,0.42378765819240677
USCHAD_alt64_b15_w144_s54_state15,15,144,54,15,0.9944289693593314,0.014780277335691908,minibatch_kmeans,20,0.42378765819240677
USCHAD_alt64_b16_w144_s72_state0,16,144,72,0,0.8599830795262268,0.014897883962422224,minibatch_kmeans,20,0.42378765819240677
USCHAD_alt64_b16_w144_s72_state1,16,144,72,1,0.6388888888888888,0.014897883962422224,minibatch_kmeans,20,0.42378765819240677
USCHAD_alt64_b16_w144_s72_state2,16,144,72,2,0.6,0.014897883962422224,minibatch_kmeans,20,0.42378765819240677
USCHAD_alt64_b16_w144_s72_state3,16,144,72,3,0.4518043684710351,0.014897883962422224,minibatch_kmeans,20,0.42378765819240677
USCHAD_alt64_b16_w144_s72_state4,16,144,72,4,0.49056603773584906,0.014897883962422224,minibatch_kmeans,20,0.42378765819240677
USCHAD_alt64_b16_w144_s72_state5,16,144,72,5,0.6435185185185185,0.014897883962422224,minibatch_kmeans,20,0.42378765819240677
USCHAD_alt64_b16_w144_s72_state6,16,144,72,6,0.7222222222222222,0.014897883962422224,minibatch_kmeans,20,0.42378765819240677
USCHAD_alt64_b16_w144_s72_state7,16,144,72,7,0.7280701754385965,0.014897883962422224,minibatch_kmeans,20,0.42378765819240677
USCHAD_alt64_b16_w144_s72_state8,16,144,72,8,0.8035714285714286,0.014897883962422224,minibatch_kmeans,20,0.42378765819240677
USCHAD_alt64_b16_w144_s72_state9,16,144,72,9,0.6666666666666666,0.014897883962422224,minibatch_kmeans,20,0.42378765819240677
USCHAD_alt64_b16_w144_s72_state10,16,144,72,10,1.0,0.014897883962422224,minibatch_kmeans,20,0.42378765819240677
USCHAD_alt64_b16_w144_s72_state11,16,144,72,11,0.5,0.014897883962422224,minibatch_kmeans,20,0.42378765819240677
USCHAD_alt64_b16_w144_s72_state12,16,144,72,12,0.75,0.014897883962422224,minibatch_kmeans,20,0.42378765819240677
USCHAD_alt64_b16_w144_s72_state13,16,144,72,13,1.0,0.014897883962422224,minibatch_kmeans,20,0.42378765819240677
USCHAD_alt64_b16_w144_s72_state14,16,144,72,14,0.6944444444444444,0.014897883962422224,minibatch_kmeans,20,0.42378765819240677
USCHAD_alt64_b16_w144_s72_state15,16,144,72,15,0.5396825396825397,0.014897883962422224,minibatch_kmeans,20,0.42378765819240677
USCHAD_alt64_b16_w144_s72_state16,16,144,72,16,0.9675925925925926,0.014897883962422224,minibatch_kmeans,20,0.42378765819240677
USCHAD_alt64_b16_w144_s72_state17,16,144,72,17,0.998526936026936,0.014897883962422224,minibatch_kmeans,20,0.42378765819240677
USCHAD_alt64_b16_w144_s72_state18,16,144,72,18,0.9944495837187789,0.014897883962422224,minibatch_kmeans,20,0.42378765819240677
USCHAD_alt64_b17_w160_s27_state0,17,160,27,0,0.9707037386113729,0.01635200686862739,minibatch_kmeans,20,0.42378765819240677
USCHAD_alt64_b17_w160_s27_state1,17,160,27,1,0.475482912332838,0.01635200686862739,minibatch_kmeans,20,0.42378765819240677
USCHAD_alt64_b17_w160_s27_state2,17,160,27,2,0.5513117283950617,0.01635200686862739,minibatch_kmeans,20,0.42378765819240677
USCHAD_alt64_b17_w160_s27_state3,17,160,27,3,0.5113500597371565,0.01635200686862739,minibatch_kmeans,20,0.42378765819240677
USCHAD_alt64_b17_w160_s27_state4,17,160,27,4,0.9530456852791879,0.01635200686862739,minibatch_kmeans,20,0.42378765819240677
USCHAD_alt64_b17_w160_s27_state5,17,160,27,5,0.8299298021697511,0.01635200686862739,minibatch_kmeans,20,0.42378765819240677
USCHAD_alt64_b17_w160_s27_state6,17,160,27,6,0.9098662531498353,0.01635200686862739,minibatch_kmeans,20,0.42378765819240677
USCHAD_alt64_b17_w160_s27_state7,17,160,27,7,0.9830403309203722,0.01635200686862739,minibatch_kmeans,20,0.42378765819240677
USCHAD_alt64_b17_w160_s27_state8,17,160,27,8,0.6702453987730062,0.01635200686862739,minibatch_kmeans,20,0.42378765819240677
USCHAD_alt64_b17_w160_s27_state9,17,160,27,9,0.8388349514563107,0.01635200686862739,minibatch_kmeans,20,0.42378765819240677
USCHAD_alt64_b17_w160_s27_state10,17,160,27,10,0.5475343162175902,0.01635200686862739,minibatch_kmeans,20,0.42378765819240677
USCHAD_alt64_b17_w160_s27_state11,17,160,27,11,1.0,0.01635200686862739,minibatch_kmeans,20,0.42378765819240677
USCHAD_alt64_b17_w160_s27_state12,17,160,27,12,1.0,0.01635200686862739,minibatch_kmeans,20,0.42378765819240677
USCHAD_alt64_b17_w160_s27_state13,17,160,27,13,0.6854368932038835,0.01635200686862739,minibatch_kmeans,20,0.42378765819240677
USCHAD_alt64_b17_w160_s27_state14,17,160,27,14,1.0,0.01635200686862739,minibatch_kmeans,20,0.42378765819240677
USCHAD_alt64_b17_w160_s27_state15,17,160,27,15,0.6590257879656161,0.01635200686862739,minibatch_kmeans,20,0.42378765819240677
USCHAD_alt64_b17_w160_s27_state16,17,160,27,16,0.7090395480225988,0.01635200686862739,minibatch_kmeans,20,0.42378765819240677
USCHAD_alt64_b17_w160_s27_state17,17,160,27,17,1.0,0.01635200686862739,minibatch_kmeans,20,0.42378765819240677
USCHAD_alt64_b17_w160_s27_state18,17,160,27,18,0.9941430332922319,0.01635200686862739,minibatch_kmeans,20,0.42378765819240677
USCHAD_alt64_b18_w160_s40_state0,18,160,40,0,0.936969696969697,0.016296755671707904,minibatch_kmeans,20,0.42378765819240677
USCHAD_alt64_b18_w160_s40_state1,18,160,40,1,0.4666666666666667,0.016296755671707904,minibatch_kmeans,20,0.42378765819240677
USCHAD_alt64_b18_w160_s40_state2,18,160,40,2,0.6221428571428571,0.016296755671707904,minibatch_kmeans,20,0.42378765819240677
USCHAD_alt64_b18_w160_s40_state3,18,160,40,3,0.38461538461538464,0.016296755671707904,minibatch_kmeans,20,0.42378765819240677
USCHAD_alt64_b18_w160_s40_state4,18,160,40,4,0.8854368932038835,0.016296755671707904,minibatch_kmeans,20,0.42378765819240677
USCHAD_alt64_b18_w160_s40_state5,18,160,40,5,0.9874045801526717,0.016296755671707904,minibatch_kmeans,20,0.42378765819240677
USCHAD_alt64_b18_w160_s40_state6,18,160,40,6,0.4117647058823529,0.016296755671707904,minibatch_kmeans,20,0.42378765819240677
USCHAD_alt64_b18_w160_s40_state7,18,160,40,7,0.84,0.016296755671707904,minibatch_kmeans,20,0.42378765819240677
USCHAD_alt64_b18_w160_s40_state8,18,160,40,8,0.6072916666666667,0.016296755671707904,minibatch_kmeans,20,0.42378765819240677
USCHAD_alt64_b18_w160_s40_state9,18,160,40,9,0.695,0.016296755671707904,minibatch_kmeans,20,0.42378765819240677
USCHAD_alt64_b18_w160_s40_state10,18,160,40,10,0.5383333333333333,0.016296755671707904,minibatch_kmeans,20,0.42378765819240677
USCHAD_alt64_b18_w160_s40_state11,18,160,40,11,1.0,0.016296755671707904,minibatch_kmeans,20,0.42378765819240677
USCHAD_alt64_b18_w160_s40_state12,18,160,40,12,1.0,0.016296755671707904,minibatch_kmeans,20,0.42378765819240677
USCHAD_alt64_b18_w160_s40_state13,18,160,40,13,1.0,0.016296755671707904,minibatch_kmeans,20,0.42378765819240677
USCHAD_alt64_b18_w160_s40_state14,18,160,40,14,0.7516129032258064,0.016296755671707904,minibatch_kmeans,20,0.42378765819240677
USCHAD_alt64_b18_w160_s40_state15,18,160,40,15,1.0,0.016296755671707904,minibatch_kmeans,20,0.42378765819240677
USCHAD_alt64_b18_w160_s40_state16,18,160,40,16,0.9937007874015747,0.016296755671707904,minibatch_kmeans,20,0.42378765819240677
USCHAD_alt64_b18_w160_s40_state17,18,160,40,17,0.958266129032258,0.016296755671707904,minibatch_kmeans,20,0.42378765819240677
USCHAD_alt64_b18_w160_s40_state18,18,160,40,18,0.9932245149368648,0.016296755671707904,minibatch_kmeans,20,0.42378765819240677
USCHAD_alt64_b19_w160_s60_state0,19,160,60,0,0.5688524590163935,0.01610722824545572,minibatch_kmeans,20,0.42378765819240677
USCHAD_alt64_b19_w160_s60_state1,19,160,60,1,0.9301092043681747,0.01610722824545572,minibatch_kmeans,20,0.42378765819240677
USCHAD_alt64_b19_w160_s60_state2,19,160,60,2,1.0,0.01610722824545572,minibatch_kmeans,20,0.42378765819240677
USCHAD_alt64_b19_w160_s60_state3,19,160,60,3,0.7952229299363057,0.01610722824545572,minibatch_kmeans,20,0.42378765819240677
USCHAD_alt64_b19_w160_s60_state4,19,160,60,4,0.9739130434782609,0.01610722824545572,minibatch_kmeans,20,0.42378765819240677
USCHAD_alt64_b19_w160_s60_state5,19,160,60,5,0.9308823529411765,0.01610722824545572,minibatch_kmeans,20,0.42378765819240677
USCHAD_alt64_b19_w160_s60_state6,19,160,60,6,0.7445103857566766,0.01610722824545572,minibatch_kmeans,20,0.42378765819240677
USCHAD_alt64_b19_w160_s60_state7,19,160,60,7,0.43257575757575756,0.01610722824545572,minibatch_kmeans,20,0.42378765819240677
USCHAD_alt64_b19_w160_s60_state8,19,160,60,8,0.9285714285714286,0.01610722824545572,minibatch_kmeans,20,0.42378765819240677
USCHAD_alt64_b19_w160_s60_state9,19,160,60,9,0.5357142857142857,0.01610722824545572,minibatch_kmeans,20,0.42378765819240677
USCHAD_alt64_b19_w160_s60_state10,19,160,60,10,0.9375,0.01610722824545572,minibatch_kmeans,20,0.42378765819240677
USCHAD_alt64_b19_w160_s60_state11,19,160,60,11,0.5395348837209303,0.01610722824545572,minibatch_kmeans,20,0.42378765819240677
USCHAD_alt64_b19_w160_s60_state12,19,160,60,12,1.0,0.01610722824545572,minibatch_kmeans,20,0.42378765819240677
USCHAD_alt64_b19_w160_s60_state13,19,160,60,13,1.0,0.01610722824545572,minibatch_kmeans,20,0.42378765819240677
USCHAD_alt64_b19_w160_s60_state14,19,160,60,14,0.62,0.01610722824545572,minibatch_kmeans,20,0.42378765819240677
USCHAD_alt64_b19_w160_s60_state15,19,160,60,15,0.7303030303030303,0.01610722824545572,minibatch_kmeans,20,0.42378765819240677
USCHAD_alt64_b19_w160_s60_state16,19,160,60,16,0.9820247933884297,0.01610722824545572,minibatch_kmeans,20,0.42378765819240677
USCHAD_alt64_b19_w160_s60_state17,19,160,60,17,0.9962928637627433,0.01610722824545572,minibatch_kmeans,20,0.42378765819240677
USCHAD_alt64_b20_w160_s80_state0,20,160,80,0,0.8966842180162231,0.015630428827579267,minibatch_kmeans,20,0.42378765819240677
USCHAD_alt64_b20_w160_s80_state1,20,160,80,1,0.95625,0.015630428827579267,minibatch_kmeans,20,0.42378765819240677
USCHAD_alt64_b20_w160_s80_state2,20,160,80,2,0.6318181818181818,0.015630428827579267,minibatch_kmeans,20,0.42378765819240677
USCHAD_alt64_b20_w160_s80_state3,20,160,80,3,1.0,0.015630428827579267,minibatch_kmeans,20,0.42378765819240677
USCHAD_alt64_b20_w160_s80_state4,20,160,80,4,0.8722222222222222,0.015630428827579267,minibatch_kmeans,20,0.42378765819240677
USCHAD_alt64_b20_w160_s80_state5,20,160,80,5,0.4554195804195804,0.015630428827579267,minibatch_kmeans,20,0.42378765819240677
USCHAD_alt64_b20_w160_s80_state6,20,160,80,6,0.565625,0.015630428827579267,minibatch_kmeans,20,0.42378765819240677
USCHAD_alt64_b20_w160_s80_state7,20,160,80,7,0.5384615384615384,0.015630428827579267,minibatch_kmeans,20,0.42378765819240677
USCHAD_alt64_b20_w160_s80_state8,20,160,80,8,0.5916666666666667,0.015630428827579267,minibatch_kmeans,20,0.42378765819240677
USCHAD_alt64_b20_w160_s80_state9,20,160,80,9,1.0,0.015630428827579267,minibatch_kmeans,20,0.42378765819240677
USCHAD_alt64_b20_w160_s80_state10,20,160,80,10,0.64625,0.015630428827579267,minibatch_kmeans,20,0.42378765819240677
USCHAD_alt64_b20_w160_s80_state11,20,160,80,11,0.5,0.015630428827579267,minibatch_kmeans,20,0.42378765819240677
USCHAD_alt64_b20_w160_s80_state12,20,160,80,12,1.0,0.015630428827579267,minibatch_kmeans,20,0.42378765819240677
USCHAD_alt64_b20_w160_s80_state13,20,160,80,13,0.525,0.015630428827579267,minibatch_kmeans,20,0.42378765819240677
USCHAD_alt64_b20_w160_s80_state14,20,160,80,14,1.0,0.015630428827579267,minibatch_kmeans,20,0.42378765819240677
USCHAD_alt64_b20_w160_s80_state15,20,160,80,15,0.9739754098360656,0.015630428827579267,minibatch_kmeans,20,0.42378765819240677
USCHAD_alt64_b20_w160_s80_state16,20,160,80,16,0.975,0.015630428827579267,minibatch_kmeans,20,0.42378765819240677
USCHAD_alt64_b21_w176_s29_state0,21,176,29,0,0.9638940036826515,0.015468139118395802,minibatch_kmeans,20,0.42378765819240677
USCHAD_alt64_b21_w176_s29_state1,21,176,29,1,0.6,0.015468139118395802,minibatch_kmeans,20,0.42378765819240677
USCHAD_alt64_b21_w176_s29_state2,21,176,29,2,0.7012987012987013,0.015468139118395802,minibatch_kmeans,20,0.42378765819240677
USCHAD_alt64_b21_w176_s29_state3,21,176,29,3,0.6157635467980296,0.015468139118395802,minibatch_kmeans,20,0.42378765819240677
USCHAD_alt64_b21_w176_s29_state4,21,176,29,4,0.8968508391476523,0.015468139118395802,minibatch_kmeans,20,0.42378765819240677
USCHAD_alt64_b21_w176_s29_state5,21,176,29,5,0.4153400868306802,0.015468139118395802,minibatch_kmeans,20,0.42378765819240677
USCHAD_alt64_b21_w176_s29_state6,21,176,29,6,0.9564876519012152,0.015468139118395802,minibatch_kmeans,20,0.42378765819240677
USCHAD_alt64_b21_w176_s29_state7,21,176,29,7,0.422963689892051,0.015468139118395802,minibatch_kmeans,20,0.42378765819240677
USCHAD_alt64_b21_w176_s29_state8,21,176,29,8,0.7034313725490197,0.015468139118395802,minibatch_kmeans,20,0.42378765819240677
USCHAD_alt64_b21_w176_s29_state9,21,176,29,9,0.5360230547550432,0.015468139118395802,minibatch_kmeans,20,0.42378765819240677
USCHAD_alt64_b21_w176_s29_state10,21,176,29,10,0.7125668449197861,0.015468139118395802,minibatch_kmeans,20,0.42378765819240677
USCHAD_alt64_b21_w176_s29_state11,21,176,29,11,0.5707317073170731,0.015468139118395802,minibatch_kmeans,20,0.42378765819240677
USCHAD_alt64_b21_w176_s29_state12,21,176,29,12,1.0,0.015468139118395802,minibatch_kmeans,20,0.42378765819240677
USCHAD_alt64_b21_w176_s29_state13,21,176,29,13,0.7804878048780488,0.015468139118395802,minibatch_kmeans,20,0.42378765819240677
USCHAD_alt64_b21_w176_s29_state14,21,176,29,14,0.5881104033970276,0.015468139118395802,minibatch_kmeans,20,0.42378765819240677
USCHAD_alt64_b21_w176_s29_state15,21,176,29,15,0.909009009009009,0.015468139118395802,minibatch_kmeans,20,0.42378765819240677
USCHAD_alt64_b21_w176_s29_state16,21,176,29,16,0.6121116886256497,0.015468139118395802,minibatch_kmeans,20,0.42378765819240677
USCHAD_alt64_b21_w176_s29_state17,21,176,29,17,0.9928974305410486,0.015468139118395802,minibatch_kmeans,20,0.42378765819240677
USCHAD_alt64_b21_w176_s29_state18,21,176,29,18,0.9956776782957703,0.015468139118395802,minibatch_kmeans,20,0.42378765819240677
USCHAD_alt64_b22_w176_s44_state0,22,176,44,0,0.9395167575993765,0.01550256365572999,minibatch_kmeans,20,0.42378765819240677
USCHAD_alt64_b22_w176_s44_state1,22,176,44,1,0.39956011730205276,0.01550256365572999,minibatch_kmeans,20,0.42378765819240677
USCHAD_alt64_b22_w176_s44_state2,22,176,44,2,0.5584415584415584,0.01550256365572999,minibatch_kmeans,20,0.42378765819240677
USCHAD_alt64_b22_w176_s44_state3,22,176,44,3,0.8977272727272727,0.01550256365572999,minibatch_kmeans,20,0.42378765819240677
USCHAD_alt64_b22_w176_s44_state4,22,176,44,4,0.7181818181818181,0.01550256365572999,minibatch_kmeans,20,0.42378765819240677
USCHAD_alt64_b22_w176_s44_state5,22,176,44,5,0.4877769289533995,0.01550256365572999,minibatch_kmeans,20,0.42378765819240677
USCHAD_alt64_b22_w176_s44_state6,22,176,44,6,0.33298097251585623,0.01550256365572999,minibatch_kmeans,20,0.42378765819240677
USCHAD_alt64_b22_w176_s44_state7,22,176,44,7,0.7954545454545454,0.01550256365572999,minibatch_kmeans,20,0.42378765819240677
USCHAD_alt64_b22_w176_s44_state8,22,176,44,8,0.7142857142857143,0.01550256365572999,minibatch_kmeans,20,0.42378765819240677
USCHAD_alt64_b22_w176_s44_state9,22,176,44,9,1.0,0.01550256365572999,minibatch_kmeans,20,0.42378765819240677
USCHAD_alt64_b22_w176_s44_state10,22,176,44,10,0.6,0.01550256365572999,minibatch_kmeans,20,0.42378765819240677
USCHAD_alt64_b22_w176_s44_state11,22,176,44,11,0.8693181818181818,0.01550256365572999,minibatch_kmeans,20,0.42378765819240677
USCHAD_alt64_b22_w176_s44_state12,22,176,44,12,0.9188311688311688,0.01550256365572999,minibatch_kmeans,20,0.42378765819240677
USCHAD_alt64_b22_w176_s44_state13,22,176,44,13,1.0,0.01550256365572999,minibatch_kmeans,20,0.42378765819240677
USCHAD_alt64_b22_w176_s44_state14,22,176,44,14,0.7678916827852998,0.01550256365572999,minibatch_kmeans,20,0.42378765819240677
USCHAD_alt64_b22_w176_s44_state15,22,176,44,15,1.0,0.01550256365572999,minibatch_kmeans,20,0.42378765819240677
USCHAD_alt64_b22_w176_s44_state16,22,176,44,16,0.6187683284457478,0.01550256365572999,minibatch_kmeans,20,0.42378765819240677
USCHAD_alt64_b22_w176_s44_state17,22,176,44,17,0.9910341951626356,0.01550256365572999,minibatch_kmeans,20,0.42378765819240677
USCHAD_alt64_b22_w176_s44_state18,22,176,44,18,1.0,0.01550256365572999,minibatch_kmeans,20,0.42378765819240677
USCHAD_alt64_b23_w176_s66_state0,23,176,66,0,0.9624405948183351,0.016663869906206125,minibatch_kmeans,20,0.42378765819240677
USCHAD_alt64_b23_w176_s66_state1,23,176,66,1,0.5631505898681471,0.016663869906206125,minibatch_kmeans,20,0.42378765819240677
USCHAD_alt64_b23_w176_s66_state2,23,176,66,2,0.8797498797498797,0.016663869906206125,minibatch_kmeans,20,0.42378765819240677
USCHAD_alt64_b23_w176_s66_state3,23,176,66,3,0.8962566844919786,0.016663869906206125,minibatch_kmeans,20,0.42378765819240677
USCHAD_alt64_b23_w176_s66_state4,23,176,66,4,0.9321732954545454,0.016663869906206125,minibatch_kmeans,20,0.42378765819240677
USCHAD_alt64_b23_w176_s66_state5,23,176,66,5,0.6100478468899522,0.016663869906206125,minibatch_kmeans,20,0.42378765819240677
USCHAD_alt64_b23_w176_s66_state6,23,176,66,6,0.5757575757575758,0.016663869906206125,minibatch_kmeans,20,0.42378765819240677
USCHAD_alt64_b23_w176_s66_state7,23,176,66,7,0.6474201474201474,0.016663869906206125,minibatch_kmeans,20,0.42378765819240677
USCHAD_alt64_b23_w176_s66_state8,23,176,66,8,0.8888888888888888,0.016663869906206125,minibatch_kmeans,20,0.42378765819240677
USCHAD_alt64_b23_w176_s66_state9,23,176,66,9,0.6136363636363636,0.016663869906206125,minibatch_kmeans,20,0.42378765819240677
USCHAD_alt64_b23_w176_s66_state10,23,176,66,10,0.7061310782241015,0.016663869906206125,minibatch_kmeans,20,0.42378765819240677
USCHAD_alt64_b23_w176_s66_state11,23,176,66,11,0.9988142292490119,0.016663869906206125,minibatch_kmeans,20,0.42378765819240677
USCHAD_alt64_b23_w176_s66_state12,23,176,66,12,0.9910341951626356,0.016663869906206125,minibatch_kmeans,20,0.42378765819240677
USCHAD_alt64_b23_w176_s66_state13,23,176,66,13,1.0,0.016663869906206125,minibatch_kmeans,20,0.42378765819240677
USCHAD_alt64_b24_w176_s88_state0,24,176,88,0,0.9349530985698908,0.015504615032214751,minibatch_kmeans,20,0.42378765819240677
USCHAD_alt64_b24_w176_s88_state1,24,176,88,1,0.7727272727272727,0.015504615032214751,minibatch_kmeans,20,0.42378765819240677
USCHAD_alt64_b24_w176_s88_state2,24,176,88,2,0.4594988344988345,0.015504615032214751,minibatch_kmeans,20,0.42378765819240677
USCHAD_alt64_b24_w176_s88_state3,24,176,88,3,0.4556363636363636,0.015504615032214751,minibatch_kmeans,20,0.42378765819240677
USCHAD_alt64_b24_w176_s88_state4,24,176,88,4,0.7424242424242424,0.015504615032214751,minibatch_kmeans,20,0.42378765819240677
USCHAD_alt64_b24_w176_s88_state5,24,176,88,5,0.9640151515151515,0.015504615032214751,minibatch_kmeans,20,0.42378765819240677
USCHAD_alt64_b24_w176_s88_state6,24,176,88,6,0.75,0.015504615032214751,minibatch_kmeans,20,0.42378765819240677
USCHAD_alt64_b24_w176_s88_state7,24,176,88,7,0.6493506493506493,0.015504615032214751,minibatch_kmeans,20,0.42378765819240677
USCHAD_alt64_b24_w176_s88_state8,24,176,88,8,0.75,0.015504615032214751,minibatch_kmeans,20,0.42378765819240677
USCHAD_alt64_b24_w176_s88_state9,24,176,88,9,1.0,0.015504615032214751,minibatch_kmeans,20,0.42378765819240677
USCHAD_alt64_b24_w176_s88_state10,24,176,88,10,0.5,0.015504615032214751,minibatch_kmeans,20,0.42378765819240677
USCHAD_alt64_b24_w176_s88_state11,24,176,88,11,0.8238636363636364,0.015504615032214751,minibatch_kmeans,20,0.42378765819240677
USCHAD_alt64_b24_w176_s88_state12,24,176,88,12,1.0,0.015504615032214751,minibatch_kmeans,20,0.42378765819240677
USCHAD_alt64_b24_w176_s88_state13,24,176,88,13,0.9696969696969697,0.015504615032214751,minibatch_kmeans,20,0.42378765819240677
USCHAD_alt64_b24_w176_s88_state14,24,176,88,14,0.5515734265734266,0.015504615032214751,minibatch_kmeans,20,0.42378765819240677
USCHAD_alt64_b24_w176_s88_state15,24,176,88,15,0.9917929292929293,0.015504615032214751,minibatch_kmeans,20,0.42378765819240677
USCHAD_alt64_b24_w176_s88_state16,24,176,88,16,1.0,0.015504615032214751,minibatch_kmeans,20,0.42378765819240677
USCHAD_alt64_b25_w192_s32_state0,25,192,32,0,0.9747409326424871,0.01619980053612404,minibatch_kmeans,20,0.42378765819240677
USCHAD_alt64_b25_w192_s32_state1,25,192,32,1,0.5008445945945946,0.01619980053612404,minibatch_kmeans,20,0.42378765819240677
USCHAD_alt64_b25_w192_s32_state2,25,192,32,2,0.45,0.01619980053612404,minibatch_kmeans,20,0.42378765819240677
USCHAD_alt64_b25_w192_s32_state3,25,192,32,3,0.7697368421052632,0.01619980053612404,minibatch_kmeans,20,0.42378765819240677
USCHAD_alt64_b25_w192_s32_state4,25,192,32,4,0.876875,0.01619980053612404,minibatch_kmeans,20,0.42378765819240677
USCHAD_alt64_b25_w192_s32_state5,25,192,32,5,0.8805555555555555,0.01619980053612404,minibatch_kmeans,20,0.42378765819240677
USCHAD_alt64_b25_w192_s32_state6,25,192,32,6,0.9217877094972067,0.01619980053612404,minibatch_kmeans,20,0.42378765819240677
USCHAD_alt64_b25_w192_s32_state7,25,192,32,7,0.5059523809523809,0.01619980053612404,minibatch_kmeans,20,0.42378765819240677
USCHAD_alt64_b25_w192_s32_state8,25,192,32,8,0.6477272727272727,0.01619980053612404,minibatch_kmeans,20,0.42378765819240677
USCHAD_alt64_b25_w192_s32_state9,25,192,32,9,0.5357142857142857,0.01619980053612404,minibatch_kmeans,20,0.42378765819240677
USCHAD_alt64_b25_w192_s32_state10,25,192,32,10,0.7110969387755102,0.01619980053612404,minibatch_kmeans,20,0.42378765819240677
USCHAD_alt64_b25_w192_s32_state11,25,192,32,11,1.0,0.01619980053612404,minibatch_kmeans,20,0.42378765819240677
USCHAD_alt64_b25_w192_s32_state12,25,192,32,12,0.5584677419354839,0.01619980053612404,minibatch_kmeans,20,0.42378765819240677
USCHAD_alt64_b25_w192_s32_state13,25,192,32,13,0.9967105263157895,0.01619980053612404,minibatch_kmeans,20,0.42378765819240677
USCHAD_alt64_b25_w192_s32_state14,25,192,32,14,0.8422131147540983,0.01619980053612404,minibatch_kmeans,20,0.42378765819240677
USCHAD_alt64_b25_w192_s32_state15,25,192,32,15,0.9902083333333334,0.01619980053612404,minibatch_kmeans,20,0.42378765819240677
USCHAD_alt64_b25_w192_s32_state16,25,192,32,16,0.9969088098918083,0.01619980053612404,minibatch_kmeans,20,0.42378765819240677
USCHAD_alt64_b26_w192_s48_state0,26,192,48,0,0.9396811070998796,0.015364235093476144,minibatch_kmeans,20,0.42378765819240677
USCHAD_alt64_b26_w192_s48_state1,26,192,48,1,0.4583333333333333,0.015364235093476144,minibatch_kmeans,20,0.42378765819240677
USCHAD_alt64_b26_w192_s48_state2,26,192,48,2,0.5714285714285714,0.015364235093476144,minibatch_kmeans,20,0.42378765819240677
USCHAD_alt64_b26_w192_s48_state3,26,192,48,3,0.22527777777777777,0.015364235093476144,minibatch_kmeans,20,0.42378765819240677
USCHAD_alt64_b26_w192_s48_state4,26,192,48,4,0.9634433962264151,0.015364235093476144,minibatch_kmeans,20,0.42378765819240677
USCHAD_alt64_b26_w192_s48_state5,26,192,48,5,0.7129289215686274,0.015364235093476144,minibatch_kmeans,20,0.42378765819240677
USCHAD_alt64_b26_w192_s48_state6,26,192,48,6,0.7291666666666666,0.015364235093476144,minibatch_kmeans,20,0.42378765819240677
USCHAD_alt64_b26_w192_s48_state7,26,192,48,7,0.9599358974358975,0.015364235093476144,minibatch_kmeans,20,0.42378765819240677
USCHAD_alt64_b26_w192_s48_state8,26,192,48,8,0.7797619047619048,0.015364235093476144,minibatch_kmeans,20,0.42378765819240677
USCHAD_alt64_b26_w192_s48_state9,26,192,48,9,0.5198412698412699,0.015364235093476144,minibatch_kmeans,20,0.42378765819240677
USCHAD_alt64_b26_w192_s48_state10,26,192,48,10,1.0,0.015364235093476144,minibatch_kmeans,20,0.42378765819240677
USCHAD_alt64_b26_w192_s48_state11,26,192,48,11,0.5965909090909091,0.015364235093476144,minibatch_kmeans,20,0.42378765819240677
USCHAD_alt64_b26_w192_s48_state12,26,192,48,12,0.7,0.015364235093476144,minibatch_kmeans,20,0.42378765819240677
USCHAD_alt64_b26_w192_s48_state13,26,192,48,13,1.0,0.015364235093476144,minibatch_kmeans,20,0.42378765819240677
USCHAD_alt64_b26_w192_s48_state14,26,192,48,14,0.6730769230769231,0.015364235093476144,minibatch_kmeans,20,0.42378765819240677
USCHAD_alt64_b26_w192_s48_state15,26,192,48,15,0.6493506493506493,0.015364235093476144,minibatch_kmeans,20,0.42378765819240677
USCHAD_alt64_b26_w192_s48_state16,26,192,48,16,0.9902083333333334,0.015364235093476144,minibatch_kmeans,20,0.42378765819240677
USCHAD_alt64_b26_w192_s48_state17,26,192,48,17,1.0,0.015364235093476144,minibatch_kmeans,20,0.42378765819240677
USCHAD_alt64_b27_w192_s72_state0,27,192,72,0,0.9668174962292609,0.015545458162613886,minibatch_kmeans,20,0.42378765819240677
USCHAD_alt64_b27_w192_s72_state1,27,192,72,1,0.8722222222222222,0.015545458162613886,minibatch_kmeans,20,0.42378765819240677
USCHAD_alt64_b27_w192_s72_state2,27,192,72,2,0.49122807017543857,0.015545458162613886,minibatch_kmeans,20,0.42378765819240677
USCHAD_alt64_b27_w192_s72_state3,27,192,72,3,0.90625,0.015545458162613886,minibatch_kmeans,20,0.42378765819240677
USCHAD_alt64_b27_w192_s72_state4,27,192,72,4,0.41032608695652173,0.015545458162613886,minibatch_kmeans,20,0.42378765819240677
USCHAD_alt64_b27_w192_s72_state5,27,192,72,5,0.6415094339622641,0.015545458162613886,minibatch_kmeans,20,0.42378765819240677
USCHAD_alt64_b27_w192_s72_state6,27,192,72,6,0.6346749226006192,0.015545458162613886,minibatch_kmeans,20,0.42378765819240677
USCHAD_alt64_b27_w192_s72_state7,27,192,72,7,0.47282608695652173,0.015545458162613886,minibatch_kmeans,20,0.42378765819240677
USCHAD_alt64_b27_w192_s72_state8,27,192,72,8,0.5780780780780781,0.015545458162613886,minibatch_kmeans,20,0.42378765819240677
USCHAD_alt64_b27_w192_s72_state9,27,192,72,9,1.0,0.015545458162613886,minibatch_kmeans,20,0.42378765819240677
USCHAD_alt64_b27_w192_s72_state10,27,192,72,10,0.8666666666666667,0.015545458162613886,minibatch_kmeans,20,0.42378765819240677
USCHAD_alt64_b27_w192_s72_state11,27,192,72,11,0.7083333333333334,0.015545458162613886,minibatch_kmeans,20,0.42378765819240677
USCHAD_alt64_b27_w192_s72_state12,27,192,72,12,1.0,0.015545458162613886,minibatch_kmeans,20,0.42378765819240677
USCHAD_alt64_b27_w192_s72_state13,27,192,72,13,0.5710382513661202,0.015545458162613886,minibatch_kmeans,20,0.42378765819240677
USCHAD_alt64_b27_w192_s72_state14,27,192,72,14,0.9791666666666666,0.015545458162613886,minibatch_kmeans,20,0.42378765819240677
USCHAD_alt64_b27_w192_s72_state15,27,192,72,15,0.9885416666666667,0.015545458162613886,minibatch_kmeans,20,0.42378765819240677
USCHAD_alt64_b27_w192_s72_state16,27,192,72,16,0.9944237918215614,0.015545458162613886,minibatch_kmeans,20,0.42378765819240677
USCHAD_alt64_b28_w192_s96_state0,28,192,96,0,0.9520985401459854,0.016202450549172603,minibatch_kmeans,20,0.42378765819240677
USCHAD_alt64_b28_w192_s96_state1,28,192,96,1,0.5499131944444444,0.016202450549172603,minibatch_kmeans,20,0.42378765819240677
USCHAD_alt64_b28_w192_s96_state2,28,192,96,2,1.0,0.016202450549172603,minibatch_kmeans,20,0.42378765819240677
USCHAD_alt64_b28_w192_s96_state3,28,192,96,3,0.448340108401084,0.016202450549172603,minibatch_kmeans,20,0.42378765819240677
USCHAD_alt64_b28_w192_s96_state4,28,192,96,4,0.9423076923076923,0.016202450549172603,minibatch_kmeans,20,0.42378765819240677
USCHAD_alt64_b28_w192_s96_state5,28,192,96,5,0.8072916666666666,0.016202450549172603,minibatch_kmeans,20,0.42378765819240677
USCHAD_alt64_b28_w192_s96_state6,28,192,96,6,0.6,0.016202450549172603,minibatch_kmeans,20,0.42378765819240677
USCHAD_alt64_b28_w192_s96_state7,28,192,96,7,0.8739583333333333,0.016202450549172603,minibatch_kmeans,20,0.42378765819240677
USCHAD_alt64_b28_w192_s96_state8,28,192,96,8,1.0,0.016202450549172603,minibatch_kmeans,20,0.42378765819240677
USCHAD_alt64_b28_w192_s96_state9,28,192,96,9,0.6666666666666666,0.016202450549172603,minibatch_kmeans,20,0.42378765819240677
USCHAD_alt64_b28_w192_s96_state10,28,192,96,10,0.525,0.016202450549172603,minibatch_kmeans,20,0.42378765819240677
USCHAD_alt64_b28_w192_s96_state11,28,192,96,11,0.8541666666666666,0.016202450549172603,minibatch_kmeans,20,0.42378765819240677
USCHAD_alt64_b28_w192_s96_state12,28,192,96,12,0.7053571428571429,0.016202450549172603,minibatch_kmeans,20,0.42378765819240677
USCHAD_alt64_b28_w192_s96_state13,28,192,96,13,1.0,0.016202450549172603,minibatch_kmeans,20,0.42378765819240677
USCHAD_alt64_b28_w192_s96_state14,28,192,96,14,0.9935897435897436,0.016202450549172603,minibatch_kmeans,20,0.42378765819240677
USCHAD_alt64_b28_w192_s96_state15,28,192,96,15,1.0,0.016202450549172603,minibatch_kmeans,20,0.42378765819240677
USCHAD_alt64_b29_w208_s35_state0,29,208,35,0,0.9885859226379201,0.017159769127650455,minibatch_kmeans,20,0.42378765819240677
USCHAD_alt64_b29_w208_s35_state1,29,208,35,1,0.7673231218088986,0.017159769127650455,minibatch_kmeans,20,0.42378765819240677
USCHAD_alt64_b29_w208_s35_state2,29,208,35,2,0.6178571428571429,0.017159769127650455,minibatch_kmeans,20,0.42378765819240677
USCHAD_alt64_b29_w208_s35_state3,29,208,35,3,0.7549866031557011,0.017159769127650455,minibatch_kmeans,20,0.42378765819240677
USCHAD_alt64_b29_w208_s35_state4,29,208,35,4,0.9840104849279161,0.017159769127650455,minibatch_kmeans,20,0.42378765819240677
USCHAD_alt64_b29_w208_s35_state5,29,208,35,5,0.9024959597773389,0.017159769127650455,minibatch_kmeans,20,0.42378765819240677
USCHAD_alt64_b29_w208_s35_state6,29,208,35,6,0.45803571428571427,0.017159769127650455,minibatch_kmeans,20,0.42378765819240677
USCHAD_alt64_b29_w208_s35_state7,29,208,35,7,0.8151260504201681,0.017159769127650455,minibatch_kmeans,20,0.42378765819240677
USCHAD_alt64_b29_w208_s35_state8,29,208,35,8,1.0,0.017159769127650455,minibatch_kmeans,20,0.42378765819240677
USCHAD_alt64_b29_w208_s35_state9,29,208,35,9,0.5589285714285714,0.017159769127650455,minibatch_kmeans,20,0.42378765819240677
USCHAD_alt64_b29_w208_s35_state10,29,208,35,10,1.0,0.017159769127650455,minibatch_kmeans,20,0.42378765819240677
USCHAD_alt64_b29_w208_s35_state11,29,208,35,11,0.7812807881773399,0.017159769127650455,minibatch_kmeans,20,0.42378765819240677
USCHAD_alt64_b29_w208_s35_state12,29,208,35,12,1.0,0.017159769127650455,minibatch_kmeans,20,0.42378765819240677
USCHAD_alt64_b29_w208_s35_state13,29,208,35,13,0.9972413793103448,0.017159769127650455,minibatch_kmeans,20,0.42378765819240677
USCHAD_alt64_b29_w208_s35_state14,29,208,35,14,0.998110037799244,0.017159769127650455,minibatch_kmeans,20,0.42378765819240677
USCHAD_alt64_b29_w208_s35_state15,29,208,35,15,0.9975155279503105,0.017159769127650455,minibatch_kmeans,20,0.42378765819240677
USCHAD_alt64_b30_w208_s52_state0,30,208,52,0,0.9433198380566802,0.015762092827826472,minibatch_kmeans,20,0.42378765819240677
USCHAD_alt64_b30_w208_s52_state1,30,208,52,1,0.9534739454094293,0.015762092827826472,minibatch_kmeans,20,0.42378765819240677
USCHAD_alt64_b30_w208_s52_state2,30,208,52,2,0.3896321070234114,0.015762092827826472,minibatch_kmeans,20,0.42378765819240677
USCHAD_alt64_b30_w208_s52_state3,30,208,52,3,0.40705128205128205,0.015762092827826472,minibatch_kmeans,20,0.42378765819240677
USCHAD_alt64_b30_w208_s52_state4,30,208,52,4,0.5384615384615384,0.015762092827826472,minibatch_kmeans,20,0.42378765819240677
USCHAD_alt64_b30_w208_s52_state5,30,208,52,5,0.8099358974358974,0.015762092827826472,minibatch_kmeans,20,0.42378765819240677
USCHAD_alt64_b30_w208_s52_state6,30,208,52,6,0.4167832167832168,0.015762092827826472,minibatch_kmeans,20,0.42378765819240677
USCHAD_alt64_b30_w208_s52_state7,30,208,52,7,0.7583746898263027,0.015762092827826472,minibatch_kmeans,20,0.42378765819240677
USCHAD_alt64_b30_w208_s52_state8,30,208,52,8,0.6260683760683761,0.015762092827826472,minibatch_kmeans,20,0.42378765819240677
USCHAD_alt64_b30_w208_s52_state9,30,208,52,9,1.0,0.015762092827826472,minibatch_kmeans,20,0.42378765819240677
USCHAD_alt64_b30_w208_s52_state10,30,208,52,10,1.0,0.015762092827826472,minibatch_kmeans,20,0.42378765819240677
USCHAD_alt64_b30_w208_s52_state11,30,208,52,11,0.9,0.015762092827826472,minibatch_kmeans,20,0.42378765819240677
USCHAD_alt64_b30_w208_s52_state12,30,208,52,12,0.9807692307692307,0.015762092827826472,minibatch_kmeans,20,0.42378765819240677
USCHAD_alt64_b30_w208_s52_state13,30,208,52,13,1.0,0.015762092827826472,minibatch_kmeans,20,0.42378765819240677
USCHAD_alt64_b30_w208_s52_state14,30,208,52,14,1.0,0.015762092827826472,minibatch_kmeans,20,0.42378765819240677
USCHAD_alt64_b30_w208_s52_state15,30,208,52,15,1.0,0.015762092827826472,minibatch_kmeans,20,0.42378765819240677
USCHAD_alt64_b30_w208_s52_state16,30,208,52,16,0.6535880227155395,0.015762092827826472,minibatch_kmeans,20,0.42378765819240677
USCHAD_alt64_b30_w208_s52_state17,30,208,52,17,1.0,0.015762092827826472,minibatch_kmeans,20,0.42378765819240677
USCHAD_alt64_b30_w208_s52_state18,30,208,52,18,0.9981429897864438,0.015762092827826472,minibatch_kmeans,20,0.42378765819240677
USCHAD_alt64_b31_w208_s78_state0,31,208,78,0,0.9387379087977891,0.015289762433464185,minibatch_kmeans,20,0.42378765819240677
USCHAD_alt64_b31_w208_s78_state1,31,208,78,1,0.715034965034965,0.015289762433464185,minibatch_kmeans,20,0.42378765819240677
USCHAD_alt64_b31_w208_s78_state2,31,208,78,2,0.7417582417582418,0.015289762433464185,minibatch_kmeans,20,0.42378765819240677
USCHAD_alt64_b31_w208_s78_state3,31,208,78,3,0.4118895966029724,0.015289762433464185,minibatch_kmeans,20,0.42378765819240677
USCHAD_alt64_b31_w208_s78_state4,31,208,78,4,0.3596153846153846,0.015289762433464185,minibatch_kmeans,20,0.42378765819240677
USCHAD_alt64_b31_w208_s78_state5,31,208,78,5,0.5863039399624765,0.015289762433464185,minibatch_kmeans,20,0.42378765819240677
USCHAD_alt64_b31_w208_s78_state6,31,208,78,6,0.5465587044534413,0.015289762433464185,minibatch_kmeans,20,0.42378765819240677
USCHAD_alt64_b31_w208_s78_state7,31,208,78,7,1.0,0.015289762433464185,minibatch_kmeans,20,0.42378765819240677
USCHAD_alt64_b31_w208_s78_state8,31,208,78,8,0.7625994694960212,0.015289762433464185,minibatch_kmeans,20,0.42378765819240677
USCHAD_alt64_b31_w208_s78_state9,31,208,78,9,1.0,0.015289762433464185,minibatch_kmeans,20,0.42378765819240677
USCHAD_alt64_b31_w208_s78_state10,31,208,78,10,0.7246153846153847,0.015289762433464185,minibatch_kmeans,20,0.42378765819240677
USCHAD_alt64_b31_w208_s78_state11,31,208,78,11,0.5848925848925849,0.015289762433464185,minibatch_kmeans,20,0.42378765819240677
USCHAD_alt64_b31_w208_s78_state12,31,208,78,12,1.0,0.015289762433464185,minibatch_kmeans,20,0.42378765819240677
USCHAD_alt64_b31_w208_s78_state13,31,208,78,13,1.0,0.015289762433464185,minibatch_kmeans,20,0.42378765819240677
USCHAD_alt64_b31_w208_s78_state14,31,208,78,14,0.9981429897864438,0.015289762433464185,minibatch_kmeans,20,0.42378765819240677
USCHAD_alt64_b32_w208_s104_state0,32,208,104,0,0.6969731451979972,0.013869530371626127,minibatch_kmeans,20,0.42378765819240677
USCHAD_alt64_b32_w208_s104_state1,32,208,104,1,0.5222902097902098,0.013869530371626127,minibatch_kmeans,20,0.42378765819240677
USCHAD_alt64_b32_w208_s104_state2,32,208,104,2,0.29625779625779625,0.013869530371626127,minibatch_kmeans,20,0.42378765819240677
USCHAD_alt64_b32_w208_s104_state3,32,208,104,3,0.7333333333333333,0.013869530371626127,minibatch_kmeans,20,0.42378765819240677
USCHAD_alt64_b32_w208_s104_state4,32,208,104,4,0.5673076923076923,0.013869530371626127,minibatch_kmeans,20,0.42378765819240677
USCHAD_alt64_b32_w208_s104_state5,32,208,104,5,0.41103603603603606,0.013869530371626127,minibatch_kmeans,20,0.42378765819240677
USCHAD_alt64_b32_w208_s104_state6,32,208,104,6,0.6923076923076923,0.013869530371626127,minibatch_kmeans,20,0.42378765819240677
USCHAD_alt64_b32_w208_s104_state7,32,208,104,7,1.0,0.013869530371626127,minibatch_kmeans,20,0.42378765819240677
USCHAD_alt64_b32_w208_s104_state8,32,208,104,8,1.0,0.013869530371626127,minibatch_kmeans,20,0.42378765819240677
USCHAD_alt64_b32_w208_s104_state9,32,208,104,9,0.9855769230769231,0.013869530371626127,minibatch_kmeans,20,0.42378765819240677
USCHAD_alt64_b32_w208_s104_state10,32,208,104,10,1.0,0.013869530371626127,minibatch_kmeans,20,0.42378765819240677
USCHAD_alt64_b32_w208_s104_state11,32,208,104,11,1.0,0.013869530371626127,minibatch_kmeans,20,0.42378765819240677
USCHAD_alt64_b32_w208_s104_state12,32,208,104,12,0.6070234113712375,0.013869530371626127,minibatch_kmeans,20,0.42378765819240677
USCHAD_alt64_b32_w208_s104_state13,32,208,104,13,1.0,0.013869530371626127,minibatch_kmeans,20,0.42378765819240677
USCHAD_alt64_b32_w208_s104_state14,32,208,104,14,0.5249877909816051,0.013869530371626127,minibatch_kmeans,20,0.42378765819240677
USCHAD_alt64_b33_w224_s37_state0,33,224,37,0,0.9956889118813589,0.01715169332670296,minibatch_kmeans,20,0.42378765819240677
USCHAD_alt64_b33_w224_s37_state1,33,224,37,1,0.8571657325860689,0.01715169332670296,minibatch_kmeans,20,0.42378765819240677
USCHAD_alt64_b33_w224_s37_state2,33,224,37,2,0.6514399205561072,0.01715169332670296,minibatch_kmeans,20,0.42378765819240677
USCHAD_alt64_b33_w224_s37_state3,33,224,37,3,0.40540540540540543,0.01715169332670296,minibatch_kmeans,20,0.42378765819240677
USCHAD_alt64_b33_w224_s37_state4,33,224,37,4,0.8019375672766416,0.01715169332670296,minibatch_kmeans,20,0.42378765819240677
USCHAD_alt64_b33_w224_s37_state5,33,224,37,5,0.9921011058451816,0.01715169332670296,minibatch_kmeans,20,0.42378765819240677
USCHAD_alt64_b33_w224_s37_state6,33,224,37,6,0.8186282533966279,0.01715169332670296,minibatch_kmeans,20,0.42378765819240677
USCHAD_alt64_b33_w224_s37_state7,33,224,37,7,0.7202453987730061,0.01715169332670296,minibatch_kmeans,20,0.42378765819240677
USCHAD_alt64_b33_w224_s37_state8,33,224,37,8,0.7930298719772404,0.01715169332670296,minibatch_kmeans,20,0.42378765819240677
USCHAD_alt64_b33_w224_s37_state9,33,224,37,9,1.0,0.01715169332670296,minibatch_kmeans,20,0.42378765819240677
USCHAD_alt64_b33_w224_s37_state10,33,224,37,10,0.8152274837511606,0.01715169332670296,minibatch_kmeans,20,0.42378765819240677
USCHAD_alt64_b33_w224_s37_state11,33,224,37,11,0.9613297150610584,0.01715169332670296,minibatch_kmeans,20,0.42378765819240677
USCHAD_alt64_b33_w224_s37_state12,33,224,37,12,0.9974364030763163,0.01715169332670296,minibatch_kmeans,20,0.42378765819240677
USCHAD_alt64_b33_w224_s37_state13,33,224,37,13,0.9484718363223036,0.01715169332670296,minibatch_kmeans,20,0.42378765819240677
USCHAD_alt64_b33_w224_s37_state14,33,224,37,14,0.9958097632516237,0.01715169332670296,minibatch_kmeans,20,0.42378765819240677
USCHAD_alt64_b33_w224_s37_state15,33,224,37,15,0.9967381174277726,0.01715169332670296,minibatch_kmeans,20,0.42378765819240677
USCHAD_alt64_b34_w224_s56_state0,34,224,56,0,0.8967693463561233,0.015858494334932492,minibatch_kmeans,20,0.42378765819240677
USCHAD_alt64_b34_w224_s56_state1,34,224,56,1,0.47128851540616246,0.015858494334932492,minibatch_kmeans,20,0.42378765819240677
USCHAD_alt64_b34_w224_s56_state2,34,224,56,2,0.42410714285714285,0.015858494334932492,minibatch_kmeans,20,0.42378765819240677
USCHAD_alt64_b34_w224_s56_state3,34,224,56,3,1.0,0.015858494334932492,minibatch_kmeans,20,0.42378765819240677
USCHAD_alt64_b34_w224_s56_state4,34,224,56,4,0.35714285714285715,0.015858494334932492,minibatch_kmeans,20,0.42378765819240677
USCHAD_alt64_b34_w224_s56_state5,34,224,56,5,0.6840659340659341,0.015858494334932492,minibatch_kmeans,20,0.42378765819240677
USCHAD_alt64_b34_w224_s56_state6,34,224,56,6,0.6632653061224489,0.015858494334932492,minibatch_kmeans,20,0.42378765819240677
USCHAD_alt64_b34_w224_s56_state7,34,224,56,7,0.9571428571428572,0.015858494334932492,minibatch_kmeans,20,0.42378765819240677
USCHAD_alt64_b34_w224_s56_state8,34,224,56,8,0.6,0.015858494334932492,minibatch_kmeans,20,0.42378765819240677
USCHAD_alt64_b34_w224_s56_state9,34,224,56,9,0.8319327731092437,0.015858494334932492,minibatch_kmeans,20,0.42378765819240677
USCHAD_alt64_b34_w224_s56_state10,34,224,56,10,0.7535714285714286,0.015858494334932492,minibatch_kmeans,20,0.42378765819240677
USCHAD_alt64_b34_w224_s56_state11,34,224,56,11,1.0,0.015858494334932492,minibatch_kmeans,20,0.42378765819240677
USCHAD_alt64_b34_w224_s56_state12,34,224,56,12,0.6071428571428571,0.015858494334932492,minibatch_kmeans,20,0.42378765819240677
USCHAD_alt64_b34_w224_s56_state13,34,224,56,13,0.9642857142857143,0.015858494334932492,minibatch_kmeans,20,0.42378765819240677
USCHAD_alt64_b34_w224_s56_state14,34,224,56,14,0.7040816326530612,0.015858494334932492,minibatch_kmeans,20,0.42378765819240677
USCHAD_alt64_b34_w224_s56_state15,34,224,56,15,1.0,0.015858494334932492,minibatch_kmeans,20,0.42378765819240677
USCHAD_alt64_b34_w224_s56_state16,34,224,56,16,1.0,0.015858494334932492,minibatch_kmeans,20,0.42378765819240677
USCHAD_alt64_b34_w224_s56_state17,34,224,56,17,0.9985294117647059,0.015858494334932492,minibatch_kmeans,20,0.42378765819240677
USCHAD_alt64_b34_w224_s56_state18,34,224,56,18,1.0,0.015858494334932492,minibatch_kmeans,20,0.42378765819240677
USCHAD_alt64_b35_w224_s84_state0,35,224,84,0,0.981829573934837,0.01627677357341817,minibatch_kmeans,20,0.42378765819240677
USCHAD_alt64_b35_w224_s84_state1,35,224,84,1,0.9571428571428572,0.01627677357341817,minibatch_kmeans,20,0.42378765819240677
USCHAD_alt64_b35_w224_s84_state2,35,224,84,2,0.4023109243697479,0.01627677357341817,minibatch_kmeans,20,0.42378765819240677
USCHAD_alt64_b35_w224_s84_state3,35,224,84,3,0.6071428571428571,0.01627677357341817,minibatch_kmeans,20,0.42378765819240677
USCHAD_alt64_b35_w224_s84_state4,35,224,84,4,0.8783068783068783,0.01627677357341817,minibatch_kmeans,20,0.42378765819240677
USCHAD_alt64_b35_w224_s84_state5,35,224,84,5,0.4539057002111189,0.01627677357341817,minibatch_kmeans,20,0.42378765819240677
USCHAD_alt64_b35_w224_s84_state6,35,224,84,6,0.9090909090909091,0.01627677357341817,minibatch_kmeans,20,0.42378765819240677
USCHAD_alt64_b35_w224_s84_state7,35,224,84,7,0.53125,0.01627677357341817,minibatch_kmeans,20,0.42378765819240677
USCHAD_alt64_b35_w224_s84_state8,35,224,84,8,1.0,0.01627677357341817,minibatch_kmeans,20,0.42378765819240677
USCHAD_alt64_b35_w224_s84_state9,35,224,84,9,1.0,0.01627677357341817,minibatch_kmeans,20,0.42378765819240677
USCHAD_alt64_b35_w224_s84_state10,35,224,84,10,0.5787923416789397,0.01627677357341817,minibatch_kmeans,20,0.42378765819240677
USCHAD_alt64_b35_w224_s84_state11,35,224,84,11,0.7331932773109243,0.01627677357341817,minibatch_kmeans,20,0.42378765819240677
USCHAD_alt64_b35_w224_s84_state12,35,224,84,12,1.0,0.01627677357341817,minibatch_kmeans,20,0.42378765819240677
USCHAD_alt64_b35_w224_s84_state13,35,224,84,13,1.0,0.01627677357341817,minibatch_kmeans,20,0.42378765819240677
USCHAD_alt64_b35_w224_s84_state14,35,224,84,14,0.7285714285714285,0.01627677357341817,minibatch_kmeans,20,0.42378765819240677
USCHAD_alt64_b35_w224_s84_state15,35,224,84,15,1.0,0.01627677357341817,minibatch_kmeans,20,0.42378765819240677
USCHAD_alt64_b35_w224_s84_state16,35,224,84,16,0.9350536387358654,0.01627677357341817,minibatch_kmeans,20,0.42378765819240677
USCHAD_alt64_b35_w224_s84_state17,35,224,84,17,0.9941176470588236,0.01627677357341817,minibatch_kmeans,20,0.42378765819240677
USCHAD_alt64_b36_w224_s112_state0,36,224,112,0,0.8743564769723111,0.015536801289157317,minibatch_kmeans,20,0.42378765819240677
USCHAD_alt64_b36_w224_s112_state1,36,224,112,1,0.6383928571428571,0.015536801289157317,minibatch_kmeans,20,0.42378765819240677
USCHAD_alt64_b36_w224_s112_state2,36,224,112,2,0.4426256613756614,0.015536801289157317,minibatch_kmeans,20,0.42378765819240677
USCHAD_alt64_b36_w224_s112_state3,36,224,112,3,0.40714285714285714,0.015536801289157317,minibatch_kmeans,20,0.42378765819240677
USCHAD_alt64_b36_w224_s112_state4,36,224,112,4,1.0,0.015536801289157317,minibatch_kmeans,20,0.42378765819240677
USCHAD_alt64_b36_w224_s112_state5,36,224,112,5,0.9285714285714286,0.015536801289157317,minibatch_kmeans,20,0.42378765819240677
USCHAD_alt64_b36_w224_s112_state6,36,224,112,6,0.8410714285714286,0.015536801289157317,minibatch_kmeans,20,0.42378765819240677
USCHAD_alt64_b36_w224_s112_state7,36,224,112,7,1.0,0.015536801289157317,minibatch_kmeans,20,0.42378765819240677
USCHAD_alt64_b36_w224_s112_state8,36,224,112,8,0.6138392857142857,0.015536801289157317,minibatch_kmeans,20,0.42378765819240677
USCHAD_alt64_b36_w224_s112_state9,36,224,112,9,0.6026785714285714,0.015536801289157317,minibatch_kmeans,20,0.42378765819240677
USCHAD_alt64_b36_w224_s112_state10,36,224,112,10,1.0,0.015536801289157317,minibatch_kmeans,20,0.42378765819240677
USCHAD_alt64_b36_w224_s112_state11,36,224,112,11,0.7335164835164835,0.015536801289157317,minibatch_kmeans,20,0.42378765819240677
USCHAD_alt64_b36_w224_s112_state12,36,224,112,12,0.625,0.015536801289157317,minibatch_kmeans,20,0.42378765819240677
USCHAD_alt64_b36_w224_s112_state13,36,224,112,13,1.0,0.015536801289157317,minibatch_kmeans,20,0.42378765819240677
USCHAD_alt64_b36_w224_s112_state14,36,224,112,14,0.5705128205128205,0.015536801289157317,minibatch_kmeans,20,0.42378765819240677
USCHAD_alt64_b36_w224_s112_state15,36,224,112,15,1.0,0.015536801289157317,minibatch_kmeans,20,0.42378765819240677
USCHAD_alt64_b36_w224_s112_state16,36,224,112,16,1.0,0.015536801289157317,minibatch_kmeans,20,0.42378765819240677
USCHAD_alt64_b37_w240_s40_state0,37,240,40,0,0.9567092651757189,0.016031687758835608,minibatch_kmeans,20,0.42378765819240677
USCHAD_alt64_b37_w240_s40_state1,37,240,40,1,0.4441860465116279,0.016031687758835608,minibatch_kmeans,20,0.42378765819240677
USCHAD_alt64_b37_w240_s40_state2,37,240,40,2,0.6116666666666667,0.016031687758835608,minibatch_kmeans,20,0.42378765819240677
USCHAD_alt64_b37_w240_s40_state3,37,240,40,3,0.782608695652174,0.016031687758835608,minibatch_kmeans,20,0.42378765819240677
USCHAD_alt64_b37_w240_s40_state4,37,240,40,4,0.6848484848484848,0.016031687758835608,minibatch_kmeans,20,0.42378765819240677
USCHAD_alt64_b37_w240_s40_state5,37,240,40,5,0.6083333333333333,0.016031687758835608,minibatch_kmeans,20,0.42378765819240677
USCHAD_alt64_b37_w240_s40_state6,37,240,40,6,0.9075,0.016031687758835608,minibatch_kmeans,20,0.42378765819240677
USCHAD_alt64_b37_w240_s40_state7,37,240,40,7,0.9233082706766917,0.016031687758835608,minibatch_kmeans,20,0.42378765819240677
USCHAD_alt64_b37_w240_s40_state8,37,240,40,8,0.6428571428571429,0.016031687758835608,minibatch_kmeans,20,0.42378765819240677
USCHAD_alt64_b37_w240_s40_state9,37,240,40,9,0.7767857142857143,0.016031687758835608,minibatch_kmeans,20,0.42378765819240677
USCHAD_alt64_b37_w240_s40_state10,37,240,40,10,1.0,0.016031687758835608,minibatch_kmeans,20,0.42378765819240677
USCHAD_alt64_b37_w240_s40_state11,37,240,40,11,1.0,0.016031687758835608,minibatch_kmeans,20,0.42378765819240677
USCHAD_alt64_b37_w240_s40_state12,37,240,40,12,0.605859375,0.016031687758835608,minibatch_kmeans,20,0.42378765819240677
USCHAD_alt64_b37_w240_s40_state13,37,240,40,13,0.6486486486486487,0.016031687758835608,minibatch_kmeans,20,0.42378765819240677
USCHAD_alt64_b37_w240_s40_state14,37,240,40,14,0.9968487394957983,0.016031687758835608,minibatch_kmeans,20,0.42378765819240677
USCHAD_alt64_b37_w240_s40_state15,37,240,40,15,0.9993802293151534,0.016031687758835608,minibatch_kmeans,20,0.42378765819240677
USCHAD_alt64_b38_w240_s60_state0,38,240,60,0,0.9499766245909304,0.015554835576601573,minibatch_kmeans,20,0.42378765819240677
USCHAD_alt64_b38_w240_s60_state1,38,240,60,1,0.6,0.015554835576601573,minibatch_kmeans,20,0.42378765819240677
USCHAD_alt64_b38_w240_s60_state2,38,240,60,2,0.75,0.015554835576601573,minibatch_kmeans,20,0.42378765819240677
USCHAD_alt64_b38_w240_s60_state3,38,240,60,3,0.6666666666666666,0.015554835576601573,minibatch_kmeans,20,0.42378765819240677
USCHAD_alt64_b38_w240_s60_state4,38,240,60,4,0.5170682730923695,0.015554835576601573,minibatch_kmeans,20,0.42378765819240677
USCHAD_alt64_b38_w240_s60_state5,38,240,60,5,0.5032051282051282,0.015554835576601573,minibatch_kmeans,20,0.42378765819240677
USCHAD_alt64_b38_w240_s60_state6,38,240,60,6,0.3697916666666667,0.015554835576601573,minibatch_kmeans,20,0.42378765819240677
USCHAD_alt64_b38_w240_s60_state7,38,240,60,7,0.9454545454545454,0.015554835576601573,minibatch_kmeans,20,0.42378765819240677
USCHAD_alt64_b38_w240_s60_state8,38,240,60,8,0.9738095238095238,0.015554835576601573,minibatch_kmeans,20,0.42378765819240677
USCHAD_alt64_b38_w240_s60_state9,38,240,60,9,1.0,0.015554835576601573,minibatch_kmeans,20,0.42378765819240677
USCHAD_alt64_b38_w240_s60_state10,38,240,60,10,0.81,0.015554835576601573,minibatch_kmeans,20,0.42378765819240677
USCHAD_alt64_b38_w240_s60_state11,38,240,60,11,1.0,0.015554835576601573,minibatch_kmeans,20,0.42378765819240677
USCHAD_alt64_b38_w240_s60_state12,38,240,60,12,0.6166666666666667,0.015554835576601573,minibatch_kmeans,20,0.42378765819240677
USCHAD_alt64_b38_w240_s60_state13,38,240,60,13,0.9377777777777778,0.015554835576601573,minibatch_kmeans,20,0.42378765819240677
USCHAD_alt64_b38_w240_s60_state14,38,240,60,14,1.0,0.015554835576601573,minibatch_kmeans,20,0.42378765819240677
USCHAD_alt64_b38_w240_s60_state15,38,240,60,15,0.5494845360824743,0.015554835576601573,minibatch_kmeans,20,0.42378765819240677
USCHAD_alt64_b39_w240_s90_state0,39,240,90,0,0.9240732469852613,0.015842139469221285,minibatch_kmeans,20,0.42378765819240677
USCHAD_alt64_b39_w240_s90_state1,39,240,90,1,0.6693333333333333,0.015842139469221285,minibatch_kmeans,20,0.42378765819240677
USCHAD_alt64_b39_w240_s90_state2,39,240,90,2,0.5833333333333334,0.015842139469221285,minibatch_kmeans,20,0.42378765819240677
USCHAD_alt64_b39_w240_s90_state3,39,240,90,3,0.8693333333333333,0.015842139469221285,minibatch_kmeans,20,0.42378765819240677
USCHAD_alt64_b39_w240_s90_state4,39,240,90,4,0.8316831683168316,0.015842139469221285,minibatch_kmeans,20,0.42378765819240677
USCHAD_alt64_b39_w240_s90_state5,39,240,90,5,0.44043715846994536,0.015842139469221285,minibatch_kmeans,20,0.42378765819240677
USCHAD_alt64_b39_w240_s90_state6,39,240,90,6,0.9614583333333333,0.015842139469221285,minibatch_kmeans,20,0.42378765819240677
USCHAD_alt64_b39_w240_s90_state7,39,240,90,7,0.5815789473684211,0.015842139469221285,minibatch_kmeans,20,0.42378765819240677
USCHAD_alt64_b39_w240_s90_state8,39,240,90,8,1.0,0.015842139469221285,minibatch_kmeans,20,0.42378765819240677
USCHAD_alt64_b39_w240_s90_state9,39,240,90,9,1.0,0.015842139469221285,minibatch_kmeans,20,0.42378765819240677
USCHAD_alt64_b39_w240_s90_state10,39,240,90,10,0.4,0.015842139469221285,minibatch_kmeans,20,0.42378765819240677
USCHAD_alt64_b39_w240_s90_state11,39,240,90,11,0.6116666666666667,0.015842139469221285,minibatch_kmeans,20,0.42378765819240677
USCHAD_alt64_b39_w240_s90_state12,39,240,90,12,0.5706484641638225,0.015842139469221285,minibatch_kmeans,20,0.42378765819240677
USCHAD_alt64_b39_w240_s90_state13,39,240,90,13,0.9953878406708595,0.015842139469221285,minibatch_kmeans,20,0.42378765819240677
USCHAD_alt64_b39_w240_s90_state14,39,240,90,14,1.0,0.015842139469221285,minibatch_kmeans,20,0.42378765819240677
USCHAD_alt64_b40_w240_s120_state0,40,240,120,0,0.9597356692792377,0.01618922474612179,minibatch_kmeans,20,0.42378765819240677
USCHAD_alt64_b40_w240_s120_state1,40,240,120,1,0.7143939393939394,0.01618922474612179,minibatch_kmeans,20,0.42378765819240677
USCHAD_alt64_b40_w240_s120_state2,40,240,120,2,0.7454545454545455,0.01618922474612179,minibatch_kmeans,20,0.42378765819240677
USCHAD_alt64_b40_w240_s120_state3,40,240,120,3,0.6361111111111111,0.01618922474612179,minibatch_kmeans,20,0.42378765819240677
USCHAD_alt64_b40_w240_s120_state4,40,240,120,4,0.9690909090909091,0.01618922474612179,minibatch_kmeans,20,0.42378765819240677
USCHAD_alt64_b40_w240_s120_state5,40,240,120,5,0.8185897435897436,0.01618922474612179,minibatch_kmeans,20,0.42378765819240677
USCHAD_alt64_b40_w240_s120_state6,40,240,120,6,0.5666666666666667,0.01618922474612179,minibatch_kmeans,20,0.42378765819240677
USCHAD_alt64_b40_w240_s120_state7,40,240,120,7,1.0,0.01618922474612179,minibatch_kmeans,20,0.42378765819240677
USCHAD_alt64_b40_w240_s120_state8,40,240,120,8,0.9916666666666667,0.01618922474612179,minibatch_kmeans,20,0.42378765819240677
USCHAD_alt64_b40_w240_s120_state9,40,240,120,9,0.75,0.01618922474612179,minibatch_kmeans,20,0.42378765819240677
USCHAD_alt64_b40_w240_s120_state10,40,240,120,10,1.0,0.01618922474612179,minibatch_kmeans,20,0.42378765819240677
USCHAD_alt64_b40_w240_s120_state11,40,240,120,11,1.0,0.01618922474612179,minibatch_kmeans,20,0.42378765819240677
USCHAD_alt64_b40_w240_s120_state12,40,240,120,12,0.6545454545454545,0.01618922474612179,minibatch_kmeans,20,0.42378765819240677
USCHAD_alt64_b40_w240_s120_state13,40,240,120,13,0.5033333333333333,0.01618922474612179,minibatch_kmeans,20,0.42378765819240677
USCHAD_alt64_b40_w240_s120_state14,40,240,120,14,1.0,0.01618922474612179,minibatch_kmeans,20,0.42378765819240677
USCHAD_alt64_b40_w240_s120_state15,40,240,120,15,0.5780821917808219,0.01618922474612179,minibatch_kmeans,20,0.42378765819240677
USCHAD_alt64_b40_w240_s120_state16,40,240,120,16,0.9430555555555555,0.01618922474612179,minibatch_kmeans,20,0.42378765819240677
USCHAD_alt64_b41_w256_s50_state0,41,256,50,0,0.8450363196125908,0.015864659651095136,minibatch_kmeans,20,0.42378765819240677
USCHAD_alt64_b41_w256_s50_state1,41,256,50,1,0.5928646379853095,0.015864659651095136,minibatch_kmeans,20,0.42378765819240677
USCHAD_alt64_b41_w256_s50_state2,41,256,50,2,0.6385658914728682,0.015864659651095136,minibatch_kmeans,20,0.42378765819240677
USCHAD_alt64_b41_w256_s50_state3,41,256,50,3,0.49135446685878964,0.015864659651095136,minibatch_kmeans,20,0.42378765819240677
USCHAD_alt64_b41_w256_s50_state4,41,256,50,4,0.9984633115635805,0.015864659651095136,minibatch_kmeans,20,0.42378765819240677
USCHAD_alt64_b41_w256_s50_state5,41,256,50,5,0.6826923076923077,0.015864659651095136,minibatch_kmeans,20,0.42378765819240677
USCHAD_alt64_b41_w256_s50_state6,41,256,50,6,0.8906128782001551,0.015864659651095136,minibatch_kmeans,20,0.42378765819240677
USCHAD_alt64_b41_w256_s50_state7,41,256,50,7,0.8811642565813868,0.015864659651095136,minibatch_kmeans,20,0.42378765819240677
USCHAD_alt64_b41_w256_s50_state8,41,256,50,8,1.0,0.015864659651095136,minibatch_kmeans,20,0.42378765819240677
USCHAD_alt64_b41_w256_s50_state9,41,256,50,9,1.0,0.015864659651095136,minibatch_kmeans,20,0.42378765819240677
USCHAD_alt64_b41_w256_s50_state10,41,256,50,10,0.8033625730994152,0.015864659651095136,minibatch_kmeans,20,0.42378765819240677
USCHAD_alt64_b41_w256_s50_state11,41,256,50,11,1.0,0.015864659651095136,minibatch_kmeans,20,0.42378765819240677
USCHAD_alt64_b41_w256_s50_state12,41,256,50,12,0.696969696969697,0.015864659651095136,minibatch_kmeans,20,0.42378765819240677
USCHAD_alt64_b41_w256_s50_state13,41,256,50,13,0.7727272727272727,0.015864659651095136,minibatch_kmeans,20,0.42378765819240677
USCHAD_alt64_b41_w256_s50_state14,41,256,50,14,0.6818181818181818,0.015864659651095136,minibatch_kmeans,20,0.42378765819240677
USCHAD_alt64_b41_w256_s50_state15,41,256,50,15,0.5997157745144481,0.015864659651095136,minibatch_kmeans,20,0.42378765819240677
USCHAD_alt64_b41_w256_s50_state16,41,256,50,16,0.9972170686456401,0.015864659651095136,minibatch_kmeans,20,0.42378765819240677
USCHAD_alt64_b42_w256_s64_state0,42,256,64,0,0.9072818396226415,0.0168003693958979,minibatch_kmeans,20,0.42378765819240677
USCHAD_alt64_b42_w256_s64_state1,42,256,64,1,0.4554398148148148,0.0168003693958979,minibatch_kmeans,20,0.42378765819240677
USCHAD_alt64_b42_w256_s64_state2,42,256,64,2,0.877734375,0.0168003693958979,minibatch_kmeans,20,0.42378765819240677
USCHAD_alt64_b42_w256_s64_state3,42,256,64,3,0.7925,0.0168003693958979,minibatch_kmeans,20,0.42378765819240677
USCHAD_alt64_b42_w256_s64_state4,42,256,64,4,0.746875,0.0168003693958979,minibatch_kmeans,20,0.42378765819240677
USCHAD_alt64_b42_w256_s64_state5,42,256,64,5,0.9545454545454546,0.0168003693958979,minibatch_kmeans,20,0.42378765819240677
USCHAD_alt64_b42_w256_s64_state6,42,256,64,6,0.583984375,0.0168003693958979,minibatch_kmeans,20,0.42378765819240677
USCHAD_alt64_b42_w256_s64_state7,42,256,64,7,1.0,0.0168003693958979,minibatch_kmeans,20,0.42378765819240677
USCHAD_alt64_b42_w256_s64_state8,42,256,64,8,1.0,0.0168003693958979,minibatch_kmeans,20,0.42378765819240677
USCHAD_alt64_b42_w256_s64_state9,42,256,64,9,0.73046875,0.0168003693958979,minibatch_kmeans,20,0.42378765819240677
USCHAD_alt64_b42_w256_s64_state10,42,256,64,10,1.0,0.0168003693958979,minibatch_kmeans,20,0.42378765819240677
USCHAD_alt64_b42_w256_s64_state11,42,256,64,11,1.0,0.0168003693958979,minibatch_kmeans,20,0.42378765819240677
USCHAD_alt64_b42_w256_s64_state12,42,256,64,12,0.5551470588235294,0.0168003693958979,minibatch_kmeans,20,0.42378765819240677
USCHAD_alt64_b42_w256_s64_state13,42,256,64,13,1.0,0.0168003693958979,minibatch_kmeans,20,0.42378765819240677
USCHAD_alt64_b42_w256_s64_state14,42,256,64,14,0.9857594936708861,0.0168003693958979,minibatch_kmeans,20,0.42378765819240677
USCHAD_alt64_b42_w256_s64_state15,42,256,64,15,0.8508064516129032,0.0168003693958979,minibatch_kmeans,20,0.42378765819240677
USCHAD_alt64_b42_w256_s64_state16,42,256,64,16,1.0,0.0168003693958979,minibatch_kmeans,20,0.42378765819240677
USCHAD_alt64_b42_w256_s64_state17,42,256,64,17,1.0,0.0168003693958979,minibatch_kmeans,20,0.42378765819240677
USCHAD_alt64_b43_w256_s96_state0,43,256,96,0,0.9639870285031575,0.016089215435359856,minibatch_kmeans,20,0.42378765819240677
USCHAD_alt64_b43_w256_s96_state1,43,256,96,1,0.47337962962962965,0.016089215435359856,minibatch_kmeans,20,0.42378765819240677
USCHAD_alt64_b43_w256_s96_state2,43,256,96,2,0.48278985507246375,0.016089215435359856,minibatch_kmeans,20,0.42378765819240677
USCHAD_alt64_b43_w256_s96_state3,43,256,96,3,0.7909688995215312,0.016089215435359856,minibatch_kmeans,20,0.42378765819240677
USCHAD_alt64_b43_w256_s96_state4,43,256,96,4,0.8816568047337278,0.016089215435359856,minibatch_kmeans,20,0.42378765819240677
USCHAD_alt64_b43_w256_s96_state5,43,256,96,5,0.7916666666666666,0.016089215435359856,minibatch_kmeans,20,0.42378765819240677
USCHAD_alt64_b43_w256_s96_state6,43,256,96,6,0.875,0.016089215435359856,minibatch_kmeans,20,0.42378765819240677
USCHAD_alt64_b43_w256_s96_state7,43,256,96,7,1.0,0.016089215435359856,minibatch_kmeans,20,0.42378765819240677
USCHAD_alt64_b43_w256_s96_state8,43,256,96,8,0.84375,0.016089215435359856,minibatch_kmeans,20,0.42378765819240677
USCHAD_alt64_b43_w256_s96_state9,43,256,96,9,0.9340277777777778,0.016089215435359856,minibatch_kmeans,20,0.42378765819240677
USCHAD_alt64_b43_w256_s96_state10,43,256,96,10,1.0,0.016089215435359856,minibatch_kmeans,20,0.42378765819240677
USCHAD_alt64_b43_w256_s96_state11,43,256,96,11,0.5873287671232876,0.016089215435359856,minibatch_kmeans,20,0.42378765819240677
USCHAD_alt64_b43_w256_s96_state12,43,256,96,12,0.8125,0.016089215435359856,minibatch_kmeans,20,0.42378765819240677
USCHAD_alt64_b43_w256_s96_state13,43,256,96,13,0.5741758241758241,0.016089215435359856,minibatch_kmeans,20,0.42378765819240677
USCHAD_alt64_b43_w256_s96_state14,43,256,96,14,0.7680921052631579,0.016089215435359856,minibatch_kmeans,20,0.42378765819240677
USCHAD_alt64_b43_w256_s96_state15,43,256,96,15,1.0,0.016089215435359856,minibatch_kmeans,20,0.42378765819240677
USCHAD_alt64_b43_w256_s96_state16,43,256,96,16,1.0,0.016089215435359856,minibatch_kmeans,20,0.42378765819240677
USCHAD_alt64_b44_w256_s128_state0,44,256,128,0,0.6594739667203435,0.013974032789330322,minibatch_kmeans,20,0.42378765819240677
USCHAD_alt64_b44_w256_s128_state1,44,256,128,1,0.3333333333333333,0.013974032789330322,minibatch_kmeans,20,0.42378765819240677
USCHAD_alt64_b44_w256_s128_state2,44,256,128,2,0.6,0.013974032789330322,minibatch_kmeans,20,0.42378765819240677
USCHAD_alt64_b44_w256_s128_state3,44,256,128,3,0.3330965909090909,0.013974032789330322,minibatch_kmeans,20,0.42378765819240677
USCHAD_alt64_b44_w256_s128_state4,44,256,128,4,0.5,0.013974032789330322,minibatch_kmeans,20,0.42378765819240677
USCHAD_alt64_b44_w256_s128_state5,44,256,128,5,0.7115384615384616,0.013974032789330322,minibatch_kmeans,20,0.42378765819240677
USCHAD_alt64_b44_w256_s128_state6,44,256,128,6,0.5990384615384615,0.013974032789330322,minibatch_kmeans,20,0.42378765819240677
USCHAD_alt64_b44_w256_s128_state7,44,256,128,7,0.8333333333333334,0.013974032789330322,minibatch_kmeans,20,0.42378765819240677
USCHAD_alt64_b44_w256_s128_state8,44,256,128,8,0.884765625,0.013974032789330322,minibatch_kmeans,20,0.42378765819240677
USCHAD_alt64_b44_w256_s128_state9,44,256,128,9,1.0,0.013974032789330322,minibatch_kmeans,20,0.42378765819240677
USCHAD_alt64_b44_w256_s128_state10,44,256,128,10,0.4609375,0.013974032789330322,minibatch_kmeans,20,0.42378765819240677
USCHAD_alt64_b44_w256_s128_state11,44,256,128,11,0.68125,0.013974032789330322,minibatch_kmeans,20,0.42378765819240677
USCHAD_alt64_b44_w256_s128_state12,44,256,128,12,0.8333333333333334,0.013974032789330322,minibatch_kmeans,20,0.42378765819240677
USCHAD_alt64_b44_w256_s128_state13,44,256,128,13,1.0,0.013974032789330322,minibatch_kmeans,20,0.42378765819240677
USCHAD_alt64_b44_w256_s128_state14,44,256,128,14,1.0,0.013974032789330322,minibatch_kmeans,20,0.42378765819240677
USCHAD_alt64_b45_w272_s45_state0,45,272,45,0,1.0,0.016414400714957686,minibatch_kmeans,20,0.42378765819240677
USCHAD_alt64_b45_w272_s45_state1,45,272,45,1,0.6023029229406555,0.016414400714957686,minibatch_kmeans,20,0.42378765819240677
USCHAD_alt64_b45_w272_s45_state2,45,272,45,2,0.26282051282051283,0.016414400714957686,minibatch_kmeans,20,0.42378765819240677
USCHAD_alt64_b45_w272_s45_state3,45,272,45,3,0.38786764705882354,0.016414400714957686,minibatch_kmeans,20,0.42378765819240677
USCHAD_alt64_b45_w272_s45_state4,45,272,45,4,0.6348342404750124,0.016414400714957686,minibatch_kmeans,20,0.42378765819240677
USCHAD_alt64_b45_w272_s45_state5,45,272,45,5,0.9839864355689525,0.016414400714957686,minibatch_kmeans,20,0.42378765819240677
USCHAD_alt64_b45_w272_s45_state6,45,272,45,6,0.4894423389279913,0.016414400714957686,minibatch_kmeans,20,0.42378765819240677
USCHAD_alt64_b45_w272_s45_state7,45,272,45,7,0.918854415274463,0.016414400714957686,minibatch_kmeans,20,0.42378765819240677
USCHAD_alt64_b45_w272_s45_state8,45,272,45,8,0.6232686980609419,0.016414400714957686,minibatch_kmeans,20,0.42378765819240677
USCHAD_alt64_b45_w272_s45_state9,45,272,45,9,0.6218152866242038,0.016414400714957686,minibatch_kmeans,20,0.42378765819240677
USCHAD_alt64_b45_w272_s45_state10,45,272,45,10,1.0,0.016414400714957686,minibatch_kmeans,20,0.42378765819240677
USCHAD_alt64_b45_w272_s45_state11,45,272,45,11,0.6130573248407644,0.016414400714957686,minibatch_kmeans,20,0.42378765819240677
USCHAD_alt64_b45_w272_s45_state12,45,272,45,12,0.9698189134808853,0.016414400714957686,minibatch_kmeans,20,0.42378765819240677
USCHAD_alt64_b45_w272_s45_state13,45,272,45,13,1.0,0.016414400714957686,minibatch_kmeans,20,0.42378765819240677
USCHAD_alt64_b45_w272_s45_state14,45,272,45,14,0.7285851780558229,0.016414400714957686,minibatch_kmeans,20,0.42378765819240677
USCHAD_alt64_b45_w272_s45_state15,45,272,45,15,0.9263888888888889,0.016414400714957686,minibatch_kmeans,20,0.42378765819240677
USCHAD_alt64_b45_w272_s45_state16,45,272,45,16,0.9948889325732259,0.016414400714957686,minibatch_kmeans,20,0.42378765819240677
USCHAD_alt64_b45_w272_s45_state17,45,272,45,17,1.0,0.016414400714957686,minibatch_kmeans,20,0.42378765819240677
USCHAD_alt64_b45_w272_s45_state18,45,272,45,18,1.0,0.016414400714957686,minibatch_kmeans,20,0.42378765819240677
USCHAD_alt64_b45_w272_s45_state19,45,272,45,19,1.0,0.016414400714957686,minibatch_kmeans,20,0.42378765819240677
USCHAD_alt64_b46_w272_s68_state0,46,272,68,0,0.7740305671340154,0.015543629309208325,minibatch_kmeans,20,0.42378765819240677
USCHAD_alt64_b46_w272_s68_state1,46,272,68,1,0.8275401069518716,0.015543629309208325,minibatch_kmeans,20,0.42378765819240677
USCHAD_alt64_b46_w272_s68_state2,46,272,68,2,0.40980392156862744,0.015543629309208325,minibatch_kmeans,20,0.42378765819240677
USCHAD_alt64_b46_w272_s68_state3,46,272,68,3,0.5678733031674208,0.015543629309208325,minibatch_kmeans,20,0.42378765819240677
USCHAD_alt64_b46_w272_s68_state4,46,272,68,4,0.5618512110726643,0.015543629309208325,minibatch_kmeans,20,0.42378765819240677
USCHAD_alt64_b46_w272_s68_state5,46,272,68,5,0.8137254901960784,0.015543629309208325,minibatch_kmeans,20,0.42378765819240677
USCHAD_alt64_b46_w272_s68_state6,46,272,68,6,0.721764705882353,0.015543629309208325,minibatch_kmeans,20,0.42378765819240677
USCHAD_alt64_b46_w272_s68_state7,46,272,68,7,1.0,0.015543629309208325,minibatch_kmeans,20,0.42378765819240677
USCHAD_alt64_b46_w272_s68_state8,46,272,68,8,0.9647058823529412,0.015543629309208325,minibatch_kmeans,20,0.42378765819240677
USCHAD_alt64_b46_w272_s68_state9,46,272,68,9,1.0,0.015543629309208325,minibatch_kmeans,20,0.42378765819240677
USCHAD_alt64_b46_w272_s68_state10,46,272,68,10,0.9730392156862745,0.015543629309208325,minibatch_kmeans,20,0.42378765819240677
USCHAD_alt64_b46_w272_s68_state11,46,272,68,11,0.5625,0.015543629309208325,minibatch_kmeans,20,0.42378765819240677
USCHAD_alt64_b46_w272_s68_state12,46,272,68,12,1.0,0.015543629309208325,minibatch_kmeans,20,0.42378765819240677
USCHAD_alt64_b46_w272_s68_state13,46,272,68,13,0.6008986928104575,0.015543629309208325,minibatch_kmeans,20,0.42378765819240677
USCHAD_alt64_b46_w272_s68_state14,46,272,68,14,0.9548751007252216,0.015543629309208325,minibatch_kmeans,20,0.42378765819240677
USCHAD_alt64_b46_w272_s68_state15,46,272,68,15,1.0,0.015543629309208325,minibatch_kmeans,20,0.42378765819240677
USCHAD_alt64_b47_w272_s102_state0,47,272,102,0,0.6991150442477876,0.015977647673866634,minibatch_kmeans,20,0.42378765819240677
USCHAD_alt64_b47_w272_s102_state1,47,272,102,1,0.996875,0.015977647673866634,minibatch_kmeans,20,0.42378765819240677
USCHAD_alt64_b47_w272_s102_state2,47,272,102,2,0.3926728586171311,0.015977647673866634,minibatch_kmeans,20,0.42378765819240677
USCHAD_alt64_b47_w272_s102_state3,47,272,102,3,0.6318458417849898,0.015977647673866634,minibatch_kmeans,20,0.42378765819240677
USCHAD_alt64_b47_w272_s102_state4,47,272,102,4,0.9217485159201295,0.015977647673866634,minibatch_kmeans,20,0.42378765819240677
USCHAD_alt64_b47_w272_s102_state5,47,272,102,5,0.929920116194626,0.015977647673866634,minibatch_kmeans,20,0.42378765819240677
USCHAD_alt64_b47_w272_s102_state6,47,272,102,6,0.4582043343653251,0.015977647673866634,minibatch_kmeans,20,0.42378765819240677
USCHAD_alt64_b47_w272_s102_state7,47,272,102,7,0.8823529411764706,0.015977647673866634,minibatch_kmeans,20,0.42378765819240677
USCHAD_alt64_b47_w272_s102_state8,47,272,102,8,0.8947368421052632,0.015977647673866634,minibatch_kmeans,20,0.42378765819240677
USCHAD_alt64_b47_w272_s102_state9,47,272,102,9,1.0,0.015977647673866634,minibatch_kmeans,20,0.42378765819240677
USCHAD_alt64_b47_w272_s102_state10,47,272,102,10,0.7894736842105263,0.015977647673866634,minibatch_kmeans,20,0.42378765819240677
USCHAD_alt64_b47_w272_s102_state11,47,272,102,11,0.5269607843137255,0.015977647673866634,minibatch_kmeans,20,0.42378765819240677
USCHAD_alt64_b47_w272_s102_state12,47,272,102,12,1.0,0.015977647673866634,minibatch_kmeans,20,0.42378765819240677
USCHAD_alt64_b47_w272_s102_state13,47,272,102,13,0.6470588235294118,0.015977647673866634,minibatch_kmeans,20,0.42378765819240677
USCHAD_alt64_b47_w272_s102_state14,47,272,102,14,0.6016042780748663,0.015977647673866634,minibatch_kmeans,20,0.42378765819240677
USCHAD_alt64_b47_w272_s102_state15,47,272,102,15,0.9340576995129262,0.015977647673866634,minibatch_kmeans,20,0.42378765819240677
USCHAD_alt64_b47_w272_s102_state16,47,272,102,16,0.9136870434448289,0.015977647673866634,minibatch_kmeans,20,0.42378765819240677
USCHAD_alt64_b47_w272_s102_state17,47,272,102,17,1.0,0.015977647673866634,minibatch_kmeans,20,0.42378765819240677
USCHAD_alt64_b48_w272_s136_state0,48,272,136,0,0.8978088401964488,0.014564497802464296,minibatch_kmeans,20,0.42378765819240677
USCHAD_alt64_b48_w272_s136_state1,48,272,136,1,0.8152831225948324,0.014564497802464296,minibatch_kmeans,20,0.42378765819240677
USCHAD_alt64_b48_w272_s136_state2,48,272,136,2,0.3318627450980392,0.014564497802464296,minibatch_kmeans,20,0.42378765819240677
USCHAD_alt64_b48_w272_s136_state3,48,272,136,3,0.4,0.014564497802464296,minibatch_kmeans,20,0.42378765819240677
USCHAD_alt64_b48_w272_s136_state4,48,272,136,4,0.46490196078431373,0.014564497802464296,minibatch_kmeans,20,0.42378765819240677
USCHAD_alt64_b48_w272_s136_state5,48,272,136,5,0.7377450980392157,0.014564497802464296,minibatch_kmeans,20,0.42378765819240677
USCHAD_alt64_b48_w272_s136_state6,48,272,136,6,0.5441176470588235,0.014564497802464296,minibatch_kmeans,20,0.42378765819240677
USCHAD_alt64_b48_w272_s136_state7,48,272,136,7,1.0,0.014564497802464296,minibatch_kmeans,20,0.42378765819240677
USCHAD_alt64_b48_w272_s136_state8,48,272,136,8,1.0,0.014564497802464296,minibatch_kmeans,20,0.42378765819240677
USCHAD_alt64_b48_w272_s136_state9,48,272,136,9,0.38235294117647056,0.014564497802464296,minibatch_kmeans,20,0.42378765819240677
USCHAD_alt64_b48_w272_s136_state10,48,272,136,10,0.8333333333333334,0.014564497802464296,minibatch_kmeans,20,0.42378765819240677
USCHAD_alt64_b48_w272_s136_state11,48,272,136,11,0.75,0.014564497802464296,minibatch_kmeans,20,0.42378765819240677
USCHAD_alt64_b48_w272_s136_state12,48,272,136,12,1.0,0.014564497802464296,minibatch_kmeans,20,0.42378765819240677
USCHAD_alt64_b48_w272_s136_state13,48,272,136,13,1.0,0.014564497802464296,minibatch_kmeans,20,0.42378765819240677
USCHAD_alt64_b48_w272_s136_state14,48,272,136,14,0.5779645191409897,0.014564497802464296,minibatch_kmeans,20,0.42378765819240677
USCHAD_alt64_b48_w272_s136_state15,48,272,136,15,1.0,0.014564497802464296,minibatch_kmeans,20,0.42378765819240677
USCHAD_alt64_b49_w288_s48_state0,49,288,48,0,0.9212786259541985,0.015840208691670053,minibatch_kmeans,20,0.42378765819240677
USCHAD_alt64_b49_w288_s48_state1,49,288,48,1,0.38235294117647056,0.015840208691670053,minibatch_kmeans,20,0.42378765819240677
USCHAD_alt64_b49_w288_s48_state2,49,288,48,2,0.6583333333333333,0.015840208691670053,minibatch_kmeans,20,0.42378765819240677
USCHAD_alt64_b49_w288_s48_state3,49,288,48,3,0.5378787878787878,0.015840208691670053,minibatch_kmeans,20,0.42378765819240677
USCHAD_alt64_b49_w288_s48_state4,49,288,48,4,0.9166666666666666,0.015840208691670053,minibatch_kmeans,20,0.42378765819240677
USCHAD_alt64_b49_w288_s48_state5,49,288,48,5,0.33080808080808083,0.015840208691670053,minibatch_kmeans,20,0.42378765819240677
USCHAD_alt64_b49_w288_s48_state6,49,288,48,6,0.7153284671532847,0.015840208691670053,minibatch_kmeans,20,0.42378765819240677
USCHAD_alt64_b49_w288_s48_state7,49,288,48,7,0.9725877192982456,0.015840208691670053,minibatch_kmeans,20,0.42378765819240677
USCHAD_alt64_b49_w288_s48_state8,49,288,48,8,1.0,0.015840208691670053,minibatch_kmeans,20,0.42378765819240677
USCHAD_alt64_b49_w288_s48_state9,49,288,48,9,1.0,0.015840208691670053,minibatch_kmeans,20,0.42378765819240677
USCHAD_alt64_b49_w288_s48_state10,49,288,48,10,0.95625,0.015840208691670053,minibatch_kmeans,20,0.42378765819240677
USCHAD_alt64_b49_w288_s48_state11,49,288,48,11,1.0,0.015840208691670053,minibatch_kmeans,20,0.42378765819240677
USCHAD_alt64_b49_w288_s48_state12,49,288,48,12,0.49166666666666664,0.015840208691670053,minibatch_kmeans,20,0.42378765819240677
USCHAD_alt64_b49_w288_s48_state13,49,288,48,13,0.9756944444444444,0.015840208691670053,minibatch_kmeans,20,0.42378765819240677
USCHAD_alt64_b49_w288_s48_state14,49,288,48,14,0.7941176470588235,0.015840208691670053,minibatch_kmeans,20,0.42378765819240677
USCHAD_alt64_b49_w288_s48_state15,49,288,48,15,0.6145833333333334,0.015840208691670053,minibatch_kmeans,20,0.42378765819240677
USCHAD_alt64_b49_w288_s48_state16,49,288,48,16,1.0,0.015840208691670053,minibatch_kmeans,20,0.42378765819240677
USCHAD_alt64_b49_w288_s48_state17,49,288,48,17,0.5994318181818182,0.015840208691670053,minibatch_kmeans,20,0.42378765819240677
USCHAD_alt64_b49_w288_s48_state18,49,288,48,18,1.0,0.015840208691670053,minibatch_kmeans,20,0.42378765819240677
USCHAD_alt64_b49_w288_s48_state19,49,288,48,19,1.0,0.015840208691670053,minibatch_kmeans,20,0.42378765819240677
USCHAD_alt64_b50_w288_s72_state0,50,288,72,0,0.7914710485133021,0.015694189897198122,minibatch_kmeans,20,0.42378765819240677
USCHAD_alt64_b50_w288_s72_state1,50,288,72,1,0.6701388888888888,0.015694189897198122,minibatch_kmeans,20,0.42378765819240677
USCHAD_alt64_b50_w288_s72_state2,50,288,72,2,0.6481481481481481,0.015694189897198122,minibatch_kmeans,20,0.42378765819240677
USCHAD_alt64_b50_w288_s72_state3,50,288,72,3,0.9022988505747126,0.015694189897198122,minibatch_kmeans,20,0.42378765819240677
USCHAD_alt64_b50_w288_s72_state4,50,288,72,4,0.5310699588477367,0.015694189897198122,minibatch_kmeans,20,0.42378765819240677
USCHAD_alt64_b50_w288_s72_state5,50,288,72,5,0.6458333333333334,0.015694189897198122,minibatch_kmeans,20,0.42378765819240677
USCHAD_alt64_b50_w288_s72_state6,50,288,72,6,0.30324074074074076,0.015694189897198122,minibatch_kmeans,20,0.42378765819240677
USCHAD_alt64_b50_w288_s72_state7,50,288,72,7,0.8409090909090909,0.015694189897198122,minibatch_kmeans,20,0.42378765819240677
USCHAD_alt64_b50_w288_s72_state8,50,288,72,8,0.5349206349206349,0.015694189897198122,minibatch_kmeans,20,0.42378765819240677
USCHAD_alt64_b50_w288_s72_state9,50,288,72,9,1.0,0.015694189897198122,minibatch_kmeans,20,0.42378765819240677
USCHAD_alt64_b50_w288_s72_state10,50,288,72,10,0.59375,0.015694189897198122,minibatch_kmeans,20,0.42378765819240677
USCHAD_alt64_b50_w288_s72_state11,50,288,72,11,1.0,0.015694189897198122,minibatch_kmeans,20,0.42378765819240677
USCHAD_alt64_b50_w288_s72_state12,50,288,72,12,1.0,0.015694189897198122,minibatch_kmeans,20,0.42378765819240677
USCHAD_alt64_b50_w288_s72_state13,50,288,72,13,1.0,0.015694189897198122,minibatch_kmeans,20,0.42378765819240677
USCHAD_alt64_b50_w288_s72_state14,50,288,72,14,1.0,0.015694189897198122,minibatch_kmeans,20,0.42378765819240677
USCHAD_alt64_b50_w288_s72_state15,50,288,72,15,0.7194444444444444,0.015694189897198122,minibatch_kmeans,20,0.42378765819240677
USCHAD_alt64_b50_w288_s72_state16,50,288,72,16,1.0,0.015694189897198122,minibatch_kmeans,20,0.42378765819240677
USCHAD_alt64_b51_w288_s108_state0,51,288,108,0,0.8995244669427827,0.01598511719922177,minibatch_kmeans,20,0.42378765819240677
USCHAD_alt64_b51_w288_s108_state1,51,288,108,1,0.6875,0.01598511719922177,minibatch_kmeans,20,0.42378765819240677
USCHAD_alt64_b51_w288_s108_state2,51,288,108,2,0.4229390681003584,0.01598511719922177,minibatch_kmeans,20,0.42378765819240677
USCHAD_alt64_b51_w288_s108_state3,51,288,108,3,0.7698846387370978,0.01598511719922177,minibatch_kmeans,20,0.42378765819240677
USCHAD_alt64_b51_w288_s108_state4,51,288,108,4,0.8664596273291926,0.01598511719922177,minibatch_kmeans,20,0.42378765819240677
USCHAD_alt64_b51_w288_s108_state5,51,288,108,5,1.0,0.01598511719922177,minibatch_kmeans,20,0.42378765819240677
USCHAD_alt64_b51_w288_s108_state6,51,288,108,6,0.5555555555555556,0.01598511719922177,minibatch_kmeans,20,0.42378765819240677
USCHAD_alt64_b51_w288_s108_state7,51,288,108,7,0.673728813559322,0.01598511719922177,minibatch_kmeans,20,0.42378765819240677
USCHAD_alt64_b51_w288_s108_state8,51,288,108,8,0.6540404040404041,0.01598511719922177,minibatch_kmeans,20,0.42378765819240677
USCHAD_alt64_b51_w288_s108_state9,51,288,108,9,0.9576719576719577,0.01598511719922177,minibatch_kmeans,20,0.42378765819240677
USCHAD_alt64_b51_w288_s108_state10,51,288,108,10,0.8814814814814815,0.01598511719922177,minibatch_kmeans,20,0.42378765819240677
USCHAD_alt64_b51_w288_s108_state11,51,288,108,11,0.875,0.01598511719922177,minibatch_kmeans,20,0.42378765819240677
USCHAD_alt64_b51_w288_s108_state12,51,288,108,12,1.0,0.01598511719922177,minibatch_kmeans,20,0.42378765819240677
USCHAD_alt64_b51_w288_s108_state13,51,288,108,13,0.8353909465020576,0.01598511719922177,minibatch_kmeans,20,0.42378765819240677
USCHAD_alt64_b51_w288_s108_state14,51,288,108,14,0.571625344352617,0.01598511719922177,minibatch_kmeans,20,0.42378765819240677
USCHAD_alt64_b51_w288_s108_state15,51,288,108,15,1.0,0.01598511719922177,minibatch_kmeans,20,0.42378765819240677
USCHAD_alt64_b51_w288_s108_state16,51,288,108,16,1.0,0.01598511719922177,minibatch_kmeans,20,0.42378765819240677
USCHAD_alt64_b52_w288_s144_state0,52,288,144,0,0.8117138364779874,0.014710722793156942,minibatch_kmeans,20,0.42378765819240677
USCHAD_alt64_b52_w288_s144_state1,52,288,144,1,0.875,0.014710722793156942,minibatch_kmeans,20,0.42378765819240677
USCHAD_alt64_b52_w288_s144_state2,52,288,144,2,0.5138888888888888,0.014710722793156942,minibatch_kmeans,20,0.42378765819240677
USCHAD_alt64_b52_w288_s144_state3,52,288,144,3,0.8151234567901234,0.014710722793156942,minibatch_kmeans,20,0.42378765819240677
USCHAD_alt64_b52_w288_s144_state4,52,288,144,4,1.0,0.014710722793156942,minibatch_kmeans,20,0.42378765819240677
USCHAD_alt64_b52_w288_s144_state5,52,288,144,5,0.5546448087431693,0.014710722793156942,minibatch_kmeans,20,0.42378765819240677
USCHAD_alt64_b52_w288_s144_state6,52,288,144,6,0.6153846153846154,0.014710722793156942,minibatch_kmeans,20,0.42378765819240677
USCHAD_alt64_b52_w288_s144_state7,52,288,144,7,0.5046296296296297,0.014710722793156942,minibatch_kmeans,20,0.42378765819240677
USCHAD_alt64_b52_w288_s144_state8,52,288,144,8,0.7103174603174603,0.014710722793156942,minibatch_kmeans,20,0.42378765819240677
USCHAD_alt64_b52_w288_s144_state9,52,288,144,9,0.9275793650793651,0.014710722793156942,minibatch_kmeans,20,0.42378765819240677
USCHAD_alt64_b52_w288_s144_state10,52,288,144,10,0.4618055555555556,0.014710722793156942,minibatch_kmeans,20,0.42378765819240677
USCHAD_alt64_b52_w288_s144_state11,52,288,144,11,0.53125,0.014710722793156942,minibatch_kmeans,20,0.42378765819240677
USCHAD_alt64_b52_w288_s144_state12,52,288,144,12,1.0,0.014710722793156942,minibatch_kmeans,20,0.42378765819240677
USCHAD_alt64_b52_w288_s144_state13,52,288,144,13,0.619281045751634,0.014710722793156942,minibatch_kmeans,20,0.42378765819240677
USCHAD_alt64_b52_w288_s144_state14,52,288,144,14,1.0,0.014710722793156942,minibatch_kmeans,20,0.42378765819240677
USCHAD_alt64_b53_w304_s51_state0,53,304,51,0,0.9349414561140945,0.014594325915205309,minibatch_kmeans,20,0.42378765819240677
USCHAD_alt64_b53_w304_s51_state1,53,304,51,1,0.40463215258855584,0.014594325915205309,minibatch_kmeans,20,0.42378765819240677
USCHAD_alt64_b53_w304_s51_state2,53,304,51,2,0.2996987951807229,0.014594325915205309,minibatch_kmeans,20,0.42378765819240677
USCHAD_alt64_b53_w304_s51_state3,53,304,51,3,0.37284234752589185,0.014594325915205309,minibatch_kmeans,20,0.42378765819240677
USCHAD_alt64_b53_w304_s51_state4,53,304,51,4,0.4795635287590161,0.014594325915205309,minibatch_kmeans,20,0.42378765819240677
USCHAD_alt64_b53_w304_s51_state5,53,304,51,5,0.6439888164026095,0.014594325915205309,minibatch_kmeans,20,0.42378765819240677
USCHAD_alt64_b53_w304_s51_state6,53,304,51,6,1.0,0.014594325915205309,minibatch_kmeans,20,0.42378765819240677
USCHAD_alt64_b53_w304_s51_state7,53,304,51,7,0.6783960720130933,0.014594325915205309,minibatch_kmeans,20,0.42378765819240677
USCHAD_alt64_b53_w304_s51_state8,53,304,51,8,0.5359477124183006,0.014594325915205309,minibatch_kmeans,20,0.42378765819240677
USCHAD_alt64_b53_w304_s51_state9,53,304,51,9,1.0,0.014594325915205309,minibatch_kmeans,20,0.42378765819240677
USCHAD_alt64_b53_w304_s51_state10,53,304,51,10,1.0,0.014594325915205309,minibatch_kmeans,20,0.42378765819240677
USCHAD_alt64_b53_w304_s51_state11,53,304,51,11,0.7672131147540984,0.014594325915205309,minibatch_kmeans,20,0.42378765819240677
USCHAD_alt64_b53_w304_s51_state12,53,304,51,12,1.0,0.014594325915205309,minibatch_kmeans,20,0.42378765819240677
USCHAD_alt64_b53_w304_s51_state13,53,304,51,13,0.5882352941176471,0.014594325915205309,minibatch_kmeans,20,0.42378765819240677
USCHAD_alt64_b53_w304_s51_state14,53,304,51,14,0.6985294117647058,0.014594325915205309,minibatch_kmeans,20,0.42378765819240677
USCHAD_alt64_b53_w304_s51_state15,53,304,51,15,0.9734717416378316,0.014594325915205309,minibatch_kmeans,20,0.42378765819240677
USCHAD_alt64_b53_w304_s51_state16,53,304,51,16,0.6911780585249973,0.014594325915205309,minibatch_kmeans,20,0.42378765819240677
USCHAD_alt64_b53_w304_s51_state17,53,304,51,17,1.0,0.014594325915205309,minibatch_kmeans,20,0.42378765819240677
USCHAD_alt64_b54_w304_s76_state0,54,304,76,0,0.8736871586612519,0.016398822163058643,minibatch_kmeans,20,0.42378765819240677
USCHAD_alt64_b54_w304_s76_state1,54,304,76,1,0.39473684210526316,0.016398822163058643,minibatch_kmeans,20,0.42378765819240677
USCHAD_alt64_b54_w304_s76_state2,54,304,76,2,0.8767123287671232,0.016398822163058643,minibatch_kmeans,20,0.42378765819240677
USCHAD_alt64_b54_w304_s76_state3,54,304,76,3,0.9319298245614035,0.016398822163058643,minibatch_kmeans,20,0.42378765819240677
USCHAD_alt64_b54_w304_s76_state4,54,304,76,4,0.41541353383458646,0.016398822163058643,minibatch_kmeans,20,0.42378765819240677
USCHAD_alt64_b54_w304_s76_state5,54,304,76,5,1.0,0.016398822163058643,minibatch_kmeans,20,0.42378765819240677
USCHAD_alt64_b54_w304_s76_state6,54,304,76,6,0.9824561403508771,0.016398822163058643,minibatch_kmeans,20,0.42378765819240677
USCHAD_alt64_b54_w304_s76_state7,54,304,76,7,0.43859649122807015,0.016398822163058643,minibatch_kmeans,20,0.42378765819240677
USCHAD_alt64_b54_w304_s76_state8,54,304,76,8,1.0,0.016398822163058643,minibatch_kmeans,20,0.42378765819240677
USCHAD_alt64_b54_w304_s76_state9,54,304,76,9,0.5833333333333334,0.016398822163058643,minibatch_kmeans,20,0.42378765819240677
USCHAD_alt64_b54_w304_s76_state10,54,304,76,10,0.9802631578947368,0.016398822163058643,minibatch_kmeans,20,0.42378765819240677
USCHAD_alt64_b54_w304_s76_state11,54,304,76,11,1.0,0.016398822163058643,minibatch_kmeans,20,0.42378765819240677
USCHAD_alt64_b54_w304_s76_state12,54,304,76,12,0.5620300751879699,0.016398822163058643,minibatch_kmeans,20,0.42378765819240677
USCHAD_alt64_b54_w304_s76_state13,54,304,76,13,0.625,0.016398822163058643,minibatch_kmeans,20,0.42378765819240677
USCHAD_alt64_b54_w304_s76_state14,54,304,76,14,0.9968102073365231,0.016398822163058643,minibatch_kmeans,20,0.42378765819240677
USCHAD_alt64_b54_w304_s76_state15,54,304,76,15,0.8511796733212341,0.016398822163058643,minibatch_kmeans,20,0.42378765819240677
USCHAD_alt64_b54_w304_s76_state16,54,304,76,16,1.0,0.016398822163058643,minibatch_kmeans,20,0.42378765819240677
USCHAD_alt64_b54_w304_s76_state17,54,304,76,17,1.0,0.016398822163058643,minibatch_kmeans,20,0.42378765819240677
USCHAD_alt64_b55_w304_s114_state0,55,304,114,0,0.8890665891247456,0.01608126387596698,minibatch_kmeans,20,0.42378765819240677
USCHAD_alt64_b55_w304_s114_state1,55,304,114,1,0.9473684210526315,0.01608126387596698,minibatch_kmeans,20,0.42378765819240677
USCHAD_alt64_b55_w304_s114_state2,55,304,114,2,0.84688995215311,0.01608126387596698,minibatch_kmeans,20,0.42378765819240677
USCHAD_alt64_b55_w304_s114_state3,55,304,114,3,0.5328947368421053,0.01608126387596698,minibatch_kmeans,20,0.42378765819240677
USCHAD_alt64_b55_w304_s114_state4,55,304,114,4,0.8342105263157895,0.01608126387596698,minibatch_kmeans,20,0.42378765819240677
USCHAD_alt64_b55_w304_s114_state5,55,304,114,5,0.8064516129032258,0.01608126387596698,minibatch_kmeans,20,0.42378765819240677
USCHAD_alt64_b55_w304_s114_state6,55,304,114,6,0.9789473684210527,0.01608126387596698,minibatch_kmeans,20,0.42378765819240677
USCHAD_alt64_b55_w304_s114_state7,55,304,114,7,0.6769005847953217,0.01608126387596698,minibatch_kmeans,20,0.42378765819240677
USCHAD_alt64_b55_w304_s114_state8,55,304,114,8,0.9671052631578947,0.01608126387596698,minibatch_kmeans,20,0.42378765819240677
USCHAD_alt64_b55_w304_s114_state9,55,304,114,9,0.608421052631579,0.01608126387596698,minibatch_kmeans,20,0.42378765819240677
USCHAD_alt64_b55_w304_s114_state10,55,304,114,10,1.0,0.01608126387596698,minibatch_kmeans,20,0.42378765819240677
USCHAD_alt64_b55_w304_s114_state11,55,304,114,11,1.0,0.01608126387596698,minibatch_kmeans,20,0.42378765819240677
USCHAD_alt64_b55_w304_s114_state12,55,304,114,12,0.6666666666666666,0.01608126387596698,minibatch_kmeans,20,0.42378765819240677
USCHAD_alt64_b55_w304_s114_state13,55,304,114,13,0.7913533834586466,0.01608126387596698,minibatch_kmeans,20,0.42378765819240677
USCHAD_alt64_b55_w304_s114_state14,55,304,114,14,0.6466165413533834,0.01608126387596698,minibatch_kmeans,20,0.42378765819240677
USCHAD_alt64_b55_w304_s114_state15,55,304,114,15,1.0,0.01608126387596698,minibatch_kmeans,20,0.42378765819240677
USCHAD_alt64_b55_w304_s114_state16,55,304,114,16,0.5935406698564594,0.01608126387596698,minibatch_kmeans,20,0.42378765819240677
USCHAD_alt64_b55_w304_s114_state17,55,304,114,17,0.4616228070175439,0.01608126387596698,minibatch_kmeans,20,0.42378765819240677
USCHAD_alt64_b55_w304_s114_state18,55,304,114,18,0.9903157894736843,0.01608126387596698,minibatch_kmeans,20,0.42378765819240677
USCHAD_alt64_b55_w304_s114_state19,55,304,114,19,1.0,0.01608126387596698,minibatch_kmeans,20,0.42378765819240677
USCHAD_alt64_b56_w304_s152_state0,56,304,152,0,0.8984318803049921,0.01551748794528549,minibatch_kmeans,20,0.42378765819240677
USCHAD_alt64_b56_w304_s152_state1,56,304,152,1,0.41776315789473684,0.01551748794528549,minibatch_kmeans,20,0.42378765819240677
USCHAD_alt64_b56_w304_s152_state2,56,304,152,2,0.5131578947368421,0.01551748794528549,minibatch_kmeans,20,0.42378765819240677
USCHAD_alt64_b56_w304_s152_state3,56,304,152,3,0.35296052631578945,0.01551748794528549,minibatch_kmeans,20,0.42378765819240677
USCHAD_alt64_b56_w304_s152_state4,56,304,152,4,0.9523993808049536,0.01551748794528549,minibatch_kmeans,20,0.42378765819240677
USCHAD_alt64_b56_w304_s152_state5,56,304,152,5,0.8648648648648649,0.01551748794528549,minibatch_kmeans,20,0.42378765819240677
USCHAD_alt64_b56_w304_s152_state6,56,304,152,6,0.9824561403508771,0.01551748794528549,minibatch_kmeans,20,0.42378765819240677
USCHAD_alt64_b56_w304_s152_state7,56,304,152,7,0.6282894736842105,0.01551748794528549,minibatch_kmeans,20,0.42378765819240677
USCHAD_alt64_b56_w304_s152_state8,56,304,152,8,0.7631578947368421,0.01551748794528549,minibatch_kmeans,20,0.42378765819240677
USCHAD_alt64_b56_w304_s152_state9,56,304,152,9,1.0,0.01551748794528549,minibatch_kmeans,20,0.42378765819240677
USCHAD_alt64_b56_w304_s152_state10,56,304,152,10,1.0,0.01551748794528549,minibatch_kmeans,20,0.42378765819240677
USCHAD_alt64_b56_w304_s152_state11,56,304,152,11,1.0,0.01551748794528549,minibatch_kmeans,20,0.42378765819240677
USCHAD_alt64_b56_w304_s152_state12,56,304,152,12,0.5338345864661654,0.01551748794528549,minibatch_kmeans,20,0.42378765819240677
USCHAD_alt64_b56_w304_s152_state13,56,304,152,13,0.7,0.01551748794528549,minibatch_kmeans,20,0.42378765819240677
USCHAD_alt64_b56_w304_s152_state14,56,304,152,14,0.7017543859649122,0.01551748794528549,minibatch_kmeans,20,0.42378765819240677
USCHAD_alt64_b56_w304_s152_state15,56,304,152,15,0.5906432748538012,0.01551748794528549,minibatch_kmeans,20,0.42378765819240677
USCHAD_alt64_b56_w304_s152_state16,56,304,152,16,0.5513157894736842,0.01551748794528549,minibatch_kmeans,20,0.42378765819240677
USCHAD_alt64_b56_w304_s152_state17,56,304,152,17,1.0,0.01551748794528549,minibatch_kmeans,20,0.42378765819240677
USCHAD_alt64_b56_w304_s152_state18,56,304,152,18,1.0,0.01551748794528549,minibatch_kmeans,20,0.42378765819240677
USCHAD_alt64_b57_w320_s53_state0,57,320,53,0,0.9441081350029024,0.015769069811806785,minibatch_kmeans,20,0.42378765819240677
USCHAD_alt64_b57_w320_s53_state1,57,320,53,1,0.5234657039711191,0.015769069811806785,minibatch_kmeans,20,0.42378765819240677
USCHAD_alt64_b57_w320_s53_state2,57,320,53,2,0.5401709401709401,0.015769069811806785,minibatch_kmeans,20,0.42378765819240677
USCHAD_alt64_b57_w320_s53_state3,57,320,53,3,0.4990371654149817,0.015769069811806785,minibatch_kmeans,20,0.42378765819240677
USCHAD_alt64_b57_w320_s53_state4,57,320,53,4,0.6966292134831461,0.015769069811806785,minibatch_kmeans,20,0.42378765819240677
USCHAD_alt64_b57_w320_s53_state5,57,320,53,5,0.9564393939393939,0.015769069811806785,minibatch_kmeans,20,0.42378765819240677
USCHAD_alt64_b57_w320_s53_state6,57,320,53,6,0.5909322465613857,0.015769069811806785,minibatch_kmeans,20,0.42378765819240677
USCHAD_alt64_b57_w320_s53_state7,57,320,53,7,0.494641384995878,0.015769069811806785,minibatch_kmeans,20,0.42378765819240677
USCHAD_alt64_b57_w320_s53_state8,57,320,53,8,0.5473321858864028,0.015769069811806785,minibatch_kmeans,20,0.42378765819240677
USCHAD_alt64_b57_w320_s53_state9,57,320,53,9,1.0,0.015769069811806785,minibatch_kmeans,20,0.42378765819240677
USCHAD_alt64_b57_w320_s53_state10,57,320,53,10,0.8651685393258427,0.015769069811806785,minibatch_kmeans,20,0.42378765819240677
USCHAD_alt64_b57_w320_s53_state11,57,320,53,11,0.4672544080604534,0.015769069811806785,minibatch_kmeans,20,0.42378765819240677
USCHAD_alt64_b57_w320_s53_state12,57,320,53,12,1.0,0.015769069811806785,minibatch_kmeans,20,0.42378765819240677
USCHAD_alt64_b57_w320_s53_state13,57,320,53,13,0.9844793713163065,0.015769069811806785,minibatch_kmeans,20,0.42378765819240677
USCHAD_alt64_b57_w320_s53_state14,57,320,53,14,0.8496084753569784,0.015769069811806785,minibatch_kmeans,20,0.42378765819240677
USCHAD_alt64_b57_w320_s53_state15,57,320,53,15,1.0,0.015769069811806785,minibatch_kmeans,20,0.42378765819240677
USCHAD_alt64_b57_w320_s53_state16,57,320,53,16,1.0,0.015769069811806785,minibatch_kmeans,20,0.42378765819240677
USCHAD_alt64_b58_w320_s80_state0,58,320,80,0,0.955002393489708,0.016013210111231125,minibatch_kmeans,20,0.42378765819240677
USCHAD_alt64_b58_w320_s80_state1,58,320,80,1,0.3453125,0.016013210111231125,minibatch_kmeans,20,0.42378765819240677
USCHAD_alt64_b58_w320_s80_state2,58,320,80,2,0.75,0.016013210111231125,minibatch_kmeans,20,0.42378765819240677
USCHAD_alt64_b58_w320_s80_state3,58,320,80,3,0.7166666666666667,0.016013210111231125,minibatch_kmeans,20,0.42378765819240677
USCHAD_alt64_b58_w320_s80_state4,58,320,80,4,0.41185897435897434,0.016013210111231125,minibatch_kmeans,20,0.42378765819240677
USCHAD_alt64_b58_w320_s80_state5,58,320,80,5,0.6840909090909091,0.016013210111231125,minibatch_kmeans,20,0.42378765819240677
USCHAD_alt64_b58_w320_s80_state6,58,320,80,6,0.6392857142857142,0.016013210111231125,minibatch_kmeans,20,0.42378765819240677
USCHAD_alt64_b58_w320_s80_state7,58,320,80,7,1.0,0.016013210111231125,minibatch_kmeans,20,0.42378765819240677
USCHAD_alt64_b58_w320_s80_state8,58,320,80,8,0.634375,0.016013210111231125,minibatch_kmeans,20,0.42378765819240677
USCHAD_alt64_b58_w320_s80_state9,58,320,80,9,1.0,0.016013210111231125,minibatch_kmeans,20,0.42378765819240677
USCHAD_alt64_b58_w320_s80_state10,58,320,80,10,0.7994318181818182,0.016013210111231125,minibatch_kmeans,20,0.42378765819240677
USCHAD_alt64_b58_w320_s80_state11,58,320,80,11,0.87,0.016013210111231125,minibatch_kmeans,20,0.42378765819240677
USCHAD_alt64_b58_w320_s80_state12,58,320,80,12,0.95,0.016013210111231125,minibatch_kmeans,20,0.42378765819240677
USCHAD_alt64_b58_w320_s80_state13,58,320,80,13,0.9957446808510638,0.016013210111231125,minibatch_kmeans,20,0.42378765819240677
USCHAD_alt64_b58_w320_s80_state14,58,320,80,14,1.0,0.016013210111231125,minibatch_kmeans,20,0.42378765819240677
USCHAD_alt64_b58_w320_s80_state15,58,320,80,15,1.0,0.016013210111231125,minibatch_kmeans,20,0.42378765819240677
USCHAD_alt64_b59_w320_s120_state0,59,320,120,0,0.7870126266130151,0.014778503772323943,minibatch_kmeans,20,0.42378765819240677
USCHAD_alt64_b59_w320_s120_state1,59,320,120,1,0.8583333333333333,0.014778503772323943,minibatch_kmeans,20,0.42378765819240677
USCHAD_alt64_b59_w320_s120_state2,59,320,120,2,0.4232142857142857,0.014778503772323943,minibatch_kmeans,20,0.42378765819240677
USCHAD_alt64_b59_w320_s120_state3,59,320,120,3,0.6641304347826087,0.014778503772323943,minibatch_kmeans,20,0.42378765819240677
USCHAD_alt64_b59_w320_s120_state4,59,320,120,4,0.6137755102040816,0.014778503772323943,minibatch_kmeans,20,0.42378765819240677
USCHAD_alt64_b59_w320_s120_state5,59,320,120,5,0.551906779661017,0.014778503772323943,minibatch_kmeans,20,0.42378765819240677
USCHAD_alt64_b59_w320_s120_state6,59,320,120,6,0.3828125,0.014778503772323943,minibatch_kmeans,20,0.42378765819240677
USCHAD_alt64_b59_w320_s120_state7,59,320,120,7,0.7676470588235295,0.014778503772323943,minibatch_kmeans,20,0.42378765819240677
USCHAD_alt64_b59_w320_s120_state8,59,320,120,8,0.6875,0.014778503772323943,minibatch_kmeans,20,0.42378765819240677
USCHAD_alt64_b59_w320_s120_state9,59,320,120,9,1.0,0.014778503772323943,minibatch_kmeans,20,0.42378765819240677
USCHAD_alt64_b59_w320_s120_state10,59,320,120,10,1.0,0.014778503772323943,minibatch_kmeans,20,0.42378765819240677
USCHAD_alt64_b59_w320_s120_state11,59,320,120,11,0.6026515151515152,0.014778503772323943,minibatch_kmeans,20,0.42378765819240677
USCHAD_alt64_b59_w320_s120_state12,59,320,120,12,0.5752293577981651,0.014778503772323943,minibatch_kmeans,20,0.42378765819240677
USCHAD_alt64_b59_w320_s120_state13,59,320,120,13,0.9968487394957983,0.014778503772323943,minibatch_kmeans,20,0.42378765819240677
USCHAD_alt64_b59_w320_s120_state14,59,320,120,14,1.0,0.014778503772323943,minibatch_kmeans,20,0.42378765819240677
USCHAD_alt64_b60_w320_s160_state0,60,320,160,0,0.908965938597831,0.015109645754457128,minibatch_kmeans,20,0.42378765819240677
USCHAD_alt64_b60_w320_s160_state1,60,320,160,1,0.7025,0.015109645754457128,minibatch_kmeans,20,0.42378765819240677
USCHAD_alt64_b60_w320_s160_state2,60,320,160,2,0.9333333333333333,0.015109645754457128,minibatch_kmeans,20,0.42378765819240677
USCHAD_alt64_b60_w320_s160_state3,60,320,160,3,0.3236111111111111,0.015109645754457128,minibatch_kmeans,20,0.42378765819240677
USCHAD_alt64_b60_w320_s160_state4,60,320,160,4,0.7777777777777778,0.015109645754457128,minibatch_kmeans,20,0.42378765819240677
USCHAD_alt64_b60_w320_s160_state5,60,320,160,5,0.6859375,0.015109645754457128,minibatch_kmeans,20,0.42378765819240677
USCHAD_alt64_b60_w320_s160_state6,60,320,160,6,0.6666666666666666,0.015109645754457128,minibatch_kmeans,20,0.42378765819240677
USCHAD_alt64_b60_w320_s160_state7,60,320,160,7,0.33055555555555555,0.015109645754457128,minibatch_kmeans,20,0.42378765819240677
USCHAD_alt64_b60_w320_s160_state8,60,320,160,8,1.0,0.015109645754457128,minibatch_kmeans,20,0.42378765819240677
USCHAD_alt64_b60_w320_s160_state9,60,320,160,9,1.0,0.015109645754457128,minibatch_kmeans,20,0.42378765819240677
USCHAD_alt64_b60_w320_s160_state10,60,320,160,10,1.0,0.015109645754457128,minibatch_kmeans,20,0.42378765819240677
USCHAD_alt64_b60_w320_s160_state11,60,320,160,11,1.0,0.015109645754457128,minibatch_kmeans,20,0.42378765819240677
USCHAD_alt64_b60_w320_s160_state12,60,320,160,12,0.5383928571428571,0.015109645754457128,minibatch_kmeans,20,0.42378765819240677
USCHAD_alt64_b60_w320_s160_state13,60,320,160,13,0.7625,0.015109645754457128,minibatch_kmeans,20,0.42378765819240677
USCHAD_alt64_b60_w320_s160_state14,60,320,160,14,0.5805555555555556,0.015109645754457128,minibatch_kmeans,20,0.42378765819240677
USCHAD_alt64_b60_w320_s160_state15,60,320,160,15,1.0,0.015109645754457128,minibatch_kmeans,20,0.42378765819240677
USCHAD_alt64_b61_w336_s56_state0,61,336,56,0,0.9939320388349514,0.014707570531645345,minibatch_kmeans,20,0.42378765819240677
USCHAD_alt64_b61_w336_s56_state1,61,336,56,1,0.4632936507936508,0.014707570531645345,minibatch_kmeans,20,0.42378765819240677
USCHAD_alt64_b61_w336_s56_state2,61,336,56,2,0.31547619047619047,0.014707570531645345,minibatch_kmeans,20,0.42378765819240677
USCHAD_alt64_b61_w336_s56_state3,61,336,56,3,0.5785714285714286,0.014707570531645345,minibatch_kmeans,20,0.42378765819240677
USCHAD_alt64_b61_w336_s56_state4,61,336,56,4,0.3804347826086957,0.014707570531645345,minibatch_kmeans,20,0.42378765819240677
USCHAD_alt64_b61_w336_s56_state5,61,336,56,5,0.47172619047619047,0.014707570531645345,minibatch_kmeans,20,0.42378765819240677
USCHAD_alt64_b61_w336_s56_state6,61,336,56,6,0.36038961038961037,0.014707570531645345,minibatch_kmeans,20,0.42378765819240677
USCHAD_alt64_b61_w336_s56_state7,61,336,56,7,0.525974025974026,0.014707570531645345,minibatch_kmeans,20,0.42378765819240677
USCHAD_alt64_b61_w336_s56_state8,61,336,56,8,0.873015873015873,0.014707570531645345,minibatch_kmeans,20,0.42378765819240677
USCHAD_alt64_b61_w336_s56_state9,61,336,56,9,0.35620300751879697,0.014707570531645345,minibatch_kmeans,20,0.42378765819240677
USCHAD_alt64_b61_w336_s56_state10,61,336,56,10,0.7058823529411765,0.014707570531645345,minibatch_kmeans,20,0.42378765819240677
USCHAD_alt64_b61_w336_s56_state11,61,336,56,11,0.6473214285714286,0.014707570531645345,minibatch_kmeans,20,0.42378765819240677
USCHAD_alt64_b61_w336_s56_state12,61,336,56,12,0.7821428571428571,0.014707570531645345,minibatch_kmeans,20,0.42378765819240677
USCHAD_alt64_b61_w336_s56_state13,61,336,56,13,0.9701492537313433,0.014707570531645345,minibatch_kmeans,20,0.42378765819240677
USCHAD_alt64_b61_w336_s56_state14,61,336,56,14,0.9888888888888889,0.014707570531645345,minibatch_kmeans,20,0.42378765819240677
USCHAD_alt64_b61_w336_s56_state15,61,336,56,15,1.0,0.014707570531645345,minibatch_kmeans,20,0.42378765819240677
USCHAD_alt64_b61_w336_s56_state16,61,336,56,16,1.0,0.014707570531645345,minibatch_kmeans,20,0.42378765819240677
USCHAD_alt64_b62_w336_s84_state0,62,336,84,0,0.981955856291284,0.016814218148943842,minibatch_kmeans,20,0.42378765819240677
USCHAD_alt64_b62_w336_s84_state1,62,336,84,1,0.6107142857142858,0.016814218148943842,minibatch_kmeans,20,0.42378765819240677
USCHAD_alt64_b62_w336_s84_state2,62,336,84,2,0.7961309523809523,0.016814218148943842,minibatch_kmeans,20,0.42378765819240677
USCHAD_alt64_b62_w336_s84_state3,62,336,84,3,0.9320728291316527,0.016814218148943842,minibatch_kmeans,20,0.42378765819240677
USCHAD_alt64_b62_w336_s84_state4,62,336,84,4,0.7380952380952381,0.016814218148943842,minibatch_kmeans,20,0.42378765819240677
USCHAD_alt64_b62_w336_s84_state5,62,336,84,5,0.967741935483871,0.016814218148943842,minibatch_kmeans,20,0.42378765819240677
USCHAD_alt64_b62_w336_s84_state6,62,336,84,6,0.38461538461538464,0.016814218148943842,minibatch_kmeans,20,0.42378765819240677
USCHAD_alt64_b62_w336_s84_state7,62,336,84,7,1.0,0.016814218148943842,minibatch_kmeans,20,0.42378765819240677
USCHAD_alt64_b62_w336_s84_state8,62,336,84,8,0.8484848484848485,0.016814218148943842,minibatch_kmeans,20,0.42378765819240677
USCHAD_alt64_b62_w336_s84_state9,62,336,84,9,1.0,0.016814218148943842,minibatch_kmeans,20,0.42378765819240677
USCHAD_alt64_b62_w336_s84_state10,62,336,84,10,0.5127551020408163,0.016814218148943842,minibatch_kmeans,20,0.42378765819240677
USCHAD_alt64_b62_w336_s84_state11,62,336,84,11,0.48412698412698413,0.016814218148943842,minibatch_kmeans,20,0.42378765819240677
USCHAD_alt64_b62_w336_s84_state12,62,336,84,12,0.9312169312169312,0.016814218148943842,minibatch_kmeans,20,0.42378765819240677
USCHAD_alt64_b62_w336_s84_state13,62,336,84,13,0.8214285714285714,0.016814218148943842,minibatch_kmeans,20,0.42378765819240677
USCHAD_alt64_b62_w336_s84_state14,62,336,84,14,0.9230769230769231,0.016814218148943842,minibatch_kmeans,20,0.42378765819240677
USCHAD_alt64_b62_w336_s84_state15,62,336,84,15,0.8303571428571429,0.016814218148943842,minibatch_kmeans,20,0.42378765819240677
USCHAD_alt64_b62_w336_s84_state16,62,336,84,16,1.0,0.016814218148943842,minibatch_kmeans,20,0.42378765819240677
USCHAD_alt64_b62_w336_s84_state17,62,336,84,17,1.0,0.016814218148943842,minibatch_kmeans,20,0.42378765819240677
USCHAD_alt64_b63_w336_s126_state0,63,336,126,0,0.9256363078810181,0.015286693939056364,minibatch_kmeans,20,0.42378765819240677
USCHAD_alt64_b63_w336_s126_state1,63,336,126,1,0.5178571428571429,0.015286693939056364,minibatch_kmeans,20,0.42378765819240677
USCHAD_alt64_b63_w336_s126_state2,63,336,126,2,0.42424242424242425,0.015286693939056364,minibatch_kmeans,20,0.42378765819240677
USCHAD_alt64_b63_w336_s126_state3,63,336,126,3,0.4766081871345029,0.015286693939056364,minibatch_kmeans,20,0.42378765819240677
USCHAD_alt64_b63_w336_s126_state4,63,336,126,4,0.8725687458081824,0.015286693939056364,minibatch_kmeans,20,0.42378765819240677
USCHAD_alt64_b63_w336_s126_state5,63,336,126,5,0.49206349206349204,0.015286693939056364,minibatch_kmeans,20,0.42378765819240677
USCHAD_alt64_b63_w336_s126_state6,63,336,126,6,0.8656716417910447,0.015286693939056364,minibatch_kmeans,20,0.42378765819240677
USCHAD_alt64_b63_w336_s126_state7,63,336,126,7,0.9101382488479263,0.015286693939056364,minibatch_kmeans,20,0.42378765819240677
USCHAD_alt64_b63_w336_s126_state8,63,336,126,8,0.8994708994708994,0.015286693939056364,minibatch_kmeans,20,0.42378765819240677
USCHAD_alt64_b63_w336_s126_state9,63,336,126,9,0.5591630591630592,0.015286693939056364,minibatch_kmeans,20,0.42378765819240677
USCHAD_alt64_b63_w336_s126_state10,63,336,126,10,0.8333333333333334,0.015286693939056364,minibatch_kmeans,20,0.42378765819240677
USCHAD_alt64_b63_w336_s126_state11,63,336,126,11,0.5765873015873015,0.015286693939056364,minibatch_kmeans,20,0.42378765819240677
USCHAD_alt64_b63_w336_s126_state12,63,336,126,12,0.601010101010101,0.015286693939056364,minibatch_kmeans,20,0.42378765819240677
USCHAD_alt64_b63_w336_s126_state13,63,336,126,13,1.0,0.015286693939056364,minibatch_kmeans,20,0.42378765819240677
USCHAD_alt64_b63_w336_s126_state14,63,336,126,14,1.0,0.015286693939056364,minibatch_kmeans,20,0.42378765819240677
USCHAD_alt64_b64_w336_s168_state0,64,336,168,0,0.8348734431498593,0.01459446566209658,minibatch_kmeans,20,0.42378765819240677
USCHAD_alt64_b64_w336_s168_state1,64,336,168,1,0.6071428571428571,0.01459446566209658,minibatch_kmeans,20,0.42378765819240677
USCHAD_alt64_b64_w336_s168_state2,64,336,168,2,0.8726190476190476,0.01459446566209658,minibatch_kmeans,20,0.42378765819240677
USCHAD_alt64_b64_w336_s168_state3,64,336,168,3,0.7962962962962963,0.01459446566209658,minibatch_kmeans,20,0.42378765819240677
USCHAD_alt64_b64_w336_s168_state4,64,336,168,4,0.4577294685990338,0.01459446566209658,minibatch_kmeans,20,0.42378765819240677
USCHAD_alt64_b64_w336_s168_state5,64,336,168,5,0.5238095238095238,0.01459446566209658,minibatch_kmeans,20,0.42378765819240677
USCHAD_alt64_b64_w336_s168_state6,64,336,168,6,1.0,0.01459446566209658,minibatch_kmeans,20,0.42378765819240677
USCHAD_alt64_b64_w336_s168_state7,64,336,168,7,0.4486607142857143,0.01459446566209658,minibatch_kmeans,20,0.42378765819240677
USCHAD_alt64_b64_w336_s168_state8,64,336,168,8,0.4928571428571429,0.01459446566209658,minibatch_kmeans,20,0.42378765819240677
USCHAD_alt64_b64_w336_s168_state9,64,336,168,9,0.5,0.01459446566209658,minibatch_kmeans,20,0.42378765819240677
USCHAD_alt64_b64_w336_s168_state10,64,336,168,10,0.5714285714285714,0.01459446566209658,minibatch_kmeans,20,0.42378765819240677
USCHAD_alt64_b64_w336_s168_state11,64,336,168,11,0.9761904761904762,0.01459446566209658,minibatch_kmeans,20,0.42378765819240677
USCHAD_alt64_b64_w336_s168_state12,64,336,168,12,0.8484848484848485,0.01459446566209658,minibatch_kmeans,20,0.42378765819240677
USCHAD_alt64_b64_w336_s168_state13,64,336,168,13,0.6166666666666667,0.01459446566209658,minibatch_kmeans,20,0.42378765819240677
USCHAD_alt64_b64_w336_s168_state14,64,336,168,14,1.0,0.01459446566209658,minibatch_kmeans,20,0.42378765819240677
