true_label,meta_K13
1,0
1,0
1,0
1,0
1,0
1,0
1,0
1,0
1,0
1,0
1,0
1,0
1,0
1,0
1,0
1,0
1,0
1,0
1,0
1,0
1,0
1,0
1,0
1,0
1,0
1,0
1,0
1,0
1,0
1,0
1,0
1,0
1,0
1,0
1,0
1,0
1,0
1,0
1,0
1,0
1,0
1,0
1,0
1,0
1,0
1,0
1,0
1,0
1,0
1,0
1,0
1,0
1,0
1,0
1,0
1,0
1,0
1,0
1,0
1,0
1,0
1,0
1,0
1,0
1,0
1,0
1,0
1,0
1,0
1,0
1,0
1,0
1,0
1,0
1,0
1,0
1,0
1,0
1,0
1,0
1,0
1,0
1,0
1,0
1,0
1,0
1,0
1,0
1,0
1,0
1,0
1,0
1,0
1,0
1,0
1,0
1,0
1,0
1,0
1,0
1,0
1,0
1,0
1,0
1,0
1,0
1,0
1,0
1,0
1,0
1,0
1,0
1,0
1,0
1,0
1,0
1,0
1,0
1,0
1,0
1,0
1,0
1,0
1,0
1,0
1,0
1,0
1,0
1,0
1,0
1,0
1,0
1,0
1,0
1,0
1,0
1,0
1,0
1,0
1,0
1,0
1,0
1,0
1,0
1,0
1,0
1,0
1,0
1,0
1,0
1,0
1,0
1,0
1,0
1,0
1,0
1,0
1,0
1,0
1,0
1,0
1,0
1,0
1,0
1,0
1,0
1,0
1,0
1,0
1,0
1,0
1,0
1,0
1,0
1,0
1,0
1,0
1,0
1,0
1,0
1,0
1,0
1,0
1,0
1,0
1,0
1,0
1,0
1,0
1,0
1,0
1,0
1,0
1,0
1,0
1,0
1,0
1,0
1,0
1,0
1,0
1,0
1,0
1,0
1,0
1,0
1,0
1,0
1,0
1,0
1,0
1,0
1,0
1,0
1,0
1,0
1,0
1,0
1,0
1,0
1,0
1,0
1,0
1,0
1,0
1,0
1,0
1,0
1,0
1,0
1,0
1,0
1,0
1,0
1,0
1,0
1,0
1,0
1,0
1,0
1,0
1,0
1,0
1,0
1,0
1,0
1,0
1,0
1,0
1,0
1,0
1,0
1,0
1,0
1,0
1,0
1,0
1,0
1,0
1,0
1,0
1,0
1,0
1,0
1,0
1,0
1,0
1,0
1,0
1,0
1,0
1,0
1,0
1,0
1,0
1,0
1,0
1,0
1,0
1,0
1,0
1,0
1,0
1,0
1,0
1,0
1,0
1,0
1,0
1,0
1,0
1,0
1,0
1,0
1,0
1,0
1,0
1,0
1,0
1,0
1,0
1,0
1,0
1,0
1,0
1,0
1,0
1,0
1,0
1,0
1,0
1,0
1,0
1,0
1,0
1,0
1,0
1,0
1,0
1,0
1,0
1,0
1,0
1,0
1,0
1,0
1,0
1,0
1,0
1,0
1,0
1,0
1,0
1,0
1,0
1,0
1,0
1,0
1,0
1,0
1,0
1,0
1,0
1,0
1,0
1,0
1,0
1,0
1,0
1,0
1,0
1,0
1,0
1,0
1,0
1,0
1,0
1,0
1,0
1,0
1,0
1,0
1,0
1,0
1,0
1,0
1,0
1,0
1,0
1,0
1,0
1,0
1,0
1,0
1,0
1,0
1,0
1,0
1,0
1,0
1,0
1,0
1,0
1,0
1,0
1,0
1,0
1,0
1,0
1,0
1,0
1,0
1,0
1,0
1,0
1,0
1,0
1,0
1,0
1,0
1,0
1,0
1,0
1,0
1,0
1,0
1,0
1,0
1,0
1,0
1,0
1,0
1,0
1,0
1,0
1,0
1,0
1,0
1,0
1,0
1,0
1,0
1,0
1,0
1,0
1,0
1,0
1,0
1,0
1,0
1,0
1,0
1,0
1,0
1,0
1,0
1,0
1,0
1,0
1,0
1,0
1,0
1,0
1,0
1,0
1,0
1,0
1,0
1,0
1,0
1,0
1,0
1,0
1,0
1,0
1,0
1,0
1,0
1,0
1,0
1,0
1,0
1,0
1,0
1,0
1,0
1,0
1,0
1,0
1,0
1,0
1,0
1,0
1,0
1,0
1,0
1,0
1,0
1,0
1,0
1,0
1,0
1,0
1,0
1,0
1,0
1,0
1,0
1,0
1,0
1,0
1,0
1,0
1,0
1,0
1,0
1,0
1,0
1,0
1,0
1,0
1,0
1,0
1,0
1,0
1,0
1,0
1,0
1,0
1,0
1,0
1,0
1,0
1,0
1,0
1,0
1,0
1,0
1,0
1,0
1,0
1,0
1,0
1,0
1,0
1,0
1,0
1,0
1,0
1,0
1,0
1,0
1,0
1,0
1,0
1,0
1,0
1,0
1,0
1,0
1,0
1,0
1,0
1,0
1,0
1,0
1,0
1,0
1,0
1,0
1,0
1,0
1,0
1,0
1,0
1,0
1,0
1,0
1,0
1,0
1,0
1,0
1,0
1,0
1,0
1,0
1,0
1,0
1,0
1,0
1,0
1,0
1,0
1,0
1,0
1,0
1,0
1,0
1,0
1,0
1,0
1,0
1,0
1,0
1,0
1,0
1,0
1,0
1,0
1,0
1,0
1,0
1,0
1,0
1,0
1,0
1,0
1,0
1,0
1,0
1,0
1,0
1,0
1,0
1,0
1,0
1,0
1,0
1,0
1,0
1,0
1,0
1,0
1,0
1,0
1,0
1,0
1,0
1,0
1,0
1,0
1,0
1,0
1,0
1,0
1,0
1,0
1,0
1,0
1,0
1,0
1,0
1,0
1,0
1,0
1,0
1,0
1,0
1,0
1,0
1,0
1,0
1,0
1,0
1,0
1,0
1,0
1,0
1,0
1,0
1,0
1,0
1,0
1,0
1,0
1,0
1,0
1,0
1,0
1,0
1,0
1,0
1,0
1,0
1,0
1,0
1,0
1,0
1,0
1,0
1,0
1,0
1,0
1,0
1,0
1,0
1,0
1,0
1,0
1,0
1,0
1,0
1,0
1,0
1,0
1,0
1,0
1,0
1,0
1,0
1,0
1,0
1,0
1,0
1,0
1,0
1,0
1,0
1,0
1,0
1,0
1,0
1,0
1,0
1,0
1,0
1,0
1,0
1,0
1,0
1,0
1,0
1,0
1,0
1,0
1,0
1,0
1,0
1,0
1,0
1,0
1,0
1,0
1,0
1,0
1,0
1,0
1,0
1,0
1,0
1,0
1,0
1,0
1,0
1,0
1,0
1,0
1,0
1,0
1,0
1,0
1,0
1,0
1,0
1,0
1,0
1,0
1,0
1,0
1,0
1,0
1,0
1,0
1,0
1,0
1,0
1,0
1,0
1,0
1,0
1,0
1,0
1,0
1,0
1,0
1,0
1,0
1,0
1,0
1,0
1,0
1,0
1,0
1,0
1,0
1,0
1,0
1,0
1,0
1,0
1,0
1,0
1,0
1,0
1,0
1,0
1,0
1,0
1,0
1,0
1,0
1,0
1,0
1,0
1,0
1,0
1,0
1,0
1,0
1,0
1,0
1,0
1,0
1,0
1,0
1,0
1,0
1,0
1,0
1,0
1,0
1,0
1,0
1,0
1,0
1,0
1,0
1,0
1,0
1,0
1,0
1,0
1,0
1,0
1,0
1,0
1,0
1,0
1,0
1,0
1,0
1,0
1,0
1,0
1,0
1,0
1,0
1,0
1,0
1,0
1,0
1,0
1,0
1,0
1,0
1,0
1,0
1,0
1,0
1,0
1,0
1,0
1,0
1,0
1,0
1,0
1,0
1,0
1,0
1,0
1,0
1,0
1,0
1,0
1,0
1,0
1,0
1,0
1,0
1,0
1,0
1,0
1,0
1,0
1,0
1,0
1,0
1,0
1,0
1,0
1,0
1,0
1,0
1,0
1,0
1,0
1,0
1,0
1,0
1,0
1,0
1,0
1,0
1,0
1,0
1,0
1,0
1,0
1,0
1,0
1,0
1,0
1,0
1,0
1,0
1,0
1,0
1,0
1,0
1,0
1,0
1,0
1,0
1,0
1,0
1,0
1,0
1,0
1,0
1,0
1,0
1,0
1,0
1,0
1,0
1,0
1,0
1,0
1,0
1,0
1,0
1,0
1,0
1,0
1,0
1,0
1,0
1,0
1,0
1,0
1,0
1,0
1,0
1,0
1,0
1,0
1,0
1,0
1,0
1,0
1,0
1,0
1,0
1,0
1,0
1,0
1,0
1,0
1,0
1,0
1,0
1,0
1,0
1,0
1,0
1,0
1,0
1,0
1,0
1,0
1,0
1,0
1,0
1,0
1,0
1,0
1,0
1,0
1,0
1,0
1,0
1,0
1,0
1,0
1,0
1,0
1,0
1,0
1,0
1,0
1,0
1,0
1,0
1,0
1,0
1,0
1,0
1,0
1,0
1,0
1,0
1,0
1,0
1,0
1,0
1,0
1,0
1,0
1,0
1,0
1,0
1,0
1,0
1,0
1,0
1,0
1,0
1,0
1,0
1,0
1,0
1,0
1,0
1,0
1,0
1,0
1,0
1,0
1,0
1,0
1,0
1,0
1,0
1,0
1,0
1,0
1,0
1,0
1,0
1,0
1,0
1,0
1,0
1,0
1,0
1,0
1,0
1,0
1,0
1,0
1,0
1,0
1,0
1,0
1,0
1,0
1,0
1,0
1,0
1,0
1,0
1,0
1,0
1,0
1,0
1,0
1,0
1,0
1,0
1,0
1,0
1,0
1,0
1,0
1,0
1,0
1,0
1,0
1,0
1,0
1,0
1,0
1,0
1,0
1,0
1,0
1,0
1,0
1,0
1,0
1,0
1,0
1,0
1,0
1,0
1,0
1,0
1,0
1,0
1,0
1,0
1,0
1,0
1,0
1,0
1,0
1,0
1,0
1,0
1,0
1,0
1,0
1,0
1,0
1,0
1,0
1,0
1,0
1,0
1,0
1,0
1,0
1,0
1,0
1,0
1,0
1,0
1,0
1,0
1,0
1,0
1,0
1,0
1,0
1,0
1,0
1,0
1,0
1,0
1,0
1,0
1,0
1,0
1,0
1,0
1,0
1,0
1,0
1,0
1,0
1,0
1,0
1,0
1,0
1,0
1,0
1,0
1,0
1,0
1,0
1,0
1,0
1,0
1,0
1,0
1,0
1,0
1,0
1,0
1,0
1,0
1,0
1,0
1,0
1,0
1,0
1,0
1,0
1,0
1,0
1,0
1,0
1,0
1,0
1,0
1,0
1,0
1,0
1,0
1,0
1,0
1,0
1,0
1,0
1,0
1,0
1,0
1,0
1,0
1,0
1,0
1,0
1,0
1,0
1,0
1,0
1,0
1,0
1,0
1,0
1,0
1,0
1,0
1,0
1,0
1,0
1,0
1,0
1,0
1,0
1,0
1,0
1,0
1,0
1,0
1,0
1,0
1,0
1,0
1,0
1,0
1,0
1,0
1,0
1,0
1,0
1,0
1,0
1,0
1,0
1,0
1,0
1,0
1,0
1,0
1,0
1,0
1,0
1,0
1,0
1,0
1,0
1,0
1,0
1,0
1,0
1,0
1,0
1,0
1,0
1,0
1,0
1,0
1,0
1,0
1,0
1,0
1,0
1,0
1,0
1,0
1,0
1,0
1,0
1,0
1,0
1,0
1,0
1,0
1,0
1,0
1,0
1,0
1,0
1,0
1,0
1,0
1,0
1,0
1,0
1,0
1,0
1,0
1,0
1,0
1,0
1,0
1,0
1,0
1,0
1,0
1,0
1,0
1,0
1,0
1,0
1,0
1,0
1,0
1,0
1,0
1,0
1,0
1,0
1,0
1,0
1,0
1,0
1,0
1,0
1,0
1,0
1,0
1,0
1,0
1,0
1,0
1,0
1,0
1,0
1,0
1,0
1,0
1,0
1,0
1,0
1,0
1,0
1,0
1,0
1,0
1,0
1,0
1,0
1,0
1,0
1,0
1,0
1,0
1,0
1,0
1,0
1,0
1,0
1,0
1,0
1,0
1,0
1,0
1,0
1,0
1,0
1,0
1,0
1,0
1,0
1,0
1,0
1,0
1,0
1,0
1,0
1,0
1,0
1,0
1,0
1,0
1,0
1,0
1,0
1,0
1,0
1,0
1,0
1,0
1,0
1,0
1,0
1,0
1,0
1,0
1,0
1,0
1,0
1,0
1,0
1,0
1,0
1,0
1,0
1,0
1,0
1,0
1,0
1,0
1,0
1,0
1,0
1,0
1,0
1,0
1,0
1,0
1,0
1,0
1,0
1,0
1,0
1,0
1,0
1,0
1,0
1,0
1,0
1,0
1,0
1,0
1,0
1,0
1,0
1,0
1,0
1,0
1,0
1,0
1,0
1,0
1,0
1,0
1,0
1,0
1,0
1,0
1,0
1,0
1,0
1,0
1,0
1,0
1,0
1,0
1,0
1,0
1,0
1,0
1,0
1,0
1,0
1,0
1,0
1,0
1,0
1,0
1,0
1,0
1,0
1,0
1,0
1,0
1,0
1,0
1,0
1,0
1,0
1,0
1,0
1,0
1,0
1,0
1,0
1,0
1,0
1,0
1,0
1,0
1,0
1,0
1,0
1,0
1,0
1,0
1,0
1,0
1,0
1,0
1,0
1,0
1,0
1,0
1,0
1,0
1,0
1,0
1,0
1,0
1,0
1,0
1,0
1,0
1,0
1,0
1,0
1,0
1,0
1,0
1,0
1,0
1,0
1,0
1,0
1,0
1,0
1,0
1,0
1,0
1,0
1,0
1,0
1,0
1,0
1,0
1,0
1,0
1,0
1,0
1,0
1,0
1,0
1,0
1,0
1,0
1,0
1,0
1,0
1,0
1,0
1,0
1,0
1,0
1,0
1,0
1,0
1,0
1,0
1,0
1,0
1,0
1,0
1,0
1,0
1,0
1,0
1,0
1,0
1,0
1,0
1,0
1,0
1,0
1,0
1,0
1,0
1,0
1,0
1,0
1,0
1,0
1,0
1,0
1,0
1,0
1,0
1,0
1,0
1,0
1,0
1,0
1,0
1,0
1,0
1,0
1,0
1,0
1,0
1,0
1,0
1,0
1,0
1,0
1,0
1,0
1,0
1,0
1,0
1,0
1,0
1,0
1,0
1,0
1,0
1,0
1,0
1,0
1,0
1,0
1,0
1,0
1,0
1,0
1,0
1,0
1,0
1,0
1,0
1,0
1,0
1,0
1,0
1,0
1,0
1,0
1,0
1,0
1,0
1,0
1,0
1,0
1,0
1,0
1,0
1,0
1,0
1,0
1,0
1,0
1,0
1,0
1,0
1,0
1,0
1,0
1,0
1,0
1,0
1,0
1,0
1,0
1,0
1,0
1,0
1,0
1,0
1,0
1,0
1,0
1,0
1,0
1,0
1,0
1,0
1,0
1,0
1,0
1,0
1,0
1,0
1,0
1,0
1,0
1,0
1,0
1,0
1,0
1,0
1,0
1,0
1,0
1,0
1,0
1,0
1,0
1,0
1,0
1,0
1,0
1,0
1,0
1,0
1,0
1,0
1,0
1,0
1,0
1,0
1,0
1,0
1,0
1,0
1,0
1,0
1,0
1,0
1,0
1,0
1,0
1,0
1,0
1,0
1,0
1,0
1,0
1,0
1,0
1,0
1,0
1,0
1,0
1,0
1,0
1,0
1,0
1,0
1,0
1,0
1,0
1,0
1,0
1,0
1,0
1,0
1,0
1,0
1,0
1,0
1,0
1,0
1,0
1,0
1,0
1,0
1,0
1,0
1,0
1,0
1,0
1,0
1,0
1,0
1,0
1,0
1,0
1,0
1,0
1,0
1,0
1,0
1,0
1,0
1,0
1,0
1,0
1,0
1,0
1,0
1,0
1,0
1,0
1,0
1,0
1,0
1,0
1,0
1,0
1,0
1,0
1,0
1,0
1,0
1,0
1,0
1,0
1,0
1,0
1,0
1,0
1,0
1,0
1,0
1,0
1,0
1,0
1,0
1,0
1,0
1,0
1,0
1,0
1,0
1,0
1,0
1,0
1,0
1,0
1,0
1,0
1,0
1,0
1,0
1,0
1,0
1,0
1,0
1,0
1,0
1,0
1,0
1,0
1,0
1,0
1,0
1,0
1,0
1,0
1,0
1,0
1,0
1,0
1,0
1,0
1,0
1,0
1,0
1,0
1,0
1,0
1,0
1,0
1,0
1,0
1,0
1,0
1,0
1,0
1,0
1,0
1,0
1,0
1,0
1,0
1,0
1,0
1,0
1,0
1,0
1,0
1,0
1,0
1,0
1,0
1,0
1,0
1,0
1,0
1,0
1,0
1,0
1,0
1,0
1,0
1,0
1,0
1,0
1,0
1,0
1,0
1,0
1,0
1,0
1,0
1,0
1,0
1,0
1,0
1,0
1,0
1,0
1,0
1,0
1,0
1,0
1,0
1,0
1,0
1,0
1,0
1,0
1,0
1,0
1,0
1,0
1,0
1,0
1,0
1,0
1,0
1,0
1,0
1,0
1,0
1,0
1,0
1,0
1,0
1,0
1,0
1,0
1,0
1,0
1,0
1,0
1,0
1,0
1,0
1,0
1,0
1,0
1,0
1,0
1,0
1,0
1,0
1,0
1,0
1,0
1,0
1,0
1,0
1,0
1,0
1,0
1,0
1,0
1,0
1,0
1,0
1,0
1,0
1,0
1,0
1,0
1,0
1,0
1,0
1,0
1,0
1,0
1,0
1,0
1,0
1,0
1,0
1,0
1,0
1,0
1,0
1,0
1,0
1,0
1,0
1,0
1,0
1,0
1,0
1,0
1,0
1,0
1,0
1,0
1,0
1,0
1,0
1,0
1,0
1,0
1,0
1,0
1,0
1,0
1,0
1,0
1,0
1,0
1,0
1,0
1,0
1,0
1,0
1,0
1,0
1,0
1,0
1,0
1,0
1,0
1,0
1,0
1,0
1,0
1,0
1,0
1,0
1,0
1,0
1,0
1,0
1,0
1,0
1,0
1,0
1,0
1,0
1,0
1,0
1,0
1,0
1,0
1,0
1,0
1,0
1,0
1,0
1,0
1,0
1,0
1,0
1,0
1,0
1,0
1,0
1,0
1,0
1,0
1,0
1,0
1,0
1,0
1,0
1,0
1,0
1,0
1,0
1,0
1,0
1,0
1,0
1,0
1,0
1,0
1,0
1,0
1,0
1,0
1,0
1,0
1,0
1,0
1,0
1,0
1,0
1,0
1,0
1,0
1,0
1,0
1,0
1,0
1,0
1,0
1,0
1,0
1,0
1,0
1,0
1,0
1,0
1,0
1,0
1,0
1,0
1,0
1,0
1,0
1,0
1,0
1,0
1,0
1,0
1,0
1,0
1,0
1,0
1,0
1,0
1,0
1,0
1,0
1,0
1,0
1,0
1,0
1,0
1,0
1,0
1,0
1,0
1,0
1,0
1,0
1,0
1,0
1,0
1,0
1,0
1,0
1,0
1,0
1,0
1,0
1,0
1,0
1,0
1,0
1,0
1,0
1,0
1,0
1,0
1,0
1,0
1,0
1,0
1,0
1,0
1,0
1,0
1,0
1,0
1,0
1,0
1,0
1,0
1,0
1,0
1,0
1,0
1,0
1,0
1,0
1,0
1,0
1,0
1,0
1,0
1,0
1,0
1,0
1,0
1,0
1,0
1,0
1,0
1,0
1,0
1,0
1,0
1,0
1,0
1,0
1,0
1,0
1,0
1,0
1,0
1,0
1,0
1,0
1,0
1,0
1,0
1,0
1,0
1,0
1,0
1,0
1,0
1,0
1,0
1,0
1,0
1,0
1,0
1,0
1,0
1,0
1,0
1,0
1,0
1,0
1,0
1,0
1,0
1,0
1,0
1,0
1,0
1,0
1,0
1,0
1,0
1,0
1,0
1,0
1,0
1,0
1,0
1,0
1,0
1,0
1,0
1,0
1,0
1,0
1,0
1,0
1,0
1,0
1,0
1,0
1,0
1,0
1,0
1,0
1,0
1,0
1,0
1,0
1,0
1,0
1,0
1,0
1,0
1,0
1,0
1,0
1,0
1,0
1,0
1,0
1,0
1,0
1,0
1,0
1,0
1,0
1,0
1,0
1,0
1,0
1,0
1,0
1,0
1,0
1,0
1,0
1,0
1,0
1,0
1,0
1,0
1,0
1,0
1,0
1,0
1,0
1,0
1,0
1,0
1,0
1,0
1,0
1,0
1,0
1,0
1,0
1,0
1,0
1,0
1,0
1,0
1,0
1,0
1,0
1,0
1,0
1,0
1,0
1,0
1,0
1,0
1,0
1,0
1,0
1,0
1,0
1,0
1,0
1,0
1,0
1,0
1,0
1,0
1,0
1,0
1,0
1,0
1,0
1,0
1,0
1,0
1,0
1,0
1,0
1,0
1,0
1,0
1,0
1,0
1,0
1,0
1,0
1,0
1,0
1,0
1,0
1,0
1,0
1,0
1,0
1,0
1,0
1,0
1,0
1,0
1,0
1,0
1,0
1,0
1,0
1,0
1,0
1,0
1,0
1,0
1,0
1,0
1,0
1,0
1,0
1,0
1,0
1,0
1,0
1,0
1,0
1,0
1,0
1,0
1,0
1,0
1,0
1,0
1,0
1,0
1,0
1,0
1,0
1,0
1,0
1,0
1,0
1,0
1,0
1,0
1,0
1,0
1,0
1,0
1,0
1,0
1,0
1,0
1,0
1,0
1,0
1,0
1,0
1,0
1,0
1,0
1,0
1,0
1,0
1,0
1,0
1,0
1,0
1,0
1,0
1,0
1,0
1,0
1,0
1,0
1,0
1,0
1,0
1,0
1,0
1,0
1,0
1,0
1,0
1,0
1,0
1,0
1,0
1,0
1,0
1,0
1,0
1,0
1,0
1,0
1,0
1,0
1,0
1,0
1,0
1,0
1,0
1,0
1,0
1,0
1,0
1,0
1,0
1,0
1,0
1,0
1,0
1,0
1,0
1,0
1,0
1,0
1,0
1,0
1,0
1,0
1,0
1,0
1,0
1,0
1,0
1,0
1,0
1,0
1,0
1,0
1,0
1,0
1,0
1,0
1,0
1,0
1,0
1,0
1,0
1,0
1,0
1,0
1,0
1,0
1,0
1,0
1,0
1,0
1,0
1,0
1,0
1,0
1,0
1,0
1,0
1,0
1,0
1,0
1,0
1,0
1,0
1,0
1,0
1,0
1,0
1,0
1,0
1,0
1,0
1,0
1,0
1,0
1,0
1,0
1,0
1,0
1,0
1,0
1,0
1,0
1,0
1,0
1,0
1,0
1,0
1,0
1,0
1,0
1,0
1,0
1,0
1,0
1,0
1,0
1,0
1,0
1,0
1,0
1,0
1,0
1,0
1,0
1,0
1,0
1,0
1,0
1,0
1,0
1,0
1,0
1,0
1,0
1,0
1,0
1,0
1,0
1,0
1,0
1,0
1,0
1,0
1,0
1,0
1,0
1,0
1,0
1,0
1,0
1,0
1,0
1,0
1,0
1,0
1,0
1,0
1,0
1,0
1,0
1,0
1,0
1,0
1,0
1,0
1,0
1,0
1,0
1,0
1,0
1,0
1,0
1,0
1,0
1,0
1,0
1,0
1,0
1,0
1,0
1,0
1,0
1,0
1,0
1,0
1,0
1,0
1,0
1,0
1,0
1,0
1,0
1,0
1,0
1,0
1,0
1,0
1,0
1,0
1,0
1,0
1,0
1,0
1,0
1,0
1,0
1,0
1,0
1,0
1,0
1,0
1,0
1,0
1,0
1,0
1,0
1,0
1,0
1,0
1,0
1,0
1,0
1,0
1,0
1,0
1,0
1,0
1,0
1,0
1,0
1,0
1,0
1,0
1,0
1,0
1,0
1,0
1,0
1,0
1,0
1,0
1,0
1,0
1,0
1,0
1,0
1,0
1,0
1,0
1,0
1,0
1,0
1,0
1,0
1,0
1,0
1,0
1,0
1,0
1,0
1,0
1,0
1,0
1,0
1,0
1,0
1,0
1,0
1,0
1,0
1,0
1,0
1,0
1,0
1,0
1,0
1,0
1,0
1,0
1,0
1,0
1,0
1,0
1,0
1,0
1,0
1,0
1,0
1,0
1,0
1,0
1,0
1,0
1,0
1,0
1,0
1,0
1,0
1,0
1,0
1,0
1,0
1,0
1,0
1,0
1,0
1,0
1,0
1,0
1,0
1,0
1,0
1,0
1,0
1,0
1,0
1,0
1,0
1,0
1,0
1,0
1,0
1,0
1,0
1,0
1,0
1,0
1,0
1,0
1,0
1,0
1,0
1,0
1,0
1,0
1,0
1,0
1,0
1,0
1,0
1,0
1,0
1,0
1,0
1,0
1,0
1,0
1,0
1,0
1,0
1,0
1,0
1,0
1,0
1,0
1,0
1,0
1,0
1,0
1,0
1,0
1,0
1,0
2,0
2,0
2,0
2,0
2,0
2,0
2,0
2,0
2,0
2,0
2,0
2,0
2,0
2,0
2,0
2,0
2,0
2,0
2,0
2,0
2,0
2,0
2,0
2,0
2,0
2,0
2,0
2,0
2,0
2,0
2,0
2,0
2,0
2,0
2,0
2,0
2,0
2,0
2,0
2,0
2,0
2,0
2,0
2,0
2,0
2,0
2,0
2,0
2,0
2,0
2,0
2,0
2,0
2,0
2,0
2,0
2,0
2,0
2,0
2,0
2,0
2,0
2,0
2,0
2,0
2,0
2,0
2,0
2,0
2,0
2,0
2,0
2,0
2,0
2,0
2,0
2,0
2,0
2,0
2,0
2,1
2,1
2,1
2,1
2,1
2,1
2,1
2,1
2,1
2,1
2,1
2,1
2,1
2,1
2,1
2,1
2,1
2,1
2,1
2,1
2,1
2,1
2,1
2,1
2,1
2,1
2,1
2,1
2,1
2,1
2,1
2,1
2,1
2,1
2,1
2,1
2,1
2,1
2,1
2,1
2,1
2,1
2,1
2,1
2,1
2,1
2,1
2,1
2,1
2,1
2,1
2,1
2,1
2,1
2,1
2,1
2,1
2,1
2,1
2,1
2,1
2,1
2,1
2,1
2,1
2,1
2,1
2,1
2,1
2,1
2,1
2,1
2,1
2,1
2,1
2,1
2,1
2,1
2,1
2,1
2,1
2,1
2,1
2,1
2,1
2,1
2,1
2,1
2,1
2,1
2,1
2,1
2,1
2,1
2,1
2,1
2,1
2,1
2,1
2,1
2,1
2,1
2,1
2,1
2,1
2,1
2,1
2,1
2,1
2,1
2,1
2,1
2,1
2,1
2,1
2,1
2,1
2,1
2,1
2,1
2,1
2,1
2,1
2,1
2,1
2,1
2,1
2,1
2,1
2,1
2,1
2,1
2,1
2,1
2,1
2,1
2,1
2,1
2,1
2,1
2,1
2,1
2,1
2,1
2,1
2,1
2,1
2,1
2,1
2,1
2,1
2,1
2,1
2,1
2,1
2,1
2,1
2,1
2,1
2,1
2,1
2,1
2,1
2,1
2,1
2,1
2,1
2,1
2,1
2,1
2,1
2,1
2,1
2,1
2,1
2,1
2,1
2,1
2,1
2,1
2,1
2,1
2,1
2,1
2,1
2,1
2,1
2,1
2,1
2,1
2,1
2,1
2,1
2,1
2,1
2,1
2,1
2,1
2,1
2,1
2,1
2,1
2,1
2,1
2,1
2,1
2,1
2,1
2,1
2,1
2,1
2,1
2,1
2,1
2,1
2,1
2,1
2,1
2,1
2,1
2,1
2,1
2,1
2,1
2,1
2,1
2,1
2,1
2,1
2,1
2,1
2,1
2,1
2,1
2,1
2,1
2,1
2,1
2,1
2,1
2,1
2,1
2,1
2,1
2,1
2,1
2,1
2,1
2,1
2,1
2,1
2,1
2,1
2,1
2,1
2,1
2,1
2,1
2,1
2,1
2,1
2,1
2,1
2,1
2,1
2,1
2,1
2,1
2,1
2,1
2,1
2,1
2,1
2,1
2,1
2,1
2,1
2,1
2,1
2,1
2,1
2,1
2,1
2,1
2,1
2,1
2,1
2,1
2,1
2,1
2,1
2,1
2,1
2,1
2,1
2,1
2,1
2,1
2,1
2,1
2,1
2,1
2,1
2,1
2,1
2,1
2,1
2,1
2,1
2,1
2,1
2,1
2,1
2,1
2,1
2,1
2,1
2,1
2,1
2,1
2,1
2,1
2,1
2,1
2,1
2,1
2,1
2,1
2,1
2,1
2,1
2,1
2,1
2,1
2,1
2,1
2,1
2,1
2,1
2,1
2,1
2,1
2,1
2,1
2,1
2,1
2,1
2,1
2,1
2,1
2,1
2,1
2,1
2,1
2,1
2,1
2,1
2,1
2,1
2,1
2,1
2,1
2,1
2,1
2,1
2,1
2,1
2,1
2,1
2,1
2,1
2,1
2,1
2,1
2,1
2,1
2,1
2,1
2,1
2,1
2,1
2,1
2,1
2,1
2,1
2,1
2,1
2,1
2,1
2,1
2,1
2,1
2,1
2,1
2,1
2,1
2,1
2,1
2,1
2,1
2,1
2,1
2,1
2,1
2,1
2,1
2,1
2,1
2,1
2,1
2,1
2,1
2,1
2,1
2,1
2,1
2,1
2,1
2,1
2,1
2,1
2,1
2,1
2,1
2,1
2,1
2,1
2,1
2,1
2,1
2,1
2,1
2,1
2,1
2,1
2,1
2,1
2,1
2,1
2,1
2,1
2,1
2,1
2,1
2,1
2,1
2,1
2,1
2,1
2,1
2,1
2,1
2,1
2,1
2,1
2,1
2,1
2,1
2,1
2,1
2,1
2,1
2,1
2,1
2,1
2,1
2,1
2,1
2,1
2,1
2,1
2,1
2,1
2,1
2,1
2,1
2,1
2,1
2,1
2,1
2,1
2,1
2,1
2,1
2,1
2,1
2,1
2,1
2,1
2,1
2,1
2,1
2,1
2,1
2,1
2,1
2,1
2,1
2,1
2,1
2,1
2,1
2,1
2,1
2,1
2,1
2,1
2,1
2,1
2,1
2,1
2,1
2,1
2,1
2,1
2,1
2,1
2,1
2,1
2,1
2,1
2,1
2,1
2,1
2,1
2,1
2,1
2,1
2,1
2,1
2,1
2,1
2,1
2,1
2,1
2,1
2,1
2,1
2,1
2,1
2,1
2,1
2,1
2,1
2,1
2,1
2,1
2,1
2,1
2,1
2,1
2,1
2,1
2,1
2,1
2,1
2,1
2,1
2,1
2,1
2,1
2,1
2,1
2,1
2,1
2,1
2,1
2,1
2,1
2,1
2,1
2,1
2,1
2,1
2,1
2,1
2,1
2,1
2,1
2,1
2,1
2,1
2,1
2,1
2,1
2,1
2,1
2,1
2,1
2,1
2,1
2,1
2,1
2,1
2,1
2,1
2,1
2,1
2,1
2,1
2,1
2,1
2,1
2,1
2,1
2,1
2,1
2,1
2,1
2,1
2,1
2,1
2,1
2,1
2,1
2,1
2,1
2,1
2,1
2,1
2,1
2,1
2,1
2,1
2,1
2,1
2,1
2,1
2,1
2,1
2,1
2,1
2,1
2,1
2,1
2,1
2,1
2,1
2,1
2,1
2,1
2,1
2,1
2,1
2,1
2,1
2,1
2,1
2,1
2,1
2,1
2,1
2,1
2,1
2,1
2,1
2,1
2,1
2,1
2,1
2,1
2,1
2,1
2,1
2,1
2,1
2,1
2,1
2,1
2,1
2,1
2,1
2,1
2,1
2,1
2,1
2,1
2,1
2,1
2,1
2,1
2,1
2,1
2,1
2,1
2,1
2,1
2,1
2,1
2,1
2,1
2,1
2,1
2,1
2,1
2,1
2,1
2,1
2,1
2,1
2,1
2,1
2,1
2,1
2,1
2,1
2,1
2,1
2,1
2,1
2,1
2,1
2,1
2,1
2,1
2,1
2,1
2,1
2,1
2,1
2,1
2,1
2,1
2,1
2,1
2,1
2,1
2,1
2,1
2,1
2,1
2,1
2,1
2,1
2,1
2,1
2,1
2,1
2,1
2,1
2,1
2,1
2,1
2,1
2,1
2,1
2,1
2,1
2,1
2,1
2,1
2,1
2,1
2,1
2,1
2,1
2,1
2,1
2,1
2,1
2,1
2,1
2,1
2,1
2,1
2,1
2,1
2,1
2,1
2,1
2,1
2,1
2,1
2,1
2,1
2,1
2,1
2,1
2,1
2,1
2,1
2,1
2,1
2,1
2,1
2,1
2,1
2,1
2,1
2,1
2,1
2,1
2,1
2,1
2,1
2,1
2,1
2,1
2,1
2,1
2,1
2,1
2,1
2,1
2,1
2,1
2,1
2,1
2,1
2,1
2,1
2,1
2,1
2,1
2,1
2,1
2,1
2,1
2,1
2,1
2,1
2,1
2,1
2,1
2,1
2,1
2,1
2,1
2,1
2,1
2,1
2,1
2,1
2,1
2,1
2,1
2,1
2,1
2,1
2,1
2,1
2,1
2,1
2,1
2,1
2,1
2,1
2,1
2,1
2,1
2,1
2,1
2,1
2,1
2,1
2,1
2,1
2,1
2,1
2,1
2,1
2,1
2,1
2,1
2,1
2,1
2,1
2,1
2,1
2,1
2,1
2,1
2,1
2,1
2,1
2,1
2,1
2,1
2,1
2,1
2,1
2,1
2,1
2,1
2,1
2,1
2,1
2,1
2,1
2,1
2,1
2,1
2,1
2,1
2,1
2,1
2,1
2,1
2,1
2,1
2,1
2,1
2,1
2,1
2,1
2,1
2,1
2,1
2,1
2,1
2,1
2,1
2,1
2,1
2,1
2,1
2,1
2,1
2,1
2,1
2,1
2,1
2,1
2,1
2,1
2,1
2,1
2,1
2,1
2,1
2,1
2,1
2,1
2,1
2,1
2,1
2,1
2,1
2,1
2,1
2,1
2,1
2,1
2,1
2,1
2,1
2,1
2,1
2,1
2,1
2,1
2,1
2,1
2,1
2,1
2,1
2,1
2,1
2,1
2,1
2,1
2,1
2,1
2,1
2,1
2,1
2,1
2,1
2,1
2,1
2,1
2,1
2,1
2,1
2,1
2,1
2,1
2,1
2,1
2,1
2,1
2,1
2,1
2,1
2,1
2,1
2,1
2,1
2,1
2,1
2,1
2,1
2,1
2,1
2,1
2,1
2,1
2,1
2,1
2,1
2,1
2,1
2,1
2,1
2,1
2,1
2,1
2,1
2,1
2,1
2,1
2,1
2,1
2,1
2,1
2,1
2,1
2,1
2,1
2,1
2,1
2,1
2,1
2,1
2,1
2,1
2,1
2,1
2,1
2,1
2,1
2,1
2,1
2,1
2,1
2,1
2,1
2,1
2,1
2,1
2,1
2,1
2,1
2,1
2,1
2,1
2,1
2,1
2,1
2,1
2,1
2,1
2,1
2,1
2,1
2,1
2,1
2,1
2,1
2,1
2,1
2,1
2,1
2,1
2,1
2,1
2,1
2,1
2,1
2,1
2,1
2,1
2,1
2,1
2,1
2,1
2,1
2,1
2,1
2,1
2,1
2,1
2,1
2,1
2,1
2,1
2,1
2,1
2,1
2,1
2,1
2,1
2,1
2,1
2,1
2,1
2,1
2,1
2,1
2,1
2,1
2,1
2,1
2,1
2,1
2,1
2,1
2,1
2,1
2,1
2,1
2,1
2,1
2,1
2,1
2,1
2,1
2,1
2,1
2,1
2,1
2,1
2,1
2,1
2,1
2,1
2,1
2,1
2,1
2,1
2,1
2,1
2,1
2,1
2,1
2,1
2,1
2,1
2,1
2,1
2,1
2,1
2,1
2,1
2,1
2,1
2,1
2,1
2,1
2,1
2,1
2,1
2,1
2,1
2,1
2,1
2,1
2,1
2,1
2,1
2,1
2,1
2,1
2,1
2,1
2,1
2,1
2,1
2,1
2,1
2,1
2,1
2,1
2,1
2,1
2,1
2,1
2,1
2,1
2,1
2,1
2,1
2,1
2,1
2,1
2,1
2,1
2,1
2,1
2,1
2,1
2,1
2,1
2,1
2,1
2,1
2,1
2,1
2,1
2,1
2,1
2,1
2,1
2,1
2,1
2,1
2,1
2,1
2,1
2,1
2,1
2,1
2,1
2,1
2,1
2,1
2,1
2,1
2,1
2,1
2,1
2,1
2,1
2,1
2,1
2,1
2,1
2,1
2,1
2,1
2,1
2,1
2,1
2,1
2,1
2,1
2,1
2,1
2,1
2,1
2,1
2,1
2,1
2,1
2,1
2,1
2,1
2,1
2,1
2,1
2,1
2,1
2,1
2,1
2,1
2,1
2,1
2,1
2,1
2,1
2,1
2,1
2,1
2,1
2,1
2,1
2,1
2,1
2,1
2,1
2,1
2,1
2,1
2,1
2,1
2,1
2,1
2,1
2,1
2,1
2,1
2,1
2,1
2,1
2,1
2,1
2,1
2,1
2,1
2,1
2,1
2,1
2,1
2,1
2,1
2,1
2,1
2,1
2,1
2,1
2,1
2,1
2,1
2,1
2,1
2,1
2,1
2,1
2,1
2,1
2,1
2,1
2,1
2,1
2,1
2,1
2,1
2,1
2,1
2,1
2,1
2,1
2,1
2,1
2,1
2,1
2,1
2,1
2,1
2,1
2,1
2,1
2,1
2,1
2,1
2,1
2,1
2,1
2,1
2,1
2,1
2,1
2,1
2,1
2,1
2,1
2,1
2,1
2,1
2,1
2,1
2,1
2,1
2,1
2,1
2,1
2,1
2,1
2,1
2,1
2,1
2,1
2,1
2,1
2,1
2,1
2,1
2,1
2,1
2,1
2,1
2,1
2,1
2,1
2,1
2,1
2,1
2,1
2,1
2,1
2,1
2,1
2,1
2,1
2,1
2,1
2,1
2,1
2,1
2,1
2,1
2,1
2,1
2,1
2,1
2,1
2,1
2,1
2,1
2,1
2,1
2,1
2,1
2,1
2,1
2,1
2,1
2,1
2,1
2,1
2,1
2,1
2,1
2,1
2,1
2,1
2,1
2,1
2,1
2,1
2,1
2,1
2,1
2,1
2,1
2,1
2,1
2,1
2,1
2,1
2,1
2,1
2,1
2,1
2,1
2,1
2,1
2,1
2,1
2,1
2,1
2,1
2,1
2,1
2,1
2,1
2,1
2,1
2,1
2,1
2,1
2,1
2,1
2,1
2,1
2,1
2,1
2,1
2,1
2,1
2,1
2,1
2,1
2,1
2,1
2,1
2,1
2,1
2,1
2,1
2,1
2,1
2,1
2,1
2,1
2,1
2,1
2,1
2,1
2,1
2,1
2,1
2,1
2,1
2,1
2,1
2,1
2,1
2,1
2,1
2,1
2,1
2,1
2,1
2,1
2,1
2,1
2,1
2,1
2,1
2,1
2,1
2,1
2,1
2,1
2,1
2,1
2,1
2,1
2,1
2,1
2,1
2,1
2,1
2,1
2,1
2,1
2,1
2,1
2,1
2,1
2,1
2,1
2,1
2,1
2,1
2,1
2,1
2,1
2,1
2,1
2,1
2,1
2,1
2,1
2,1
2,1
2,1
2,1
2,1
2,1
2,1
2,1
2,1
2,1
2,1
2,1
2,1
2,1
2,1
2,1
2,1
2,1
2,1
2,1
2,1
2,1
2,1
2,1
2,1
2,1
2,1
2,1
2,1
2,1
2,1
2,1
2,1
2,1
2,1
2,1
2,1
2,1
2,1
2,1
2,1
2,1
2,1
2,1
2,1
2,1
2,1
2,1
2,1
2,1
2,1
2,1
2,1
2,1
2,1
2,1
2,1
2,1
2,1
2,1
2,1
2,1
2,1
2,1
2,1
2,1
2,1
2,1
2,1
2,1
2,1
2,1
2,1
2,1
2,1
2,1
2,1
2,1
2,1
2,1
2,1
2,1
2,1
2,1
2,1
2,1
2,1
2,1
2,1
2,1
2,1
2,1
2,1
2,1
2,1
2,1
2,1
2,1
2,1
2,1
2,1
2,1
2,1
2,1
2,1
2,1
2,1
2,1
2,1
2,1
2,1
2,1
2,1
2,1
2,1
2,1
2,1
2,1
2,1
2,1
2,1
2,1
2,1
2,1
2,1
2,1
2,1
2,1
2,1
2,1
2,1
2,1
2,1
2,1
2,1
2,1
2,1
2,1
2,1
2,1
2,1
2,1
2,1
2,1
2,1
2,1
2,1
2,1
2,1
2,1
2,1
2,1
2,1
2,1
2,1
2,1
2,1
2,1
2,1
2,1
2,1
2,1
2,1
2,1
2,1
2,1
2,1
2,1
2,1
2,1
2,1
2,1
2,1
2,1
2,1
2,1
2,1
2,1
2,1
2,1
2,1
2,1
2,1
2,1
2,1
2,1
2,1
2,1
2,1
2,1
2,1
2,1
2,1
2,1
2,1
2,1
2,1
2,1
2,1
2,1
2,1
2,1
2,1
2,1
2,1
2,1
2,1
2,1
2,1
2,1
2,1
2,1
2,1
2,1
2,1
2,1
2,1
2,1
2,1
2,1
2,1
2,1
2,1
2,1
2,1
2,1
2,1
2,1
2,1
2,1
2,1
2,1
2,1
2,1
2,1
2,1
2,1
2,1
2,1
2,1
2,1
2,1
2,1
2,1
2,1
2,1
2,1
2,1
2,1
2,1
2,1
2,1
2,1
2,1
2,1
2,1
2,1
2,1
2,1
2,1
2,1
2,1
2,1
2,1
2,1
2,1
2,1
2,1
2,1
2,1
2,1
2,1
2,1
2,1
2,1
2,1
2,1
2,1
2,1
2,1
2,1
2,1
2,1
2,1
2,1
2,1
2,1
2,1
2,1
2,1
2,1
2,1
2,1
2,1
2,1
2,1
2,1
2,1
2,1
2,1
2,1
2,1
2,1
2,1
2,1
2,1
2,1
2,1
2,1
2,1
2,1
2,1
2,1
2,1
2,1
2,1
2,1
2,1
2,1
2,1
2,1
2,1
2,1
2,1
2,1
2,1
2,1
2,1
2,1
2,1
2,1
2,1
2,1
2,1
2,1
2,1
2,1
2,1
2,1
2,1
2,1
2,1
2,1
2,1
2,1
2,1
2,1
2,1
2,1
2,1
2,1
2,1
2,1
2,1
2,1
2,1
2,1
2,1
2,1
2,1
2,1
2,1
2,1
2,1
2,1
2,1
2,1
2,1
2,1
2,1
2,1
2,1
2,1
2,1
2,1
2,1
2,1
2,1
2,1
2,1
2,1
2,1
2,1
2,1
2,1
2,1
2,1
2,1
2,1
2,1
2,1
2,1
2,1
2,1
2,1
2,1
2,1
2,1
2,1
2,1
2,1
2,1
2,1
2,1
2,1
2,1
2,1
2,1
2,1
2,1
2,1
2,1
2,1
2,1
2,1
2,1
2,1
2,1
2,1
2,1
2,1
2,1
2,1
2,1
2,1
2,1
2,1
2,1
2,1
2,1
2,1
2,1
2,1
2,1
2,1
2,1
2,1
2,1
2,1
2,1
2,1
2,1
2,1
2,1
2,1
2,1
2,1
2,1
2,1
2,1
2,1
2,1
2,1
2,1
2,1
2,1
2,1
2,1
2,1
2,1
2,1
2,1
2,1
2,1
2,1
2,1
2,1
2,1
2,1
2,1
2,1
2,1
2,1
2,1
2,1
2,1
2,1
2,1
2,1
2,1
2,1
2,1
2,1
2,1
2,1
2,1
2,1
2,1
2,1
2,1
2,1
2,1
2,1
2,1
2,1
2,1
2,1
2,1
2,1
2,1
2,1
2,1
2,1
2,1
2,1
2,1
2,1
2,1
2,1
2,1
2,1
2,1
2,1
2,1
2,1
2,1
2,1
2,1
2,1
2,1
2,1
2,1
2,1
2,1
2,1
2,1
2,1
2,1
2,1
2,1
2,1
2,1
2,1
2,1
2,1
2,1
2,1
2,1
2,1
2,1
2,1
2,1
2,1
2,1
2,1
2,1
2,1
2,1
2,1
2,1
2,1
2,1
2,1
2,1
2,1
2,1
2,1
2,1
2,1
2,1
2,1
2,1
2,1
2,1
2,1
2,1
2,1
2,1
2,1
2,1
2,1
2,1
2,1
2,1
2,1
2,1
2,1
2,1
2,1
2,1
2,1
2,1
2,1
2,1
2,1
2,1
2,1
2,1
2,1
2,1
2,1
2,1
2,1
2,1
2,1
2,1
2,1
2,1
2,1
2,1
2,1
2,1
2,1
2,1
2,1
2,1
2,1
2,1
2,1
2,1
2,1
2,1
2,1
2,1
2,1
2,1
2,1
2,1
2,1
2,1
2,1
2,1
2,1
2,1
2,1
2,1
2,1
2,1
2,1
2,1
2,1
2,1
2,1
2,1
2,1
2,1
2,1
2,1
2,1
2,1
2,1
2,1
2,1
2,1
2,1
2,1
2,1
2,1
2,1
2,1
2,1
2,1
2,1
2,1
2,1
2,1
2,1
2,1
2,1
2,1
2,1
2,1
2,1
2,1
2,1
2,1
2,1
2,1
2,1
2,1
2,1
2,1
2,1
2,1
2,1
2,1
2,1
2,1
2,1
2,1
2,1
2,1
2,1
2,1
2,1
2,1
2,1
2,1
2,1
2,1
2,1
2,1
2,1
2,1
2,1
2,1
2,1
2,1
2,1
2,1
2,1
2,1
2,1
2,1
2,1
2,1
2,1
2,1
2,1
2,1
2,1
2,1
2,1
2,1
2,1
2,1
2,1
2,1
2,1
2,1
2,1
2,1
2,1
2,1
2,1
2,1
2,1
2,1
2,1
2,1
2,1
2,1
2,1
2,1
2,1
2,1
2,1
2,1
2,1
2,1
2,1
2,1
2,1
2,1
2,1
2,1
2,1
2,1
2,1
2,1
2,1
2,1
2,1
2,1
2,1
2,1
2,1
2,1
2,1
2,1
2,1
2,1
2,1
2,1
2,1
2,1
2,1
2,1
2,1
2,1
2,1
2,1
2,1
2,1
2,1
2,1
2,1
2,1
2,1
2,1
2,1
2,1
2,1
2,1
2,1
2,1
2,1
2,1
2,1
2,1
2,1
2,1
2,1
2,1
2,1
2,1
2,1
2,1
2,1
2,1
2,1
2,1
2,1
2,1
2,1
2,1
2,1
2,1
2,1
2,1
2,1
2,1
2,1
2,1
2,1
2,1
2,1
2,1
2,1
2,1
2,1
2,1
2,1
2,1
2,1
2,1
2,1
2,1
2,1
2,1
2,1
2,1
2,1
2,1
2,1
2,1
2,1
2,1
2,1
2,1
2,1
2,1
2,1
2,1
2,1
2,1
2,1
2,1
2,1
2,1
2,1
2,1
2,1
2,1
2,1
2,1
2,1
2,1
2,1
2,1
2,1
2,1
2,1
2,1
2,1
2,1
2,1
2,1
2,1
2,1
2,1
2,1
2,1
2,1
2,1
2,1
2,1
2,1
2,1
2,1
2,1
2,1
2,1
2,1
2,1
2,1
2,1
2,1
2,1
2,1
2,1
2,1
2,1
2,1
2,1
2,1
2,1
2,1
2,1
2,1
2,1
2,1
2,1
2,1
2,1
2,1
2,1
2,1
2,1
2,1
2,1
2,1
2,1
2,1
2,1
2,1
2,1
2,1
2,1
2,1
2,1
2,1
2,1
2,1
2,1
2,1
2,1
2,1
2,1
2,1
2,1
2,1
2,1
2,1
2,1
2,1
2,1
2,1
2,1
2,1
2,1
2,1
2,1
2,1
2,1
2,1
2,1
2,1
2,1
2,1
2,1
2,1
2,1
2,1
2,1
2,1
2,1
2,1
2,1
2,1
2,1
2,1
2,1
2,1
2,1
2,1
2,1
2,1
2,1
2,1
2,1
2,1
2,1
2,1
2,1
2,1
2,1
2,1
2,1
2,1
2,1
2,1
2,1
2,1
2,1
2,1
2,1
2,1
2,1
2,1
2,1
2,1
2,1
2,1
2,1
2,1
2,1
2,1
2,1
2,1
2,1
2,1
2,1
2,1
2,1
2,1
2,1
2,1
2,1
2,1
2,1
2,1
2,1
2,1
2,1
2,1
2,1
2,1
2,1
2,1
2,1
2,1
2,1
2,1
2,1
2,1
2,1
2,1
2,1
2,1
2,1
2,1
2,1
2,1
2,1
2,1
2,1
2,1
2,1
2,1
2,1
2,1
2,1
2,1
2,1
2,1
2,1
2,1
2,1
2,1
2,1
2,1
2,1
2,1
2,1
2,1
2,1
2,1
2,1
2,1
2,1
2,1
2,1
2,1
2,1
2,1
2,1
2,1
2,1
2,1
2,1
2,1
2,1
2,1
2,1
2,1
2,1
2,1
2,1
2,1
2,1
2,1
2,1
2,1
2,1
2,1
2,1
2,1
2,1
2,1
2,1
2,1
2,1
2,1
2,1
2,1
2,1
2,1
2,1
2,1
2,1
2,1
2,1
2,1
2,1
2,1
2,1
2,1
2,1
2,1
2,1
2,1
2,1
2,1
2,1
2,1
2,1
2,1
2,1
2,1
2,1
2,1
2,1
2,1
2,1
2,1
2,1
2,1
2,1
2,1
2,1
2,1
2,1
2,1
2,1
2,1
2,1
2,1
2,1
2,1
2,1
2,1
2,1
2,1
2,1
2,1
2,1
2,1
2,1
2,1
2,1
2,1
2,1
2,1
2,1
2,1
2,1
2,1
2,1
2,1
2,1
2,1
2,1
2,1
2,1
2,1
2,1
2,1
2,1
2,1
2,1
2,1
2,1
2,1
2,1
2,1
2,1
2,1
2,1
2,1
2,1
2,1
2,1
2,1
2,1
2,1
2,1
2,1
2,1
2,1
2,1
2,1
2,1
2,1
2,1
2,1
2,1
2,1
2,1
2,1
2,1
2,1
2,1
2,1
2,1
2,1
2,1
2,1
2,1
2,1
2,1
2,1
2,1
2,1
2,1
2,1
2,1
2,1
2,1
2,1
2,1
2,1
2,1
2,1
2,1
2,1
2,1
2,1
2,1
2,1
2,1
2,1
2,1
2,1
2,1
2,1
2,1
2,1
2,1
2,1
2,1
2,1
2,1
2,1
2,1
2,1
2,1
2,1
2,1
2,1
2,1
2,1
2,1
2,1
2,1
2,1
2,1
2,1
2,1
2,1
2,1
2,1
2,1
2,1
2,1
2,1
2,1
2,1
2,1
2,1
2,1
2,1
2,1
2,1
2,1
2,1
2,1
2,1
2,1
2,1
2,1
2,1
2,1
2,1
2,1
2,1
2,1
2,1
2,1
2,1
2,1
2,1
2,1
2,1
2,1
2,1
2,1
2,1
2,1
2,1
2,1
2,1
2,1
2,1
2,1
2,1
2,1
2,1
2,1
2,1
2,1
2,1
2,1
2,1
2,1
2,1
2,1
2,1
2,1
2,1
2,1
2,1
2,1
2,1
2,1
2,1
2,1
2,1
2,1
2,1
2,1
2,1
2,1
2,1
2,1
2,1
2,1
2,1
2,1
2,1
2,1
2,1
2,1
2,1
2,1
2,1
2,1
2,1
2,1
2,1
2,1
2,1
2,1
2,1
2,1
2,1
2,1
2,1
2,1
2,1
2,1
2,1
2,1
2,1
2,1
2,1
2,1
2,1
2,1
2,1
2,1
2,1
2,1
2,1
2,1
2,1
2,1
2,1
2,1
2,1
2,1
2,1
2,1
2,1
2,1
2,1
2,1
2,1
2,1
2,1
2,1
2,1
2,1
2,1
2,1
2,1
2,1
2,1
2,1
2,1
2,1
2,1
2,1
2,1
2,1
2,1
2,1
2,1
2,1
2,1
2,1
2,1
2,1
2,1
2,1
2,1
2,1
2,1
2,1
2,1
2,1
2,1
2,1
2,1
2,1
2,1
2,1
2,1
2,1
2,1
2,1
2,1
2,1
2,1
2,1
2,1
2,1
2,1
2,1
2,1
2,1
2,1
2,1
2,1
2,1
2,1
2,1
2,1
2,1
2,1
2,1
2,1
2,1
2,1
2,1
2,1
2,1
2,1
2,1
2,1
2,1
2,1
2,1
2,1
2,1
2,1
2,1
2,1
2,1
2,1
2,1
2,1
2,1
2,1
2,1
2,1
2,1
2,1
2,1
2,1
2,1
2,1
2,1
2,1
2,1
2,1
2,1
2,1
2,1
2,1
2,1
2,1
2,1
2,1
2,1
2,1
2,1
2,1
2,1
2,1
2,1
2,1
2,1
2,1
2,1
2,1
2,1
2,1
2,1
2,1
2,1
2,1
2,1
2,1
2,1
2,1
2,1
2,1
2,1
2,1
2,1
2,1
2,1
2,1
2,1
2,1
2,1
2,1
2,1
2,1
2,1
2,1
2,1
2,1
2,1
2,1
2,1
2,1
2,1
2,1
2,1
2,1
2,1
2,1
2,1
2,1
2,1
2,1
2,1
2,1
2,1
2,1
2,1
2,1
2,1
2,1
2,1
2,1
2,1
2,1
2,1
2,1
2,1
2,1
2,1
2,1
2,1
2,1
2,1
2,1
2,1
2,1
2,1
2,1
2,1
2,1
2,1
2,1
2,1
2,1
2,1
2,1
2,1
2,1
2,1
2,1
2,1
2,1
2,1
2,1
2,1
2,1
2,1
2,1
2,1
2,1
2,1
2,1
2,1
2,1
2,1
2,1
2,1
2,1
2,1
2,1
2,1
2,1
2,1
2,1
2,1
2,1
2,1
2,1
2,1
2,1
2,1
2,1
2,1
2,1
2,1
2,1
2,1
2,1
2,1
2,1
2,1
2,1
2,1
2,1
2,1
2,1
2,1
2,1
2,1
2,1
2,1
2,1
2,1
2,1
2,1
2,1
2,1
2,1
2,1
2,1
2,1
2,1
2,1
2,1
2,1
2,1
2,1
2,1
2,1
2,1
2,1
2,1
2,1
2,1
2,1
2,1
2,1
2,1
2,1
2,1
2,1
2,1
2,1
2,1
2,1
2,1
2,1
2,1
2,1
2,1
2,1
2,1
2,1
2,1
2,1
2,1
2,1
2,1
2,1
2,1
2,1
2,1
2,1
2,1
2,1
2,1
2,1
2,1
2,1
2,1
2,1
2,1
2,1
2,1
2,1
2,1
2,1
2,1
2,1
2,1
2,1
2,1
2,1
2,1
2,1
2,1
2,1
2,1
2,1
2,1
2,1
2,1
2,1
2,1
2,1
2,1
2,1
2,1
2,1
2,1
2,1
2,1
2,1
2,1
2,1
2,1
2,1
2,1
2,1
2,1
2,1
2,1
2,1
2,1
2,1
2,1
2,1
2,1
2,1
2,1
2,1
2,1
2,1
2,1
2,1
2,1
2,1
2,1
2,1
2,1
2,1
2,1
2,1
2,1
2,1
2,1
2,1
2,1
2,1
2,1
2,1
2,1
2,1
2,1
2,1
2,1
2,1
2,1
2,1
2,1
2,1
2,1
2,1
2,1
2,1
2,1
2,1
2,1
2,1
3,1
3,1
3,1
3,1
3,1
3,1
3,1
3,1
3,1
3,1
3,1
3,1
3,1
3,1
3,1
3,1
3,1
3,1
3,1
3,1
3,1
3,1
3,1
3,1
3,1
3,1
3,1
3,1
3,1
3,1
3,1
3,1
3,1
3,1
3,1
3,1
3,1
3,1
3,1
3,1
3,1
3,1
3,1
3,1
3,1
3,1
3,1
3,1
3,1
3,1
3,1
3,1
3,1
3,1
3,1
3,1
3,1
3,1
3,1
3,1
3,1
3,1
3,1
3,1
3,1
3,1
3,1
3,1
3,1
3,1
3,1
3,1
3,1
3,1
3,1
3,1
3,1
3,1
3,1
3,1
3,1
3,1
3,1
3,1
3,1
3,1
3,1
3,1
3,1
3,1
3,1
3,1
3,1
3,1
3,1
3,1
3,1
3,1
3,1
3,1
3,1
3,1
3,1
3,1
3,1
3,1
3,1
3,1
3,1
3,1
3,1
3,1
3,1
3,1
3,1
3,1
3,1
3,1
3,1
3,1
3,1
3,1
3,1
3,1
3,1
3,1
3,1
3,1
3,1
3,1
3,1
3,1
3,1
3,1
3,1
3,1
3,1
3,1
3,1
3,1
3,1
3,1
3,1
3,1
3,1
3,1
3,1
3,1
3,1
3,1
3,1
3,1
3,1
3,1
3,1
3,1
3,1
3,1
3,1
3,1
3,1
3,1
3,1
3,1
3,1
3,1
3,1
3,1
3,1
3,1
3,1
3,1
3,1
3,1
3,1
3,1
3,1
3,1
3,1
3,1
3,1
3,1
3,1
3,1
3,1
3,1
3,1
3,1
3,1
3,1
3,1
3,1
3,1
3,1
3,1
3,1
3,1
3,1
3,1
3,1
3,2
3,2
3,2
3,2
3,2
3,2
3,2
3,2
3,2
3,2
3,2
3,2
3,2
3,2
3,2
3,2
3,2
3,2
3,2
3,2
3,2
3,2
3,2
3,2
3,2
3,2
3,2
3,2
3,2
3,2
3,2
3,2
3,2
3,2
3,2
3,2
3,2
3,2
3,2
3,2
3,2
3,2
3,2
3,2
3,2
3,2
3,2
3,2
3,2
3,2
3,2
3,2
3,2
3,2
3,2
3,2
3,2
3,2
3,2
3,2
3,2
3,2
3,2
3,2
3,2
3,2
3,2
3,2
3,2
3,2
3,2
3,2
3,2
3,2
3,2
3,2
3,2
3,2
3,2
3,2
3,2
3,2
3,2
3,2
3,2
3,2
3,2
3,2
3,2
3,2
3,2
3,2
3,2
3,2
3,2
3,2
3,2
3,2
3,2
3,2
3,2
3,2
3,2
3,2
3,2
3,2
3,2
3,2
3,2
3,2
3,2
3,2
3,2
3,2
3,2
3,2
3,2
3,2
3,2
3,2
3,2
3,2
3,2
3,2
3,2
3,2
3,2
3,2
3,2
3,2
3,2
3,2
3,2
3,2
3,2
3,2
3,2
3,2
3,2
3,2
3,2
3,2
3,2
3,2
3,2
3,2
3,2
3,2
3,2
3,2
3,2
3,2
3,2
3,2
3,2
3,2
3,2
3,2
3,2
3,2
3,2
3,2
3,2
3,2
3,2
3,2
3,2
3,2
3,2
3,2
3,2
3,2
3,2
3,2
3,2
3,2
3,2
3,2
3,2
3,2
3,2
3,2
3,2
3,2
3,2
3,2
3,2
3,2
3,2
3,2
3,2
3,2
3,2
3,2
3,2
3,2
3,2
3,2
3,2
3,2
3,2
3,2
3,2
3,2
3,2
3,2
3,2
3,2
3,2
3,2
3,2
3,2
3,2
3,2
3,2
3,2
3,2
3,2
3,2
3,2
3,2
3,2
3,2
3,2
3,2
3,2
3,2
3,2
3,2
3,2
3,2
3,2
3,2
3,2
3,2
3,2
3,2
3,2
3,2
3,2
3,2
3,2
3,2
3,2
3,2
3,2
3,2
3,2
3,2
3,2
3,2
3,2
3,2
3,2
3,2
3,2
3,2
3,2
3,2
3,2
3,2
3,2
3,2
3,2
3,2
3,2
3,2
3,2
3,2
3,2
3,2
3,2
3,2
3,2
3,2
3,2
3,2
3,2
3,2
3,2
3,2
3,2
3,2
3,2
3,2
3,2
3,2
3,2
3,2
3,2
3,2
3,2
3,2
3,2
3,2
3,2
3,2
3,2
3,2
3,2
3,2
3,2
3,2
3,2
3,2
3,2
3,2
3,2
3,2
3,2
3,2
3,2
3,2
3,2
3,2
3,2
3,2
3,2
3,2
3,2
3,2
3,2
3,2
3,2
3,2
3,2
3,2
3,2
3,2
3,2
3,2
3,2
3,2
3,2
3,2
3,2
3,2
3,2
3,2
3,2
3,2
3,2
3,2
3,2
3,2
3,2
3,2
3,2
3,2
3,2
3,2
3,2
3,2
3,2
3,2
3,2
3,2
3,2
3,2
3,2
3,2
3,2
3,2
3,2
3,2
3,2
3,2
3,2
3,2
3,2
3,2
3,2
3,2
3,2
3,2
3,2
3,2
3,2
3,2
3,2
3,2
3,2
3,2
3,2
3,2
3,2
3,2
3,2
3,2
3,2
3,2
3,2
3,2
3,2
3,2
3,2
3,2
3,2
3,2
3,2
3,2
3,2
3,2
3,2
3,2
3,2
3,2
3,2
3,2
3,2
3,2
3,2
3,2
3,2
3,2
3,2
3,2
3,2
3,2
3,2
3,2
3,2
3,2
3,2
3,2
3,2
3,2
3,2
3,2
3,2
3,2
3,2
3,2
3,2
3,2
3,2
3,2
3,2
3,2
3,2
3,2
3,2
3,2
3,2
3,2
3,2
3,2
3,2
3,2
3,2
3,2
3,2
3,2
3,2
3,2
3,2
3,2
3,2
3,2
3,2
3,2
3,2
3,2
3,2
3,2
3,2
3,2
3,2
3,2
3,2
3,2
3,2
3,2
3,2
3,2
3,2
3,2
3,2
3,2
3,2
3,2
3,2
3,2
3,2
3,2
3,2
3,2
3,2
3,2
3,2
3,2
3,2
3,2
3,2
3,2
3,2
3,2
3,2
3,2
3,2
3,2
3,2
3,2
3,2
3,2
3,2
3,2
3,2
3,2
3,2
3,2
3,2
3,2
3,2
3,2
3,2
3,2
3,2
3,2
3,2
3,2
3,2
3,2
3,2
3,2
3,2
3,2
3,2
3,2
3,2
3,2
3,2
3,2
3,2
3,2
3,2
3,2
3,2
3,2
3,2
3,2
3,2
3,2
3,2
3,2
3,2
3,2
3,2
3,2
3,2
3,2
3,2
3,2
3,2
3,2
3,2
3,2
3,2
3,2
3,2
3,2
3,2
3,2
3,2
3,2
3,2
3,2
3,2
3,2
3,2
3,2
3,2
3,2
3,2
3,2
3,2
3,2
3,2
3,2
3,2
3,2
3,2
3,2
3,2
3,2
3,2
3,2
3,2
3,2
3,2
3,2
3,2
3,2
3,2
3,2
3,2
3,2
3,2
3,2
3,2
3,2
3,2
3,2
3,2
3,2
3,2
3,2
3,2
3,2
3,2
3,2
3,2
3,2
3,2
3,2
3,2
3,2
3,2
3,2
3,2
3,2
3,2
3,2
3,2
3,2
3,2
3,2
3,2
3,2
3,2
3,2
3,2
3,2
3,2
3,2
3,2
3,2
3,2
3,2
3,2
3,2
3,2
3,2
3,2
3,2
3,2
3,2
3,2
3,2
3,2
3,2
3,2
3,2
3,2
3,2
3,2
3,2
3,2
3,2
3,2
3,2
3,2
3,2
3,2
3,2
3,2
3,2
3,2
3,2
3,2
3,2
3,2
3,2
3,2
3,2
3,2
3,2
3,2
3,2
3,2
3,2
3,2
3,2
3,2
3,2
3,2
3,2
3,2
3,2
3,2
3,2
3,2
3,2
3,2
3,2
3,2
3,2
3,2
3,2
3,2
3,2
3,2
3,2
3,2
3,2
3,2
3,2
3,2
3,2
3,2
3,2
3,2
3,2
3,2
3,2
3,2
3,2
3,2
3,2
3,2
3,2
3,2
3,2
3,2
3,2
3,2
3,2
3,2
3,2
3,2
3,2
3,2
3,2
3,2
3,2
3,2
3,2
3,2
3,2
3,2
3,2
3,2
3,2
3,2
3,2
3,2
3,2
3,2
3,2
3,2
3,2
3,2
3,2
3,2
3,2
3,2
3,2
3,2
3,2
3,2
3,2
3,2
3,2
3,2
3,2
3,2
3,2
3,2
3,2
3,2
3,2
3,2
3,2
3,2
3,2
3,2
3,2
3,2
3,2
3,2
3,2
3,2
3,2
3,2
3,2
3,2
3,2
3,2
3,2
3,2
3,2
3,2
3,2
3,2
3,2
3,2
3,2
3,2
3,2
3,2
3,2
3,2
3,2
3,2
3,2
3,2
3,2
3,2
3,2
3,2
3,2
3,2
3,2
3,2
3,2
3,2
3,2
3,2
3,2
3,2
3,2
3,2
3,2
3,2
3,2
3,2
3,2
3,2
3,2
3,2
3,2
3,2
3,2
3,2
3,2
3,2
3,2
3,2
3,2
3,2
3,2
3,2
3,2
3,2
3,2
3,2
3,2
3,2
3,2
3,2
3,2
3,2
3,2
3,2
3,2
3,2
3,2
3,2
3,2
3,2
3,2
3,2
3,2
3,2
3,2
3,2
3,2
3,2
3,2
3,2
3,2
3,2
3,2
3,2
3,2
3,2
3,2
3,2
3,2
3,2
3,2
3,2
3,2
3,2
3,2
3,2
3,2
3,2
3,2
3,2
3,2
3,2
3,2
3,2
3,2
3,2
3,2
3,2
3,2
3,2
3,2
3,2
3,2
3,2
3,2
3,2
3,2
3,2
3,2
3,2
3,2
3,2
3,2
3,2
3,2
3,2
3,2
3,2
3,2
3,2
3,2
3,2
3,2
3,2
3,2
3,2
3,2
3,2
3,2
3,2
3,2
3,2
3,2
3,2
3,2
3,2
3,2
3,2
3,2
3,2
3,2
3,2
3,2
3,2
3,2
3,2
3,2
3,2
3,2
3,2
3,2
3,2
3,2
3,2
3,2
3,2
3,2
3,2
3,2
3,2
3,2
3,2
3,2
3,2
3,2
3,2
3,2
3,2
3,2
3,2
3,2
3,2
3,2
3,2
3,2
3,2
3,2
3,2
3,2
3,2
3,2
3,2
3,2
3,2
3,2
3,2
3,2
3,2
3,2
3,2
3,2
3,2
3,2
3,2
3,2
3,2
3,2
3,2
3,2
3,2
3,2
3,2
3,2
3,2
3,2
3,2
3,2
3,2
3,2
3,2
3,2
3,2
3,2
3,2
3,2
3,2
3,2
3,2
3,2
3,2
3,2
3,2
3,2
3,2
3,2
3,2
3,2
3,2
3,2
3,2
3,2
3,2
3,2
3,2
3,2
3,2
3,2
3,2
3,2
3,2
3,2
3,2
3,2
3,2
3,2
3,2
3,2
3,2
3,2
3,2
3,2
3,2
3,2
3,2
3,2
3,2
3,2
3,2
3,2
3,2
3,2
3,2
3,2
3,2
3,2
3,2
3,2
3,2
3,2
3,2
3,2
3,2
3,2
3,2
3,2
3,2
3,2
3,2
3,2
3,2
3,2
3,2
3,2
3,2
3,2
3,2
3,2
3,2
3,2
3,2
3,2
3,2
3,2
3,2
3,2
3,2
3,2
3,2
3,2
3,2
3,2
3,2
3,2
3,2
3,2
3,2
3,2
3,2
3,2
3,2
3,2
3,2
3,2
3,2
3,2
3,2
3,2
3,2
3,2
3,2
3,2
3,2
3,2
3,2
3,2
3,2
3,2
3,2
3,2
3,2
3,2
3,2
3,2
3,2
3,2
3,2
3,2
3,2
3,2
3,2
3,2
3,2
3,2
3,2
3,2
3,2
3,2
3,2
3,2
3,2
3,2
3,2
3,2
3,2
3,2
3,2
3,2
3,2
3,2
3,2
3,2
3,2
3,2
3,2
3,2
3,2
3,2
3,2
3,2
3,2
3,2
3,2
3,2
3,2
3,2
3,2
3,2
3,2
3,2
3,2
3,2
3,2
3,2
3,2
3,2
3,2
3,2
3,2
3,2
3,2
3,2
3,2
3,2
3,2
3,2
3,2
3,2
3,2
3,2
3,2
3,2
3,2
3,2
3,2
3,2
3,2
3,2
3,2
3,2
3,2
3,2
3,2
3,2
3,2
3,2
3,2
3,2
3,2
3,2
3,2
3,2
3,2
3,2
3,2
3,2
3,2
3,2
3,2
3,2
3,2
3,2
3,2
3,2
3,2
3,2
3,2
3,2
3,2
3,2
3,2
3,2
3,2
3,2
3,2
3,2
3,2
3,2
3,2
3,2
3,2
3,2
3,2
3,2
3,2
3,2
3,2
3,2
3,2
3,2
3,2
3,2
3,2
3,2
3,2
3,2
3,2
3,2
3,2
3,2
3,2
3,2
3,2
3,2
3,2
3,2
3,2
3,2
3,2
3,2
3,2
3,2
3,2
3,2
3,2
3,2
3,2
3,2
3,2
3,2
3,2
3,2
3,2
3,2
3,2
3,2
3,2
3,2
3,2
3,2
3,2
3,2
3,2
3,2
3,2
3,2
3,2
3,2
3,2
3,2
3,2
3,2
3,2
3,2
3,2
3,2
3,2
3,2
3,2
3,2
3,2
3,2
3,2
3,2
3,2
3,2
3,2
3,2
3,2
3,2
3,2
3,2
3,2
3,2
3,2
3,2
3,2
3,2
3,2
3,2
3,2
3,2
3,2
3,2
3,2
3,2
3,2
3,2
3,2
3,2
3,2
3,2
3,2
3,2
3,2
3,2
3,2
3,2
3,2
3,2
3,2
3,2
3,2
3,2
3,2
3,2
3,2
3,2
3,2
3,2
3,2
3,2
3,2
3,2
3,2
3,2
3,2
3,2
3,2
3,2
3,2
3,2
3,2
3,2
3,2
3,2
3,2
3,2
3,2
3,2
3,2
3,2
3,2
3,2
3,2
3,2
3,2
3,2
3,2
3,2
3,2
3,2
3,2
3,2
3,2
3,2
3,2
3,2
3,2
3,2
3,2
3,2
3,2
3,2
3,2
3,2
3,2
3,2
3,2
3,2
3,2
3,2
3,2
3,2
3,2
3,2
3,2
3,2
3,2
3,2
3,2
3,2
3,2
3,2
3,2
3,2
3,2
3,2
3,2
3,2
3,2
3,2
3,2
3,2
3,2
3,2
3,2
3,2
3,2
3,2
3,2
3,2
3,2
3,2
3,2
3,2
3,2
3,2
3,2
3,2
3,2
3,2
3,2
3,2
3,2
3,2
3,2
3,2
3,2
3,2
3,2
3,2
3,2
3,2
3,2
3,2
3,2
3,2
3,2
3,2
3,2
3,2
3,2
3,2
3,2
3,2
3,2
3,2
3,2
3,2
3,2
3,2
3,2
3,2
3,2
3,2
3,2
3,2
3,2
3,2
3,2
3,2
3,2
3,2
3,2
3,2
3,2
3,2
3,2
3,2
3,2
3,2
3,2
3,2
3,2
3,2
3,2
3,2
3,2
3,2
3,2
3,2
3,2
3,2
3,2
3,2
3,2
3,2
3,2
3,2
3,2
3,2
3,2
3,2
3,2
3,2
3,2
3,2
3,2
3,2
3,2
3,2
3,2
3,2
3,2
3,2
3,2
3,2
3,2
3,2
3,2
3,2
3,2
3,2
3,2
3,2
3,2
3,2
3,2
3,2
3,2
3,2
3,2
3,2
3,2
3,2
3,2
3,2
3,2
3,2
3,2
3,2
3,2
3,2
3,2
3,2
3,2
3,2
3,2
3,2
3,2
3,2
3,2
3,2
3,2
3,2
3,2
3,2
3,2
3,2
3,2
3,2
3,2
3,2
3,2
3,2
3,2
3,2
3,2
3,2
3,2
3,2
3,2
3,2
3,2
3,2
3,2
3,2
3,2
3,3
3,3
3,3
3,3
3,3
3,3
3,3
3,3
3,3
3,3
3,3
3,3
3,3
3,3
3,3
3,3
3,3
3,3
3,3
3,3
3,3
3,3
3,3
3,3
3,3
3,3
3,3
3,3
3,3
3,3
3,3
3,3
3,3
3,3
3,3
3,3
3,3
3,3
3,3
3,3
3,3
3,3
3,3
3,3
3,3
3,3
3,3
3,3
3,3
3,3
3,3
3,3
3,3
3,3
3,3
3,3
3,3
3,3
3,3
3,3
3,3
3,3
3,3
3,3
3,3
3,3
3,3
3,3
3,3
3,3
3,3
3,3
3,3
3,3
3,3
3,3
3,3
3,3
3,3
3,3
3,3
3,3
3,3
3,3
3,3
3,3
3,3
3,3
3,3
3,3
3,3
3,3
3,3
3,3
3,3
3,3
3,3
3,3
3,3
3,3
3,3
3,3
3,3
3,3
3,2
3,2
3,2
3,2
3,2
3,2
3,2
3,2
3,2
3,2
3,2
3,2
3,2
3,2
3,2
3,2
3,2
3,2
3,2
3,2
3,2
3,2
3,2
3,2
3,2
3,2
3,2
3,2
3,2
3,2
3,2
3,2
3,2
3,2
3,2
3,2
3,2
3,2
3,2
3,2
3,2
3,2
3,2
3,2
3,2
3,2
3,2
3,2
3,2
3,2
3,2
3,2
3,2
3,2
3,2
3,2
3,2
3,2
3,2
3,2
3,2
3,2
3,2
3,2
3,2
3,2
3,2
3,2
3,2
3,2
3,2
3,2
3,2
3,2
3,2
3,2
3,2
3,2
3,2
3,2
3,2
3,2
3,2
3,2
3,2
3,2
3,2
3,2
3,2
3,2
3,2
3,2
3,2
3,2
3,2
3,2
3,2
3,2
3,2
3,2
3,2
3,2
3,2
3,2
3,2
3,2
3,2
3,2
3,2
3,2
3,2
3,2
3,2
3,2
3,2
3,2
3,2
3,2
3,2
3,2
3,2
3,2
3,2
3,2
3,2
3,2
3,2
3,2
3,2
3,2
3,2
3,2
3,2
3,2
3,2
3,2
3,2
3,2
3,2
3,2
3,2
3,2
3,2
3,2
3,2
3,2
3,2
3,2
3,2
3,2
3,2
3,2
3,2
3,2
3,2
3,2
3,2
3,2
3,2
3,2
3,2
3,2
3,2
3,2
3,2
3,2
3,2
3,2
3,2
3,2
3,2
3,2
3,2
3,2
3,2
3,2
3,2
3,2
3,2
3,2
3,2
3,2
3,2
3,2
3,2
3,2
3,2
3,2
3,2
3,2
3,2
3,2
3,2
3,2
3,2
3,2
3,2
3,2
3,2
3,2
3,2
3,2
3,2
3,2
3,2
3,2
3,2
3,2
3,2
3,2
3,2
3,2
3,2
3,2
3,2
3,2
3,2
3,2
3,2
3,2
3,2
3,2
3,2
3,2
3,2
3,2
3,2
3,2
3,2
3,2
3,2
3,2
3,2
3,2
3,2
3,2
3,2
3,2
3,2
3,2
3,2
3,2
3,2
3,2
3,2
3,2
3,2
3,2
3,2
3,2
3,2
3,2
3,2
3,2
3,2
3,2
3,2
3,2
3,2
3,2
3,2
3,2
3,2
3,2
3,2
3,2
3,2
3,2
3,2
3,2
3,2
3,2
3,2
3,2
3,2
3,2
3,2
3,2
3,2
3,2
3,2
3,2
3,2
3,2
3,2
3,2
3,2
3,2
3,2
3,2
3,2
3,2
3,2
3,2
3,2
3,2
3,2
3,2
3,2
3,2
3,2
3,2
3,2
3,2
3,2
3,2
3,2
3,2
3,2
3,2
3,2
3,2
3,2
3,2
3,2
3,2
3,2
3,2
3,2
3,2
3,2
3,2
3,2
3,2
3,2
3,2
3,2
3,2
3,2
3,2
3,2
3,2
3,2
3,2
3,2
3,2
3,2
3,2
3,2
3,2
3,2
3,2
3,2
3,2
3,2
3,2
3,2
3,2
3,2
3,2
3,2
3,2
3,2
3,2
3,2
3,2
3,2
3,2
3,2
3,2
3,2
3,2
3,2
3,2
3,2
3,2
3,2
3,2
3,2
3,2
3,2
3,2
3,2
3,2
3,2
3,2
3,2
3,2
3,2
3,2
3,2
3,2
3,2
3,2
3,2
3,2
3,2
3,2
3,2
3,2
3,2
3,2
3,2
3,2
3,2
3,2
3,2
3,2
3,2
3,2
3,2
3,2
3,2
3,2
3,2
3,2
3,2
3,2
3,2
3,2
3,2
3,2
3,2
3,2
3,2
3,2
3,2
3,2
3,2
3,2
3,2
3,2
3,2
3,2
3,2
3,2
3,2
3,2
3,2
3,2
3,2
3,2
3,2
3,2
3,2
3,2
3,2
3,2
3,2
3,2
3,2
3,2
3,2
3,2
3,2
3,2
3,2
3,2
3,2
3,2
3,2
3,2
3,2
3,2
3,2
3,2
3,2
3,2
3,2
3,2
3,2
3,2
3,2
3,2
3,2
3,2
3,2
3,2
3,2
3,2
3,2
3,2
3,2
3,2
3,2
3,2
3,2
3,2
3,2
3,2
3,2
3,2
3,2
3,2
3,2
3,2
3,2
3,2
3,2
3,2
3,2
3,2
3,2
3,2
3,2
3,2
3,2
3,2
3,2
3,2
3,2
3,2
3,2
3,2
3,2
3,2
3,2
3,2
3,2
3,2
3,2
3,2
3,2
3,2
3,2
3,2
3,2
3,2
3,2
3,2
3,2
3,2
3,2
3,2
3,2
3,2
3,2
3,2
3,2
3,2
3,2
3,2
3,2
3,2
3,2
3,2
3,2
3,2
3,2
3,2
3,2
3,2
3,2
3,2
3,2
3,2
3,2
3,2
3,2
3,2
3,2
3,2
3,2
3,2
3,2
3,2
3,2
3,2
3,2
3,2
3,2
3,2
3,2
3,2
3,2
3,2
3,2
3,2
3,2
3,2
3,2
3,2
3,2
3,2
3,2
3,2
3,2
3,2
3,2
3,2
3,2
3,2
3,2
3,2
3,2
3,2
3,2
3,2
3,2
3,2
3,2
3,2
3,2
3,2
3,2
3,2
3,2
3,2
3,2
3,2
3,2
3,2
3,2
3,2
3,2
3,2
3,2
3,2
3,2
3,2
3,2
3,2
3,2
3,2
3,2
3,2
3,2
3,2
3,2
3,2
3,2
3,2
3,2
3,2
3,2
3,2
3,2
3,2
3,2
3,2
3,2
3,2
3,2
3,2
3,2
3,2
3,2
3,2
3,2
3,2
3,2
3,2
3,2
3,2
3,2
3,2
3,2
3,2
3,2
3,2
3,2
3,2
3,2
3,2
3,2
3,2
3,2
3,2
3,2
3,2
3,2
3,2
3,2
3,2
3,2
3,2
3,2
3,2
3,2
3,2
3,2
3,2
3,2
3,2
3,2
3,2
3,2
3,2
3,2
3,2
3,2
3,2
3,2
3,2
3,2
3,2
3,2
3,2
3,2
3,2
3,2
3,2
3,2
3,2
3,2
3,2
3,2
3,2
3,2
3,2
3,2
3,2
3,2
3,2
3,2
3,2
3,2
3,2
3,2
3,2
3,2
3,2
3,2
3,2
3,2
3,2
3,2
3,2
3,2
3,2
3,2
3,2
3,2
3,2
3,2
3,2
3,2
3,2
3,2
3,2
3,2
3,2
3,2
3,2
3,2
3,2
3,2
3,2
3,2
3,2
3,2
3,2
3,2
3,2
3,2
3,2
3,2
3,2
3,2
3,2
3,2
3,2
3,2
3,2
3,2
3,2
3,2
3,2
3,2
3,2
3,2
3,2
3,2
3,2
3,2
3,2
3,2
3,2
3,2
3,2
3,2
3,2
3,2
3,2
3,2
3,2
3,2
3,2
3,2
3,2
3,2
3,2
3,2
3,2
3,2
3,2
3,2
3,2
3,2
3,2
3,2
3,2
3,2
3,2
3,2
3,2
3,2
3,2
3,2
3,2
3,2
3,2
3,2
3,2
3,2
3,2
3,2
3,2
3,2
3,2
3,2
3,2
3,2
3,2
3,2
3,2
3,2
3,2
3,2
3,2
3,2
3,2
3,2
3,2
3,2
3,2
3,2
3,2
3,2
3,2
3,2
3,2
3,2
3,2
3,2
3,2
3,2
3,2
3,2
3,2
3,2
3,2
3,2
3,2
3,2
3,2
3,2
3,2
3,2
3,2
3,2
3,2
3,2
3,2
3,2
3,2
3,2
3,2
3,2
3,2
3,2
3,2
3,2
3,2
3,2
3,2
3,2
3,2
3,2
3,2
3,2
3,2
3,2
3,2
3,2
3,2
3,2
3,2
3,2
3,2
3,2
3,2
3,2
3,2
3,2
3,2
3,2
3,2
3,2
3,2
3,2
3,2
3,2
3,2
3,2
3,2
3,2
3,2
3,2
3,2
3,2
3,2
3,2
3,2
3,2
3,2
3,2
3,2
3,2
3,2
3,2
3,2
3,2
3,2
3,2
3,2
3,2
3,2
3,2
3,2
3,2
3,2
3,2
3,2
3,2
3,2
3,2
3,2
3,2
3,2
3,2
3,2
3,2
3,2
3,2
3,2
3,2
3,2
3,2
3,2
3,2
3,2
3,2
3,2
3,2
3,2
3,2
3,2
3,2
3,2
3,2
3,2
3,2
3,2
3,2
3,2
3,2
3,2
3,2
3,2
3,2
3,2
3,2
3,2
3,2
3,2
3,2
3,2
3,2
3,2
3,2
3,2
3,2
3,2
3,2
3,2
3,2
3,2
3,2
3,2
3,2
3,2
3,2
3,2
3,2
3,2
3,2
3,2
3,2
3,2
3,2
3,2
3,2
3,2
3,2
3,2
3,2
3,2
3,2
3,2
3,2
3,2
3,2
3,2
3,2
3,2
3,2
3,2
3,2
3,2
3,2
3,2
3,2
3,2
3,2
3,2
3,2
3,2
3,2
3,2
3,2
3,2
3,2
3,2
3,2
3,2
3,2
3,2
3,2
3,2
3,2
3,2
3,2
3,2
3,2
3,2
3,2
3,2
3,2
3,2
3,2
3,2
3,2
3,2
3,2
3,2
3,2
3,2
3,2
3,2
3,2
3,2
3,2
3,2
3,2
3,2
3,2
3,2
3,2
3,2
3,2
3,2
3,2
3,2
3,2
3,2
3,2
3,2
3,2
3,2
3,2
3,2
3,2
3,2
3,2
3,2
3,2
3,2
3,2
3,2
3,2
3,2
3,2
3,2
3,2
3,2
3,2
3,2
3,2
3,2
3,2
3,2
3,2
3,2
3,2
3,2
3,2
3,2
3,2
3,2
3,2
3,2
3,2
3,2
3,2
3,2
3,2
3,2
3,2
3,2
3,2
3,2
3,2
3,2
3,2
3,2
3,2
3,2
3,2
3,2
3,2
3,2
3,2
3,2
3,2
3,2
3,2
3,2
3,2
3,2
3,2
3,2
3,2
3,2
3,2
3,2
3,2
3,2
3,2
3,2
3,2
3,2
3,2
3,2
3,2
3,2
3,2
3,2
3,2
3,2
3,2
3,2
3,2
3,2
3,2
3,2
3,2
3,2
3,2
3,2
3,2
3,2
3,2
3,2
3,2
3,2
3,2
3,2
3,2
3,2
3,2
3,2
3,2
3,2
3,2
3,2
3,2
3,2
3,2
3,2
3,2
3,2
3,2
3,2
3,2
3,2
3,2
3,2
4,2
4,2
4,2
4,2
4,2
4,2
4,2
4,2
4,2
4,2
4,2
4,2
4,2
4,2
4,2
4,2
4,2
4,2
4,2
4,2
4,2
4,2
4,2
4,2
4,2
4,2
4,2
4,2
4,2
4,2
4,2
4,2
4,2
4,2
4,2
4,2
4,2
4,2
4,2
4,2
4,2
4,2
4,2
4,2
4,2
4,2
4,2
4,2
4,2
4,2
4,2
4,2
4,4
4,4
4,4
4,4
4,4
4,4
4,4
4,4
4,4
4,4
4,4
4,4
4,4
4,4
4,4
4,4
4,4
4,4
4,4
4,4
4,4
4,4
4,4
4,4
4,4
4,4
4,4
4,4
4,4
4,4
4,4
4,4
4,4
4,4
4,4
4,4
4,4
4,4
4,4
4,4
4,4
4,4
4,4
4,4
4,4
4,4
4,4
4,4
4,4
4,4
4,4
4,4
4,4
4,4
4,4
4,4
4,4
4,4
4,4
4,4
4,4
4,4
4,4
4,4
4,4
4,4
4,4
4,4
4,4
4,4
4,4
4,4
4,4
4,4
4,4
4,4
4,4
4,4
4,4
4,4
4,4
4,4
4,4
4,4
4,4
4,4
4,4
4,4
4,4
4,4
4,4
4,4
4,4
4,4
4,4
4,4
4,4
4,4
4,4
4,4
4,4
4,4
4,4
4,4
4,4
4,4
4,4
4,4
4,4
4,4
4,4
4,4
4,4
4,4
4,4
4,4
4,4
4,4
4,4
4,4
4,4
4,4
4,4
4,4
4,4
4,4
4,4
4,4
4,4
4,4
4,4
4,4
4,4
4,4
4,4
4,4
4,4
4,4
4,4
4,4
4,4
4,4
4,4
4,4
4,4
4,4
4,4
4,4
4,4
4,4
4,4
4,4
4,4
4,4
4,4
4,4
4,4
4,4
4,4
4,4
4,4
4,4
4,4
4,4
4,4
4,4
4,4
4,4
4,4
4,4
4,4
4,4
4,4
4,4
4,4
4,4
4,4
4,4
4,4
4,4
4,4
4,4
4,4
4,4
4,4
4,4
4,4
4,4
4,4
4,4
4,4
4,4
4,4
4,4
4,4
4,4
4,4
4,4
4,4
4,4
4,4
4,4
4,4
4,4
4,4
4,4
4,4
4,4
4,4
4,4
4,4
4,4
4,4
4,4
4,4
4,4
4,4
4,4
4,4
4,4
4,4
4,4
4,4
4,4
4,4
4,4
4,4
4,4
4,4
4,4
4,4
4,4
4,4
4,4
4,4
4,4
4,4
4,4
4,4
4,4
4,4
4,4
4,4
4,4
4,4
4,4
4,4
4,4
4,4
4,4
4,4
4,4
4,4
4,4
4,4
4,4
4,4
4,4
4,4
4,4
4,4
4,4
4,4
4,4
4,4
4,4
4,4
4,4
4,4
4,4
4,4
4,4
4,4
4,4
4,4
4,4
4,4
4,4
4,4
4,4
4,4
4,4
4,4
4,4
4,4
4,4
4,4
4,4
4,4
4,4
4,4
4,4
4,4
4,4
4,4
4,4
4,4
4,4
4,4
4,4
4,4
4,4
4,4
4,4
4,4
4,4
4,4
4,4
4,4
4,4
4,4
4,4
4,4
4,4
4,4
4,4
4,4
4,4
4,4
4,4
4,4
4,4
4,4
4,4
4,4
4,4
4,4
4,4
4,4
4,4
4,4
4,4
4,4
4,4
4,4
4,4
4,4
4,4
4,4
4,4
4,4
4,4
4,4
4,4
4,4
4,4
4,4
4,4
4,4
4,4
4,4
4,4
4,4
4,4
4,4
4,4
4,4
4,4
4,4
4,4
4,4
4,4
4,4
4,4
4,4
4,4
4,4
4,4
4,4
4,4
4,4
4,4
4,4
4,4
4,4
4,4
4,4
4,4
4,4
4,4
4,4
4,4
4,4
4,4
4,4
4,4
4,4
4,4
4,4
4,4
4,4
4,4
4,4
4,4
4,4
4,4
4,4
4,4
4,4
4,4
4,4
4,4
4,4
4,4
4,4
4,4
4,4
4,4
4,4
4,4
4,4
4,4
4,4
4,4
4,4
4,4
4,4
4,4
4,4
4,4
4,4
4,4
4,4
4,4
4,4
4,4
4,4
4,4
4,4
4,4
4,4
4,4
4,4
4,4
4,4
4,4
4,4
4,4
4,4
4,4
4,4
4,4
4,4
4,4
4,4
4,4
4,4
4,4
4,4
4,4
4,4
4,4
4,4
4,4
4,4
4,4
4,4
4,4
4,4
4,4
4,4
4,4
4,4
4,4
4,4
4,4
4,4
4,4
4,4
4,4
4,4
4,4
4,4
4,4
4,4
4,4
4,4
4,4
4,4
4,4
4,4
4,4
4,4
4,4
4,4
4,4
4,4
4,4
4,4
4,4
4,4
4,4
4,4
4,4
4,4
4,4
4,4
4,4
4,4
4,4
4,4
4,4
4,4
4,4
4,4
4,4
4,4
4,4
4,4
4,4
4,4
4,4
4,4
4,4
4,4
4,4
4,4
4,4
4,4
4,4
4,4
4,4
4,4
4,4
4,4
4,4
4,4
4,4
4,4
4,4
4,4
4,4
4,4
4,4
4,4
4,4
4,4
4,4
4,4
4,4
4,4
4,4
4,4
4,4
4,4
4,4
4,4
4,4
4,4
4,4
4,4
4,4
4,4
4,4
4,4
4,4
4,4
4,4
4,4
4,4
4,4
4,4
4,4
4,4
4,4
4,4
4,4
4,4
4,4
4,4
4,4
4,4
4,4
4,4
4,4
4,4
4,4
4,4
4,4
4,4
4,4
4,4
4,4
4,4
4,4
4,4
4,4
4,4
4,4
4,4
4,4
4,4
4,4
4,4
4,4
4,4
4,4
4,4
4,4
4,4
4,4
4,4
4,4
4,4
4,4
4,4
4,4
4,4
4,4
4,4
4,4
4,4
4,4
4,4
4,4
4,4
4,4
4,4
4,4
4,4
4,4
4,4
4,4
4,4
4,4
4,4
4,4
4,4
4,4
4,4
4,4
4,4
4,4
4,4
4,4
4,4
4,4
4,4
4,4
4,4
4,4
4,4
4,4
4,4
4,4
4,4
4,4
4,4
4,4
4,4
4,4
4,4
4,4
4,4
4,4
4,4
4,4
4,4
4,4
4,4
4,4
4,4
4,4
4,4
4,4
4,4
4,4
4,4
4,4
4,4
4,4
4,4
4,4
4,4
4,4
4,4
4,4
4,4
4,4
4,4
4,4
4,4
4,4
4,4
4,4
4,4
4,4
4,4
4,4
4,4
4,4
4,4
4,4
4,4
4,4
4,4
4,4
4,4
4,4
4,4
4,4
4,4
4,4
4,4
4,4
4,4
4,4
4,4
4,4
4,4
4,4
4,4
4,4
4,4
4,4
4,4
4,4
4,4
4,4
4,4
4,4
4,4
4,4
4,4
4,4
4,4
4,4
4,4
4,4
4,4
4,4
4,4
4,4
4,4
4,4
4,4
4,4
4,4
4,4
4,4
4,4
4,4
4,4
4,4
4,4
4,4
4,4
4,4
4,4
4,4
4,4
4,4
4,4
4,4
4,4
4,4
4,4
4,4
4,4
4,4
4,4
4,4
4,4
4,4
4,4
4,4
4,4
4,4
4,4
4,4
4,4
4,4
4,4
4,4
4,4
4,4
4,4
4,4
4,4
4,4
4,4
4,4
4,4
4,4
4,4
4,4
4,4
4,4
4,4
4,4
4,4
4,4
4,4
4,4
4,4
4,4
4,4
4,4
4,4
4,4
4,4
4,4
4,4
4,4
4,4
4,4
4,4
4,4
4,4
4,4
4,4
4,4
4,4
4,4
4,4
4,4
4,4
4,4
4,4
4,4
4,4
4,4
4,4
4,4
4,4
4,4
4,4
4,4
4,4
4,4
4,4
4,4
4,4
4,4
4,4
4,4
4,4
4,4
4,4
4,4
4,4
4,4
4,4
4,4
4,4
4,4
4,4
4,4
4,4
4,4
4,4
4,4
4,4
4,4
4,4
4,4
4,4
4,4
4,4
4,4
4,4
4,4
4,4
4,4
4,4
4,4
4,4
4,4
4,4
4,4
4,4
4,4
4,4
4,4
4,4
4,4
4,4
4,4
4,4
4,4
4,4
4,4
4,4
4,4
4,4
4,4
4,4
4,4
4,4
4,4
4,4
4,4
4,4
4,4
4,4
4,4
4,4
4,4
4,4
4,4
4,4
4,4
4,4
4,4
4,4
4,4
4,4
4,4
4,4
4,4
4,4
4,4
4,4
4,4
4,4
4,4
4,4
4,4
4,4
4,4
4,4
4,4
4,4
4,4
4,4
4,4
4,4
4,4
4,4
4,4
4,4
4,4
4,4
4,4
4,4
4,4
4,4
4,4
4,4
4,4
4,4
4,4
4,4
4,4
4,4
4,4
4,4
4,4
5,4
5,4
5,4
5,4
5,4
5,4
5,4
5,4
5,4
5,4
5,4
5,4
5,4
5,4
5,4
5,4
5,4
5,4
5,4
5,4
5,5
5,5
5,5
5,5
5,5
5,5
5,5
5,5
5,5
5,5
5,5
5,5
5,5
5,5
5,5
5,5
5,5
5,5
5,5
5,5
5,5
5,5
5,5
5,5
5,5
5,5
5,5
5,5
5,5
5,5
5,5
5,5
5,5
5,5
5,5
5,5
5,5
5,5
5,5
5,5
5,5
5,5
5,5
5,5
5,5
5,5
5,5
5,5
5,5
5,5
5,5
5,5
5,5
5,5
5,5
5,5
5,5
5,5
5,5
5,5
5,5
5,5
5,5
5,5
5,5
5,5
5,5
5,5
5,5
5,5
5,5
5,5
5,5
5,5
5,5
5,5
5,5
5,5
5,5
5,5
5,5
5,5
5,5
5,5
5,5
5,5
5,5
5,5
5,5
5,5
5,5
5,5
5,5
5,5
5,5
5,5
5,5
5,5
5,5
5,5
5,5
5,5
5,5
5,5
5,5
5,5
5,5
5,5
5,5
5,5
5,5
5,5
5,5
5,5
5,5
5,5
5,5
5,5
5,5
5,5
5,5
5,5
5,5
5,5
5,5
5,5
5,5
5,5
5,5
5,5
5,5
5,5
5,5
5,5
5,5
5,5
5,5
5,5
5,5
5,5
5,5
5,5
5,5
5,5
5,5
5,5
5,5
5,5
5,5
5,5
5,5
5,5
5,5
5,5
5,5
5,5
5,5
5,5
5,5
5,5
5,5
5,5
5,5
5,5
5,5
5,5
5,5
5,5
5,5
5,5
5,5
5,5
5,5
5,5
5,5
5,5
5,5
5,5
5,5
5,5
5,5
5,5
5,5
5,5
5,5
5,5
5,5
5,5
5,5
5,5
5,5
5,5
5,5
5,5
5,5
5,5
5,5
5,5
5,5
5,5
5,5
5,5
5,5
5,5
5,5
5,5
5,5
5,5
5,5
5,5
5,5
5,5
5,5
5,5
5,5
5,5
5,5
5,5
5,5
5,5
5,5
5,5
5,5
5,5
5,5
5,5
5,5
5,5
5,5
5,5
5,5
5,5
5,5
5,5
5,5
5,5
5,5
5,5
5,5
5,5
5,5
5,5
5,5
5,5
5,5
5,5
5,5
5,5
5,5
5,5
5,5
5,5
5,5
5,5
5,5
5,5
5,5
5,5
5,5
5,5
5,5
5,5
5,5
5,5
5,5
5,5
5,5
5,5
5,5
5,5
5,5
5,5
5,5
5,5
5,5
5,5
5,5
5,5
5,5
5,5
5,5
5,5
5,5
5,5
5,5
5,5
5,5
5,5
5,5
5,5
5,5
5,5
5,5
5,5
5,5
5,5
5,5
5,5
5,5
5,5
5,5
5,5
5,5
5,5
5,5
5,5
5,5
5,5
5,5
5,5
5,5
5,5
5,5
5,5
5,5
5,5
5,5
5,5
5,5
5,5
5,5
5,5
5,5
5,5
5,5
5,5
5,5
5,5
5,5
5,5
5,5
5,5
5,5
5,5
5,5
5,5
5,5
5,5
5,5
5,5
5,5
5,5
5,5
5,5
5,5
5,5
5,5
5,5
5,5
5,5
5,5
5,5
5,5
5,5
5,5
5,5
5,5
5,5
5,5
5,5
5,5
5,5
5,5
5,5
5,5
5,5
5,5
5,5
5,5
5,5
5,5
5,5
5,5
5,5
5,5
5,5
5,5
5,5
5,5
5,5
5,5
5,5
5,5
5,5
5,5
5,5
5,5
5,5
5,5
5,5
5,5
5,5
5,5
5,5
5,5
5,5
5,5
5,5
5,5
5,5
5,5
5,5
5,5
5,5
5,5
5,5
5,5
5,5
5,5
5,5
5,5
5,5
5,5
5,5
5,5
5,5
5,5
5,5
5,5
5,5
5,5
5,5
5,5
5,5
5,5
5,5
5,5
5,5
5,5
5,5
5,5
5,5
5,5
5,5
5,5
5,5
5,5
5,5
5,5
5,5
5,5
5,5
5,5
5,5
5,5
5,5
5,5
5,5
5,5
5,5
5,5
5,5
5,5
5,5
5,5
5,5
5,5
5,5
5,5
5,5
5,5
5,5
5,5
5,5
5,5
5,5
5,5
5,5
5,5
5,5
5,5
5,5
5,5
5,5
5,5
5,5
5,5
5,5
5,5
5,5
5,5
5,5
5,5
5,5
5,5
5,5
5,5
5,5
5,5
5,5
5,5
5,5
5,5
5,5
5,5
5,5
5,5
5,5
5,5
5,5
5,5
5,5
5,5
5,5
5,5
5,5
5,5
5,5
5,5
5,5
5,5
5,5
5,5
5,5
5,5
5,5
5,5
5,5
5,5
5,5
5,5
5,5
5,5
5,5
5,5
5,5
5,5
5,5
5,5
5,5
5,5
5,5
5,5
5,5
5,5
5,5
5,5
5,5
5,5
5,5
5,5
5,5
5,5
5,5
5,5
5,5
5,5
5,5
5,5
5,5
5,5
5,5
5,5
5,5
5,5
5,5
5,5
5,5
5,5
5,5
5,5
5,5
5,5
5,5
5,5
5,5
5,5
5,5
5,5
5,5
5,5
5,5
5,5
5,5
5,5
5,5
5,5
5,5
5,5
5,5
5,5
5,5
5,5
5,5
5,5
5,5
5,5
5,5
5,5
5,5
5,5
5,5
5,5
5,5
5,5
5,5
5,5
5,5
5,5
5,5
5,5
5,5
5,5
5,5
5,5
5,5
5,5
5,5
5,5
5,5
5,5
5,5
5,5
5,5
5,5
5,5
5,5
5,5
5,5
5,5
5,5
5,5
5,5
5,5
5,5
5,5
5,5
5,5
5,5
5,5
5,5
5,5
5,5
5,5
5,5
5,5
5,5
5,5
5,5
5,5
5,5
5,5
5,5
5,5
5,5
5,5
5,5
5,5
5,5
5,5
5,5
5,5
5,5
5,5
5,5
5,5
5,5
5,5
5,5
5,5
5,5
5,5
5,5
5,5
5,5
5,5
5,5
5,5
5,5
5,5
5,5
5,5
5,5
5,5
5,5
5,5
5,5
5,5
5,5
5,5
5,5
5,5
5,5
5,5
5,5
5,5
5,5
5,5
5,5
5,5
5,5
5,5
5,5
5,5
5,5
5,5
5,5
5,5
5,5
5,5
5,5
5,5
5,5
5,5
5,5
5,5
5,5
5,5
5,5
5,5
5,5
5,5
5,5
5,5
5,5
5,5
5,5
5,5
5,5
5,5
5,5
5,5
5,5
5,5
5,5
5,5
5,5
5,5
5,5
5,5
5,5
5,5
5,5
5,5
5,5
5,5
5,5
5,5
5,5
5,5
5,5
5,5
5,5
5,5
5,5
5,5
5,5
5,5
5,5
5,5
5,5
5,5
5,5
5,5
5,5
5,5
5,5
5,5
5,5
5,5
5,5
5,5
5,5
5,5
5,5
5,5
5,5
5,5
5,5
5,5
5,5
5,5
5,5
5,5
5,5
5,5
5,5
5,5
5,5
5,5
5,5
5,5
5,5
5,5
5,5
5,5
5,5
5,5
5,5
5,5
5,5
5,5
5,5
5,5
5,5
5,5
5,5
5,5
5,5
5,5
5,5
5,5
5,5
5,5
5,5
5,5
5,5
5,5
5,5
5,5
5,5
5,5
5,5
5,5
5,5
5,5
5,5
5,5
5,5
5,5
5,5
5,5
5,5
5,5
5,5
5,5
5,5
5,5
5,5
5,5
5,5
5,5
5,5
5,5
5,5
5,5
5,5
5,5
5,5
5,5
5,5
5,5
5,5
5,5
5,5
5,5
5,5
5,5
5,5
5,5
5,5
5,5
5,5
5,5
5,5
5,5
5,5
5,5
5,5
5,5
5,5
5,5
5,5
5,5
5,5
5,5
5,5
5,5
5,5
5,5
5,5
5,5
5,5
5,5
5,5
5,5
5,5
5,5
5,5
5,5
5,5
5,5
5,5
5,5
5,5
5,5
5,5
5,5
5,5
5,5
5,5
5,5
5,5
5,5
5,5
5,5
5,5
5,5
5,5
5,5
5,5
5,5
5,5
5,5
5,5
5,5
5,5
5,5
5,5
5,5
5,5
5,5
5,5
5,5
5,5
5,5
5,5
5,5
5,5
5,5
5,5
5,5
5,5
5,5
5,5
5,5
5,5
5,5
5,5
5,5
5,5
5,5
5,5
5,5
5,5
5,5
5,6
5,6
5,6
5,6
5,6
5,6
5,6
5,6
5,6
5,6
5,6
5,6
5,6
5,6
5,6
5,6
5,6
5,6
5,6
5,6
5,6
5,6
5,6
5,6
5,6
5,6
5,6
5,6
5,6
5,6
5,6
5,6
5,6
5,6
5,6
5,6
5,6
5,6
5,6
5,6
5,6
5,6
5,6
5,6
6,6
6,6
6,6
6,6
6,6
6,6
6,6
6,6
6,6
6,6
6,6
6,6
6,6
6,6
6,6
6,6
6,6
6,6
6,6
6,6
6,6
6,6
6,6
6,6
6,6
6,6
6,6
6,6
6,6
6,6
6,6
6,6
6,6
6,6
6,6
6,6
6,6
6,6
6,6
6,6
6,6
6,6
6,6
6,6
6,6
6,6
6,6
6,6
6,6
6,6
6,6
6,6
6,6
6,6
6,6
6,6
6,6
6,6
6,6
6,6
6,6
6,6
6,6
6,6
6,6
6,6
6,6
6,6
6,6
6,6
6,6
6,6
6,6
6,6
6,6
6,6
6,6
6,6
6,6
6,6
6,6
6,6
6,6
6,6
6,6
6,6
6,6
6,6
6,6
6,6
6,6
6,6
6,6
6,6
6,6
6,6
6,6
6,6
6,6
6,6
6,6
6,6
6,6
6,6
6,6
6,6
6,6
6,6
6,6
6,6
6,6
6,6
6,6
6,6
6,6
6,6
6,6
6,6
6,6
6,6
6,6
6,6
6,6
6,6
6,6
6,6
6,6
6,6
6,6
6,6
6,6
6,6
6,6
6,6
6,6
6,6
6,6
6,6
6,6
6,6
6,6
6,6
6,6
6,6
6,6
6,6
6,6
6,6
6,6
6,6
6,6
6,6
6,6
6,6
6,6
6,6
6,6
6,6
6,6
6,6
6,6
6,6
6,6
6,6
6,6
6,6
6,6
6,6
6,6
6,6
6,6
6,6
6,6
6,6
6,6
6,6
6,6
6,6
6,6
6,6
6,6
6,6
6,6
6,6
6,6
6,6
6,6
6,6
6,6
6,6
6,6
6,6
6,6
6,6
6,6
6,6
6,6
6,6
6,6
6,6
6,6
6,6
6,6
6,6
6,6
6,6
6,6
6,6
6,6
6,6
6,6
6,6
6,6
6,6
6,6
6,6
6,6
6,6
6,6
6,6
6,6
6,6
6,6
6,6
6,6
6,6
6,6
6,6
6,6
6,6
6,6
6,6
6,6
6,6
6,6
6,6
6,6
6,6
6,6
6,6
6,6
6,6
6,6
6,6
6,6
6,6
6,6
6,6
6,6
6,6
6,6
6,6
6,6
6,6
6,6
6,6
6,6
6,6
6,6
6,6
6,6
6,6
6,6
6,6
6,6
6,6
6,6
6,6
6,6
6,6
6,6
6,6
6,6
6,6
6,6
6,6
6,6
6,6
6,6
6,6
6,6
6,6
6,6
6,6
6,6
6,6
6,6
6,6
6,6
6,6
6,6
6,6
6,6
6,6
6,6
6,6
6,6
6,6
6,6
6,6
6,6
6,6
6,6
6,6
6,6
6,6
6,6
6,6
6,6
6,6
6,6
6,6
6,6
6,6
6,6
6,6
6,6
6,6
6,6
6,6
6,6
6,6
6,6
6,6
6,6
6,6
6,6
6,6
6,6
6,6
6,6
6,6
6,6
6,6
6,6
6,6
6,6
6,6
6,6
6,6
6,6
6,6
6,6
6,6
6,6
6,6
6,6
6,6
6,6
6,6
6,6
6,6
6,6
6,6
6,6
6,6
6,6
6,6
6,6
6,6
6,6
6,6
6,6
6,6
6,6
6,6
6,6
6,6
6,6
6,6
6,6
6,6
6,6
6,6
6,6
6,6
6,6
6,6
6,6
6,6
6,6
6,6
6,6
6,6
6,6
6,6
6,6
6,6
6,6
6,6
6,6
6,6
6,6
6,6
6,6
6,6
6,6
6,6
6,6
6,6
6,6
6,6
6,6
6,6
6,6
6,6
6,6
6,6
6,6
6,6
6,6
6,6
6,6
6,6
6,6
6,6
6,6
6,6
6,6
6,6
6,6
6,6
6,6
6,6
6,6
6,6
6,6
6,6
6,6
6,6
6,6
6,6
6,6
6,6
6,6
6,6
6,6
6,6
6,6
6,6
6,6
6,6
6,6
6,6
6,6
6,6
6,6
6,6
6,6
6,6
6,6
6,6
6,6
6,6
6,6
6,6
6,6
6,6
6,6
6,6
6,6
6,6
6,6
6,6
6,6
6,6
6,6
6,6
6,6
6,6
6,6
6,6
6,6
6,6
6,6
6,6
6,6
6,6
6,6
6,6
6,6
6,6
6,6
6,6
6,6
6,6
6,6
6,6
6,6
6,6
6,6
6,6
6,6
6,6
6,6
6,6
6,6
6,6
6,6
6,6
6,6
6,6
6,6
6,6
6,6
6,6
6,6
6,6
6,6
6,6
6,6
6,6
6,6
6,6
6,6
6,6
6,6
6,6
6,6
6,6
6,6
6,6
6,6
6,6
6,6
6,6
6,6
6,6
6,6
6,6
6,6
6,6
6,6
6,6
6,6
6,6
6,6
6,6
6,6
6,6
6,6
6,6
6,6
6,6
6,6
6,6
6,6
6,6
6,6
6,6
6,6
6,6
6,6
6,6
6,6
6,6
6,6
6,6
6,6
6,6
6,6
6,6
6,6
6,6
6,6
6,6
6,6
6,6
6,6
6,6
6,6
6,6
6,6
6,6
6,6
6,6
6,6
6,6
6,6
6,6
6,6
6,6
6,6
6,6
6,6
6,6
6,6
6,6
6,6
6,6
6,6
6,6
6,6
6,6
6,6
6,6
6,6
6,6
6,6
6,6
6,6
6,6
6,6
6,6
6,6
6,6
6,6
6,6
6,6
6,6
6,6
6,6
6,6
6,6
6,6
6,6
6,6
6,6
6,6
6,6
6,6
6,6
6,6
6,6
6,6
6,6
6,6
6,6
6,6
6,6
6,6
6,6
6,6
6,6
6,6
6,6
6,6
6,6
6,6
6,6
6,6
6,6
6,6
6,6
6,6
6,6
6,6
6,6
6,6
6,6
6,6
6,6
6,6
6,6
6,6
6,6
6,6
6,6
6,6
6,6
6,6
6,6
6,6
6,6
6,6
6,6
6,6
6,6
6,6
6,6
6,6
6,6
6,6
6,6
6,6
6,6
6,6
6,6
6,6
6,6
6,6
6,6
6,6
6,6
6,6
6,6
6,6
6,6
6,6
6,6
6,6
6,6
6,6
6,6
6,6
6,6
6,6
6,6
6,6
6,6
6,6
6,6
6,6
6,6
6,6
6,6
6,6
6,6
6,6
6,6
6,6
6,6
6,6
6,6
6,6
6,6
6,6
6,6
6,6
6,6
6,6
6,6
6,6
6,6
6,6
6,6
6,6
6,6
6,6
6,6
6,6
6,6
6,6
6,6
6,6
6,6
6,6
6,6
6,6
6,6
6,6
6,6
6,6
6,6
6,6
6,6
6,6
6,6
6,6
6,6
6,6
6,6
6,6
6,6
6,6
6,6
6,6
6,6
6,6
6,6
6,6
6,6
6,6
6,6
6,6
6,6
6,6
6,6
6,6
6,6
6,6
6,6
6,6
6,6
6,6
6,6
6,6
6,6
6,6
6,6
6,6
6,6
6,6
6,6
6,6
6,6
6,6
6,6
6,6
6,6
6,6
6,6
6,6
6,6
6,6
6,6
6,6
6,6
6,6
6,6
6,6
6,6
6,6
6,6
6,6
6,6
6,6
6,6
6,6
6,6
6,6
6,6
6,6
6,6
6,6
6,6
6,6
6,6
6,6
6,6
6,6
6,6
6,6
6,6
6,6
6,6
6,6
6,6
6,6
6,6
6,6
6,6
6,6
6,6
6,6
6,6
6,6
6,6
6,6
6,6
6,6
6,6
6,6
6,6
6,6
6,6
6,6
6,6
6,6
6,6
6,6
6,6
6,6
6,6
6,6
6,6
6,6
6,6
6,6
6,6
6,6
6,6
6,6
6,6
6,6
6,6
6,6
6,6
6,6
6,6
6,6
6,6
6,6
6,6
6,6
6,6
6,6
6,6
6,6
6,6
6,6
6,6
6,6
6,6
6,6
6,6
6,6
6,6
6,6
6,6
6,6
6,6
6,6
6,6
6,6
6,6
6,6
6,6
6,6
6,6
6,6
6,6
6,6
6,6
6,6
6,6
6,6
6,6
6,6
6,6
6,6
6,6
6,6
6,6
6,6
6,6
6,6
6,6
6,6
6,6
6,6
6,6
6,6
6,6
6,6
6,6
6,6
6,6
6,6
6,6
6,6
6,6
6,6
6,6
6,6
6,6
6,6
6,6
6,6
6,6
6,6
6,6
6,6
6,6
6,6
6,6
6,6
6,6
6,6
6,6
6,6
6,6
6,6
6,6
6,6
6,6
6,6
6,6
6,6
6,6
6,6
6,6
6,6
6,6
6,6
6,6
6,6
6,6
6,6
6,6
6,6
6,6
6,6
6,6
6,6
6,6
6,6
6,6
6,6
6,6
6,6
6,6
6,6
6,6
6,6
6,6
6,6
6,6
6,6
6,6
6,6
6,6
6,6
6,6
6,6
6,6
6,6
6,6
6,6
6,6
6,6
6,6
6,6
6,6
6,6
6,6
6,6
6,6
6,6
6,6
6,6
6,6
6,6
6,6
6,6
6,6
6,6
6,6
6,6
6,6
6,6
6,6
6,6
6,6
6,6
6,6
6,6
6,6
6,6
6,6
6,6
6,6
6,6
6,6
6,6
6,6
6,6
6,6
6,6
6,6
6,6
6,6
6,6
6,6
6,6
6,6
6,6
6,6
6,6
6,6
6,6
6,6
6,6
6,6
6,6
6,6
6,6
6,6
6,6
6,6
6,6
6,6
6,6
6,6
6,6
6,6
6,6
6,6
6,6
6,6
6,6
6,6
6,6
6,6
6,6
6,6
6,6
6,6
6,6
6,6
6,6
6,6
6,6
6,6
6,6
6,6
6,6
6,6
6,6
6,6
6,6
6,6
6,6
6,6
6,6
6,6
6,6
6,6
6,6
6,6
6,6
6,6
6,6
6,6
6,6
6,6
6,6
6,6
6,6
6,6
6,6
6,6
6,6
6,6
6,6
6,6
6,6
6,6
6,6
6,6
6,6
6,6
6,6
6,6
6,6
6,6
6,6
6,6
6,6
6,6
6,6
6,6
6,6
6,6
6,6
6,6
6,6
6,6
6,6
6,6
6,6
6,6
6,6
6,6
6,6
6,6
6,6
6,6
6,6
6,6
6,6
6,6
6,6
6,6
6,6
6,6
6,6
6,6
6,6
6,6
6,6
6,6
6,6
6,6
6,6
6,6
6,6
6,6
6,6
6,6
6,6
6,6
6,6
6,6
6,6
6,6
6,6
6,6
6,6
6,6
6,6
6,6
6,6
6,6
6,6
6,6
6,6
6,6
6,6
6,6
6,6
6,6
6,6
6,6
6,6
6,6
6,6
6,6
6,6
6,6
6,6
6,6
6,6
6,6
6,6
6,6
6,6
6,6
6,6
6,6
6,6
6,6
6,6
6,6
6,6
6,6
6,6
6,6
6,6
6,6
6,6
6,6
6,6
6,6
6,6
6,6
6,6
6,6
6,6
6,6
6,6
6,6
6,6
6,6
6,6
6,6
6,6
6,6
6,6
6,6
6,6
6,6
6,6
6,6
6,6
6,6
6,6
6,6
6,6
6,6
6,6
6,6
6,6
6,6
6,6
6,6
6,6
6,6
6,6
6,6
6,6
6,6
6,6
6,6
6,6
6,6
6,6
6,6
6,6
6,6
6,6
6,6
6,6
6,6
6,6
6,6
6,6
6,6
6,6
6,6
6,6
6,6
6,6
6,6
6,6
6,6
6,6
6,6
6,6
6,6
6,6
6,6
6,6
6,6
6,6
6,6
6,6
6,6
6,6
6,6
6,6
6,6
6,6
6,6
6,6
6,6
6,6
6,6
6,6
6,6
6,6
6,6
6,6
6,6
6,6
6,6
6,6
6,6
6,6
6,6
6,6
6,6
6,6
6,6
6,6
6,6
6,6
6,6
6,6
6,6
6,6
6,6
6,6
6,6
6,6
6,6
6,6
6,6
6,6
6,6
6,6
6,6
6,6
6,6
6,6
6,6
6,6
6,6
6,6
6,6
6,6
6,6
6,6
6,6
6,6
6,6
6,6
6,6
6,6
6,6
6,6
6,6
6,6
6,6
6,6
6,6
6,6
6,6
6,6
6,6
6,6
6,6
6,6
6,6
6,6
6,6
6,6
6,6
6,6
6,6
6,6
6,6
6,6
6,6
6,6
6,6
6,6
6,6
6,6
6,6
6,6
6,6
6,6
6,6
6,6
6,6
6,6
6,6
6,6
6,6
6,6
6,6
6,6
6,6
6,6
6,6
6,6
6,6
6,6
6,6
6,6
6,6
6,6
6,6
6,6
6,6
6,6
6,6
6,6
6,6
6,6
6,6
6,6
6,6
6,6
6,6
6,6
6,6
6,6
6,6
6,6
6,6
6,6
6,6
6,6
6,6
6,6
6,6
6,6
6,6
6,6
6,6
6,6
6,6
6,6
6,6
6,6
6,6
6,6
6,6
6,6
6,6
6,6
6,6
6,6
6,6
6,6
6,6
6,6
6,6
6,6
6,6
6,6
6,6
6,6
6,6
6,6
6,6
6,6
6,6
6,6
6,6
6,6
6,6
6,6
6,6
6,6
6,6
6,6
6,6
6,6
6,6
6,6
6,6
6,6
6,6
6,6
6,6
6,6
6,6
6,6
6,6
6,6
6,6
6,6
6,6
6,6
6,6
6,6
6,6
6,6
6,6
6,6
6,6
6,6
6,6
6,6
6,6
6,6
6,6
6,6
6,6
6,6
6,6
6,6
6,6
6,6
6,6
6,6
6,6
6,6
6,6
6,6
6,6
6,6
6,6
6,6
6,6
6,6
6,6
6,6
6,6
6,6
6,6
6,6
6,6
6,6
6,6
6,6
6,6
6,6
6,6
6,6
6,6
6,6
6,6
6,6
6,6
6,6
6,6
6,6
6,6
6,6
6,6
6,6
6,6
6,6
6,6
6,6
6,6
6,6
6,6
6,6
6,6
6,6
6,6
6,6
6,6
6,6
6,6
6,6
6,6
6,6
6,6
6,6
6,6
6,6
6,6
6,6
6,6
6,6
6,6
6,6
6,6
6,6
6,6
6,6
6,6
6,6
6,6
6,6
6,6
6,6
6,6
6,6
6,6
6,6
6,6
6,6
6,6
6,6
6,6
6,6
6,6
6,6
6,6
6,6
6,6
6,6
6,6
6,6
6,6
6,6
6,6
6,6
6,6
6,6
6,6
6,6
6,6
6,6
6,6
6,6
6,6
6,6
6,6
6,6
6,6
6,6
6,6
6,6
6,6
6,6
6,6
6,6
6,6
6,6
6,6
6,6
6,6
6,6
6,6
6,6
6,6
6,6
6,6
6,6
6,6
6,7
6,7
6,7
6,7
6,7
6,7
6,7
6,7
6,7
6,7
6,7
6,7
6,7
6,7
6,7
6,7
6,7
6,7
6,7
6,7
6,7
6,7
6,7
6,7
6,7
6,7
6,7
6,7
6,7
6,7
6,7
6,7
6,7
6,7
6,7
6,7
6,7
6,7
6,7
6,7
6,7
6,7
6,7
6,7
6,7
6,7
6,7
6,7
6,7
6,7
6,7
6,7
6,7
6,7
6,7
6,7
6,7
6,7
6,7
6,7
6,7
6,7
6,7
6,7
6,7
6,7
6,7
6,7
6,7
6,7
6,7
6,7
6,7
6,7
6,7
6,7
6,7
6,7
6,7
6,7
6,7
6,7
6,7
6,7
6,7
6,7
6,7
6,7
6,7
6,7
6,7
6,7
6,7
6,7
6,7
6,7
6,7
6,7
6,7
6,7
6,7
6,7
6,7
6,7
6,7
6,7
6,7
6,7
6,7
6,7
6,7
6,7
6,7
6,7
6,7
6,7
6,7
6,7
6,7
6,7
6,7
6,7
6,7
6,7
6,7
6,7
6,7
6,7
6,7
6,7
6,7
6,7
6,7
6,7
6,7
6,7
6,7
6,7
6,7
6,7
6,7
6,7
6,7
6,7
6,7
6,7
6,7
6,7
6,7
6,7
6,7
6,7
6,7
6,7
6,7
6,7
6,7
6,7
6,7
6,7
6,7
6,7
6,7
6,7
6,7
6,7
6,7
6,7
6,7
6,7
6,7
6,7
6,7
6,7
6,7
6,7
6,7
6,7
6,7
6,7
6,7
6,7
6,7
6,7
6,7
6,7
6,7
6,7
6,7
6,7
6,7
6,7
6,7
6,7
6,7
6,7
6,7
6,7
6,7
6,7
6,7
6,7
6,7
6,7
6,7
6,7
6,7
6,7
6,7
6,7
6,7
6,7
6,7
6,7
6,7
6,7
6,7
6,7
6,7
6,7
6,7
6,7
6,7
6,7
6,7
6,7
6,7
6,7
6,7
6,7
6,7
6,7
6,7
6,7
6,7
6,7
6,7
6,7
6,7
6,7
6,7
6,7
6,7
6,7
6,7
6,7
6,7
6,7
6,7
6,7
6,7
6,7
7,7
7,7
7,7
7,7
7,7
7,7
7,7
7,7
7,7
7,7
7,7
7,7
7,7
7,7
7,7
7,7
7,7
7,7
7,7
7,7
7,7
7,7
7,7
7,7
7,7
7,7
7,7
7,7
7,7
7,7
7,7
7,7
7,7
7,7
7,7
7,7
7,7
7,7
7,7
7,7
7,7
7,7
7,7
7,7
7,7
7,7
7,7
7,7
7,3
7,3
7,3
7,3
7,3
7,3
7,3
7,3
7,3
7,3
7,3
7,3
7,3
7,3
7,3
7,3
7,3
7,3
7,3
7,3
7,3
7,3
7,3
7,3
7,3
7,3
7,3
7,3
7,3
7,3
7,3
7,3
7,3
7,3
7,3
7,3
7,3
7,3
7,3
7,3
7,3
7,3
7,3
7,3
7,3
7,3
7,3
7,3
7,3
7,3
7,3
7,3
7,3
7,3
7,3
7,3
7,3
7,3
7,3
7,3
7,3
7,3
7,3
7,3
7,3
7,3
7,3
7,3
7,3
7,3
7,3
7,3
7,3
7,3
7,3
7,3
7,3
7,3
7,3
7,3
7,3
7,3
7,3
7,3
7,3
7,3
7,3
7,3
7,3
7,3
7,3
7,3
7,3
7,3
7,3
7,3
7,3
7,3
7,3
7,3
7,3
7,3
7,3
7,3
7,3
7,3
7,3
7,3
7,3
7,3
7,3
7,3
7,3
7,3
7,3
7,3
7,3
7,3
7,3
7,3
7,3
7,3
7,3
7,3
7,3
7,3
7,3
7,3
7,3
7,3
7,3
7,3
7,3
7,3
7,3
7,3
7,3
7,3
7,3
7,3
7,3
7,3
7,3
7,3
7,3
7,3
7,3
7,3
7,3
7,3
7,3
7,3
7,3
7,3
7,3
7,3
7,3
7,3
7,3
7,3
7,3
7,3
7,3
7,3
7,3
7,3
7,3
7,3
7,3
7,3
7,3
7,3
7,3
7,3
7,3
7,3
7,3
7,3
7,3
7,3
7,3
7,3
7,3
7,3
7,3
7,3
7,3
7,3
7,3
7,3
7,3
7,3
7,3
7,3
7,3
7,3
7,3
7,3
7,3
7,3
7,3
7,3
7,3
7,3
7,3
7,3
7,3
7,3
7,3
7,3
7,3
7,3
7,3
7,3
7,3
7,3
7,3
7,3
7,3
7,3
7,3
7,3
7,3
7,3
7,3
7,3
7,3
7,3
7,3
7,3
7,3
7,3
7,3
7,3
7,3
7,3
7,3
7,3
7,3
7,3
7,3
7,3
7,3
7,3
7,3
7,3
7,3
7,3
7,3
7,3
7,3
7,3
7,3
7,3
7,3
7,3
7,3
7,3
7,3
7,3
7,3
7,3
7,3
7,3
7,3
7,3
7,3
7,3
7,3
7,3
7,3
7,3
7,3
7,3
7,3
7,3
7,3
7,3
7,3
7,3
7,3
7,3
7,3
7,3
7,3
7,3
7,3
7,3
7,3
7,3
7,3
7,3
7,3
7,3
7,3
7,3
7,3
7,3
7,3
7,3
7,3
7,3
7,3
7,3
7,3
7,3
7,3
7,3
7,3
7,3
7,3
7,3
7,3
7,3
7,3
7,3
7,3
7,3
7,3
7,3
7,3
7,3
7,3
7,3
7,3
7,3
7,3
7,3
7,3
7,3
7,3
7,3
7,3
7,3
7,3
7,3
7,3
7,3
7,3
7,3
7,3
7,3
7,3
7,3
7,3
7,3
7,3
7,3
7,3
7,3
7,3
7,3
7,3
7,3
7,3
7,3
7,3
7,3
7,3
7,3
7,3
7,3
7,3
7,3
7,3
7,3
7,3
7,3
7,3
7,3
7,3
7,3
7,3
7,3
7,3
7,3
7,3
7,3
7,3
7,3
7,3
7,3
7,3
7,3
7,3
7,3
7,3
7,3
7,3
7,3
7,3
7,3
7,3
7,3
7,3
7,3
7,3
7,3
7,3
7,3
7,3
7,3
7,3
7,3
7,3
7,3
7,3
7,3
7,3
7,3
7,3
7,3
7,3
7,3
7,3
7,3
7,3
7,3
7,3
7,3
7,3
7,3
7,3
7,3
7,3
7,3
7,3
7,3
7,3
7,3
7,3
7,3
7,3
7,3
7,3
7,3
7,3
7,3
7,3
7,3
7,3
7,3
7,3
7,3
7,3
7,3
7,3
7,3
7,3
7,3
7,3
7,3
7,3
7,3
7,3
7,3
7,3
7,3
7,3
7,3
7,3
7,3
7,3
7,3
7,3
7,3
7,3
7,3
7,3
7,3
7,3
7,3
7,3
7,3
7,3
7,3
7,3
7,3
7,3
7,3
7,3
7,3
7,3
7,3
7,3
7,3
7,3
7,3
7,3
7,3
7,3
7,3
7,3
7,3
7,3
7,3
7,3
7,3
7,3
7,3
7,3
7,3
7,3
7,3
7,3
7,3
7,3
7,3
7,3
7,3
7,3
7,3
7,3
7,3
7,3
7,3
7,3
7,3
7,3
7,3
7,3
7,3
7,3
7,3
7,3
7,3
7,3
7,3
7,3
7,3
7,3
7,3
7,3
7,3
7,3
7,3
7,3
7,3
7,3
7,3
7,3
7,3
7,3
7,3
7,3
7,3
7,3
7,3
7,3
7,3
7,3
7,3
7,3
7,3
7,3
7,3
7,3
7,3
7,3
7,3
7,3
7,3
7,3
7,3
7,3
7,3
7,3
7,3
7,3
7,3
7,3
7,3
7,3
7,3
7,3
7,3
7,3
7,3
7,3
7,3
7,3
7,3
7,3
7,3
7,3
7,3
7,3
7,3
7,3
7,3
7,3
7,3
7,3
7,3
7,3
7,3
7,3
7,3
7,3
7,3
7,3
7,3
7,3
7,3
7,3
7,3
7,3
7,3
7,3
7,3
7,3
7,3
7,3
7,3
7,3
7,3
7,3
7,3
7,3
7,3
7,3
7,3
7,3
7,3
7,3
7,3
7,3
7,3
7,3
7,3
7,3
7,3
7,3
7,3
7,3
7,3
7,3
7,3
7,3
7,3
7,3
7,3
7,3
7,3
7,3
7,3
7,3
7,3
7,3
7,3
7,3
7,3
7,3
7,3
7,3
7,3
7,3
7,3
7,3
7,3
7,3
7,3
7,3
7,3
7,3
7,3
7,3
7,3
7,3
7,3
7,3
7,3
7,3
7,3
7,3
7,3
7,3
7,3
7,3
7,3
7,3
7,3
7,3
7,3
7,3
7,3
7,3
7,3
7,3
7,3
7,3
7,3
7,3
7,3
7,3
7,3
7,3
7,3
7,3
7,3
7,3
7,3
7,3
7,3
7,3
7,3
7,3
7,3
7,3
7,3
7,3
7,3
7,3
7,3
7,3
7,3
7,3
7,3
7,3
7,3
7,3
7,3
7,3
7,3
7,3
7,3
7,3
7,3
7,3
7,3
7,3
7,3
7,3
7,3
7,3
7,3
7,3
7,3
7,3
7,3
7,3
7,3
7,3
7,3
7,3
7,3
7,3
7,3
7,3
7,3
7,3
7,3
7,3
7,3
7,3
7,3
7,3
7,3
7,3
7,3
7,3
7,3
7,3
7,3
7,3
7,3
7,3
7,3
7,3
7,3
7,3
7,3
7,3
7,3
7,3
7,3
7,3
7,3
7,3
7,3
7,3
7,3
7,3
7,3
7,3
7,3
7,3
7,3
7,3
7,3
7,3
7,3
7,3
7,3
7,3
7,3
7,3
7,3
7,3
7,3
7,3
7,3
7,3
7,3
7,3
7,3
7,3
7,3
7,3
7,3
7,3
7,3
7,3
7,3
7,3
7,3
7,3
7,3
7,3
7,3
7,3
7,3
7,3
7,3
7,3
7,3
7,3
7,3
7,3
7,3
7,3
7,3
7,3
7,3
7,3
7,3
7,3
7,3
7,3
7,3
7,3
7,3
7,3
7,3
7,3
7,3
7,3
7,3
7,3
7,3
7,3
7,3
7,3
7,3
7,3
7,3
7,3
7,3
7,3
7,3
7,3
7,3
7,3
7,3
7,3
7,3
7,3
7,3
7,3
7,3
7,3
7,3
7,3
7,3
7,3
7,3
7,3
7,3
7,3
7,3
7,3
7,3
7,3
7,3
7,3
7,3
7,3
7,3
7,3
7,3
7,3
7,3
7,3
7,3
7,3
7,3
7,3
7,3
7,3
7,3
7,3
7,3
7,3
7,3
7,3
7,3
7,3
7,3
7,3
7,3
7,3
7,3
7,3
7,3
7,3
7,3
7,3
7,3
7,3
7,3
7,3
7,3
7,3
7,3
7,3
7,3
7,3
7,3
7,3
7,3
7,3
7,3
7,3
7,3
7,3
7,3
7,3
7,3
7,3
7,3
7,3
7,3
7,3
7,3
7,3
7,3
7,3
7,3
7,3
7,3
7,3
7,3
7,3
7,3
7,3
7,3
7,3
7,3
7,3
7,3
7,3
7,3
7,3
7,3
7,3
7,3
7,3
7,3
7,3
7,3
7,3
7,3
7,3
7,3
7,3
7,3
7,3
7,3
7,3
7,3
7,3
7,3
7,3
7,3
7,3
7,3
7,3
7,3
7,3
7,3
7,3
7,3
7,3
7,3
7,3
7,3
7,3
7,3
7,3
7,3
7,3
7,3
7,3
7,3
7,3
7,3
7,3
7,3
7,3
7,3
7,3
7,3
7,3
7,3
7,3
7,3
7,3
7,3
7,3
7,3
7,3
7,3
7,3
7,3
7,3
7,3
7,3
7,3
7,3
7,3
7,3
7,3
7,3
7,3
7,3
7,3
7,3
7,3
7,3
7,3
7,3
7,3
7,3
7,3
7,3
7,3
7,3
7,3
7,3
7,3
7,3
7,3
7,3
7,3
7,3
7,3
7,3
7,3
7,3
7,3
7,3
7,3
7,3
7,3
7,3
7,3
7,3
7,3
7,3
7,3
7,3
7,3
7,3
7,3
7,3
7,3
7,3
7,3
7,3
7,3
7,3
7,3
7,3
7,3
7,3
7,3
7,3
7,3
7,3
7,3
7,3
7,3
7,3
7,3
7,3
7,3
7,3
7,3
7,3
7,3
7,3
7,3
7,3
7,3
7,3
7,3
7,3
7,3
7,3
7,3
7,3
7,3
7,3
7,3
7,3
7,3
7,3
7,3
7,3
7,3
7,3
7,3
7,3
7,3
7,3
7,3
7,3
7,3
7,3
7,3
7,3
7,3
7,3
7,3
7,3
7,3
7,3
7,3
7,3
7,3
7,3
7,3
7,3
7,3
7,3
7,3
7,3
7,3
7,3
7,3
7,3
7,3
7,3
7,3
7,3
7,3
7,3
7,3
7,3
7,3
7,3
7,3
7,3
7,3
7,3
7,3
7,3
7,3
7,3
7,3
7,3
7,3
7,3
7,3
7,3
7,3
7,3
7,3
7,3
7,3
7,3
7,3
7,3
7,3
7,3
7,3
7,3
7,3
7,3
7,3
7,3
7,3
7,3
7,3
7,3
7,3
7,3
7,3
7,3
7,3
7,3
7,3
7,3
7,3
7,3
7,3
7,3
7,3
7,3
7,3
7,3
7,3
7,3
7,3
7,3
7,3
7,3
7,3
7,3
7,3
7,3
7,3
7,3
7,3
7,3
7,3
7,3
7,3
7,3
7,3
7,3
7,3
7,3
7,3
7,3
7,3
7,3
7,3
7,3
7,3
7,3
7,3
7,3
7,3
7,3
7,3
7,3
7,3
7,3
7,3
7,3
7,3
7,3
7,3
7,3
7,3
7,3
7,3
7,3
7,3
7,3
7,3
7,3
7,3
7,3
7,3
7,3
7,3
7,3
7,3
7,3
7,3
7,3
7,3
7,3
7,3
7,3
7,3
7,3
7,3
7,3
7,3
7,3
7,3
7,3
7,3
7,3
7,3
7,3
7,3
7,3
7,3
7,3
7,3
7,3
7,3
7,3
7,3
7,3
7,3
7,3
7,3
7,3
7,3
7,3
7,3
7,3
7,3
7,3
7,3
7,3
7,3
7,3
7,3
7,3
7,3
7,3
7,3
7,3
7,3
7,3
7,3
7,3
7,3
7,3
7,3
7,3
7,3
7,3
7,3
7,3
7,3
7,3
7,3
7,3
7,3
7,3
7,3
7,3
7,3
7,3
7,3
7,3
7,3
7,3
7,3
7,3
7,3
7,3
7,3
7,3
7,3
8,3
8,3
8,3
8,3
8,3
8,3
8,3
8,3
8,3
8,3
8,3
8,3
8,3
8,3
8,3
8,3
8,3
8,3
8,3
8,3
8,3
8,3
8,3
8,3
8,3
8,3
8,3
8,3
8,3
8,3
8,3
8,3
8,3
8,3
8,3
8,3
8,3
8,3
8,3
8,3
8,3
8,3
8,3
8,3
8,3
8,3
8,3
8,3
8,3
8,3
8,3
8,3
8,3
8,3
8,3
8,3
8,3
8,3
8,3
8,3
8,3
8,3
8,3
8,3
8,3
8,3
8,3
8,3
8,3
8,3
8,3
8,3
8,3
8,3
8,3
8,3
8,3
8,3
8,3
8,3
8,3
8,3
8,3
8,3
8,3
8,3
8,3
8,3
8,3
8,3
8,3
8,3
8,3
8,3
8,3
8,3
8,3
8,3
8,3
8,3
8,3
8,3
8,3
8,3
8,3
8,3
8,3
8,3
8,3
8,3
8,3
8,3
8,3
8,3
8,3
8,3
8,3
8,8
8,8
8,8
8,8
8,8
8,8
8,8
8,8
8,8
8,8
8,8
8,8
8,8
8,8
8,8
8,8
8,8
8,8
8,8
8,8
8,8
8,8
8,8
8,8
8,8
8,8
8,8
8,8
8,8
8,8
8,8
8,8
8,8
8,8
8,8
8,8
8,8
8,8
8,8
8,8
8,8
8,8
8,8
8,8
8,8
8,8
8,8
8,8
8,8
8,8
8,8
8,8
8,8
8,8
8,8
8,8
8,8
8,8
8,8
8,8
8,8
8,8
8,8
8,8
8,8
8,8
8,8
8,8
8,8
8,8
8,8
8,8
8,8
8,8
8,8
8,8
8,8
8,8
8,8
8,8
8,8
8,8
8,8
8,8
8,8
8,8
8,8
8,8
8,8
8,8
8,8
8,8
8,8
8,8
8,8
8,8
8,8
8,8
8,8
8,8
8,8
8,8
8,8
8,8
8,8
8,8
8,8
8,8
8,8
8,8
8,8
8,8
8,8
8,8
8,8
8,8
8,8
8,8
8,8
8,8
8,8
8,8
8,8
8,8
8,8
8,8
8,8
8,8
8,8
8,8
8,8
8,8
8,8
8,8
8,8
8,8
8,8
8,8
8,8
8,8
8,8
8,8
8,8
8,8
8,8
8,8
8,8
8,8
8,8
8,8
8,8
8,8
8,8
8,8
8,8
8,8
8,8
8,8
8,8
8,8
8,8
8,8
8,8
8,8
8,8
8,8
8,8
8,8
8,8
8,8
8,8
8,8
8,8
8,8
8,8
8,8
8,8
8,8
8,8
8,8
8,8
8,8
8,8
8,8
8,8
8,8
8,8
8,8
8,8
8,8
8,8
8,8
8,8
8,8
8,8
8,8
8,8
8,8
8,8
8,8
8,8
8,8
8,8
8,8
8,8
8,8
8,8
8,8
8,8
8,8
8,8
8,8
8,8
8,8
8,8
8,8
8,8
8,8
8,8
8,8
8,8
8,8
8,8
8,8
8,8
8,8
8,8
8,8
8,8
8,8
8,8
8,8
8,8
8,8
8,8
8,8
8,8
8,8
8,8
8,8
8,8
8,8
8,8
8,8
8,8
8,8
8,8
8,8
8,8
8,8
8,8
8,8
8,8
8,8
8,8
8,8
8,8
8,8
8,8
8,8
8,8
8,8
8,8
8,8
8,8
8,8
8,8
8,8
8,8
8,8
8,8
8,8
8,8
8,8
8,8
8,8
8,8
8,8
8,8
8,8
8,8
8,8
8,8
8,8
8,8
8,8
8,8
8,8
8,8
8,8
8,8
8,8
8,8
8,8
8,8
8,8
8,8
8,8
8,8
8,8
8,8
8,8
8,8
8,8
8,8
8,8
8,8
8,8
8,8
8,8
8,8
8,8
8,8
8,8
8,8
8,8
8,8
8,8
8,8
8,8
8,8
8,8
8,8
8,8
8,8
8,8
8,8
8,8
8,8
8,8
8,8
8,8
8,8
8,8
8,8
8,8
8,8
8,8
8,8
8,8
8,8
8,8
8,8
8,8
8,8
8,8
8,8
8,8
8,8
8,8
8,8
8,8
8,8
8,8
8,8
8,8
8,8
8,8
8,8
8,8
8,8
8,8
8,8
8,8
8,8
8,8
8,8
8,8
8,8
8,8
8,8
8,8
8,8
8,8
8,8
8,8
8,8
8,8
8,8
8,8
8,8
8,8
8,8
8,8
8,8
8,8
8,8
8,8
8,8
8,8
8,8
8,8
8,8
8,8
8,8
8,8
8,8
8,8
8,8
8,8
8,8
8,8
8,8
8,8
8,8
8,8
8,8
8,8
8,8
8,8
8,8
8,8
8,8
8,8
8,8
8,8
8,8
8,8
8,8
8,8
8,8
8,8
8,8
8,8
8,8
8,8
8,8
8,8
8,8
8,8
8,8
8,8
8,8
8,8
8,8
8,8
8,8
8,8
8,8
8,8
8,8
8,8
8,8
8,8
8,8
8,8
8,8
8,8
8,8
8,8
8,8
8,8
8,8
8,8
8,8
8,8
8,8
8,8
8,8
8,8
8,8
8,8
8,8
8,8
8,8
8,8
8,8
8,8
8,8
8,8
8,8
8,8
8,8
8,8
8,8
8,8
8,8
8,8
8,8
8,8
8,8
8,8
8,8
8,8
8,8
8,8
8,8
8,8
8,8
8,8
8,8
8,8
8,8
8,8
8,8
8,8
8,8
8,8
8,8
8,8
8,8
8,8
8,8
8,8
8,8
8,8
8,8
8,8
8,8
8,8
8,8
8,8
8,8
8,8
8,8
8,8
8,8
8,8
8,8
8,8
8,8
8,8
8,8
8,8
8,8
8,8
8,8
8,8
8,8
8,8
8,8
8,8
8,8
8,8
8,8
8,8
8,8
8,8
8,8
8,8
8,8
8,8
8,8
8,8
8,8
8,8
8,8
8,8
8,8
8,8
8,8
8,8
8,8
8,8
8,8
8,8
8,8
8,8
8,8
8,8
8,8
8,8
8,8
8,8
8,8
8,8
8,8
8,8
8,8
8,8
8,8
8,8
8,8
8,8
8,8
8,8
8,8
8,8
8,8
8,8
8,8
8,8
8,8
8,8
8,8
8,8
8,8
8,8
8,8
8,8
8,8
8,8
8,8
8,8
8,8
8,8
8,8
8,8
8,8
8,8
8,8
8,8
8,8
8,8
8,8
8,8
8,8
8,8
8,8
8,8
8,8
8,8
8,8
8,8
8,8
8,8
8,8
8,8
8,8
8,8
8,8
8,8
8,8
8,8
8,8
8,8
8,8
8,8
8,8
8,8
8,8
8,8
8,8
8,8
8,8
8,8
8,8
8,8
8,8
8,8
8,8
8,8
8,8
8,8
8,8
8,8
8,8
8,8
8,8
8,8
8,8
8,8
8,8
8,8
8,8
8,8
8,8
8,8
8,8
8,8
8,8
8,8
8,8
8,8
8,8
8,8
8,8
8,8
8,8
8,8
8,8
8,8
8,8
8,8
8,8
8,8
8,8
8,8
8,8
8,8
8,8
8,8
8,8
8,8
8,8
8,8
8,8
8,8
8,8
8,8
8,8
8,8
8,8
8,8
8,8
8,8
8,8
8,8
8,8
8,8
8,8
8,8
8,8
8,8
8,8
8,8
8,8
8,8
8,8
8,8
8,8
8,8
8,8
8,8
8,8
8,8
8,8
8,8
8,8
8,8
8,8
8,8
8,8
8,8
8,8
8,8
8,8
8,8
8,8
8,8
8,8
8,8
8,8
8,8
8,8
8,8
8,8
8,8
8,8
8,8
8,8
8,8
8,8
8,8
8,8
8,8
8,8
8,8
8,8
8,8
8,8
8,8
8,8
8,8
8,8
8,8
8,8
8,8
8,8
8,8
8,8
8,8
8,8
8,8
8,8
8,8
8,8
8,8
8,8
8,8
8,8
8,8
8,8
8,8
8,8
8,8
8,8
8,8
8,8
8,8
8,8
8,8
8,8
8,8
8,8
8,8
8,8
8,8
8,8
8,8
8,8
8,8
8,8
8,8
8,8
8,8
8,8
8,8
8,8
8,8
8,8
8,8
8,8
8,8
8,8
8,8
8,8
8,8
8,8
8,8
8,8
8,8
8,8
8,8
8,8
8,8
8,8
8,8
8,8
8,8
8,8
8,8
8,8
8,8
8,8
8,8
8,8
8,8
8,8
8,8
8,8
8,8
8,8
8,8
8,8
8,8
8,8
8,8
8,8
8,8
8,8
8,8
8,8
8,8
8,8
8,8
8,8
8,8
8,8
8,8
8,8
8,8
8,8
8,8
8,8
8,8
8,8
8,8
8,8
8,8
8,8
8,8
8,8
8,8
8,8
8,8
8,8
8,8
8,8
8,8
8,8
8,8
8,8
8,8
8,8
8,8
8,8
8,8
8,8
8,8
8,8
8,8
8,8
8,8
8,8
8,8
8,8
8,8
8,8
8,8
8,8
8,8
8,8
8,8
8,8
8,8
8,8
8,8
8,8
8,8
8,8
8,8
8,8
8,8
8,8
8,8
8,8
8,8
8,8
8,8
8,8
8,8
8,8
8,8
8,8
8,8
8,8
8,8
8,8
8,8
8,8
8,8
8,8
8,8
8,8
8,8
8,8
8,8
8,8
8,8
8,8
8,8
8,8
8,8
8,8
8,8
8,8
8,8
8,8
8,8
8,8
8,8
8,8
8,8
8,8
8,8
8,8
8,8
8,8
8,8
8,8
8,8
8,8
8,8
8,8
8,8
8,8
8,8
8,8
8,8
8,8
8,8
8,8
8,8
8,8
8,8
8,8
8,8
8,8
8,8
8,8
8,8
8,8
8,8
8,8
8,8
8,8
8,8
8,8
8,8
8,8
8,8
8,8
8,8
8,8
8,8
8,8
8,8
8,8
8,8
8,8
8,8
8,8
8,8
8,8
8,8
8,8
8,8
8,8
8,8
8,8
8,8
8,8
8,8
8,8
8,8
8,8
8,8
8,8
8,8
8,8
8,8
8,8
8,8
8,8
8,8
8,8
8,8
8,8
8,8
8,8
8,8
8,8
8,8
8,8
8,8
8,8
8,8
8,8
8,8
8,8
8,8
8,8
8,8
8,8
8,8
8,8
8,8
8,8
8,8
8,8
8,8
8,8
8,8
8,8
8,8
8,8
8,8
8,8
8,8
8,8
8,8
8,8
8,8
8,8
8,8
8,8
8,8
8,8
8,8
8,8
8,8
8,8
8,8
8,8
8,8
8,8
8,8
8,8
8,8
8,8
8,8
8,8
8,8
8,8
8,8
8,8
8,8
8,8
8,8
8,8
8,8
8,8
8,8
8,8
8,8
8,8
8,8
8,8
8,8
8,8
8,8
8,8
8,8
8,8
8,8
8,8
8,8
8,8
8,8
8,8
8,8
8,8
8,8
8,8
8,8
8,8
8,8
8,8
8,8
8,8
8,8
8,8
8,8
8,8
8,8
8,8
8,8
8,8
8,8
8,8
8,8
8,8
8,8
8,8
8,8
8,8
8,8
8,8
8,8
8,8
8,8
8,8
8,8
8,8
8,8
8,8
8,8
8,8
8,8
8,8
8,8
8,8
8,8
8,8
8,8
8,8
8,8
8,8
8,8
8,8
8,8
8,8
8,8
8,8
8,8
8,8
8,8
8,8
8,8
8,8
8,8
8,8
8,8
8,8
8,8
8,8
8,8
8,8
8,8
8,8
8,8
8,8
8,8
8,8
8,8
8,8
8,8
8,8
8,8
8,8
8,8
8,8
8,8
8,8
8,8
8,8
8,8
8,8
8,8
8,8
8,8
8,8
8,8
8,8
8,8
8,8
8,8
8,8
8,8
8,8
8,8
8,8
8,8
8,8
8,8
8,8
8,8
8,8
8,8
8,8
8,8
8,8
8,8
8,8
8,8
8,8
8,8
8,8
8,8
8,8
8,8
8,8
8,8
8,8
8,8
8,8
8,8
8,8
8,8
8,8
8,8
8,8
8,8
8,8
8,8
8,8
8,8
8,8
8,8
8,8
8,8
8,8
8,8
8,8
8,8
8,8
8,8
8,8
8,8
8,8
8,8
8,8
8,8
8,8
8,8
8,8
8,8
8,8
8,8
8,8
8,8
8,8
8,8
8,8
8,8
8,8
8,8
8,8
8,8
8,8
8,8
8,8
8,8
8,8
8,8
8,8
8,8
8,8
8,8
8,8
8,8
8,8
8,8
8,8
8,8
8,8
8,8
8,8
8,8
8,8
8,8
8,8
8,8
8,8
8,8
8,8
8,8
8,8
8,8
8,8
8,8
8,8
8,8
8,8
8,8
8,8
8,8
8,8
8,8
8,8
8,8
8,8
8,8
8,8
8,8
8,8
8,8
8,8
8,8
8,8
8,8
8,8
8,8
8,8
8,8
8,8
8,8
8,8
8,8
8,8
8,8
8,8
8,8
8,8
8,8
8,8
8,8
8,8
8,8
8,8
8,8
8,8
8,8
8,8
8,8
8,8
8,8
8,8
8,8
8,8
8,8
8,8
8,8
8,8
8,8
8,8
8,8
8,8
8,8
8,8
8,8
8,8
8,8
8,8
8,8
8,8
8,8
8,8
8,8
8,8
8,8
8,8
8,8
8,8
8,8
8,8
8,8
8,8
8,8
8,8
8,8
8,8
8,8
8,8
8,8
8,8
8,8
8,8
8,8
8,8
8,8
8,8
8,8
8,8
8,8
8,8
8,8
8,8
8,8
8,8
8,8
8,8
8,8
8,8
8,8
8,8
8,8
8,8
8,8
8,8
8,8
8,8
8,8
8,8
8,8
8,8
8,8
8,8
8,8
8,8
8,8
8,8
8,8
8,8
8,8
8,8
8,8
8,8
8,8
8,8
8,8
8,8
8,8
8,8
8,8
8,8
8,8
8,8
8,8
8,8
8,8
8,8
8,8
8,8
8,8
8,8
8,8
8,8
8,8
8,8
8,8
8,8
8,8
8,8
8,8
8,8
8,8
8,8
8,8
8,8
8,8
8,8
8,8
8,8
8,8
8,8
8,8
8,8
8,8
8,8
8,8
8,8
8,8
8,8
8,8
8,8
8,8
8,8
8,8
8,8
8,8
8,8
8,8
8,8
8,8
8,8
8,8
8,8
8,8
8,8
8,8
8,8
8,8
8,8
8,8
8,8
8,8
8,8
8,8
8,8
8,8
8,8
8,8
8,8
8,8
8,8
8,8
8,8
8,8
8,8
8,8
8,8
8,8
8,8
8,8
8,8
8,8
8,8
8,8
8,8
8,8
8,8
8,8
8,8
8,8
8,8
8,8
8,8
8,8
8,8
8,8
8,8
8,8
8,8
8,8
8,8
8,8
8,8
8,8
8,8
8,8
8,8
8,8
8,8
8,8
8,8
8,8
8,8
8,8
8,8
8,8
8,8
8,8
8,8
8,8
8,8
8,8
8,8
8,8
8,8
8,8
8,8
8,8
8,8
8,8
8,8
8,8
8,8
8,8
8,8
8,8
8,8
8,8
8,8
8,8
8,8
8,8
8,8
8,8
8,8
8,8
8,8
8,8
8,8
8,8
8,8
8,8
8,8
8,8
8,8
8,8
8,8
8,8
8,8
8,8
8,8
8,8
8,8
8,8
8,8
8,8
8,8
8,8
8,8
8,8
8,8
8,8
8,8
8,8
8,8
8,8
8,8
8,8
8,8
8,8
8,8
8,8
8,8
8,8
8,8
8,8
8,8
8,8
8,8
8,8
8,8
8,8
8,8
8,8
8,8
8,8
8,8
8,8
8,8
8,8
8,8
8,8
8,8
8,8
8,8
8,8
8,8
8,8
8,8
8,8
8,8
8,8
8,8
8,8
8,8
8,8
8,8
8,8
8,8
8,8
8,8
8,8
8,8
8,8
8,8
8,8
8,8
8,8
8,8
8,8
8,8
8,8
8,8
8,8
8,8
8,8
8,8
8,8
8,8
8,8
8,8
8,8
8,8
8,8
8,8
8,8
8,8
8,8
8,8
8,8
8,8
8,8
8,8
8,8
8,8
8,8
8,8
8,8
8,8
8,8
8,8
8,8
8,8
8,8
8,8
8,8
8,8
8,8
8,8
8,8
8,8
8,8
8,8
8,8
8,8
8,8
8,8
8,8
8,8
8,8
8,8
8,8
8,8
8,8
8,8
8,8
8,8
8,8
8,8
8,8
8,8
8,8
8,8
8,8
8,8
8,8
8,8
8,8
8,8
8,8
8,8
8,8
8,8
8,8
8,8
8,8
8,8
8,8
8,8
8,8
8,8
8,8
8,8
8,8
8,8
8,8
8,8
8,8
8,8
8,8
8,8
8,8
8,8
8,8
8,8
8,8
8,8
8,8
8,8
8,8
8,8
8,8
8,8
8,8
8,8
8,8
8,8
8,8
8,8
8,8
8,8
8,8
8,8
8,8
8,8
8,8
8,8
8,8
8,8
8,8
8,8
8,8
8,8
8,8
8,8
8,8
8,8
8,8
8,8
8,8
8,8
8,8
8,8
8,8
8,8
8,8
8,8
8,8
8,8
8,8
8,8
8,8
8,8
8,8
8,8
8,8
8,8
8,8
8,8
8,8
8,8
8,8
8,8
8,8
8,8
8,8
8,8
8,8
8,8
8,8
8,8
8,8
8,8
8,8
8,8
8,8
8,8
8,8
8,8
8,8
8,8
8,8
8,8
8,8
8,8
8,8
8,8
8,8
8,8
8,8
8,8
8,8
8,8
8,8
8,8
8,8
8,8
8,8
8,8
8,8
8,8
8,8
8,8
8,8
8,8
8,8
8,8
8,8
8,8
8,8
8,8
8,8
8,8
8,8
8,8
8,8
8,8
8,8
8,8
8,8
8,8
8,8
8,8
8,8
8,8
8,8
8,8
8,8
8,8
8,8
8,8
8,8
8,8
8,8
8,8
8,8
8,8
8,8
8,8
8,8
8,8
8,8
8,8
8,8
8,8
8,8
8,8
8,8
8,8
8,8
8,8
8,8
8,8
8,8
8,8
8,8
8,8
8,8
8,8
8,8
8,8
8,8
8,8
8,8
8,8
8,8
8,8
8,8
8,8
8,8
8,8
8,8
8,8
8,8
8,8
8,8
8,8
8,8
8,8
8,8
8,8
8,8
8,8
8,8
8,8
8,8
8,8
8,8
8,8
8,8
8,8
8,8
8,8
8,8
8,8
8,8
8,8
8,8
8,8
8,8
8,8
8,8
8,8
8,8
8,8
8,8
8,8
8,8
8,8
8,8
8,8
8,8
8,8
8,8
8,8
8,8
8,8
8,8
8,8
8,8
8,8
8,8
8,8
8,8
8,8
8,8
8,8
8,8
8,8
8,8
8,8
8,8
8,8
8,8
8,8
8,8
8,8
8,8
8,8
8,8
8,8
8,8
8,8
8,8
8,8
8,8
8,8
8,8
8,8
8,8
8,8
8,8
8,8
8,8
8,8
8,8
8,8
8,8
8,8
8,8
8,8
8,8
8,8
8,8
8,8
8,8
8,8
8,8
8,8
8,8
8,8
8,8
8,8
8,8
8,8
8,8
8,8
8,8
8,8
8,8
8,8
8,8
8,8
8,8
8,8
8,8
8,8
8,8
8,8
8,8
8,8
8,8
8,8
8,8
8,8
8,8
8,8
8,8
8,8
8,8
8,8
8,8
8,8
8,8
8,8
8,8
8,8
8,8
8,8
8,8
8,8
8,8
8,8
8,8
8,8
8,8
8,8
8,8
8,8
8,8
8,8
8,8
8,8
8,8
8,8
8,8
8,8
8,8
8,8
8,8
8,8
8,8
8,8
8,8
8,8
8,8
8,8
8,8
8,8
8,8
8,8
8,8
8,8
8,8
8,8
8,8
8,8
8,8
8,8
8,8
8,8
8,8
8,8
8,8
8,8
8,8
8,8
8,8
8,8
8,8
8,8
8,8
8,8
8,8
8,8
8,8
8,8
8,8
8,8
8,8
8,8
8,8
8,8
8,8
8,8
8,8
8,8
8,8
8,8
8,8
8,8
8,8
8,8
8,8
8,8
8,8
8,8
8,8
8,8
8,8
8,8
8,8
8,8
8,8
8,8
8,8
8,8
8,8
8,8
8,8
8,8
8,8
8,8
8,8
8,8
8,8
8,8
8,8
8,8
8,8
8,8
8,8
8,8
8,8
8,8
8,8
8,8
8,8
8,8
8,8
8,8
8,8
8,8
8,8
8,8
8,8
8,8
8,8
8,8
8,8
8,8
8,8
8,8
8,8
8,8
8,8
8,8
8,8
8,8
8,8
8,8
8,8
8,8
8,8
8,8
8,8
8,8
8,8
8,8
8,8
8,8
8,8
8,8
8,8
8,8
8,8
8,8
8,8
8,8
8,8
8,8
8,8
8,8
8,8
8,8
8,8
8,8
8,8
8,8
8,8
8,8
8,8
8,8
8,8
8,8
8,8
8,8
8,8
8,8
8,8
8,8
8,8
8,8
8,8
8,8
8,8
8,8
8,8
8,8
8,8
8,8
8,8
8,8
8,8
8,8
8,8
8,8
8,8
8,8
8,8
8,8
8,8
8,8
8,8
8,8
8,8
8,8
8,8
8,8
8,8
8,8
8,8
8,8
8,8
8,8
8,8
8,8
8,8
8,8
8,8
8,8
8,8
8,8
8,8
8,8
8,8
8,8
8,8
8,8
8,8
8,8
8,8
8,8
8,8
8,8
8,8
8,8
8,8
8,8
8,8
8,8
8,8
8,8
8,8
8,8
8,8
8,8
8,8
8,8
8,8
8,8
8,8
8,8
8,8
8,8
8,8
8,8
8,8
8,8
8,8
8,8
8,8
8,8
8,8
8,8
8,8
8,8
8,8
8,8
8,8
8,8
8,8
8,8
8,8
8,8
8,8
8,8
8,8
8,8
8,8
8,8
8,8
8,8
8,8
8,8
8,8
8,8
8,8
8,8
8,8
8,8
8,8
8,8
8,8
8,8
8,8
8,8
8,8
8,8
8,8
8,8
8,8
8,8
8,8
8,8
8,8
8,8
8,8
8,8
8,8
8,8
8,8
8,8
8,8
8,8
8,8
8,8
8,8
8,8
8,8
8,8
8,8
8,8
8,8
8,8
8,8
8,8
8,8
8,8
8,8
8,8
8,8
8,8
8,8
8,8
8,8
8,8
8,8
8,8
8,8
8,8
8,8
8,8
8,8
8,8
8,8
8,8
8,8
8,8
8,8
8,8
8,8
8,8
8,8
8,8
8,8
8,8
8,8
8,8
8,8
8,8
8,8
8,8
8,8
8,8
8,8
8,8
8,8
8,8
8,8
8,8
8,8
8,8
8,8
8,8
8,8
8,8
8,8
8,8
8,8
8,8
8,8
8,8
8,8
8,8
8,8
8,8
8,8
8,8
8,8
8,8
8,8
8,8
8,8
8,8
8,8
8,8
8,8
8,8
8,8
8,8
8,8
8,8
8,8
8,8
8,8
8,8
8,8
8,8
8,8
8,8
8,8
8,8
8,8
8,8
8,8
8,8
8,8
8,8
8,8
8,8
8,8
8,8
8,8
8,8
8,8
8,8
8,8
8,8
8,8
8,8
8,8
8,8
8,8
8,8
8,8
8,8
8,8
8,8
8,8
8,8
8,8
8,8
8,8
8,8
8,8
8,8
8,8
8,8
8,8
8,8
8,8
8,8
8,8
8,8
8,8
8,8
8,8
8,8
8,8
8,8
8,8
8,8
8,8
8,8
8,8
8,8
8,8
8,8
8,8
8,8
8,8
8,8
8,8
8,8
8,8
8,8
8,8
8,8
8,8
8,8
8,8
8,8
8,8
8,8
8,8
8,8
8,8
8,8
8,8
8,8
8,8
8,8
8,8
8,8
8,8
8,8
8,8
8,8
8,8
8,8
8,8
8,8
8,8
8,8
8,8
8,8
8,8
8,8
8,8
8,8
8,8
8,8
8,8
8,8
8,8
8,8
8,8
8,8
8,8
8,8
8,8
8,8
8,8
8,8
8,8
8,8
8,8
8,8
8,8
8,8
8,8
8,8
8,8
8,8
8,8
8,8
8,8
8,8
8,8
8,8
8,8
8,8
8,8
8,8
8,8
8,8
8,8
8,8
8,8
8,8
8,8
8,8
8,8
8,8
8,8
8,8
8,8
8,8
8,8
8,8
8,8
8,8
8,8
8,8
8,8
8,8
8,8
8,8
8,8
8,8
8,8
8,8
8,8
8,8
8,8
8,8
8,8
8,8
8,8
8,8
8,8
8,8
8,8
8,8
8,8
8,8
8,8
8,8
8,8
8,8
8,8
8,8
8,8
8,8
8,8
8,8
8,8
8,8
8,8
8,8
8,8
8,8
8,8
8,8
8,8
8,8
8,8
8,8
8,8
8,8
8,8
8,8
8,8
8,8
8,8
8,8
8,8
8,8
8,8
8,8
8,8
8,8
8,8
8,8
8,8
8,8
8,8
8,8
8,8
8,8
8,8
8,8
8,8
8,8
8,8
8,8
8,8
8,8
8,8
8,8
8,8
8,8
8,8
8,8
8,8
8,8
8,8
8,8
8,8
8,8
8,8
8,8
8,8
8,8
8,8
8,8
8,8
8,8
8,8
8,8
8,8
8,8
8,8
8,8
8,8
8,8
8,8
8,8
8,8
8,8
8,8
8,8
8,8
8,8
8,8
8,8
8,8
8,8
8,8
8,8
8,8
8,8
8,8
8,8
8,8
8,8
8,8
8,8
8,8
8,8
8,8
8,8
8,8
8,8
8,8
8,8
8,8
8,8
8,8
8,8
8,8
8,8
8,8
8,8
8,8
8,8
8,8
8,8
8,8
8,8
8,8
8,8
8,8
8,8
8,8
8,8
8,8
8,8
8,8
8,8
8,8
8,8
8,8
8,8
8,8
8,8
8,8
8,8
8,8
8,8
8,8
8,8
8,8
8,8
8,8
8,8
8,8
8,8
8,8
8,8
8,8
8,8
8,8
8,8
8,8
8,8
8,8
8,8
8,8
8,8
8,8
8,8
8,8
8,8
8,8
8,8
8,8
8,8
8,8
8,8
8,8
8,8
8,8
8,8
8,8
8,8
8,8
8,8
8,8
8,8
8,8
8,8
8,8
8,8
8,8
8,8
8,8
8,8
8,8
8,8
8,8
8,8
8,8
8,8
8,8
8,8
8,8
8,8
8,8
8,8
8,8
8,8
8,8
8,8
8,8
8,8
8,8
8,8
8,8
8,8
8,8
8,8
8,8
8,8
8,8
8,8
8,8
8,8
8,8
8,8
8,8
8,8
8,8
8,8
8,8
8,8
8,8
8,8
8,8
8,8
8,8
8,8
8,8
8,8
8,8
8,8
8,8
8,8
8,8
8,8
8,8
8,8
8,8
8,8
8,8
8,8
8,8
8,8
8,8
8,8
8,8
8,8
8,8
8,8
8,8
8,8
8,8
8,8
8,8
8,8
8,8
8,8
8,8
8,8
8,8
8,8
8,8
8,8
8,8
8,8
8,8
8,8
8,8
8,8
8,8
8,8
8,8
8,8
8,8
8,8
8,8
8,8
8,8
8,8
8,8
8,8
8,8
8,8
8,8
8,8
8,8
8,8
8,8
8,8
8,8
8,8
8,8
8,8
8,8
8,8
8,8
8,8
8,8
8,8
8,8
8,8
8,8
8,8
8,8
8,8
8,8
8,8
8,8
8,8
8,8
8,8
8,8
8,8
8,8
8,8
8,8
8,8
8,8
8,8
8,8
8,8
8,8
8,8
8,8
8,8
8,8
8,8
8,8
8,8
8,8
8,8
8,8
8,8
8,8
8,8
8,8
8,8
8,8
8,8
8,8
8,8
8,8
8,8
8,8
8,8
8,8
8,8
8,8
8,8
8,8
8,8
8,8
8,8
8,8
8,8
8,8
8,8
8,8
8,8
8,8
8,8
8,8
8,8
8,8
8,8
8,8
8,8
8,8
8,8
8,8
8,8
8,8
8,8
8,8
8,8
8,8
8,8
8,8
8,8
8,8
8,8
8,8
8,8
8,8
8,8
8,8
8,8
8,8
8,8
8,8
8,8
8,8
8,8
8,8
8,8
8,8
8,8
8,8
8,8
8,8
8,8
8,8
8,8
8,8
8,8
8,8
8,8
8,8
8,8
8,8
8,8
8,8
8,8
8,8
8,8
8,8
8,8
8,8
8,8
8,8
8,8
8,8
8,8
8,8
8,8
8,8
8,8
8,8
8,8
8,8
8,8
8,8
8,8
8,8
8,8
8,8
8,8
8,8
8,8
8,8
8,8
8,8
8,8
8,8
8,8
8,8
8,8
8,8
8,8
8,8
8,8
8,8
8,8
8,8
8,8
8,8
8,8
8,8
8,8
8,8
8,8
8,8
8,8
8,8
8,8
8,8
8,8
8,8
8,8
8,8
8,8
8,8
8,8
8,8
8,8
8,8
8,8
8,8
8,8
8,8
8,8
8,8
8,8
8,8
8,8
8,8
8,8
8,8
8,8
8,8
8,8
8,8
8,8
8,8
8,8
8,8
8,8
8,8
8,8
8,8
8,8
8,8
8,8
8,8
8,8
8,8
8,8
8,8
8,8
8,8
8,8
8,8
8,8
8,8
8,8
8,8
8,8
8,8
8,8
8,8
8,8
8,8
8,8
8,8
8,8
8,8
8,8
8,8
8,8
8,8
8,8
8,8
8,8
8,8
8,8
8,8
8,8
8,8
8,8
8,8
8,8
8,8
8,8
8,8
8,8
8,8
8,8
8,8
8,8
8,8
8,8
8,8
8,8
8,8
8,8
8,8
8,8
8,8
8,8
8,8
8,8
8,8
8,8
8,8
8,8
8,8
8,8
8,8
8,8
8,8
8,8
8,8
8,8
8,8
8,8
8,8
8,8
8,8
8,8
8,8
8,8
8,8
8,8
8,8
8,8
8,8
8,8
8,8
8,8
8,8
8,8
8,8
8,8
8,8
8,8
8,8
8,8
8,8
8,8
8,8
8,8
8,8
8,8
8,8
8,8
8,8
8,8
8,8
8,8
8,8
8,8
8,8
8,8
8,8
8,8
8,8
8,8
8,8
8,8
8,8
8,8
8,8
8,8
8,8
8,8
8,8
8,8
8,8
8,8
8,8
8,8
8,8
8,8
8,8
8,8
8,8
8,8
8,8
8,8
8,8
8,8
8,8
8,8
8,8
8,8
8,8
8,8
8,8
8,8
8,8
8,8
8,8
8,8
8,8
8,8
8,8
8,8
8,8
8,8
8,8
8,8
8,8
8,8
8,8
8,8
8,8
8,8
8,8
8,8
8,8
8,8
8,8
8,8
8,8
8,8
8,8
8,8
8,8
8,8
8,8
8,8
8,8
8,8
8,8
8,8
8,8
8,8
8,8
8,8
8,8
8,8
8,8
8,8
8,8
8,8
8,8
8,8
8,8
8,8
8,8
8,8
8,8
8,8
8,8
8,8
8,8
8,8
8,8
8,8
8,8
8,8
8,8
8,8
8,8
8,8
8,8
8,8
8,8
8,8
8,8
8,8
8,8
8,8
8,8
8,8
8,8
8,8
8,8
8,8
8,8
8,8
8,8
8,8
8,8
8,8
8,8
8,8
8,8
8,8
8,8
8,8
8,8
8,8
8,8
8,8
8,8
8,8
8,8
8,8
8,8
8,8
8,8
8,8
8,8
8,8
8,8
8,8
8,8
8,8
8,8
8,8
8,8
8,8
8,8
8,8
8,8
8,8
8,8
8,8
8,8
8,8
8,8
8,8
8,8
8,8
8,8
8,8
8,8
8,8
8,8
8,8
8,8
8,8
8,8
8,8
8,8
8,8
8,8
8,8
8,8
8,8
8,8
8,8
8,8
8,8
8,8
8,8
8,8
8,8
8,8
8,8
8,8
8,8
8,8
8,8
8,8
8,8
8,8
8,8
8,8
8,8
8,8
8,8
8,8
8,8
8,8
8,8
8,8
8,8
8,8
8,8
8,8
8,8
8,8
8,8
8,8
8,8
8,8
8,8
8,8
8,8
8,8
8,8
8,8
8,8
8,8
8,8
8,8
8,8
8,8
8,8
8,8
8,8
8,8
8,8
8,8
8,8
8,8
8,8
8,8
8,8
8,8
8,8
8,8
8,8
8,8
8,8
8,8
8,8
8,8
8,8
8,8
8,8
8,8
8,8
8,8
8,8
8,8
8,8
8,8
8,8
8,8
8,8
8,8
8,8
8,8
8,8
8,8
8,8
8,8
8,8
8,8
8,8
8,8
8,8
8,8
8,8
8,8
8,8
8,8
8,8
8,8
8,8
8,8
8,8
8,8
8,8
8,8
8,8
8,8
8,8
8,8
8,8
8,8
8,8
8,8
8,8
8,8
8,8
8,8
8,8
8,8
8,8
8,8
8,8
8,8
8,8
8,8
8,8
8,8
8,8
8,8
8,8
8,8
8,8
8,8
8,8
8,8
8,8
8,8
8,8
8,8
8,8
8,8
8,8
8,8
8,8
8,8
8,8
8,8
8,8
8,8
8,8
8,8
8,8
8,8
8,8
8,8
8,8
8,8
8,8
8,8
8,8
8,8
8,8
8,8
8,8
8,8
8,8
8,8
8,8
8,8
8,8
8,8
8,8
8,8
8,8
8,8
8,8
8,8
8,8
8,8
8,8
8,8
8,8
8,8
8,8
8,8
8,8
8,8
8,8
8,8
8,8
8,8
8,8
8,8
8,8
8,8
8,8
8,8
8,8
8,8
8,8
8,8
8,8
8,8
8,8
8,8
8,8
8,8
8,8
8,8
8,8
8,8
8,8
8,8
8,8
8,8
8,8
8,8
8,8
8,8
8,8
8,8
8,8
8,8
8,8
8,8
8,8
8,8
8,8
8,8
8,8
8,8
8,8
8,8
8,8
8,8
8,8
8,8
8,8
8,8
8,8
8,8
8,8
8,8
8,8
8,8
8,8
8,8
8,8
8,8
8,8
8,8
8,8
8,8
8,8
8,8
8,8
8,8
8,8
8,8
8,8
8,8
8,8
8,8
8,8
8,8
8,8
8,8
8,8
8,8
8,8
8,8
8,8
8,8
8,8
8,8
8,8
8,8
8,8
8,8
8,8
8,8
8,8
8,8
8,8
8,8
8,8
8,8
8,8
8,8
8,8
8,8
8,8
8,8
8,8
8,8
8,8
8,8
8,8
8,8
8,8
8,8
8,8
8,8
8,8
8,8
8,8
8,8
8,8
8,8
8,8
8,8
8,8
8,8
8,8
8,8
8,8
8,8
8,8
8,8
8,8
8,8
8,8
8,8
8,8
8,8
8,8
8,8
8,8
8,8
8,8
8,8
8,8
8,8
8,8
8,8
8,8
8,8
8,8
8,8
8,8
8,8
8,8
8,8
8,8
8,8
8,8
8,8
8,8
8,8
8,8
8,8
8,8
8,8
8,8
8,8
8,8
8,8
8,8
8,8
8,8
8,8
8,8
8,8
8,8
8,8
8,8
8,8
8,8
8,8
8,8
8,8
8,8
8,8
8,8
8,8
8,8
8,8
8,8
8,8
8,8
8,8
8,8
8,8
8,8
8,8
8,8
8,8
8,8
8,8
8,8
8,8
8,8
8,8
8,8
8,8
8,8
8,8
8,8
8,8
8,8
8,8
8,8
8,8
8,8
8,8
8,8
8,8
8,8
8,8
8,8
8,8
8,8
8,8
8,8
8,8
8,8
8,8
8,8
8,8
8,8
8,8
8,8
8,8
8,8
8,8
8,8
8,8
8,8
8,8
8,8
8,8
8,8
8,8
8,8
8,8
8,8
8,8
8,8
9,8
9,8
9,8
9,8
9,8
9,8
9,8
9,8
9,8
9,8
9,8
9,8
9,8
9,8
9,8
9,8
9,8
9,8
9,8
9,8
9,8
9,8
9,8
9,8
9,8
9,8
9,8
9,8
9,8
9,8
9,8
9,8
9,8
9,8
9,8
9,8
9,8
9,8
9,8
9,8
9,8
9,8
9,8
9,8
9,8
9,8
9,8
9,8
9,8
9,8
9,8
9,8
9,8
9,8
9,8
9,8
9,8
9,8
9,8
9,8
9,8
9,8
9,8
9,8
9,8
9,8
9,8
9,8
9,8
9,8
9,8
9,8
9,8
9,8
9,8
9,8
9,8
9,8
9,8
9,8
9,8
9,8
9,8
9,8
9,8
9,8
9,8
9,8
9,8
9,8
9,8
9,8
9,8
9,8
9,8
9,8
9,8
9,8
9,8
9,8
9,8
9,8
9,8
9,8
9,8
9,8
9,8
9,8
9,8
9,8
9,8
9,8
9,8
9,8
9,8
9,8
9,8
9,8
9,8
9,8
9,9
9,9
9,9
9,9
9,9
9,9
9,9
9,9
9,9
9,9
9,9
9,9
9,9
9,9
9,9
9,9
9,9
9,9
9,9
9,9
9,9
9,9
9,9
9,9
9,9
9,9
9,9
9,9
9,9
9,9
9,9
9,9
9,9
9,9
9,9
9,9
9,9
9,9
9,9
9,9
9,9
9,9
9,9
9,9
9,9
9,9
9,9
9,9
9,9
9,9
9,9
9,9
9,9
9,9
9,9
9,9
9,9
9,9
9,9
9,9
9,9
9,9
9,9
9,9
9,9
9,9
9,9
9,9
9,9
9,9
9,9
9,9
9,9
9,9
9,9
9,9
9,9
9,9
9,9
9,9
9,9
9,9
9,9
9,9
9,9
9,9
9,9
9,9
9,9
9,9
9,9
9,9
9,9
9,9
9,9
9,9
9,9
9,9
9,9
9,9
9,9
9,9
9,9
9,9
9,9
9,9
9,9
9,9
9,9
9,9
9,9
9,9
9,9
9,9
9,9
9,9
9,9
9,9
9,9
9,9
9,9
9,9
9,9
9,9
9,9
9,9
9,9
9,9
9,9
9,9
9,9
9,9
9,9
9,9
9,9
9,9
9,9
9,9
9,9
9,9
9,9
9,9
9,9
9,9
9,9
9,9
9,9
9,9
9,9
9,9
9,9
9,9
9,9
9,9
9,9
9,9
9,9
9,9
9,9
9,9
9,9
9,9
9,9
9,9
9,9
9,9
9,9
9,9
9,9
9,9
9,9
9,9
9,9
9,9
9,9
9,9
9,9
9,9
9,9
9,9
9,9
9,9
9,9
9,9
9,9
9,9
9,9
9,9
9,9
9,9
9,9
9,9
9,9
9,9
9,9
9,9
9,9
9,9
9,9
9,9
9,9
9,9
9,9
9,9
9,9
9,9
9,9
9,9
9,9
9,9
9,9
9,9
9,9
9,9
9,9
9,9
9,9
9,9
9,9
9,9
9,9
9,9
9,9
9,9
9,9
9,9
9,9
9,9
9,9
9,9
9,9
9,9
9,9
9,9
9,9
9,9
9,9
9,9
9,9
9,9
9,9
9,9
9,9
9,9
9,9
9,9
9,9
9,9
9,9
9,9
9,9
9,9
9,9
9,9
9,9
9,9
9,9
9,9
9,9
9,9
9,9
9,9
9,9
9,9
9,9
9,9
9,9
9,9
9,9
9,9
9,9
9,9
9,9
9,9
9,9
9,9
9,9
9,9
9,9
9,9
9,9
9,9
9,9
9,9
9,9
9,9
9,9
9,9
9,9
9,9
9,9
9,9
9,9
9,9
9,9
9,9
9,9
9,9
9,9
9,9
9,9
9,9
9,9
9,9
9,9
9,9
9,9
9,9
9,9
9,9
9,9
9,9
9,9
9,9
9,9
9,9
9,9
9,9
9,9
9,9
9,9
9,9
9,9
9,9
9,9
9,9
9,9
9,9
9,9
9,9
9,9
9,9
9,9
9,9
9,9
9,9
9,9
9,9
9,9
9,9
9,9
9,9
9,9
9,9
9,9
9,9
9,9
9,9
9,9
9,9
9,9
9,9
9,9
9,9
9,9
9,9
9,9
9,9
9,9
9,9
9,9
9,9
9,9
9,9
9,9
9,9
9,9
9,9
9,9
9,9
9,9
9,9
9,9
9,9
9,9
9,9
9,9
9,9
9,9
9,9
9,9
9,9
9,9
9,9
9,9
9,9
9,9
9,9
9,9
9,9
9,9
9,9
9,9
9,9
9,9
9,9
9,9
9,9
9,9
9,9
9,9
9,9
9,9
9,9
9,9
9,9
9,9
9,9
9,9
9,9
9,9
9,9
9,9
9,9
9,9
9,9
9,9
9,9
9,9
9,9
9,9
9,9
9,9
9,9
9,9
9,9
9,9
9,9
9,9
9,9
9,9
9,9
9,9
9,9
9,9
9,9
9,9
9,9
9,9
9,9
9,9
9,9
9,9
9,9
9,9
9,9
9,9
9,9
9,9
9,9
9,9
9,9
9,9
9,9
9,9
9,9
9,9
9,9
9,9
9,9
9,9
9,9
9,9
9,9
9,9
9,9
9,9
9,9
9,9
9,9
9,9
9,9
9,9
9,9
9,9
9,9
9,9
9,9
9,9
9,9
9,9
9,9
9,9
9,9
9,9
9,9
9,9
9,9
9,9
9,9
9,9
9,9
9,9
9,9
9,9
9,9
9,9
9,9
9,9
9,9
9,9
9,9
9,9
9,9
9,9
9,9
9,9
9,9
9,9
9,9
9,9
9,9
9,9
9,9
9,9
9,9
9,9
9,9
9,9
9,9
9,9
9,9
9,9
9,9
9,9
9,9
9,9
9,9
9,9
9,9
9,9
9,9
9,9
9,9
9,9
9,9
9,9
9,9
9,9
9,9
9,9
9,9
9,9
9,9
9,9
9,9
9,9
9,9
9,9
9,9
9,9
9,9
9,9
9,9
9,9
9,9
9,9
9,9
9,9
9,9
9,9
9,9
9,9
9,9
9,9
9,9
9,9
9,9
9,9
9,9
9,9
9,9
9,9
9,9
9,9
9,9
9,9
9,9
9,9
9,9
9,9
9,9
9,9
9,9
9,9
9,9
9,9
9,9
9,9
9,9
9,9
9,9
9,9
9,9
9,9
9,9
9,9
9,9
9,9
9,9
9,9
9,9
9,9
9,9
9,9
9,9
9,9
9,9
9,9
9,9
9,9
9,9
9,9
9,9
9,9
9,9
9,9
9,9
9,9
9,9
9,9
9,9
9,9
9,9
9,9
9,9
9,9
9,9
9,9
9,9
9,9
9,9
9,9
9,9
9,9
9,9
9,9
9,9
9,9
9,9
9,9
9,9
9,9
9,9
9,9
9,9
9,9
9,9
9,9
9,9
9,9
9,9
9,9
9,9
9,9
9,9
9,9
9,9
9,9
9,9
9,9
9,9
9,9
9,9
9,9
9,9
9,9
9,9
9,9
9,9
9,9
9,9
9,9
9,9
9,9
9,9
9,9
9,9
9,9
9,9
9,9
9,9
9,9
9,9
9,9
9,9
9,9
9,9
9,9
9,9
9,9
9,9
9,9
9,9
9,9
9,9
9,9
9,9
9,9
9,9
9,9
9,9
9,9
9,9
9,9
9,9
9,9
9,9
9,9
9,9
9,9
9,9
9,9
9,9
9,9
9,9
9,9
9,9
9,9
9,9
9,9
9,9
9,9
9,9
9,9
9,9
9,9
9,9
9,9
9,9
9,9
9,9
9,9
9,9
9,9
9,9
9,9
9,9
9,9
9,9
9,9
9,9
9,9
9,9
9,9
9,9
9,9
9,9
9,9
9,9
9,9
9,9
9,9
9,9
9,9
9,9
9,9
9,9
9,9
9,9
9,9
9,9
9,9
9,9
9,9
9,9
9,9
9,9
9,9
9,9
9,9
9,9
9,9
9,9
9,9
9,9
9,9
9,9
9,9
9,9
9,9
9,9
9,9
9,9
9,9
9,9
9,9
9,9
9,9
9,9
9,9
9,9
9,9
9,9
9,9
9,9
9,9
9,9
9,9
9,9
9,9
9,9
9,9
9,9
9,9
9,9
9,9
9,9
9,9
9,9
9,9
9,9
9,9
9,9
9,9
9,9
9,9
9,9
9,9
9,9
9,9
9,9
9,9
9,9
9,9
9,9
9,9
9,9
9,9
9,9
9,9
9,9
9,9
9,9
9,9
9,9
9,9
9,9
9,9
9,9
9,9
9,9
9,9
9,9
9,9
9,9
9,9
9,9
9,9
9,9
9,9
9,9
9,9
9,9
9,9
9,9
9,9
9,9
9,9
9,9
9,9
9,9
9,9
9,9
9,9
9,9
9,9
9,9
9,9
9,9
9,9
9,9
9,9
9,9
9,9
9,9
9,9
9,9
9,9
9,9
9,9
9,9
9,9
9,9
9,9
9,9
9,9
9,9
9,9
9,9
9,9
9,9
9,9
9,9
9,9
9,9
9,9
9,9
9,9
9,9
9,9
9,9
9,9
9,9
9,9
9,9
9,9
9,9
9,9
9,9
9,9
9,9
9,9
9,9
9,9
9,9
9,9
9,9
9,9
9,9
9,9
9,9
9,9
9,9
9,9
9,9
9,9
9,9
9,9
9,9
9,9
9,9
9,9
9,9
9,9
9,9
9,9
9,9
9,9
9,9
9,9
9,9
9,9
9,9
9,9
9,9
9,9
9,9
9,9
9,9
9,9
9,9
9,9
9,9
9,9
9,9
9,9
9,9
9,9
9,9
9,9
9,9
9,9
9,9
9,9
9,9
9,9
9,9
9,9
9,9
9,9
9,9
9,9
9,9
9,9
9,9
9,9
9,9
9,9
9,9
9,9
9,9
9,9
9,9
9,9
9,9
9,9
9,9
9,9
9,9
9,9
9,9
9,9
9,9
9,9
9,9
9,9
9,9
9,9
9,9
9,9
9,9
9,9
9,9
9,9
9,9
9,9
9,9
9,9
9,9
9,9
9,9
9,9
9,9
9,9
9,9
9,9
9,9
9,9
9,9
9,9
9,9
9,9
9,9
9,9
9,9
9,9
9,9
9,9
9,9
9,9
9,9
9,9
9,9
9,9
9,9
9,9
9,9
9,9
9,9
9,9
9,9
9,9
9,9
9,9
9,9
9,9
9,9
9,9
9,9
9,9
9,9
9,9
9,9
9,9
9,9
9,9
9,9
9,9
9,9
9,9
9,9
9,9
9,9
9,9
9,9
9,9
9,9
9,9
9,9
9,9
9,9
9,9
9,9
9,9
9,9
9,9
9,9
9,9
9,9
9,9
9,9
9,9
9,9
9,9
9,9
9,9
9,9
9,9
9,9
9,9
9,9
9,9
9,9
9,9
9,9
9,9
9,9
9,9
9,9
9,9
9,9
9,9
9,9
9,9
9,9
9,9
9,9
9,9
9,9
9,9
9,9
9,9
9,9
9,9
9,9
9,9
9,9
9,9
9,9
9,9
9,9
9,9
9,9
9,9
9,9
9,9
9,9
9,9
9,9
9,9
9,9
9,9
9,9
9,9
9,9
9,9
9,9
9,9
9,9
9,9
9,9
9,9
9,9
9,9
9,9
9,9
9,9
9,9
9,9
9,9
9,9
9,9
9,9
9,9
9,9
9,9
9,9
9,9
9,9
9,9
9,9
9,9
9,9
9,9
9,9
9,9
9,9
9,9
9,9
9,9
9,9
9,9
9,9
9,9
9,9
9,9
9,9
9,9
9,9
9,9
9,9
9,9
9,9
9,9
9,9
9,9
9,9
9,9
9,9
9,9
9,9
9,9
9,9
9,9
9,9
9,9
9,9
9,9
9,9
9,9
9,9
9,9
9,9
9,9
9,9
9,9
9,9
9,9
9,9
9,9
9,9
9,9
9,9
9,9
9,9
9,9
9,9
9,9
9,9
9,9
9,9
9,9
9,9
9,9
9,9
9,9
9,9
9,9
9,9
9,9
9,9
9,9
9,9
9,9
9,9
9,9
9,9
9,9
9,9
9,9
9,9
9,9
9,9
9,9
9,9
9,9
9,9
9,9
9,9
9,9
9,9
9,9
9,9
9,9
9,9
9,9
9,9
9,9
9,9
9,9
9,9
9,9
9,9
9,9
9,9
9,9
9,9
9,9
9,9
9,9
9,9
9,9
9,9
9,9
9,9
9,9
9,9
9,9
9,9
9,9
9,9
9,9
9,9
9,9
9,9
9,9
9,9
9,9
9,9
9,9
9,9
9,9
9,9
9,9
9,9
9,9
9,9
9,9
9,9
9,9
9,9
9,9
9,9
9,9
9,9
9,9
9,9
9,9
9,9
9,9
9,9
9,9
9,9
9,9
9,9
9,9
9,9
9,9
9,9
9,9
9,9
9,9
9,9
9,9
9,9
9,9
9,9
9,9
9,9
9,9
9,9
9,9
9,9
9,9
9,9
9,9
9,9
9,9
9,9
9,9
9,9
9,9
9,9
9,9
9,9
9,9
9,9
9,9
9,9
9,9
9,9
9,9
9,9
9,9
9,9
9,9
9,9
9,9
9,9
9,9
9,9
9,9
9,9
9,9
9,9
9,9
9,9
9,9
9,9
9,9
9,9
9,9
9,9
9,9
9,9
9,9
9,9
9,9
9,9
9,9
9,9
9,9
9,9
9,9
9,9
9,9
9,9
9,9
9,9
9,9
9,9
9,9
9,9
9,9
9,9
9,9
9,9
9,9
9,9
9,9
9,9
9,9
9,9
9,9
9,9
9,9
9,9
9,9
9,9
9,9
9,9
9,9
9,9
9,9
9,9
9,9
9,9
9,9
9,9
9,9
9,9
9,9
9,9
9,9
9,9
9,9
9,9
9,9
9,9
9,9
9,9
9,9
9,9
9,9
9,9
9,9
9,9
9,9
9,9
9,9
9,9
9,9
9,9
9,9
9,9
9,9
9,9
9,9
9,9
9,9
9,9
9,9
9,9
9,9
9,9
9,9
9,9
9,9
9,9
9,9
9,9
9,9
9,9
9,9
9,9
9,9
9,9
9,9
9,9
9,9
9,9
9,9
9,9
9,9
9,9
9,9
9,9
9,9
9,9
9,9
9,9
9,9
9,9
9,9
9,9
9,9
9,9
9,9
9,9
9,9
9,9
9,9
9,9
9,9
9,9
9,9
9,9
9,9
9,9
9,9
9,9
9,9
9,9
9,9
9,9
9,9
9,9
9,9
9,9
9,9
9,9
9,10
9,10
9,10
9,10
9,10
9,10
9,10
9,10
9,10
9,10
9,10
9,10
9,10
9,10
9,10
9,10
9,10
9,10
9,10
9,10
9,10
9,10
9,10
9,10
9,10
9,10
9,10
9,10
9,10
9,10
9,10
9,10
9,10
9,10
9,10
9,10
9,10
9,10
9,10
9,10
9,10
9,10
9,10
9,10
9,10
9,10
9,10
9,10
9,10
9,10
9,10
9,10
9,10
9,10
9,10
9,10
9,10
9,10
9,10
9,10
9,10
9,10
9,10
9,10
9,10
9,10
9,10
9,10
9,10
9,10
9,10
9,10
9,10
9,10
9,10
9,10
9,10
9,10
9,10
9,10
9,10
9,10
9,10
9,10
9,10
9,10
9,10
9,10
9,10
9,10
9,10
9,10
9,10
9,10
9,10
9,10
9,10
9,10
9,10
9,10
9,10
9,10
9,10
9,10
9,10
9,10
9,10
9,10
9,10
9,10
9,10
9,10
9,10
9,10
9,10
9,10
9,10
9,10
9,10
9,10
9,10
9,10
9,10
9,10
9,10
9,10
9,10
9,10
9,10
9,10
9,10
9,10
9,10
9,10
9,10
9,10
9,10
9,10
9,10
9,10
9,10
9,10
9,10
9,10
9,10
9,10
9,10
9,10
9,10
9,10
9,10
9,10
9,10
9,10
9,10
9,10
9,10
9,10
9,10
9,10
9,10
9,10
9,10
9,10
9,10
9,10
9,10
9,10
9,10
9,10
9,10
9,10
9,10
9,10
9,10
9,10
9,10
9,10
9,10
9,10
9,10
9,10
9,10
9,10
9,10
9,10
9,10
9,10
9,10
9,10
9,10
9,10
9,10
9,10
9,10
9,10
9,10
9,10
9,10
9,10
9,10
9,10
9,10
9,10
9,10
9,10
9,10
9,10
9,10
9,10
9,10
9,10
9,10
9,10
9,10
9,10
9,10
9,10
9,10
9,10
9,10
9,10
9,10
9,10
9,10
9,10
9,10
9,10
9,10
9,10
9,10
9,10
9,10
9,10
9,10
9,10
9,10
9,10
9,10
9,10
9,10
9,10
9,10
9,10
9,10
9,10
9,10
9,10
9,10
9,10
9,10
9,10
9,10
9,10
9,10
9,10
9,10
9,10
9,10
9,10
9,10
9,10
9,10
9,10
9,10
9,10
9,10
9,10
9,10
9,10
9,10
9,10
9,10
9,10
9,10
9,10
9,10
9,10
9,10
9,10
9,10
9,10
9,10
9,10
9,10
9,10
9,10
9,10
9,10
9,10
9,10
9,10
9,10
9,10
9,10
9,10
9,10
9,10
9,10
9,10
9,10
9,10
9,10
9,10
9,10
9,10
9,10
9,10
9,10
9,10
9,10
9,10
9,10
9,10
9,10
9,10
9,10
9,10
9,10
9,10
9,10
9,10
9,10
9,10
9,10
9,10
9,10
9,10
9,10
9,10
9,10
9,10
9,10
9,10
9,10
9,10
9,10
9,10
9,10
9,10
9,10
9,10
9,10
9,10
9,10
9,10
9,10
9,10
9,10
9,10
9,10
9,10
9,10
9,10
9,10
9,10
9,10
9,10
9,10
9,10
9,10
9,10
9,10
9,10
9,10
9,10
9,10
9,10
9,10
9,10
9,10
9,10
9,10
9,10
9,10
9,10
9,10
9,10
9,10
9,10
9,10
9,10
9,10
9,10
9,10
9,10
9,10
9,10
9,10
9,10
9,10
9,10
9,10
9,10
9,10
9,10
9,10
9,10
9,10
9,10
9,10
9,10
9,10
9,10
9,10
9,10
9,10
9,10
9,10
9,10
9,10
9,10
9,10
9,10
9,10
9,10
9,10
9,10
9,10
9,10
9,10
9,10
9,10
9,10
9,10
9,10
9,10
9,10
9,10
9,10
9,10
9,10
9,10
9,10
9,10
9,10
9,10
9,10
9,10
9,10
9,10
9,10
9,10
9,10
9,10
9,10
9,10
9,10
9,10
9,10
9,10
9,10
9,10
9,10
9,10
9,10
9,10
9,10
9,10
9,10
9,10
9,10
9,10
9,10
9,10
9,10
9,10
9,10
9,10
9,10
9,10
9,10
9,10
9,10
9,10
9,10
9,10
9,10
9,10
9,10
9,10
9,10
9,10
9,10
9,10
9,10
9,10
9,10
9,10
9,10
9,10
9,10
9,10
9,10
9,10
9,10
9,10
9,10
9,10
9,10
9,10
9,10
9,10
9,10
9,10
9,10
9,10
9,10
9,10
9,10
9,10
9,10
9,10
9,10
9,10
9,10
9,10
9,10
9,10
9,10
9,10
9,10
9,10
9,10
9,10
9,10
9,10
9,10
9,10
9,10
9,10
9,10
9,10
9,10
9,10
9,10
9,10
9,10
9,10
9,10
9,10
9,10
9,10
9,10
9,10
9,10
9,10
9,10
9,10
9,10
9,10
9,10
9,10
9,10
9,10
9,10
9,10
9,10
9,10
9,10
9,10
9,10
9,10
9,10
9,10
9,10
9,10
9,10
9,10
9,10
9,10
9,10
9,10
9,10
9,10
9,10
9,10
9,10
9,10
9,10
9,10
9,10
9,10
9,10
9,10
9,10
9,10
9,10
9,10
9,10
9,10
9,10
9,10
9,10
9,10
9,10
9,10
9,10
9,10
9,10
9,10
9,10
9,10
9,10
9,10
9,10
9,10
9,10
9,10
9,10
9,10
9,10
9,10
9,10
9,10
9,10
9,10
9,10
9,10
9,10
9,10
9,10
9,10
9,10
9,10
9,10
9,10
9,10
9,10
9,10
9,10
9,10
9,10
9,10
9,10
9,10
9,10
9,10
9,10
9,10
9,10
9,10
9,10
9,10
9,10
9,10
9,10
9,10
9,10
9,10
9,10
9,10
9,10
9,10
9,10
9,10
9,10
9,10
9,10
9,10
9,10
9,10
9,10
9,10
9,10
9,10
9,10
9,10
9,10
9,10
9,10
9,10
9,10
9,10
9,10
9,10
9,10
9,10
9,10
9,10
9,10
9,10
9,10
9,10
9,10
9,10
9,10
9,10
9,10
9,10
9,10
9,10
9,10
9,10
9,10
9,10
9,10
9,10
9,10
9,10
9,10
9,10
9,10
9,10
9,10
9,10
9,10
9,10
9,10
9,10
9,10
9,10
9,10
9,10
9,10
9,10
9,10
9,10
9,10
9,10
9,10
9,10
9,10
9,10
9,10
9,10
9,10
9,10
9,10
9,10
9,10
9,10
9,10
9,10
9,10
9,10
9,10
9,10
9,10
9,10
9,10
9,10
9,10
9,10
9,10
9,10
9,10
9,10
9,10
9,10
9,10
9,10
9,10
9,10
9,10
9,10
9,10
9,10
9,10
9,10
9,10
9,10
9,10
9,10
9,10
9,10
9,10
9,10
9,10
9,10
9,10
9,10
9,10
9,10
9,10
9,10
9,10
9,10
9,10
9,10
9,10
9,10
9,10
9,10
9,10
9,10
9,10
9,10
9,10
9,10
9,10
9,10
9,10
9,10
9,10
9,10
9,10
9,10
9,10
9,10
9,10
9,10
9,10
9,10
9,10
9,10
9,10
9,10
9,10
9,10
9,10
9,10
9,10
9,10
9,10
9,10
9,10
9,10
9,10
9,10
9,10
9,10
9,10
9,10
9,10
9,10
9,10
9,10
9,10
9,10
9,10
9,10
9,10
9,10
9,10
9,10
9,10
9,10
9,10
9,10
9,10
9,10
9,10
9,10
9,10
9,10
9,10
9,10
9,10
9,10
9,10
9,10
9,10
9,10
9,10
9,10
9,10
9,10
9,10
9,10
9,10
9,10
9,10
9,10
9,10
9,10
9,10
9,10
9,10
9,10
9,10
9,10
9,10
9,10
9,10
9,10
9,10
9,10
9,10
9,10
9,10
9,10
9,10
9,10
9,10
9,10
9,10
9,10
9,10
9,10
9,10
9,10
9,10
9,10
9,10
9,10
9,10
9,10
9,10
9,10
9,10
9,10
9,10
9,10
9,10
9,10
9,10
9,10
9,10
9,10
9,10
9,10
9,10
9,10
9,10
9,10
9,10
9,10
9,10
9,10
9,10
9,10
9,10
9,10
9,10
9,10
9,10
9,10
9,10
9,10
9,10
9,10
9,10
9,10
9,10
9,10
9,10
9,10
9,10
9,10
9,10
9,10
9,10
9,10
9,10
9,10
9,10
9,10
9,10
9,10
9,10
9,10
9,10
9,10
9,10
9,10
9,10
9,10
9,10
9,10
9,10
9,10
9,10
9,10
9,10
9,10
9,10
9,10
9,10
9,10
9,10
9,10
9,10
9,10
9,10
9,10
9,10
9,10
9,10
9,10
9,10
9,10
9,10
9,10
9,10
9,10
9,10
9,10
9,10
9,10
9,10
9,10
9,10
9,10
9,10
9,10
9,10
9,10
9,10
9,10
9,10
9,10
9,10
9,10
9,10
9,10
9,10
9,10
9,10
9,10
9,10
9,10
9,10
9,10
9,10
9,10
9,10
9,10
9,10
9,10
9,10
9,10
9,10
9,10
9,10
9,10
9,10
9,10
9,10
9,10
9,10
9,10
9,10
9,10
9,10
9,10
9,10
9,10
9,10
9,10
9,10
9,10
9,10
9,10
9,10
9,10
9,10
9,10
9,10
9,10
9,10
9,10
9,10
9,10
9,10
9,10
9,10
9,10
9,10
9,10
9,10
9,10
9,10
9,10
9,10
9,10
9,10
9,10
9,10
9,10
9,10
9,10
9,10
9,10
9,10
9,10
9,10
9,10
9,10
9,10
9,10
9,10
9,10
9,10
9,10
9,10
9,10
9,10
9,10
9,10
9,10
9,10
9,10
9,10
9,10
9,10
9,10
9,10
9,10
9,10
9,10
9,10
9,10
9,10
9,10
9,10
9,10
9,10
9,10
9,10
9,10
9,10
9,10
9,10
9,10
9,10
9,10
9,10
9,10
9,10
9,10
9,10
9,10
9,10
9,10
9,10
9,10
9,10
9,10
9,10
9,10
9,10
9,10
9,10
9,10
9,10
9,10
9,10
9,10
9,10
9,10
9,10
9,10
9,10
9,10
9,10
9,10
9,10
9,10
9,10
9,10
9,10
9,10
9,10
9,10
9,10
9,10
9,10
9,10
9,10
9,10
9,10
9,10
9,10
9,10
9,10
9,10
9,10
9,10
9,10
9,10
9,10
9,10
9,10
9,10
9,10
9,10
9,10
9,10
9,10
9,10
9,10
9,10
9,10
9,10
9,10
9,10
9,10
9,10
9,10
9,10
9,10
9,10
9,10
9,10
9,10
9,10
9,10
9,10
9,10
9,10
9,10
9,10
9,10
9,10
9,10
9,10
9,10
9,10
9,10
9,10
9,10
9,10
9,10
9,10
9,10
9,10
9,10
9,10
9,10
9,10
9,10
9,10
9,10
9,10
9,10
9,10
9,10
9,10
9,10
9,10
9,10
9,10
9,10
9,10
9,10
9,10
9,10
9,10
9,10
9,10
9,10
9,10
9,10
9,10
9,10
9,10
9,10
9,10
9,10
9,10
9,10
9,10
9,10
9,10
9,10
9,10
9,10
9,10
9,10
9,10
9,10
9,10
9,10
9,10
9,10
9,10
9,10
9,10
9,10
9,10
9,10
9,10
9,10
9,10
9,10
9,10
9,10
9,10
9,10
9,10
9,10
9,10
9,10
9,10
9,10
9,10
9,10
9,10
9,10
9,10
9,10
9,10
9,10
9,10
9,10
9,10
9,10
9,10
9,10
9,10
9,10
9,10
9,10
9,10
9,10
9,10
9,10
9,10
9,10
9,10
9,10
9,10
9,10
9,10
9,10
9,10
9,10
9,10
9,10
9,10
9,10
9,10
9,10
9,10
9,10
9,10
9,10
9,10
9,10
9,10
9,10
9,10
9,10
9,10
9,10
9,10
9,10
9,10
9,10
9,10
9,10
9,10
9,10
9,10
9,10
9,10
9,10
9,10
9,10
9,10
9,10
9,10
9,10
9,10
9,10
9,10
9,10
9,10
9,10
9,10
9,10
9,10
9,10
9,10
9,10
9,10
9,10
9,10
9,10
9,10
9,10
9,10
9,10
9,10
9,10
9,10
9,10
9,10
9,10
9,10
9,10
9,10
9,10
9,10
9,10
9,10
9,10
9,10
9,10
9,10
9,10
9,10
9,10
9,10
9,10
9,10
9,10
9,10
9,10
9,10
9,10
9,10
9,10
9,10
9,10
9,10
9,10
9,10
9,10
9,10
9,10
9,10
9,10
9,10
9,10
9,10
9,10
9,10
9,10
9,10
9,10
9,10
9,10
9,10
9,10
9,10
9,10
9,10
9,10
9,10
9,10
9,10
9,10
9,10
9,10
9,10
9,10
9,10
9,10
9,10
9,10
9,10
9,10
9,10
9,10
9,10
9,10
9,10
9,10
9,10
9,10
9,10
9,10
9,10
9,10
9,10
9,10
9,10
9,10
9,10
9,10
9,10
9,10
9,10
9,10
9,10
9,10
9,10
9,10
9,10
9,10
9,10
9,10
9,10
9,10
9,10
9,10
9,10
9,10
9,10
9,10
9,10
9,10
9,10
9,10
9,10
9,10
9,10
9,10
9,10
9,10
9,10
9,10
9,10
9,10
9,10
9,10
9,10
9,10
9,10
9,10
9,10
9,10
9,10
9,10
9,10
9,10
9,10
9,10
9,10
9,10
9,10
9,10
9,10
9,10
9,10
9,10
9,10
9,10
9,10
9,10
9,10
9,10
9,10
9,10
9,10
9,10
9,10
9,10
9,10
9,10
9,10
9,10
9,10
9,10
9,10
9,10
9,10
9,10
9,10
9,10
9,10
9,10
9,10
9,10
9,10
9,10
9,10
9,10
9,10
9,10
9,10
9,10
9,10
9,10
9,10
9,10
9,10
9,10
9,10
9,10
9,10
9,10
9,10
9,10
9,10
9,10
9,10
9,10
9,10
9,10
9,10
9,10
9,10
9,10
9,10
9,10
9,10
9,10
9,10
9,10
9,10
9,10
9,10
9,10
9,10
9,10
9,10
9,10
9,10
9,10
9,10
9,10
9,10
9,10
9,10
9,10
9,10
9,10
9,10
9,10
9,10
9,10
9,10
9,10
9,10
9,10
9,10
9,10
9,10
9,10
9,10
9,10
9,10
9,10
9,10
9,10
9,10
9,10
9,10
9,10
9,10
9,10
9,10
9,10
9,10
9,10
9,10
9,10
9,10
9,10
9,10
9,10
9,10
9,10
9,10
9,10
9,10
9,10
9,10
9,10
9,10
9,10
9,10
9,10
9,10
9,10
9,10
9,10
9,10
9,10
9,10
9,10
9,10
9,10
9,10
9,10
9,10
9,10
9,10
9,10
9,10
9,10
9,10
9,10
9,10
9,10
9,10
9,10
9,10
9,10
9,10
9,10
9,10
9,10
9,10
9,10
9,10
9,10
9,10
9,10
9,10
9,10
9,10
9,10
9,10
9,10
9,10
9,10
9,10
9,10
9,10
9,10
9,10
9,10
9,10
9,10
9,10
9,10
9,10
9,10
9,10
9,10
9,10
9,10
9,10
9,10
9,10
9,10
9,10
9,10
9,10
9,10
9,10
9,10
9,10
9,10
9,10
9,10
9,10
9,10
9,10
9,10
9,10
9,10
9,10
9,10
9,9
9,9
9,9
9,9
9,9
9,9
9,9
9,9
9,9
9,9
9,9
9,9
9,9
9,9
9,9
9,9
9,9
9,9
9,9
9,9
9,9
9,9
9,9
9,9
9,9
9,9
9,9
9,9
9,9
9,9
9,9
9,9
9,9
9,9
9,9
9,9
9,9
9,9
9,9
9,9
9,9
9,9
9,9
9,9
9,9
9,9
9,9
9,9
9,9
9,9
9,9
9,9
9,9
9,9
9,9
9,9
9,9
9,9
9,9
9,9
9,9
9,9
9,9
9,9
9,9
9,9
9,9
9,9
9,9
9,9
9,9
9,9
9,9
9,9
9,9
9,9
9,9
9,9
9,9
9,9
9,9
9,9
9,9
9,9
9,9
9,9
9,9
9,9
9,9
9,9
9,9
9,9
9,9
9,9
9,9
9,9
9,9
9,9
9,9
9,9
9,9
9,9
9,9
9,9
9,9
9,9
9,9
9,9
9,9
9,9
9,9
9,9
9,9
9,9
9,9
9,9
9,9
9,9
9,9
9,9
9,9
9,9
9,9
9,9
9,9
9,9
9,9
9,9
9,9
9,9
9,9
9,9
9,9
9,9
9,9
9,9
9,9
9,9
9,9
9,9
9,9
9,9
9,9
9,9
9,9
9,9
9,9
9,9
9,9
9,9
9,9
9,9
9,9
9,9
9,9
9,9
9,9
9,9
9,9
9,9
9,9
9,9
9,9
9,9
9,9
9,9
9,9
9,9
9,9
9,9
9,9
9,9
9,9
9,9
9,9
9,9
9,9
9,9
9,9
9,9
9,9
9,9
9,9
9,9
9,9
9,9
9,9
9,9
9,9
9,9
9,9
9,9
9,9
9,9
9,9
9,9
9,9
9,9
9,9
9,9
9,9
9,9
9,9
9,9
9,9
9,9
9,9
9,9
9,9
9,9
9,9
9,9
9,9
9,9
9,9
9,9
9,9
9,9
9,9
9,9
9,9
9,9
9,9
9,9
9,9
9,9
9,9
9,9
9,9
9,9
9,9
9,9
9,9
9,9
9,9
9,9
9,9
9,9
9,9
9,9
9,9
9,9
9,9
9,9
9,9
9,9
9,9
9,9
9,9
9,9
9,9
9,9
9,9
9,9
9,9
9,9
9,9
9,9
9,9
9,9
9,9
9,9
9,9
9,9
9,9
9,9
9,9
9,9
9,9
9,9
9,9
9,9
9,9
9,9
9,9
9,9
9,9
9,9
9,9
9,9
9,9
9,9
9,9
9,9
9,9
9,9
9,9
9,9
9,9
9,9
9,9
9,9
9,9
9,9
9,9
9,9
9,9
9,9
9,9
9,9
9,9
9,9
9,9
9,9
9,9
9,9
9,9
9,9
9,9
9,9
9,9
9,9
9,9
9,9
9,9
9,9
9,9
9,9
9,9
9,9
9,9
9,9
9,9
9,9
9,9
9,9
9,9
9,9
9,9
9,9
9,9
9,9
9,9
9,9
9,9
9,9
9,9
9,9
9,9
9,9
9,9
9,9
9,9
9,9
9,9
9,9
9,9
9,9
9,9
9,9
9,9
9,9
9,9
9,9
9,9
9,9
9,9
9,9
9,9
9,9
9,9
9,9
9,9
9,9
9,9
9,9
9,9
9,9
9,9
9,9
9,9
9,9
9,9
9,9
9,9
9,9
9,9
9,9
9,9
9,9
9,9
9,9
9,9
9,9
9,9
9,9
9,9
9,9
9,9
9,9
9,9
9,9
9,9
9,9
9,9
9,9
9,9
9,9
9,9
9,9
9,9
9,9
9,9
9,9
9,9
9,9
9,9
9,9
9,9
9,9
9,9
9,9
9,9
9,9
9,9
9,9
9,9
9,9
9,9
9,9
9,9
9,9
9,9
9,9
9,9
9,9
9,9
9,9
9,9
9,9
9,9
9,9
9,9
9,9
9,9
9,9
9,9
9,9
9,9
9,9
9,9
9,9
9,9
9,9
9,9
9,9
9,9
9,9
9,9
9,9
9,9
9,9
9,9
9,9
9,9
9,9
9,9
9,9
9,9
9,9
9,9
9,9
9,9
9,9
9,9
9,9
9,9
9,9
9,9
9,9
9,9
9,9
9,9
9,9
9,9
9,9
9,9
9,9
9,9
9,9
9,9
9,9
9,9
9,9
9,9
9,9
9,9
9,9
9,9
9,9
9,9
9,9
9,9
9,9
9,9
9,9
9,9
9,9
9,9
9,9
9,9
9,9
9,9
9,9
9,9
9,9
9,9
9,9
9,9
9,9
9,9
9,9
9,9
9,9
9,9
9,9
9,9
9,9
9,9
9,9
9,9
9,9
9,9
9,9
9,9
9,9
9,9
9,9
9,9
9,9
9,9
9,9
9,9
9,9
9,9
9,9
9,9
9,9
9,9
9,9
9,9
9,9
9,9
9,9
9,9
9,9
9,9
9,9
9,9
9,9
9,9
9,9
9,9
9,9
9,9
9,9
9,9
9,9
9,9
9,9
9,9
9,9
9,9
9,9
9,9
9,9
9,9
9,9
9,9
9,9
9,9
9,9
9,9
9,9
9,9
9,9
9,9
9,9
9,9
9,9
9,9
9,9
9,9
9,9
9,3
9,3
9,3
9,3
9,3
9,3
9,3
9,3
9,3
9,3
9,3
9,3
9,3
9,3
9,3
9,3
9,11
9,11
9,11
9,11
9,11
9,11
9,11
9,11
9,11
9,11
9,11
9,11
9,11
9,11
9,11
9,11
9,11
9,11
9,11
9,11
9,11
9,11
9,11
9,11
9,11
9,11
9,11
9,11
9,11
9,11
9,11
9,11
9,11
9,11
9,11
9,11
9,11
9,11
9,11
9,11
10,11
10,11
10,11
10,11
10,11
10,11
10,11
10,11
10,11
10,11
10,11
10,11
10,11
10,11
10,11
10,11
10,11
10,11
10,11
10,11
10,11
10,11
10,11
10,11
10,11
10,11
10,11
10,11
10,11
10,11
10,11
10,11
10,11
10,11
10,11
10,11
10,11
10,11
10,11
10,11
10,11
10,11
10,11
10,11
10,11
10,11
10,11
10,11
10,11
10,11
10,11
10,11
10,11
10,11
10,11
10,11
10,11
10,11
10,11
10,11
10,11
10,11
10,11
10,11
10,11
10,11
10,11
10,11
10,11
10,11
10,11
10,11
10,11
10,11
10,11
10,11
10,11
10,11
10,11
10,11
10,11
10,11
10,11
10,11
10,11
10,11
10,11
10,11
10,11
10,11
10,11
10,11
10,11
10,11
10,11
10,11
10,11
10,11
10,11
10,11
10,11
10,11
10,11
10,11
10,11
10,11
10,11
10,11
10,11
10,11
10,11
10,11
10,11
10,11
10,11
10,11
10,11
10,11
10,11
10,11
10,11
10,11
10,11
10,11
10,11
10,11
10,11
10,11
10,11
10,11
10,11
10,11
10,11
10,11
10,11
10,11
10,11
10,11
10,11
10,11
10,11
10,11
10,11
10,11
10,11
10,11
10,11
10,11
10,11
10,11
10,11
10,11
10,11
10,11
10,11
10,11
10,11
10,11
10,11
10,11
10,11
10,11
10,11
10,11
10,11
10,11
10,11
10,11
10,11
10,11
10,11
10,11
10,11
10,11
10,11
10,11
10,11
10,11
10,11
10,11
10,11
10,11
10,11
10,11
10,11
10,11
10,11
10,11
10,11
10,11
10,11
10,11
10,11
10,11
10,11
10,11
10,11
10,11
10,11
10,11
10,11
10,11
10,11
10,11
10,11
10,11
10,11
10,11
10,11
10,11
10,11
10,11
10,11
10,11
10,11
10,11
10,11
10,11
10,11
10,11
10,11
10,11
10,11
10,11
10,11
10,11
10,11
10,11
10,11
10,11
10,11
10,11
10,11
10,11
10,11
10,11
10,11
10,11
10,11
10,11
10,11
10,11
10,11
10,11
10,11
10,11
10,11
10,11
10,11
10,11
10,11
10,11
10,11
10,11
10,11
10,11
10,11
10,11
10,11
10,11
10,11
10,11
10,11
10,11
10,11
10,11
10,11
10,11
10,11
10,11
10,11
10,11
10,11
10,11
10,11
10,11
10,11
10,11
10,11
10,11
10,11
10,11
10,11
10,11
10,11
10,11
10,11
10,11
10,11
10,11
10,11
10,11
10,11
10,11
10,11
10,11
10,11
10,11
10,11
10,11
10,11
10,11
10,11
10,11
10,11
10,11
10,11
10,11
10,11
10,11
10,11
10,11
10,11
10,11
10,11
10,11
10,11
10,11
10,11
10,11
10,11
10,11
10,11
10,11
10,11
10,11
10,11
10,11
10,11
10,11
10,11
10,11
10,11
10,11
10,11
10,11
10,11
10,11
10,11
10,11
10,11
10,11
10,11
10,11
10,11
10,11
10,11
10,11
10,11
10,11
10,11
10,11
10,11
10,11
10,11
10,11
10,11
10,11
10,11
10,11
10,11
10,11
10,11
10,11
10,11
10,11
10,11
10,11
10,11
10,11
10,11
10,11
10,11
10,11
10,11
10,11
10,11
10,11
10,11
10,11
10,11
10,11
10,11
10,11
10,11
10,11
10,11
10,11
10,11
10,11
10,11
10,11
10,11
10,11
10,11
10,11
10,11
10,11
10,11
10,11
10,11
10,11
10,11
10,11
10,11
10,11
10,11
10,11
10,11
10,11
10,11
10,11
10,11
10,11
10,11
10,11
10,11
10,11
10,11
10,11
10,11
10,11
10,11
10,11
10,11
10,11
10,11
10,11
10,11
10,11
10,11
10,11
10,11
10,11
10,11
10,11
10,11
10,11
10,11
10,11
10,11
10,11
10,11
10,11
10,11
10,11
10,11
10,11
10,11
10,11
10,11
10,11
10,11
10,11
10,11
10,11
10,11
10,11
10,11
10,11
10,11
10,11
10,11
10,11
10,11
10,11
10,11
10,11
10,11
10,11
10,11
10,11
10,11
10,11
10,11
10,11
10,11
10,11
10,11
10,11
10,11
10,11
10,11
10,11
10,11
10,11
10,11
10,11
10,11
10,11
10,11
10,11
10,11
10,11
10,11
10,11
10,11
10,11
10,11
10,11
10,11
10,11
10,11
10,11
10,11
10,11
10,11
10,11
10,11
10,11
10,11
10,11
10,11
10,11
10,11
10,11
10,11
10,11
10,11
10,11
10,11
10,11
10,11
10,11
10,11
10,11
10,11
10,11
10,11
10,11
10,11
10,11
10,11
10,11
10,11
10,11
10,11
10,11
10,11
10,11
10,11
10,11
10,11
10,11
10,11
10,11
10,11
10,11
10,11
10,11
10,11
10,11
10,11
10,11
10,11
10,11
10,11
10,11
10,11
10,11
10,11
10,11
10,11
10,11
10,11
10,11
10,11
10,11
10,11
10,11
10,11
10,11
10,11
10,11
10,11
10,11
10,11
10,11
10,11
10,11
10,11
10,11
10,11
10,11
10,11
10,11
10,11
10,11
10,11
10,11
10,11
10,11
10,11
10,11
10,11
10,11
10,11
10,11
10,11
10,11
10,11
10,11
10,11
10,11
10,11
10,11
10,11
10,11
10,11
10,11
10,11
10,11
10,11
10,11
10,11
10,11
10,11
10,11
10,11
10,11
10,11
10,11
10,11
10,11
10,11
10,11
10,11
10,11
10,11
10,11
10,11
10,11
10,11
10,11
10,11
10,11
10,11
10,11
10,11
10,11
10,11
10,11
10,11
10,11
10,11
10,11
10,11
10,11
10,11
10,11
10,11
10,11
10,11
10,11
10,11
10,11
10,11
10,11
10,11
10,11
10,11
10,11
10,11
10,11
10,11
10,11
10,11
10,11
10,11
10,11
10,11
10,11
10,11
10,11
10,11
10,11
10,11
10,11
10,11
10,11
10,11
10,11
10,11
10,11
10,11
10,11
10,11
10,11
10,11
10,11
10,11
10,11
10,11
10,11
10,11
10,11
10,11
10,11
10,11
10,11
10,11
10,11
10,11
10,11
10,11
10,11
10,11
10,11
10,11
10,11
10,11
10,11
10,11
10,11
10,11
10,11
10,11
10,11
10,11
10,11
10,11
10,11
10,11
10,11
10,11
10,11
10,11
10,11
10,11
10,11
10,11
10,11
10,11
10,11
10,11
10,11
10,11
10,11
10,11
10,11
10,11
10,11
10,11
10,11
10,11
10,11
10,11
10,11
10,11
10,11
10,11
10,11
10,11
10,11
10,11
10,11
10,11
10,11
10,11
10,11
10,11
10,11
10,11
10,11
10,11
10,11
10,11
10,11
10,11
10,11
10,11
10,11
10,11
10,11
10,11
10,11
10,11
10,11
10,11
10,11
10,11
10,11
10,11
10,11
10,11
10,11
10,11
10,11
10,11
10,11
10,11
10,11
10,11
10,11
10,11
10,11
10,11
10,11
10,11
10,11
10,11
10,11
10,11
10,11
10,11
10,11
10,11
10,11
10,11
10,11
10,11
10,11
10,11
10,11
10,11
10,11
10,11
10,11
10,11
10,11
10,11
10,11
10,11
10,11
10,11
10,11
10,11
10,11
10,11
10,11
10,11
10,11
10,11
10,11
10,11
10,11
10,11
10,11
10,11
10,11
10,11
10,11
10,11
10,11
10,11
10,11
10,11
10,11
10,11
10,11
10,11
10,11
10,11
10,11
10,11
10,11
10,11
10,11
10,11
10,11
10,11
10,11
10,11
10,11
10,11
10,11
10,11
10,11
10,11
10,11
10,11
10,11
10,11
10,11
10,11
10,11
10,11
10,11
10,11
10,11
10,11
10,11
10,11
10,11
10,11
10,11
10,11
10,11
10,11
10,11
10,11
10,11
10,11
10,11
10,11
10,11
10,11
10,11
10,11
10,11
10,11
10,11
10,11
10,11
10,11
10,11
10,11
10,11
10,11
10,11
10,11
10,11
10,11
10,11
10,11
10,11
10,11
10,11
10,11
10,11
10,11
10,11
10,11
10,11
10,11
10,11
10,11
10,11
10,11
10,11
10,11
10,11
10,11
10,11
10,11
10,11
10,11
10,11
10,11
10,11
10,11
10,11
10,11
10,11
10,11
10,11
10,11
10,11
10,11
10,11
10,11
10,11
10,11
10,11
10,11
10,11
10,11
10,11
10,11
10,11
10,11
10,11
10,11
10,11
10,11
10,11
10,11
10,11
10,11
10,11
10,11
10,11
10,11
10,11
10,11
10,11
10,11
10,11
10,11
10,11
10,11
10,11
10,11
10,11
10,11
10,11
10,11
10,11
10,11
10,11
10,11
10,11
10,11
10,11
10,11
10,11
10,11
10,11
10,11
10,11
10,11
10,11
10,11
10,11
10,11
10,11
10,11
10,11
10,11
10,11
10,11
10,11
10,11
10,11
10,11
10,11
10,11
10,11
10,11
10,11
10,11
10,11
10,11
10,11
10,11
10,11
10,11
10,11
10,11
10,11
10,11
10,11
10,11
10,11
10,11
10,11
10,11
10,11
10,11
10,11
10,11
10,11
10,11
10,11
10,11
10,11
10,11
10,11
10,11
10,11
10,11
10,11
10,11
10,11
10,11
10,11
10,11
10,11
10,11
10,11
10,11
10,11
10,11
10,11
10,11
10,11
10,11
10,11
10,11
10,11
10,11
10,11
10,11
10,11
10,11
10,11
10,11
10,11
10,11
10,11
10,11
10,11
10,11
10,11
10,11
10,11
10,11
10,11
10,11
10,11
10,11
10,11
10,11
10,11
10,11
10,11
10,11
10,11
10,11
10,11
10,11
10,11
10,11
10,11
10,11
10,11
10,11
10,11
10,11
10,11
10,11
10,11
10,11
10,11
10,11
10,11
10,11
10,11
10,11
10,11
10,11
10,11
10,11
10,11
10,11
10,11
10,11
10,11
10,11
10,11
10,11
10,11
10,11
10,11
10,11
10,11
10,11
10,11
10,11
10,11
10,11
10,11
10,11
10,11
10,11
10,11
10,11
10,11
10,11
10,11
10,11
10,11
10,11
10,11
10,11
10,11
10,11
10,11
10,11
10,11
10,11
10,11
10,11
10,11
10,11
10,11
10,11
10,11
10,11
10,11
10,11
10,11
10,11
10,11
10,11
10,11
10,11
10,11
10,11
10,11
10,11
10,11
10,11
10,11
10,11
10,11
10,11
10,11
10,11
10,11
10,11
10,11
10,11
10,11
10,11
10,11
10,11
10,11
10,11
10,11
10,11
10,11
10,11
10,11
10,11
10,11
10,11
10,11
10,11
10,11
10,11
10,11
10,11
10,11
10,11
10,11
10,11
10,11
10,11
10,11
10,11
10,11
10,11
10,11
10,11
10,11
10,11
10,11
10,11
10,11
10,11
10,11
10,11
10,11
10,11
10,11
10,11
10,11
10,11
10,11
10,11
10,11
10,11
10,11
10,11
10,11
10,11
10,11
10,11
10,11
10,11
10,11
10,11
10,11
10,11
10,11
10,11
10,11
10,11
10,11
10,11
10,11
10,11
10,11
10,11
10,11
10,11
10,11
10,11
10,11
10,11
10,11
10,11
10,11
10,11
10,11
10,11
10,11
10,11
10,11
10,11
10,11
10,11
10,11
10,11
10,11
10,11
10,11
10,11
10,11
10,11
10,11
10,11
10,11
10,11
10,11
10,11
10,11
10,11
10,11
10,11
10,11
10,11
10,11
10,11
10,11
10,11
10,11
10,11
10,11
10,11
10,11
10,11
10,11
10,11
10,11
10,11
10,11
10,11
10,11
10,11
10,11
10,11
10,11
10,11
10,11
10,11
10,11
10,11
10,11
10,11
10,11
10,11
10,11
10,11
10,11
10,11
10,11
10,11
10,11
10,11
10,11
10,11
10,11
10,11
10,11
10,11
10,11
10,11
10,11
10,11
10,11
10,11
10,11
10,11
10,11
10,11
10,11
10,11
10,11
10,11
10,11
10,11
10,11
10,11
10,11
10,11
10,11
10,11
10,11
10,11
10,11
10,11
10,11
10,11
10,11
10,11
10,11
10,11
10,11
10,11
10,11
10,11
10,11
10,11
10,11
10,11
10,11
10,11
10,11
10,11
10,11
10,11
10,11
10,11
10,11
10,11
10,11
10,11
10,11
10,11
10,11
10,11
10,11
10,11
10,11
10,11
10,11
10,11
10,11
10,11
10,11
10,11
10,11
10,11
10,11
10,11
10,11
10,11
10,11
10,11
10,11
10,11
10,11
10,11
10,11
10,11
10,11
10,11
10,11
10,11
10,11
10,11
10,11
10,11
10,11
10,11
10,11
10,11
10,11
10,11
10,11
10,11
10,11
10,11
10,11
10,11
10,11
10,11
10,11
10,11
10,11
10,11
10,11
10,11
10,11
10,11
10,11
10,11
10,11
10,11
10,11
10,11
10,11
10,11
10,11
10,11
10,11
10,11
10,11
10,11
10,11
10,11
10,11
10,11
10,11
10,11
10,11
10,11
10,11
10,11
10,11
10,11
10,11
10,11
10,11
10,11
10,11
10,11
10,11
10,11
10,11
10,11
10,11
10,11
10,11
10,11
10,11
10,11
10,11
10,11
10,11
10,11
10,11
10,11
10,11
10,11
10,11
10,11
10,11
10,11
10,11
10,11
10,11
10,11
10,11
10,11
10,11
10,11
10,11
10,11
10,11
10,11
10,11
10,11
10,11
10,11
10,11
10,11
10,11
10,11
10,11
10,11
10,11
10,11
10,11
10,11
10,11
10,11
10,11
10,11
10,11
10,11
10,11
10,11
10,11
10,11
10,11
10,11
10,11
10,11
10,11
10,11
10,11
10,11
10,11
10,11
10,11
10,11
10,11
10,11
10,11
10,11
10,11
10,11
10,11
10,11
10,11
10,11
10,11
10,11
10,11
10,11
10,11
10,11
10,11
10,11
10,11
10,11
10,11
10,11
10,11
10,11
10,11
10,11
10,11
10,11
10,11
10,11
10,11
10,11
10,11
10,11
10,11
10,11
10,11
10,11
10,11
10,11
10,11
10,11
10,11
10,11
10,11
10,11
10,11
10,11
10,11
10,11
10,11
10,11
10,11
10,11
10,11
10,11
10,11
10,11
10,11
10,11
10,11
10,11
10,11
10,11
10,11
10,11
10,11
10,11
10,11
10,11
10,11
10,11
10,11
10,11
10,11
10,11
10,11
10,11
10,11
10,11
10,11
10,11
10,11
10,11
10,11
10,11
10,11
10,11
10,11
10,11
10,11
10,11
10,11
10,11
10,11
10,11
10,11
10,11
10,11
10,11
10,11
10,11
10,11
10,11
10,11
10,11
10,11
10,11
10,11
10,11
10,11
10,11
10,11
10,11
10,11
10,11
10,11
10,11
10,11
10,11
10,11
10,11
10,11
10,11
10,11
10,11
10,11
10,11
10,11
10,11
10,11
10,11
10,11
10,11
10,11
10,11
10,11
10,11
10,11
10,11
10,11
10,11
10,11
10,11
10,11
10,11
10,11
10,11
10,11
10,11
10,11
10,11
10,11
10,11
10,11
10,11
10,11
10,11
10,11
10,11
10,11
10,11
10,11
10,11
10,11
10,11
10,11
10,11
10,11
10,11
10,11
10,11
10,11
10,11
10,11
10,11
10,11
10,11
10,11
10,11
10,11
10,11
10,11
10,11
10,11
10,11
10,11
10,11
10,11
10,11
10,11
10,11
10,11
10,11
10,11
10,11
10,11
10,11
10,11
10,11
10,11
10,11
10,11
10,11
10,11
10,11
10,11
10,11
10,11
10,11
10,11
10,11
10,11
10,11
10,11
10,11
10,11
10,11
10,11
10,11
10,11
10,11
10,11
10,11
10,11
10,11
10,11
10,11
10,11
10,11
10,11
10,11
10,11
10,11
10,11
10,11
10,11
10,11
10,11
10,11
10,11
10,11
10,11
10,11
10,11
10,11
10,11
10,11
10,11
10,11
10,11
10,11
10,11
10,11
10,11
10,11
10,11
10,11
10,11
10,11
10,11
10,11
10,11
10,11
10,11
10,11
10,11
10,11
10,11
10,11
10,11
10,11
10,11
10,11
10,11
10,11
10,11
10,11
10,11
10,11
10,11
10,11
10,11
10,11
10,11
10,11
10,11
10,11
10,11
10,11
10,11
10,11
10,11
10,11
10,11
10,11
10,11
10,11
10,11
10,11
10,11
10,11
10,11
10,11
10,11
10,11
10,11
10,11
10,11
10,11
10,11
10,11
10,11
10,11
10,11
10,11
10,11
10,11
10,11
10,11
10,11
10,11
10,11
10,11
10,11
10,11
10,11
10,11
10,11
10,11
10,11
10,11
10,11
10,11
10,11
10,11
10,11
10,11
10,11
10,11
10,11
10,11
10,11
10,11
10,11
10,11
10,11
10,11
10,11
10,11
10,11
10,11
10,11
10,11
10,11
10,11
10,11
10,11
10,11
10,11
10,11
10,11
10,11
10,11
10,11
10,11
10,11
10,11
10,11
10,11
10,11
10,11
10,11
10,11
10,11
10,11
10,11
10,11
10,11
10,11
10,11
10,11
10,11
10,11
10,11
10,11
10,11
10,11
10,11
10,11
10,11
10,11
10,11
10,11
10,11
10,11
10,11
10,11
10,11
10,11
10,11
10,11
10,11
10,11
10,11
10,11
10,11
10,11
10,11
10,11
10,11
10,11
10,11
10,11
10,11
10,11
10,11
10,11
10,11
10,11
10,11
10,11
10,11
10,11
10,11
10,11
10,11
10,11
10,11
10,11
10,11
10,11
10,11
10,11
10,11
10,11
10,11
10,11
10,11
10,11
10,11
10,11
10,11
10,11
10,11
10,11
10,11
10,11
10,11
10,11
10,11
10,11
10,11
10,11
10,11
10,11
10,11
10,11
10,11
10,11
10,11
10,11
10,11
10,11
10,11
10,11
10,11
10,11
10,11
10,11
10,11
10,11
10,11
10,11
10,11
10,11
10,11
10,11
10,11
10,11
10,11
10,11
10,11
10,11
10,11
10,11
10,11
10,11
10,11
10,11
10,11
10,11
10,11
10,11
10,11
10,11
10,11
10,11
10,11
10,11
10,11
10,11
10,11
10,11
10,11
10,11
10,11
10,11
10,11
10,11
10,11
10,11
10,11
10,11
10,11
10,11
10,11
10,11
10,11
10,11
10,11
10,11
10,11
10,11
10,11
10,11
10,11
10,11
10,11
10,11
10,11
10,11
10,11
10,11
10,11
10,11
10,11
10,11
10,11
10,11
10,11
10,11
10,11
10,11
10,11
10,11
10,11
10,11
10,11
10,11
10,11
10,11
10,11
10,11
10,11
10,11
10,11
10,11
10,11
10,11
10,11
10,11
10,11
10,11
10,11
10,11
10,11
10,11
10,11
10,11
10,11
10,11
10,11
10,11
10,11
10,11
10,11
10,11
10,11
10,11
10,11
10,11
10,11
10,11
10,11
10,11
10,11
10,11
10,11
10,11
10,11
10,11
10,11
10,11
10,11
10,11
10,11
10,11
10,11
10,11
10,11
10,11
10,11
10,11
10,11
10,11
10,11
10,11
10,11
10,11
10,11
10,11
10,11
10,11
10,11
10,11
10,11
10,11
10,11
10,11
10,11
10,11
10,11
10,11
10,11
10,11
10,11
10,11
10,11
10,11
10,11
10,11
10,11
10,11
10,11
10,11
10,11
10,11
10,11
10,11
10,11
10,11
10,11
10,11
10,11
10,11
10,11
10,11
10,11
10,11
10,11
10,11
10,11
10,11
10,11
10,11
10,11
10,11
10,11
10,11
10,11
10,11
10,11
10,11
10,11
10,11
10,11
10,11
10,11
10,11
10,11
10,11
10,11
10,11
10,11
10,11
10,11
10,11
10,11
10,11
10,11
10,11
10,11
10,11
10,11
10,11
10,11
10,11
10,11
10,11
10,11
10,11
10,11
10,11
10,11
10,11
10,11
10,11
10,11
10,11
10,11
10,11
10,11
10,11
10,11
10,11
10,11
10,11
10,11
10,11
10,11
10,11
10,11
10,11
10,11
10,11
10,11
10,11
10,11
10,11
10,11
10,11
10,11
10,11
10,11
10,11
10,11
10,11
10,11
10,11
10,11
10,11
10,11
10,11
10,11
10,11
10,11
10,11
10,11
10,11
10,11
10,11
10,11
10,11
10,11
10,11
10,11
10,11
10,11
10,11
10,11
10,11
10,11
10,11
10,11
10,11
10,11
10,11
10,11
10,11
10,11
10,11
10,11
10,11
10,11
10,11
10,11
10,11
10,11
10,11
10,11
10,11
10,11
10,11
10,11
10,11
10,11
10,11
10,11
10,11
10,11
10,11
10,11
10,11
10,11
10,11
10,11
10,11
10,11
10,11
10,11
10,11
10,11
10,11
10,11
10,11
10,11
10,11
10,11
10,11
10,11
10,11
10,11
10,11
10,11
10,11
10,11
10,11
10,11
10,11
10,11
10,11
10,11
10,11
10,11
10,11
10,11
10,11
10,11
10,11
10,11
10,11
10,11
10,11
10,11
10,11
10,11
10,11
10,11
10,11
10,11
10,11
10,11
10,11
10,11
10,11
10,11
10,11
10,11
10,11
10,11
10,11
10,11
10,11
10,11
10,11
10,11
10,11
10,11
10,11
10,11
10,11
10,11
10,11
10,11
10,11
10,11
10,11
10,11
10,11
10,11
10,11
10,11
10,11
10,11
10,11
10,11
10,11
10,11
10,11
10,11
10,11
10,11
10,11
10,11
10,11
10,11
10,11
10,11
10,11
10,11
10,11
10,11
10,11
10,11
10,11
10,11
10,11
10,11
10,11
10,11
10,11
10,11
10,11
10,11
10,11
10,11
10,11
10,11
10,11
10,11
10,11
10,11
10,11
10,11
10,11
10,11
10,11
10,11
10,11
10,11
10,11
10,11
10,11
10,11
10,11
10,11
10,11
10,11
10,11
10,11
10,11
10,11
10,11
10,11
10,11
10,11
10,11
10,11
10,11
10,11
10,11
10,11
10,11
10,11
10,11
10,11
10,11
10,11
10,11
10,11
10,11
10,11
10,11
10,11
10,11
10,11
10,11
10,11
10,11
10,11
10,11
10,11
10,11
10,11
10,11
10,11
10,11
10,11
10,11
10,11
10,11
10,11
10,11
10,11
10,11
10,11
10,11
10,11
10,11
10,11
10,11
10,11
10,11
10,11
10,11
10,11
10,11
10,11
10,11
10,11
10,11
10,11
10,11
10,11
10,11
10,11
10,11
10,11
10,11
10,11
10,11
10,11
10,11
10,11
10,11
10,11
10,11
10,11
10,11
10,11
10,11
10,11
10,11
10,11
10,11
10,11
10,11
10,11
10,11
10,11
10,11
10,11
10,11
10,11
10,11
10,11
10,11
10,11
10,11
10,11
10,11
10,11
10,11
10,11
10,11
10,11
10,11
10,11
10,11
10,11
10,11
10,11
10,11
10,11
10,11
10,11
10,11
10,11
10,11
10,11
10,11
10,11
10,11
10,11
10,11
10,11
10,11
10,11
10,11
10,11
10,11
10,11
10,11
10,11
10,11
10,11
10,11
10,11
10,11
10,11
10,11
10,11
10,11
10,11
10,11
10,11
10,11
10,11
10,11
10,11
10,11
10,11
10,11
10,11
10,11
10,11
10,11
10,11
10,11
10,11
10,11
10,11
10,11
10,11
10,11
10,11
10,11
10,11
10,11
10,11
10,11
10,11
10,11
10,11
10,11
10,11
10,11
10,11
10,11
10,11
10,11
10,11
10,11
10,11
10,11
10,11
10,11
10,11
10,11
10,11
10,11
10,11
10,11
10,11
10,11
10,11
10,11
10,11
10,11
10,11
10,11
10,11
10,11
10,11
10,11
10,11
10,11
10,11
10,11
10,11
10,11
10,11
10,11
10,11
10,11
10,11
10,11
10,11
10,11
10,11
10,11
10,11
10,11
10,11
10,11
10,11
10,11
10,11
10,11
10,11
10,11
10,11
10,11
10,11
10,11
10,11
10,11
10,11
10,11
10,11
10,11
10,11
10,11
10,11
10,11
10,11
10,11
10,11
10,11
10,11
10,11
10,11
10,11
10,11
10,11
10,11
10,11
10,11
10,11
10,11
10,11
10,11
10,11
10,11
10,11
10,11
10,11
10,11
10,11
10,11
10,11
10,11
10,11
10,11
10,11
10,11
10,11
10,11
10,11
10,11
10,11
10,11
10,11
10,11
10,11
10,11
10,11
10,11
10,11
10,11
10,11
10,11
10,11
10,11
10,11
10,11
10,11
10,11
10,11
10,11
10,11
10,11
10,11
10,11
10,11
10,11
10,11
10,11
10,11
10,11
10,11
10,11
10,11
10,11
10,11
10,11
10,11
10,11
10,11
10,11
10,11
10,11
10,11
10,11
10,11
10,11
10,11
10,11
10,11
10,11
10,11
10,11
10,11
10,11
10,11
10,11
10,11
10,11
10,11
10,11
10,11
10,11
10,11
10,11
10,11
10,11
10,11
10,11
10,11
10,11
10,11
10,11
10,11
10,11
10,11
10,11
10,11
10,11
10,11
10,11
10,11
10,11
10,11
10,11
10,11
10,11
10,11
10,11
10,11
10,11
10,11
10,11
10,11
10,11
10,11
10,11
10,11
10,11
10,11
10,11
10,11
10,11
10,11
10,11
10,11
10,11
10,11
10,11
10,11
10,11
10,11
10,11
10,11
10,11
10,11
10,11
10,11
10,11
10,11
10,11
10,11
10,11
10,11
10,11
10,11
10,11
10,11
10,11
10,11
10,11
10,11
10,11
10,11
10,11
10,11
10,11
10,11
10,11
10,11
10,11
10,11
10,11
10,11
10,11
10,11
10,11
10,11
10,11
10,11
10,11
10,11
10,11
10,11
10,11
10,11
10,11
10,11
10,11
10,11
10,11
10,11
10,11
10,11
10,11
10,11
10,11
10,11
10,11
10,11
10,11
10,11
10,11
10,11
10,11
10,11
10,11
10,11
10,11
10,11
10,11
10,11
10,11
10,11
10,11
10,11
10,11
10,11
10,11
10,11
10,11
10,11
10,11
10,11
10,11
10,11
10,11
10,11
10,11
10,11
10,11
10,11
10,11
10,11
10,11
10,11
10,11
10,11
10,11
10,11
10,11
10,11
10,11
10,11
10,11
10,11
10,11
10,11
10,11
10,11
10,11
10,11
10,11
10,11
10,11
10,11
10,11
10,11
10,11
10,11
10,11
10,11
10,11
10,11
10,11
10,11
10,11
10,11
10,11
10,11
10,11
10,11
10,11
10,11
10,11
10,11
10,11
10,11
10,11
10,11
10,11
10,11
10,11
10,11
10,11
10,11
10,11
10,11
10,11
10,11
10,11
10,11
10,11
10,11
10,11
10,11
10,11
10,11
10,11
10,11
10,11
10,11
10,11
10,11
10,11
10,11
10,11
10,11
10,11
10,11
10,11
10,11
10,11
10,11
10,11
10,11
10,11
10,11
10,11
10,11
10,11
10,11
10,11
10,11
10,11
10,11
10,11
10,11
10,11
10,11
10,11
10,11
10,11
10,11
10,11
10,11
10,11
10,11
10,11
10,11
10,11
10,11
10,11
10,11
10,11
10,11
10,11
10,11
10,11
10,11
10,11
10,11
10,11
10,11
10,11
10,11
10,11
10,11
10,11
10,11
10,11
10,11
10,11
10,11
10,11
10,11
10,11
10,11
10,11
10,11
10,11
10,11
10,11
10,11
10,11
10,11
10,11
10,11
10,11
10,11
10,11
10,11
10,11
10,11
10,11
10,11
10,11
10,11
10,11
10,11
10,11
10,11
10,11
10,11
10,11
10,11
10,11
10,11
10,11
10,11
10,11
10,11
10,11
10,11
10,11
10,11
10,11
10,11
10,11
10,11
10,11
10,11
10,11
10,11
10,11
10,11
10,11
10,11
10,11
10,11
10,11
10,11
10,11
10,11
10,11
10,11
10,11
10,11
10,11
10,11
10,11
10,11
10,11
10,11
10,11
10,11
10,11
10,11
10,11
10,11
10,11
10,11
10,11
10,11
10,11
10,11
10,11
10,11
10,11
10,11
10,11
10,11
10,11
10,11
10,11
10,11
10,11
10,11
10,11
10,11
10,11
10,11
10,11
10,11
10,11
10,11
10,11
10,11
10,11
10,11
10,11
10,11
10,11
10,11
10,11
10,11
10,11
10,11
10,11
10,11
10,11
10,11
10,11
10,11
10,11
10,11
10,11
10,11
10,11
10,11
10,11
10,11
10,11
10,11
10,11
10,11
10,11
10,11
10,11
10,11
10,11
10,11
10,11
10,11
10,11
10,11
10,11
10,11
10,11
10,11
10,11
10,11
10,11
10,11
10,11
10,11
10,11
10,11
10,11
10,11
10,11
10,11
10,11
10,11
10,11
10,11
10,11
10,11
10,11
10,11
10,11
10,11
10,11
10,11
10,11
10,11
10,11
10,11
10,11
10,11
10,11
10,11
10,11
10,11
10,11
10,11
10,11
10,11
10,11
10,11
10,11
10,11
10,11
10,11
10,11
10,11
10,11
10,11
10,11
10,11
10,11
10,11
10,11
10,11
10,11
10,11
10,11
10,11
10,11
10,11
10,11
10,11
10,11
10,11
10,11
10,11
10,11
10,11
10,11
10,11
10,11
10,11
10,11
10,11
10,11
10,11
10,11
10,11
10,11
10,11
10,11
10,11
10,11
10,11
10,11
10,11
10,11
10,11
10,11
10,11
10,11
10,11
10,11
10,11
10,11
10,11
10,11
10,11
10,11
10,11
10,11
10,11
10,11
10,11
10,11
10,11
10,11
10,11
10,11
10,11
10,11
10,11
10,11
10,11
10,11
10,11
10,11
10,11
10,11
10,11
10,11
10,11
10,11
10,11
10,11
10,11
10,11
10,11
10,11
10,11
10,11
10,11
10,11
10,11
10,11
10,11
10,11
10,11
10,11
10,11
10,11
10,11
10,11
10,11
10,11
10,11
10,11
10,11
10,11
10,11
10,11
10,11
10,11
10,11
10,11
10,11
10,11
10,11
10,11
10,11
10,11
10,11
10,11
10,11
10,11
10,11
10,11
10,11
10,11
10,11
10,11
10,11
10,11
10,11
10,11
10,11
10,11
10,11
10,11
10,11
10,11
10,11
10,11
10,11
10,11
10,11
10,11
10,11
10,11
10,11
10,11
10,11
10,11
10,11
10,11
10,11
10,11
10,11
10,11
10,11
10,11
10,11
10,11
10,11
10,11
10,11
10,11
10,11
10,11
10,11
10,11
10,11
10,11
10,11
10,11
10,11
10,11
10,11
10,11
10,11
10,11
10,11
10,11
10,11
10,11
10,11
10,11
10,11
10,11
10,11
10,11
10,11
10,11
10,11
10,11
10,11
10,11
10,11
10,11
10,11
10,11
10,11
10,11
10,11
10,11
10,11
10,11
10,11
10,11
10,11
10,11
10,11
10,11
10,11
10,11
10,11
10,11
10,11
10,11
10,11
10,11
10,11
10,11
10,11
10,11
10,11
10,11
10,11
10,11
10,11
10,11
10,11
10,11
10,11
10,11
10,11
10,11
10,11
10,11
10,11
10,11
10,11
10,11
10,11
10,11
10,11
10,11
10,11
10,11
10,11
10,11
10,11
10,11
10,11
10,11
10,11
10,11
10,11
10,11
10,11
10,11
10,11
10,11
10,11
10,11
10,11
10,11
10,11
10,11
10,11
10,11
10,11
10,11
10,11
10,11
10,11
10,11
10,11
10,11
10,11
10,11
10,11
10,11
10,11
10,11
10,11
10,11
10,11
10,11
10,11
10,11
10,11
10,11
10,11
10,11
10,11
10,11
10,11
10,11
10,11
10,11
10,11
10,11
10,11
10,11
10,11
10,11
10,11
10,11
10,11
10,11
10,11
10,11
10,11
10,11
10,11
10,11
10,11
10,11
10,11
10,11
10,11
10,11
10,11
10,11
10,11
10,11
10,11
10,11
10,11
10,11
10,11
10,11
10,11
10,11
10,11
10,11
10,11
10,11
10,11
10,11
10,11
10,11
10,11
10,11
10,11
10,11
10,11
10,11
10,11
10,11
10,11
10,11
10,11
10,11
10,11
10,11
10,11
10,11
10,11
10,11
10,11
10,11
10,11
10,11
10,11
10,11
10,11
10,11
10,11
10,11
10,11
10,11
10,11
10,11
10,11
10,11
10,11
10,11
10,11
10,11
10,11
10,11
10,11
10,11
10,11
10,11
10,11
10,11
10,11
10,11
10,11
10,11
10,11
10,11
10,11
10,11
10,11
10,11
10,11
10,11
10,11
10,11
10,11
10,11
10,11
10,11
10,11
10,11
10,11
10,11
10,11
10,11
10,11
10,11
10,11
10,11
10,11
10,11
10,11
10,11
10,11
10,11
10,11
10,11
10,11
10,11
10,11
10,11
10,11
10,11
10,11
10,11
10,11
10,11
10,11
10,11
10,11
10,11
10,11
10,11
10,11
10,11
10,11
10,11
10,11
10,11
10,11
10,11
10,11
10,11
10,11
10,11
10,11
10,11
10,11
10,11
10,11
10,11
10,11
10,11
10,11
10,11
10,11
10,11
10,11
10,11
10,11
10,11
10,11
10,11
10,11
10,11
10,11
10,11
10,11
10,11
10,11
10,11
10,11
10,11
10,11
10,11
10,11
10,11
10,11
10,11
10,11
10,11
10,11
10,11
10,11
10,11
10,11
10,11
10,11
10,11
10,11
10,11
10,11
10,11
10,11
10,11
10,11
10,11
10,11
10,11
10,11
10,11
10,11
10,11
10,11
10,11
10,11
10,11
10,11
10,11
10,11
10,11
10,11
10,11
10,11
10,11
10,11
10,11
10,11
10,11
10,11
10,11
10,11
10,11
10,11
10,11
10,11
10,11
10,11
10,11
10,11
10,11
10,11
10,11
10,11
10,11
10,11
10,11
10,11
10,11
10,11
10,11
10,11
10,11
10,11
10,11
10,11
10,11
10,11
10,11
10,11
10,11
10,11
10,11
10,11
10,11
10,11
10,11
10,11
10,11
10,11
10,11
10,11
10,11
10,11
10,11
10,11
10,11
10,11
10,11
10,11
10,11
10,11
10,11
10,11
10,11
10,11
10,11
10,11
10,11
10,11
10,11
10,11
10,11
10,11
10,11
10,11
10,11
10,11
10,11
10,11
10,11
10,11
10,11
10,11
10,11
10,11
10,11
10,11
10,11
10,11
10,11
10,11
10,11
10,11
10,11
10,11
10,11
10,11
10,11
10,11
10,11
10,11
10,11
10,11
10,11
10,11
10,11
10,11
10,11
10,11
10,11
10,11
10,11
10,11
10,11
10,11
10,11
10,11
10,11
10,11
10,11
10,11
10,11
10,11
10,11
10,11
10,11
10,11
10,11
10,11
10,11
10,11
10,11
10,11
10,11
10,11
10,11
10,11
10,11
10,11
10,11
10,11
10,11
10,11
10,11
10,11
10,11
10,11
10,11
10,11
10,11
10,11
10,11
10,11
10,11
10,11
10,11
10,11
10,11
10,11
10,11
10,11
10,11
10,11
10,11
10,11
10,11
10,11
10,11
10,11
10,11
10,11
10,11
10,11
10,11
10,11
10,11
10,11
10,11
10,11
10,11
10,11
10,11
10,11
10,11
10,11
10,11
10,11
10,11
10,11
10,11
10,11
10,11
10,11
10,11
10,11
10,11
10,11
10,11
10,11
10,11
10,11
10,11
10,11
10,11
10,11
10,11
10,11
10,11
10,11
10,11
10,11
10,11
10,11
10,11
10,11
10,11
10,11
10,11
10,11
10,11
10,11
10,11
10,11
10,11
10,11
10,11
10,11
10,11
10,11
10,11
10,11
10,11
10,11
10,11
10,11
10,11
10,11
10,11
10,11
10,11
10,11
10,11
10,11
10,11
10,11
10,11
10,11
10,11
10,11
10,11
10,11
10,11
10,11
10,11
10,11
10,11
10,11
10,11
10,11
10,11
10,11
10,11
10,11
10,11
10,11
10,11
10,11
10,11
10,11
10,11
10,11
10,11
10,11
10,11
10,11
10,11
10,11
10,11
10,11
10,11
10,11
10,11
10,11
10,11
10,11
10,11
10,11
10,11
10,11
10,11
10,11
10,11
10,11
10,11
10,11
10,11
10,11
10,11
10,11
10,11
10,11
10,11
10,11
10,11
10,11
10,11
10,11
10,11
10,11
10,11
10,11
10,11
10,11
10,11
10,11
10,11
10,11
10,11
10,11
10,11
10,11
10,11
10,11
10,11
10,11
10,11
10,11
10,11
10,11
10,11
10,11
10,11
10,11
10,11
10,11
10,11
10,11
10,11
10,11
10,11
10,11
10,11
10,11
10,11
10,11
10,11
10,11
10,11
10,11
10,11
10,11
10,11
10,11
10,11
10,11
10,11
10,11
10,11
10,11
10,11
10,11
10,11
10,11
10,11
10,11
10,11
10,11
10,11
10,11
10,11
10,11
10,11
10,11
10,11
10,11
10,11
10,11
10,11
10,11
10,11
10,11
10,11
10,11
10,11
10,11
10,11
10,11
10,11
10,11
10,11
10,11
10,11
10,11
10,11
10,11
10,11
10,11
10,11
10,11
10,11
10,11
10,11
10,11
10,11
10,11
10,11
10,11
10,11
10,11
10,11
10,11
10,11
10,11
10,11
10,11
10,11
10,11
10,11
10,11
10,11
10,11
10,11
10,11
10,11
10,11
10,11
10,11
10,11
10,11
10,11
10,11
10,11
10,11
10,11
10,11
10,11
10,11
10,11
10,11
10,11
10,11
10,11
10,11
10,11
10,11
10,11
10,11
10,11
10,11
10,11
10,11
10,11
10,11
10,11
10,11
10,11
10,11
10,11
10,11
10,11
10,11
10,11
10,11
10,11
10,11
10,11
10,11
10,11
10,11
10,11
10,11
10,11
10,11
10,11
10,11
10,11
10,11
10,11
10,11
10,11
10,11
10,11
10,11
10,11
10,11
10,11
10,11
10,11
10,11
10,11
10,11
10,11
10,11
10,11
10,11
10,11
10,11
10,11
10,11
10,11
10,11
10,11
10,11
10,11
10,11
10,11
10,11
10,11
10,11
10,11
10,11
10,11
10,11
10,11
10,11
10,11
10,11
10,11
10,11
10,11
10,11
10,11
10,11
10,11
10,11
10,11
10,11
10,11
10,11
10,11
10,11
10,11
10,11
10,11
10,11
10,11
10,11
10,11
10,11
10,11
10,11
10,11
10,11
10,11
10,11
10,11
10,11
10,11
10,11
10,11
10,11
10,11
10,11
10,11
10,11
10,11
10,11
10,11
10,11
10,11
10,11
10,11
10,11
10,11
10,11
10,11
10,11
10,11
10,11
10,11
10,11
10,11
10,11
10,11
10,11
10,11
10,11
10,11
10,11
10,11
10,11
10,11
10,11
10,11
10,11
10,11
10,11
10,11
10,11
10,11
10,11
10,11
10,11
10,11
10,11
10,11
10,11
10,11
10,11
10,11
10,11
10,11
10,11
10,11
10,11
10,11
10,11
10,11
10,11
10,11
10,11
10,11
10,11
10,11
10,11
10,11
10,11
10,11
10,11
10,11
10,11
10,11
10,11
10,11
10,11
10,11
10,11
10,11
10,11
10,11
10,11
10,11
10,11
10,11
10,11
10,11
10,11
10,11
10,11
10,11
10,11
10,11
10,11
10,11
10,11
10,11
10,11
10,11
10,11
10,11
10,11
10,11
10,11
10,11
10,11
10,11
10,11
10,11
10,11
10,11
10,11
10,11
10,11
10,11
10,11
10,11
10,11
10,11
10,11
10,11
10,11
10,11
10,11
10,11
10,11
10,11
10,11
10,11
10,11
10,11
10,11
10,11
10,11
10,11
10,11
10,11
10,11
10,11
10,11
10,11
10,11
10,11
10,11
10,11
10,11
10,11
10,11
10,11
10,11
10,11
10,11
10,11
10,11
10,11
10,11
10,11
10,11
10,11
10,11
10,11
10,11
10,11
10,11
10,11
10,11
10,11
10,11
10,11
10,11
10,11
10,11
10,11
10,11
10,11
10,11
10,11
10,11
10,11
10,11
10,11
10,11
10,11
10,11
10,11
10,11
10,11
10,11
10,11
10,11
10,11
10,11
10,11
10,11
10,11
10,11
10,11
10,11
10,11
10,11
10,11
10,11
10,11
10,11
10,11
10,11
10,11
10,11
10,11
10,11
10,11
10,11
10,11
10,11
10,11
10,11
10,11
10,11
10,11
10,11
10,11
10,11
10,11
10,11
10,11
10,11
10,11
10,11
10,11
10,11
10,11
10,11
10,11
10,11
10,11
10,11
10,11
10,11
10,11
10,11
10,11
10,11
10,11
10,11
10,11
10,11
10,11
10,11
10,11
10,11
10,11
10,11
10,11
10,11
10,11
10,11
10,11
10,11
10,11
10,11
10,11
10,11
10,11
10,11
10,11
10,11
10,11
10,11
10,11
10,11
10,11
10,11
10,11
10,11
10,11
10,11
10,11
10,11
10,11
10,11
10,11
10,11
10,11
10,11
10,11
10,11
10,11
10,11
10,11
10,11
10,11
10,11
10,11
10,11
10,11
10,11
10,11
10,11
10,11
10,11
10,11
10,11
10,11
10,11
10,11
10,11
10,11
10,11
10,11
10,11
10,11
10,11
10,11
10,11
10,11
10,11
10,11
10,11
10,11
10,11
10,11
10,11
10,11
10,11
10,11
10,11
10,11
10,11
10,11
10,11
10,11
10,11
10,11
10,11
10,11
10,11
10,11
10,11
10,11
10,11
10,11
10,11
10,11
10,11
10,11
10,11
10,11
10,11
10,11
10,11
10,11
10,11
10,11
10,11
10,11
10,11
10,11
10,11
10,11
10,11
10,11
10,11
10,11
10,11
10,11
10,11
10,11
10,11
10,11
10,11
10,11
10,11
10,11
10,11
10,11
10,11
10,11
10,11
10,11
10,11
10,11
10,11
10,11
10,11
10,11
10,11
10,11
10,11
10,11
10,11
10,11
10,11
10,11
10,11
10,11
10,11
10,11
10,11
10,11
10,11
10,11
10,11
10,11
10,11
10,11
10,11
10,11
10,11
10,11
10,11
10,11
10,11
10,11
10,11
10,11
10,11
10,11
10,11
10,11
10,11
10,11
10,11
10,11
10,11
10,11
10,11
10,11
10,11
10,11
10,11
10,11
10,11
10,11
10,11
10,11
10,11
10,11
10,11
10,11
10,11
10,11
10,11
10,11
10,11
10,11
10,11
10,11
10,11
10,11
10,11
10,11
10,11
10,11
10,11
10,11
10,11
10,11
10,11
10,11
10,11
10,11
10,11
10,11
10,11
10,11
10,11
10,11
10,11
10,11
10,11
10,11
10,11
10,11
10,11
10,11
10,11
10,11
10,11
10,11
10,11
10,11
10,11
10,11
10,11
10,11
10,11
10,11
10,11
10,11
10,11
10,11
10,11
10,11
10,11
10,11
10,11
10,11
10,11
10,11
10,11
10,11
10,11
10,11
10,11
10,11
10,11
10,11
10,11
10,11
10,11
10,11
10,11
10,11
10,11
10,11
10,11
10,11
10,11
10,11
10,11
10,11
10,11
10,11
10,11
10,11
10,11
10,11
10,11
10,11
10,11
10,11
10,11
10,11
10,11
10,11
10,11
10,11
10,11
10,11
10,11
10,11
10,11
10,11
10,11
10,11
10,11
10,11
10,11
10,11
10,11
10,11
10,11
10,11
10,11
10,11
10,11
10,11
10,11
10,11
10,11
10,11
10,11
10,11
10,11
10,11
10,11
10,11
10,11
10,11
10,11
10,11
10,11
10,11
10,11
10,11
10,11
10,11
10,11
10,11
10,11
10,11
10,11
10,11
10,11
10,11
10,11
10,11
10,11
10,11
10,11
10,11
10,11
10,11
10,11
10,11
10,11
10,11
10,11
10,11
10,11
10,11
10,11
10,11
10,11
10,11
10,11
10,11
10,11
10,11
10,11
10,11
10,11
10,11
10,11
10,11
10,11
10,11
10,11
10,11
10,11
10,11
10,11
10,11
10,11
10,11
10,11
10,11
10,11
10,11
10,11
10,11
10,11
10,11
10,11
10,11
10,11
10,11
10,11
10,11
10,11
10,11
10,11
10,11
10,11
10,11
10,11
10,11
10,11
10,11
10,11
10,11
10,11
10,11
11,11
11,11
11,11
11,11
11,11
11,11
11,11
11,11
11,11
11,11
11,11
11,11
11,11
11,11
11,11
11,11
11,11
11,11
11,11
11,11
11,11
11,11
11,11
11,11
11,11
11,11
11,11
11,11
11,11
11,11
11,11
11,11
11,11
11,11
11,11
11,11
11,11
11,11
11,11
11,11
11,11
11,11
11,11
11,11
11,11
11,11
11,11
11,11
11,11
11,11
11,11
11,11
11,11
11,11
11,11
11,11
11,11
11,11
11,11
11,11
11,11
11,11
11,11
11,11
11,11
11,11
11,11
11,11
11,12
11,12
11,12
11,12
11,12
11,12
11,12
11,12
11,12
11,12
11,12
11,12
11,12
11,12
11,12
11,12
11,12
11,12
11,12
11,12
11,12
11,12
11,12
11,12
11,12
11,12
11,12
11,12
11,12
11,12
11,12
11,12
11,12
11,12
11,12
11,12
11,12
11,12
11,12
11,12
11,12
11,12
11,12
11,12
11,12
11,12
11,12
11,12
11,12
11,12
11,12
11,12
11,12
11,12
11,12
11,12
11,12
11,12
11,12
11,12
11,12
11,12
11,12
11,12
11,12
11,12
11,12
11,12
11,12
11,12
11,12
11,12
11,12
11,12
11,12
11,12
11,12
11,12
11,12
11,12
11,12
11,12
11,12
11,12
11,12
11,12
11,12
11,12
11,12
11,12
11,12
11,12
11,12
11,12
11,12
11,12
11,12
11,12
11,12
11,12
11,12
11,12
11,12
11,12
11,12
11,12
11,12
11,12
11,12
11,12
11,12
11,12
11,12
11,12
11,12
11,12
11,12
11,12
11,12
11,12
11,12
11,12
11,12
11,12
11,12
11,12
11,12
11,12
11,12
11,12
11,12
11,12
11,12
11,12
11,12
11,12
11,12
11,12
11,12
11,12
11,12
11,12
11,12
11,12
11,12
11,12
11,12
11,12
11,12
11,12
11,12
11,12
11,12
11,12
11,12
11,12
11,12
11,12
11,12
11,12
11,12
11,12
11,12
11,12
11,12
11,12
11,12
11,12
11,12
11,12
11,12
11,12
11,12
11,12
11,12
11,12
11,12
11,12
11,12
11,12
11,12
11,12
11,12
11,12
11,12
11,12
11,12
11,12
11,12
11,12
11,12
11,12
11,12
11,12
11,12
11,12
11,12
11,12
11,12
11,12
11,12
11,12
11,12
11,12
11,12
11,12
11,12
11,12
11,12
11,12
11,12
11,12
11,12
11,12
11,12
11,12
11,12
11,12
11,12
11,12
11,12
11,12
11,12
11,12
11,12
11,12
11,12
11,12
11,12
11,12
11,12
11,12
11,12
11,12
11,12
11,12
11,12
11,12
11,12
11,12
11,12
11,12
11,12
11,12
11,12
11,12
11,12
11,12
11,12
11,12
11,12
11,12
11,12
11,12
11,12
11,12
11,12
11,12
11,12
11,12
11,12
11,12
11,12
11,12
11,12
11,12
11,12
11,12
11,12
11,12
11,12
11,12
11,12
11,12
11,12
11,12
11,12
11,12
11,12
11,12
11,12
11,12
11,12
11,12
11,12
11,12
11,12
11,12
11,12
11,12
11,12
11,12
11,12
11,12
11,12
11,12
11,12
11,12
11,12
11,12
11,12
11,12
11,12
11,12
11,12
11,12
11,12
11,12
11,12
11,12
11,12
11,12
11,12
11,12
11,12
11,12
11,12
11,12
11,12
11,12
11,12
11,12
11,12
11,12
11,12
11,12
11,12
11,12
11,12
11,12
11,12
11,12
11,12
11,12
11,12
11,12
11,12
11,12
11,12
11,12
11,12
11,12
11,12
11,12
11,12
11,12
11,12
11,12
11,12
11,12
11,12
11,12
11,12
11,12
11,12
11,12
11,12
11,12
11,12
11,12
11,12
11,12
11,12
11,12
11,12
11,12
11,12
11,12
11,12
11,12
11,12
11,12
11,12
11,12
11,12
11,12
11,12
11,12
11,12
11,12
11,12
11,12
11,12
11,12
11,12
11,12
11,12
11,12
11,12
11,12
11,12
11,12
11,12
11,12
11,12
11,12
11,12
11,12
11,12
11,12
11,12
11,12
11,12
11,12
11,12
11,12
11,12
11,12
11,12
11,12
11,12
11,12
11,12
11,12
11,12
11,12
11,12
11,12
11,12
11,12
11,12
11,12
11,12
11,12
11,12
11,12
11,12
11,12
11,12
11,12
11,12
11,12
11,12
11,12
11,12
11,12
11,12
11,12
11,12
11,12
11,12
11,12
11,12
11,12
11,12
11,12
11,12
11,12
11,12
11,12
11,12
11,12
11,12
11,12
11,12
11,12
11,12
11,12
11,12
11,12
11,12
11,12
11,12
11,12
11,12
11,12
11,12
11,12
11,12
11,12
11,12
11,12
11,12
11,12
11,12
11,12
11,12
11,12
11,12
11,12
11,12
11,12
11,12
11,12
11,12
11,12
11,12
11,12
11,12
11,12
11,12
11,12
11,12
11,12
11,12
11,12
11,12
11,12
11,12
11,12
11,12
11,12
11,12
11,12
11,12
11,12
11,12
11,12
11,12
11,12
11,12
11,12
11,12
11,12
11,12
11,12
11,12
11,12
11,12
11,12
11,12
11,12
11,12
11,12
11,12
11,12
11,12
11,12
11,12
11,12
11,12
11,12
11,12
11,12
11,12
11,12
11,12
11,12
11,12
11,12
11,12
11,12
11,12
11,12
11,12
11,12
11,12
11,12
11,12
11,12
11,12
11,12
11,12
11,12
11,12
11,12
11,12
11,12
11,12
11,12
11,12
11,12
11,12
11,12
11,12
11,12
11,12
11,12
11,12
11,12
11,12
11,12
11,12
11,12
11,12
11,12
11,12
11,12
11,12
11,12
11,12
11,12
11,12
11,12
11,12
11,12
11,12
11,12
11,12
11,12
11,12
11,12
11,12
11,12
11,12
11,12
11,12
11,12
11,12
11,12
11,12
11,12
11,12
11,12
11,12
11,12
11,12
11,12
11,12
11,12
11,12
11,12
11,12
11,12
11,12
11,12
11,12
11,12
11,12
11,12
11,12
11,12
11,12
11,12
11,12
11,12
11,12
11,12
11,12
11,12
11,12
11,12
11,12
11,12
11,12
11,12
11,12
11,12
11,12
11,12
11,12
11,12
11,12
11,12
11,12
11,12
11,12
11,12
11,12
11,12
11,12
11,12
11,12
11,12
11,12
11,12
11,12
11,12
11,12
11,12
11,12
11,12
11,12
11,12
11,12
11,12
11,12
11,12
11,12
11,12
11,12
11,12
11,12
11,12
11,12
11,12
11,12
11,12
11,12
11,12
11,12
11,12
11,12
11,12
11,12
11,12
11,12
11,12
11,12
11,12
11,12
11,12
11,12
11,12
11,12
11,12
11,12
11,12
11,12
11,12
11,12
11,12
11,12
11,12
11,12
11,12
11,12
11,12
11,12
11,12
11,12
11,12
11,12
11,12
11,12
11,12
11,12
11,12
11,12
11,12
11,12
11,12
11,12
11,12
11,12
11,12
11,12
11,12
11,12
11,12
11,12
11,12
11,12
11,12
11,12
11,12
11,12
11,12
11,12
11,12
11,12
11,12
11,12
11,12
11,12
11,12
11,12
11,12
11,12
11,12
11,12
11,12
11,12
11,12
11,12
11,12
11,12
11,12
11,12
11,12
11,12
11,12
11,12
11,12
11,12
11,12
11,12
11,12
11,12
11,12
11,12
11,12
11,12
11,12
11,12
11,12
11,12
11,12
11,12
11,12
11,12
11,12
11,12
11,12
11,12
11,12
11,12
11,12
11,12
11,12
11,12
11,12
11,12
11,12
11,12
11,12
11,12
11,12
11,12
11,12
11,12
11,12
11,12
11,12
11,12
11,12
11,12
11,12
11,12
11,12
11,12
11,12
11,12
11,12
11,12
11,12
11,12
11,12
11,12
11,12
11,12
11,12
11,12
11,12
11,12
11,12
11,12
11,12
11,12
11,12
11,12
11,12
11,12
11,12
11,12
11,12
11,12
11,12
11,12
11,12
11,12
11,12
11,12
11,12
11,12
11,12
11,12
11,12
11,12
11,12
11,12
11,12
11,12
11,12
11,12
11,12
11,12
11,12
11,12
11,12
11,12
11,12
11,12
11,12
11,12
11,12
11,12
11,12
11,12
11,12
11,12
11,12
11,12
11,12
11,12
11,12
11,12
11,12
11,12
11,12
11,12
11,12
11,12
11,12
11,12
11,12
11,12
11,12
11,12
11,12
11,12
11,12
11,12
11,12
11,12
11,12
11,12
11,12
11,12
11,12
11,12
11,12
11,12
11,12
11,12
11,12
11,12
11,12
11,12
11,12
11,12
11,12
11,12
11,12
11,12
11,12
11,12
11,12
11,12
11,12
11,12
11,12
11,12
11,12
11,12
11,12
11,12
11,12
11,12
11,12
11,12
11,12
11,12
11,12
11,12
11,12
11,12
11,12
11,12
11,12
11,12
11,12
11,12
11,12
11,12
11,12
11,12
11,12
11,12
11,12
11,12
11,12
11,12
11,12
11,12
11,12
11,12
11,12
11,12
11,12
11,12
11,12
11,12
11,12
11,12
11,12
11,12
11,12
11,12
11,12
11,12
11,12
11,12
11,12
11,12
11,12
11,12
11,12
11,12
11,12
11,12
11,12
11,12
11,12
11,12
11,12
11,12
11,12
11,12
11,12
11,12
11,12
11,12
11,12
11,12
11,12
11,12
11,12
11,12
11,12
11,12
11,12
11,12
11,12
11,12
11,12
11,12
11,12
11,12
11,12
11,12
11,12
11,12
11,12
11,12
11,12
11,12
11,12
11,12
11,12
11,12
11,12
11,12
11,12
11,12
11,12
11,12
11,12
11,12
11,12
11,12
11,12
11,12
11,12
11,12
11,12
11,12
11,12
11,12
11,12
11,12
11,12
11,12
11,12
11,12
11,12
11,12
11,12
11,12
11,12
11,12
11,12
11,12
11,12
11,12
11,12
11,12
11,12
11,12
11,12
11,12
11,12
11,12
11,12
11,12
11,12
11,12
11,12
11,12
11,12
11,12
11,12
11,12
11,12
11,12
11,12
11,12
11,12
11,12
11,12
11,12
11,12
11,12
11,12
11,12
11,12
11,12
11,12
11,12
11,12
11,12
11,12
11,12
11,12
11,12
11,12
11,12
11,12
11,12
11,12
11,12
11,12
11,12
11,12
11,12
11,12
11,12
11,12
11,12
11,12
11,12
11,12
11,12
11,12
11,12
11,12
11,12
11,12
11,12
11,12
11,12
11,12
11,12
11,12
11,12
11,12
11,12
11,12
11,12
11,12
11,12
11,12
11,12
11,12
11,12
11,12
11,12
11,12
11,12
11,12
11,12
11,12
11,12
11,12
11,12
11,12
11,12
11,12
11,12
11,12
11,12
11,12
11,12
11,12
11,12
11,12
11,12
11,12
11,12
11,12
11,12
11,12
11,12
11,12
11,12
11,12
11,12
11,12
11,12
11,12
11,12
11,12
11,12
11,12
11,12
11,12
11,12
11,12
11,12
11,12
11,12
11,12
11,12
11,12
11,12
11,12
11,12
11,12
11,12
11,12
11,12
11,12
11,12
11,12
11,12
11,12
11,12
11,12
11,12
11,12
11,12
11,12
11,12
11,12
11,12
11,12
11,12
11,12
11,12
11,12
11,12
11,12
11,12
11,12
11,12
11,12
11,12
11,12
11,12
11,12
11,12
11,12
11,12
11,12
11,12
11,12
11,12
11,12
11,12
11,12
11,12
11,12
11,12
11,12
11,12
11,12
11,12
11,12
11,12
11,12
11,12
11,12
11,12
11,12
11,12
11,12
11,12
11,12
11,12
11,12
11,12
11,12
11,12
11,12
11,12
11,12
11,12
11,12
11,12
11,12
11,12
11,12
11,12
11,12
11,12
11,12
11,12
11,12
11,12
11,12
11,12
11,12
11,12
11,12
11,12
11,12
11,12
11,12
11,12
11,12
11,12
11,12
11,12
11,12
11,12
11,12
11,12
11,12
11,12
11,12
11,12
11,12
11,12
11,12
11,12
11,12
11,12
11,12
11,12
11,12
11,12
11,12
11,12
11,12
11,12
11,12
11,12
11,12
11,12
11,12
11,12
11,12
11,12
11,12
11,12
11,12
11,12
11,12
11,12
11,12
11,12
11,12
11,12
11,12
11,12
11,12
11,12
11,12
11,12
11,12
11,12
11,12
11,12
11,12
11,12
11,12
11,12
11,12
11,12
11,12
11,12
11,12
11,12
11,12
11,12
11,12
11,12
11,12
11,12
11,12
11,12
11,12
11,12
11,12
11,12
11,12
11,12
11,12
11,12
11,12
11,12
11,12
11,12
11,12
11,12
11,12
11,12
11,12
11,12
11,12
11,12
11,12
11,12
11,12
11,12
11,12
11,12
11,12
11,12
11,12
11,12
11,12
11,12
11,12
11,12
11,12
11,12
11,12
11,12
11,12
11,12
11,12
11,12
11,12
11,12
11,12
11,12
11,12
11,12
11,12
11,12
11,12
11,12
11,12
11,12
11,12
11,12
11,12
11,12
11,12
11,12
11,12
11,12
11,12
11,12
11,12
11,12
11,12
11,12
11,12
11,12
11,12
11,12
11,12
11,12
11,12
11,12
11,12
11,12
11,12
11,12
11,12
11,12
11,12
11,12
11,12
11,12
11,12
11,12
11,12
11,12
11,12
11,12
11,12
11,12
11,12
11,12
11,12
11,12
11,12
11,12
11,12
11,12
11,12
11,12
11,12
11,12
11,12
11,12
11,12
11,12
11,12
11,12
11,12
11,12
11,12
11,12
11,12
11,12
11,12
11,12
11,12
11,12
11,12
11,12
11,12
11,12
11,12
11,12
11,12
11,12
11,12
11,12
11,12
11,12
11,12
11,12
11,12
11,12
11,12
11,12
11,12
11,12
11,12
11,12
11,12
11,12
11,12
11,12
11,12
11,12
11,12
11,12
11,12
11,12
11,12
11,12
11,12
11,12
11,12
11,12
11,12
11,12
11,12
11,12
11,12
11,12
11,12
11,12
11,12
11,12
11,12
11,12
11,12
11,12
11,12
11,12
11,12
11,12
11,12
11,12
11,12
11,12
11,12
11,12
11,12
11,12
11,12
11,12
11,12
11,12
11,12
11,12
11,12
11,12
11,12
11,12
11,12
11,12
11,12
11,12
11,12
11,12
11,12
11,12
11,12
11,12
11,12
11,12
11,12
11,12
11,12
11,12
11,12
11,12
11,12
11,12
11,12
11,12
11,12
11,12
11,12
11,12
11,12
11,12
11,12
11,12
11,12
11,12
11,12
11,12
11,12
11,12
11,12
11,12
11,12
11,12
11,12
11,12
11,12
11,12
11,12
11,12
11,12
11,12
11,12
11,12
11,12
11,12
11,12
11,12
11,12
11,12
11,12
11,12
11,12
11,12
11,12
11,12
11,12
11,12
11,12
11,12
11,12
11,12
11,12
11,12
11,12
11,12
11,12
11,12
11,12
11,12
11,12
11,12
11,12
11,12
11,12
11,12
11,12
11,12
11,12
11,12
11,12
11,12
11,12
11,12
11,12
11,12
11,12
11,12
11,12
11,12
11,12
11,12
11,12
11,12
11,12
11,12
11,12
11,12
11,12
11,12
11,12
11,12
11,12
11,12
11,12
11,12
11,12
11,12
11,12
11,12
11,12
11,12
11,12
11,12
11,12
11,12
11,12
11,12
11,12
11,12
11,12
11,12
11,12
11,12
11,12
11,12
11,12
11,12
11,12
11,12
11,12
11,12
11,12
11,12
11,12
11,12
11,12
11,12
11,12
11,12
11,12
11,12
11,12
11,12
11,12
11,12
11,12
11,12
11,12
11,12
11,12
11,12
11,12
11,12
11,12
11,12
11,12
11,12
11,12
11,12
11,12
11,12
11,12
11,12
11,12
11,12
11,12
11,12
11,12
11,12
11,12
11,12
11,12
11,12
11,12
11,12
11,12
11,12
11,12
11,12
11,12
11,12
11,12
11,12
11,12
11,12
11,12
11,12
11,12
11,12
11,12
11,12
11,12
11,12
11,12
11,12
11,12
11,12
11,12
11,12
11,12
11,12
11,12
11,12
11,12
11,12
11,12
11,12
11,12
11,12
11,12
11,12
11,12
11,12
11,12
11,12
11,12
11,12
11,12
11,12
11,12
11,12
11,12
11,12
11,12
11,12
11,12
11,12
11,12
11,12
11,12
11,12
11,12
11,12
11,12
11,12
11,12
11,12
11,12
11,12
11,12
11,12
11,12
11,12
11,12
11,12
11,12
11,12
11,12
11,12
11,12
11,12
11,12
11,12
11,12
11,12
11,12
11,12
11,12
11,12
11,12
11,12
11,12
11,12
11,12
11,12
11,12
11,12
11,12
11,12
11,12
11,12
11,12
11,12
11,12
11,12
11,12
11,12
11,12
11,12
11,12
11,12
11,12
11,12
11,12
11,12
11,12
11,12
11,12
11,12
11,12
11,12
11,12
11,12
11,12
11,12
11,12
11,12
11,12
11,12
11,12
11,12
11,12
11,12
11,12
11,12
11,12
11,12
11,12
11,12
11,12
11,12
11,12
11,12
11,12
11,12
11,12
11,12
11,12
11,12
11,12
11,12
11,12
11,12
11,12
11,12
11,12
11,12
11,12
11,12
11,12
11,12
11,12
11,12
11,12
11,12
11,12
11,12
11,12
11,12
11,12
11,12
11,12
11,12
11,12
11,12
11,12
11,12
11,12
11,12
11,12
11,12
11,12
11,12
11,12
11,12
11,12
11,12
11,12
11,12
11,12
11,12
11,12
11,12
11,12
11,12
11,12
11,12
11,12
11,12
11,12
11,12
11,12
11,12
11,12
11,12
11,12
11,12
11,12
11,12
11,12
11,12
11,12
11,12
11,12
11,12
11,12
11,12
11,12
11,12
11,12
11,12
11,12
11,12
11,12
11,12
11,12
11,12
11,12
11,12
11,12
11,12
11,12
11,12
11,12
11,12
11,12
11,12
11,12
11,12
11,12
11,12
11,12
11,12
11,12
11,12
11,12
11,12
11,12
11,12
11,12
11,12
11,12
11,12
11,12
11,12
11,12
11,12
11,12
11,12
11,12
11,12
11,12
11,12
11,12
11,12
11,12
11,12
11,12
11,12
11,12
11,12
11,12
11,12
11,12
11,12
11,12
11,12
11,12
11,12
11,12
11,12
11,12
11,12
11,12
11,12
11,12
11,12
11,12
11,12
11,12
11,12
11,12
11,12
11,12
11,12
11,12
11,12
11,12
11,12
11,12
11,12
11,12
11,12
11,12
11,12
11,12
11,12
11,12
11,12
11,12
11,12
11,12
11,12
11,12
11,12
11,12
11,12
11,12
11,12
11,12
11,12
11,12
11,12
11,12
11,12
11,12
11,12
11,12
11,12
11,12
11,12
11,12
11,12
11,12
11,12
11,12
11,12
11,12
11,12
11,12
11,12
11,12
11,12
11,12
11,12
11,12
11,12
11,12
11,12
11,12
11,12
11,12
11,12
11,12
11,12
11,12
11,12
11,12
11,12
11,12
11,12
11,12
11,12
11,12
11,12
11,12
11,12
11,12
11,12
11,12
11,12
11,12
11,12
11,12
11,12
11,12
11,12
11,12
11,12
11,12
11,12
11,12
11,12
11,12
11,12
11,12
11,12
11,12
11,12
11,12
11,12
11,12
11,12
11,12
11,12
11,12
11,12
11,12
11,12
11,12
11,12
11,12
11,12
11,12
11,12
11,12
11,12
11,12
11,12
11,12
11,12
11,12
11,12
11,12
11,12
11,12
11,12
11,12
11,12
11,12
11,12
11,12
11,12
11,12
11,12
11,12
11,12
11,12
11,12
11,12
11,12
11,12
11,12
11,12
11,12
11,12
11,12
11,12
11,12
11,12
11,12
11,12
11,12
11,12
11,12
11,12
11,12
11,12
11,12
11,12
11,12
11,12
11,12
11,12
11,12
11,12
11,12
11,12
11,12
11,12
11,12
11,12
11,12
11,12
11,12
11,12
11,12
11,12
11,12
11,12
11,12
11,12
11,12
11,12
11,12
11,12
11,12
11,12
11,12
11,12
11,12
11,12
11,12
11,12
11,12
11,12
11,12
11,12
11,12
11,12
11,12
11,12
11,12
11,12
11,12
11,12
11,12
11,12
11,12
11,12
11,12
11,12
11,12
11,12
11,12
11,12
11,12
11,12
11,12
11,12
11,12
11,12
11,12
11,12
11,12
11,12
11,12
11,12
11,12
11,12
11,12
11,12
11,12
11,12
11,12
11,12
11,12
11,12
11,12
11,12
11,12
11,12
11,12
11,12
11,12
11,12
11,12
11,12
11,12
11,12
11,12
11,12
11,12
11,12
11,12
11,12
11,12
11,12
11,12
11,12
11,12
11,12
11,12
11,12
11,12
11,12
11,12
11,12
11,12
11,12
11,12
11,12
11,12
11,12
11,12
11,12
11,12
11,12
11,12
11,12
11,12
11,12
11,12
11,12
11,12
11,12
11,12
11,12
11,12
11,12
11,12
11,12
11,12
11,12
11,12
11,12
11,12
11,12
11,12
11,12
11,12
11,12
11,12
11,12
11,12
11,12
11,12
11,12
11,12
11,12
11,12
11,12
11,12
11,12
11,12
11,12
11,12
11,12
11,12
11,12
11,12
11,12
11,12
11,12
11,12
11,12
11,12
11,12
11,12
11,12
11,12
11,12
11,12
11,12
11,12
12,12
12,12
12,12
12,12
12,12
12,12
12,12
12,12
12,12
12,12
12,12
12,12
12,12
12,12
12,12
12,12
12,12
12,12
12,12
12,12
12,12
12,12
12,12
12,12
12,12
12,12
12,12
12,12
12,12
12,12
12,12
12,12
12,12
12,12
12,12
12,12
12,12
12,12
12,12
12,12
12,12
12,12
12,12
12,12
12,12
12,12
12,12
12,12
12,12
12,12
12,12
12,12
12,12
12,12
12,12
12,12
12,12
12,12
12,12
12,12
12,12
12,12
12,12
12,12
12,12
12,12
12,12
12,12
12,12
12,12
12,12
12,12
12,12
12,12
12,12
12,12
12,12
12,12
12,12
12,12
12,12
12,12
12,12
12,12
12,12
12,12
12,12
12,12
12,12
12,12
12,12
12,12
12,12
12,12
12,12
12,12
12,12
12,12
12,12
12,12
12,12
12,12
12,12
12,12
12,12
12,12
12,12
12,12
12,12
12,12
12,12
12,12
12,12
12,12
12,12
12,12
12,12
12,12
12,12
12,12
12,12
12,12
12,12
12,12
12,12
12,12
12,12
12,12
12,12
12,12
12,12
12,12
12,12
12,12
12,12
12,12
12,12
12,12
12,12
12,12
12,12
12,12
12,12
12,12
12,12
12,12
12,12
12,12
12,12
12,12
12,12
12,12
12,12
12,12
12,12
12,12
12,12
12,12
12,12
12,12
12,12
12,12
12,12
12,12
12,12
12,12
12,12
12,12
12,12
12,12
12,12
12,12
12,12
12,12
12,12
12,12
12,12
12,12
12,12
12,12
12,12
12,12
12,12
12,12
12,12
12,12
12,12
12,12
12,12
12,12
12,12
12,12
12,12
12,12
12,12
12,12
12,12
12,12
12,12
12,12
12,12
12,12
12,12
12,12
12,12
12,12
12,12
12,12
12,12
12,12
12,12
12,12
12,12
12,12
12,12
12,12
12,12
12,12
12,12
12,12
12,12
12,12
12,12
12,12
12,12
12,12
12,12
12,12
12,12
12,12
12,12
12,12
12,12
12,12
12,12
12,12
12,12
12,12
12,12
12,12
12,12
12,12
12,12
12,12
12,12
12,12
12,12
12,12
12,12
12,12
12,12
12,12
12,12
12,12
12,12
12,12
12,12
12,12
12,12
12,12
12,12
12,12
12,12
12,12
12,12
12,12
12,12
12,12
12,12
12,12
12,12
12,12
12,12
12,12
12,12
12,12
12,12
12,12
12,12
12,12
12,12
12,12
12,12
12,12
12,12
12,12
12,12
12,12
12,12
12,12
12,12
12,12
12,12
12,12
12,12
12,12
12,12
12,12
12,12
12,12
12,12
12,12
12,12
12,12
12,12
12,12
12,12
12,12
12,12
12,12
12,12
12,12
12,12
12,12
12,12
12,12
12,12
12,12
12,12
12,12
12,12
12,12
12,12
12,12
12,12
12,12
12,12
12,12
12,12
12,12
12,12
12,12
12,12
12,12
12,12
12,12
12,12
12,12
12,12
12,12
12,12
12,12
12,12
12,12
12,12
12,12
12,12
12,12
12,12
12,12
12,12
12,12
12,12
12,12
12,12
12,12
12,12
12,12
12,12
12,12
12,12
12,12
12,12
12,12
12,12
12,12
12,12
12,12
12,12
12,12
12,12
12,12
12,12
12,12
12,12
12,12
12,12
12,12
12,12
12,12
12,12
12,12
12,12
12,12
12,12
12,12
12,12
12,12
12,12
12,12
12,12
12,12
12,12
12,12
12,12
12,12
12,12
12,12
12,12
12,12
12,12
12,12
12,12
12,12
12,12
12,12
12,12
12,12
12,12
12,12
12,12
12,12
12,12
12,12
12,12
12,12
12,12
12,12
12,12
12,12
12,12
12,12
12,12
12,12
12,12
12,12
12,12
12,12
12,12
12,12
12,12
12,12
12,12
12,12
12,12
12,12
12,12
12,12
12,12
12,12
12,12
12,12
12,12
12,12
12,12
12,12
12,12
12,12
12,12
12,12
12,12
12,12
12,12
12,12
12,12
12,12
12,12
12,12
12,12
12,12
12,12
12,12
12,12
12,12
12,12
12,12
12,12
12,12
12,12
12,12
12,12
12,12
12,12
12,12
12,12
12,12
12,12
12,12
12,12
12,12
12,12
12,12
12,12
12,12
12,12
12,12
12,12
12,12
12,12
12,12
12,12
12,12
12,12
12,12
12,12
12,12
12,12
12,12
12,12
12,12
12,12
12,12
12,12
12,12
12,12
12,12
12,12
12,12
12,12
12,12
12,12
12,12
12,12
12,12
12,12
12,12
12,12
12,12
12,12
12,12
12,12
12,12
12,12
12,12
12,12
12,12
12,12
12,12
12,12
12,12
12,12
12,12
12,12
12,12
12,12
12,12
12,12
12,12
12,12
12,12
12,12
12,12
12,12
12,12
12,12
12,12
12,12
12,12
12,12
12,12
12,12
12,12
12,12
12,12
12,12
12,12
12,12
12,12
12,12
12,12
12,12
12,12
12,12
12,12
12,12
12,12
12,12
12,12
12,12
12,12
12,12
12,12
12,12
12,12
12,12
12,12
12,12
12,12
12,12
12,12
12,12
12,12
12,12
12,12
12,12
12,12
12,12
12,12
12,12
12,12
12,12
12,12
12,12
12,12
12,12
12,12
12,12
12,12
12,12
12,12
12,12
12,12
12,12
12,12
12,12
12,12
12,12
12,12
12,12
12,12
12,12
12,12
12,12
12,12
12,12
12,12
12,12
12,12
12,12
12,12
12,12
12,12
12,12
12,12
12,12
12,12
12,12
12,12
12,12
12,12
12,12
12,12
12,12
12,12
12,12
12,12
12,12
12,12
12,12
12,12
12,12
12,12
12,12
12,12
12,12
12,12
12,12
12,12
12,12
12,12
12,12
12,12
12,12
12,12
12,12
12,12
12,12
12,12
12,12
12,12
12,12
12,12
12,12
12,12
12,12
12,12
12,12
12,12
12,12
12,12
12,12
12,12
12,12
12,12
12,12
12,12
12,12
12,12
12,12
12,12
12,12
12,12
12,12
12,12
12,12
12,12
12,12
12,12
12,12
12,12
12,12
12,12
12,12
12,12
12,12
12,12
12,12
12,12
12,12
12,12
12,12
12,12
12,12
12,12
12,12
12,12
12,12
12,12
12,12
12,12
12,12
12,12
12,12
12,12
12,12
12,12
12,12
12,12
12,12
12,12
12,12
12,12
12,12
12,12
12,12
12,12
12,12
12,12
12,12
12,12
12,12
12,12
12,12
12,12
12,12
12,12
12,12
12,12
12,12
12,12
12,12
12,12
12,12
12,12
12,12
12,12
12,12
12,12
12,12
12,12
12,12
12,12
12,12
12,12
12,12
12,12
12,12
12,12
12,12
12,12
12,12
12,12
12,12
12,12
12,12
12,12
12,12
12,12
12,12
12,12
12,12
12,12
12,12
12,12
12,12
12,12
12,12
12,12
12,12
12,12
12,12
12,12
12,12
12,12
12,12
12,12
12,12
12,12
12,12
12,12
12,12
12,12
12,12
12,12
12,12
12,12
12,12
12,12
12,12
12,12
12,12
12,12
12,12
12,12
12,12
12,12
12,12
12,12
12,12
12,12
12,12
12,12
12,12
12,12
12,12
12,12
12,12
12,12
12,12
12,12
12,12
12,12
12,12
12,12
12,12
12,12
12,12
12,12
12,12
12,12
12,12
12,12
12,12
12,12
12,12
12,12
12,12
12,12
12,12
12,12
12,12
12,12
12,12
12,12
12,12
12,12
12,12
12,12
12,12
12,12
12,12
12,12
12,12
12,12
12,12
12,12
12,12
12,12
12,12
12,12
12,12
12,12
12,12
12,12
12,12
12,12
12,12
12,12
12,12
12,12
12,12
12,12
12,12
12,12
12,12
12,12
12,12
12,12
12,12
12,12
12,12
12,12
12,12
12,12
12,12
12,12
12,12
12,12
12,12
12,12
12,12
12,12
12,12
12,12
12,12
12,12
12,12
12,12
12,12
12,12
12,12
12,12
12,12
12,12
12,12
12,12
12,12
12,12
12,12
12,12
12,12
12,12
12,12
12,12
12,12
12,12
12,12
12,12
12,12
12,12
12,12
12,12
12,12
12,12
12,12
12,12
12,12
12,12
12,12
12,12
12,12
12,12
12,12
12,12
12,12
12,12
12,12
12,12
12,12
12,12
12,12
12,12
12,12
12,12
12,12
12,12
12,12
12,12
12,12
12,12
12,12
12,12
12,12
12,12
12,12
12,12
12,12
12,12
12,12
12,12
12,12
12,12
12,12
12,12
12,12
12,12
12,12
12,12
12,12
12,12
12,12
12,12
12,12
12,12
12,12
12,12
12,12
12,12
12,12
12,12
12,12
12,12
12,12
12,12
12,12
12,12
12,12
12,12
12,12
12,12
12,12
12,12
12,12
12,12
12,12
12,12
12,12
12,12
12,12
12,12
12,12
12,12
12,12
12,12
12,12
12,12
12,12
12,12
12,12
12,12
12,12
12,12
12,12
12,12
12,12
12,12
12,12
12,12
12,12
12,12
12,12
12,12
12,12
12,12
12,12
12,12
12,12
12,12
12,12
12,12
12,12
12,12
12,12
12,12
12,12
12,12
12,12
12,12
12,12
12,12
12,12
12,12
12,12
12,12
12,12
12,12
12,12
12,12
12,12
12,12
12,12
12,12
12,12
12,12
12,12
12,12
12,12
12,12
12,12
12,12
12,12
12,12
12,12
12,12
12,12
12,12
12,12
12,12
12,12
12,12
12,12
12,12
12,12
12,12
12,12
12,12
12,12
12,12
12,12
12,12
12,12
12,12
12,12
12,12
12,12
12,12
12,12
12,12
12,12
12,12
12,12
12,12
12,12
12,12
12,12
12,12
12,12
12,12
12,12
12,12
12,12
12,12
12,12
12,12
12,12
12,12
12,12
12,12
12,12
12,12
12,12
12,12
12,12
12,12
12,12
12,12
12,12
12,12
12,12
12,12
12,12
12,12
12,12
12,12
12,12
12,12
12,12
12,12
12,12
12,12
12,12
12,12
12,12
12,12
12,12
12,12
12,12
12,12
12,12
12,12
12,12
12,12
12,12
12,12
12,12
12,12
12,12
12,12
12,12
12,12
12,12
12,12
12,12
12,12
12,12
12,12
12,12
12,12
12,12
12,12
12,12
12,12
12,12
12,12
12,12
12,12
12,12
12,12
12,12
12,12
12,12
12,12
12,12
12,12
12,12
12,12
12,12
12,12
12,12
12,12
12,12
12,12
12,12
12,12
12,12
12,12
12,12
12,12
12,12
12,12
12,12
12,12
12,12
12,12
12,12
12,12
12,12
12,12
12,12
12,12
12,12
12,12
12,12
12,12
12,12
12,12
12,12
12,12
12,12
12,12
12,12
12,12
12,12
12,12
12,12
12,12
12,12
12,12
12,12
12,12
12,12
12,12
12,12
12,12
12,12
12,12
12,12
12,12
12,12
12,12
12,12
12,12
12,12
12,12
12,12
12,12
12,12
12,12
12,12
12,12
12,12
12,12
12,12
12,12
12,12
12,12
12,12
12,12
12,12
12,12
12,12
12,12
12,12
12,12
12,12
12,12
12,12
12,12
12,12
12,12
12,12
12,12
12,12
12,12
12,12
12,12
12,12
12,12
12,12
12,12
12,12
12,12
12,12
12,12
12,12
12,12
12,12
12,12
12,12
12,12
12,12
12,12
12,12
12,12
12,12
12,12
12,12
12,12
12,12
12,12
12,12
12,12
12,12
12,12
12,12
12,12
12,12
12,12
12,12
12,12
12,12
12,12
12,12
12,12
12,12
12,12
12,12
12,12
12,12
12,12
12,12
12,12
12,12
12,12
12,12
12,12
12,12
12,12
12,12
12,12
12,12
12,12
12,12
12,12
12,12
12,12
12,12
12,12
12,12
12,12
12,12
12,12
12,12
12,12
12,12
12,12
12,12
12,12
12,12
12,12
12,12
12,12
12,12
12,12
12,12
12,12
12,12
12,12
12,12
12,12
12,12
12,12
12,12
12,12
12,12
12,12
12,12
12,12
12,12
12,12
12,12
12,12
12,12
12,12
12,12
12,12
12,12
12,12
12,12
12,12
12,12
12,12
12,12
12,12
12,12
12,12
12,12
12,12
12,12
12,12
12,12
12,12
12,12
12,12
12,12
12,12
12,12
12,12
12,12
12,12
12,12
12,12
12,12
12,12
12,12
12,12
12,12
12,12
12,12
12,12
12,12
12,12
12,12
12,12
12,12
12,12
12,12
12,12
12,12
12,12
12,12
12,12
12,12
12,12
12,12
12,12
12,12
12,12
12,12
12,12
12,12
12,12
12,12
12,12
12,12
12,12
12,12
12,12
12,12
12,12
12,12
12,12
12,12
12,12
12,12
12,12
12,12
12,12
12,12
12,12
12,12
12,12
12,12
12,12
12,12
12,12
12,12
12,12
12,12
12,12
12,12
12,12
12,12
12,12
12,12
12,12
12,12
12,12
12,12
12,12
12,12
12,12
12,12
12,12
12,12
12,12
12,12
12,12
12,12
12,12
12,12
12,12
12,12
12,12
12,12
12,12
12,12
12,12
12,12
12,12
12,12
12,12
12,12
12,12
12,12
12,12
12,12
12,12
12,12
12,12
12,12
12,12
12,12
12,12
12,12
12,12
12,12
12,12
12,12
12,12
12,12
12,12
12,12
12,12
12,12
12,12
12,12
12,12
12,12
12,12
12,12
12,12
12,12
12,12
12,12
12,12
12,12
12,12
12,12
12,12
12,12
12,12
12,12
12,12
12,12
12,12
12,12
12,12
12,12
12,12
12,12
12,12
12,12
12,12
12,12
12,12
12,12
12,12
12,12
12,12
12,12
12,12
12,12
12,12
12,12
12,12
12,12
12,12
12,12
12,12
12,12
12,12
12,12
12,12
12,12
12,12
12,12
12,12
12,12
12,12
12,12
12,12
12,12
12,12
12,12
12,12
12,12
12,12
12,12
12,12
12,12
12,12
12,12
12,12
12,12
12,12
12,12
12,12
12,12
12,12
12,12
12,12
12,12
12,12
12,12
12,12
12,12
12,12
12,12
12,12
12,12
12,12
12,12
12,12
12,12
12,12
12,12
12,12
12,12
12,12
12,12
12,12
12,12
12,12
12,12
12,12
12,12
12,12
12,12
12,12
12,12
12,12
12,12
12,12
12,12
12,12
12,12
12,12
12,12
12,12
12,12
12,12
12,12
12,12
12,12
12,12
12,12
12,12
12,12
12,12
12,12
12,12
12,12
12,12
12,12
12,12
12,12
12,12
12,12
12,12
12,12
12,12
12,12
12,12
12,12
12,12
12,12
12,12
12,12
12,12
12,12
12,12
12,12
12,12
12,12
12,12
12,12
12,12
12,12
12,12
12,12
12,12
12,12
12,12
12,12
12,12
12,12
12,12
12,12
12,12
12,12
12,12
12,12
12,12
12,12
12,12
12,12
12,12
12,12
12,12
12,12
12,12
12,12
12,12
12,12
12,12
12,12
12,12
12,12
12,12
12,12
12,12
12,12
12,12
12,12
12,12
12,12
12,12
12,12
12,12
12,12
12,12
12,12
12,12
12,12
12,12
12,12
12,12
12,12
12,12
12,12
12,12
12,12
12,12
12,12
12,12
12,12
12,12
12,12
12,12
12,12
12,12
12,12
12,12
12,12
12,12
12,12
12,12
12,12
12,12
12,12
12,12
12,12
12,12
12,12
12,12
12,12
12,12
12,12
12,12
12,12
12,12
12,12
12,12
12,12
12,12
12,12
12,12
12,12
12,12
12,12
12,12
12,12
12,12
12,12
12,12
12,12
12,12
12,12
12,12
12,12
12,12
12,12
12,12
12,12
12,12
12,12
12,12
12,12
12,12
12,12
12,12
12,12
12,12
12,12
12,12
12,12
12,12
12,12
12,12
12,12
12,12
12,12
12,12
12,12
12,12
12,12
12,12
12,12
12,12
12,12
12,12
12,12
12,12
12,12
12,12
12,12
12,12
12,12
12,12
12,12
12,12
12,12
12,12
12,12
12,12
12,12
12,12
12,12
12,12
12,12
12,12
12,12
12,12
12,12
12,12
12,12
12,12
12,12
12,12
12,12
12,12
12,12
12,12
12,12
12,12
12,12
12,12
12,12
12,12
12,12
12,12
12,12
12,12
12,12
12,12
12,12
12,12
12,12
12,12
12,12
12,12
12,12
12,12
12,12
12,12
12,12
12,12
12,12
12,12
12,12
12,12
12,12
12,12
12,12
12,12
12,12
12,12
12,12
12,12
12,12
12,12
12,12
12,12
12,12
12,12
12,12
12,12
12,12
12,12
12,12
12,12
12,12
12,12
12,12
12,12
12,12
12,12
12,12
12,12
12,12
12,12
12,12
12,12
12,12
12,12
12,12
12,12
12,12
12,12
12,12
12,12
12,12
12,12
12,12
12,12
12,12
12,12
12,12
12,12
12,12
12,12
12,12
12,12
12,12
12,12
12,12
12,12
12,12
12,12
12,12
12,12
12,12
12,12
12,12
12,12
12,12
12,12
12,12
12,12
12,12
12,12
12,12
12,12
12,12
12,12
12,12
12,12
12,12
12,12
12,12
12,12
12,12
12,12
12,12
12,12
12,12
12,12
12,12
12,12
12,12
12,12
12,12
12,12
12,12
12,12
12,12
12,12
12,12
12,12
12,12
12,12
12,12
12,12
12,12
12,12
12,12
12,12
12,12
12,12
12,12
12,12
12,12
12,12
12,12
12,12
12,12
12,12
12,12
12,12
12,12
12,12
12,12
12,12
12,12
12,12
12,12
12,12
12,12
12,12
12,12
12,12
12,12
12,12
12,12
12,12
12,12
12,12
12,12
12,12
12,12
12,12
12,12
12,12
12,12
12,12
12,12
12,12
12,12
12,12
12,12
12,12
12,12
12,12
12,12
12,12
12,12
12,12
12,12
12,12
12,12
12,12
12,12
12,12
12,12
12,12
12,12
12,12
12,12
12,12
12,12
12,12
12,12
12,12
12,12
12,12
12,12
12,12
12,12
12,12
12,12
12,12
12,12
12,12
12,12
12,12
12,12
12,12
12,12
12,12
12,12
12,12
12,12
12,12
12,12
12,12
12,12
12,12
12,12
12,12
12,12
12,12
12,12
12,12
12,12
12,12
12,12
12,12
12,12
12,12
12,12
12,12
12,12
12,12
12,12
12,12
12,12
12,12
12,12
12,12
12,12
12,12
12,12
12,12
12,12
12,12
12,12
12,12
12,12
12,12
12,12
12,12
12,12
12,12
12,12
12,12
12,12
12,12
12,12
12,12
12,12
12,12
12,12
12,12
12,12
12,12
12,12
12,12
12,12
12,12
12,12
12,12
12,12
12,12
12,12
12,12
12,12
12,12
12,12
12,12
12,12
12,12
12,12
12,12
12,12
12,12
12,12
12,12
12,12
12,12
12,12
12,12
12,12
12,12
12,12
12,12
12,12
12,12
12,12
12,12
12,12
12,12
12,12
12,12
12,12
12,12
12,12
12,12
12,12
12,12
12,12
12,12
12,12
12,12
12,12
12,12
12,12
12,12
12,12
12,12
12,12
12,12
12,12
12,12
12,12
12,12
12,12
12,12
12,12
12,12
12,12
12,12
12,12
12,12
12,12
12,12
12,12
12,12
12,12
12,12
12,12
12,12
12,12
12,12
12,12
12,12
12,12
12,12
12,12
12,12
12,12
12,12
12,12
12,12
12,12
12,12
12,12
12,12
12,12
12,12
12,12
12,12
12,12
12,12
12,12
12,12
12,12
12,12
12,12
12,12
12,12
12,12
12,12
12,12
12,12
12,12
12,12
12,12
12,12
12,12
12,12
12,12
12,12
12,12
12,12
12,12
12,12
12,12
12,12
12,12
12,12
12,12
12,12
12,12
12,12
12,12
12,12
12,12
12,12
12,12
12,12
12,12
12,12
12,12
12,12
12,12
12,12
12,12
12,12
12,12
12,12
12,12
12,12
12,12
12,12
12,12
12,12
12,12
12,12
12,12
12,12
12,12
12,12
12,12
12,12
12,12
12,12
12,12
12,12
12,12
12,12
12,12
12,12
12,12
12,12
12,12
12,12
12,12
12,12
12,12
12,12
12,12
12,12
12,12
12,12
12,12
12,12
12,12
12,12
12,12
12,12
12,12
12,12
12,12
12,12
12,12
12,12
12,12
12,12
12,12
12,12
12,12
12,12
12,12
12,12
12,12
12,12
12,12
12,12
12,12
12,12
12,12
12,12
12,12
12,12
12,12
12,12
12,12
12,12
12,12
12,12
12,12
12,12
12,12
12,12
12,12
12,12
12,12
12,12
12,12
12,12
12,12
12,12
12,12
12,12
12,12
12,12
12,12
12,12
12,12
12,12
12,12
12,12
12,12
12,12
12,12
12,12
12,12
12,12
12,12
12,12
12,12
12,12
12,12
12,12
12,12
12,12
12,12
12,12
12,12
12,12
12,12
12,12
12,12
12,12
12,12
12,12
12,12
12,12
12,12
12,12
12,12
12,12
12,12
12,12
12,12
12,12
12,12
12,12
12,12
12,12
12,12
12,12
12,12
12,12
12,12
12,12
12,12
12,12
12,12
12,12
12,12
12,12
12,12
12,12
12,12
12,12
12,12
12,12
12,12
12,12
12,12
12,12
12,12
12,12
12,12
12,12
12,12
12,12
12,12
12,12
12,12
12,12
12,12
12,12
12,12
12,12
12,12
12,12
12,12
12,12
12,12
12,12
12,12
12,12
12,12
12,12
12,12
12,12
12,12
12,12
12,12
12,12
12,12
12,12
12,12
12,12
12,12
12,12
12,12
12,12
12,12
12,12
12,12
12,12
12,12
12,12
12,12
12,12
12,12
12,12
12,12
12,12
12,12
12,12
12,12
12,12
12,12
12,12
12,12
12,12
12,12
12,12
12,12
12,12
12,12
12,12
12,12
12,12
12,12
12,12
12,12
12,12
12,12
12,12
12,12
12,12
12,12
12,12
12,12
12,12
12,12
12,12
12,12
12,12
12,12
12,12
12,12
12,12
12,12
12,12
12,12
12,12
12,12
12,12
12,12
12,12
12,12
12,12
12,12
12,12
12,12
12,12
12,12
12,12
12,12
12,12
12,12
12,12
12,12
12,12
12,12
12,12
12,0
12,0
12,0
12,0
12,0
12,0
12,0
12,0
12,0
12,0
12,0
12,0
12,0
12,0
12,0
12,0
12,0
12,0
12,0
12,0
12,0
12,0
12,0
